CID;TABCD;LCD;INT_CID;INT_TABCD;INT_LCD
359;8;12319;359;8;14952
359;8;14952;359;8;12319
359;8;12323;359;8;14907
359;8;14907;359;8;14914
359;8;14914;359;8;12323
359;8;12324;359;8;14844
359;8;14844;359;8;12324
359;8;12309;359;8;12325
359;8;12325;359;8;12309
359;8;12265;359;8;12327
359;8;12327;359;8;12265
359;8;12330;359;8;13637
359;8;13637;359;8;12330
359;8;12331;359;8;13974
359;8;13974;359;8;12331
359;8;12333;359;8;14156
359;8;14156;359;8;14165
359;8;14165;359;8;12333
359;8;12334;359;8;15538
359;8;15538;359;8;12334
359;8;12335;359;8;14208
359;8;14208;359;8;12335
359;8;12336;359;8;13924
359;8;13924;359;8;12336
359;8;12337;359;8;13926
359;8;13926;359;8;12337
359;8;12282;359;8;12338
359;8;12338;359;8;12282
359;8;12341;359;8;13451
359;8;13451;359;8;12341
359;8;13638;359;8;13811
359;8;13811;359;8;13919
359;8;13919;359;8;13638
359;8;13632;359;8;13634
359;8;13634;359;8;13632
359;8;14916;359;8;14918
359;8;14918;359;8;14916
359;8;13399;359;8;13401
359;8;13401;359;8;13464
359;8;13464;359;8;13399
359;8;13418;359;8;13420
359;8;13420;359;8;13465
359;8;13465;359;8;13418
359;8;14533;359;8;14535
359;8;14535;359;8;14533
359;8;13559;359;8;13909
359;8;13909;359;8;13914
359;8;13914;359;8;15466
359;8;15466;359;8;13559
359;8;13573;359;8;13915
359;8;13915;359;8;13573
359;8;13588;359;8;13916
359;8;13916;359;8;13588
359;8;13642;359;8;13644
359;8;13644;359;8;13917
359;8;13917;359;8;13642
359;8;13651;359;8;13918
359;8;13918;359;8;14076
359;8;14076;359;8;13651
359;8;13922;359;8;13986
359;8;13986;359;8;13922
359;8;13925;359;8;14127
359;8;14127;359;8;13925
359;8;14949;359;8;14951
359;8;14951;359;8;14949
359;8;12054;359;8;12095
359;8;12095;359;8;12054
359;8;12523;359;8;12525
359;8;12525;359;8;12527
359;8;12527;359;8;12533
359;8;12533;359;8;12523
359;8;12535;359;8;12537
359;8;12537;359;8;12535
359;8;12401;359;8;12403
359;8;12403;359;8;12401
359;8;12409;359;8;12411
359;8;12411;359;8;12635
359;8;12635;359;8;12409
359;8;12491;359;8;12495
359;8;12495;359;8;12497
359;8;12497;359;8;15567
359;8;15567;359;8;12491
359;8;12443;359;8;12445
359;8;12445;359;8;12443
359;8;12539;359;8;12541
359;8;12541;359;8;12539
359;8;15569;359;8;15571
359;8;15571;359;8;15569
359;8;12413;359;8;12415
359;8;12415;359;8;12413
359;8;12421;359;8;12423
359;8;12423;359;8;12421
359;8;12473;359;8;12475
359;8;12475;359;8;12473
359;8;12351;359;8;12355
359;8;12355;359;8;12357
359;8;12357;359;8;12351
359;8;12395;359;8;12397
359;8;12397;359;8;12399
359;8;12399;359;8;12395
359;8;12507;359;8;12509
359;8;12509;359;8;12507
359;8;12369;359;8;12373
359;8;12373;359;8;12369
359;8;12501;359;8;12503
359;8;12503;359;8;12505
359;8;12505;359;8;12501
359;8;12375;359;8;12377
359;8;12377;359;8;12379
359;8;12379;359;8;12381
359;8;12381;359;8;12375
359;8;12359;359;8;12365
359;8;12365;359;8;12359
359;8;12345;359;8;12353
359;8;12353;359;8;12345
359;8;12405;359;8;12407
359;8;12407;359;8;12405
359;8;12425;359;8;12427
359;8;12427;359;8;12425
359;8;12417;359;8;12419
359;8;12419;359;8;12417
359;8;12465;359;8;12467
359;8;12467;359;8;12469
359;8;12469;359;8;12471
359;8;12471;359;8;12465
359;8;12515;359;8;12517
359;8;12517;359;8;12515
359;8;12477;359;8;12479
359;8;12479;359;8;12477
359;8;12453;359;8;12455
359;8;12455;359;8;12453
359;8;12461;359;8;12463
359;8;12463;359;8;12461
359;8;14675;359;8;14677
359;8;14677;359;8;14675
359;8;12391;359;8;12393
359;8;12393;359;8;12391
359;8;12383;359;8;12385
359;8;12385;359;8;12383
359;8;12361;359;8;12363
359;8;12363;359;8;12361
359;8;12347;359;8;12349
359;8;12349;359;8;12347
359;8;12433;359;8;12435
359;8;12435;359;8;12433
359;8;12437;359;8;12439
359;8;12439;359;8;12437
359;8;12429;359;8;12431
359;8;12431;359;8;12441
359;8;12441;359;8;12429
359;8;12485;359;8;12487
359;8;12487;359;8;12485
359;8;12387;359;8;12389
359;8;12389;359;8;12387
359;8;12457;359;8;12459
359;8;12459;359;8;12457
359;8;12124;359;8;12313
359;8;12313;359;8;12124
359;8;12127;359;8;15051
359;8;15051;359;8;15105
359;8;15105;359;8;12127
359;8;12132;359;8;13406
359;8;13406;359;8;14391
359;8;14391;359;8;12132
359;8;12133;359;8;12136
359;8;12136;359;8;12133
359;8;12075;359;8;12134
359;8;12134;359;8;12075
359;8;12529;359;8;12531
359;8;12531;359;8;12529
359;8;12101;359;8;12303
359;8;12303;359;8;12101
359;8;12102;359;8;13510
359;8;13510;359;8;12102
359;8;12103;359;8;13514
359;8;13514;359;8;15519
359;8;15519;359;8;12103
359;8;12107;359;8;12120
359;8;12120;359;8;12107
359;8;12086;359;8;12108
359;8;12108;359;8;12086
359;8;12061;359;8;12111
359;8;12111;359;8;12061
359;8;12989;359;8;12991
359;8;12991;359;8;12993
359;8;12993;359;8;12989
359;8;12302;359;8;14408
359;8;14408;359;8;12302
359;8;14488;359;8;14596
359;8;14596;359;8;14488
359;8;14431;359;8;14489
359;8;14489;359;8;14491
359;8;14491;359;8;14431
359;8;14598;359;8;14604
359;8;14604;359;8;14598
359;8;14599;359;8;14601
359;8;14601;359;8;14599
359;8;14650;359;8;14658
359;8;14658;359;8;14650
359;8;14492;359;8;14495
359;8;14495;359;8;14631
359;8;14631;359;8;14492
359;8;14493;359;8;14937
359;8;14937;359;8;14493
359;8;14479;359;8;14680
359;8;14680;359;8;14479
359;8;14480;359;8;14529
359;8;14529;359;8;14480
359;8;14481;359;8;14702
359;8;14702;359;8;14481
359;8;14477;359;8;14483
359;8;14483;359;8;14698
359;8;14698;359;8;14477
359;8;14666;359;8;14670
359;8;14670;359;8;14666
359;8;14671;359;8;15489
359;8;15489;359;8;14671
359;8;12721;359;8;12723
359;8;12723;359;8;12727
359;8;12727;359;8;12729
359;8;12729;359;8;12731
359;8;12731;359;8;12721
359;8;12643;359;8;12645
359;8;12645;359;8;12643
359;8;12647;359;8;12649
359;8;12649;359;8;12651
359;8;12651;359;8;12647
359;8;12563;359;8;12565
359;8;12565;359;8;12563
359;8;12683;359;8;12697
359;8;12697;359;8;12683
359;8;12623;359;8;12625
359;8;12625;359;8;12627
359;8;12627;359;8;12623
359;8;12719;359;8;12725
359;8;12725;359;8;12719
359;8;12669;359;8;12671
359;8;12671;359;8;12669
359;8;12707;359;8;12713
359;8;12713;359;8;12707
359;8;12709;359;8;12715
359;8;12715;359;8;12717
359;8;12717;359;8;12709
359;8;12653;359;8;12655
359;8;12655;359;8;12653
359;8;12553;359;8;12555
359;8;12555;359;8;12553
359;8;12250;359;8;12481
359;8;12481;359;8;12250
359;8;12629;359;8;12631
359;8;12631;359;8;12633
359;8;12633;359;8;12629
359;8;12571;359;8;12573
359;8;12573;359;8;12571
359;8;12607;359;8;12609
359;8;12609;359;8;12607
359;8;12547;359;8;12549
359;8;12549;359;8;12551
359;8;12551;359;8;12547
359;8;12603;359;8;12605
359;8;12605;359;8;12603
359;8;12615;359;8;12621
359;8;12621;359;8;12615
359;8;12561;359;8;12567
359;8;12567;359;8;12569
359;8;12569;359;8;12561
359;8;12685;359;8;12695
359;8;12695;359;8;12699
359;8;12699;359;8;12685
359;8;12673;359;8;12675
359;8;12675;359;8;12681
359;8;12681;359;8;12673
359;8;12579;359;8;12581
359;8;12581;359;8;12579
359;8;12591;359;8;12593
359;8;12593;359;8;12591
359;8;12657;359;8;12659
359;8;12659;359;8;12657
359;8;12701;359;8;12703
359;8;12703;359;8;12701
359;8;12483;359;8;13063
359;8;13063;359;8;12483
359;8;12617;359;8;12619
359;8;12619;359;8;12617
359;8;12677;359;8;12679
359;8;12679;359;8;12677
359;8;12557;359;8;12559
359;8;12559;359;8;12557
359;8;12595;359;8;12597
359;8;12597;359;8;12595
359;8;12575;359;8;12577
359;8;12577;359;8;12575
359;8;12661;359;8;12663
359;8;12663;359;8;12661
359;8;12583;359;8;12585
359;8;12585;359;8;12583
359;8;12687;359;8;12691
359;8;12691;359;8;12705
359;8;12705;359;8;12711
359;8;12711;359;8;12687
359;8;12085;359;8;12253
359;8;12253;359;8;12085
359;8;12254;359;8;15299
359;8;15299;359;8;15355
359;8;15355;359;8;12254
359;8;12244;359;8;12246
359;8;12246;359;8;12255
359;8;12255;359;8;15316
359;8;15316;359;8;12244
359;8;12256;359;8;15449
359;8;15449;359;8;15451
359;8;15451;359;8;12256
359;8;12203;359;8;12260
359;8;12260;359;8;12203
359;8;12262;359;8;13546
359;8;13546;359;8;13957
359;8;13957;359;8;13965
359;8;13965;359;8;12262
359;8;12267;359;8;14058
359;8;14058;359;8;12267
359;8;12268;359;8;15009
359;8;15009;359;8;12268
359;8;12270;359;8;15056
359;8;15056;359;8;12270
359;8;12271;359;8;12293
359;8;12293;359;8;15080
359;8;15080;359;8;15082
359;8;15082;359;8;12271
359;8;13899;359;8;15501
359;8;15501;359;8;13899
359;8;13897;359;8;13900
359;8;13900;359;8;13897
359;8;13640;359;8;13901
359;8;13901;359;8;13640
359;8;13823;359;8;14059
359;8;14059;359;8;13823
359;8;15221;359;8;15255
359;8;15255;359;8;15221
359;8;15256;359;8;15261
359;8;15261;359;8;15256
359;8;15252;359;8;15257
359;8;15257;359;8;15399
359;8;15399;359;8;15252
359;8;14047;359;8;14055
359;8;14055;359;8;14047
359;8;12787;359;8;12789
359;8;12789;359;8;12787
359;8;12983;359;8;12995
359;8;12995;359;8;12983
359;8;12835;359;8;12837
359;8;12837;359;8;12839
359;8;12839;359;8;12835
359;8;12801;359;8;12803
359;8;12803;359;8;12805
359;8;12805;359;8;12801
359;8;12981;359;8;12999
359;8;12999;359;8;12981
359;8;12783;359;8;12793
359;8;12793;359;8;12783
359;8;13027;359;8;13033
359;8;13033;359;8;13047
359;8;13047;359;8;15408
359;8;15408;359;8;15420
359;8;15420;359;8;13027
359;8;12829;359;8;12831
359;8;12831;359;8;12833
359;8;12833;359;8;12829
359;8;12809;359;8;12813
359;8;12813;359;8;12815
359;8;12815;359;8;12809
359;8;12795;359;8;12797
359;8;12797;359;8;12799
359;8;12799;359;8;12795
359;8;15573;359;8;15575
359;8;15575;359;8;15573
359;8;13013;359;8;13015
359;8;13015;359;8;13017
359;8;13017;359;8;13019
359;8;13019;359;8;13013
359;8;12873;359;8;12875
359;8;12875;359;8;12873
359;8;12889;359;8;12891
359;8;12891;359;8;12889
359;8;12893;359;8;12895
359;8;12895;359;8;12893
359;8;13043;359;8;13045
359;8;13045;359;8;13043
359;8;13025;359;8;13035
359;8;13035;359;8;13037
359;8;13037;359;8;13025
359;8;12987;359;8;12997
359;8;12997;359;8;12987
359;8;12865;359;8;12867
359;8;12867;359;8;12869
359;8;12869;359;8;12871
359;8;12871;359;8;12865
359;8;12853;359;8;12855
359;8;12855;359;8;12853
359;8;12819;359;8;12823
359;8;12823;359;8;12819
359;8;15404;359;8;15406
359;8;15406;359;8;15404
359;8;12841;359;8;12843
359;8;12843;359;8;12845
359;8;12845;359;8;12841
359;8;12807;359;8;12811
359;8;12811;359;8;12807
359;8;12885;359;8;12887
359;8;12887;359;8;12885
359;8;12847;359;8;12849
359;8;12849;359;8;12847
359;8;12851;359;8;12857
359;8;12857;359;8;12851
359;8;12825;359;8;12827
359;8;12827;359;8;12825
359;8;13007;359;8;13009
359;8;13009;359;8;13011
359;8;13011;359;8;13007
359;8;13003;359;8;13005
359;8;13005;359;8;13003
359;8;12817;359;8;12821
359;8;12821;359;8;12817
359;8;13021;359;8;13023
359;8;13023;359;8;13021
359;8;12859;359;8;12861
359;8;12861;359;8;12863
359;8;12863;359;8;12859
359;8;12274;359;8;15227
359;8;15227;359;8;12274
359;8;12276;359;8;13992
359;8;13992;359;8;15248
359;8;15248;359;8;12276
359;8;12278;359;8;13792
359;8;13792;359;8;12278
359;8;12279;359;8;13672
359;8;13672;359;8;13674
359;8;13674;359;8;12279
359;8;12283;359;8;14262
359;8;14262;359;8;12283
359;8;12284;359;8;14257
359;8;14257;359;8;12284
359;8;12285;359;8;14338
359;8;14338;359;8;12285
359;8;12286;359;8;14297
359;8;14297;359;8;12286
359;8;12290;359;8;15058
359;8;15058;359;8;15061
359;8;15061;359;8;12290
359;8;12295;359;8;15100
359;8;15100;359;8;15115
359;8;15115;359;8;12295
359;8;12296;359;8;15107
359;8;15107;359;8;15161
359;8;15161;359;8;12296
359;8;12297;359;8;15142
359;8;15142;359;8;12297
359;8;12299;359;8;15186
359;8;15186;359;8;12299
359;8;12300;359;8;15206
359;8;15206;359;8;15598
359;8;15598;359;8;12300
359;8;15217;359;8;15226
359;8;15226;359;8;15217
359;8;14279;359;8;15060
359;8;15060;359;8;14279
359;8;15154;359;8;15158
359;8;15158;359;8;15154
359;8;15156;359;8;15159
359;8;15159;359;8;15156
359;8;15141;359;8;15160
359;8;15160;359;8;15141
359;8;13791;359;8;15430
359;8;15430;359;8;13791
359;8;12967;359;8;12971
359;8;12971;359;8;12967
359;8;12745;359;8;12751
359;8;12751;359;8;12753
359;8;12753;359;8;12745
359;8;12755;359;8;12757
359;8;12757;359;8;12755
359;8;15433;359;8;15435
359;8;15435;359;8;15433
359;8;12771;359;8;12773
359;8;12773;359;8;12771
359;8;12775;359;8;12777
359;8;12777;359;8;12779
359;8;12779;359;8;12781
359;8;12781;359;8;12775
359;8;12767;359;8;12769
359;8;12769;359;8;12767
359;8;15437;359;8;15439
359;8;15439;359;8;15437
359;8;12759;359;8;12761
359;8;12761;359;8;12759
359;8;12763;359;8;12765
359;8;12765;359;8;12763
359;8;14401;359;8;14673
359;8;14673;359;8;14401
359;8;12733;359;8;12735
359;8;12735;359;8;12733
359;8;12785;359;8;12791
359;8;12791;359;8;12785
359;8;12493;359;8;12499
359;8;12499;359;8;12493
359;8;12969;359;8;12973
359;8;12973;359;8;12977
359;8;12977;359;8;12969
359;8;12955;359;8;12957
359;8;12957;359;8;12955
359;8;12959;359;8;12961
359;8;12961;359;8;12959
359;8;12917;359;8;12921
359;8;12921;359;8;12917
359;8;12943;359;8;12945
359;8;12945;359;8;12943
359;8;12933;359;8;12935
359;8;12935;359;8;12933
359;8;12925;359;8;12927
359;8;12927;359;8;12925
359;8;12919;359;8;12923
359;8;12923;359;8;12919
359;8;12985;359;8;13001
359;8;13001;359;8;12985
359;8;12901;359;8;12903
359;8;12903;359;8;12905
359;8;12905;359;8;12901
359;8;12897;359;8;12899
359;8;12899;359;8;12897
359;8;12741;359;8;12743
359;8;12743;359;8;12741
359;8;12929;359;8;12931
359;8;12931;359;8;12929
359;8;12975;359;8;12979
359;8;12979;359;8;12975
359;8;12951;359;8;12953
359;8;12953;359;8;12951
359;8;12947;359;8;12949
359;8;12949;359;8;12947
359;8;12963;359;8;12965
359;8;12965;359;8;12963
359;8;12937;359;8;12939
359;8;12939;359;8;12941
359;8;12941;359;8;12937
359;8;12907;359;8;12909
359;8;12909;359;8;12907
359;8;12113;359;8;13499
359;8;13499;359;8;12113
359;8;12118;359;8;15620
359;8;15620;359;8;12118
359;8;12122;359;8;15215
359;8;15215;359;8;12122
359;8;12206;359;8;13390
359;8;13390;359;8;12206
359;8;12080;359;8;12207
359;8;12207;359;8;12080
359;8;13500;359;8;13506
359;8;13506;359;8;13500
359;8;13057;359;8;13059
359;8;13059;359;8;13061
359;8;13061;359;8;13057
359;8;13065;359;8;13067
359;8;13067;359;8;13069
359;8;13069;359;8;15565
359;8;15565;359;8;13065
359;8;13073;359;8;13075
359;8;13075;359;8;13073
359;8;12877;359;8;12879
359;8;12879;359;8;12877
359;8;12881;359;8;12883
359;8;12883;359;8;12881
359;8;13079;359;8;13081
359;8;13081;359;8;13079
359;8;13071;359;8;13077
359;8;13077;359;8;13071
359;8;12064;359;8;15480
359;8;15480;359;8;12064
359;8;12066;359;8;13296
359;8;13296;359;8;13338
359;8;13338;359;8;12066
359;8;12067;359;8;13306
359;8;13306;359;8;12067
359;8;12068;359;8;13299
359;8;13299;359;8;13334
359;8;13334;359;8;12068
359;8;12073;359;8;13366
359;8;13366;359;8;12073
359;8;12079;359;8;13443
359;8;13443;359;8;12079
359;8;12083;359;8;13486
359;8;13486;359;8;15350
359;8;15350;359;8;15353
359;8;15353;359;8;12083
359;8;12084;359;8;15323
359;8;15323;359;8;12084
359;8;12089;359;8;12214
359;8;12214;359;8;12089
359;8;12090;359;8;13285
359;8;13285;359;8;12090
359;8;12091;359;8;13281
359;8;13281;359;8;12091
359;8;12093;359;8;12218
359;8;12218;359;8;12093
359;8;12094;359;8;13203
359;8;13203;359;8;12094
359;8;12096;359;8;12220
359;8;12220;359;8;12096
359;8;12097;359;8;12227
359;8;12227;359;8;12097
359;8;13544;359;8;13937
359;8;13937;359;8;13544
359;8;13938;359;8;13940
359;8;13940;359;8;13944
359;8;13944;359;8;13938
359;8;14810;359;8;14964
359;8;14964;359;8;14810
359;8;14811;359;8;14814
359;8;14814;359;8;14811
359;8;14821;359;8;14827
359;8;14827;359;8;14821
359;8;14822;359;8;14966
359;8;14966;359;8;14822
359;8;14823;359;8;14825
359;8;14825;359;8;14823
359;8;14815;359;8;14818
359;8;14818;359;8;14837
359;8;14837;359;8;14815
359;8;13877;359;8;15475
359;8;15475;359;8;13877
359;8;13538;359;8;15465
359;8;15465;359;8;13538
359;8;14110;359;8;14113
359;8;14113;359;8;14110
359;8;14111;359;8;14117
359;8;14117;359;8;14121
359;8;14121;359;8;14111
359;8;13670;359;8;14119
359;8;14119;359;8;13670
359;8;14564;359;8;14567
359;8;14567;359;8;14564
359;8;13305;359;8;13330
359;8;13330;359;8;13305
359;8;15229;359;8;15236
359;8;15236;359;8;15229
359;8;14451;359;8;14453
359;8;14453;359;8;14451
359;8;14454;359;8;14456
359;8;14456;359;8;14454
359;8;14419;359;8;14449
359;8;14449;359;8;14419
359;8;14868;359;8;14870
359;8;14870;359;8;14868
359;8;14450;359;8;14851
359;8;14851;359;8;14853
359;8;14853;359;8;14871
359;8;14871;359;8;14450
359;8;13766;359;8;14005
359;8;14005;359;8;13766
359;8;13739;359;8;14006
359;8;14006;359;8;13739
359;8;13746;359;8;14007
359;8;14007;359;8;13746
359;8;13728;359;8;14008
359;8;14008;359;8;13728
359;8;13696;359;8;14009
359;8;14009;359;8;13696
359;8;13752;359;8;14010
359;8;14010;359;8;13752
359;8;13757;359;8;14011
359;8;14011;359;8;13757
359;8;15175;359;8;15181
359;8;15181;359;8;15175
359;8;15171;359;8;15176
359;8;15176;359;8;15171
359;8;12747;359;8;12749
359;8;12749;359;8;12747
359;8;15178;359;8;15205
359;8;15205;359;8;15178
359;8;15179;359;8;15213
359;8;15213;359;8;15179
359;8;15170;359;8;15182
359;8;15182;359;8;15170
359;8;13854;359;8;13856
359;8;13856;359;8;13854
359;8;15167;359;8;15169
359;8;15169;359;8;15167
359;8;15172;359;8;15187
359;8;15187;359;8;15192
359;8;15192;359;8;15172
359;8;15135;359;8;15166
359;8;15166;359;8;15135
359;8;13883;359;8;15469
359;8;15469;359;8;13883
359;8;13569;359;8;13884
359;8;13884;359;8;13569
359;8;13555;359;8;15233
359;8;15233;359;8;13555
359;8;15234;359;8;15515
359;8;15515;359;8;15234
359;8;14577;359;8;14579
359;8;14579;359;8;14577
359;8;14573;359;8;14580
359;8;14580;359;8;14573
359;8;15189;359;8;15193
359;8;15193;359;8;15189
359;8;15194;359;8;15196
359;8;15196;359;8;15599
359;8;15599;359;8;15194
359;8;13297;359;8;13302
359;8;13302;359;8;13297
359;8;15184;359;8;15202
359;8;15202;359;8;15204
359;8;15204;359;8;15184
359;8;15185;359;8;15210
359;8;15210;359;8;15212
359;8;15212;359;8;15185
359;8;14817;359;8;14826
359;8;14826;359;8;14817
359;8;13358;359;8;13362
359;8;13362;359;8;13358
359;8;13353;359;8;13363
359;8;13363;359;8;13353
359;8;13178;359;8;13180
359;8;13180;359;8;13278
359;8;13278;359;8;13178
359;8;13189;359;8;13279
359;8;13279;359;8;13189
359;8;13197;359;8;13280
359;8;13280;359;8;13197
359;8;13206;359;8;13282
359;8;13282;359;8;13206
359;8;14045;359;8;14172
359;8;14172;359;8;14045
359;8;14173;359;8;14176
359;8;14176;359;8;14173
359;8;13841;359;8;14174
359;8;14174;359;8;13841
359;8;14616;359;8;14620
359;8;14620;359;8;14653
359;8;14653;359;8;14616
359;8;14642;359;8;14655
359;8;14655;359;8;14642
359;8;13578;359;8;13950
359;8;13950;359;8;13578
359;8;13624;359;8;13953
359;8;13953;359;8;13624
359;8;13649;359;8;13954
359;8;13954;359;8;13649
359;8;15155;359;8;15163
359;8;15163;359;8;15155
359;8;15138;359;8;15164
359;8;15164;359;8;15138
359;8;14694;359;8;14700
359;8;14700;359;8;14694
359;8;14701;359;8;14730
359;8;14730;359;8;14701
359;8;13975;359;8;14158
359;8;14158;359;8;13975
359;8;13987;359;8;14159
359;8;14159;359;8;13987
359;8;14442;359;8;14948
359;8;14948;359;8;14442
359;8;14396;359;8;14443
359;8;14443;359;8;14396
359;8;14440;359;8;14444
359;8;14444;359;8;14440
359;8;14410;359;8;14445
359;8;14445;359;8;14410
359;8;14446;359;8;14865
359;8;14865;359;8;14446
359;8;14282;359;8;14284
359;8;14284;359;8;14282
359;8;14285;359;8;14304
359;8;14304;359;8;14306
359;8;14306;359;8;14285
359;8;14286;359;8;14314
359;8;14314;359;8;14286
359;8;14287;359;8;14296
359;8;14296;359;8;14287
359;8;14288;359;8;14310
359;8;14310;359;8;14288
359;8;14289;359;8;14344
359;8;14344;359;8;14289
359;8;14290;359;8;14292
359;8;14292;359;8;14290
359;8;15064;359;8;15066
359;8;15066;359;8;15064
359;8;15144;359;8;15150
359;8;15150;359;8;15144
359;8;15145;359;8;15153
359;8;15153;359;8;15145
359;8;15050;359;8;15147
359;8;15147;359;8;15050
359;8;15102;359;8;15106
359;8;15106;359;8;15148
359;8;15148;359;8;15102
359;8;14766;359;8;14933
359;8;14933;359;8;14766
359;8;14767;359;8;14793
359;8;14793;359;8;14767
359;8;14768;359;8;14780
359;8;14780;359;8;14768
359;8;14769;359;8;14771
359;8;14771;359;8;14776
359;8;14776;359;8;14769
359;8;15395;359;8;15400
359;8;15400;359;8;15395
359;8;13747;359;8;14013
359;8;14013;359;8;13747
359;8;13602;359;8;13617
359;8;13617;359;8;13602
359;8;13768;359;8;15601
359;8;15601;359;8;13768
359;8;13760;359;8;13769
359;8;13769;359;8;13760
359;8;13737;359;8;13770
359;8;13770;359;8;13737
359;8;13723;359;8;13771
359;8;13771;359;8;13723
359;8;13693;359;8;13772
359;8;13772;359;8;13693
359;8;13684;359;8;13773
359;8;13773;359;8;13684
359;8;13666;359;8;13774
359;8;13774;359;8;13666
359;8;13595;359;8;13775
359;8;13775;359;8;13983
359;8;13983;359;8;13595
359;8;14071;359;8;14087
359;8;14087;359;8;14071
359;8;14088;359;8;14091
359;8;14091;359;8;14088
359;8;14068;359;8;14078
359;8;14078;359;8;14090
359;8;14090;359;8;14068
359;8;14092;359;8;14095
359;8;14095;359;8;14092
359;8;15030;359;8;15045
359;8;15045;359;8;15047
359;8;15047;359;8;15030
359;8;15018;359;8;15048
359;8;15048;359;8;15018
359;8;15031;359;8;15037
359;8;15037;359;8;15031
359;8;12447;359;8;12449
359;8;12449;359;8;12451
359;8;12451;359;8;12447
359;8;13834;359;8;14020
359;8;14020;359;8;13834
359;8;14018;359;8;14021
359;8;14021;359;8;14018
359;8;13631;359;8;13872
359;8;13872;359;8;13874
359;8;13874;359;8;13631
359;8;13876;359;8;14017
359;8;14017;359;8;13876
359;8;13878;359;8;14024
359;8;14024;359;8;14027
359;8;14027;359;8;13878
359;8;13395;359;8;13440
359;8;13440;359;8;13395
359;8;13398;359;8;13458
359;8;13458;359;8;13460
359;8;13460;359;8;13398
359;8;15328;359;8;15372
359;8;15372;359;8;15374
359;8;15374;359;8;15328
359;8;15375;359;8;15382
359;8;15382;359;8;15375
359;8;14922;359;8;14927
359;8;14927;359;8;14922
359;8;14928;359;8;14930
359;8;14930;359;8;14928
359;8;14177;359;8;14179
359;8;14179;359;8;14177
359;8;14323;359;8;14330
359;8;14330;359;8;14323
359;8;14326;359;8;14331
359;8;14331;359;8;14326
359;8;14299;359;8;14332
359;8;14332;359;8;14299
359;8;14319;359;8;14355
359;8;14355;359;8;14319
359;8;14328;359;8;14356
359;8;14356;359;8;14328
359;8;14300;359;8;14357
359;8;14357;359;8;14300
359;8;15199;359;8;15209
359;8;15209;359;8;15199
359;8;15201;359;8;15208
359;8;15208;359;8;15201
359;8;13404;359;8;13475
359;8;13475;359;8;13404
359;8;13436;359;8;13472
359;8;13472;359;8;13476
359;8;13476;359;8;13436
359;8;14125;359;8;14135
359;8;14135;359;8;14125
359;8;14126;359;8;14133
359;8;14133;359;8;14136
359;8;14136;359;8;14126
359;8;14107;359;8;14131
359;8;14131;359;8;14107
359;8;14238;359;8;14303
359;8;14303;359;8;14238
359;8;15338;359;8;15343
359;8;15343;359;8;15345
359;8;15345;359;8;15338
359;8;15346;359;8;15361
359;8;15361;359;8;15346
359;8;15347;359;8;15381
359;8;15381;359;8;15347
359;8;13540;359;8;13542
359;8;13542;359;8;13802
359;8;13802;359;8;13540
359;8;13543;359;8;13928
359;8;13928;359;8;13543
359;8;13545;359;8;13943
359;8;13943;359;8;13545
359;8;13981;359;8;15523
359;8;15523;359;8;13981
359;8;14360;359;8;15592
359;8;15592;359;8;14360
359;8;14470;359;8;14900
359;8;14900;359;8;14470
359;8;14473;359;8;14585
359;8;14585;359;8;14473
359;8;14474;359;8;14476
359;8;14476;359;8;14474
359;8;13984;359;8;14101
359;8;14101;359;8;13984
359;8;14103;359;8;14115
359;8;14115;359;8;14103
359;8;14104;359;8;14106
359;8;14106;359;8;14104
359;8;13669;359;8;14122
359;8;14122;359;8;15536
359;8;15536;359;8;13669
359;8;13667;359;8;13789
359;8;13789;359;8;13667
359;8;13790;359;8;14003
359;8;14003;359;8;13790
359;8;13385;359;8;13794
359;8;13794;359;8;13385
359;8;13367;359;8;13369
359;8;13369;359;8;13367
359;8;13372;359;8;13374
359;8;13374;359;8;13372
359;8;13416;359;8;13462
359;8;13462;359;8;13416
359;8;13377;359;8;13380
359;8;13380;359;8;13377
359;8;13386;359;8;13388
359;8;13388;359;8;13386
359;8;13389;359;8;13441
359;8;13441;359;8;13389
359;8;13359;359;8;13365
359;8;13365;359;8;13359
359;8;14388;359;8;15496
359;8;15496;359;8;14388
359;8;14381;359;8;14389
359;8;14389;359;8;14381
359;8;13039;359;8;13041
359;8;13041;359;8;13039
359;8;15356;359;8;15360
359;8;15360;359;8;15356
359;8;15325;359;8;15357
359;8;15357;359;8;15325
359;8;12543;359;8;12545
359;8;12545;359;8;12543
359;8;13402;359;8;13408
359;8;13408;359;8;13402
359;8;13403;359;8;13447
359;8;13447;359;8;13449
359;8;13449;359;8;13403
359;8;13405;359;8;13478
359;8;13478;359;8;13405
359;8;14307;359;8;14309
359;8;14309;359;8;14307
359;8;13424;359;8;13432
359;8;13432;359;8;13424
359;8;14589;359;8;14591
359;8;14591;359;8;14704
359;8;14704;359;8;14589
359;8;14416;359;8;14593
359;8;14593;359;8;14416
359;8;14421;359;8;14594
359;8;14594;359;8;14421
359;8;14426;359;8;14595
359;8;14595;359;8;14426
359;8;14617;359;8;14657
359;8;14657;359;8;14617
359;8;14618;359;8;14718
359;8;14718;359;8;14720
359;8;14720;359;8;14618
359;8;12251;359;8;15352
359;8;15352;359;8;12251
359;8;13053;359;8;13055
359;8;13055;359;8;13053
359;8;15424;359;8;15426
359;8;15426;359;8;15428
359;8;15428;359;8;15424
359;8;13049;359;8;13051
359;8;13051;359;8;15422
359;8;15422;359;8;13049
359;8;15333;359;8;15335
359;8;15335;359;8;15533
359;8;15533;359;8;15333
359;8;15314;359;8;15317
359;8;15317;359;8;15340
359;8;15340;359;8;15314
359;8;15318;359;8;15363
359;8;15363;359;8;15318
359;8;13574;359;8;13657
359;8;13657;359;8;13574
359;8;13661;359;8;15547
359;8;15547;359;8;13661
359;8;14848;359;8;14850
359;8;14850;359;8;14848
359;8;14546;359;8;14548
359;8;14548;359;8;14546
359;8;14550;359;8;14552
359;8;14552;359;8;14550
359;8;14424;359;8;14867
359;8;14867;359;8;14424
359;8;14425;359;8;14708
359;8;14708;359;8;14425
359;8;13689;359;8;13691
359;8;13691;359;8;13962
359;8;13962;359;8;13689
359;8;13692;359;8;13780
359;8;13780;359;8;13692
359;8;13695;359;8;14000
359;8;14000;359;8;13695
359;8;13697;359;8;14014
359;8;14014;359;8;13697
359;8;13552;359;8;13688
359;8;13688;359;8;13552
359;8;13705;359;8;13750
359;8;13750;359;8;13705
359;8;13751;359;8;14001
359;8;14001;359;8;13751
359;8;13753;359;8;14015
359;8;14015;359;8;13753
359;8;14222;359;8;14235
359;8;14235;359;8;14222
359;8;14236;359;8;14249
359;8;14249;359;8;14236
359;8;14237;359;8;14254
359;8;14254;359;8;14237
359;8;14239;359;8;14337
359;8;14337;359;8;14239
359;8;14240;359;8;14315
359;8;14315;359;8;14240
359;8;14833;359;8;14836
359;8;14836;359;8;14833
359;8;14830;359;8;14838
359;8;14838;359;8;14830
359;8;14232;359;8;14246
359;8;14246;359;8;14248
359;8;14248;359;8;14232
359;8;14514;359;8;14525
359;8;14525;359;8;14514
359;8;14517;359;8;14519
359;8;14519;359;8;14526
359;8;14526;359;8;14517
359;8;13527;359;8;13557
359;8;13557;359;8;13894
359;8;13894;359;8;13527
359;8;13558;359;8;13905
359;8;13905;359;8;15498
359;8;15498;359;8;13558
359;8;13560;359;8;13606
359;8;13606;359;8;13560
359;8;13561;359;8;13563
359;8;13563;359;8;13803
359;8;13803;359;8;13805
359;8;13805;359;8;13561
359;8;14143;359;8;14145
359;8;14145;359;8;14143
359;8;14138;359;8;14146
359;8;14146;359;8;14138
359;8;13716;359;8;13720
359;8;13720;359;8;13961
359;8;13961;359;8;13716
359;8;12611;359;8;12613
359;8;12613;359;8;12611
359;8;15554;359;8;15556
359;8;15556;359;8;15554
359;8;14513;359;8;14523
359;8;14523;359;8;15558
359;8;15558;359;8;14513
359;8;12599;359;8;12601
359;8;12601;359;8;12599
359;8;14506;359;8;14508
359;8;14508;359;8;14506
359;8;14509;359;8;14511
359;8;14511;359;8;14516
359;8;14516;359;8;14509
359;8;13336;359;8;13344
359;8;13344;359;8;13336
359;8;15412;359;8;15416
359;8;15416;359;8;15418
359;8;15418;359;8;15412
359;8;12240;359;8;15274
359;8;15274;359;8;15283
359;8;15283;359;8;12240
359;8;15272;359;8;15275
359;8;15275;359;8;15272
359;8;15276;359;8;15281
359;8;15281;359;8;15286
359;8;15286;359;8;15276
359;8;13262;359;8;15503
359;8;15503;359;8;13262
359;8;13258;359;8;15504
359;8;15504;359;8;13258
359;8;14317;359;8;14349
359;8;14349;359;8;14317
359;8;14321;359;8;14350
359;8;14350;359;8;14321
359;8;14298;359;8;14351
359;8;14351;359;8;14298
359;8;14347;359;8;14352
359;8;14352;359;8;14347
359;8;14293;359;8;14353
359;8;14353;359;8;14293
359;8;14252;359;8;14256
359;8;14256;359;8;14252
359;8;14258;359;8;14267
359;8;14267;359;8;14258
359;8;14072;359;8;14080
359;8;14080;359;8;14072
359;8;14064;359;8;14073
359;8;14073;359;8;14064
359;8;14044;359;8;14065
359;8;14065;359;8;14074
359;8;14074;359;8;14044
359;8;13840;359;8;14066
359;8;14066;359;8;13840
359;8;13564;359;8;13929
359;8;13929;359;8;13931
359;8;13931;359;8;13945
359;8;13945;359;8;13564
359;8;13702;359;8;13726
359;8;13726;359;8;13702
359;8;12911;359;8;12913
359;8;12913;359;8;12915
359;8;12915;359;8;12911
359;8;14294;359;8;14301
359;8;14301;359;8;14294
359;8;14251;359;8;14261
359;8;14261;359;8;14251
359;8;13820;359;8;13822
359;8;13822;359;8;14202
359;8;14202;359;8;13820
359;8;14462;359;8;14464
359;8;14464;359;8;14462
359;8;14465;359;8;14467
359;8;14467;359;8;14465
359;8;13572;359;8;15499
359;8;15499;359;8;13572
359;8;13587;359;8;15500
359;8;15500;359;8;13587
359;8;14695;359;8;14697
359;8;14697;359;8;14695
359;8;14539;359;8;14735
359;8;14735;359;8;14539
359;8;14571;359;8;14736
359;8;14736;359;8;14738
359;8;14738;359;8;14571
359;8;13671;359;8;14124
359;8;14124;359;8;13671
359;8;15362;359;8;15369
359;8;15369;359;8;15371
359;8;15371;359;8;15362
359;8;13996;359;8;15586
359;8;15586;359;8;13996
359;8;13765;359;8;15587
359;8;15587;359;8;13765
359;8;13848;359;8;13851
359;8;13851;359;8;13848
359;8;13525;359;8;13535
359;8;13535;359;8;13525
359;8;13526;359;8;13866
359;8;13866;359;8;13868
359;8;13868;359;8;13526
359;8;13529;359;8;13597
359;8;13597;359;8;13529
359;8;14184;359;8;14189
359;8;14189;359;8;14184
359;8;14180;359;8;14190
359;8;14190;359;8;14180
359;8;15292;359;8;15294
359;8;15294;359;8;15292
359;8;15295;359;8;15298
359;8;15298;359;8;15295
359;8;15041;359;8;15087
359;8;15087;359;8;15041
359;8;15042;359;8;15078
359;8;15078;359;8;15042
359;8;13534;359;8;13849
359;8;13849;359;8;13534
359;8;13582;359;8;13850
359;8;13850;359;8;13853
359;8;13853;359;8;13582
359;8;13537;359;8;13904
359;8;13904;359;8;13537
359;8;13539;359;8;13908
359;8;13908;359;8;13539
359;8;15561;359;8;15563
359;8;15563;359;8;15561
359;8;13095;359;8;13097
359;8;13097;359;8;13095
359;8;13185;359;8;13293
359;8;13293;359;8;13185
359;8;13186;359;8;13288
359;8;13288;359;8;13186
359;8;12213;359;8;13187
359;8;13187;359;8;12213
359;8;13796;359;8;13800
359;8;13800;359;8;13796
359;8;13512;359;8;13797
359;8;13797;359;8;13512
359;8;13549;359;8;13798
359;8;13798;359;8;13549
359;8;13195;359;8;13289
359;8;13289;359;8;13195
359;8;13208;359;8;13290
359;8;13290;359;8;13208
359;8;15297;359;8;15322
359;8;15322;359;8;15297
359;8;12367;359;8;12371
359;8;12371;359;8;12367
359;8;14958;359;8;14960
359;8;14960;359;8;14958
359;8;14709;359;8;14875
359;8;14875;359;8;14709
359;8;14877;359;8;14889
359;8;14889;359;8;14877
359;8;14878;359;8;14880
359;8;14880;359;8;14878
359;8;14392;359;8;14394
359;8;14394;359;8;14392
359;8;15000;359;8;15002
359;8;15002;359;8;15000
359;8;13414;359;8;13429
359;8;13429;359;8;13414
359;8;12229;359;8;13257
359;8;13257;359;8;13261
359;8;13261;359;8;12229
359;8;13263;359;8;13265
359;8;13265;359;8;13263
359;8;15010;359;8;15027
359;8;15027;359;8;15010
359;8;15028;359;8;15034
359;8;15034;359;8;15028
359;8;15011;359;8;15032
359;8;15032;359;8;15011
359;8;13115;359;8;13119
359;8;13119;359;8;13115
359;8;13125;359;8;13127
359;8;13127;359;8;13125
359;8;12222;359;8;12224
359;8;12224;359;8;13244
359;8;13244;359;8;12222
359;8;13117;359;8;13121
359;8;13121;359;8;13117
359;8;13835;359;8;13837
359;8;13837;359;8;13835
359;8;13838;359;8;14029
359;8;14029;359;8;14034
359;8;14034;359;8;13838
359;8;13839;359;8;14039
359;8;14039;359;8;13839
359;8;14028;359;8;14062
359;8;14062;359;8;14028
359;8;13831;359;8;13833
359;8;13833;359;8;13831
359;8;14893;359;8;14896
359;8;14896;359;8;14893
359;8;14542;359;8;14894
359;8;14894;359;8;14542
359;8;12639;359;8;12641
359;8;12641;359;8;12639
359;8;13173;359;8;13292
359;8;13292;359;8;13173
359;8;14458;359;8;14460
359;8;14460;359;8;14892
359;8;14892;359;8;14458
359;8;13491;359;8;13496
359;8;13496;359;8;13491
359;8;14723;359;8;14725
359;8;14725;359;8;14841
359;8;14841;359;8;14723
359;8;14842;359;8;14863
359;8;14863;359;8;14842
359;8;14843;359;8;14902
359;8;14902;359;8;14843
359;8;14415;359;8;14706
359;8;14706;359;8;14415
359;8;14420;359;8;14707
359;8;14707;359;8;14420
359;8;14710;359;8;14712
359;8;14712;359;8;14710
359;8;14429;359;8;14713
359;8;14713;359;8;14429
359;8;14610;359;8;14714
359;8;14714;359;8;14610
359;8;14715;359;8;14939
359;8;14939;359;8;14715
359;8;14716;359;8;14886
359;8;14886;359;8;14716
359;8;14663;359;8;14717
359;8;14717;359;8;14663
359;8;13085;359;8;13087
359;8;13087;359;8;13085
359;8;13091;359;8;13093
359;8;13093;359;8;13091
359;8;12210;359;8;12212
359;8;12212;359;8;13174
359;8;13174;359;8;13176
359;8;13176;359;8;12210
359;8;13083;359;8;13089
359;8;13089;359;8;13083
359;8;14268;359;8;14270
359;8;14270;359;8;14268
359;8;14271;359;8;14274
359;8;14274;359;8;14271
359;8;13516;359;8;13865
359;8;13865;359;8;13516
359;8;13517;359;8;13519
359;8;13519;359;8;13893
359;8;13893;359;8;13517
359;8;13382;359;8;13473
359;8;13473;359;8;13382
359;8;15310;359;8;15460
359;8;15460;359;8;15462
359;8;15462;359;8;15310
359;8;15216;359;8;15223
359;8;15223;359;8;15216
359;8;15220;359;8;15484
359;8;15484;359;8;15220
359;8;13973;359;8;15509
359;8;15509;359;8;13973
359;8;13985;359;8;15510
359;8;15510;359;8;13985
359;8;13393;359;8;13461
359;8;13461;359;8;13393
359;8;13583;359;8;13859
359;8;13859;359;8;13583
359;8;13630;359;8;13860
359;8;13860;359;8;13630
359;8;13861;359;8;13888
359;8;13888;359;8;13861
359;8;13810;359;8;14098
359;8;14098;359;8;13810
359;8;14221;359;8;14228
359;8;14228;359;8;14221
359;8;14229;359;8;14231
359;8;14231;359;8;14229
359;8;14854;359;8;14888
359;8;14888;359;8;14854
359;8;14855;359;8;14857
359;8;14857;359;8;14855
359;8;14399;359;8;14404
359;8;14404;359;8;14399
359;8;14405;359;8;14437
359;8;14437;359;8;14405
359;8;14858;359;8;14860
359;8;14860;359;8;14858
359;8;14561;359;8;14565
359;8;14565;359;8;14742
359;8;14742;359;8;14561
359;8;13664;359;8;13964
359;8;13964;359;8;13980
359;8;13980;359;8;13664
359;8;13783;359;8;13982
359;8;13982;359;8;13783
359;8;13977;359;8;13989
359;8;13989;359;8;14219
359;8;14219;359;8;13977
359;8;14142;359;8;14150
359;8;14150;359;8;14142
359;8;14628;359;8;14721
359;8;14721;359;8;14628
359;8;13232;359;8;13340
359;8;13340;359;8;13232
359;8;13342;359;8;15506
359;8;15506;359;8;13342
359;8;13343;359;8;15507
359;8;15507;359;8;13343
359;8;13345;359;8;13348
359;8;13348;359;8;13345
359;8;14210;359;8;14216
359;8;14216;359;8;14210
359;8;14213;359;8;14217
359;8;14217;359;8;14213
359;8;14308;359;8;14340
359;8;14340;359;8;14308
359;8;14341;359;8;14343
359;8;14343;359;8;14341
359;8;13533;359;8;13827
359;8;13827;359;8;13533
359;8;13550;359;8;13956
359;8;13956;359;8;13550
359;8;13613;359;8;13871
359;8;13871;359;8;13613
359;8;14679;359;8;14726
359;8;14726;359;8;14679
359;8;13379;359;8;13383
359;8;13383;359;8;13379
359;8;15053;359;8;15095
359;8;15095;359;8;15053
359;8;15091;359;8;15096
359;8;15096;359;8;15091
359;8;15052;359;8;15098
359;8;15098;359;8;15052
359;8;15092;359;8;15099
359;8;15099;359;8;15092
359;8;14745;359;8;14747
359;8;14747;359;8;14756
359;8;14756;359;8;14745
359;8;12689;359;8;12693
359;8;12693;359;8;12689
359;8;14643;359;8;14645
359;8;14645;359;8;14643
359;8;15110;359;8;15128
359;8;15128;359;8;15110
359;8;15071;359;8;15112
359;8;15112;359;8;15071
359;8;15113;359;8;15119
359;8;15119;359;8;15113
359;8;14748;359;8;14753
359;8;14753;359;8;14748
359;8;13887;359;8;15477
359;8;15477;359;8;13887
359;8;13568;359;8;13869
359;8;13869;359;8;13568
359;8;13584;359;8;13870
359;8;13870;359;8;13584
359;8;13863;359;8;13880
359;8;13880;359;8;13863
359;8;13508;359;8;13864
359;8;13864;359;8;13508
359;8;14369;359;8;15190
359;8;15190;359;8;15197
359;8;15197;359;8;14369
359;8;15311;359;8;15452
359;8;15452;359;8;15311
359;8;15453;359;8;15455
359;8;15455;359;8;15453
359;8;15456;359;8;15463
359;8;15463;359;8;15456
359;8;15260;359;8;15457
359;8;15457;359;8;15260
359;8;15448;359;8;15483
359;8;15483;359;8;15448
359;8;15305;359;8;15589
359;8;15589;359;8;15305
359;8;15306;359;8;15590
359;8;15590;359;8;15306
359;8;15302;359;8;15304
359;8;15304;359;8;15331
359;8;15331;359;8;15302
359;8;13976;359;8;14161
359;8;14161;359;8;13976
359;8;14162;359;8;14166
359;8;14166;359;8;14168
359;8;14168;359;8;14162
359;8;13230;359;8;13267
359;8;13267;359;8;13276
359;8;13276;359;8;15604
359;8;15604;359;8;15608
359;8;15608;359;8;13230
359;8;13139;359;8;13141
359;8;13141;359;8;13139
359;8;13143;359;8;13149
359;8;13149;359;8;13143
359;8;13135;359;8;13137
359;8;13137;359;8;13135
359;8;13145;359;8;13147
359;8;13147;359;8;13145
359;8;13131;359;8;13133
359;8;13133;359;8;13131
359;8;12230;359;8;12232
359;8;12232;359;8;13249
359;8;13249;359;8;12230
359;8;13266;359;8;13275
359;8;13275;359;8;13266
359;8;14690;359;8;14693
359;8;14693;359;8;14690
359;8;13730;359;8;15518
359;8;15518;359;8;13730
359;8;13554;359;8;15520
359;8;15520;359;8;13554
359;8;15238;359;8;15240
359;8;15240;359;8;15238
359;8;15237;359;8;15246
359;8;15246;359;8;15237
359;8;15245;359;8;15514
359;8;15514;359;8;15245
359;8;13777;359;8;13959
359;8;13959;359;8;13777
359;8;13736;359;8;13778
359;8;13778;359;8;13736
359;8;13683;359;8;13781
359;8;13781;359;8;13683
359;8;13665;359;8;13782
359;8;13782;359;8;13665
359;8;13566;359;8;13784
359;8;13784;359;8;13566
359;8;13785;359;8;13969
359;8;13969;359;8;13785
359;8;13593;359;8;13786
359;8;13786;359;8;13593
359;8;14582;359;8;14586
359;8;14586;359;8;14582
359;8;15055;359;8;15079
359;8;15079;359;8;15055
359;8;15136;359;8;15139
359;8;15139;359;8;15136
359;8;13509;359;8;13892
359;8;13892;359;8;13509
359;8;13511;359;8;13801
359;8;13801;359;8;13511
359;8;13513;359;8;13731
359;8;13731;359;8;13513
359;8;14209;359;8;14212
359;8;14212;359;8;14209
359;8;14214;359;8;14225
359;8;14225;359;8;14214
359;8;14169;359;8;14220
359;8;14220;359;8;14169
359;8;14224;359;8;14260
359;8;14260;359;8;14224
359;8;15336;359;8;15339
359;8;15339;359;8;15368
359;8;15368;359;8;15336
359;8;13646;359;8;13648
359;8;13648;359;8;13809
359;8;13809;359;8;13646
359;8;14623;359;8;14625
359;8;14625;359;8;14629
359;8;14629;359;8;14623
359;8;14264;359;8;14318
359;8;14318;359;8;14334
359;8;14334;359;8;14264
359;8;14322;359;8;14335
359;8;14335;359;8;14322
359;8;12209;359;8;13171
359;8;13171;359;8;12209
359;8;14499;359;8;14501
359;8;14501;359;8;14646
359;8;14646;359;8;14499
359;8;14502;359;8;14667
359;8;14667;359;8;14502
359;8;14505;359;8;15490
359;8;15490;359;8;14505
359;8;14457;359;8;14873
359;8;14873;359;8;14457
359;8;13272;359;8;13274
359;8;13274;359;8;13272
359;8;12137;359;8;12139
359;8;12139;359;8;12137
359;8;12140;359;8;15004
359;8;15004;359;8;12140
359;8;13300;359;8;13314
359;8;13314;359;8;13300
359;8;13301;359;8;13307
359;8;13307;359;8;13309
359;8;13309;359;8;13301
359;8;13303;359;8;15525
359;8;15525;359;8;13303
359;8;14528;359;8;14688
359;8;14688;359;8;14729
359;8;14729;359;8;14528
359;8;13311;359;8;13315
359;8;13315;359;8;13311
359;8;14195;359;8;14205
359;8;14205;359;8;14195
359;8;14186;359;8;14198
359;8;14198;359;8;14186
359;8;14038;359;8;14043
359;8;14043;359;8;14038
359;8;14046;359;8;14182
359;8;14182;359;8;14046
359;8;14050;359;8;14096
359;8;14096;359;8;14050
359;8;14051;359;8;14201
359;8;14201;359;8;14051
359;8;13814;359;8;13978
359;8;13978;359;8;14203
359;8;14203;359;8;14277
359;8;14277;359;8;14281
359;8;14281;359;8;13814
359;8;14263;359;8;14266
359;8;14266;359;8;14263
359;8;15387;359;8;15390
359;8;15390;359;8;15387
359;8;15380;359;8;15391
359;8;15391;359;8;15380
359;8;13581;359;8;13828
359;8;13828;359;8;13581
359;8;13585;359;8;13896
359;8;13896;359;8;13585
359;8;13591;359;8;13807
359;8;13807;359;8;13591
359;8;13592;359;8;13933
359;8;13933;359;8;13592
359;8;13594;359;8;13971
359;8;13971;359;8;13594
359;8;14633;359;8;14637
359;8;14637;359;8;14647
359;8;14647;359;8;14633
359;8;14496;359;8;14498
359;8;14498;359;8;14496
359;8;14554;359;8;14562
359;8;14562;359;8;14554
359;8;13099;359;8;13101
359;8;13101;359;8;13099
359;8;12216;359;8;13182
359;8;13182;359;8;12216
359;8;13183;359;8;13193
359;8;13193;359;8;13183
359;8;13629;359;8;13844
359;8;13844;359;8;13629
359;8;14687;359;8;14691
359;8;14691;359;8;14687
359;8;14430;359;8;14608
359;8;14608;359;8;14430
359;8;14762;359;8;14832
359;8;14832;359;8;14762
359;8;13668;359;8;14114
359;8;14114;359;8;13668
359;8;14908;359;8;14910
359;8;14910;359;8;14908
359;8;13571;359;8;13598
359;8;13598;359;8;13571
359;8;15017;359;8;15020
359;8;15020;359;8;15017
359;8;15022;359;8;15070
359;8;15070;359;8;15022
359;8;15013;359;8;15023
359;8;15023;359;8;15013
359;8;15016;359;8;15083
359;8;15083;359;8;15016
359;8;13242;359;8;13251
359;8;13251;359;8;13242
359;8;13245;359;8;13248
359;8;13248;359;8;13245
359;8;13123;359;8;13129
359;8;13129;359;8;13123
359;8;14397;359;8;14439
359;8;14439;359;8;14397
359;8;14378;359;8;15495
359;8;15495;359;8;14378
359;8;13628;359;8;13829
359;8;13829;359;8;13628
359;8;15012;359;8;15057
359;8;15057;359;8;15012
359;8;14920;359;8;14924
359;8;14924;359;8;14920
359;8;13680;359;8;13682
359;8;13682;359;8;13963
359;8;13963;359;8;13680
359;8;13551;359;8;13679
359;8;13679;359;8;13551
359;8;15271;359;8;15278
359;8;15278;359;8;15271
359;8;15268;359;8;15279
359;8;15279;359;8;15268
359;8;13029;359;8;13031
359;8;13031;359;8;13029
359;8;12241;359;8;12243
359;8;12243;359;8;12241
359;8;13738;359;8;13997
359;8;13997;359;8;13738
359;8;13727;359;8;13999
359;8;13999;359;8;13727
359;8;13756;359;8;14002
359;8;14002;359;8;13756
359;8;13202;359;8;13218
359;8;13218;359;8;13202
359;8;13200;359;8;13205
359;8;13205;359;8;13200
359;8;13207;359;8;13286
359;8;13286;359;8;13207
359;8;13212;359;8;15444
359;8;15444;359;8;13212
359;8;13213;359;8;15441
359;8;15441;359;8;13213
359;8;13216;359;8;15288
359;8;15288;359;8;13216
359;8;15249;359;8;15251
359;8;15251;359;8;15249
359;8;13219;359;8;13221
359;8;13221;359;8;13219
359;8;13222;359;8;13224
359;8;13224;359;8;13222
359;8;15253;359;8;15329
359;8;15329;359;8;15253
359;8;13227;359;8;13229
359;8;13229;359;8;13227
359;8;15324;359;8;15388
359;8;15388;359;8;15324
359;8;15326;359;8;15379
359;8;15379;359;8;15326
359;8;15289;359;8;15291
359;8;15291;359;8;15289
359;8;13109;359;8;13111
359;8;13111;359;8;13109
359;8;13105;359;8;13113
359;8;13113;359;8;13105
359;8;12217;359;8;13192
359;8;13192;359;8;12217
359;8;15410;359;8;15414
359;8;15414;359;8;15410
359;8;15263;359;8;15270
359;8;15270;359;8;15263
359;8;15267;359;8;15285
359;8;15285;359;8;15267
359;8;14363;359;8;14384
359;8;14384;359;8;14363
359;8;14365;359;8;14386
359;8;14386;359;8;14365
359;8;14367;359;8;14371
359;8;14371;359;8;14367
359;8;15359;359;8;15384
359;8;15384;359;8;15359
359;8;13611;359;8;13645
359;8;13645;359;8;13611
359;8;13410;359;8;13450
359;8;13450;359;8;13410
359;8;12511;359;8;12513
359;8;12513;359;8;12511
359;8;13452;359;8;13467
359;8;13467;359;8;13452
359;8;13454;359;8;13481
359;8;13481;359;8;13454
359;8;12519;359;8;12521
359;8;12521;359;8;12519
359;8;13433;359;8;13444
359;8;13444;359;8;13446
359;8;13446;359;8;13433
359;8;13413;359;8;13421
359;8;13421;359;8;13413
359;8;13321;359;8;13323
359;8;13323;359;8;13321
359;8;13324;359;8;13326
359;8;13326;359;8;13324
359;8;13318;359;8;13320
359;8;13320;359;8;13318
359;8;13575;359;8;13607
359;8;13607;359;8;13575
359;8;14434;359;8;14436
359;8;14436;359;8;14434
359;8;13570;359;8;13895
359;8;13895;359;8;13570
359;8;13576;359;8;13806
359;8;13806;359;8;13576
359;8;13577;359;8;13932
359;8;13932;359;8;13577
359;8;14754;359;8;14759
359;8;14759;359;8;14808
359;8;14808;359;8;14754
359;8;14760;359;8;14963
359;8;14963;359;8;14760
359;8;14763;359;8;14829
359;8;14829;359;8;14763
359;8;13553;359;8;13732
359;8;13732;359;8;13553
359;8;14779;359;8;14782
359;8;14782;359;8;14779
359;8;13167;359;8;13169
359;8;13169;359;8;13167
359;8;12233;359;8;12235
359;8;12235;359;8;13255
359;8;13255;359;8;12233
359;8;12236;359;8;13240
359;8;13240;359;8;12236
359;8;13237;359;8;13239
359;8;13239;359;8;13237
359;8;14398;359;8;14433
359;8;14433;359;8;14398
359;8;14324;359;8;14327
359;8;14327;359;8;14324
359;8;15120;359;8;15131
359;8;15131;359;8;15134
359;8;15134;359;8;15120
359;8;14385;359;8;15132
359;8;15132;359;8;14385
359;8;13824;359;8;14187
359;8;14187;359;8;13824
359;8;14796;359;8;14806
359;8;14806;359;8;14796
359;8;14803;359;8;14807
359;8;14807;359;8;14803
359;8;14797;359;8;14799
359;8;14799;359;8;14797
359;8;14801;359;8;14804
359;8;14804;359;8;14801
359;8;13966;359;8;13968
359;8;13968;359;8;13966
359;8;13625;359;8;13972
359;8;13972;359;8;13625
359;8;14557;359;8;14741
359;8;14741;359;8;14557
359;8;14553;359;8;14558
359;8;14558;359;8;14553
359;8;13159;359;8;13161
359;8;13161;359;8;13159
359;8;13151;359;8;13153
359;8;13153;359;8;13151
359;8;13163;359;8;13165
359;8;13165;359;8;13163
359;8;13155;359;8;13157
359;8;13157;359;8;13155
359;8;13812;359;8;14094
359;8;14094;359;8;13812
359;8;14572;359;8;14575
359;8;14575;359;8;14572
359;8;12225;359;8;13235
359;8;13235;359;8;13252
359;8;13252;359;8;12225
359;8;12587;359;8;12589
359;8;12589;359;8;12587
359;8;13733;359;8;13735
359;8;13735;359;8;13960
359;8;13960;359;8;13733
359;8;15116;359;8;15126
359;8;15126;359;8;15116
359;8;14185;359;8;14193
359;8;14193;359;8;14185
359;8;13196;359;8;13284
359;8;13284;359;8;13196
359;8;13623;359;8;13934
359;8;13934;359;8;13623
359;8;14890;359;8;15583
359;8;15583;359;8;14890
359;8;14605;359;8;14607
359;8;14607;359;8;14605
359;8;15117;359;8;15129
359;8;15129;359;8;15117
359;8;14382;359;8;15007
359;8;15007;359;8;14382
359;8;13622;359;8;13808
359;8;13808;359;8;13622
359;8;14881;359;8;14883
359;8;14883;359;8;14881
359;8;14884;359;8;14885
359;8;14885;359;8;14884
359;8;13470;359;8;13479
359;8;13479;359;8;13470
359;8;14774;359;8;14777
359;8;14777;359;8;14774
359;8;14731;359;8;14733
359;8;14733;359;8;14731
359;8;14576;359;8;14583
359;8;14583;359;8;14576
359;8;14555;359;8;14743
359;8;14743;359;8;14555
359;8;14622;359;8;14660
359;8;14660;359;8;14622
359;8;12665;359;8;12667
359;8;12667;359;8;12665
359;8;12737;359;8;12739
359;8;12739;359;8;12737
359;8;13103;359;8;13107
359;8;13107;359;8;13103
