CID;TABCD;LCD;CLASS;TCD;STCD;ROADNUMBER;RNID;N1ID;N2ID;POL_LCD;PES_LEV
359;8;12318;L;1;1;1;244;369;220;12052;
359;8;15610;L;1;4;1;495;3302;244;12052;
359;8;14913;L;1;4;1;373;425;191;12052;
359;8;13463;L;1;4;1;386;295;246;12052;
359;8;14531;L;1;4;1;639;244;648;12052;
359;8;13910;L;1;4;1;269;807;384;12052;
359;8;14950;L;1;4;1;369;200;244;12052;
359;8;12053;L;1;1;10;219;220;1577;12052;
359;8;12532;L;7;0;;;244;241;12052;
359;8;12536;L;7;0;;;244;559;12052;
359;8;12402;L;7;0;;;244;284;12052;
359;8;12410;L;7;0;;;244;459;12052;
359;8;12494;L;7;0;;;244;527;12052;
359;8;12444;L;7;0;;;244;488;12052;
359;8;12538;L;7;0;;;244;291;12052;
359;8;15570;L;7;0;;;244;3297;12052;
359;8;12414;L;7;0;;;244;463;12052;
359;8;12422;L;7;0;;;244;471;12052;
359;8;12474;L;7;0;;;244;511;12052;
359;8;12350;L;7;0;;;244;392;12052;
359;8;12398;L;7;0;;;395;284;12052;
359;8;12508;L;7;0;;;395;295;12052;
359;8;12372;L;7;0;;;395;372;12052;
359;8;12502;L;7;0;;;395;385;12052;
359;8;12380;L;7;0;;;395;373;12052;
359;8;12376;L;7;0;;;395;425;12052;
359;8;12378;L;7;0;;;395;428;12052;
359;8;12358;L;7;0;;;395;371;12052;
359;8;12524;L;7;0;;;395;545;12052;
359;8;12504;L;7;0;;;395;537;12052;
359;8;12352;L;7;0;;;395;392;12052;
359;8;12406;L;7;0;;;435;451;12052;
359;8;12634;L;7;0;;;435;451;12052;
359;8;12424;L;7;0;;;435;473;12052;
359;8;15566;L;7;0;;;435;1288;12052;
359;8;12420;L;7;0;;;435;469;12052;
359;8;12418;L;7;0;;;435;463;12052;
359;8;12466;L;7;0;;;435;378;12052;
359;8;12514;L;7;0;;;435;290;12052;
359;8;12416;L;7;0;;;435;468;12052;
359;8;12476;L;7;0;;;435;324;12052;
359;8;12394;L;7;0;;;435;446;12052;
359;8;12454;L;7;0;;;435;498;12052;
359;8;12462;L;7;0;;;435;377;12052;
359;8;12368;L;7;0;;;1592;372;12052;
359;8;14674;L;7;0;;;1592;385;12052;
359;8;12392;L;7;0;;;1592;441;12052;
359;8;12382;L;7;0;;;1592;431;12052;
359;8;12362;L;7;0;;;1592;371;12052;
359;8;12356;L;7;0;;;1592;398;12052;
359;8;12348;L;7;0;;;1592;392;12052;
359;8;12432;L;7;0;;;437;435;12052;
359;8;12438;L;7;0;;;437;479;12052;
359;8;12428;L;7;0;;;437;476;12052;
359;8;12484;L;7;0;;;437;521;12052;
359;8;12388;L;7;0;;;437;438;12052;
359;8;12468;L;7;0;;;437;378;12052;
359;8;12516;L;7;0;;;437;290;12052;
359;8;12456;L;7;0;;;437;376;12052;
359;8;12486;L;7;0;;;437;382;12052;
359;8;12522;L;7;0;;;437;548;12052;
359;8;12123;L;1;1;2;241;284;220;12052;
359;8;12530;L;7;0;;;241;553;12052;
359;8;12534;L;7;0;;;559;244;12052;
359;8;12526;L;7;0;;;559;435;12052;
359;8;12100;L;1;1;3;227;268;220;12052;
359;8;12988;L;7;0;;;227;251;12052;
359;8;12990;L;7;0;;;227;781;12052;
359;8;12301;L;1;1;4;284;355;368;12052;
359;8;14534;L;1;4;4;284;648;3304;12052;
359;8;14406;L;1;4;4;355;9;284;12052;
359;8;14484;L;1;4;4;268;570;28;12052;
359;8;14597;L;1;4;4;268;91;28;12052;
359;8;14648;L;1;4;4;28;284;102;12052;
359;8;14600;L;1;4;4;28;268;92;12052;
359;8;14490;L;1;4;4;28;25;284;12052;
359;8;14478;L;1;4;4;648;360;44;12052;
359;8;14668;L;1;4;4;603;599;358;12052;
359;8;12722;L;7;0;;;284;708;12052;
359;8;12726;L;7;0;;;284;366;12052;
359;8;12644;L;7;0;;;284;648;12052;
359;8;12646;L;7;0;;;284;651;12052;
359;8;12562;L;7;0;;;284;586;12052;
359;8;12696;L;7;0;;;284;675;12052;
359;8;12730;L;7;0;;;284;714;12052;
359;8;12624;L;7;0;;;284;632;12052;
359;8;12564;L;7;0;;;284;356;12052;
359;8;12724;L;7;0;;;284;706;12052;
359;8;12670;L;7;0;;;284;666;12052;
359;8;12712;L;7;0;;;284;697;12052;
359;8;12716;L;7;0;;;284;704;12052;
359;8;12654;L;7;0;;;284;363;12052;
359;8;12552;L;7;0;;;284;576;12052;
359;8;12554;L;7;0;;;284;578;12052;
359;8;12650;L;7;0;;;284;362;12052;
359;8;12480;L;7;0;;;284;368;12052;
359;8;12632;L;7;0;;;451;435;12052;
359;8;12572;L;7;0;;;451;594;12052;
359;8;12608;L;7;0;;;451;361;12052;
359;8;12548;L;7;0;;;451;570;12052;
359;8;12602;L;7;0;;;451;1500;12052;
359;8;12614;L;7;0;;;451;620;12052;
359;8;12560;L;7;0;;;451;583;12052;
359;8;12698;L;7;0;;;451;675;12052;
359;8;12622;L;7;0;;;451;629;12052;
359;8;12626;L;7;0;;;451;632;12052;
359;8;12672;L;7;0;;;451;666;12052;
359;8;12628;L;7;0;;;451;639;12052;
359;8;12580;L;7;0;;;451;603;12052;
359;8;12592;L;7;0;;;451;358;12052;
359;8;12658;L;7;0;;;451;659;12052;
359;8;12700;L;7;0;;;689;675;12052;
359;8;12702;L;7;0;;;689;691;12052;
359;8;12714;L;7;0;;;689;697;12052;
359;8;12482;L;7;0;;;459;366;12052;
359;8;12606;L;7;0;;;459;623;12052;
359;8;12616;L;7;0;;;459;630;12052;
359;8;12578;L;7;0;;;459;601;12052;
359;8;12678;L;7;0;;;459;666;12052;
359;8;12556;L;7;0;;;459;578;12052;
359;8;12594;L;7;0;;;459;603;12052;
359;8;12574;L;7;0;;;459;597;12052;
359;8;12660;L;7;0;;;459;659;12052;
359;8;12582;L;7;0;;;459;605;12052;
359;8;12704;L;7;0;;;678;694;12052;
359;8;12252;L;1;1;5;251;220;333;12052;
359;8;13898;L;1;4;5;1227;1197;327;12052;
359;8;14056;L;1;4;5;1271;1302;775;12052;
359;8;15254;L;1;4;5;916;283;1450;12052;
359;8;14052;L;1;4;5;1307;794;1304;12052;
359;8;12440;L;7;0;;;251;435;12052;
359;8;12426;L;7;0;;;251;437;12052;
359;8;12788;L;7;0;;;251;270;12052;
359;8;12994;L;7;0;;;251;725;12052;
359;8;12442;L;7;0;;;251;488;12052;
359;8;12834;L;7;0;;;251;794;12052;
359;8;12802;L;7;0;;;251;768;12052;
359;8;12998;L;7;0;;;251;283;12052;
359;8;12792;L;7;0;;;251;333;12052;
359;8;13032;L;7;0;;;251;314;12052;
359;8;15419;L;7;0;;;251;931;12052;
359;8;12832;L;7;0;;;251;791;12052;
359;8;12828;L;7;0;;;251;789;12052;
359;8;12814;L;7;0;;;251;775;12052;
359;8;12798;L;7;0;;;251;286;12052;
359;8;15572;L;7;0;;;251;328;12052;
359;8;13014;L;7;0;;;251;925;12052;
359;8;12430;L;7;0;;;479;244;12052;
359;8;12992;L;7;0;;;479;270;12052;
359;8;12874;L;7;0;;;479;826;12052;
359;8;12888;L;7;0;;;479;842;12052;
359;8;12804;L;7;0;;;479;768;12052;
359;8;12892;L;7;0;;;479;322;12052;
359;8;12812;L;7;0;;;479;331;12052;
359;8;13042;L;7;0;;;777;319;12052;
359;8;13034;L;7;0;;;777;315;12052;
359;8;12996;L;7;0;;;777;283;12052;
359;8;12836;L;7;0;;;777;796;12052;
359;8;13018;L;7;0;;;777;929;12052;
359;8;12868;L;7;0;;;777;324;12052;
359;8;12866;L;7;0;;;777;820;12052;
359;8;12852;L;7;0;;;777;325;12052;
359;8;12818;L;7;0;;;777;329;12052;
359;8;13016;L;7;0;;;777;320;12052;
359;8;12436;L;7;0;;;476;244;12052;
359;8;12434;L;7;0;;;476;435;12052;
359;8;15403;L;7;0;;;476;1509;12052;
359;8;12980;L;7;0;;;476;283;12052;
359;8;12840;L;7;0;;;476;327;12052;
359;8;12806;L;7;0;;;476;331;12052;
359;8;12842;L;7;0;;;476;376;12052;
359;8;12886;L;7;0;;;476;840;12052;
359;8;12848;L;7;0;;;476;326;12052;
359;8;12856;L;7;0;;;781;811;12052;
359;8;12826;L;7;0;;;781;787;12052;
359;8;13044;L;7;0;;;781;319;12052;
359;8;12838;L;7;0;;;781;796;12052;
359;8;13006;L;7;0;;;781;919;12052;
359;8;13008;L;7;0;;;781;921;12052;
359;8;13004;L;7;0;;;781;916;12052;
359;8;12820;L;7;0;;;781;780;12052;
359;8;13024;L;7;0;;;781;934;12052;
359;8;13020;L;7;0;;;781;931;12052;
359;8;12860;L;7;0;;;781;815;12052;
359;8;12273;L;1;1;7;270;334;354;12052;
359;8;15225;L;1;4;7;334;283;270;12052;
359;8;15059;L;1;4;7;288;1268;286;12052;
359;8;15157;L;1;4;7;285;1427;270;12052;
359;8;15429;L;1;4;7;338;336;270;12052;
359;8;12786;L;7;0;;;270;251;12052;
359;8;12986;L;7;0;;;270;781;12052;
359;8;12970;L;7;0;;;270;836;12052;
359;8;12750;L;7;0;;;270;353;12052;
359;8;12754;L;7;0;;;270;735;12052;
359;8;15434;L;7;0;;;270;1557;12052;
359;8;12772;L;7;0;;;270;350;12052;
359;8;12780;L;7;0;;;270;349;12052;
359;8;12766;L;7;0;;;270;285;12052;
359;8;15438;L;7;0;;;270;1561;12052;
359;8;12760;L;7;0;;;270;352;12052;
359;8;12762;L;7;0;;;270;742;12052;
359;8;14400;L;7;0;;;270;338;12052;
359;8;12732;L;7;0;;;270;716;12052;
359;8;12778;L;7;0;;;270;752;12052;
359;8;12784;L;7;0;;;270;348;12052;
359;8;12496;L;7;0;;;531;244;12052;
359;8;12498;L;7;0;;;531;244;12052;
359;8;12968;L;7;0;;;531;247;12052;
359;8;12752;L;7;0;;;531;733;12052;
359;8;12954;L;7;0;;;531;336;12052;
359;8;12960;L;7;0;;;531;891;12052;
359;8;12764;L;7;0;;;531;352;12052;
359;8;12916;L;7;0;;;531;862;12052;
359;8;12944;L;7;0;;;531;339;12052;
359;8;12934;L;7;0;;;531;873;12052;
359;8;12926;L;7;0;;;531;864;12052;
359;8;12922;L;7;0;;;531;867;12052;
359;8;12984;L;7;0;;;718;227;12052;
359;8;12982;L;7;0;;;718;251;12052;
359;8;12904;L;7;0;;;718;854;12052;
359;8;12898;L;7;0;;;718;346;12052;
359;8;12902;L;7;0;;;718;852;12052;
359;8;12740;L;7;0;;;718;354;12052;
359;8;12492;L;7;0;;;527;244;12052;
359;8;12928;L;7;0;;;527;341;12052;
359;8;12978;L;7;0;;;527;902;12052;
359;8;12950;L;7;0;;;527;883;12052;
359;8;12946;L;7;0;;;527;338;12052;
359;8;12920;L;7;0;;;527;864;12052;
359;8;12976;L;7;0;;;527;899;12052;
359;8;12964;L;7;0;;;527;335;12052;
359;8;12936;L;7;0;;;527;340;12052;
359;8;12908;L;7;0;;;725;345;12052;
359;8;12112;L;1;1;8;247;275;220;12052;
359;8;13498;L;1;4;8;275;3330;1182;12052;
359;8;13058;L;7;0;;;247;962;12052;
359;8;15564;L;7;0;;;247;296;12052;
359;8;13072;L;7;0;;;247;976;12052;
359;8;12966;L;7;0;;;828;527;12052;
359;8;12876;L;7;0;;;828;829;12052;
359;8;13066;L;7;0;;;828;972;12052;
359;8;12880;L;7;0;;;828;834;12052;
359;8;13080;L;7;0;;;980;386;12052;
359;8;13056;L;7;0;;;836;295;12052;
359;8;13070;L;7;0;;;836;970;12052;
359;8;13074;L;7;0;;;836;976;12052;
359;8;12056;L;2;1;9;220;;;12052;
359;8;13935;L;1;4;;1203;1205;1204;12052;
359;8;12576;L;7;0;;;599;451;12052;
359;8;14809;L;1;4;;158;697;134;12052;
359;8;14820;L;1;4;;163;131;162;12052;
359;8;14812;L;1;4;;134;131;366;12052;
359;8;15473;L;1;4;;473;375;1571;12052;
359;8;12878;L;7;0;;;829;836;12052;
359;8;15464;L;1;4;;811;1200;813;12052;
359;8;12470;L;7;0;;;508;435;12052;
359;8;13425;L;1;4;;1162;1159;1158;12052;
359;8;14108;L;1;4;;1323;336;1324;12052;
359;8;14116;L;1;4;;1238;1324;337;12052;
359;8;14566;L;1;4;;84;83;85;12052;
359;8;13328;L;1;4;;1109;1121;220;12052;
359;8;12894;L;7;0;;;846;476;12052;
359;8;15228;L;1;4;;846;1444;323;12052;
359;8;14452;L;1;4;;32;23;33;12052;
359;8;14447;L;1;4;;23;10;31;12052;
359;8;14004;L;1;4;;1242;1262;1248;12052;
359;8;15173;L;1;4;;1432;1434;1431;12052;
359;8;12744;L;7;0;;;727;270;12052;
359;8;12746;L;7;0;;;727;527;12052;
359;8;15177;L;1;4;;727;724;1431;12052;
359;8;13855;L;1;4;;1282;1281;327;12052;
359;8;15168;L;1;4;;1431;1430;1433;12052;
359;8;15165;L;1;4;;1423;1421;1430;12052;
359;8;13882;L;1;4;;1215;1193;1218;12052;
359;8;15232;L;1;4;;1211;1205;323;12052;
359;8;14578;L;1;4;;89;87;85;12052;
359;8;15191;L;1;4;;1433;1431;354;12052;
359;8;13295;L;1;4;;232;220;234;12052;
359;8;15183;L;1;4;;353;724;1433;12052;
359;8;12756;L;7;0;;;737;270;12052;
359;8;14824;L;1;4;;162;163;160;12052;
359;8;13360;L;1;4;;1139;1140;237;12052;
359;8;12742;L;7;0;;;724;725;12052;
359;8;15203;L;1;4;;724;353;354;12052;
359;8;13277;L;1;4;;257;1070;252;12052;
359;8;14171;L;1;4;;1280;1302;1276;12052;
359;8;12570;L;7;0;;;594;459;12052;
359;8;14652;L;1;4;;594;94;109;12052;
359;8;13946;L;1;4;;1217;820;1231;12052;
359;8;15162;L;1;4;;1424;1427;352;12052;
359;8;12408;L;7;0;;;457;244;12052;
359;8;14699;L;1;4;;457;118;648;12052;
359;8;14943;L;1;4;;97;26;284;12052;
359;8;14157;L;1;4;;1295;324;516;12052;
359;8;14441;L;1;4;;10;29;18;12052;
359;8;12550;L;7;0;;;574;284;12052;
359;8;14409;L;1;4;;15;10;268;12052;
359;8;14283;L;1;4;;1348;1268;289;12052;
359;8;15065;L;1;4;;854;1401;1502;12052;
359;8;12768;L;7;0;;;746;270;12052;
359;8;15143;L;1;4;;746;1426;1417;12052;
359;8;12720;L;7;0;;;708;284;12052;
359;8;14764;L;1;4;;708;163;141;12052;
359;8;14792;L;1;4;;153;708;284;12052;
359;8;13740;L;1;4;;1256;842;1242;12052;
359;8;15398;L;1;4;;1450;916;248;12052;
359;8;13744;L;1;4;;1257;1258;1243;12052;
359;8;13600;L;1;4;;1221;1218;1222;12052;
359;8;13767;L;1;4;;842;322;516;12052;
359;8;14086;L;1;4;;1313;794;1310;12052;
359;8;14089;L;1;4;;1310;794;1266;12052;
359;8;15046;L;1;4;;1397;1395;346;12052;
359;8;15035;L;1;4;;1403;332;286;12052;
359;8;13501;L;1;4;;1183;247;1580;12052;
359;8;12448;L;7;0;;;488;244;12052;
359;8;12446;L;7;0;;;488;437;12052;
359;8;12450;L;7;0;;;488;476;12052;
359;8;14019;L;1;4;;488;1275;375;12052;
359;8;13873;L;1;4;;375;327;1285;12052;
359;8;15470;L;1;4;;1570;375;488;12052;
359;8;12506;L;7;0;;;295;1592;12052;
359;8;13060;L;7;0;;;295;828;12052;
359;8;13394;L;1;4;;295;1151;386;12052;
359;8;15101;L;1;4;;1416;1417;350;12052;
359;8;15373;L;1;4;;318;1478;249;12052;
359;8;14926;L;1;4;;196;194;197;12052;
359;8;14175;L;1;4;;1334;1280;1305;12052;
359;8;14329;L;1;4;;1363;1368;343;12052;
359;8;14354;L;1;4;;1364;1351;343;12052;
359;8;15198;L;1;4;;1437;1440;724;12052;
359;8;12774;L;7;0;;;750;270;12052;
359;8;13474;L;1;4;;387;291;1164;12052;
359;8;14134;L;1;4;;1326;1288;1322;12052;
359;8;14128;L;1;4;;1322;1297;1288;12052;
359;8;14302;L;1;4;;1350;1344;1358;12052;
359;8;15364;L;1;4;;1484;1483;1476;12052;
359;8;15348;L;1;4;;1477;1486;249;12052;
359;8;13541;L;1;4;;1201;818;516;12052;
359;8;14358;L;1;4;;1371;270;860;12052;
359;8;14469;L;1;4;;39;38;43;12052;
359;8;14100;L;1;4;;1297;516;1320;12052;
359;8;15534;L;1;4;;1237;1297;337;12052;
359;8;13758;L;1;4;;1260;323;1261;12052;
359;8;12956;L;7;0;;;336;527;12052;
359;8;13787;L;1;4;;336;842;1144;12052;
359;8;12958;L;7;0;;;889;527;12052;
359;8;13368;L;1;4;;1141;1133;1145;12052;
359;8;13078;L;7;0;;;246;980;12052;
359;8;13415;L;1;4;;246;970;386;12052;
359;8;13373;L;1;4;;242;1145;1148;12052;
359;8;13384;L;1;4;;1144;336;296;12052;
359;8;13387;L;1;4;;296;1144;247;12052;
359;8;13364;L;1;4;;239;1135;1133;12052;
359;8;13351;L;1;4;;237;1133;1136;12052;
359;8;14929;L;1;4;;138;197;708;12052;
359;8;14387;L;1;4;;1387;3307;1386;12052;
359;8;12952;L;7;0;;;885;531;12052;
359;8;15073;L;1;4;;1411;286;1413;12052;
359;8;13038;L;7;0;;;319;777;12052;
359;8;13040;L;7;0;;;319;781;12052;
359;8;15354;L;1;4;;319;251;317;12052;
359;8;12540;L;7;0;;;291;244;12052;
359;8;12542;L;7;0;;;291;435;12052;
359;8;13400;L;1;4;;291;386;241;12052;
359;8;12544;L;7;0;;;562;435;12052;
359;8;13749;L;1;4;;1359;1358;1348;12052;
359;8;13422;L;1;4;;1160;1158;1164;12052;
359;8;13046;L;7;0;;;312;949;12052;
359;8;14590;L;1;4;;20;19;268;12052;
359;8;14611;L;1;4;;94;25;100;12052;
359;8;13036;L;7;0;;;315;781;12052;
359;8;12245;L;1;1;;315;251;318;12052;
359;8;15351;L;1;4;;249;318;220;12052;
359;8;13054;L;7;0;;;957;956;12052;
359;8;15427;L;7;0;;;1551;1549;12052;
359;8;15421;L;7;0;;;1551;1473;12052;
359;8;15315;L;1;4;;1473;1482;1475;12052;
359;8;13050;L;7;0;;;954;951;12052;
359;8;13653;L;1;4;;1216;807;269;12052;
359;8;14845;L;1;4;;168;17;24;12052;
359;8;14547;L;1;4;;77;651;79;12052;
359;8;14423;L;1;4;;24;18;268;12052;
359;8;12870;L;7;0;;;823;777;12052;
359;8;13690;L;1;4;;823;1235;1243;12052;
359;8;13686;L;1;4;;1209;834;1235;12052;
359;8;13748;L;1;4;;1247;1241;1243;12052;
359;8;14234;L;1;4;;1344;1287;1351;12052;
359;8;13062;L;7;0;;;366;284;12052;
359;8;14834;L;1;4;;366;706;284;12052;
359;8;14247;L;1;4;;1349;1347;1344;12052;
359;8;14016;L;1;4;;1284;375;488;12052;
359;8;14524;L;1;4;;62;1500;63;12052;
359;8;12850;L;7;0;;;807;777;12052;
359;8;13556;L;1;4;;807;1193;1212;12052;
359;8;15537;L;1;4;;521;244;1296;12052;
359;8;14144;L;1;4;;1329;524;1328;12052;
359;8;13717;L;1;4;;1253;1235;842;12052;
359;8;13714;L;1;4;;1252;1205;1235;12052;
359;8;12610;L;7;0;;;361;451;12052;
359;8;15555;L;1;4;;361;3288;63;12052;
359;8;14521;L;1;4;;3289;65;1500;12052;
359;8;12600;L;7;0;;;618;459;12052;
359;8;14507;L;1;4;;58;59;1500;12052;
359;8;13335;L;1;4;;1125;274;232;12052;
359;8;15411;L;7;0;;;313;1527;12052;
359;8;15273;L;1;4;;313;272;1461;12052;
359;8;12546;L;7;0;;;570;459;12052;
359;8;15502;L;1;4;;1097;1099;307;12052;
359;8;14348;L;1;4;;1361;1367;289;12052;
359;8;12930;L;7;0;;;341;527;12052;
359;8;14253;L;1;4;;341;1344;873;12052;
359;8;14067;L;1;4;;794;1310;1302;12052;
359;8;14063;L;1;4;;1279;794;1276;12052;
359;8;15405;L;7;0;;;1509;476;12052;
359;8;13942;L;1;4;;1204;1201;1213;12052;
359;8;13698;L;1;4;;1241;1244;336;12052;
359;8;12910;L;7;0;;;289;718;12052;
359;8;12912;L;7;0;;;289;725;12052;
359;8;14291;L;1;4;;289;1348;1362;12052;
359;8;14250;L;1;4;;1353;340;341;12052;
359;8;13818;L;1;4;;1267;1212;1270;12052;
359;8;14463;L;1;4;;3318;35;38;12052;
359;8;15497;L;1;4;;1197;325;1227;12052;
359;8;14510;L;1;4;;1500;58;62;12052;
359;8;12604;L;7;0;;;620;451;12052;
359;8;15152;L;1;4;;1427;746;1429;12052;
359;8;14864;L;1;4;;18;17;23;12052;
359;8;14696;L;1;4;;45;119;73;12052;
359;8;12642;L;7;0;;;648;284;12052;
359;8;14544;L;1;4;;651;284;77;12052;
359;8;14123;L;1;4;;1288;338;269;12052;
359;8;14965;L;1;4;;161;163;214;12052;
359;8;15370;L;1;4;;1478;1487;317;12052;
359;8;15585;L;1;4;;1263;838;1262;12052;
359;8;15467;L;1;4;;1193;1568;1215;12052;
359;8;13521;L;1;4;;1193;468;1198;12052;
359;8;13356;L;1;4;;1137;1138;1135;12052;
359;8;15546;L;1;4;;1234;1216;1225;12052;
359;8;14012;L;1;4;;1243;1257;1247;12052;
359;8;14105;L;1;4;;1321;1320;1322;12052;
359;8;14188;L;1;4;;1336;1272;1335;12052;
359;8;13052;L;7;0;;;956;957;12052;
359;8;15293;L;1;4;;1466;1085;1467;12052;
359;8;15039;L;1;4;;287;1405;1397;12052;
359;8;13847;L;1;4;;1199;1193;1219;12052;
359;8;13536;L;1;4;;1200;325;818;12052;
359;8;15562;L;7;0;;;299;3290;12052;
359;8;13096;L;7;0;;;299;987;12052;
359;8;13184;L;1;4;;299;1069;255;12052;
359;8;13795;L;1;4;;1188;818;1205;12052;
359;8;13287;L;1;4;;1073;299;252;12052;
359;8;15341;L;1;4;;1485;319;1484;12052;
359;8;15296;L;1;4;;1467;317;319;12052;
359;8;12370;L;7;0;;;372;395;12052;
359;8;12366;L;7;0;;;372;1592;12052;
359;8;14959;L;1;4;;372;398;373;12052;
359;8;15392;L;1;4;;248;1449;1495;12052;
359;8;14874;L;1;4;;120;19;178;12052;
359;8;12824;L;7;0;;;330;777;12052;
359;8;14393;L;1;4;;1391;1390;1392;12052;
359;8;13428;L;1;4;;1163;1158;1164;12052;
359;8;13260;L;1;4;;1099;307;1100;12052;
359;8;12800;L;7;0;;;332;251;12052;
359;8;15025;L;1;4;;332;1402;1395;12052;
359;8;15029;L;1;4;;1395;1397;332;12052;
359;8;13118;L;7;0;;;261;1018;12052;
359;8;13114;L;7;0;;;261;1015;12052;
359;8;13124;L;7;0;;;261;1021;12052;
359;8;12219;L;1;1;;261;220;303;12052;
359;8;13120;L;7;0;;;1018;261;12052;
359;8;13116;L;7;0;;;1015;261;12052;
359;8;13836;L;1;4;;1276;1275;1280;12052;
359;8;14026;L;1;4;;1285;375;1277;12052;
359;8;13832;L;1;4;;1275;468;1276;12052;
359;8;14060;L;1;4;;1299;488;1285;12052;
359;8;14030;L;1;4;;1277;488;1285;12052;
359;8;14676;L;7;0;;;385;244;12052;
359;8;12500;L;7;0;;;385;395;12052;
359;8;13455;L;1;4;;385;537;295;12052;
359;8;14895;L;1;4;;105;34;104;12052;
359;8;14541;L;1;4;;105;100;603;12052;
359;8;12404;L;7;0;;;454;284;12052;
359;8;12620;L;7;0;;;454;451;12052;
359;8;12640;L;7;0;;;454;451;12052;
359;8;14518;L;1;4;;454;62;284;12052;
359;8;13291;L;1;4;;1069;298;1068;12052;
359;8;15600;L;1;4;;902;842;252;12052;
359;8;14891;L;1;4;;34;33;100;12052;
359;8;13490;L;1;4;;1177;280;1178;12052;
359;8;14840;L;1;4;;374;100;167;12052;
359;8;12390;L;7;0;;;441;437;12052;
359;8;12386;L;7;0;;;438;435;12052;
359;8;14703;L;1;4;;19;90;121;12052;
359;8;14711;L;1;4;;26;121;100;12052;
359;8;13084;L;7;0;;;255;988;12052;
359;8;13090;L;7;0;;;255;995;12052;
359;8;12211;L;1;1;;255;297;220;12052;
359;8;15560;L;7;0;;;3290;299;12052;
359;8;13094;L;7;0;;;987;299;12052;
359;8;13082;L;7;0;;;987;298;12052;
359;8;14269;L;1;4;;1355;873;1351;12052;
359;8;14903;L;1;4;;184;186;38;12052;
359;8;12384;L;7;0;;;433;395;12052;
359;8;13515;L;1;4;;1190;1187;326;12052;
359;8;14515;L;1;4;;63;1500;62;12052;
359;8;13471;L;1;4;;243;1164;1150;12052;
359;8;15458;L;1;4;;1567;1443;1470;12052;
359;8;15214;L;1;4;;283;1189;916;12052;
359;8;15508;L;1;4;;1294;324;516;12052;
359;8;14023;L;1;4;;796;1285;1298;12052;
359;8;13068;L;7;0;;;972;836;12052;
359;8;13391;L;1;4;;972;1152;970;12052;
359;8;13858;L;1;4;;1220;1218;463;12052;
359;8;14097;L;1;4;;1265;1212;324;12052;
359;8;14227;L;1;4;;1343;1287;1346;12052;
359;8;14852;L;1;4;;170;31;172;12052;
359;8;14587;L;1;4;;90;11;19;12052;
359;8;14403;L;1;4;;9;5;11;12052;
359;8;14859;L;1;4;;166;173;374;12052;
359;8;14563;L;1;4;;83;84;364;12052;
359;8;12478;L;7;0;;;516;435;12052;
359;8;13979;L;1;4;;516;1235;1287;12052;
359;8;14147;L;1;4;;1330;516;381;12052;
359;8;14638;L;1;4;;583;53;284;12052;
359;8;14719;L;1;4;;100;94;374;12052;
359;8;13339;L;1;4;;274;264;1130;12052;
359;8;15505;L;1;4;;1128;274;1129;12052;
359;8;14215;L;1;4;;1342;382;1341;12052;
359;8;14339;L;1;4;;1365;1358;1360;12052;
359;8;15207;L;1;4;;1438;1437;1435;12052;
359;8;12638;L;7;0;;;645;459;12052;
359;8;13439;L;1;4;;1151;295;296;12052;
359;8;13532;L;1;4;;1194;468;1193;12052;
359;8;13955;L;1;4;;1207;1205;1201;12052;
359;8;14305;L;1;4;;1358;1348;1365;12052;
359;8;13612;L;1;4;;1226;1195;326;12052;
359;8;12598;L;7;0;;;360;451;12052;
359;8;14678;L;1;4;;360;66;648;12052;
359;8;13378;L;1;4;;1148;1149;242;12052;
359;8;15093;L;1;4;;1409;287;1406;12052;
359;8;12770;L;7;0;;;350;270;12052;
359;8;15097;L;1;4;;350;286;270;12052;
359;8;13852;L;1;4;;1219;1218;1281;12052;
359;8;12682;L;7;0;;;675;284;12052;
359;8;12684;L;7;0;;;675;459;12052;
359;8;12686;L;7;0;;;675;678;12052;
359;8;14755;L;1;4;;675;73;132;12052;
359;8;12688;L;7;0;;;680;284;12052;
359;8;12692;L;7;0;;;680;459;12052;
359;8;12690;L;7;0;;;680;678;12052;
359;8;15579;L;1;4;;347;1411;270;12052;
359;8;14641;L;1;4;;109;28;55;12052;
359;8;15108;L;1;4;;349;270;752;12052;
359;8;14746;L;1;4;;130;675;73;12052;
359;8;12412;L;7;0;;;461;437;12052;
359;8;15476;L;1;4;;469;463;1573;12052;
359;8;13867;L;1;4;;1195;1193;375;12052;
359;8;13862;L;1;4;;1187;1283;1195;12052;
359;8;13815;L;1;4;;1269;1212;324;12052;
359;8;13886;L;1;4;;463;469;375;12052;
359;8;15195;L;1;4;;1378;354;344;12052;
359;8;15308;L;1;4;;316;321;315;12052;
359;8;13048;L;7;0;;;951;1551;12052;
359;8;15454;L;1;4;;1454;320;916;12052;
359;8;15482;L;1;4;;1566;271;1575;12052;
359;8;15588;L;1;4;;1469;929;3309;12052;
359;8;15445;L;1;4;;271;1461;320;12052;
359;8;15303;L;1;4;;929;1468;316;12052;
359;8;15461;L;1;4;;1470;316;1454;12052;
359;8;13002;L;7;0;;;916;777;12052;
359;8;15258;L;1;4;;1453;321;1452;12052;
359;8;15300;L;1;4;;1468;1443;929;12052;
359;8;14160;L;1;4;;1296;324;382;12052;
359;8;14164;L;1;4;;380;244;1332;12052;
359;8;15607;L;1;4;;3323;264;3321;12052;
359;8;13138;L;7;0;;;307;1037;12052;
359;8;13256;L;1;4;;307;262;1098;12052;
359;8;13142;L;7;0;;;1041;1042;12052;
359;8;13134;L;7;0;;;1034;262;12052;
359;8;15603;L;1;4;;3321;1105;264;12052;
359;8;13144;L;7;0;;;262;1041;12052;
359;8;13136;L;7;0;;;262;1034;12052;
359;8;13132;L;7;0;;;262;1031;12052;
359;8;12226;L;1;1;;262;220;308;12052;
359;8;13148;L;7;0;;;1037;307;12052;
359;8;13146;L;7;0;;;1037;1041;12052;
359;8;13264;L;1;4;;1091;1100;264;12052;
359;8;13381;L;1;4;;1150;243;1519;12052;
359;8;14786;L;1;4;;714;708;150;12052;
359;8;14789;L;1;4;;152;714;284;12052;
359;8;14230;L;1;4;;1346;1343;1348;12052;
359;8;14692;L;1;4;;118;117;119;12052;
359;8;15432;L;7;0;;;285;270;12052;
359;8;15436;L;7;0;;;1561;270;12052;
359;8;15517;L;1;4;;1210;1189;1205;12052;
359;8;13000;L;7;0;;;321;777;12052;
359;8;15239;L;1;4;;321;1447;916;12052;
359;8;15235;L;1;4;;1444;846;1447;12052;
359;8;12872;L;7;0;;;323;781;12052;
359;8;15611;L;1;4;;323;322;1218;12052;
359;8;14584;L;1;4;;42;39;88;12052;
359;8;12790;L;7;0;;;333;270;12052;
359;8;15077;L;1;4;;333;287;348;12052;
359;8;12858;L;7;0;;;813;781;12052;
359;8;13906;L;1;4;;813;227;269;12052;
359;8;12758;L;7;0;;;352;270;12052;
359;8;15137;L;1;4;;352;1424;1421;12052;
359;8;12882;L;7;0;;;834;836;12052;
359;8;13507;L;1;4;;834;1187;247;12052;
359;8;14211;L;1;4;;1341;382;1287;12052;
359;8;14218;L;1;4;;1287;324;269;12052;
359;8;15367;L;1;4;;1487;1483;1474;12052;
359;8;13647;L;1;4;;1231;1212;1217;12052;
359;8;13346;L;1;4;;236;1130;220;12052;
359;8;14624;L;1;4;;104;601;105;12052;
359;8;15549;L;1;4;;3287;332;1395;12052;
359;8;12748;L;7;0;;;730;270;12052;
359;8;14333;L;1;4;;1369;1351;1368;12052;
359;8;12208;L;1;1;;297;298;255;12052;
359;8;14500;L;1;4;;56;55;59;12052;
359;8;14504;L;1;4;;59;56;58;12052;
359;8;13088;L;7;0;;;298;993;12052;
359;8;13170;L;1;4;;298;297;255;12052;
359;8;13086;L;7;0;;;991;255;12052;
359;8;14345;L;1;4;;862;1371;1361;12052;
359;8;14672;L;7;0;;;883;270;12052;
359;8;13673;L;1;4;;883;337;338;12052;
359;8;12948;L;7;0;;;338;527;12052;
359;8;12942;L;7;0;;;339;531;12052;
359;8;14140;L;1;4;;381;244;524;12052;
359;8;14455;L;1;4;;33;32;35;12052;
359;8;14137;L;1;4;;1328;1329;244;12052;
359;8;14681;L;1;4;;67;360;457;12052;
359;8;13140;L;7;0;;;1039;1037;12052;
359;8;13268;L;1;4;;1039;306;1104;12052;
359;8;12135;L;1;1;;292;241;293;12052;
359;8;12138;L;1;1;;293;292;294;12052;
359;8;13298;L;1;3;;234;220;1625;12052;
359;8;14459;L;1;4;;35;33;37;12052;
359;8;14527;L;1;4;;629;66;454;12052;
359;8;12618;L;7;0;;;632;459;12052;
359;8;13308;L;1;4;;1107;234;1106;12052;
359;8;15334;L;1;4;;1482;315;1483;12052;
359;8;14194;L;1;4;;1337;1338;1340;12052;
359;8;14040;L;1;4;;1302;328;1270;12052;
359;8;14200;L;1;4;;1270;1302;1268;12052;
359;8;12932;L;7;0;;;873;531;12052;
359;8;14265;L;1;4;;873;340;1355;12052;
359;8;15389;L;1;4;;1490;250;1476;12052;
359;8;14627;L;1;4;;601;100;605;12052;
359;8;15244;L;1;4;;322;323;1444;12052;
359;8;15222;L;1;4;;1441;283;227;12052;
359;8;13064;L;7;0;;;970;828;12052;
359;8;13459;L;1;4;;970;385;246;12052;
359;8;13076;L;7;0;;;976;836;12052;
359;8;13580;L;1;4;;1218;468;516;12052;
359;8;14630;L;1;4;;52;54;55;12052;
359;8;12568;L;7;0;;;54;451;12052;
359;8;14494;L;1;4;;54;52;53;12052;
359;8;14560;L;1;4;;364;83;659;12052;
359;8;12566;L;7;0;;;53;459;12052;
359;8;14497;L;1;4;;53;54;55;12052;
359;8;14644;L;1;4;;55;109;52;12052;
359;8;14634;L;1;4;;356;54;55;12052;
359;8;13100;L;7;0;;;300;1004;12052;
359;8;13179;L;1;4;;300;257;301;12052;
359;8;13842;L;1;4;;1230;1218;463;12052;
359;8;14475;L;1;4;;44;43;648;12052;
359;8;14689;L;1;4;;117;118;116;12052;
359;8;14428;L;1;4;;25;26;28;12052;
359;8;14831;L;1;4;;135;131;366;12052;
359;8;13663;L;1;4;;337;1235;883;12052;
359;8;12374;L;7;0;;;425;1592;12052;
359;8;14906;L;1;4;;425;373;186;12052;
359;8;12718;L;7;0;;;706;284;12052;
359;8;12360;L;7;0;;;371;395;12052;
359;8;12364;L;7;0;;;371;1592;12052;
359;8;13596;L;1;4;;1196;1193;1218;12052;
359;8;12896;L;7;0;;;346;718;12052;
359;8;15019;L;1;4;;346;1520;331;12052;
359;8;15014;L;1;4;;346;349;1397;12052;
359;8;12900;L;7;0;;;850;725;12052;
359;8;12464;L;7;0;;;378;435;12052;
359;8;14075;L;1;4;;378;269;1310;12052;
359;8;12906;L;7;0;;;345;718;12052;
359;8;13241;L;1;4;;303;305;306;12052;
359;8;13128;L;7;0;;;1025;304;12052;
359;8;13122;L;7;0;;;1021;261;12052;
359;8;14438;L;1;4;;7;5;10;12052;
359;8;14295;L;1;4;;343;1348;1362;12052;
359;8;12918;L;7;0;;;864;527;12052;
359;8;12924;L;7;0;;;867;527;12052;
359;8;15494;L;1;4;;1578;1385;1579;12052;
359;8;13627;L;1;4;;327;468;251;12052;
359;8;15576;L;1;4;;3316;332;1395;12052;
359;8;15140;L;1;4;;351;285;270;12052;
359;8;12810;L;7;0;;;331;479;12052;
359;8;12808;L;7;0;;;331;476;12052;
359;8;15008;L;1;4;;331;251;346;12052;
359;8;14921;L;1;4;;193;194;184;12052;
359;8;15084;L;1;4;;1406;287;350;12052;
359;8;13681;L;1;4;;1240;1235;838;12052;
359;8;13677;L;1;4;;1208;834;1235;12052;
359;8;15415;L;7;0;;;1462;949;12052;
359;8;15280;L;1;4;;1462;1461;313;12052;
359;8;15277;L;1;4;;1459;1460;282;12052;
359;8;13030;L;7;0;;;314;781;12052;
359;8;12242;L;1;1;;314;272;251;12052;
359;8;13026;L;7;0;;;934;251;12052;
359;8;13028;L;7;0;;;934;781;12052;
359;8;13022;L;7;0;;;931;777;12052;
359;8;12884;L;7;0;;;838;479;12052;
359;8;12890;L;7;0;;;838;476;12052;
359;8;15612;L;1;4;;838;842;336;12052;
359;8;12972;L;7;0;;;252;531;12052;
359;8;13201;L;1;4;;252;1077;1464;12052;
359;8;15247;L;1;4;;252;838;1449;12052;
359;8;15440;L;1;4;;254;252;220;12052;
359;8;13220;L;1;4;;1088;1087;261;12052;
359;8;15250;L;1;4;;1449;252;317;12052;
359;8;13217;L;1;4;;1086;1077;1087;12052;
359;8;13223;L;1;4;;306;261;1090;12052;
359;8;13130;L;7;0;;;1031;262;12052;
359;8;15321;L;1;4;;317;1467;1449;12052;
359;8;15425;L;7;0;;;1547;954;12052;
359;8;15290;L;1;4;;1085;1465;1466;12052;
359;8;12974;L;7;0;;;899;270;12052;
359;8;15287;L;1;4;;1464;252;1465;12052;
359;8;13228;L;1;4;;264;1090;1092;12052;
359;8;13108;L;7;0;;;259;1009;12052;
359;8;13104;L;7;0;;;259;1006;12052;
359;8;12215;L;1;1;;259;300;220;12052;
359;8;13098;L;7;0;;;1002;300;12052;
359;8;13112;L;7;0;;;1002;301;12052;
359;8;13110;L;7;0;;;1002;1009;12052;
359;8;12237;L;1;1;;272;247;314;12052;
359;8;15413;L;7;0;;;949;1462;12052;
359;8;15407;L;7;0;;;1527;312;12052;
359;8;15409;L;7;0;;;1527;313;12052;
359;8;15417;L;7;0;;;1527;1536;12052;
359;8;15262;L;1;4;;282;1455;1459;12052;
359;8;15269;L;1;4;;1460;1455;313;12052;
359;8;15284;L;1;4;;1461;282;313;12052;
359;8;13175;L;1;4;;1070;255;257;12052;
359;8;13092;L;7;0;;;998;255;12052;
359;8;14361;L;1;4;;344;270;1378;12052;
359;8;15423;L;7;0;;;1545;954;12052;
359;8;13485;L;1;4;;1131;249;236;12052;
359;8;15383;L;1;4;;250;1474;317;12052;
359;8;13643;L;1;4;;1225;269;1212;12052;
359;8;12830;L;7;0;;;791;251;12052;
359;8;13304;L;1;4;;233;1109;1107;12052;
359;8;13407;L;1;4;;1154;291;1157;12052;
359;8;15358;L;1;4;;1474;250;315;12052;
359;8;14244;L;1;4;;1347;1268;1346;12052;
359;8;14311;L;1;4;;1351;1348;1364;12052;
359;8;12510;L;7;0;;;290;435;12052;
359;8;12512;L;7;0;;;290;437;12052;
359;8;13448;L;1;4;;290;291;1155;12052;
359;8;12518;L;7;0;;;545;244;12052;
359;8;12520;L;7;0;;;545;437;12052;
359;8;12528;L;7;0;;;545;241;12052;
359;8;13442;L;1;4;;245;220;1165;12052;
359;8;13412;L;1;4;;1158;1159;1163;12052;
359;8;13322;L;1;3;;1117;1116;1118;12052;
359;8;13312;L;1;3;;1106;1111;1114;12052;
359;8;13319;L;1;3;;1115;1114;1116;12052;
359;8;13325;L;1;3;;1119;1118;1120;12052;
359;8;13445;L;1;4;;1165;1164;290;12052;
359;8;12396;L;7;0;;;448;284;12052;
359;8;12400;L;7;0;;;448;451;12052;
359;8;12862;L;7;0;;;815;777;12052;
359;8;13603;L;1;4;;815;807;1225;12052;
359;8;14435;L;1;4;;11;8;9;12052;
359;8;13567;L;1;4;;1214;1195;323;12052;
359;8;12822;L;7;0;;;784;781;12052;
359;8;14856;L;1;4;;173;172;166;12052;
359;8;12914;L;7;0;;;860;718;12052;
359;8;15591;L;1;4;;860;1371;1361;12052;
359;8;14758;L;1;4;;131;73;136;12052;
359;8;14828;L;1;4;;136;131;164;12052;
359;8;14909;L;1;4;;186;425;184;12052;
359;8;13547;L;1;4;;1205;1206;1211;12052;
359;8;13493;L;1;4;;280;1179;247;12052;
359;8;14204;L;1;4;;1338;1337;1267;12052;
359;8;12728;L;7;0;;;367;284;12052;
359;8;14781;L;1;4;;367;368;148;12052;
359;8;13166;L;7;0;;;310;1064;12052;
359;8;12234;L;1;1;;310;305;311;12052;
359;8;13238;L;1;4;;310;1094;311;12052;
359;8;14947;L;1;4;;29;10;200;12052;
359;8;14432;L;1;4;;8;5;11;12052;
359;8;12612;L;7;0;;;627;459;12052;
359;8;14395;L;1;4;;5;6;9;12052;
359;8;13825;L;1;4;;468;1524;1275;12052;
359;8;14320;L;1;4;;1368;1361;1370;12052;
359;8;14413;L;1;4;;17;10;570;12052;
359;8;15130;L;1;4;;1388;1421;1372;12052;
359;8;14899;L;1;4;;38;37;374;12052;
359;8;14342;L;1;4;;1360;1365;1348;12052;
359;8;13939;L;1;4;;1289;1204;820;12052;
359;8;13821;L;1;4;;775;1270;1272;12052;
359;8;13650;L;1;4;;1232;269;1212;12052;
359;8;14805;L;1;4;;155;154;131;12052;
359;8;12668;L;7;0;;;666;284;12052;
359;8;12676;L;7;0;;;666;451;12052;
359;8;12674;L;7;0;;;666;459;12052;
359;8;14798;L;1;4;;666;154;157;12052;
359;8;12680;L;7;0;;;673;459;12052;
359;8;12706;L;7;0;;;697;284;12052;
359;8;12708;L;7;0;;;697;678;12052;
359;8;14962;L;1;4;;697;131;158;12052;
359;8;12710;L;7;0;;;700;284;12052;
359;8;14802;L;1;4;;157;155;666;12052;
359;8;12694;L;7;0;;;684;459;12052;
359;8;14795;L;1;4;;154;155;666;12052;
359;8;14276;L;1;4;;1268;1212;288;12052;
359;8;14280;L;1;4;;1357;1212;1348;12052;
359;8;13967;L;1;4;;324;1292;1268;12052;
359;8;12472;L;7;0;;;511;244;12052;
359;8;15211;L;1;4;;1435;353;727;12052;
359;8;13562;L;1;4;;820;1212;323;12052;
359;8;12652;L;7;0;;;363;284;12052;
359;8;14556;L;1;4;;363;73;284;12052;
359;8;15530;L;1;4;;3284;308;1052;12052;
359;8;13160;L;7;0;;;309;1057;12052;
359;8;13152;L;7;0;;;309;1048;12052;
359;8;13164;L;7;0;;;309;1060;12052;
359;8;12231;L;1;1;;309;308;305;12052;
359;8;13154;L;7;0;;;1053;1052;12052;
359;8;13247;L;1;4;;308;1096;309;12052;
359;8;13158;L;7;0;;;1057;309;12052;
359;8;13150;L;7;0;;;1048;309;12052;
359;8;14093;L;1;4;;1266;1212;1302;12052;
359;8;14570;L;1;4;;85;73;89;12052;
359;8;13250;L;1;4;;305;303;309;12052;
359;8;13168;L;7;0;;;1064;310;12052;
359;8;13162;L;7;0;;;1060;309;12052;
359;8;14686;L;1;4;;115;116;66;12052;
359;8;13156;L;7;0;;;1052;1055;12052;
359;8;13126;L;7;0;;;304;1025;12052;
359;8;12223;L;1;1;;304;303;305;12052;
359;8;13234;L;1;4;;304;305;1094;12052;
359;8;12588;L;7;0;;;57;451;12052;
359;8;12586;L;7;0;;;57;459;12052;
359;8;14665;L;1;4;;57;603;56;12052;
359;8;13958;L;1;4;;1235;323;1292;12052;
359;8;15124;L;1;4;;1420;288;752;12052;
359;8;14181;L;1;4;;1272;1303;775;12052;
359;8;13194;L;1;4;;258;1073;252;12052;
359;8;13283;L;1;4;;256;258;252;12052;
359;8;15552;L;1;4;;116;374;3288;12052;
359;8;12630;L;7;0;;;639;437;12052;
359;8;13930;L;1;4;;1213;820;1228;12052;
359;8;14816;L;1;4;;160;161;366;12052;
359;8;15582;L;1;4;;182;171;26;12052;
359;8;15104;L;1;4;;1417;286;3317;12052;
359;8;14120;L;1;4;;1324;1323;1237;12052;
359;8;12794;L;7;0;;;286;476;12052;
359;8;15049;L;1;4;;286;746;270;12052;
359;8;12796;L;7;0;;;764;476;12052;
359;8;12458;L;7;0;;;376;437;12052;
359;8;12844;L;7;0;;;376;479;12052;
359;8;13639;L;1;4;;376;1227;269;12052;
359;8;15524;L;1;3;;1625;234;1576;12052;
359;8;14606;L;1;4;;27;91;26;12052;
359;8;14112;L;1;4;;1236;1323;1297;12052;
359;8;15574;L;7;0;;;328;251;12052;
359;8;14035;L;1;4;;328;251;3312;12052;
359;8;15127;L;1;4;;1418;349;752;12052;
359;8;14418;L;1;4;;22;23;268;12052;
359;8;14379;L;1;4;;1376;344;1387;12052;
359;8;15378;L;1;4;;1476;317;318;12052;
359;8;14869;L;1;4;;31;23;33;12052;
359;8;15001;L;1;4;;294;1392;1387;12052;
359;8;12558;L;7;0;;;581;451;12052;
359;8;15543;L;1;4;;3286;1212;1213;12052;
359;8;13619;L;1;4;;1228;1229;516;12052;
359;8;14207;L;1;4;;382;244;1342;12052;
359;8;14882;L;1;4;;181;180;597;12052;
359;8;14917;L;1;4;;192;191;193;12052;
359;8;14956;L;1;4;;398;244;372;12052;
359;8;13504;L;1;4;;1580;247;1183;12052;
359;8;13477;L;1;4;;1155;291;1174;12052;
359;8;14770;L;1;4;;142;141;145;12052;
359;8;12776;L;7;0;;;752;270;12052;
359;8;15114;L;1;4;;752;270;1421;12052;
359;8;15149;L;1;4;;1426;746;1427;12052;
359;8;12854;L;7;0;;;325;781;12052;
359;8;13903;L;1;4;;325;1200;807;12052;
359;8;14383;L;1;4;;1372;1373;344;12052;
359;8;12816;L;7;0;;;329;777;12052;
359;8;14191;L;1;4;;329;251;1272;12052;
359;8;15479;L;1;3;;230;220;1574;12052;
359;8;15540;L;1;4;;3285;1212;1213;12052;
359;8;14775;L;1;4;;141;708;145;12052;
359;8;12648;L;7;0;;;362;284;12052;
359;8;14538;L;1;4;;362;73;651;12052;
359;8;15450;L;1;4;;320;271;1454;12052;
359;8;13012;L;7;0;;;925;781;12052;
359;8;13010;L;7;0;;;923;777;12052;
359;8;13734;L;1;4;;1255;1235;1242;12052;
359;8;13729;L;1;4;;1189;1210;1235;12052;
359;8;15133;L;1;4;;1421;752;352;12052;
359;8;14178;L;1;4;;1335;1305;1336;12052;
359;8;14724;L;1;4;;66;374;126;12052;
359;8;14656;L;1;4;;597;181;28;12052;
359;8;14887;L;1;4;;171;170;182;12052;
359;8;12344;L;7;0;;;388;244;12052;
359;8;12354;L;7;0;;;388;395;12052;
359;8;12346;L;7;0;;;388;1592;12052;
359;8;14953;L;1;4;;202;203;244;12052;
359;8;14167;L;1;4;;1332;1296;1333;12052;
359;8;12782;L;7;0;;;348;251;12052;
359;8;15081;L;1;4;;348;270;346;12052;
359;8;15568;L;7;0;;;379;244;12052;
359;8;15613;L;1;4;;379;269;380;12052;
359;8;13879;L;1;4;;1283;1187;326;12052;
359;8;14273;L;1;4;;1356;1355;340;12052;
359;8;14390;L;1;4;;1389;291;1390;12052;
359;8;13804;L;1;4;;1212;807;1268;12052;
359;8;12596;L;7;0;;;358;451;12052;
359;8;12590;L;7;0;;;358;459;12052;
359;8;15488;L;1;4;;358;284;59;12052;
359;8;13927;L;1;4;;1202;1201;1213;12052;
359;8;15337;L;1;4;;1483;1484;315;12052;
359;8;15594;L;1;4;;3319;3320;118;12052;
359;8;14849;L;1;4;;169;24;31;12052;
359;8;13419;L;1;4;;1159;386;1158;12052;
359;8;14732;L;1;4;;126;66;45;12052;
359;8;14581;L;1;4;;88;42;87;12052;
359;8;12490;L;7;0;;;384;437;12052;
359;8;13466;L;1;4;;548;290;1155;12052;
359;8;14662;L;1;4;;110;26;94;12052;
359;8;12656;L;7;0;;;73;284;12052;
359;8;14749;L;1;4;;73;130;675;12052;
359;8;14752;L;1;4;;73;130;131;12052;
359;8;14737;L;1;4;;73;85;675;12052;
359;8;12864;L;7;0;;;818;781;12052;
359;8;13799;L;1;4;;818;1188;1212;12052;
359;8;13754;L;1;4;;1248;1259;1242;12052;
359;8;15188;L;1;4;;1436;1433;1378;12052;
359;8;12962;L;7;0;;;335;527;12052;
359;8;13762;L;1;4;;1262;902;1242;12052;
359;8;14603;L;1;4;;91;268;27;12052;
359;8;13724;L;1;4;;1244;842;1242;12052;
359;8;15330;L;1;4;;1479;929;315;12052;
359;8;12249;L;7;0;;;368;284;12052;
359;8;14778;L;1;4;;368;367;708;12052;
359;8;14938;L;1;4;;122;26;284;12052;
359;8;15121;L;1;4;;1422;349;1420;12052;
359;8;13273;L;1;4;;1105;1104;264;12052;
359;8;13431;L;1;4;;1164;1160;3313;12052;
359;8;14325;L;1;4;;1370;1363;1364;12052;
359;8;14574;L;1;4;;87;85;89;12052;
359;8;14879;L;1;4;;178;120;180;12052;
359;8;14659;L;1;4;;102;605;28;12052;
359;8;12666;L;7;0;;;659;241;12052;
359;8;12662;L;7;0;;;659;284;12052;
359;8;12664;L;7;0;;;659;451;12052;
359;8;14551;L;1;4;;659;79;73;12052;
359;8;12736;L;7;0;;;354;270;12052;
359;8;12734;L;7;0;;;354;718;12052;
359;8;15597;L;1;4;;354;724;1433;12052;
359;8;12738;L;7;0;;;721;270;12052;
359;8;12584;L;7;0;;;605;459;12052;
359;8;14619;L;1;4;;605;594;601;12052;
359;8;15069;L;1;4;;1401;346;349;12052;
359;8;13188;L;1;4;;301;257;300;12052;
359;8;13106;L;7;0;;;1009;259;12052;
359;8;13102;L;7;0;;;1006;259;12052;
359;8;14336;L;1;4;;342;1344;270;12052;
359;8;13615;L;1;4;;1222;326;1227;12052;
359;8;12452;L;7;0;;;498;435;12052;
359;8;15617;L;1;4;;498;244;3332;12052;
359;8;12460;L;7;0;;;377;435;12052;
359;8;14079;L;1;4;;1312;794;1315;12052;
359;8;12940;L;7;0;;;340;531;12052;
359;8;12938;L;7;0;;;340;527;12052;
359;8;14259;L;1;4;;340;1287;1351;12052;
359;8;14934;L;1;4;;96;26;284;12052;
359;8;12846;L;7;0;;;326;479;12052;
359;8;13890;L;1;4;;326;227;1227;12052;
359;8;13518;L;1;4;;1192;326;227;12052;
359;8;15062;L;1;4;;1410;346;854;12052;
