CID;TABCD;LCD;INT_CID;INT_TABCD;INT_LCD
503;13;54462;503;13;54464
503;13;54464;503;13;54533
503;13;54533;503;13;55140
503;13;55140;503;13;55211
503;13;55211;503;13;55219
503;13;55219;503;13;54462
503;13;54465;503;13;55203
503;13;55203;503;13;54465
503;13;54466;503;13;54980
503;13;54980;503;13;54982
503;13;54982;503;13;54466
503;13;54467;503;13;55132
503;13;55132;503;13;55134
503;13;55134;503;13;54467
503;13;54468;503;13;55120
503;13;55120;503;13;55122
503;13;55122;503;13;54468
503;13;54469;503;13;55024
503;13;55024;503;13;55026
503;13;55026;503;13;54469
503;13;54433;503;13;54435
503;13;54435;503;13;54470
503;13;54470;503;13;54866
503;13;54866;503;13;54433
503;13;54430;503;13;54475
503;13;54475;503;13;54430
503;13;54473;503;13;54661
503;13;54661;503;13;54663
503;13;54663;503;13;54473
503;13;54456;503;13;54458
503;13;54458;503;13;54526
503;13;54526;503;13;54961
503;13;54961;503;13;54456
503;13;54459;503;13;54877
503;13;54877;503;13;54459
503;13;54460;503;13;54531
503;13;54531;503;13;55271
503;13;55271;503;13;54460
503;13;54461;503;13;54532
503;13;54532;503;13;54581
503;13;54581;503;13;54583
503;13;54583;503;13;54461
503;13;54446;503;13;54450
503;13;54450;503;13;54446
503;13;54451;503;13;54939
503;13;54939;503;13;54451
503;13;54452;503;13;54454
503;13;54454;503;13;54452
503;13;54402;503;13;54443
503;13;54443;503;13;54402
503;13;54444;503;13;54449
503;13;54449;503;13;54444
503;13;54490;503;13;54492
503;13;54492;503;13;54490
503;13;54493;503;13;54854
503;13;54854;503;13;54493
503;13;54479;503;13;54519
503;13;54519;503;13;54521
503;13;54521;503;13;54667
503;13;54667;503;13;54479
503;13;54480;503;13;54522
503;13;54522;503;13;54740
503;13;54740;503;13;54742
503;13;54742;503;13;54480
503;13;54481;503;13;54523
503;13;54523;503;13;54755
503;13;54755;503;13;54481
503;13;54482;503;13;54780
503;13;54780;503;13;54482
503;13;54484;503;13;54711
503;13;54711;503;13;54713
503;13;54713;503;13;54484
503;13;54485;503;13;54487
503;13;54487;503;13;54809
503;13;54809;503;13;54485
503;13;54488;503;13;54815
503;13;54815;503;13;54817
503;13;54817;503;13;54488
503;13;54489;503;13;54846
503;13;54846;503;13;54489
503;13;54455;503;13;54546
503;13;54546;503;13;54455
503;13;55306;503;13;55314
503;13;55314;503;13;55306
503;13;55307;503;13;55309
503;13;55309;503;13;55415
503;13;55415;503;13;55307
503;13;54431;503;13;55159
503;13;55159;503;13;54431
503;13;54432;503;13;55013
503;13;55013;503;13;55171
503;13;55171;503;13;54432
503;13;54421;503;13;54423
503;13;54423;503;13;55185
503;13;55185;503;13;54421
503;13;54424;503;13;54975
503;13;54975;503;13;54977
503;13;54977;503;13;54424
503;13;54425;503;13;55127
503;13;55127;503;13;55129
503;13;55129;503;13;54425
503;13;54426;503;13;55115
503;13;55115;503;13;55117
503;13;55117;503;13;54426
503;13;54427;503;13;54619
503;13;54619;503;13;55021
503;13;55021;503;13;54427
503;13;54412;503;13;54414
503;13;54414;503;13;55353
503;13;55353;503;13;54412
503;13;54415;503;13;55263
503;13;55263;503;13;55275
503;13;55275;503;13;54415
503;13;54416;503;13;55268
503;13;55268;503;13;55270
503;13;55270;503;13;54416
503;13;54417;503;13;54419
503;13;54419;503;13;54580
503;13;54580;503;13;54417
503;13;54420;503;13;55216
503;13;55216;503;13;55222
503;13;55222;503;13;54420
503;13;55017;503;13;55019
503;13;55019;503;13;55017
503;13;54621;503;13;55010
503;13;55010;503;13;54621
503;13;54622;503;13;54624
503;13;54624;503;13;54622
503;13;54407;503;13;54409
503;13;54409;503;13;54407
503;13;54410;503;13;54545
503;13;54545;503;13;54410
503;13;54411;503;13;55278
503;13;55278;503;13;54411
503;13;54403;503;13;54929
503;13;54929;503;13;54403
503;13;54404;503;13;54933
503;13;54933;503;13;54935
503;13;54935;503;13;54404
503;13;54405;503;13;54943
503;13;54943;503;13;54405
503;13;54406;503;13;54938
503;13;54938;503;13;54406
503;13;54718;503;13;55328
503;13;55328;503;13;54718
503;13;54688;503;13;54719
503;13;54719;503;13;54721
503;13;54721;503;13;54688
503;13;55233;503;13;55265
503;13;55265;503;13;55233
503;13;55196;503;13;55266
503;13;55266;503;13;55196
503;13;55244;503;13;55267
503;13;55267;503;13;55244
503;13;54496;503;13;54632
503;13;54632;503;13;54496
503;13;54497;503;13;55247
503;13;55247;503;13;54497
503;13;54498;503;13;54500
503;13;54500;503;13;54498
503;13;54504;503;13;54506
503;13;54506;503;13;54699
503;13;54699;503;13;54504
503;13;54501;503;13;54676
503;13;54676;503;13;54501
503;13;54502;503;13;54686
503;13;54686;503;13;54502
503;13;54503;503;13;54690
503;13;54690;503;13;54503
503;13;54746;503;13;54751
503;13;54751;503;13;54746
503;13;54509;503;13;54752
503;13;54752;503;13;54509
503;13;54724;503;13;54726
503;13;54726;503;13;54753
503;13;54753;503;13;54724
503;13;54754;503;13;54768
503;13;54768;503;13;54754
503;13;54756;503;13;54770
503;13;54770;503;13;54756
503;13;54757;503;13;54759
503;13;54759;503;13;54757
503;13;54514;503;13;54574
503;13;54574;503;13;54599
503;13;54599;503;13;54514
503;13;54515;503;13;54748
503;13;54748;503;13;54515
503;13;54511;503;13;54516
503;13;54516;503;13;54511
503;13;54517;503;13;54728
503;13;54728;503;13;54517
503;13;54518;503;13;54766
503;13;54766;503;13;54518
503;13;54577;503;13;55234
503;13;55234;503;13;55338
503;13;55338;503;13;54577
503;13;54578;503;13;55197
503;13;55197;503;13;54578
503;13;54579;503;13;55245
503;13;55245;503;13;54579
503;13;54575;503;13;55337
503;13;55337;503;13;55375
503;13;55375;503;13;54575
503;13;54085;503;13;54572
503;13;54572;503;13;54698
503;13;54698;503;13;54085
503;13;54573;503;13;54733
503;13;54733;503;13;54735
503;13;54735;503;13;54573
503;13;54510;503;13;54737
503;13;54737;503;13;54510
503;13;54512;503;13;54658
503;13;54658;503;13;54512
503;13;54069;503;13;54096
503;13;54096;503;13;54110
503;13;54110;503;13;54069
503;13;54052;503;13;54080
503;13;54080;503;13;54052
503;13;54054;503;13;54094
503;13;54094;503;13;54054
503;13;54058;503;13;54090
503;13;54090;503;13;54058
503;13;54059;503;13;54106
503;13;54106;503;13;54059
503;13;54064;503;13;54101
503;13;54101;503;13;54064
503;13;30061;503;13;30071
503;13;30071;503;13;30061
503;13;30063;503;13;30073
503;13;30073;503;13;30063
503;13;54564;503;13;54566
503;13;54566;503;13;54564
503;13;54567;503;13;54569
503;13;54569;503;13;54567
503;13;54100;503;13;54570
503;13;54570;503;13;54100
503;13;54557;503;13;54561
503;13;54561;503;13;54995
503;13;54995;503;13;54557
503;13;55212;503;13;55321
503;13;55321;503;13;55212
503;13;54803;503;13;54805
503;13;54805;503;13;54803
503;13;54806;503;13;54822
503;13;54822;503;13;54824
503;13;54824;503;13;54806
503;13;54807;503;13;54830
503;13;54830;503;13;54832
503;13;54832;503;13;54807
503;13;54808;503;13;54841
503;13;54841;503;13;54808
503;13;54082;503;13;54535
503;13;54535;503;13;54082
503;13;54084;503;13;54677
503;13;54677;503;13;54084
503;13;54088;503;13;54710
503;13;54710;503;13;54088
503;13;54554;503;13;54591
503;13;54591;503;13;54593
503;13;54593;503;13;54554
503;13;55362;503;13;55363
503;13;55363;503;13;55362
503;13;54779;503;13;54800
503;13;54800;503;13;54779
503;13;54792;503;13;54845
503;13;54845;503;13;54792
503;13;55130;503;13;55154
503;13;55154;503;13;55156
503;13;55156;503;13;55130
503;13;55118;503;13;55157
503;13;55157;503;13;55118
503;13;55022;503;13;55158
503;13;55158;503;13;55022
503;13;55149;503;13;55151
503;13;55151;503;13;55149
503;13;55152;503;13;55201
503;13;55201;503;13;55152
503;13;54978;503;13;55153
503;13;55153;503;13;54978
503;13;54706;503;13;54708
503;13;54708;503;13;54797
503;13;54797;503;13;54799
503;13;54799;503;13;54706
503;13;54924;503;13;55054
503;13;55054;503;13;55056
503;13;55056;503;13;54924
503;13;55039;503;13;55041
503;13;55041;503;13;55039
503;13;54558;503;13;55043
503;13;55043;503;13;54558
503;13;55047;503;13;55110
503;13;55110;503;13;55364
503;13;55364;503;13;55047
503;13;55090;503;13;55093
503;13;55093;503;13;55090
503;13;54556;503;13;55094
503;13;55094;503;13;54556
503;13;55095;503;13;55108
503;13;55108;503;13;55095
503;13;55096;503;13;55100
503;13;55100;503;13;55096
503;13;55035;503;13;55037
503;13;55037;503;13;55035
503;13;55038;503;13;55064
503;13;55064;503;13;55038
503;13;55389;503;13;55391
503;13;55391;503;13;55389
503;13;54604;503;13;54945
503;13;54945;503;13;54604
503;13;54946;503;13;54953
503;13;54953;503;13;54946
503;13;54947;503;13;54958
503;13;54958;503;13;54947
503;13;54818;503;13;54848
503;13;54848;503;13;54818
503;13;54849;503;13;54851
503;13;54851;503;13;54849
503;13;54883;503;13;54885
503;13;54885;503;13;54988
503;13;54988;503;13;54990
503;13;54990;503;13;54883
503;13;54991;503;13;55079
503;13;55079;503;13;55294
503;13;55294;503;13;54991
503;13;54899;503;13;54901
503;13;54901;503;13;54992
503;13;54992;503;13;54899
503;13;54993;503;13;55066
503;13;55066;503;13;55318
503;13;55318;503;13;54993
503;13;54919;503;13;54994
503;13;54994;503;13;54919
503;13;54985;503;13;55137
503;13;55137;503;13;55143
503;13;55143;503;13;54985
503;13;54986;503;13;55146
503;13;55146;503;13;54986
503;13;54548;503;13;54890
503;13;54890;503;13;54548
503;13;54891;503;13;54963
503;13;54963;503;13;54891
503;13;54892;503;13;54894
503;13;54894;503;13;55409
503;13;55409;503;13;54892
503;13;54550;503;13;54552
503;13;54552;503;13;54550
503;13;54553;503;13;55310
503;13;55310;503;13;54553
503;13;54555;503;13;55301
503;13;55301;503;13;55303
503;13;55303;503;13;54555
503;13;54559;503;13;54630
503;13;54630;503;13;54559
503;13;54540;503;13;55350
503;13;55350;503;13;54540
503;13;54541;503;13;55226
503;13;55226;503;13;54541
503;13;54542;503;13;55237
503;13;55237;503;13;54542
503;13;54543;503;13;54954
503;13;54954;503;13;54543
503;13;54544;503;13;54959
503;13;54959;503;13;54544
503;13;54547;503;13;55281
503;13;55281;503;13;54547
503;13;54549;503;13;55312
503;13;55312;503;13;54549
503;13;54782;503;13;54787
503;13;54787;503;13;54782
503;13;54788;503;13;54794
503;13;54794;503;13;54788
503;13;54789;503;13;54802
503;13;54802;503;13;54789
503;13;54790;503;13;54811
503;13;54811;503;13;54790
503;13;54791;503;13;54838
503;13;54838;503;13;54791
503;13;54857;503;13;55366
503;13;55366;503;13;54857
503;13;54687;503;13;54858
503;13;54858;503;13;54860
503;13;54860;503;13;54687
503;13;54691;503;13;54693
503;13;54693;503;13;54691
503;13;54694;503;13;54861
503;13;54861;503;13;54694
503;13;54695;503;13;54722
503;13;54722;503;13;54695
503;13;54696;503;13;54702
503;13;54702;503;13;54704
503;13;54704;503;13;54696
503;13;54613;503;13;55182
503;13;55182;503;13;54613
503;13;55183;503;13;55235
503;13;55235;503;13;55183
503;13;55184;503;13;55187
503;13;55187;503;13;55199
503;13;55199;503;13;55184
503;13;55048;503;13;55103
503;13;55103;503;13;55048
503;13;54736;503;13;54747
503;13;54747;503;13;54736
503;13;54657;503;13;54749
503;13;54749;503;13;54657
503;13;52;503;13;81
503;13;81;503;13;52
503;13;64;503;13;6052
503;13;6052;503;13;64
503;13;6066;503;13;12052
503;13;12052;503;13;6066
503;13;18058;503;13;24052
503;13;24052;503;13;18058
503;13;12056;503;13;18052
503;13;18052;503;13;12056
503;13;55242;503;13;55255
503;13;55255;503;13;55242
503;13;55243;503;13;55261
503;13;55261;503;13;55243
503;13;55023;503;13;55170
503;13;55170;503;13;55023
503;13;55145;503;13;55207
503;13;55207;503;13;55145
503;13;55368;503;13;55413
503;13;55413;503;13;55368
503;13;55410;503;13;55414
503;13;55414;503;13;55410
503;13;55051;503;13;55053
503;13;55053;503;13;55071
503;13;55071;503;13;55051
503;13;55174;503;13;55176
503;13;55176;503;13;55174
503;13;55123;503;13;55177
503;13;55177;503;13;55123
503;13;55084;503;13;55293
503;13;55293;503;13;55084
503;13;54898;503;13;55085
503;13;55085;503;13;54898
503;13;55086;503;13;55088
503;13;55088;503;13;55317
503;13;55317;503;13;55086
503;13;54668;503;13;54772
503;13;54772;503;13;54668
503;13;55345;503;13;55383
503;13;55383;503;13;55345
503;13;54669;503;13;54761
503;13;54761;503;13;54669
503;13;54670;503;13;54714
503;13;54714;503;13;55006
503;13;55006;503;13;54670
503;13;54671;503;13;54674
503;13;54674;503;13;54671
503;13;54537;503;13;54596
503;13;54596;503;13;54602
503;13;54602;503;13;55349
503;13;55349;503;13;54537
503;13;54597;503;13;54680
503;13;54680;503;13;54597
503;13;54598;503;13;54645
503;13;54645;503;13;54598
503;13;54743;503;13;54771
503;13;54771;503;13;54743
503;13;54744;503;13;54760
503;13;54760;503;13;54744
503;13;54679;503;13;54731
503;13;54731;503;13;54679
503;13;54644;503;13;54732
503;13;54732;503;13;54644
503;13;54727;503;13;54738
503;13;54738;503;13;54727
503;13;54739;503;13;54767
503;13;54767;503;13;54739
503;13;55401;503;13;55405
503;13;55405;503;13;55407
503;13;55407;503;13;55401
503;13;55229;503;13;55231
503;13;55231;503;13;55252
503;13;55252;503;13;55229
503;13;55232;503;13;55259
503;13;55259;503;13;55232
503;13;54967;503;13;55227
503;13;55227;503;13;54967
503;13;54971;503;13;55228
503;13;55228;503;13;54971
503;13;54625;503;13;55331
503;13;55331;503;13;55334
503;13;55334;503;13;54625
503;13;54626;503;13;54874
503;13;54874;503;13;54626
503;13;54627;503;13;54907
503;13;54907;503;13;54627
503;13;54628;503;13;55072
503;13;55072;503;13;54628
503;13;54629;503;13;54925
503;13;54925;503;13;54629
503;13;55105;503;13;55111
503;13;55111;503;13;55105
503;13;54928;503;13;54950
503;13;54950;503;13;54928
503;13;54664;503;13;55385
503;13;55385;503;13;54664
503;13;54665;503;13;54673
503;13;54673;503;13;54997
503;13;54997;503;13;54665
503;13;54637;503;13;54648
503;13;54648;503;13;54637
503;13;54652;503;13;54681
503;13;54681;503;13;54652
503;13;54646;503;13;54653
503;13;54653;503;13;54646
503;13;54654;503;13;54656
503;13;54656;503;13;54654
503;13;54659;503;13;54729
503;13;54729;503;13;54659
503;13;54660;503;13;54765
503;13;54765;503;13;54660
503;13;55033;503;13;55067
503;13;55067;503;13;55033
503;13;54910;503;13;55068
503;13;55068;503;13;54910
503;13;55069;503;13;55075
503;13;55075;503;13;55069
503;13;55060;503;13;55062
503;13;55062;503;13;55070
503;13;55070;503;13;55060
503;13;55369;503;13;55404
503;13;55404;503;13;55369
503;13;54964;503;13;55313
503;13;55313;503;13;54964
503;13;54589;503;13;55315
503;13;55315;503;13;54589
503;13;55299;503;13;55316
503;13;55316;503;13;55299
503;13;54609;503;13;55258
503;13;55258;503;13;54609
503;13;55195;503;13;55260
503;13;55260;503;13;55195
503;13;55135;503;13;55138
503;13;55138;503;13;55135
503;13;54983;503;13;55142
503;13;55142;503;13;54983
503;13;54705;503;13;54778
503;13;54778;503;13;54785
503;13;54785;503;13;54705
503;13;54962;503;13;55282
503;13;55282;503;13;54962
503;13;54709;503;13;54840
503;13;54840;503;13;54709
503;13;54814;503;13;54842
503;13;54842;503;13;54814
503;13;54601;503;13;54636
503;13;54636;503;13;54601
503;13;54437;503;13;54439
503;13;54439;503;13;54437
503;13;54440;503;13;55081
503;13;55081;503;13;54440
503;13;54441;503;13;54903
503;13;54903;503;13;54909
503;13;54909;503;13;54441
503;13;54812;503;13;54825
503;13;54825;503;13;54812
503;13;54826;503;13;54837
503;13;54837;503;13;54826
503;13;54783;503;13;54820
503;13;54820;503;13;54783
503;13;54795;503;13;54821
503;13;54821;503;13;54795
503;13;55352;503;13;55355
503;13;55355;503;13;55352
503;13;54773;503;13;54775
503;13;54775;503;13;54773
503;13;55346;503;13;55384
503;13;55384;503;13;55346
503;13;54762;503;13;54776
503;13;54776;503;13;54762
503;13;54886;503;13;55028
503;13;55028;503;13;55030
503;13;55030;503;13;54886
503;13;54888;503;13;55332
503;13;55332;503;13;54888
503;13;54869;503;13;54871
503;13;54871;503;13;55333
503;13;55333;503;13;54869
503;13;54878;503;13;55284
503;13;55284;503;13;54878
503;13;54584;503;13;54879
503;13;54879;503;13;54881
503;13;54881;503;13;54584
503;13;54882;503;13;55296
503;13;55296;503;13;55417
503;13;55417;503;13;54882
503;13;54784;503;13;54828
503;13;54828;503;13;54784
503;13;54941;503;13;54952
503;13;54952;503;13;54941
503;13;54942;503;13;54957
503;13;54957;503;13;54942
503;13;54911;503;13;54921
503;13;54921;503;13;54911
503;13;54904;503;13;55074
503;13;55074;503;13;55082
503;13;55082;503;13;54904
503;13;54922;503;13;55076
503;13;55076;503;13;54922
503;13;54923;503;13;55063
503;13;55063;503;13;54923
503;13;55304;503;13;55324
503;13;55324;503;13;55304
503;13;55107;503;13;55325
503;13;55325;503;13;55107
503;13;30069;503;13;36052
503;13;36052;503;13;30069
503;13;73;503;13;30052
503;13;30052;503;13;73
503;13;42060;503;13;48052
503;13;48052;503;13;42060
503;13;36056;503;13;42052
503;13;42052;503;13;36056
503;13;55248;503;13;55339
503;13;55339;503;13;55248
503;13;54586;503;13;54588
503;13;54588;503;13;54896
503;13;54896;503;13;54586
503;13;54590;503;13;54914
503;13;54914;503;13;54590
503;13;54700;503;13;54862
503;13;54862;503;13;54700
503;13;54701;503;13;54723
503;13;54723;503;13;54701
503;13;54585;503;13;55289
503;13;55289;503;13;55291
503;13;55291;503;13;54585
503;13;54932;503;13;54956
503;13;54956;503;13;54932
503;13;54931;503;13;54951
503;13;54951;503;13;54931
503;13;54916;503;13;54918
503;13;54918;503;13;55089
503;13;55089;503;13;54916
503;13;54920;503;13;55034
503;13;55034;503;13;54920
503;13;54915;503;13;55300
503;13;55300;503;13;54915
503;13;54607;503;13;54970
503;13;54970;503;13;54607
503;13;54972;503;13;55239
503;13;55239;503;13;54972
503;13;55208;503;13;55322
503;13;55322;503;13;55208
503;13;55119;503;13;55169
503;13;55169;503;13;55119
503;13;54615;503;13;55113
503;13;55113;503;13;54615
503;13;55114;503;13;55190
503;13;55190;503;13;55114
503;13;54906;503;13;55050
503;13;55050;503;13;54906
503;13;54905;503;13;55059
503;13;55059;503;13;54905
503;13;55031;503;13;55080
503;13;55080;503;13;55031
503;13;54902;503;13;55032
503;13;55032;503;13;54902
503;13;54868;503;13;55011
503;13;55011;503;13;54868
503;13;54643;503;13;54678
503;13;54678;503;13;54643
503;13;55148;503;13;55217
503;13;55217;503;13;55148
503;13;54796;503;13;54829
503;13;54829;503;13;54796
503;13;54813;503;13;54833
503;13;54833;503;13;54836
503;13;54836;503;13;54813
503;13;54872;503;13;54875
503;13;54875;503;13;54872
503;13;54895;503;13;55286
503;13;55286;503;13;54895
503;13;54897;503;13;55298
503;13;55298;503;13;54897
503;13;54979;503;13;55165
503;13;55165;503;13;54979
503;13;54974;503;13;55188
503;13;55188;503;13;54974
503;13;55274;503;13;55277
503;13;55277;503;13;55274
503;13;55015;503;13;55018
503;13;55018;503;13;55015
503;13;55292;503;13;55297
503;13;55297;503;13;55292
503;13;55285;503;13;55288
503;13;55288;503;13;55285
503;13;55161;503;13;55218
503;13;55218;503;13;55161
503;13;55162;503;13;55164
503;13;55164;503;13;55202
503;13;55202;503;13;55162
503;13;54608;503;13;55251
503;13;55251;503;13;54608
503;13;55240;503;13;55253
503;13;55253;503;13;55240
503;13;55194;503;13;55254
503;13;55254;503;13;55194
503;13;55131;503;13;55166
503;13;55166;503;13;55168
503;13;55168;503;13;55131
503;13;55198;503;13;55221
503;13;55221;503;13;55198
503;13;54968;503;13;55238
503;13;55238;503;13;54968
503;13;55367;503;13;55392
503;13;55392;503;13;55367
503;13;54635;503;13;54639
503;13;54639;503;13;54635
503;13;54536;503;13;54640
503;13;54640;503;13;54642
503;13;54642;503;13;54536
503;13;55126;503;13;55189
503;13;55189;503;13;55126
503;13;55191;503;13;55192
503;13;55192;503;13;55191
503;13;54606;503;13;54966
503;13;54966;503;13;54606
503;13;54610;503;13;54612
503;13;54612;503;13;54610
503;13;54614;503;13;55125
503;13;55125;503;13;54614
503;13;54852;503;13;54855
503;13;54855;503;13;54852
503;13;54476;503;13;54478
503;13;54478;503;13;54476
503;13;54115;503;13;55424
503;13;55424;503;13;54115
