CID;LID;NID;NAME;NCOMMENT
503;1;1512;亚洲;
503;1;1513;中国;
503;1;1514;江西省;
503;1;744;抚州市;
503;1;685;赣州市;
503;1;710;吉安市;
503;1;780;景德镇市;
503;1;738;九江市;
503;1;937;南昌市;
503;1;771;上饶市;
503;1;724;新余市;
503;1;730;宜春市;
503;1;766;鹰潭市;
503;1;1041;八一大道;
503;1;1693;福山立交桥;
503;1;1042;阳明东路;
503;1;1074;永叔路;
503;1;1077;孺子东路;
503;1;1028;中山路;
503;1;1078;福州路;
503;1;1079;南京西路;
503;1;1653;八一大桥;
503;1;1033;阳明路;
503;1;1243;赣江北大道;
503;1;1068;井冈山大道;
503;1;1067;广州路;
503;1;1071;站前路;
503;1;1069;洪都南大道;
503;1;1015;建设路;
503;1;1070;解放西路;
503;1;1059;莲塘北大道;
503;1;1058;Ｘ０３５;
503;1;1064;南莲路;
503;1;1002;振兴大道;
503;1;996;莲塘南大道;
503;1;958;Ｇ３１６;
503;1;1060;向阳路;
503;1;1061;莲塘中大道;
503;1;1097;庐山北大道;
503;1;1094;庐山中大道;
503;1;978;英雄大道;
503;1;974;庐山南大道;
503;1;1090;枫林大道;
503;1;1125;丰和北大道;
503;1;1084;凤凰北大道;
503;1;1085;碟子湖大道;
503;1;1669;Ｘ０１２;
503;1;948;枫生高速公路;
503;1;1089;孔目湖大街;
503;1;1093;双港东大街;
503;1;1670;Ｘ０１４;
503;1;1006;昌南大道;
503;1;1508;石桥路;
503;1;1144;高新南大道;
503;1;1511;东升大道;
503;1;1039;象山北路;
503;1;1040;苏圃路;
503;1;1024;抚河北路;
503;1;1671;南浦路;
503;1;1032;叠山路;
503;1;1392;孺子路;
503;1;1029;民德路;
503;1;1011;抚河南路;
503;1;1010;何坊西路;
503;1;1018;洪城路;
503;1;1014;灌婴路;
503;1;1021;抚河中路;
503;1;1022;站前西路;
503;1;1036;沿江北大道;
503;1;1162;富大有路;
503;1;1216;滕王阁隧道;
503;1;1655;江西省人民医院;
503;1;1425;夕照路;
503;1;1219;起凤路;
503;1;1003;迎宾北大道;
503;1;993;迎宾中大道;
503;1;1007;三店西路;
503;1;1518;Ｇ１０５;
503;1;999;富山大道;
503;1;1000;澄湖北大道;
503;1;1001;汇仁大道;
503;1;1285;工业大道;
503;1;1288;红湾大道;
503;1;1265;文化大道;
503;1;1487;建设西路;
503;1;1179;抚生路;
503;1;1182;桃花路;
503;1;1185;大市场东路;
503;1;918;Ｇ３２０;
503;1;938;南昌绕城高速公路;
503;1;967;Ｘ０４９;
503;1;1100;嘉言路;
503;1;1107;长征东路;
503;1;1106;解放路;
503;1;1101;长征西路;
503;1;969;前湖大道;
503;1;1104;兴国路;
503;1;1105;长麦南路;
503;1;1121;翠苑路;
503;1;1249;黄河路;
503;1;1110;怡园路;
503;1;1122;会展路;
503;1;1123;绿茵路;
503;1;1253;珠江路;
503;1;1116;丰和中大道;
503;1;1700;司马庙立交桥;
503;1;1652;南昌大桥;
503;1;972;南斯友好路;
503;1;1113;凤凰中大道;
503;1;1082;赣江中大道;
503;1;877;沪昆高速公路;
503;1;984;东乡服务区;
503;1;983;Ｙ９３４;
503;1;1695;南昌绕城高速公路西段;
503;1;964;生米收费站;
503;1;1584;福银高速公路;
503;1;1685;枫生高速公路南;
503;1;944;昌铜高速公路;
503;1;945;湾里服务区;
503;1;946;Ｘ０５２;
503;1;947;志敏大道;
503;1;1696;南昌绕城高速公路北段;
503;1;1661;蒋巷街东路;
503;1;949;机场大道;
503;1;950;七里岗服务区;
503;1;951;Ｘ０２０;
503;1;1697;南昌绕城高速公路东段;
503;1;953;德昌高速公路;
503;1;954;幽兰收费站;
503;1;1662;Ｘ０２３;
503;1;956;泉岭服务区;
503;1;957;温圳东收费站;
503;1;1698;南昌绕城高速公路南段;
503;1;959;Ｘ０３０;
503;1;960;南昌南服务区;
503;1;963;厚田枢纽;
503;1;763;济广高速公路;
503;1;789;南城枢纽;
503;1;788;南城服务区;
503;1;1660;罗针镇;
503;1;990;Ｓ１０１;
503;1;1158;紫阳大道;
503;1;1174;Ｓ１０１至德昌高速公路;
503;1;1147;昌东大道;
503;1;1165;尤氨路;
503;1;1168;天祥大道;
503;1;1408;二七南路;
503;1;1491;天佑路;
503;1;1315;麦园路;
503;1;1306;海棠南路;
503;1;1309;青岚大道;
503;1;1283;桂苑路;
503;1;987;井头巷;
503;1;988;小房;
503;1;1647;军山湖服务区;
503;1;1646;Ｓ２２２;
503;1;968;祥云大道;
503;1;982;Ｘ０５９;
503;1;1699;昌西南枢纽;
503;1;973;雷公坳服务区;
503;1;977;玉屏东大街;
503;1;1151;Ｘ００２;
503;1;1201;罗冈路;
503;1;1086;黄家湖东路;
503;1;1683;Ｙ２３１;
503;1;1303;昌西大道;
503;1;1398;象山南路;
503;1;1471;南昌仓巷;
503;1;1275;广兰路;
503;1;1159;艾溪湖北路;
503;1;1227;京东大道;
503;1;1435;艾溪湖西路;
503;1;1440;艾溪湖东路;
503;1;1441;创新二路;
503;1;1155;艾溪湖南路;
503;1;1343;北京东路;
503;1;1694;瑶湖西大道;
503;1;1362;京安路;
503;1;1344;南京东路;
503;1;1367;火炬三路;
503;1;1686;安石路;
503;1;1209;八月湖路;
503;1;1135;沿江南大道;
503;1;1139;金沙大道;
503;1;1138;金沙二路;
503;1;1323;白水湖路;
503;1;1329;英雄七路;
503;1;1658;梅林大街;
503;1;1188;洪都中大道;
503;1;1411;上海路;
503;1;1194;青山湖南大道;
503;1;1402;北京西路;
503;1;1401;广场南路;
503;1;1407;丁公路;
503;1;1672;新公园路;
503;1;1143;博览北路;
503;1;1347;新溪桥路;
503;1;1148;黎明路;
503;1;1154;顺外路;
503;1;1673;艾溪湖大桥;
503;1;1656;艾溪湖二路;
503;1;1136;抚生南路;
503;1;1137;桃花南路;
503;1;1142;航空路;
503;1;1300;黄家湖西路;
503;1;1310;玉屏西大街;
503;1;1311;枫林西大街;
503;1;1312;双港西大街;
503;1;1261;长富大道;
503;1;1332;工业一路;
503;1;1264;新建大道;
503;1;1269;长麦路;
503;1;1268;文教路;
503;1;1023;朝阳洲中路;
503;1;1213;沿江中大道;
503;1;1442;城东一路;
503;1;686;大广高速公路赣州段;
503;1;700;汤村收费站;
503;1;689;信丰服务区;
503;1;690;铁石口收费站;
503;1;691;信丰收费站;
503;1;692;南康服务区;
503;1;693;龙回收费站;
503;1;694;康大高速公路;
503;1;695;赣州绕城高速公路;
503;1;696;南康收费站;
503;1;697;厦蓉高速公路;
503;1;698;横市收费站;
503;1;699;横市服务区;
503;1;711;大广高速公路吉安段;
503;1;723;新余南收费站;
503;1;712;遂川服务区;
503;1;713;遂川收费站;
503;1;714;万安收费站;
503;1;715;韶口收费站;
503;1;703;Ｇ３１９;
503;1;716;泰井高速公路;
503;1;707;泉南高速公路;
503;1;717;吉安服务区;
503;1;718;Ｓ３３５;
503;1;719;樟吉高速公路;
503;1;720;银湾服务区;
503;1;721;安福收费站;
503;1;722;油田收费站;
503;1;739;大广高速公路九江段;
503;1;737;铜鼓收费站;
503;1;743;饶家;
503;1;740;何市服务区;
503;1;741;修水收费站;
503;1;742;修水服务区;
503;1;725;大广高速公路新余段;
503;1;729;洞村收费站;
503;1;726;仙女湖服务区;
503;1;727;仙女湖收费站;
503;1;731;大广高速公路宜春段;
503;1;732;上高服务区;
503;1;733;上高收费站;
503;1;734;宜丰收费站;
503;1;735;天宝收费站;
503;1;736;宜丰服务区;
503;1;1212;水厂路;
503;1;1465;洛阳路;
503;1;1197;解放东路;
503;1;1690;谢佛路;
503;1;1368;东元路;
503;1;1226;高新大道;
503;1;1337;二七北路;
503;1;1334;青山南路;
503;1;1706;洛阳路隧道;
503;1;1348;飞燕路;
503;1;1254;双港南路;
503;1;1246;锦江路;
503;1;1202;丰和南大道;
503;1;1203;学府大道;
503;1;1237;凤凰南大道;
503;1;1691;佛塔路;
503;1;1689;朱桥东路;
503;1;1210;云飞路;
503;1;1211;九洲大街;
503;1;1222;英雄大桥;
503;1;1225;塘山街;
503;1;1055;青山湖大道;
503;1;1371;上东村;
503;1;1250;扬子洲路;
503;1;1240;赣江南大道;
503;1;1206;西站大街;
503;1;1675;岭北三路;
503;1;1416;赣桥北路;
503;1;1045;洪都北大道;
503;1;1415;赣江大桥;
503;1;1414;赣桥南路;
503;1;1352;火炬大街;
503;1;1349;火炬二路;
503;1;1350;民强路;
503;1;1351;民丰路;
503;1;1499;象湖西路;
503;1;1464;广场北路;
503;1;1463;中山东路;
503;1;1701;海威大厦;
503;1;1132;国体大道;
503;1;1048;国威路;
503;1;1049;青山湖隧道;
503;1;1052;上海北路;
503;1;1320;海棠北路;
503;1;1502;施尧路;
503;1;1295;红谷北大道;
503;1;1083;红谷中大道;
503;1;1679;中大南路;
503;1;1284;青山北路;
503;1;1340;墅溪路;
503;1;1688;环湖路;
503;1;1359;高新七路;
503;1;1454;货场路;
503;1;1507;南钢大道;
503;1;796;济广高速公路抚州段;
503;1;795;龙虎山收费站;
503;1;790;南城东收费站;
503;1;791;南城停车区;
503;1;792;资溪收费站;
503;1;793;金溪收费站;
503;1;794;金溪服务区;
503;1;797;石城北收费站;
503;1;798;广昌服务区;
503;1;799;赤水收费站;
503;1;800;广昌停车区;
503;1;801;广昌收费站;
503;1;802;白舍收费站;
503;1;803;南丰服务区;
503;1;804;南丰收费站;
503;1;805;南丰停车区;
503;1;701;济广高速公路赣州段;
503;1;806;瑞金南收费站;
503;1;807;上定;
503;1;808;瑞金停车区;
503;1;809;宁都服务区;
503;1;810;宁都东收费站;
503;1;811;宁都停车区;
503;1;781;济广高速公路景德镇段;
503;1;779;凰岗收费站;
503;1;787;经公桥收费站;
503;1;782;月亮湖服务区;
503;1;783;杭瑞高速公路;
503;1;784;高坞里;
503;1;785;三龙收费站;
503;1;786;黄坛停车区;
503;1;772;济广高速公路上饶段;
503;1;770;余江服务区;
503;1;812;黄金埠收费站;
503;1;773;余干停车区;
503;1;774;万年收费站;
503;1;775;万年服务区;
503;1;776;鄱阳收费站;
503;1;777;鄱阳停车区;
503;1;778;乐平收费站;
503;1;767;济广高速公路鹰潭段;
503;1;814;龙虎山停车区;
503;1;815;鹰潭南收费站;
503;1;1198;京东南大道;
503;1;1191;上海南路;
503;1;1372;小蓝大道;
503;1;1382;富山三路;
503;1;1127;井冈山大道辅路;
503;1;1128;江西新东方烹饪学院;
503;1;1710;龙河高速公路;
503;1;1711;定南服务区;
503;1;1712;Ｓ２３７;
503;1;1713;Ｓ３４４;
503;1;1124;庐山南大道辅路;
503;1;1215;民德西路;
503;1;1391;新洲路;
503;1;1432;南福路;
503;1;1468;前进路;
503;1;1326;青岚路;
503;1;1650;永外正街;
503;1;1397;系马桩街;
503;1;1027;孺子西路;
503;1;1421;三经路;
503;1;1424;滨江幼儿园;
503;1;1659;生米大桥;
503;1;1472;绳金塔街;
503;1;1488;桃苑大街;
503;1;1687;桃苑西路;
503;1;1448;奥体南路;
503;1;1714;江西师大;
503;1;1449;学院一路;
503;1;1131;学府南大道;
503;1;1333;江西省第三医院;
503;1;1214;中山西路;
503;1;1651;贤士二路;
503;1;1684;扬子洲立交;
503;1;1715;南昌昌东镇政府;
