CID;TABCD;LCD;NEG_OFF_LCD;POS_OFF_LCD
503;13;54464;;54465
503;13;54465;54464;54466
503;13;54466;54465;54467
503;13;54467;54466;54468
503;13;54468;54467;54469
503;13;54469;54468;54470
503;13;54470;54469;
503;13;54475;;54476
503;13;54476;54475;
503;13;54458;;54459
503;13;54459;54458;54460
503;13;54460;54459;54461
503;13;54461;54460;54462
503;13;54462;54461;
503;13;54446;;54451
503;13;54451;54446;54452
503;13;54452;54451;
503;13;54443;;54444
503;13;54444;54443;
503;13;54449;;54450
503;13;54450;54449;
503;13;54492;;54493
503;13;54493;54492;
503;13;54478;;54479
503;13;54479;54478;54480
503;13;54480;54479;54481
503;13;54481;54480;54482
503;13;54482;54481;54483
503;13;54483;54482;54484
503;13;54484;54483;54485
503;13;54485;54484;
503;13;54487;;54488
503;13;54488;54487;54489
503;13;54489;54488;54490
503;13;54490;54489;
503;13;54454;;54455
503;13;54455;54454;54456
503;13;54456;54455;
503;13;55306;;55307
503;13;55307;55306;
503;13;54430;;54431
503;13;54431;54430;54432
503;13;54432;54431;54433
503;13;54433;54432;
503;13;54423;;54424
503;13;54424;54423;54425
503;13;54425;54424;54426
503;13;54426;54425;54427
503;13;54427;54426;
503;13;54414;;54415
503;13;54415;54414;54416
503;13;54416;54415;54417
503;13;54417;54416;
503;13;54419;;54420
503;13;54420;54419;54421
503;13;54421;54420;
503;13;54619;;54620
503;13;54620;54619;55224
503;13;55224;54620;55019
503;13;55019;55224;54621
503;13;54621;55019;54622
503;13;54622;54621;
503;13;54409;;54410
503;13;54410;54409;54411
503;13;54411;54410;54412
503;13;54412;54411;
503;13;54402;;54403
503;13;54403;54402;54404
503;13;54404;54403;54405
503;13;54405;54404;54406
503;13;54406;54405;54407
503;13;54407;54406;
503;13;54718;;54719
503;13;54719;54718;
503;13;55265;;55266
503;13;55266;55265;55267
503;13;55267;55266;55268
503;13;55268;55267;
503;13;54495;;54496
503;13;54496;54495;54497
503;13;54497;54496;54498
503;13;54498;54497;
503;13;54506;;54507
503;13;54507;54506;
503;13;54500;;54501
503;13;54501;54500;54502
503;13;54502;54501;54503
503;13;54503;54502;54504
503;13;54504;54503;
503;13;54751;;54752
503;13;54752;54751;54753
503;13;54753;54752;54754
503;13;54754;54753;54755
503;13;54755;54754;54756
503;13;54756;54755;54757
503;13;54757;54756;
503;13;54514;;54515
503;13;54515;54514;54516
503;13;54516;54515;54517
503;13;54517;54516;54518
503;13;54518;54517;54519
503;13;54519;54518;
503;13;54577;;54578
503;13;54578;54577;54579
503;13;54579;54578;54580
503;13;54580;54579;54581
503;13;54581;54580;
503;13;55337;;55338
503;13;55338;55337;
503;13;54572;;54573
503;13;54573;54572;54574
503;13;54574;54573;54575
503;13;54575;54574;
503;13;54509;;54510
503;13;54510;54509;54511
503;13;54511;54510;54512
503;13;54512;54511;
503;13;54096;;54097
503;13;54097;54096;54098
503;13;54098;54097;
503;13;54077;54074;54052
503;13;54052;54077;54053
503;13;54053;54052;54054
503;13;54054;54053;54055
503;13;54055;54054;54056
503;13;54056;54055;54057
503;13;54057;54056;54058
503;13;54058;54057;54059
503;13;54059;54058;54060
503;13;54060;54059;54061
503;13;54061;54060;54062
503;13;54062;54061;54063
503;13;54063;54062;54064
503;13;54064;54063;54065
503;13;54065;54064;54066
503;13;54066;54065;54067
503;13;54067;54066;54068
503;13;54068;54067;54069
503;13;54069;54068;54070
503;13;54070;54069;54071
503;13;54071;54070;54072
503;13;54072;54071;54073
503;13;54073;54072;54074
503;13;54074;54073;54077
503;13;30071;;30072
503;13;30072;30071;30073
503;13;30073;30072;
503;13;54109;;54110
503;13;54110;54109;
503;13;54106;;54107
503;13;54107;54106;
503;13;54566;;54567
503;13;54567;54566;
503;13;54569;;54570
503;13;54570;54569;
503;13;54561;;54562
503;13;54562;54561;54563
503;13;54563;54562;54564
503;13;54564;54563;
503;13;55211;;55212
503;13;55212;55211;55213
503;13;55213;55212;
503;13;54805;;54806
503;13;54806;54805;54807
503;13;54807;54806;54808
503;13;54808;54807;54809
503;13;54809;54808;
503;13;54100;;54101
503;13;54101;54100;54102
503;13;54102;54101;54103
503;13;54103;54102;54104
503;13;54104;54103;
503;13;54092;;54093
503;13;54093;54092;54094
503;13;54094;54093;54115
503;13;54115;54094;
503;13;54080;;54081
503;13;54081;54080;54082
503;13;54082;54081;54083
503;13;54083;54082;54084
503;13;54084;54083;54085
503;13;54085;54084;54086
503;13;54086;54085;54087
503;13;54087;54086;54088
503;13;54088;54087;54089
503;13;54089;54088;54090
503;13;54090;54089;
503;13;54593;;54594
503;13;54594;54593;
503;13;55363;;54779
503;13;54779;55363;54780
503;13;54780;54779;
503;13;55270;;55271
503;13;55271;55270;
503;13;54844;;54845
503;13;54845;54844;54846
503;13;54846;54845;
503;13;54632;;54633
503;13;54633;54632;
503;13;55156;;55157
503;13;55157;55156;55158
503;13;55158;55157;55159
503;13;55159;55158;
503;13;55151;;55152
503;13;55152;55151;55153
503;13;55153;55152;55154
503;13;55154;55153;
503;13;54799;;54800
503;13;54800;54799;
503;13;55056;;55041
503;13;55041;55056;55042
503;13;55042;55041;55043
503;13;55043;55042;55044
503;13;55044;55043;55364
503;13;55364;55044;
503;13;55092;;55093
503;13;55093;55092;55094
503;13;55094;55093;55095
503;13;55095;55094;55096
503;13;55096;55095;55097
503;13;55097;55096;
503;13;55037;;55038
503;13;55038;55037;55039
503;13;55039;55038;
503;13;55387;;55388
503;13;55388;55387;55389
503;13;55389;55388;
503;13;54945;;54946
503;13;54946;54945;54947
503;13;54947;54946;
503;13;54848;;55347
503;13;55347;54848;54849
503;13;54849;55347;
503;13;54990;;54991
503;13;54991;54990;54992
503;13;54992;54991;54993
503;13;54993;54992;54994
503;13;54994;54993;54995
503;13;54995;54994;
503;13;54985;;54986
503;13;54986;54985;54987
503;13;54987;54986;54988
503;13;54988;54987;
503;13;54890;;54891
503;13;54891;54890;54892
503;13;54892;54891;
503;13;54552;;54553
503;13;54553;54552;54554
503;13;54554;54553;54555
503;13;54555;54554;54556
503;13;54556;54555;54557
503;13;54557;54556;55343
503;13;55343;54557;54558
503;13;54558;55343;54559
503;13;54559;54558;
503;13;54540;;54541
503;13;54541;54540;54542
503;13;54542;54541;54543
503;13;54543;54542;54544
503;13;54544;54543;54545
503;13;54545;54544;54546
503;13;54546;54545;54547
503;13;54547;54546;54548
503;13;54548;54547;54549
503;13;54549;54548;54550
503;13;54550;54549;
503;13;54787;;54788
503;13;54788;54787;54789
503;13;54789;54788;54790
503;13;54790;54789;54791
503;13;54791;54790;54792
503;13;54792;54791;
503;13;54857;;54858
503;13;54858;54857;
503;13;54693;;54694
503;13;54694;54693;54695
503;13;54695;54694;54696
503;13;54696;54695;
503;13;54690;;54691
503;13;54691;54690;
503;13;55182;;55183
503;13;55183;55182;55184
503;13;55184;55183;55185
503;13;55185;55184;
503;13;55047;;55048
503;13;55048;55047;
503;13;54935;;54936
503;13;54936;54935;
503;13;54746;;54747
503;13;54747;54746;54748
503;13;54748;54747;54749
503;13;54749;54748;
503;13;52;;53
503;13;53;52;54
503;13;54;53;55
503;13;55;54;56
503;13;56;55;57
503;13;57;56;58
503;13;58;57;59
503;13;59;58;60
503;13;60;59;61
503;13;61;60;62
503;13;62;61;63
503;13;63;62;64
503;13;64;63;
503;13;6052;;6053
503;13;6053;6052;6054
503;13;6054;6053;6055
503;13;6055;6054;6056
503;13;6056;6055;6057
503;13;6057;6056;6058
503;13;6058;6057;6059
503;13;6059;6058;6060
503;13;6060;6059;6061
503;13;6061;6060;6062
503;13;6062;6061;6063
503;13;6063;6062;6064
503;13;6064;6063;6065
503;13;6065;6064;6066
503;13;6066;6065;
503;13;24052;;24053
503;13;24053;24052;24054
503;13;24054;24053;24055
503;13;24055;24054;24056
503;13;24056;24055;
503;13;12052;;12053
503;13;12053;12052;12054
503;13;12054;12053;12055
503;13;12055;12054;12056
503;13;12056;12055;
503;13;18052;;18053
503;13;18053;18052;18054
503;13;18054;18053;18055
503;13;18055;18054;18056
503;13;18056;18055;18057
503;13;18057;18056;18058
503;13;18058;18057;
503;13;55242;;55243
503;13;55243;55242;55244
503;13;55244;55243;55245
503;13;55245;55244;
503;13;55021;;55022
503;13;55022;55021;55023
503;13;55023;55022;55024
503;13;55024;55023;
503;13;55145;;55146
503;13;55146;55145;
503;13;55412;;55413
503;13;55413;55412;55414
503;13;55414;55413;55415
503;13;55415;55414;55416
503;13;55416;55415;
503;13;55053;;55054
503;13;55054;55053;
503;13;55176;;55177
503;13;55177;55176;55178
503;13;55178;55177;55179
503;13;55179;55178;55180
503;13;55180;55179;
503;13;55173;;55174
503;13;55174;55173;
503;13;55084;;55085
503;13;55085;55084;55086
503;13;55086;55085;
503;13;54667;;54668
503;13;54668;54667;55345
503;13;55345;54668;54669
503;13;54669;55345;54670
503;13;54670;54669;54671
503;13;54671;54670;
503;13;54596;;54597
503;13;54597;54596;54598
503;13;54598;54597;54599
503;13;54599;54598;
503;13;54802;;54803
503;13;54803;54802;
503;13;54742;;54743
503;13;54743;54742;54744
503;13;54744;54743;
503;13;54731;;54732
503;13;54732;54731;54733
503;13;54733;54732;
503;13;54735;;54736
503;13;54736;54735;54737
503;13;54737;54736;54738
503;13;54738;54737;54739
503;13;54739;54738;54740
503;13;54740;54739;
503;13;55407;;55408
503;13;55408;55407;55409
503;13;55409;55408;
503;13;55122;;55123
503;13;55123;55122;
503;13;55231;;55232
503;13;55232;55231;55233
503;13;55233;55232;55234
503;13;55234;55233;55235
503;13;55235;55234;
503;13;55226;;55227
503;13;55227;55226;55228
503;13;55228;55227;55229
503;13;55229;55228;
503;13;54624;;54625
503;13;54625;54624;54626
503;13;54626;54625;54627
503;13;54627;54626;54628
503;13;54628;54627;54629
503;13;54629;54628;54630
503;13;54630;54629;55105
503;13;55105;54630;
503;13;54927;;54928
503;13;54928;54927;54929
503;13;54929;54928;
503;13;54663;;54664
503;13;54664;54663;54665
503;13;54665;54664;
503;13;54648;;55365
503;13;55365;54648;54652
503;13;54652;55365;54653
503;13;54653;54652;54654
503;13;54654;54653;
503;13;54656;;54657
503;13;54657;54656;54658
503;13;54658;54657;54659
503;13;54659;54658;54660
503;13;54660;54659;54661
503;13;54661;54660;
503;13;55003;;55004
503;13;55004;55003;
503;13;55000;;55001
503;13;55001;55000;
503;13;55066;;55067
503;13;55067;55066;55068
503;13;55068;55067;55069
503;13;55069;55068;55070
503;13;55070;55069;55071
503;13;55071;55070;55072
503;13;55072;55071;
503;13;55312;;55369
503;13;55369;55312;55313
503;13;55313;55369;55314
503;13;55314;55313;55315
503;13;55315;55314;55316
503;13;55316;55315;55317
503;13;55317;55316;55318
503;13;55318;55317;
503;13;55258;;55259
503;13;55259;55258;55260
503;13;55260;55259;55261
503;13;55261;55260;55262
503;13;55262;55261;55263
503;13;55263;55262;
503;13;55137;;55138
503;13;55138;55137;
503;13;55140;;55141
503;13;55141;55140;55142
503;13;55142;55141;55143
503;13;55143;55142;
503;13;54704;;54705
503;13;54705;54704;54706
503;13;54706;54705;
503;13;54961;;54962
503;13;54962;54961;54963
503;13;54963;54962;54964
503;13;54964;54963;55410
503;13;55410;54964;
503;13;54840;;54841
503;13;54841;54840;54842
503;13;54842;54841;
503;13;54601;;54602
503;13;54602;54601;
503;13;54439;;54440
503;13;54440;54439;54441
503;13;54441;54440;
503;13;54824;;54825
503;13;54825;54824;54826
503;13;54826;54825;
503;13;54820;;54821
503;13;54821;54820;54822
503;13;54822;54821;
503;13;55281;;55282
503;13;55282;55281;
503;13;55352;;55353
503;13;55353;55352;55354
503;13;55354;55353;
503;13;54775;;55346
503;13;55346;54775;54776
503;13;54776;55346;
503;13;55375;;55376
503;13;55376;55375;55377
503;13;55377;55376;55378
503;13;55378;55377;55379
503;13;55379;55378;55380
503;13;55380;55379;
503;13;55327;;55328
503;13;55328;55327;
503;13;54885;;54886
503;13;54886;54885;54887
503;13;54887;54886;54888
503;13;54888;54887;55333
503;13;55333;54888;55334
503;13;55334;55333;
503;13;54877;;54878
503;13;54878;54877;54879
503;13;54879;54878;
503;13;54881;;54882
503;13;54882;54881;54883
503;13;54883;54882;
503;13;55395;;55396
503;13;55396;55395;55397
503;13;55397;55396;
503;13;54759;;54760
503;13;54760;54759;54761
503;13;54761;54760;54762
503;13;54762;54761;54763
503;13;54763;54762;
503;13;54778;;55362
503;13;55362;54778;
503;13;54782;;54783
503;13;54783;54782;54784
503;13;54784;54783;54785
503;13;54785;54784;
503;13;54941;;54942
503;13;54942;54941;54943
503;13;54943;54942;
503;13;54726;;54727
503;13;54727;54726;54728
503;13;54728;54727;54729
503;13;54729;54728;
503;13;54909;;54910
503;13;54910;54909;54911
503;13;54911;54910;54912
503;13;54912;54911;
503;13;55074;;55075
503;13;55075;55074;55076
503;13;55076;55075;55077
503;13;55077;55076;
503;13;55062;;55063
503;13;55063;55062;55064
503;13;55064;55063;
503;13;55324;;55325
503;13;55325;55324;
503;13;30063;;30064
503;13;30064;30063;30065
503;13;30065;30064;30066
503;13;30066;30065;30067
503;13;30067;30066;30068
503;13;30068;30067;30069
503;13;30069;30068;
503;13;30052;;30053
503;13;30053;30052;30054
503;13;30054;30053;30055
503;13;30055;30054;30056
503;13;30056;30055;30057
503;13;30057;30056;30058
503;13;30058;30057;30059
503;13;30059;30058;30060
503;13;30060;30059;30061
503;13;30061;30060;
503;13;76;;74
503;13;74;76;75
503;13;75;74;67
503;13;67;75;68
503;13;68;67;69
503;13;69;68;70
503;13;70;69;71
503;13;71;70;72
503;13;72;71;73
503;13;73;72;
503;13;48052;;48053
503;13;48053;48052;48054
503;13;48054;48053;48055
503;13;48055;48054;48056
503;13;48056;48055;48057
503;13;48057;48056;48058
503;13;48058;48057;
503;13;42052;;42053
503;13;42053;42052;42054
503;13;42054;42053;42055
503;13;42055;42054;42061
503;13;42061;42055;42056
503;13;42056;42061;42057
503;13;42057;42056;42058
503;13;42058;42057;42059
503;13;42059;42058;42060
503;13;42060;42059;
503;13;36052;;36053
503;13;36053;36052;36054
503;13;36054;36053;36055
503;13;36055;36054;36056
503;13;36056;36055;
503;13;55247;;55248
503;13;55248;55247;
503;13;54588;;54589
503;13;54589;54588;54590
503;13;54590;54589;54591
503;13;54591;54590;
503;13;54698;;54699
503;13;54699;54698;54700
503;13;54700;54699;54701
503;13;54701;54700;54702
503;13;54702;54701;
503;13;54583;;54584
503;13;54584;54583;54585
503;13;54585;54584;54586
503;13;54586;54585;
503;13;54956;;54957
503;13;54957;54956;54958
503;13;54958;54957;54959
503;13;54959;54958;
503;13;54949;;54950
503;13;54950;54949;54951
503;13;54951;54950;54952
503;13;54952;54951;54953
503;13;54953;54952;54954
503;13;54954;54953;
503;13;55382;;55383
503;13;55383;55382;55384
503;13;55384;55383;55385
503;13;55385;55384;
503;13;55088;;55089
503;13;55089;55088;55090
503;13;55090;55089;
503;13;54918;;54919
503;13;54919;54918;54920
503;13;54920;54919;54921
503;13;54921;54920;54922
503;13;54922;54921;54923
503;13;54923;54922;54924
503;13;54924;54923;54925
503;13;54925;54924;
503;13;54914;;54915
503;13;54915;54914;54916
503;13;54916;54915;
503;13;54526;;54527
503;13;54527;54526;
503;13;54530;;54531
503;13;54531;54530;54532
503;13;54532;54531;54533
503;13;54533;54532;
503;13;54970;;54971
503;13;54971;54970;54972
503;13;54972;54971;
503;13;54713;;54714
503;13;54714;54713;
503;13;55309;;55310
503;13;55310;55309;
503;13;78;;79
503;13;79;78;80
503;13;80;79;81
503;13;81;80;
503;13;54472;;54473
503;13;54473;54472;
503;13;54521;;54522
503;13;54522;54521;54523
503;13;54523;54522;
503;13;54765;;54766
503;13;54766;54765;54767
503;13;54767;54766;54768
503;13;54768;54767;
503;13;55205;;55207
503;13;55207;55205;55208
503;13;55208;55207;55209
503;13;55209;55208;55417
503;13;55417;55209;
503;13;55117;;55118
503;13;55118;55117;55119
503;13;55119;55118;55120
503;13;55120;55119;
503;13;55113;;55114
503;13;55114;55113;55115
503;13;55115;55114;
503;13;55050;;55051
503;13;55051;55050;
503;13;55059;;55060
503;13;55060;55059;
503;13;55303;;55304
503;13;55304;55303;
503;13;55030;;55031
503;13;55031;55030;55032
503;13;55032;55031;55033
503;13;55033;55032;55034
503;13;55034;55033;55035
503;13;55035;55034;
503;13;55026;;55027
503;13;55027;55026;55028
503;13;55028;55027;
503;13;55010;;55011
503;13;55011;55010;
503;13;55366;;54676
503;13;54676;55366;54677
503;13;54677;54676;54678
503;13;54678;54677;54679
503;13;54679;54678;54680
503;13;54680;54679;54681
503;13;54681;54680;
503;13;55148;;55149
503;13;55149;55148;
503;13;54828;;54829
503;13;54829;54828;54830
503;13;54830;54829;
503;13;54836;;54837
503;13;54837;54836;54838
503;13;54838;54837;
503;13;54832;;54833
503;13;54833;54832;
503;13;54871;;54872
503;13;54872;54871;
503;13;54901;;54902
503;13;54902;54901;54903
503;13;54903;54902;54904
503;13;54904;54903;54905
503;13;54905;54904;54906
503;13;54906;54905;54907
503;13;54907;54906;
503;13;54894;;54895
503;13;54895;54894;54896
503;13;54896;54895;54897
503;13;54897;54896;54898
503;13;54898;54897;54899
503;13;54899;54898;
503;13;54866;;54867
503;13;54867;54866;54868
503;13;54868;54867;54869
503;13;54869;54868;
503;13;54982;;54983
503;13;54983;54982;
503;13;54977;;54978
503;13;54978;54977;54979
503;13;54979;54978;54980
503;13;54980;54979;
503;13;54974;;54975
503;13;54975;54974;
503;13;55277;;55278
503;13;55278;55277;55279
503;13;55279;55278;
503;13;55013;;55014
503;13;55014;55013;55015
503;13;55015;55014;
503;13;55079;;55080
503;13;55080;55079;55081
503;13;55081;55080;55082
503;13;55082;55081;
503;13;55291;;55292
503;13;55292;55291;55293
503;13;55293;55292;55294
503;13;55294;55293;
503;13;55288;;55289
503;13;55289;55288;
503;13;55349;;55350
503;13;55350;55349;
503;13;55161;;55162
503;13;55162;55161;
503;13;55273;;55274
503;13;55274;55273;55355
503;13;55355;55274;55275
503;13;55275;55355;
503;13;55284;;55285
503;13;55285;55284;55286
503;13;55286;55285;
503;13;54817;;54818
503;13;54818;54817;
503;13;54673;;54674
503;13;54674;54673;
503;13;54811;;54812
503;13;54812;54811;54813
503;13;54813;54812;54814
503;13;54814;54813;54815
503;13;54815;54814;
503;13;55251;;55252
503;13;55252;55251;55253
503;13;55253;55252;55254
503;13;55254;55253;55255
503;13;55255;55254;55256
503;13;55256;55255;
503;13;55296;;55297
503;13;55297;55296;55298
503;13;55298;55297;55299
503;13;55299;55298;55300
503;13;55300;55299;55301
503;13;55301;55300;
503;13;55168;;55169
503;13;55169;55168;55170
503;13;55170;55169;55171
503;13;55171;55170;
503;13;54874;;54875
503;13;54875;54874;
503;13;55194;;55195
503;13;55195;55194;55196
503;13;55196;55195;55197
503;13;55197;55196;55198
503;13;55198;55197;55199
503;13;55199;55198;
503;13;55237;;55238
503;13;55238;55237;55239
503;13;55239;55238;55240
503;13;55240;55239;
503;13;55221;;55367
503;13;55367;55221;55222
503;13;55222;55367;
503;13;55391;;55392
503;13;55392;55391;55393
503;13;55393;55392;
503;13;55099;;55100
503;13;55100;55099;55101
503;13;55101;55100;
503;13;55420;;55102
503;13;55102;55420;55103
503;13;55103;55102;
503;13;55320;;55321
503;13;55321;55320;55322
503;13;55322;55321;
503;13;54721;;54722
503;13;54722;54721;54723
503;13;54723;54722;54724
503;13;54724;54723;
503;13;55017;;55018
503;13;55018;55017;
503;13;54635;;54636
503;13;54636;54635;54637
503;13;54637;54636;
503;13;55164;;55165
503;13;55165;55164;55166
503;13;55166;55165;
503;13;55424;;55425
503;13;55425;55424;54535
503;13;54535;55425;54536
503;13;54536;54535;54537
503;13;54537;54536;
503;13;54931;;54932
503;13;54932;54931;54933
503;13;54933;54932;
503;13;55403;;55368
503;13;55368;55403;55404
503;13;55404;55368;55405
503;13;55405;55404;
503;13;54860;;54861
503;13;54861;54860;54862
503;13;54862;54861;54863
503;13;54863;54862;
503;13;55187;;55188
503;13;55188;55187;55189
503;13;55189;55188;55190
503;13;55190;55189;55191
503;13;55191;55190;
503;13;54686;;54687
503;13;54687;54686;54688
503;13;54688;54687;
503;13;54642;;55339
503;13;55339;54642;54643
503;13;54643;55339;54644
503;13;54644;54643;54645
503;13;54645;54644;54646
503;13;54646;54645;
503;13;54639;;54640
503;13;54640;54639;
503;13;55223;;54604
503;13;54604;55223;54605
503;13;54605;54604;54606
503;13;54606;54605;54607
503;13;54607;54606;54608
503;13;54608;54607;54609
503;13;54609;54608;54610
503;13;54610;54609;
503;13;54612;;54613
503;13;54613;54612;54614
503;13;54614;54613;54615
503;13;54615;54614;55192
503;13;55192;54615;54616
503;13;54616;55192;54617
503;13;54617;54616;
503;13;54997;;54998
503;13;54998;54997;
503;13;54435;;55335
503;13;55335;54435;54436
503;13;54436;55335;54437
503;13;54437;54436;
503;13;54854;;54855
503;13;54855;54854;
503;13;55006;;55007
503;13;55007;55006;55331
503;13;55331;55007;55332
503;13;55332;55331;
503;13;54851;;54852
503;13;54852;54851;
503;13;55201;;55202
503;13;55202;55201;55203
503;13;55203;55202;
503;13;55107;;55108
503;13;55108;55107;55109
503;13;55109;55108;
503;13;55423;;55344
503;13;55344;55423;55110
503;13;55110;55344;55111
503;13;55111;55110;
503;13;54708;;54709
503;13;54709;54708;54710
503;13;54710;54709;54711
503;13;54711;54710;
503;13;54794;;54795
503;13;54795;54794;54796
503;13;54796;54795;54797
503;13;54797;54796;
503;13;54966;;54967
503;13;54967;54966;54968
503;13;54968;54967;
503;13;55216;;55217
503;13;55217;55216;55218
503;13;55218;55217;55219
503;13;55219;55218;
503;13;54938;;54939
503;13;54939;54938;
503;13;55134;;55135
503;13;55135;55134;
503;13;55129;;55130
503;13;55130;55129;55131
503;13;55131;55130;55132
503;13;55132;55131;
503;13;55125;;55126
503;13;55126;55125;55127
503;13;55127;55126;
503;13;55399;;55400
503;13;55400;55399;55401
503;13;55401;55400;
503;13;54770;;54771
503;13;54771;54770;54772
503;13;54772;54771;54773
503;13;54773;54772;
