CID;TABCD;LCD;CLASS;TCD;STCD;JUNCTIONNUMBER;RNID;N1ID;N2ID;POL_LCD;OTH_LCD;SEG_LCD;ROA_LCD;INPOS;INNEG;OUTPOS;OUTNEG;PRESENTPOS;PRESENTNEG;DIVERSIONPOS;DIVERSIONNEG;XCOORD;YCOORD;INTERRUPTSROAD;URBAN
503;13;54464;P;1;6;;1041;1693;;13;;;54463;1;1;1;1;1;1;;;+11590969;+2866235;0;1
503;13;54465;P;1;10;;1041;1074;;13;;;54463;1;1;1;1;1;1;;;+11590422;+2866773;0;1
503;13;54466;P;1;10;;1041;1077;;13;;;54463;1;1;1;1;1;1;;;+11590345;+2867206;0;1
503;13;54467;P;1;10;;1041;1028;;13;;;54463;1;1;1;1;1;1;;;+11590338;+2867555;0;1
503;13;54468;P;1;10;;1041;1078;;13;;;54463;1;1;1;1;1;1;;;+11590333;+2868172;0;1
503;13;54469;P;1;6;;1041;1079;;13;;;54463;1;1;1;1;1;1;;;+11590316;+2868482;0;1
503;13;54470;P;1;10;;1041;1042;;13;;;54463;1;1;1;1;1;1;;;+11590192;+2868751;0;1
503;13;54475;P;1;10;;1653;1033;;13;;;54474;1;1;1;1;1;1;;;+11588865;+2868782;0;1
503;13;54476;P;1;7;;1653;1243;;13;;;54474;1;1;1;1;1;1;;;+11587492;+2869438;0;1
503;13;54458;P;1;10;;1068;1067;;13;;;54457;1;1;1;1;1;1;;;+11591920;+2862159;0;1
503;13;54459;P;1;10;;1068;1069;;13;;;54457;1;1;1;1;1;1;;;+11591548;+2863218;0;1
503;13;54460;P;1;10;;1068;1015;;13;;;54457;1;1;1;1;1;1;;;+11591152;+2864843;0;1
503;13;54461;P;1;10;;1068;1070;;13;;;54457;1;1;1;1;1;1;;;+11591076;+2865505;0;1
503;13;54462;P;1;6;;1068;1071;;13;;;54457;1;1;1;1;1;1;;;+11590969;+2866235;0;1
503;13;54446;P;1;12;;1059;1058;;13;;;54445;1;1;1;1;1;1;;;+11594423;+2855549;0;1
503;13;54451;P;1;10;;1059;1002;;13;;;54445;1;1;1;1;1;1;;;+11593348;+2857971;0;1
503;13;54452;P;1;10;;1059;1064;;13;;;54445;1;1;1;1;1;1;;;+11592984;+2859666;0;0
503;13;54443;P;1;6;;996;958;;13;;;54442;1;1;1;1;1;1;;;+11594201;+2851254;0;1
503;13;54444;P;1;10;;996;1060;;13;;;54442;1;1;1;1;1;1;;;+11594673;+2854344;0;1
503;13;54449;P;1;10;;1061;1060;;13;;;54448;1;1;1;1;1;1;;;+11594673;+2854344;0;1
503;13;54450;P;1;12;;1061;1058;;13;;;54448;1;1;1;1;1;1;;;+11594423;+2855549;0;1
503;13;54492;P;1;11;;1097;1094;;13;;;54491;1;1;1;1;1;1;;;+11585103;+2876625;0;0
503;13;54493;P;1;10;;1097;978;;13;;;54491;1;1;1;1;1;1;;;+11585129;+2877916;0;0
503;13;54478;P;1;7;;974;1243;;13;;;54477;1;1;1;1;1;1;;;+11587492;+2869438;0;1
503;13;54479;P;1;10;;974;1125;;13;;;54477;1;1;1;1;1;1;;;+11586907;+2869854;0;1
503;13;54480;P;1;10;;974;1084;;13;;;54477;1;1;1;1;1;1;;;+11586549;+2870148;0;1
503;13;54481;P;1;10;;974;1085;;13;;;54477;1;1;1;1;1;1;;;+11586233;+2870464;0;1
503;13;54482;P;1;10;;974;1669;;13;;;54477;1;1;1;1;1;1;;;+11585225;+2871373;0;1
503;13;54483;P;1;3;;974;948;;13;;;54477;1;1;1;1;1;1;;;+11584877;+2871972;0;1
503;13;54484;P;1;10;;974;1089;;13;;;54477;1;1;1;1;1;1;;;+11585113;+2872913;0;1
503;13;54485;P;1;10;;974;1090;;13;;;54477;1;1;1;1;1;1;;;+11585034;+2873637;0;1
503;13;54487;P;1;10;;1094;1090;;13;;;54486;1;1;1;1;1;1;;;+11585034;+2873637;0;1
503;13;54488;P;1;10;;1094;1093;;13;;;54486;1;1;1;1;1;1;;;+11585112;+2874282;0;1
503;13;54489;P;1;12;;1094;1670;;13;;;54486;1;1;1;1;1;1;;;+11585681;+2875723;0;1
503;13;54490;P;1;11;;1094;1097;;13;;;54486;1;1;1;1;1;1;;;+11585103;+2876625;0;0
503;13;54454;P;1;12;;1064;1059;;13;;;54453;1;1;1;1;1;1;;;+11592984;+2859666;0;0
503;13;54455;P;1;10;;1064;1006;;13;;;54453;1;1;1;1;1;1;;;+11592911;+2860107;0;1
503;13;54456;P;1;10;;1064;1067;;13;;;54453;1;1;1;1;1;1;;;+11591920;+2862159;0;1
503;13;55306;P;1;10;;1508;1144;;13;;;55305;1;1;1;1;1;1;;;+11595622;+2863418;0;1
503;13;55307;P;1;10;;1508;1511;;13;;;55305;1;1;1;1;1;1;;;+11596785;+2863414;0;1
503;13;54430;P;1;10;;1033;1653;;13;;;54428;1;1;1;1;1;1;;;+11588865;+2868782;0;1
503;13;54431;P;1;10;;1033;1039;;13;;;54428;1;1;1;1;1;1;;;+11589008;+2868796;0;1
503;13;54432;P;1;10;;1033;1040;;13;;;54428;1;1;1;1;1;1;;;+11589702;+2868804;0;1
503;13;54433;P;1;10;;1033;1042;;13;;;54428;1;1;1;1;1;1;;;+11590192;+2868751;0;1
503;13;54423;P;1;10;;1024;1671;;13;;;54422;1;1;1;1;1;1;;;+11588846;+2866705;0;1
503;13;54424;P;1;10;;1024;1392;;13;;;54422;1;1;1;1;1;1;;;+11588602;+2866922;0;1
503;13;54425;P;1;10;;1024;1028;;13;;;54422;1;1;1;1;1;1;;;+11588310;+2867460;0;1
503;13;54426;P;1;10;;1024;1029;;13;;;54422;1;1;1;1;1;1;;;+11588242;+2867622;0;1
503;13;54427;P;1;10;;1024;1032;;13;;;54422;1;1;1;1;1;1;;;+11588173;+2868256;0;1
503;13;54414;P;1;10;;1011;1010;;13;;;54413;1;1;1;1;1;1;;;+11590666;+2863584;0;1
503;13;54415;P;1;10;;1011;1014;;13;;;54413;1;1;1;1;1;1;;;+11590214;+2864091;0;1
503;13;54416;P;1;10;;1011;1015;;13;;;54413;1;1;1;1;1;1;;;+11590153;+2864673;0;1
503;13;54417;P;1;6;;1011;1018;;13;;;54413;1;1;1;1;1;1;;;+11589923;+2865503;0;1
503;13;54419;P;1;6;;1021;1018;;13;;;54418;1;1;1;1;1;1;;;+11589923;+2865503;0;1
503;13;54420;P;1;10;;1021;1022;;13;;;54418;1;1;1;1;1;1;;;+11589559;+2866003;0;1
503;13;54421;P;1;10;;1021;1671;;13;;;54418;1;1;1;1;1;1;;;+11588846;+2866705;0;1
503;13;54619;P;1;10;;1036;1032;;13;;;54618;1;1;1;1;1;1;;;+11588173;+2868256;0;1
503;13;54620;P;1;12;;1036;1216;;13;;;54618;1;1;1;1;1;1;;;+11588263;+2868600;0;1
503;13;55224;P;1;12;;1036;1655;;13;;;54618;1;1;1;1;1;1;;;+11588853;+2869381;0;1
503;13;55019;P;1;10;;1036;1425;;13;;;54618;1;1;1;1;1;1;;;+11590421;+2870407;0;1
503;13;54621;P;1;10;;1036;;1219;13;;;54618;1;1;1;1;1;1;;;+11590764;+2870618;0;1
503;13;54622;P;1;13;;1036;1162;;13;;;54618;1;1;1;1;1;1;;;+11591288;+2870979;0;1
503;13;54409;P;1;11;;1003;993;;13;;;54408;1;1;1;1;1;1;;;+11591118;+2858280;0;1
503;13;54410;P;1;10;;1003;1006;;13;;;54408;1;1;1;1;1;1;;;+11590819;+2860843;0;1
503;13;54411;P;1;10;;1003;1007;;13;;;54408;1;1;1;1;1;1;;;+11590700;+2863044;0;1
503;13;54412;P;1;10;;1003;1010;;13;;;54408;1;1;1;1;1;1;;;+11590666;+2863584;0;1
503;13;54402;P;1;6;;993;1518;;13;;;54401;1;1;1;1;1;1;;;+11594201;+2851254;0;1
503;13;54403;P;1;10;;993;999;;13;;;54401;1;1;1;1;1;1;;;+11591821;+2854436;0;1
503;13;54404;P;1;10;;993;1000;;13;;;54401;1;1;1;1;1;1;;;+11591599;+2855647;0;1
503;13;54405;P;1;10;;993;1001;;13;;;54401;1;1;1;1;1;1;;;+11591346;+2857008;0;1
503;13;54406;P;1;10;;993;1002;;13;;;54401;1;1;1;1;1;1;;;+11591212;+2857761;0;1
503;13;54407;P;1;11;;993;1003;;13;;;54401;1;1;1;1;1;1;;;+11591118;+2858280;0;1
503;13;54718;P;1;12;;1285;1288;;13;;;54717;1;1;1;1;1;1;;;+11577055;+2869929;0;0
503;13;54719;P;1;10;;1285;1265;;13;;;54717;1;1;1;1;1;1;;;+11580562;+2869591;0;1
503;13;55265;P;1;10;;1487;1179;;13;;;55264;1;1;1;1;1;1;;;+11587401;+2865060;0;1
503;13;55266;P;1;11;;1487;1182;;13;;;55264;1;1;1;1;1;1;;;+11588201;+2864958;0;1
503;13;55267;P;1;10;;1487;1185;;13;;;55264;1;1;1;1;1;1;;;+11589067;+2864835;0;1
503;13;55268;P;1;10;;1487;1015;;13;;;55264;1;1;1;1;1;1;;;+11590153;+2864673;0;1
503;13;54495;P;1;3;;918;938;;13;;;54494;1;1;1;1;1;1;;;+11571652;+2861757;0;0
503;13;54496;P;1;12;;918;967;;13;;;54494;1;1;1;1;1;1;;;+11573380;+2862909;0;0
503;13;54497;P;1;10;;918;1100;;13;;;54494;1;1;1;1;1;1;;;+11578273;+2865673;0;0
503;13;54498;P;1;3;;918;948;;13;;;54494;1;1;1;1;1;1;;;+11579426;+2866350;0;0
503;13;54506;P;1;10;;1107;1106;;13;;;54505;1;1;1;1;1;1;;;+11582755;+2868035;0;1
503;13;54507;P;1;12;;1107;1085;;13;;;54505;1;1;1;1;1;1;;;+11584006;+2868588;0;1
503;13;54500;P;1;3;;1101;948;;13;;;54499;1;1;1;1;1;1;;;+11579426;+2866350;0;0
503;13;54501;P;1;10;;1101;969;;13;;;54499;1;1;1;1;1;1;;;+11580667;+2867544;0;0
503;13;54502;P;1;11;;1101;1104;;13;;;54499;1;1;1;1;1;1;;;+11581367;+2868053;0;1
503;13;54503;P;1;10;;1101;1105;;13;;;54499;1;1;1;1;1;1;;;+11581959;+2868032;0;1
503;13;54504;P;1;10;;1101;1669;;13;;;54499;1;1;1;1;1;1;;;+11582755;+2868035;0;1
503;13;54751;P;1;12;;1085;1121;;13;;;54750;1;1;1;1;1;1;;;+11583501;+2867797;0;1
503;13;54752;P;1;10;;1085;1110;;13;;;54750;1;1;1;1;1;1;;;+11583946;+2868487;0;1
503;13;54753;P;1;10;;1085;1122;;13;;;54750;1;1;1;1;1;1;;;+11584437;+2869271;0;1
503;13;54754;P;1;10;;1085;1123;;13;;;54750;1;1;1;1;1;1;;;+11585447;+2870310;0;1
503;13;54755;P;1;10;;1085;974;;13;;;54750;1;1;1;1;1;1;;;+11586233;+2870464;0;1
503;13;54756;P;1;10;;1085;1253;;13;;;54750;1;1;1;1;1;1;;;+11586918;+2871092;0;1
503;13;54757;P;1;11;;1085;1249;;13;;;54750;1;1;1;1;1;1;;;+11587236;+2872100;0;1
503;13;54514;P;1;7;;1116;918;;13;;;54513;1;1;1;1;1;1;;;+11584465;+2866903;0;1
503;13;54515;P;1;10;;1116;1121;;13;;;54513;1;1;1;1;1;1;;;+11584672;+2867251;0;1
503;13;54516;P;1;10;;1116;1110;;13;;;54513;1;1;1;1;1;1;;;+11585092;+2868005;0;1
503;13;54517;P;1;10;;1116;1122;;13;;;54513;1;1;1;1;1;1;;;+11585463;+2868864;0;1
503;13;54518;P;1;10;;1116;1123;;13;;;54513;1;1;1;1;1;1;;;+11586024;+2869365;0;1
503;13;54519;P;1;10;;1116;974;;13;;;54513;1;1;1;1;1;1;;;+11586907;+2869854;0;1
503;13;54577;P;1;10;;1018;1179;;13;;;54576;1;1;1;1;1;1;;;+11587750;+2865537;0;1
503;13;54578;P;1;10;;1018;1182;;13;;;54576;1;1;1;1;1;1;;;+11588271;+2865496;0;1
503;13;54579;P;1;10;;1018;1185;;13;;;54576;1;1;1;1;1;1;;;+11589071;+2865499;0;1
503;13;54580;P;1;7;;1018;1700;;13;;;54576;1;1;1;1;1;1;;;+11589923;+2865503;0;1
503;13;54581;P;1;6;;1018;1070;;13;;;54576;1;1;1;1;1;1;;;+11591076;+2865505;0;1
503;13;55337;P;1;12;;1652;972;;13;;;55336;1;1;1;1;1;1;;;+11585070;+2866642;0;1
503;13;55338;P;1;10;;1652;1179;;13;;;55336;1;1;1;1;1;1;;;+11587750;+2865537;0;1
503;13;54572;P;1;3;;972;948;;13;;;54571;1;1;1;1;1;1;;;+11583111;+2867549;0;1
503;13;54573;P;1;12;;972;1113;;13;;;54571;1;1;1;1;1;1;;;+11583781;+2867211;0;1
503;13;54574;P;1;6;;972;1116;;13;;;54571;1;1;1;1;1;1;;;+11584465;+2866903;0;1
503;13;54575;P;1;12;;972;1652;;13;;;54571;1;1;1;1;1;1;;;+11585070;+2866642;0;1
503;13;54509;P;1;10;;1110;1085;;13;;;54508;1;1;1;1;1;1;;;+11583946;+2868487;0;1
503;13;54510;P;1;10;;1110;1113;;13;;;54508;1;1;1;1;1;1;;;+11584403;+2868265;0;1
503;13;54511;P;1;10;;1110;1116;;13;;;54508;1;1;1;1;1;1;;;+11585092;+2868005;0;1
503;13;54512;P;1;10;;1110;1082;;13;;;54508;1;1;1;1;1;1;;;+11585993;+2867798;0;1
503;13;54096;P;1;1;;877;938;;13;;;54095;1;1;1;1;1;1;;;+11615773;+2834049;0;0
503;13;54097;P;1;3;;877;983;;13;;;54095;1;1;1;1;1;1;;;+11629771;+2832209;0;0
503;13;54098;P;3;3;;877;984;;13;;;54095;1;1;1;1;1;1;;;+11652828;+2827361;0;0
503;13;54077;P;1;3;;1695;964;;13;;54051;;1;1;1;1;1;1;;;+11576646;+2850244;0;0
503;13;54052;P;1;1;;1695;1685;;13;;54051;;1;1;1;1;1;1;;;+11576521;+2854120;0;0
503;13;54053;P;1;3;;1695;918;;13;;54051;;1;1;1;1;1;1;;;+11571631;+2861083;0;0
503;13;54054;P;1;1;;1695;944;;13;;54051;;1;1;1;1;1;1;;;+11572118;+2866402;0;0
503;13;54055;P;3;3;;1695;945;;13;;54051;;1;1;1;1;1;1;;;+11573750;+2867569;0;0
503;13;54056;P;1;3;;1695;946;;13;;54051;;1;1;1;1;1;1;;;+11575415;+2869889;0;0
503;13;54057;P;1;3;;1695;947;;13;;54051;;1;1;1;1;1;1;;;+11581722;+2876219;0;0
503;13;54058;P;1;1;;1695;948;;13;;54051;;1;1;1;1;1;1;;;+11585568;+2880071;0;0
503;13;54059;P;1;1;;1696;1584;;13;;54114;;1;1;1;1;1;1;;;+11587248;+2883657;0;0
503;13;54060;P;1;3;;1696;949;;13;;54114;;1;1;1;1;1;1;;;+11589914;+2883138;0;0
503;13;54061;P;3;3;;1696;950;;13;;54114;;1;1;1;1;1;1;;;+11595538;+2882043;0;0
503;13;54062;P;1;3;;1696;951;;13;;54114;;1;1;1;1;1;1;;;+11603526;+2880012;0;0
503;13;54063;P;1;3;;1697;1661;;13;;54112;;1;1;1;1;1;1;;;+11605693;+2876780;0;0
503;13;54064;P;1;1;;1697;953;;13;;54112;;1;1;1;1;1;1;;;+11608902;+2867670;0;0
503;13;54065;P;1;3;;1697;954;;13;;54112;;1;1;1;1;1;1;;;+11607842;+2857011;0;0
503;13;54066;P;1;3;;1697;1662;;13;;54112;;1;1;1;1;1;1;;;+11607988;+2851479;0;0
503;13;54067;P;3;3;;1697;956;;13;;54112;;1;1;1;1;1;1;;;+11610711;+2839047;0;0
503;13;54068;P;1;3;;1697;957;;13;;54112;;1;1;1;1;1;1;;;+11613775;+2836405;0;0
503;13;54069;P;1;1;;1698;877;;13;;54113;;1;1;1;1;1;1;;;+11615773;+2834049;0;0
503;13;54070;P;1;3;;1698;958;;13;;54113;;1;1;1;1;1;1;;;+11612185;+2833741;0;0
503;13;54071;P;1;3;;1698;959;;13;;54113;;1;1;1;1;1;1;;;+11601406;+2835418;0;0
503;13;54072;P;1;3;;1698;1518;;13;;54113;;1;1;1;1;1;1;;;+11591794;+2839186;0;0
503;13;54073;P;3;3;;1698;960;;13;;54113;;1;1;1;1;1;1;;;+11591020;+2839610;0;0
503;13;54074;P;1;1;;1698;963;;13;;54113;;1;1;1;1;1;1;;;+11577798;+2842783;0;0
503;13;30071;P;1;1;;1584;763;;9;;;30070;1;1;1;1;1;1;;;+11663245;+2743474;0;0
503;13;30072;P;3;3;;1584;788;;9;;;30070;1;1;1;1;1;1;;;+11664711;+2747221;0;0
503;13;30073;P;1;1;;1584;789;;9;;;30070;1;1;1;1;1;1;;;+11665195;+2749857;0;0
503;13;54109;P;1;3;;1584;1660;;13;;;54108;1;1;1;1;1;1;;;+11626303;+2812240;0;0
503;13;54110;P;1;1;;1584;938;;13;;;54108;1;1;1;1;1;1;;;+11615773;+2834049;0;0
503;13;54106;P;1;1;;1584;938;;13;;;54105;1;1;1;1;1;1;;;+11587248;+2883657;0;0
503;13;54107;P;1;3;;1584;1518;;13;;;54105;1;1;1;1;1;1;;;+11583205;+2890679;0;0
503;13;54566;P;1;12;;990;1158;;13;;;54565;1;1;1;1;1;1;;;+11604123;+2867248;0;0
503;13;54567;P;1;6;;990;953;;13;;;54565;1;1;1;1;1;1;;;+11607005;+2866925;0;0
503;13;54569;P;1;7;;1174;990;;13;;;54568;1;1;1;1;1;1;;;+11607005;+2866925;0;0
503;13;54570;P;1;3;;1174;953;;13;;;54568;1;1;1;1;1;1;;;+11607891;+2867888;0;0
503;13;54561;P;1;7;;1158;1147;;13;;;54560;1;1;1;1;1;1;;;+11598691;+2867464;0;0
503;13;54562;P;1;10;;1158;1165;;13;;;54560;1;1;1;1;1;1;;;+11601088;+2867495;0;0
503;13;54563;P;1;10;;1158;1168;;13;;;54560;1;1;1;1;1;1;;;+11602464;+2867454;0;0
503;13;54564;P;1;12;;1158;990;;13;;;54560;1;1;1;1;1;1;;;+11604123;+2867248;0;0
503;13;55211;P;1;9;;1071;1693;;13;;;55210;1;1;1;1;1;1;;;+11590969;+2866235;0;1
503;13;55212;P;1;10;;1071;1491;;13;;;55210;1;1;1;1;1;1;;;+11591407;+2866222;0;1
503;13;55213;P;1;13;;1071;1408;;13;;;55210;1;1;1;1;1;1;;;+11591751;+2866210;0;1
503;13;54805;P;1;12;;1090;1315;;13;;;54804;1;1;1;1;1;1;;;+11580782;+2873543;0;1
503;13;54806;P;1;11;;1090;1306;;13;;;54804;1;1;1;1;1;1;;;+11581391;+2873488;0;1
503;13;54807;P;1;10;;1090;1309;;13;;;54804;1;1;1;1;1;1;;;+11582485;+2873353;0;1
503;13;54808;P;1;8;;1090;1283;;13;;;54804;1;1;1;1;1;1;;;+11584290;+2873589;0;1
503;13;54809;P;1;10;;1090;1518;;13;;;54804;1;1;1;1;1;1;;;+11585034;+2873637;0;1
503;13;54100;P;1;3;;953;987;;13;;;54099;1;1;1;1;1;1;;;+11607891;+2867888;0;0
503;13;54101;P;1;1;;953;938;;13;;;54099;1;1;1;1;1;1;;;+11608902;+2867670;0;0
503;13;54102;P;1;3;;953;988;;13;;;54099;1;1;1;1;1;1;;;+11621589;+2869316;0;0
503;13;54103;P;3;3;;953;1647;;13;;;54099;1;1;1;1;1;1;;;+11635338;+2868639;0;0
503;13;54104;P;1;3;;953;990;;13;;;54099;1;1;1;1;1;1;;;+11639194;+2869472;0;0
503;13;54092;P;1;3;;944;1646;;13;;;54091;1;1;1;1;1;1;;;+11539619;+2877475;0;0
503;13;54093;P;1;3;;944;982;;13;;;54091;1;1;1;1;1;1;;;+11555249;+2875247;0;0
503;13;54094;P;1;1;;944;938;;13;;;54091;1;1;1;1;1;1;;;+11572118;+2866402;0;0
503;13;54115;P;1;3;;944;968;;13;;;54091;1;1;1;1;1;1;;;+11573381;+2866115;0;0
503;13;54080;P;1;1;;948;1699;;13;;;54079;1;1;1;1;1;1;;;+11576521;+2854120;0;0
503;13;54081;P;1;3;;948;967;;13;;;54079;1;1;1;1;1;1;;;+11576983;+2858752;0;0
503;13;54082;P;1;3;;948;968;;13;;;54079;1;1;1;1;1;1;;;+11578602;+2863992;0;0
503;13;54083;P;1;3;;948;918;;13;;;54079;1;1;1;1;1;1;;;+11579852;+2866489;0;0
503;13;54084;P;1;3;;948;969;;13;;;54079;1;1;1;1;1;1;;;+11581087;+2866922;0;0
503;13;54085;P;1;3;;948;972;;13;;;54079;1;1;1;1;1;1;;;+11583111;+2867549;0;1
503;13;54086;P;3;3;;948;973;;13;;;54079;1;1;1;1;1;1;;;+11584732;+2871021;0;1
503;13;54087;P;1;3;;948;1518;;13;;;54079;1;1;1;1;1;1;;;+11584802;+2871972;0;1
503;13;54088;P;1;3;;948;977;;13;;;54079;1;1;1;1;1;1;;;+11584744;+2872914;0;1
503;13;54089;P;1;3;;948;978;;13;;;54079;1;1;1;1;1;1;;;+11584968;+2878186;0;0
503;13;54090;P;1;1;;948;938;;13;;;54079;1;1;1;1;1;1;;;+11585568;+2880071;0;0
503;13;54593;P;1;10;;1151;1147;;13;;;54592;1;1;1;1;1;1;;;+11598056;+2863837;0;1
503;13;54594;P;1;12;;1151;1201;;13;;;54592;1;1;1;1;1;1;;;+11599729;+2862703;0;1
503;13;55363;P;1;12;;1669;1086;;13;;;54777;1;1;1;1;1;1;;;+11583612;+2870091;0;1
503;13;54779;P;1;12;;1669;1683;;13;;;54777;1;1;1;1;1;1;;;+11584930;+2871134;0;1
503;13;54780;P;1;10;;1669;974;;13;;;54777;1;1;1;1;1;1;;;+11585225;+2871373;0;1
503;13;55270;P;1;10;;1015;1011;;13;;;55269;1;1;1;1;1;1;;;+11590153;+2864673;0;1
503;13;55271;P;1;10;;1015;1068;;13;;;55269;1;1;1;1;1;1;;;+11591152;+2864843;0;1
503;13;54844;P;1;3;;1670;938;;13;;;54843;1;1;1;1;1;1;;;+11582141;+2876219;0;0
503;13;54845;P;1;12;;1670;1303;;13;;;54843;1;1;1;1;1;1;;;+11582606;+2876096;0;0
503;13;54846;P;1;12;;1670;1518;;13;;;54843;1;1;1;1;1;1;;;+11585681;+2875723;0;1
503;13;54632;P;1;12;;967;918;;13;;;54631;1;1;1;1;1;1;;;+11573380;+2862909;0;0
503;13;54633;P;1;3;;967;948;;13;;;54631;1;1;1;1;1;1;;;+11576922;+2859063;0;0
503;13;55156;P;1;10;;1039;1398;;13;;;55155;1;1;1;1;1;1;;;+11589159;+2867560;0;1
503;13;55157;P;1;10;;1039;1029;;13;;;55155;1;1;1;1;1;1;;;+11589133;+2867743;0;1
503;13;55158;P;1;10;;1039;1032;;13;;;55155;1;1;1;1;1;1;;;+11589032;+2868425;0;1
503;13;55159;P;1;10;;1039;1518;;13;;;55155;1;1;1;1;1;1;;;+11589008;+2868796;0;1
503;13;55151;P;1;12;;1398;1471;;13;;;55150;1;1;1;1;1;1;;;+11589665;+2866244;0;1
503;13;55152;P;1;10;;1398;1074;;13;;;55150;1;1;1;1;1;1;;;+11589606;+2866432;0;1
503;13;55153;P;1;10;;1398;1392;;13;;;55150;1;1;1;1;1;1;;;+11589290;+2867173;0;1
503;13;55154;P;1;10;;1398;1028;;13;;;55150;1;1;1;1;1;1;;;+11589159;+2867560;0;1
503;13;54799;P;1;11;;1683;1275;;13;;;54798;1;1;1;1;1;1;;;+11583041;+2872255;0;1
503;13;54800;P;1;12;;1683;1669;;13;;;54798;1;1;1;1;1;1;;;+11584930;+2871134;0;1
503;13;55056;P;1;11;;1159;1227;;13;;;55040;1;1;1;1;1;1;;;+11597305;+2871112;0;1
503;13;55041;P;1;11;;1159;1435;;13;;;55040;1;1;1;1;1;1;;;+11599009;+2871230;0;0
503;13;55042;P;1;12;;1159;1440;;13;;;55040;1;1;1;1;1;1;;;+11599709;+2871069;0;0
503;13;55043;P;1;10;;1159;1147;;13;;;55040;1;1;1;1;1;1;;;+11600645;+2870830;0;0
503;13;55044;P;1;12;;1159;1441;;13;;;55040;1;1;1;1;1;1;;;+11601206;+2870688;0;0
503;13;55364;P;1;10;;1159;1165;;13;;;55040;1;1;1;1;1;1;;;+11602205;+2870402;0;0
503;13;55092;P;1;10;;1155;1343;;13;;;55091;1;1;1;1;1;1;;;+11597405;+2867449;0;1
503;13;55093;P;1;11;;1155;1362;;13;;;55091;1;1;1;1;1;1;;;+11597480;+2867035;0;1
503;13;55094;P;1;10;;1155;1147;;13;;;55091;1;1;1;1;1;1;;;+11598420;+2866830;0;0
503;13;55095;P;1;11;;1155;1165;;13;;;55091;1;1;1;1;1;1;;;+11600739;+2866738;0;0
503;13;55096;P;1;10;;1155;1168;;13;;;55091;1;1;1;1;1;1;;;+11602584;+2866740;0;0
503;13;55097;P;1;10;;1155;1694;;13;;;55091;1;1;1;1;1;1;;;+11603725;+2866828;0;0
503;13;55037;P;1;12;;1435;1344;;13;;;55036;1;1;1;1;1;1;;;+11597412;+2868162;0;1
503;13;55038;P;1;12;;1435;1367;;13;;;55036;1;1;1;1;1;1;;;+11598244;+2870136;0;1
503;13;55039;P;1;11;;1435;1159;;13;;;55036;1;1;1;1;1;1;;;+11599009;+2871230;0;0
503;13;55387;P;1;10;;1686;1014;;13;;;55386;1;1;1;1;1;1;;;+11589857;+2864139;0;1
503;13;55388;P;1;10;;1686;1487;;13;;;55386;1;1;1;1;1;1;;;+11589650;+2864751;0;1
503;13;55389;P;1;10;;1686;918;;13;;;55386;1;1;1;1;1;1;;;+11589388;+2865498;0;1
503;13;54945;P;1;12;;1209;1135;;13;;;54944;1;1;1;1;1;1;;;+11583753;+2860674;0;0
503;13;54946;P;1;10;;1209;1138;;13;;;54944;1;1;1;1;1;1;;;+11588215;+2860034;0;1
503;13;54947;P;1;10;;1209;1139;;13;;;54944;1;1;1;1;1;1;;;+11589611;+2859879;0;1
503;13;54848;P;1;12;;1323;1093;;13;;;54847;1;1;1;1;1;1;;;+11588125;+2874347;0;1
503;13;55347;P;1;8;;1323;1658;;13;;;54847;1;1;1;1;1;1;;;+11588133;+2875768;0;1
503;13;54849;P;1;11;;1323;1329;;13;;;54847;1;1;1;1;1;1;;;+11588118;+2877322;0;0
503;13;54990;P;1;10;;1343;1188;;13;;;54989;1;1;1;1;1;1;;;+11592756;+2867410;0;1
503;13;54991;P;1;10;;1343;1411;;13;;;54989;1;1;1;1;1;1;;;+11594062;+2867425;0;1
503;13;54992;P;1;10;;1343;1194;;13;;;54989;1;1;1;1;1;1;;;+11594892;+2867434;0;1
503;13;54993;P;1;8;;1343;1144;;13;;;54989;1;1;1;1;1;1;;;+11596050;+2867446;0;1
503;13;54994;P;1;10;;1343;1227;;13;;;54989;1;1;1;1;1;1;;;+11596745;+2867440;0;1
503;13;54995;P;1;7;;1343;1147;;13;;;54989;1;1;1;1;1;1;;;+11598691;+2867464;0;0
503;13;54985;P;1;10;;1402;1401;;13;;;54984;1;1;1;1;1;1;;;+11590550;+2867383;0;1
503;13;54986;P;1;10;;1402;1407;;13;;;54984;1;1;1;1;1;1;;;+11591344;+2867392;0;1
503;13;54987;P;1;12;;1402;1672;;13;;;54984;1;1;1;1;1;1;;;+11591628;+2867400;0;1
503;13;54988;P;1;10;;1402;1343;;13;;;54984;1;1;1;1;1;1;;;+11592756;+2867410;0;1
503;13;54890;P;1;10;;1143;1006;;13;;;54889;1;1;1;1;1;1;;;+11594471;+2859755;0;1
503;13;54891;P;1;10;;1143;1067;;13;;;54889;1;1;1;1;1;1;;;+11594636;+2862028;0;1
503;13;54892;P;1;10;;1143;1347;;13;;;54889;1;1;1;1;1;1;;;+11594638;+2863425;0;1
503;13;54552;P;1;12;;1147;1006;;13;;;54551;1;1;1;1;1;1;;;+11597187;+2859196;0;1
503;13;54553;P;1;10;;1147;1148;;13;;;54551;1;1;1;1;1;1;;;+11598054;+2863133;0;1
503;13;54554;P;1;10;;1147;1151;;13;;;54551;1;1;1;1;1;1;;;+11598056;+2863837;0;1
503;13;54555;P;1;10;;1147;1154;;13;;;54551;1;1;1;1;1;1;;;+11598065;+2865315;0;0
503;13;54556;P;1;10;;1147;1155;;13;;;54551;1;1;1;1;1;1;;;+11598420;+2866830;0;0
503;13;54557;P;1;6;;1147;1673;;13;;;54551;1;1;1;1;1;1;;;+11598691;+2867464;0;0
503;13;55343;P;1;10;;1147;1656;;13;;;54551;1;1;1;1;1;1;;;+11599371;+2869131;0;0
503;13;54558;P;1;10;;1147;1159;;13;;;54551;1;1;1;1;1;1;;;+11600645;+2870830;0;0
503;13;54559;P;1;12;;1147;1162;;13;;;54551;1;1;1;1;1;1;;;+11601348;+2871943;0;0
503;13;54540;P;1;12;;1006;1135;;13;;;54539;1;1;1;1;1;1;;;+11584605;+2861474;0;1
503;13;54541;P;1;12;;1006;1136;;13;;;54539;1;1;1;1;1;1;;;+11585320;+2861400;0;1
503;13;54542;P;1;10;;1006;1137;;13;;;54539;1;1;1;1;1;1;;;+11586517;+2861334;0;1
503;13;54543;P;1;10;;1006;1138;;13;;;54539;1;1;1;1;1;1;;;+11588241;+2860959;0;1
503;13;54544;P;1;10;;1006;1139;;13;;;54539;1;1;1;1;1;1;;;+11589792;+2860848;0;1
503;13;54545;P;1;10;;1006;958;;13;;;54539;1;1;1;1;1;1;;;+11590819;+2860843;0;1
503;13;54546;P;1;6;;1006;1518;;13;;;54539;1;1;1;1;1;1;;;+11592911;+2860107;0;1
503;13;54547;P;1;10;;1006;1142;;13;;;54539;1;1;1;1;1;1;;;+11593377;+2859979;0;1
503;13;54548;P;1;10;;1006;1143;;13;;;54539;1;1;1;1;1;1;;;+11594471;+2859755;0;1
503;13;54549;P;1;10;;1006;1144;;13;;;54539;1;1;1;1;1;1;;;+11595556;+2859533;0;1
503;13;54550;P;1;12;;1006;1147;;13;;;54539;1;1;1;1;1;1;;;+11597187;+2859196;0;1
503;13;54787;P;1;12;;1303;1300;;13;;;54786;1;1;1;1;1;1;;;+11578644;+2871775;0;1
503;13;54788;P;1;11;;1303;1310;;13;;;54786;1;1;1;1;1;1;;;+11579464;+2872683;0;1
503;13;54789;P;1;12;;1303;1311;;13;;;54786;1;1;1;1;1;1;;;+11580247;+2873552;0;1
503;13;54790;P;1;12;;1303;1312;;13;;;54786;1;1;1;1;1;1;;;+11581216;+2874625;0;1
503;13;54791;P;1;12;;1303;1309;;13;;;54786;1;1;1;1;1;1;;;+11582098;+2875579;0;1
503;13;54792;P;1;12;;1303;1670;;13;;;54786;1;1;1;1;1;1;;;+11582606;+2876096;0;0
503;13;54857;P;1;11;;1261;1332;;13;;;54856;1;1;1;1;1;1;;;+11580415;+2869218;0;1
503;13;54858;P;1;10;;1261;1264;;13;;;54856;1;1;1;1;1;1;;;+11580837;+2869210;0;1
503;13;54693;P;1;11;;1269;1268;;13;;;54692;1;1;1;1;1;1;;;+11581850;+2868482;0;1
503;13;54694;P;1;10;;1269;1264;;13;;;54692;1;1;1;1;1;1;;;+11581689;+2869223;0;1
503;13;54695;P;1;10;;1269;1265;;13;;;54692;1;1;1;1;1;1;;;+11581701;+2869667;0;1
503;13;54696;P;1;12;;1269;1106;;13;;;54692;1;1;1;1;1;1;;;+11582283;+2870194;0;1
503;13;54690;P;1;10;;1105;918;;13;;;54689;1;1;1;1;1;1;;;+11581959;+2868032;0;1
503;13;54691;P;1;11;;1105;1268;;13;;;54689;1;1;1;1;1;1;;;+11581850;+2868482;0;1
503;13;55182;P;1;10;;1023;1213;;13;;;55181;1;1;1;1;1;1;;;+11587331;+2866494;0;1
503;13;55183;P;1;10;;1023;1179;;13;;;55181;1;1;1;1;1;1;;;+11588073;+2866451;0;1
503;13;55184;P;1;10;;1023;1182;;13;;;55181;1;1;1;1;1;1;;;+11588396;+2866500;0;1
503;13;55185;P;1;10;;1023;958;;13;;;55181;1;1;1;1;1;1;;;+11588846;+2866705;0;1
503;13;55047;P;1;10;;1442;1165;;13;;;55045;1;1;1;1;1;1;;;+11602205;+2870402;0;0
503;13;55048;P;1;11;;1442;1168;;13;;;55045;1;1;1;1;1;1;;;+11603031;+2870206;0;0
503;13;54935;P;1;10;;1000;958;;13;;;54934;1;1;1;1;1;1;;;+11591599;+2855647;0;1
503;13;54936;P;1;12;;1000;1518;;13;;;54934;1;1;1;1;1;1;;;+11594377;+2855722;0;1
503;13;54746;P;1;12;;1121;1085;;13;;;54745;1;1;1;1;1;1;;;+11583501;+2867797;0;1
503;13;54747;P;1;10;;1121;1113;;13;;;54745;1;1;1;1;1;1;;;+11583980;+2867566;0;1
503;13;54748;P;1;10;;1121;1116;;13;;;54745;1;1;1;1;1;1;;;+11584672;+2867251;0;1
503;13;54749;P;1;10;;1121;1082;;13;;;54745;1;1;1;1;1;1;;;+11585766;+2866987;0;1
503;13;52;P;1;3;;686;1518;;4;;;51;1;1;1;1;1;1;;;+11488965;+2490378;0;0
503;13;53;P;3;3;;686;689;;4;;;51;1;1;1;1;1;1;;;+11488381;+2505682;0;0
503;13;54;P;1;3;;686;690;;4;;;51;1;1;1;1;1;1;;;+11489358;+2514307;0;0
503;13;55;P;1;3;;686;691;;4;;;51;1;1;1;1;1;1;;;+11489111;+2534228;0;0
503;13;56;P;3;3;;686;692;;4;;;51;1;1;1;1;1;1;;;+11483781;+2551253;0;0
503;13;57;P;1;3;;686;693;;4;;;51;1;1;1;1;1;1;;;+11481691;+2552031;0;0
503;13;58;P;1;1;;686;694;;4;;;51;1;1;1;1;1;1;;;+11478571;+2558448;0;0
503;13;59;P;1;1;;686;695;;4;;;51;1;1;1;1;1;1;;;+11479399;+2566465;0;0
503;13;60;P;1;3;;686;696;;4;;;51;1;1;1;1;1;1;;;+11479151;+2569898;0;0
503;13;61;P;1;1;;686;697;;4;;;51;1;1;1;1;1;1;;;+11477116;+2582800;0;0
503;13;62;P;1;3;;686;698;;4;;;51;1;1;1;1;1;1;;;+11468977;+2604838;0;0
503;13;63;P;3;3;;686;699;;4;;;51;1;1;1;1;1;1;;;+11467005;+2612198;0;0
503;13;64;P;1;3;;686;700;;4;;;51;1;1;1;1;1;1;;;+11465138;+2620338;0;0
503;13;6052;P;1;3;;711;700;;5;;;6051;1;1;1;1;1;1;;;+11465138;+2620338;0;0
503;13;6053;P;3;3;;711;712;;5;;;6051;1;1;1;1;1;1;;;+11469031;+2637311;0;0
503;13;6054;P;1;3;;711;713;;5;;;6051;1;1;1;1;1;1;;;+11468286;+2638538;0;0
503;13;6055;P;1;3;;711;714;;5;;;6051;1;1;1;1;1;1;;;+11467010;+2646678;0;0
503;13;6056;P;1;3;;711;715;;5;;;6051;1;1;1;1;1;1;;;+11468543;+2660330;0;0
503;13;6057;P;1;3;;711;703;;5;;;6051;1;1;1;1;1;1;;;+11480974;+2681210;0;0
503;13;6058;P;1;1;;711;716;;5;;;6051;1;1;1;1;1;1;;;+11481903;+2684681;0;0
503;13;6059;P;1;1;;711;707;;5;;;6051;1;1;1;1;1;1;;;+11484596;+2690600;0;0
503;13;6060;P;3;3;;711;717;;5;;;6051;1;1;1;1;1;1;;;+11485495;+2697348;0;0
503;13;6061;P;1;3;;711;718;;5;;;6051;1;1;1;1;1;1;;;+11485285;+2700325;0;0
503;13;6062;P;1;1;;711;719;;5;;;6051;1;1;1;1;1;1;;;+11489541;+2710050;0;0
503;13;6063;P;3;3;;711;720;;5;;;6051;1;1;1;1;1;1;;;+11485615;+2724053;0;0
503;13;6064;P;1;3;;711;721;;5;;;6051;1;1;1;1;1;1;;;+11478743;+2739435;0;0
503;13;6065;P;1;3;;711;722;;5;;;6051;1;1;1;1;1;1;;;+11478901;+2749745;0;0
503;13;6066;P;1;3;;711;723;;5;;;6051;1;1;1;1;1;1;;;+11482711;+2763731;0;0
503;13;24052;P;1;3;;739;737;;8;;;24051;1;1;1;1;1;1;;;+11465004;+2867211;0;0
503;13;24053;P;3;3;;739;740;;8;;;24051;1;1;1;1;1;1;;;+11463799;+2881497;0;0
503;13;24054;P;1;3;;739;741;;8;;;24051;1;1;1;1;1;1;;;+11462883;+2899817;0;0
503;13;24055;P;3;3;;739;742;;8;;;24051;1;1;1;1;1;1;;;+11477544;+2915060;0;0
503;13;24056;P;1;3;;739;743;;8;;;24051;1;1;1;1;1;1;;;+11481806;+2925071;0;0
503;13;12052;P;1;3;;725;723;;6;;;12051;1;1;1;1;1;1;;;+11482711;+2763731;0;0
503;13;12053;P;3;3;;725;726;;6;;;12051;1;1;1;1;1;1;;;+11484210;+2772965;0;0
503;13;12054;P;1;3;;725;727;;6;;;12051;1;1;1;1;1;1;;;+11482015;+2776521;0;0
503;13;12055;P;1;1;;725;877;;6;;;12051;1;1;1;1;1;1;;;+11481086;+2785648;0;0
503;13;12056;P;1;3;;725;729;;6;;;12051;1;1;1;1;1;1;;;+11482030;+2797647;0;0
503;13;18052;P;1;3;;731;729;;7;;;18051;1;1;1;1;1;1;;;+11482030;+2797647;0;0
503;13;18053;P;3;3;;731;732;;7;;;18051;1;1;1;1;1;1;;;+11483992;+2809663;0;0
503;13;18054;P;1;3;;731;733;;7;;;18051;1;1;1;1;1;1;;;+11484985;+2824367;0;0
503;13;18055;P;1;3;;731;734;;7;;;18051;1;1;1;1;1;1;;;+11484086;+2839515;0;0
503;13;18056;P;1;3;;731;735;;7;;;18051;1;1;1;1;1;1;;;+11478225;+2852212;0;0
503;13;18057;P;3;3;;731;736;;7;;;18051;1;1;1;1;1;1;;;+11475361;+2856860;0;0
503;13;18058;P;1;3;;731;737;;7;;;18051;1;1;1;1;1;1;;;+11465004;+2867211;0;0
503;13;55242;P;1;12;;1185;1212;;13;;;55241;1;1;1;1;1;1;;;+11589010;+2863796;0;1
503;13;55243;P;1;10;;1185;1014;;13;;;55241;1;1;1;1;1;1;;;+11589058;+2864295;0;1
503;13;55244;P;1;10;;1185;1487;;13;;;55241;1;1;1;1;1;1;;;+11589067;+2864835;0;1
503;13;55245;P;1;10;;1185;918;;13;;;55241;1;1;1;1;1;1;;;+11589071;+2865499;0;1
503;13;55021;P;1;10;;1032;958;;13;;;55020;1;1;1;1;1;1;;;+11588173;+2868256;0;1
503;13;55022;P;1;10;;1032;1039;;13;;;55020;1;1;1;1;1;1;;;+11589032;+2868425;0;1
503;13;55023;P;1;10;;1032;1040;;13;;;55020;1;1;1;1;1;1;;;+11589722;+2868525;0;1
503;13;55024;P;1;10;;1032;1518;;13;;;55020;1;1;1;1;1;1;;;+11590316;+2868482;0;1
503;13;55145;P;1;10;;1407;1465;;13;;;55144;1;1;1;1;1;1;;;+11591214;+2866401;0;1
503;13;55146;P;1;10;;1407;1402;;13;;;55144;1;1;1;1;1;1;;;+11591344;+2867392;0;1
503;13;55412;P;1;10;;1511;1006;;13;;;55411;1;1;1;1;1;1;;;+11596387;+2859364;0;1
503;13;55413;P;1;11;;1511;1690;;13;;;55411;1;1;1;1;1;1;;;+11596489;+2860070;0;1
503;13;55414;P;1;8;;1511;1067;;13;;;55411;1;1;1;1;1;1;;;+11596710;+2861934;0;1
503;13;55415;P;1;10;;1511;1148;;13;;;55411;1;1;1;1;1;1;;;+11596785;+2863414;0;1
503;13;55416;P;1;10;;1511;1197;;13;;;55411;1;1;1;1;1;1;;;+11597102;+2864120;0;1
503;13;55053;P;1;10;;1368;1226;;13;;;55052;1;1;1;1;1;1;;;+11596066;+2871114;0;1
503;13;55054;P;1;11;;1368;1227;;13;;;55052;1;1;1;1;1;1;;;+11597305;+2871112;0;1
503;13;55176;P;1;12;;1337;1402;;13;;;55175;1;1;1;1;1;1;;;+11591852;+2867403;0;1
503;13;55177;P;1;10;;1337;1078;;13;;;55175;1;1;1;1;1;1;;;+11591886;+2868270;0;1
503;13;55178;P;1;8;;1337;1079;;13;;;55175;1;1;1;1;1;1;;;+11591908;+2868488;0;1
503;13;55179;P;1;10;;1337;1042;;13;;;55175;1;1;1;1;1;1;;;+11591919;+2868837;0;1
503;13;55180;P;1;11;;1337;1334;;13;;;55175;1;1;1;1;1;1;;;+11590815;+2869484;0;1
503;13;55173;P;1;12;;1408;1706;;13;;;55172;1;1;1;1;1;1;;;+11591810;+2866404;0;1
503;13;55174;P;1;12;;1408;1402;;13;;;55172;1;1;1;1;1;1;;;+11591852;+2867403;0;1
503;13;55084;P;1;12;;1348;1411;;13;;;55083;1;1;1;1;1;1;;;+11594061;+2866944;0;1
503;13;55085;P;1;10;;1348;1194;;13;;;55083;1;1;1;1;1;1;;;+11594899;+2866844;0;1
503;13;55086;P;1;10;;1348;1144;;13;;;55083;1;1;1;1;1;1;;;+11596045;+2866808;0;1
503;13;54667;P;1;10;;1125;974;;13;;;54666;1;1;1;1;1;1;;;+11586907;+2869854;0;1
503;13;54668;P;1;8;;1125;1253;;13;;;54666;1;1;1;1;1;1;;;+11587599;+2870750;0;1
503;13;55345;P;1;8;;1125;1246;;13;;;54666;1;1;1;1;1;1;;;+11587943;+2871400;0;1
503;13;54669;P;1;10;;1125;1249;;13;;;54666;1;1;1;1;1;1;;;+11587982;+2872137;0;1
503;13;54670;P;1;7;;1125;1089;;13;;;54666;1;1;1;1;1;1;;;+11588386;+2872950;0;1
503;13;54671;P;1;12;;1125;1254;;13;;;54666;1;1;1;1;1;1;;;+11588614;+2873222;0;1
503;13;54596;P;1;7;;1202;968;;13;;;54595;1;1;1;1;1;1;;;+11581945;+2862705;0;1
503;13;54597;P;1;10;;1202;969;;13;;;54595;1;1;1;1;1;1;;;+11583612;+2865405;0;1
503;13;54598;P;1;10;;1202;1203;;13;;;54595;1;1;1;1;1;1;;;+11583995;+2866086;0;1
503;13;54599;P;1;7;;1202;918;;13;;;54595;1;1;1;1;1;1;;;+11584465;+2866903;0;1
503;13;54802;P;1;12;;1311;1303;;13;;;54801;1;1;1;1;1;1;;;+11580247;+2873552;0;1
503;13;54803;P;1;12;;1311;1315;;13;;;54801;1;1;1;1;1;1;;;+11580782;+2873543;0;1
503;13;54742;P;1;10;;1084;974;;13;;;54741;1;1;1;1;1;1;;;+11586549;+2870148;0;1
503;13;54743;P;1;10;;1084;1253;;13;;;54741;1;1;1;1;1;1;;;+11587220;+2870941;0;1
503;13;54744;P;1;10;;1084;1249;;13;;;54741;1;1;1;1;1;1;;;+11587556;+2872124;0;1
503;13;54731;P;1;10;;1237;969;;13;;;54730;1;1;1;1;1;1;;;+11582926;+2865719;0;1
503;13;54732;P;1;10;;1237;1203;;13;;;54730;1;1;1;1;1;1;;;+11583319;+2866386;0;1
503;13;54733;P;1;6;;1237;1113;;13;;;54730;1;1;1;1;1;1;;;+11583781;+2867211;0;1
503;13;54735;P;1;6;;1113;918;;13;;;54734;1;1;1;1;1;1;;;+11583781;+2867211;0;1
503;13;54736;P;1;10;;1113;1121;;13;;;54734;1;1;1;1;1;1;;;+11583980;+2867566;0;1
503;13;54737;P;1;10;;1113;1110;;13;;;54734;1;1;1;1;1;1;;;+11584403;+2868265;0;1
503;13;54738;P;1;10;;1113;1122;;13;;;54734;1;1;1;1;1;1;;;+11584896;+2869083;0;1
503;13;54739;P;1;10;;1113;1123;;13;;;54734;1;1;1;1;1;1;;;+11585785;+2869750;0;1
503;13;54740;P;1;10;;1113;1518;;13;;;54734;1;1;1;1;1;1;;;+11586549;+2870148;0;1
503;13;55407;P;1;12;;1691;1689;;13;;;55406;1;1;1;1;1;1;;;+11595105;+2860922;0;1
503;13;55408;P;1;10;;1691;1067;;13;;;55406;1;1;1;1;1;1;;;+11593785;+2862089;0;1
503;13;55409;P;1;10;;1691;1194;;13;;;55406;1;1;1;1;1;1;;;+11594638;+2863425;0;1
503;13;55122;P;1;10;;1078;1518;;13;;;55121;1;1;1;1;1;1;;;+11590333;+2868172;0;1
503;13;55123;P;1;10;;1078;1337;;13;;;55121;1;1;1;1;1;1;;;+11591886;+2868270;0;1
503;13;55231;P;1;10;;1179;1212;;13;;;55230;1;1;1;1;1;1;;;+11586984;+2864229;0;1
503;13;55232;P;1;10;;1179;1014;;13;;;55230;1;1;1;1;1;1;;;+11587238;+2864712;0;1
503;13;55233;P;1;10;;1179;1487;;13;;;55230;1;1;1;1;1;1;;;+11587401;+2865060;0;1
503;13;55234;P;1;10;;1179;918;;13;;;55230;1;1;1;1;1;1;;;+11587750;+2865537;0;1
503;13;55235;P;1;10;;1179;1023;;13;;;55230;1;1;1;1;1;1;;;+11588073;+2866451;0;1
503;13;55226;P;1;12;;1136;1006;;13;;;55225;1;1;1;1;1;1;;;+11585320;+2861400;0;1
503;13;55227;P;1;10;;1136;1210;;13;;;55225;1;1;1;1;1;1;;;+11585907;+2862696;0;1
503;13;55228;P;1;10;;1136;1211;;13;;;55225;1;1;1;1;1;1;;;+11586576;+2863578;0;1
503;13;55229;P;1;10;;1136;1212;;13;;;55225;1;1;1;1;1;1;;;+11586984;+2864229;0;1
503;13;54624;P;1;11;;1162;1036;;13;;;54623;1;1;1;1;1;1;;;+11591288;+2870979;0;1
503;13;54625;P;1;10;;1162;1222;;13;;;54623;1;1;1;1;1;1;;;+11591669;+2871221;0;1
503;13;54626;P;1;12;;1162;1225;;13;;;54623;1;1;1;1;1;1;;;+11593364;+2871970;0;1
503;13;54627;P;1;10;;1162;1055;;13;;;54623;1;1;1;1;1;1;;;+11594650;+2872663;0;1
503;13;54628;P;1;10;;1162;1226;;13;;;54623;1;1;1;1;1;1;;;+11596051;+2872967;0;1
503;13;54629;P;1;10;;1162;1227;;13;;;54623;1;1;1;1;1;1;;;+11597313;+2873060;0;1
503;13;54630;P;1;12;;1162;1147;;13;;;54623;1;1;1;1;1;1;;;+11601348;+2871943;0;0
503;13;55105;P;1;12;;1162;1165;;13;;;54623;1;1;1;1;1;1;;;+11603334;+2872368;0;0
503;13;54927;P;1;12;;999;1371;;13;;;54926;1;1;1;1;1;1;;;+11581696;+2853954;0;0
503;13;54928;P;1;10;;999;1138;;13;;;54926;1;1;1;1;1;1;;;+11587662;+2854122;0;1
503;13;54929;P;1;10;;999;958;;13;;;54926;1;1;1;1;1;1;;;+11591821;+2854436;0;1
503;13;54663;P;1;12;;1243;974;;13;;;54662;1;1;1;1;1;1;;;+11587465;+2869460;0;1
503;13;54664;P;1;10;;1243;1246;;13;;;54662;1;1;1;1;1;1;;;+11588706;+2871179;0;1
503;13;54665;P;1;12;;1243;1250;;13;;;54662;1;1;1;1;1;1;;;+11588806;+2872244;0;1
503;13;54648;P;1;11;;1240;1206;;13;;;54647;1;1;1;1;1;1;;;+11582014;+2861552;0;0
503;13;55365;P;1;10;;1240;1675;;13;;;54647;1;1;1;1;1;1;;;+11583495;+2863878;0;1
503;13;54652;P;1;10;;1240;969;;13;;;54647;1;1;1;1;1;1;;;+11584462;+2865032;0;1
503;13;54653;P;1;10;;1240;1203;;13;;;54647;1;1;1;1;1;1;;;+11584990;+2865640;0;1
503;13;54654;P;1;7;;1240;918;;13;;;54647;1;1;1;1;1;1;;;+11585565;+2866418;0;1
503;13;54656;P;1;7;;1082;1240;;13;;;54655;1;1;1;1;1;1;;;+11585565;+2866418;0;1
503;13;54657;P;1;10;;1082;1121;;13;;;54655;1;1;1;1;1;1;;;+11585766;+2866987;0;1
503;13;54658;P;1;10;;1082;1110;;13;;;54655;1;1;1;1;1;1;;;+11585993;+2867798;0;1
503;13;54659;P;1;10;;1082;1122;;13;;;54655;1;1;1;1;1;1;;;+11586334;+2868504;0;1
503;13;54660;P;1;10;;1082;1123;;13;;;54655;1;1;1;1;1;1;;;+11586548;+2868652;0;1
503;13;54661;P;1;12;;1082;974;;13;;;54655;1;1;1;1;1;1;;;+11587465;+2869460;0;1
503;13;55003;P;1;12;;1416;1045;;13;;;55002;1;1;1;1;1;1;;;+11591977;+2870528;0;1
503;13;55004;P;1;12;;1416;1415;;13;;;55002;1;1;1;1;1;1;;;+11591641;+2870891;0;1
503;13;55000;P;1;12;;1414;1334;;13;;;54999;1;1;1;1;1;1;;;+11591921;+2870412;0;1
503;13;55001;P;1;12;;1414;1415;;13;;;54999;1;1;1;1;1;1;;;+11591573;+2870871;0;1
503;13;55066;P;1;8;;1226;1343;;13;;;55065;1;1;1;1;1;1;;;+11596050;+2867446;0;1
503;13;55067;P;1;10;;1226;1344;;13;;;55065;1;1;1;1;1;1;;;+11596055;+2868177;0;1
503;13;55068;P;1;10;;1226;1352;;13;;;55065;1;1;1;1;1;1;;;+11596059;+2869028;0;1
503;13;55069;P;1;10;;1226;1349;;13;;;55065;1;1;1;1;1;1;;;+11596060;+2869366;0;1
503;13;55070;P;1;10;;1226;1350;;13;;;55065;1;1;1;1;1;1;;;+11596063;+2870129;0;1
503;13;55071;P;1;10;;1226;1351;;13;;;55065;1;1;1;1;1;1;;;+11596066;+2871114;0;1
503;13;55072;P;1;10;;1226;1162;;13;;;55065;1;1;1;1;1;1;;;+11596051;+2872967;0;1
503;13;55312;P;1;10;;1144;1006;;13;;;55311;1;1;1;1;1;1;;;+11595556;+2859533;0;1
503;13;55369;P;1;11;;1144;1690;;13;;;55311;1;1;1;1;1;1;;;+11595737;+2860486;0;1
503;13;55313;P;1;10;;1144;1067;;13;;;55311;1;1;1;1;1;1;;;+11595677;+2861968;0;1
503;13;55314;P;1;10;;1144;1508;;13;;;55311;1;1;1;1;1;1;;;+11595622;+2863418;0;1
503;13;55315;P;1;10;;1144;1197;;13;;;55311;1;1;1;1;1;1;;;+11595773;+2864417;0;1
503;13;55316;P;1;10;;1144;1154;;13;;;55311;1;1;1;1;1;1;;;+11596038;+2865941;0;1
503;13;55317;P;1;10;;1144;1348;;13;;;55311;1;1;1;1;1;1;;;+11596045;+2866808;0;1
503;13;55318;P;1;8;;1144;1343;;13;;;55311;1;1;1;1;1;1;;;+11596050;+2867446;0;1
503;13;55258;P;1;12;;1014;1135;;13;;;55257;1;1;1;1;1;1;;;+11586469;+2864934;0;1
503;13;55259;P;1;10;;1014;1179;;13;;;55257;1;1;1;1;1;1;;;+11587238;+2864712;0;1
503;13;55260;P;1;10;;1014;1182;;13;;;55257;1;1;1;1;1;1;;;+11588251;+2864494;0;1
503;13;55261;P;1;10;;1014;1185;;13;;;55257;1;1;1;1;1;1;;;+11589058;+2864295;0;1
503;13;55262;P;1;12;;1014;1499;;13;;;55257;1;1;1;1;1;1;;;+11589519;+2864204;0;1
503;13;55263;P;1;10;;1014;958;;13;;;55257;1;1;1;1;1;1;;;+11590214;+2864091;0;1
503;13;55137;P;1;10;;1464;1401;;13;;;55136;1;1;1;1;1;1;;;+11590550;+2867383;0;1
503;13;55138;P;1;10;;1464;1463;;13;;;55136;1;1;1;1;1;1;;;+11590540;+2867555;0;1
503;13;55140;P;1;9;;1401;1693;;13;;;55139;1;1;1;1;1;1;;;+11590969;+2866235;0;1
503;13;55141;P;1;10;;1401;1701;;13;;;55139;1;1;1;1;1;1;;;+11590866;+2866573;0;1
503;13;55142;P;1;10;;1401;1077;;13;;;55139;1;1;1;1;1;1;;;+11590551;+2867219;0;1
503;13;55143;P;1;10;;1401;1402;;13;;;55139;1;1;1;1;1;1;;;+11590550;+2867383;0;1
503;13;54704;P;1;12;;1275;1106;;13;;;54703;1;1;1;1;1;1;;;+11582283;+2870194;0;1
503;13;54705;P;1;11;;1275;1086;;13;;;54703;1;1;1;1;1;1;;;+11582644;+2870999;0;1
503;13;54706;P;1;11;;1275;1683;;13;;;54703;1;1;1;1;1;1;;;+11583041;+2872255;0;1
503;13;54961;P;1;10;;1067;1518;;13;;;54960;1;1;1;1;1;1;;;+11591920;+2862159;0;1
503;13;54962;P;1;10;;1067;1142;;13;;;54960;1;1;1;1;1;1;;;+11593390;+2862091;0;1
503;13;54963;P;1;10;;1067;1143;;13;;;54960;1;1;1;1;1;1;;;+11594636;+2862028;0;1
503;13;54964;P;1;10;;1067;1144;;13;;;54960;1;1;1;1;1;1;;;+11595677;+2861968;0;1
503;13;55410;P;1;8;;1067;1511;;13;;;54960;1;1;1;1;1;1;;;+11596710;+2861934;0;1
503;13;54840;P;1;10;;1283;977;;13;;;54839;1;1;1;1;1;1;;;+11584343;+2872899;0;1
503;13;54841;P;1;8;;1283;1090;;13;;;54839;1;1;1;1;1;1;;;+11584290;+2873589;0;1
503;13;54842;P;1;11;;1283;1312;;13;;;54839;1;1;1;1;1;1;;;+11584230;+2874253;0;1
503;13;54601;P;1;10;;1132;1206;;13;;;54600;1;1;1;1;1;1;;;+11581420;+2861816;0;0
503;13;54602;P;1;7;;1132;968;;13;;;54600;1;1;1;1;1;1;;;+11581945;+2862705;0;1
503;13;54439;P;1;13;;1048;1049;;13;;;54438;1;1;1;1;1;1;;;+11593702;+2868729;0;1
503;13;54440;P;1;10;;1048;1052;;13;;;54438;1;1;1;1;1;1;;;+11594065;+2868720;0;1
503;13;54441;P;1;10;;1048;1055;;13;;;54438;1;1;1;1;1;1;;;+11594801;+2868804;0;1
503;13;54824;P;1;11;;1320;1306;;13;;;54823;1;1;1;1;1;1;;;+11581391;+2873488;0;1
503;13;54825;P;1;11;;1320;1312;;13;;;54823;1;1;1;1;1;1;;;+11581595;+2874455;0;1
503;13;54826;P;1;11;;1320;1309;;13;;;54823;1;1;1;1;1;1;;;+11582335;+2875364;0;1
503;13;54820;P;1;11;;1306;1300;;13;;;54819;1;1;1;1;1;1;;;+11581241;+2871297;0;1
503;13;54821;P;1;11;;1306;1310;;13;;;54819;1;1;1;1;1;1;;;+11581316;+2872419;0;1
503;13;54822;P;1;11;;1306;1090;;13;;;54819;1;1;1;1;1;1;;;+11581391;+2873488;0;1
503;13;55281;P;1;10;;1142;1006;;13;;;55280;1;1;1;1;1;1;;;+11593377;+2859979;0;1
503;13;55282;P;1;10;;1142;1067;;13;;;55280;1;1;1;1;1;1;;;+11593390;+2862091;0;1
503;13;55352;P;1;10;;1010;1502;;13;;;55351;1;1;1;1;1;1;;;+11590104;+2863589;0;1
503;13;55353;P;1;10;;1010;958;;13;;;55351;1;1;1;1;1;1;;;+11590666;+2863584;0;1
503;13;55354;P;1;12;;1010;1518;;13;;;55351;1;1;1;1;1;1;;;+11591391;+2863609;0;1
503;13;54775;P;1;10;;1295;1253;;13;;;54774;1;1;1;1;1;1;;;+11588022;+2870546;0;1
503;13;55346;P;1;10;;1295;1246;;13;;;54774;1;1;1;1;1;1;;;+11588402;+2871263;0;1
503;13;54776;P;1;10;;1295;1249;;13;;;54774;1;1;1;1;1;1;;;+11588455;+2872148;0;1
503;13;55375;P;1;12;;1083;918;;13;;;55374;1;1;1;1;1;1;;;+11585070;+2866642;0;1
503;13;55376;P;1;10;;1083;1121;;13;;;55374;1;1;1;1;1;1;;;+11585217;+2867121;0;1
503;13;55377;P;1;10;;1083;1110;;13;;;55374;1;1;1;1;1;1;;;+11585435;+2867935;0;1
503;13;55378;P;1;10;;1083;1122;;13;;;55374;1;1;1;1;1;1;;;+11585756;+2868732;0;1
503;13;55379;P;1;10;;1083;1123;;13;;;55374;1;1;1;1;1;1;;;+11586276;+2869022;0;1
503;13;55380;P;1;10;;1083;1518;;13;;;55374;1;1;1;1;1;1;;;+11587305;+2869577;0;1
503;13;55327;P;1;10;;1288;946;;13;;;55326;1;1;1;1;1;1;;;+11574001;+2870283;0;0
503;13;55328;P;1;12;;1288;1285;;13;;;55326;1;1;1;1;1;1;;;+11577055;+2869929;0;0
503;13;54885;P;1;10;;1045;1343;;13;;;54884;1;1;1;1;1;1;;;+11592756;+2867410;0;1
503;13;54886;P;1;10;;1045;1344;;13;;;54884;1;1;1;1;1;1;;;+11592622;+2868460;0;1
503;13;54887;P;1;10;;1045;1049;;13;;;54884;1;1;1;1;1;1;;;+11592598;+2868803;0;1
503;13;54888;P;1;12;;1045;1679;;13;;;54884;1;1;1;1;1;1;;;+11592136;+2870187;0;1
503;13;55333;P;1;10;;1045;1284;;13;;;54884;1;1;1;1;1;1;;;+11592014;+2870491;0;1
503;13;55334;P;1;10;;1045;1222;;13;;;54884;1;1;1;1;1;1;;;+11591669;+2871221;0;1
503;13;54877;P;1;10;;1069;1068;;13;;;54876;1;1;1;1;1;1;;;+11591548;+2863218;0;1
503;13;54878;P;1;10;;1069;1340;;13;;;54876;1;1;1;1;1;1;;;+11592176;+2864720;0;1
503;13;54879;P;1;6;;1069;1188;;13;;;54876;1;1;1;1;1;1;;;+11592537;+2865463;0;1
503;13;54881;P;1;6;;1188;1070;;13;;;54880;1;1;1;1;1;1;;;+11592537;+2865463;0;1
503;13;54882;P;1;10;;1188;1154;;13;;;54880;1;1;1;1;1;1;;;+11592808;+2866377;0;1
503;13;54883;P;1;10;;1188;1343;;13;;;54880;1;1;1;1;1;1;;;+11592756;+2867410;0;1
503;13;55395;P;1;10;;1688;1029;;13;;;55394;1;1;1;1;1;1;;;+11589644;+2868072;0;1
503;13;55396;P;1;10;;1688;1032;;13;;;55394;1;1;1;1;1;1;;;+11589489;+2868502;0;1
503;13;55397;P;1;10;;1688;1518;;13;;;55394;1;1;1;1;1;1;;;+11589417;+2868832;0;1
503;13;54759;P;1;11;;1249;1085;;13;;;54758;1;1;1;1;1;1;;;+11587236;+2872100;0;1
503;13;54760;P;1;10;;1249;1084;;13;;;54758;1;1;1;1;1;1;;;+11587556;+2872124;0;1
503;13;54761;P;1;10;;1249;1125;;13;;;54758;1;1;1;1;1;1;;;+11587982;+2872137;0;1
503;13;54762;P;1;10;;1249;1295;;13;;;54758;1;1;1;1;1;1;;;+11588455;+2872148;0;1
503;13;54763;P;1;10;;1249;1243;;13;;;54758;1;1;1;1;1;1;;;+11588805;+2872159;0;1
503;13;54778;P;1;11;;1086;1275;;13;;;55361;1;1;1;1;1;1;;;+11582644;+2870999;0;1
503;13;55362;P;1;12;;1086;1669;;13;;;55361;1;1;1;1;1;1;;;+11583612;+2870091;0;1
503;13;54782;P;1;12;;1300;1303;;13;;;54781;1;1;1;1;1;1;;;+11578644;+2871775;0;1
503;13;54783;P;1;11;;1300;1306;;13;;;54781;1;1;1;1;1;1;;;+11581241;+2871297;0;1
503;13;54784;P;1;11;;1300;1309;;13;;;54781;1;1;1;1;1;1;;;+11582298;+2871151;0;1
503;13;54785;P;1;11;;1300;1086;;13;;;54781;1;1;1;1;1;1;;;+11582644;+2870999;0;1
503;13;54941;P;1;10;;1001;1138;;13;;;54940;1;1;1;1;1;1;;;+11587891;+2856988;0;0
503;13;54942;P;1;10;;1001;1139;;13;;;54940;1;1;1;1;1;1;;;+11588967;+2856990;0;1
503;13;54943;P;1;10;;1001;958;;13;;;54940;1;1;1;1;1;1;;;+11591346;+2857008;0;1
503;13;54726;P;1;10;;1122;1085;;13;;;54725;1;1;1;1;1;1;;;+11584437;+2869271;0;1
503;13;54727;P;1;10;;1122;1113;;13;;;54725;1;1;1;1;1;1;;;+11584896;+2869083;0;1
503;13;54728;P;1;10;;1122;1116;;13;;;54725;1;1;1;1;1;1;;;+11585463;+2868864;0;1
503;13;54729;P;1;10;;1122;1082;;13;;;54725;1;1;1;1;1;1;;;+11586334;+2868504;0;1
503;13;54909;P;1;10;;1352;1055;;13;;;54908;1;1;1;1;1;1;;;+11594801;+2868804;0;1
503;13;54910;P;1;10;;1352;1226;;13;;;54908;1;1;1;1;1;1;;;+11596059;+2869028;0;1
503;13;54911;P;1;10;;1352;1227;;13;;;54908;1;1;1;1;1;1;;;+11597294;+2869253;0;1
503;13;54912;P;1;10;;1352;1359;;13;;;54908;1;1;1;1;1;1;;;+11597615;+2869307;0;1
503;13;55074;P;1;10;;1349;1055;;13;;;55073;1;1;1;1;1;1;;;+11594828;+2869399;0;1
503;13;55075;P;1;10;;1349;1226;;13;;;55073;1;1;1;1;1;1;;;+11596060;+2869366;0;1
503;13;55076;P;1;11;;1349;1227;;13;;;55073;1;1;1;1;1;1;;;+11597298;+2869577;0;1
503;13;55077;P;1;12;;1349;1359;;13;;;55073;1;1;1;1;1;1;;;+11597612;+2869638;0;1
503;13;55062;P;1;10;;1367;1226;;13;;;55061;1;1;1;1;1;1;;;+11596063;+2870129;0;1
503;13;55063;P;1;10;;1367;1227;;13;;;55061;1;1;1;1;1;1;;;+11597297;+2870132;0;1
503;13;55064;P;1;12;;1367;1435;;13;;;55061;1;1;1;1;1;1;;;+11598244;+2870136;0;1
503;13;55324;P;1;12;;1454;1507;;13;;;55323;1;1;1;1;1;1;;;+11599459;+2865223;0;0
503;13;55325;P;1;11;;1454;1165;;13;;;55323;1;1;1;1;1;1;;;+11600246;+2865595;0;0
503;13;30063;P;1;1;;796;1584;;9;;;30062;1;1;1;1;1;1;;;+11665195;+2749857;0;0
503;13;30064;P;1;3;;796;790;;9;;;30062;1;1;1;1;1;1;;;+11666441;+2753959;0;0
503;13;30065;P;3;8;;796;791;;9;;;30062;1;1;1;1;1;1;;;+11670615;+2764563;0;0
503;13;30066;P;1;3;;796;792;;9;;;30062;1;1;1;1;1;1;;;+11680313;+2778068;0;0
503;13;30067;P;1;3;;796;793;;9;;;30062;1;1;1;1;1;1;;;+11677935;+2787421;0;0
503;13;30068;P;3;3;;796;794;;9;;;30062;1;1;1;1;1;1;;;+11682255;+2798288;0;0
503;13;30069;P;1;3;;796;795;;9;;;30062;1;1;1;1;1;1;;;+11691378;+2813644;0;0
503;13;30052;P;1;3;;796;797;;9;;;30051;1;1;1;1;1;1;;;+11630117;+2644613;0;0
503;13;30053;P;3;3;;796;798;;9;;;30051;1;1;1;1;1;1;;;+11634256;+2657167;0;0
503;13;30054;P;1;3;;796;799;;9;;;30051;1;1;1;1;1;1;;;+11635226;+2671728;0;0
503;13;30055;P;3;8;;796;800;;9;;;30051;1;1;1;1;1;1;;;+11634751;+2682301;0;0
503;13;30056;P;1;3;;796;801;;9;;;30051;1;1;1;1;1;1;;;+11637178;+2687802;0;0
503;13;30057;P;1;3;;796;802;;9;;;30051;1;1;1;1;1;1;;;+11646100;+2702629;0;0
503;13;30058;P;3;3;;796;803;;9;;;30051;1;1;1;1;1;1;;;+11649973;+2706522;0;0
503;13;30059;P;1;3;;796;804;;9;;;30051;1;1;1;1;1;1;;;+11655041;+2718396;0;0
503;13;30060;P;3;8;;796;805;;9;;;30051;1;1;1;1;1;1;;;+11658407;+2725358;0;0
503;13;30061;P;1;1;;796;1584;;9;;;30051;1;1;1;1;1;1;;;+11663245;+2743474;0;0
503;13;76;P;1;3;;701;806;;4;;;65;1;1;1;1;1;1;;;+11597178;+2578570;0;0
503;13;74;P;1;1;;701;697;;4;;;65;1;1;1;1;1;1;;;+11596803;+2588943;0;0
503;13;75;P;1;1;;701;807;;4;;;65;1;1;1;1;1;1;;;+11598900;+2592880;0;0
503;13;67;P;1;3;;701;703;;4;;;65;1;1;1;1;1;1;;;+11601970;+2597960;0;0
503;13;68;P;3;8;;701;808;;4;;;65;1;1;1;1;1;1;;;+11603352;+2599610;0;0
503;13;69;P;3;3;;701;809;;4;;;65;1;1;1;1;1;1;;;+11612484;+2617329;0;0
503;13;70;P;1;3;;701;810;;4;;;65;1;1;1;1;1;1;;;+11613657;+2622284;0;0
503;13;71;P;1;1;;701;707;;4;;;65;1;1;1;1;1;1;;;+11614992;+2628833;0;0
503;13;72;P;3;8;;701;811;;4;;;65;1;1;1;1;1;1;;;+11622108;+2638471;0;0
503;13;73;P;1;3;;701;797;;4;;;65;1;1;1;1;1;1;;;+11630117;+2644613;0;0
503;13;48052;P;1;3;;781;779;;12;;;48051;1;1;1;1;1;1;;;+11705219;+2915247;0;0
503;13;48053;P;3;3;;781;782;;12;;;48051;1;1;1;1;1;1;;;+11706797;+2926171;0;0
503;13;48054;P;1;1;;781;783;;12;;;48051;1;1;1;1;1;1;;;+11706324;+2934152;0;0
503;13;48055;P;1;1;;781;784;;12;;;48051;1;1;1;1;1;1;;;+11706797;+2935067;0;0
503;13;48056;P;1;3;;781;785;;12;;;48051;1;1;1;1;1;1;;;+11709897;+2944113;0;0
503;13;48057;P;3;8;;781;786;;12;;;48051;1;1;1;1;1;1;;;+11708840;+2958736;0;0
503;13;48058;P;1;3;;781;787;;12;;;48051;1;1;1;1;1;1;;;+11713910;+2977016;0;0
503;13;42052;P;3;3;;772;770;;11;;;42051;1;1;1;1;1;1;;;+11686920;+2837589;0;0
503;13;42053;P;1;3;;772;812;;11;;;42051;1;1;1;1;1;1;;;+11683297;+2846067;0;0
503;13;42054;P;3;8;;772;773;;11;;;42051;1;1;1;1;1;1;;;+11682438;+2853680;0;0
503;13;42055;P;1;3;;772;774;;11;;;42051;1;1;1;1;1;1;;;+11688050;+2873396;0;0
503;13;42061;P;1;1;;772;953;;11;;;42051;1;1;1;1;1;1;;;+11688314;+2877166;0;0
503;13;42056;P;3;3;;772;775;;11;;;42051;1;1;1;1;1;1;;;+11688307;+2879121;0;0
503;13;42057;P;1;3;;772;776;;11;;;42051;1;1;1;1;1;1;;;+11691508;+2894324;0;0
503;13;42058;P;3;8;;772;777;;11;;;42051;1;1;1;1;1;1;;;+11700882;+2901670;0;0
503;13;42059;P;1;3;;772;778;;11;;;42051;1;1;1;1;1;1;;;+11704162;+2903613;0;0
503;13;42060;P;1;3;;772;779;;11;;;42051;1;1;1;1;1;1;;;+11705219;+2915247;0;0
503;13;36052;P;1;3;;767;795;;10;;;36051;1;1;1;1;1;1;;;+11691378;+2813644;0;0
503;13;36053;P;3;8;;767;814;;10;;;36051;1;1;1;1;1;1;;;+11693859;+2818853;0;0
503;13;36054;P;1;3;;767;815;;10;;;36051;1;1;1;1;1;1;;;+11693510;+2820852;0;0
503;13;36055;P;1;1;;767;877;;10;;;36051;1;1;1;1;1;1;;;+11692091;+2828009;0;0
503;13;36056;P;3;3;;767;770;;10;;;36051;1;1;1;1;1;1;;;+11686920;+2837589;0;0
503;13;55247;P;1;10;;1100;918;;13;;;55246;1;1;1;1;1;1;;;+11578273;+2865673;0;0
503;13;55248;P;1;10;;1100;1203;;13;;;55246;1;1;1;1;1;1;;;+11579858;+2864711;0;1
503;13;54588;P;1;10;;1197;1194;;13;;;54587;1;1;1;1;1;1;;;+11594967;+2864778;0;1
503;13;54589;P;1;10;;1197;1144;;13;;;54587;1;1;1;1;1;1;;;+11595773;+2864417;0;1
503;13;54590;P;1;10;;1197;1198;;13;;;54587;1;1;1;1;1;1;;;+11596367;+2864272;0;1
503;13;54591;P;1;10;;1197;1151;;13;;;54587;1;1;1;1;1;1;;;+11598056;+2863837;0;1
503;13;54698;P;1;3;;1106;972;;13;;;54697;1;1;1;1;1;1;;;+11583111;+2867549;0;1
503;13;54699;P;1;10;;1106;1107;;13;;;54697;1;1;1;1;1;1;;;+11582755;+2868035;0;1
503;13;54700;P;1;10;;1106;1264;;13;;;54697;1;1;1;1;1;1;;;+11582318;+2869237;0;1
503;13;54701;P;1;10;;1106;1265;;13;;;54697;1;1;1;1;1;1;;;+11582295;+2869681;0;1
503;13;54702;P;1;12;;1106;1269;;13;;;54697;1;1;1;1;1;1;;;+11582283;+2870194;0;1
503;13;54583;P;1;8;;1070;1068;;13;;;54582;1;1;1;1;1;1;;;+11591076;+2865505;0;1
503;13;54584;P;1;10;;1070;1188;;13;;;54582;1;1;1;1;1;1;;;+11592537;+2865463;0;1
503;13;54585;P;1;10;;1070;1191;;13;;;54582;1;1;1;1;1;1;;;+11593886;+2865257;0;1
503;13;54586;P;1;10;;1070;1194;;13;;;54582;1;1;1;1;1;1;;;+11594967;+2864778;0;1
503;13;54956;P;1;10;;1139;1372;;13;;;54955;1;1;1;1;1;1;;;+11588751;+2855559;0;1
503;13;54957;P;1;10;;1139;1001;;13;;;54955;1;1;1;1;1;1;;;+11588967;+2856990;0;1
503;13;54958;P;1;10;;1139;1209;;13;;;54955;1;1;1;1;1;1;;;+11589611;+2859879;0;1
503;13;54959;P;1;10;;1139;1006;;13;;;54955;1;1;1;1;1;1;;;+11589792;+2860848;0;1
503;13;54949;P;1;12;;1138;1382;;13;;;54948;1;1;1;1;1;1;;;+11587537;+2852813;0;1
503;13;54950;P;1;10;;1138;999;;13;;;54948;1;1;1;1;1;1;;;+11587662;+2854122;0;1
503;13;54951;P;1;10;;1138;1372;;13;;;54948;1;1;1;1;1;1;;;+11587789;+2855533;0;1
503;13;54952;P;1;10;;1138;1001;;13;;;54948;1;1;1;1;1;1;;;+11587891;+2856988;0;0
503;13;54953;P;1;10;;1138;1209;;13;;;54948;1;1;1;1;1;1;;;+11588215;+2860034;0;1
503;13;54954;P;1;10;;1138;1006;;13;;;54948;1;1;1;1;1;1;;;+11588241;+2860959;0;1
503;13;55382;P;1;10;;1246;1085;;13;;;55381;1;1;1;1;1;1;;;+11587263;+2871565;0;1
503;13;55383;P;1;8;;1246;1125;;13;;;55381;1;1;1;1;1;1;;;+11587943;+2871400;0;1
503;13;55384;P;1;10;;1246;1295;;13;;;55381;1;1;1;1;1;1;;;+11588402;+2871263;0;1
503;13;55385;P;1;10;;1246;1243;;13;;;55381;1;1;1;1;1;1;;;+11588706;+2871179;0;1
503;13;55088;P;1;10;;1362;1144;;13;;;55087;1;1;1;1;1;1;;;+11596045;+2866808;0;1
503;13;55089;P;1;10;;1362;1198;;13;;;55087;1;1;1;1;1;1;;;+11596734;+2866803;0;1
503;13;55090;P;1;11;;1362;1155;;13;;;55087;1;1;1;1;1;1;;;+11597480;+2867035;0;1
503;13;54918;P;1;10;;1227;1362;;13;;;54917;1;1;1;1;1;1;;;+11596734;+2866803;0;1
503;13;54919;P;1;10;;1227;1343;;13;;;54917;1;1;1;1;1;1;;;+11596745;+2867440;0;1
503;13;54920;P;1;10;;1227;1344;;13;;;54917;1;1;1;1;1;1;;;+11596745;+2868140;0;1
503;13;54921;P;1;10;;1227;1352;;13;;;54917;1;1;1;1;1;1;;;+11597294;+2869253;0;1
503;13;54922;P;1;11;;1227;1349;;13;;;54917;1;1;1;1;1;1;;;+11597298;+2869577;0;1
503;13;54923;P;1;10;;1227;1367;;13;;;54917;1;1;1;1;1;1;;;+11597297;+2870132;0;1
503;13;54924;P;1;11;;1227;1368;;13;;;54917;1;1;1;1;1;1;;;+11597305;+2871112;0;1
503;13;54925;P;1;10;;1227;1162;;13;;;54917;1;1;1;1;1;1;;;+11597313;+2873060;0;1
503;13;54914;P;1;10;;1198;1197;;13;;;54913;1;1;1;1;1;1;;;+11596367;+2864272;0;1
503;13;54915;P;1;11;;1198;1154;;13;;;54913;1;1;1;1;1;1;;;+11596723;+2865615;0;1
503;13;54916;P;1;10;;1198;1362;;13;;;54913;1;1;1;1;1;1;;;+11596734;+2866803;0;1
503;13;54526;P;1;10;;1127;1067;;13;;54525;;1;1;1;1;1;1;;;+11591920;+2862159;0;1
503;13;54527;P;1;12;;1127;1518;;13;;54525;;1;1;1;1;1;1;;;+11591519;+2863299;54530;1
503;13;54530;P;1;12;;1127;1128;;13;;54529;;1;1;1;1;1;1;;;+11591321;+2863846;54527;1
503;13;54531;P;1;10;;1127;1015;;13;;54529;;1;1;1;1;1;1;;;+11591152;+2864843;0;1
503;13;54532;P;1;10;;1127;1070;;13;;54529;;1;1;1;1;1;1;;;+11591076;+2865505;0;1
503;13;54533;P;1;9;;1127;1041;;13;;54529;;1;1;1;1;1;1;;;+11590969;+2866235;0;1
503;13;54970;P;1;12;;1211;1135;;13;;;54969;1;1;1;1;1;1;;;+11585871;+2864110;0;1
503;13;54971;P;1;10;;1211;1136;;13;;;54969;1;1;1;1;1;1;;;+11586576;+2863578;0;1
503;13;54972;P;1;11;;1211;1137;;13;;;54969;1;1;1;1;1;1;;;+11587790;+2862684;0;1
503;13;54713;P;1;6;;1089;1518;;13;;;54712;1;1;1;1;1;1;;;+11585113;+2872913;0;1
503;13;54714;P;1;6;;1089;1125;;13;;;54712;1;1;1;1;1;1;;;+11588386;+2872950;0;1
503;13;55309;P;1;10;;1148;1511;;13;;;55308;1;1;1;1;1;1;;;+11596785;+2863414;0;1
503;13;55310;P;1;10;;1148;1147;;13;;;55308;1;1;1;1;1;1;;;+11598054;+2863133;0;1
503;13;78;P;3;3;;1710;1711;;4;;;77;1;1;1;1;1;1;;;+11496671;+2467738;0;0
503;13;79;P;1;3;;1710;1712;;4;;;77;1;1;1;1;1;1;;;+11496834;+2469685;0;0
503;13;80;P;1;3;;1710;1713;;4;;;77;1;1;1;1;1;1;;;+11496266;+2477706;0;0
503;13;81;P;1;3;;1710;1518;;4;;;77;1;1;1;1;1;1;;;+11488965;+2490378;0;0
503;13;54472;P;1;12;;1124;1518;;13;;;54471;1;1;1;1;1;1;;;+11587088;+2869722;0;1
503;13;54473;P;1;12;;1124;1082;;13;;;54471;1;1;1;1;1;1;;;+11587465;+2869460;0;1
503;13;54521;P;1;10;;1124;1125;;13;;;54520;1;1;1;1;1;1;;;+11586907;+2869854;0;1
503;13;54522;P;1;10;;1124;1084;;13;;;54520;1;1;1;1;1;1;;;+11586549;+2870148;0;1
503;13;54523;P;1;10;;1124;1085;;13;;;54520;1;1;1;1;1;1;;;+11586233;+2870464;0;1
503;13;54765;P;1;10;;1123;1082;;13;;;54764;1;1;1;1;1;1;;;+11586548;+2868652;0;1
503;13;54766;P;1;10;;1123;1116;;13;;;54764;1;1;1;1;1;1;;;+11586024;+2869365;0;1
503;13;54767;P;1;10;;1123;1113;;13;;;54764;1;1;1;1;1;1;;;+11585785;+2869750;0;1
503;13;54768;P;1;10;;1123;1085;;13;;;54764;1;1;1;1;1;1;;;+11585447;+2870310;0;1
503;13;55205;P;1;11;;1465;1041;;13;;;55204;1;1;1;1;1;1;;;+11590817;+2866409;0;1
503;13;55207;P;1;10;;1465;1407;;13;;;55204;1;1;1;1;1;1;;;+11591214;+2866401;0;1
503;13;55208;P;1;10;;1465;1491;;13;;;55204;1;1;1;1;1;1;;;+11591407;+2866382;0;1
503;13;55209;P;1;12;;1465;1408;;13;;;55204;1;1;1;1;1;1;;;+11591608;+2866373;0;1
503;13;55417;P;1;10;;1465;1154;;13;;;55204;1;1;1;1;1;1;;;+11592808;+2866377;0;1
503;13;55117;P;1;10;;1029;958;;13;;;55116;1;1;1;1;1;1;;;+11588242;+2867622;0;1
503;13;55118;P;1;10;;1029;1039;;13;;;55116;1;1;1;1;1;1;;;+11589133;+2867743;0;1
503;13;55119;P;1;10;;1029;1040;;13;;;55116;1;1;1;1;1;1;;;+11589819;+2868132;0;1
503;13;55120;P;1;10;;1029;1078;;13;;;55116;1;1;1;1;1;1;;;+11590333;+2868172;0;1
503;13;55113;P;1;10;;1215;1213;;13;;;55112;1;1;1;1;1;1;;;+11587738;+2867683;0;1
503;13;55114;P;1;10;;1215;1391;;13;;;55112;1;1;1;1;1;1;;;+11588072;+2867580;0;1
503;13;55115;P;1;10;;1215;958;;13;;;55112;1;1;1;1;1;1;;;+11588242;+2867622;0;1
503;13;55050;P;1;10;;1351;1055;;13;;;55049;1;1;1;1;1;1;;;+11594792;+2871103;0;1
503;13;55051;P;1;10;;1351;1226;;13;;;55049;1;1;1;1;1;1;;;+11596066;+2871114;0;1
503;13;55059;P;1;10;;1350;1055;;13;;;55058;1;1;1;1;1;1;;;+11595004;+2870116;0;1
503;13;55060;P;1;10;;1350;1226;;13;;;55058;1;1;1;1;1;1;;;+11596063;+2870129;0;1
503;13;55303;P;1;10;;1507;1154;;13;;;55302;1;1;1;1;1;1;;;+11598065;+2865315;0;0
503;13;55304;P;1;12;;1507;1454;;13;;;55302;1;1;1;1;1;1;;;+11599459;+2865223;0;0
503;13;55030;P;1;10;;1344;1045;;13;;;55029;1;1;1;1;1;1;;;+11592622;+2868460;0;1
503;13;55031;P;1;10;;1344;1052;;13;;;55029;1;1;1;1;1;1;;;+11594063;+2868173;0;1
503;13;55032;P;1;10;;1344;1055;;13;;;55029;1;1;1;1;1;1;;;+11594886;+2868179;0;1
503;13;55033;P;1;10;;1344;1226;;13;;;55029;1;1;1;1;1;1;;;+11596055;+2868177;0;1
503;13;55034;P;1;10;;1344;1227;;13;;;55029;1;1;1;1;1;1;;;+11596745;+2868140;0;1
503;13;55035;P;1;12;;1344;1435;;13;;;55029;1;1;1;1;1;1;;;+11597412;+2868162;0;1
503;13;55026;P;1;10;;1079;1041;;13;;;55025;1;1;1;1;1;1;;;+11590316;+2868482;0;1
503;13;55027;P;1;11;;1079;1432;;13;;;55025;1;1;1;1;1;1;;;+11591675;+2868487;0;1
503;13;55028;P;1;10;;1079;1344;;13;;;55025;1;1;1;1;1;1;;;+11592622;+2868460;0;1
503;13;55010;P;1;10;;1219;1036;;13;;;55009;1;1;1;1;1;1;;;+11590764;+2870618;0;1
503;13;55011;P;1;10;;1219;1334;;13;;;55009;1;1;1;1;1;1;;;+11591709;+2870226;0;1
503;13;55366;P;1;11;;969;1332;;13;;;54675;1;1;1;1;1;1;;;+11580415;+2869218;0;1
503;13;54676;P;1;10;;969;918;;13;;;54675;1;1;1;1;1;1;;;+11580667;+2867544;0;0
503;13;54677;P;1;3;;969;948;;13;;;54675;1;1;1;1;1;1;;;+11581087;+2866922;0;0
503;13;54678;P;1;10;;969;1203;;13;;;54675;1;1;1;1;1;1;;;+11582012;+2866131;0;1
503;13;54679;P;1;10;;969;1237;;13;;;54675;1;1;1;1;1;1;;;+11582926;+2865719;0;1
503;13;54680;P;1;10;;969;1202;;13;;;54675;1;1;1;1;1;1;;;+11583612;+2865405;0;1
503;13;54681;P;1;10;;969;1240;;13;;;54675;1;1;1;1;1;1;;;+11584462;+2865032;0;1
503;13;55148;P;1;10;;1468;1022;;13;;;55147;1;1;1;1;1;1;;;+11589785;+2866153;0;1
503;13;55149;P;1;12;;1468;1471;;13;;;55147;1;1;1;1;1;1;;;+11589665;+2866244;0;1
503;13;54828;P;1;11;;1309;1300;;13;;54827;;1;1;1;1;1;1;;;+11582298;+2871151;0;1
503;13;54829;P;1;11;;1309;1310;;13;;54827;;1;1;1;1;1;1;;;+11582421;+2872314;0;1
503;13;54830;P;1;10;;1309;1090;;13;;54827;;1;1;1;1;1;1;;;+11582485;+2873353;54836;1
503;13;54836;P;1;10;;1309;1312;;13;;54835;;1;1;1;1;1;1;;;+11582492;+2874257;54830;1
503;13;54837;P;1;11;;1309;1320;;13;;54835;;1;1;1;1;1;1;;;+11582335;+2875364;0;1
503;13;54838;P;1;12;;1309;1303;;13;;54835;;1;1;1;1;1;1;;;+11582098;+2875579;0;1
503;13;54832;P;1;10;;1326;1090;;13;;;54831;1;1;1;1;1;1;;;+11582485;+2873353;0;1
503;13;54833;P;1;10;;1326;1312;;13;;;54831;1;1;1;1;1;1;;;+11582492;+2874257;0;1
503;13;54871;P;1;10;;1284;1045;;13;;;54870;1;1;1;1;1;1;;;+11592014;+2870491;0;1
503;13;54872;P;1;12;;1284;1225;;13;;;54870;1;1;1;1;1;1;;;+11593556;+2871931;0;1
503;13;54901;P;1;12;;1055;1343;;13;;;54900;1;1;1;1;1;1;;;+11594892;+2867434;0;1
503;13;54902;P;1;10;;1055;1344;;13;;;54900;1;1;1;1;1;1;;;+11594886;+2868179;0;1
503;13;54903;P;1;10;;1055;1048;;13;;;54900;1;1;1;1;1;1;;;+11594801;+2868804;0;1
503;13;54904;P;1;10;;1055;1349;;13;;;54900;1;1;1;1;1;1;;;+11594828;+2869399;0;1
503;13;54905;P;1;10;;1055;1350;;13;;;54900;1;1;1;1;1;1;;;+11595004;+2870116;0;1
503;13;54906;P;1;10;;1055;1351;;13;;;54900;1;1;1;1;1;1;;;+11594792;+2871103;0;1
503;13;54907;P;1;10;;1055;1162;;13;;;54900;1;1;1;1;1;1;;;+11594650;+2872663;0;1
503;13;54894;P;1;10;;1194;1347;;13;;;54893;1;1;1;1;1;1;;;+11594638;+2863425;0;1
503;13;54895;P;1;10;;1194;1340;;13;;;54893;1;1;1;1;1;1;;;+11594840;+2864503;0;1
503;13;54896;P;1;10;;1194;1070;;13;;;54893;1;1;1;1;1;1;;;+11594967;+2864778;0;1
503;13;54897;P;1;10;;1194;1154;;13;;;54893;1;1;1;1;1;1;;;+11595106;+2866185;0;1
503;13;54898;P;1;10;;1194;1348;;13;;;54893;1;1;1;1;1;1;;;+11594899;+2866844;0;1
503;13;54899;P;1;10;;1194;1343;;13;;;54893;1;1;1;1;1;1;;;+11594892;+2867434;0;1
503;13;54866;P;1;10;;1334;1518;;13;;;54865;1;1;1;1;1;1;;;+11590192;+2868751;0;1
503;13;54867;P;1;10;;1334;1650;;13;;;54865;1;1;1;1;1;1;;;+11590517;+2869270;0;1
503;13;54868;P;1;10;;1334;1219;;13;;;54865;1;1;1;1;1;1;;;+11591709;+2870226;0;1
503;13;54869;P;1;10;;1334;1284;;13;;;54865;1;1;1;1;1;1;;;+11592014;+2870491;0;1
503;13;54982;P;1;10;;1077;1392;;13;;;54981;1;1;1;1;1;1;;;+11590345;+2867206;0;1
503;13;54983;P;1;10;;1077;1401;;13;;;54981;1;1;1;1;1;1;;;+11590551;+2867219;0;1
503;13;54977;P;1;10;;1392;958;;13;;;54976;1;1;1;1;1;1;;;+11588602;+2866922;0;1
503;13;54978;P;1;10;;1392;1398;;13;;;54976;1;1;1;1;1;1;;;+11589290;+2867173;0;1
503;13;54979;P;1;10;;1392;1397;;13;;;54976;1;1;1;1;1;1;;;+11589946;+2867211;0;1
503;13;54980;P;1;10;;1392;1077;;13;;;54976;1;1;1;1;1;1;;;+11590345;+2867206;0;1
503;13;54974;P;1;10;;1027;1391;;13;;;54973;1;1;1;1;1;1;;;+11588331;+2866777;0;1
503;13;54975;P;1;10;;1027;958;;13;;;54973;1;1;1;1;1;1;;;+11588602;+2866922;0;1
503;13;55277;P;1;10;;1007;1502;;13;;;55276;1;1;1;1;1;1;;;+11590073;+2863045;0;1
503;13;55278;P;1;10;;1007;1003;;13;;;55276;1;1;1;1;1;1;;;+11590700;+2863044;0;1
503;13;55279;P;1;12;;1007;1068;;13;;;55276;1;1;1;1;1;1;;;+11591576;+2863090;0;1
503;13;55013;P;1;10;;1421;1040;;13;;;55012;1;1;1;1;1;1;;;+11589702;+2868804;0;1
503;13;55014;P;1;12;;1421;1424;;13;;;55012;1;1;1;1;1;1;;;+11589787;+2869733;0;1
503;13;55015;P;1;10;;1421;1425;;13;;;55012;1;1;1;1;1;1;;;+11590514;+2870306;0;1
503;13;55079;P;1;10;;1052;1411;;13;;;55078;1;1;1;1;1;1;;;+11594062;+2867425;0;1
503;13;55080;P;1;10;;1052;1344;;13;;;55078;1;1;1;1;1;1;;;+11594063;+2868173;0;1
503;13;55081;P;1;10;;1052;1048;;13;;;55078;1;1;1;1;1;1;;;+11594065;+2868720;0;1
503;13;55082;P;1;10;;1052;1349;;13;;;55078;1;1;1;1;1;1;;;+11594828;+2869399;0;1
503;13;55291;P;1;10;;1411;1191;;13;;;55290;1;1;1;1;1;1;;;+11593886;+2865257;0;1
503;13;55292;P;1;10;;1411;1154;;13;;;55290;1;1;1;1;1;1;;;+11594050;+2866289;0;1
503;13;55293;P;1;12;;1411;1348;;13;;;55290;1;1;1;1;1;1;;;+11594061;+2866944;0;1
503;13;55294;P;1;10;;1411;1343;;13;;;55290;1;1;1;1;1;1;;;+11594062;+2867425;0;1
503;13;55288;P;1;11;;1191;1340;;13;;;55287;1;1;1;1;1;1;;;+11593438;+2864392;0;1
503;13;55289;P;1;10;;1191;1070;;13;;;55287;1;1;1;1;1;1;;;+11593886;+2865257;0;1
503;13;55349;P;1;6;;1659;1132;;13;;;55348;1;1;1;1;1;1;;;+11581945;+2862705;0;1
503;13;55350;P;1;12;;1659;1135;;13;;;55348;1;1;1;1;1;1;;;+11584605;+2861474;0;1
503;13;55161;P;1;10;;1472;1022;;13;;;55160;1;1;1;1;1;1;;;+11589906;+2866223;0;1
503;13;55162;P;1;10;;1472;1074;;13;;;55160;1;1;1;1;1;1;;;+11589881;+2866479;0;1
503;13;55273;P;1;10;;1502;1006;;13;;;55272;1;1;1;1;1;1;;;+11589902;+2860849;0;1
503;13;55274;P;1;10;;1502;1007;;13;;;55272;1;1;1;1;1;1;;;+11590073;+2863045;0;1
503;13;55355;P;1;10;;1502;1010;;13;;;55272;1;1;1;1;1;1;;;+11590104;+2863589;0;1
503;13;55275;P;1;10;;1502;1014;;13;;;55272;1;1;1;1;1;1;;;+11590214;+2864091;0;1
503;13;55284;P;1;10;;1340;1069;;13;;;55283;1;1;1;1;1;1;;;+11592176;+2864720;0;1
503;13;55285;P;1;11;;1340;1191;;13;;;55283;1;1;1;1;1;1;;;+11593438;+2864392;0;1
503;13;55286;P;1;10;;1340;1194;;13;;;55283;1;1;1;1;1;1;;;+11594840;+2864503;0;1
503;13;54817;P;1;10;;1093;1518;;13;;;54816;1;1;1;1;1;1;;;+11585112;+2874282;0;1
503;13;54818;P;1;12;;1093;1323;;13;;;54816;1;1;1;1;1;1;;;+11588125;+2874347;0;1
503;13;54673;P;1;12;;1254;1250;;13;;;54672;1;1;1;1;1;1;;;+11588806;+2872244;0;1
503;13;54674;P;1;12;;1254;1125;;13;;;54672;1;1;1;1;1;1;;;+11588614;+2873222;0;1
503;13;54811;P;1;12;;1312;1303;;13;;;54810;1;1;1;1;1;1;;;+11581216;+2874625;0;1
503;13;54812;P;1;11;;1312;1320;;13;;;54810;1;1;1;1;1;1;;;+11581595;+2874455;0;1
503;13;54813;P;1;10;;1312;1326;;13;;;54810;1;1;1;1;1;1;;;+11582492;+2874257;0;1
503;13;54814;P;1;11;;1312;1283;;13;;;54810;1;1;1;1;1;1;;;+11584230;+2874253;0;1
503;13;54815;P;1;10;;1312;1093;;13;;;54810;1;1;1;1;1;1;;;+11585112;+2874282;0;1
503;13;55251;P;1;12;;1212;1135;;13;;;55250;1;1;1;1;1;1;;;+11586307;+2864607;0;1
503;13;55252;P;1;10;;1212;1136;;13;;;55250;1;1;1;1;1;1;;;+11586984;+2864229;0;1
503;13;55253;P;1;12;;1212;1137;;13;;;55250;1;1;1;1;1;1;;;+11588145;+2864046;0;1
503;13;55254;P;1;11;;1212;1182;;13;;;55250;1;1;1;1;1;1;;;+11588458;+2863952;0;1
503;13;55255;P;1;12;;1212;1185;;13;;;55250;1;1;1;1;1;1;;;+11589010;+2863796;0;1
503;13;55256;P;1;12;;1212;1499;;13;;;55250;1;1;1;1;1;1;;;+11589188;+2863745;0;1
503;13;55296;P;1;10;;1154;1188;;13;;;55295;1;1;1;1;1;1;;;+11592808;+2866377;0;1
503;13;55297;P;1;10;;1154;1411;;13;;;55295;1;1;1;1;1;1;;;+11594050;+2866289;0;1
503;13;55298;P;1;10;;1154;1194;;13;;;55295;1;1;1;1;1;1;;;+11595106;+2866185;0;1
503;13;55299;P;1;10;;1154;1144;;13;;;55295;1;1;1;1;1;1;;;+11596038;+2865941;0;1
503;13;55300;P;1;11;;1154;1198;;13;;;55295;1;1;1;1;1;1;;;+11596723;+2865615;0;1
503;13;55301;P;1;10;;1154;1147;;13;;;55295;1;1;1;1;1;1;;;+11598065;+2865315;0;0
503;13;55168;P;1;10;;1040;1397;;13;;;55167;1;1;1;1;1;1;;;+11589987;+2867539;0;1
503;13;55169;P;1;10;;1040;1029;;13;;;55167;1;1;1;1;1;1;;;+11589819;+2868132;0;1
503;13;55170;P;1;10;;1040;1032;;13;;;55167;1;1;1;1;1;1;;;+11589722;+2868525;0;1
503;13;55171;P;1;10;;1040;1518;;13;;;55167;1;1;1;1;1;1;;;+11589702;+2868804;0;1
503;13;54874;P;1;12;;1225;1162;;13;;;54873;1;1;1;1;1;1;;;+11593364;+2871970;0;1
503;13;54875;P;1;12;;1225;1284;;13;;;54873;1;1;1;1;1;1;;;+11593556;+2871931;0;1
503;13;55194;P;1;11;;1182;1212;;13;;;55193;1;1;1;1;1;1;;;+11588458;+2863952;0;1
503;13;55195;P;1;10;;1182;1014;;13;;;55193;1;1;1;1;1;1;;;+11588251;+2864494;0;1
503;13;55196;P;1;11;;1182;1487;;13;;;55193;1;1;1;1;1;1;;;+11588201;+2864958;0;1
503;13;55197;P;1;10;;1182;1018;;13;;;55193;1;1;1;1;1;1;;;+11588271;+2865496;0;1
503;13;55198;P;1;10;;1182;1488;;13;;;55193;1;1;1;1;1;1;;;+11588388;+2866031;0;1
503;13;55199;P;1;10;;1182;1023;;13;;;55193;1;1;1;1;1;1;;;+11588396;+2866500;0;1
503;13;55237;P;1;10;;1137;1006;;13;;;55236;1;1;1;1;1;1;;;+11586517;+2861334;0;1
503;13;55238;P;1;11;;1137;1210;;13;;;55236;1;1;1;1;1;1;;;+11587272;+2862071;0;1
503;13;55239;P;1;11;;1137;1211;;13;;;55236;1;1;1;1;1;1;;;+11587790;+2862684;0;1
503;13;55240;P;1;12;;1137;1212;;13;;;55236;1;1;1;1;1;1;;;+11588145;+2864046;0;1
503;13;55221;P;1;10;;1488;1182;;13;;;55220;1;1;1;1;1;1;;;+11588388;+2866031;0;1
503;13;55367;P;1;10;;1488;1687;;13;;;55220;1;1;1;1;1;1;;;+11588889;+2865974;0;1
503;13;55222;P;1;10;;1488;958;;13;;;55220;1;1;1;1;1;1;;;+11589559;+2866003;0;1
503;13;55391;P;1;10;;1687;918;;13;;;55390;1;1;1;1;1;1;;;+11589388;+2865498;0;1
503;13;55392;P;1;10;;1687;1488;;13;;;55390;1;1;1;1;1;1;;;+11588889;+2865974;0;1
503;13;55393;P;1;10;;1687;1023;;13;;;55390;1;1;1;1;1;1;;;+11588522;+2866529;0;1
503;13;55099;P;1;11;;1168;1448;;13;;55098;;1;1;1;1;1;1;;;+11601918;+2865424;0;0
503;13;55100;P;1;10;;1168;1155;;13;;55098;;1;1;1;1;1;1;;;+11602584;+2866740;0;0
503;13;55101;P;1;10;;1168;1158;;13;;55098;;1;1;1;1;1;1;;;+11602468;+2867444;55420;0
503;13;55420;P;1;10;;1168;1714;;13;;55419;;1;1;1;1;1;1;;;+11602463;+2867474;55101;0
503;13;55102;P;1;8;;1168;1449;;13;;55419;;1;1;1;1;1;1;;;+11602316;+2868516;0;0
503;13;55103;P;1;11;;1168;1442;;13;;55419;;1;1;1;1;1;1;;;+11603031;+2870206;0;0
503;13;55320;P;1;12;;1491;1070;;13;;;55319;1;1;1;1;1;1;;;+11591387;+2865530;0;1
503;13;55321;P;1;10;;1491;1071;;13;;;55319;1;1;1;1;1;1;;;+11591407;+2866222;0;1
503;13;55322;P;1;10;;1491;1465;;13;;;55319;1;1;1;1;1;1;;;+11591407;+2866382;0;1
503;13;54721;P;1;10;;1265;1104;;13;;;54720;1;1;1;1;1;1;;;+11580562;+2869591;0;1
503;13;54722;P;1;10;;1265;1269;;13;;;54720;1;1;1;1;1;1;;;+11581701;+2869667;0;1
503;13;54723;P;1;10;;1265;1106;;13;;;54720;1;1;1;1;1;1;;;+11582295;+2869681;0;1
503;13;54724;P;1;10;;1265;1085;;13;;;54720;1;1;1;1;1;1;;;+11584437;+2869271;0;1
503;13;55017;P;1;10;;1425;1036;;13;;;55016;1;1;1;1;1;1;;;+11590421;+2870407;0;1
503;13;55018;P;1;10;;1425;1421;;13;;;55016;1;1;1;1;1;1;;;+11590514;+2870306;0;1
503;13;54635;P;1;11;;1206;1131;;13;;;54634;1;1;1;1;1;1;;;+11578803;+2862999;0;0
503;13;54636;P;1;10;;1206;1132;;13;;;54634;1;1;1;1;1;1;;;+11581420;+2861816;0;0
503;13;54637;P;1;11;;1206;1240;;13;;;54634;1;1;1;1;1;1;;;+11582014;+2861552;0;0
503;13;55164;P;1;10;;1397;1074;;13;;;55163;1;1;1;1;1;1;;;+11589881;+2866479;0;1
503;13;55165;P;1;10;;1397;1392;;13;;;55163;1;1;1;1;1;1;;;+11589946;+2867211;0;1
503;13;55166;P;1;10;;1397;1028;;13;;;55163;1;1;1;1;1;1;;;+11589987;+2867539;0;1
503;13;55424;P;1;3;;968;944;;13;;;54534;1;1;1;1;1;1;;;+11573381;+2866115;0;0
503;13;55425;P;1;10;;968;918;;13;;;54534;1;1;1;1;1;1;;;+11577130;+2864776;0;0
503;13;54535;P;1;3;;968;948;;13;;;54534;1;1;1;1;1;1;;;+11578602;+2863992;0;0
503;13;54536;P;1;6;;968;1131;;13;;;54534;1;1;1;1;1;1;;;+11579555;+2863641;0;1
503;13;54537;P;1;6;;968;1132;;13;;;54534;1;1;1;1;1;1;;;+11581945;+2862705;0;1
503;13;54931;P;1;10;;1372;1138;;13;;;54930;1;1;1;1;1;1;;;+11587789;+2855533;0;1
503;13;54932;P;1;10;;1372;1139;;13;;;54930;1;1;1;1;1;1;;;+11588751;+2855559;0;1
503;13;54933;P;1;10;;1372;958;;13;;;54930;1;1;1;1;1;1;;;+11591599;+2855647;0;1
503;13;55403;P;1;10;;1690;1147;;13;;;55402;1;1;1;1;1;1;;;+11597407;+2859883;0;1
503;13;55368;P;1;11;;1690;1511;;13;;;55402;1;1;1;1;1;1;;;+11596489;+2860070;0;1
503;13;55404;P;1;11;;1690;1144;;13;;;55402;1;1;1;1;1;1;;;+11595737;+2860486;0;1
503;13;55405;P;1;12;;1690;1689;;13;;;55402;1;1;1;1;1;1;;;+11595105;+2860922;0;1
503;13;54860;P;1;10;;1264;1104;;13;;;54859;1;1;1;1;1;1;;;+11580837;+2869210;0;1
503;13;54861;P;1;10;;1264;1269;;13;;;54859;1;1;1;1;1;1;;;+11581689;+2869223;0;1
503;13;54862;P;1;10;;1264;1106;;13;;;54859;1;1;1;1;1;1;;;+11582318;+2869237;0;1
503;13;54863;P;1;12;;1264;1333;;13;;;54859;1;1;1;1;1;1;;;+11582971;+2869246;0;1
503;13;55187;P;1;10;;1391;1182;;13;;;55186;1;1;1;1;1;1;;;+11588396;+2866500;0;1
503;13;55188;P;1;10;;1391;1027;;13;;;55186;1;1;1;1;1;1;;;+11588331;+2866777;0;1
503;13;55189;P;1;10;;1391;1214;;13;;;55186;1;1;1;1;1;1;;;+11588092;+2867399;0;1
503;13;55190;P;1;10;;1391;1215;;13;;;55186;1;1;1;1;1;1;;;+11588072;+2867580;0;1
503;13;55191;P;1;10;;1391;1213;;13;;;55186;1;1;1;1;1;1;;;+11588011;+2867782;0;1
503;13;54686;P;1;11;;1104;918;;13;;;54685;1;1;1;1;1;1;;;+11581367;+2868053;0;1
503;13;54687;P;1;10;;1104;1264;;13;;;54685;1;1;1;1;1;1;;;+11580837;+2869210;0;1
503;13;54688;P;1;10;;1104;1265;;13;;;54685;1;1;1;1;1;1;;;+11580562;+2869591;0;1
503;13;54642;P;1;12;;1203;1131;;13;;;54641;1;1;1;1;1;1;;;+11579555;+2863641;0;1
503;13;55339;P;1;10;;1203;1100;;13;;;54641;1;1;1;1;1;1;;;+11579858;+2864711;0;1
503;13;54643;P;1;10;;1203;969;;13;;;54641;1;1;1;1;1;1;;;+11582012;+2866131;0;1
503;13;54644;P;1;10;;1203;1237;;13;;;54641;1;1;1;1;1;1;;;+11583319;+2866386;0;1
503;13;54645;P;1;10;;1203;1202;;13;;;54641;1;1;1;1;1;1;;;+11583995;+2866086;0;1
503;13;54646;P;1;10;;1203;1240;;13;;;54641;1;1;1;1;1;1;;;+11584990;+2865640;0;1
503;13;54639;P;1;11;;1131;1206;;13;;;54638;1;1;1;1;1;1;;;+11578803;+2862999;0;0
503;13;54640;P;1;12;;1131;968;;13;;;54638;1;1;1;1;1;1;;;+11579555;+2863641;0;1
503;13;55223;P;1;12;;1135;1179;;13;;;54603;1;1;1;1;1;1;;;+11583159;+2858767;0;0
503;13;54604;P;1;12;;1135;1209;;13;;;54603;1;1;1;1;1;1;;;+11583753;+2860674;0;0
503;13;54605;P;1;6;;1135;1006;;13;;;54603;1;1;1;1;1;1;;;+11584365;+2861581;0;1
503;13;54606;P;1;12;;1135;1210;;13;;;54603;1;1;1;1;1;1;;;+11584812;+2863187;0;1
503;13;54607;P;1;12;;1135;1211;;13;;;54603;1;1;1;1;1;1;;;+11585871;+2864110;0;1
503;13;54608;P;1;12;;1135;1212;;13;;;54603;1;1;1;1;1;1;;;+11586307;+2864607;0;1
503;13;54609;P;1;12;;1135;1014;;13;;;54603;1;1;1;1;1;1;;;+11586469;+2864934;0;1
503;13;54610;P;1;12;;1135;1213;;13;;;54603;1;1;1;1;1;1;;;+11587168;+2865527;0;1
503;13;54612;P;1;12;;1213;1135;;13;;;54611;1;1;1;1;1;1;;;+11587168;+2865527;0;1
503;13;54613;P;1;10;;1213;1023;;13;;;54611;1;1;1;1;1;1;;;+11587331;+2866494;0;1
503;13;54614;P;1;12;;1213;1214;;13;;;54611;1;1;1;1;1;1;;;+11587424;+2867113;0;1
503;13;54615;P;1;10;;1213;1215;;13;;;54611;1;1;1;1;1;1;;;+11587738;+2867683;0;1
503;13;55192;P;1;10;;1213;1391;;13;;;54611;1;1;1;1;1;1;;;+11588011;+2867782;0;1
503;13;54616;P;1;12;;1213;1216;;13;;;54611;1;1;1;1;1;1;;;+11588139;+2867894;0;1
503;13;54617;P;1;12;;1213;1036;;13;;;54611;1;1;1;1;1;1;;;+11588374;+2868809;0;1
503;13;54997;P;1;12;;1250;1243;;13;;;54996;1;1;1;1;1;1;;;+11588806;+2872244;0;1
503;13;54998;P;1;12;;1250;1416;;13;;;54996;1;1;1;1;1;1;;;+11591601;+2870887;0;1
503;13;54435;P;1;10;;1042;1334;;13;;;54434;1;1;1;1;1;1;;;+11590192;+2868751;0;1
503;13;55335;P;1;10;;1042;1651;;13;;;54434;1;1;1;1;1;1;;;+11591441;+2868800;0;1
503;13;54436;P;1;12;;1042;1049;;13;;;54434;1;1;1;1;1;1;;;+11592258;+2868804;0;1
503;13;54437;P;1;13;;1042;1048;;13;;;54434;1;1;1;1;1;1;;;+11593702;+2868729;0;1
503;13;54854;P;1;10;;978;1518;;13;;;54853;1;1;1;1;1;1;;;+11585129;+2877916;0;0
503;13;54855;P;1;11;;978;1329;;13;;;54853;1;1;1;1;1;1;;;+11588019;+2877862;0;0
503;13;55006;P;1;6;;1222;1125;;13;;;55005;1;1;1;1;1;1;;;+11588386;+2872950;0;1
503;13;55007;P;1;6;;1222;1684;;13;;;55005;1;1;1;1;1;1;;;+11590868;+2872143;0;1
503;13;55331;P;1;6;;1222;1162;;13;;;55005;1;1;1;1;1;1;;;+11591669;+2871221;0;1
503;13;55332;P;1;12;;1222;1679;;13;;;55005;1;1;1;1;1;1;;;+11592136;+2870187;0;1
503;13;54851;P;1;11;;1329;1323;;13;;;54850;1;1;1;1;1;1;;;+11588118;+2877322;0;0
503;13;54852;P;1;11;;1329;978;;13;;;54850;1;1;1;1;1;1;;;+11588019;+2877862;0;0
503;13;55201;P;1;10;;1074;1398;;13;;;55200;1;1;1;1;1;1;;;+11589606;+2866432;0;1
503;13;55202;P;1;10;;1074;1472;;13;;;55200;1;1;1;1;1;1;;;+11589881;+2866479;0;1
503;13;55203;P;1;10;;1074;1518;;13;;;55200;1;1;1;1;1;1;;;+11590422;+2866773;0;1
503;13;55107;P;1;11;;1165;1454;;13;;55106;;1;1;1;1;1;1;;;+11600246;+2865595;0;0
503;13;55108;P;1;11;;1165;1155;;13;;55106;;1;1;1;1;1;1;;;+11600739;+2866738;0;0
503;13;55109;P;1;10;;1165;1158;;13;;55106;;1;1;1;1;1;1;;;+11601083;+2867484;55423;0
503;13;55423;P;1;10;;1165;1715;;13;;55422;;1;1;1;1;1;1;;;+11601093;+2867509;55109;0
503;13;55344;P;1;12;;1165;1449;;13;;55422;;1;1;1;1;1;1;;;+11601440;+2868659;0;0
503;13;55110;P;1;10;;1165;1442;;13;;55422;;1;1;1;1;1;1;;;+11602205;+2870402;0;0
503;13;55111;P;1;12;;1165;1162;;13;;55422;;1;1;1;1;1;1;;;+11603334;+2872368;0;0
503;13;54708;P;1;11;;977;1275;;13;;;54707;1;1;1;1;1;1;;;+11583041;+2872255;0;1
503;13;54709;P;1;10;;977;1283;;13;;;54707;1;1;1;1;1;1;;;+11584343;+2872899;0;1
503;13;54710;P;1;3;;977;948;;13;;;54707;1;1;1;1;1;1;;;+11584744;+2872914;0;1
503;13;54711;P;1;6;;977;1089;;13;;;54707;1;1;1;1;1;1;;;+11585113;+2872913;0;1
503;13;54794;P;1;11;;1310;1303;;13;;;54793;1;1;1;1;1;1;;;+11579464;+2872683;0;1
503;13;54795;P;1;11;;1310;1306;;13;;;54793;1;1;1;1;1;1;;;+11581316;+2872419;0;1
503;13;54796;P;1;11;;1310;1309;;13;;;54793;1;1;1;1;1;1;;;+11582421;+2872314;0;1
503;13;54797;P;1;11;;1310;1683;;13;;;54793;1;1;1;1;1;1;;;+11583041;+2872255;0;1
503;13;54966;P;1;12;;1210;1135;;13;;;54965;1;1;1;1;1;1;;;+11584812;+2863187;0;1
503;13;54967;P;1;10;;1210;1136;;13;;;54965;1;1;1;1;1;1;;;+11585907;+2862696;0;1
503;13;54968;P;1;11;;1210;1137;;13;;;54965;1;1;1;1;1;1;;;+11587272;+2862071;0;1
503;13;55216;P;1;10;;1022;958;;13;;;55215;1;1;1;1;1;1;;;+11589559;+2866003;0;1
503;13;55217;P;1;10;;1022;1468;;13;;;55215;1;1;1;1;1;1;;;+11589785;+2866153;0;1
503;13;55218;P;1;10;;1022;1472;;13;;;55215;1;1;1;1;1;1;;;+11589906;+2866223;0;1
503;13;55219;P;1;9;;1022;1041;;13;;;55215;1;1;1;1;1;1;;;+11590969;+2866235;0;1
503;13;54938;P;1;10;;1002;958;;13;;;54937;1;1;1;1;1;1;;;+11591212;+2857761;0;1
503;13;54939;P;1;10;;1002;1518;;13;;;54937;1;1;1;1;1;1;;;+11593348;+2857971;0;1
503;13;55134;P;1;10;;1463;1028;;13;;;55133;1;1;1;1;1;1;;;+11590338;+2867555;0;1
503;13;55135;P;1;10;;1463;1464;;13;;;55133;1;1;1;1;1;1;;;+11590540;+2867555;0;1
503;13;55129;P;1;10;;1028;958;;13;;;55128;1;1;1;1;1;1;;;+11588310;+2867460;0;1
503;13;55130;P;1;10;;1028;1398;;13;;;55128;1;1;1;1;1;1;;;+11589159;+2867560;0;1
503;13;55131;P;1;10;;1028;1397;;13;;;55128;1;1;1;1;1;1;;;+11589987;+2867539;0;1
503;13;55132;P;1;10;;1028;1518;;13;;;55128;1;1;1;1;1;1;;;+11590338;+2867555;0;1
503;13;55125;P;1;12;;1214;1213;;13;;;55124;1;1;1;1;1;1;;;+11587424;+2867113;0;1
503;13;55126;P;1;10;;1214;1391;;13;;;55124;1;1;1;1;1;1;;;+11588092;+2867399;0;1
503;13;55127;P;1;10;;1214;958;;13;;;55124;1;1;1;1;1;1;;;+11588310;+2867460;0;1
503;13;55399;P;1;10;;1689;1518;;13;;;55398;1;1;1;1;1;1;;;+11592559;+2860675;0;1
503;13;55400;P;1;10;;1689;1143;;13;;;55398;1;1;1;1;1;1;;;+11594564;+2860739;0;1
503;13;55401;P;1;12;;1689;1690;;13;;;55398;1;1;1;1;1;1;;;+11595105;+2860922;0;1
503;13;54770;P;1;10;;1253;1085;;13;;;54769;1;1;1;1;1;1;;;+11586918;+2871092;0;1
503;13;54771;P;1;10;;1253;1084;;13;;;54769;1;1;1;1;1;1;;;+11587220;+2870941;0;1
503;13;54772;P;1;8;;1253;1125;;13;;;54769;1;1;1;1;1;1;;;+11587599;+2870750;0;1
503;13;54773;P;1;10;;1253;1295;;13;;;54769;1;1;1;1;1;1;;;+11588022;+2870546;0;1
