CID;TABCD;LCD;CLASS;TCD;STCD;ROADNUMBER;RNID;N1ID;N2ID;POL_LCD;PES_LEV
503;13;54463;L;1;2;G105;1041;1693;1042;13;
503;13;54474;L;1;2;G105;1653;1033;1243;13;
503;13;54457;L;1;2;G105;1068;1067;1071;13;
503;13;54445;L;1;2;G105;1059;1058;1064;13;
503;13;54442;L;1;2;G105;996;958;1060;13;
503;13;54448;L;1;2;G105;1061;1060;1058;13;
503;13;54491;L;1;2;G105;1097;1094;978;13;
503;13;54477;L;1;2;G105;974;1243;1090;13;
503;13;54486;L;1;2;G105;1094;1090;1097;13;
503;13;54453;L;1;2;G105;1064;1059;1067;13;
503;13;55305;L;1;4;;1508;1144;1511;13;
503;13;54428;L;1;2;G105;1033;1653;1042;13;
503;13;54422;L;1;2;G316;1024;1671;1032;13;
503;13;54413;L;1;2;G316;1011;1010;1018;13;
503;13;54418;L;1;2;G316;1021;1018;1671;13;
503;13;54618;L;1;4;;1036;1032;1162;13;
503;13;54408;L;1;2;G316;1003;993;1010;13;
503;13;54401;L;1;2;G105;993;1518;1003;13;
503;13;54717;L;1;4;;1285;1288;1265;13;
503;13;55264;L;1;4;;1487;1179;1015;13;
503;13;54494;L;1;2;G320;918;938;948;13;
503;13;54505;L;1;4;;1107;1106;1085;13;
503;13;54499;L;1;2;G320;1101;948;1669;13;
503;13;54750;L;1;4;;1085;1121;1249;13;
503;13;54513;L;1;4;;1116;918;974;13;
503;13;54576;L;1;2;G320;1018;1179;1070;13;
503;13;55336;L;1;2;G320;1652;972;1179;13;
503;13;54571;L;1;2;G320;972;948;1652;13;
503;13;54508;L;1;4;;1110;1085;1082;13;
503;13;54095;L;1;1;G60;877;938;984;13;
503;13;54111;L;2;1;G60;938;;;13;
503;13;30070;L;1;1;G70;1584;763;789;9;
503;13;54108;L;1;1;G70;1584;1660;938;13;
503;13;54105;L;1;1;G70;1584;938;1518;13;
503;13;54565;L;1;3;S101;990;1158;953;13;
503;13;54568;L;1;4;;1174;990;953;13;
503;13;54560;L;1;3;S201;1158;1147;990;13;
503;13;55210;L;1;4;;1071;1693;1408;13;
503;13;54804;L;1;4;;1090;1315;1518;13;
503;13;54099;L;1;1;S36;953;987;990;13;
503;13;54091;L;1;1;S40;944;1646;968;13;
503;13;54079;L;1;1;S49;948;1699;938;13;
503;13;54592;L;1;4;X002;1151;1147;1201;13;
503;13;54777;L;1;4;X012;1669;1086;974;13;
503;13;55269;L;1;4;X012;1015;1011;1068;13;
503;13;54843;L;1;4;X014;1670;938;1518;13;
503;13;54631;L;1;4;X049;967;918;948;13;
503;13;55155;L;1;4;X942;1039;1398;1518;13;
503;13;55150;L;1;4;X942;1398;1471;1028;13;
503;13;54798;L;1;4;;1683;1275;1669;13;
503;13;55040;L;1;4;;1159;1227;1165;13;
503;13;55091;L;1;4;;1155;1343;1694;13;
503;13;55036;L;1;4;;1435;1344;1159;13;
503;13;55386;L;1;4;;1686;1014;918;13;
503;13;54944;L;1;4;;1209;1135;1139;13;
503;13;54847;L;1;4;;1323;1093;1329;13;
503;13;54989;L;1;4;;1343;1188;1147;13;
503;13;54984;L;1;4;;1402;1401;1343;13;
503;13;54889;L;1;4;;1143;1006;1347;13;
503;13;54551;L;1;3;;1147;1006;1162;13;
503;13;54539;L;1;3;;1006;1135;1147;13;
503;13;54786;L;1;4;;1303;1300;1670;13;
503;13;54856;L;1;4;;1261;1332;1264;13;
503;13;54692;L;1;4;;1269;1268;1106;13;
503;13;54689;L;1;4;;1105;918;1268;13;
503;13;55181;L;1;4;;1023;1213;958;13;
503;13;55045;L;1;4;;1442;1165;1168;13;
503;13;54934;L;1;4;;1000;958;1518;13;
503;13;54745;L;1;4;;1121;1085;1082;13;
503;13;51;L;1;1;;686;1518;700;4;
503;13;6051;L;1;1;;711;700;723;5;
503;13;24051;L;1;1;;739;737;743;8;
503;13;12051;L;1;1;;725;723;729;6;
503;13;18051;L;1;1;;731;729;737;7;
503;13;55241;L;1;4;;1185;1212;918;13;
503;13;55020;L;1;4;;1032;958;1518;13;
503;13;55144;L;1;4;;1407;1465;1402;13;
503;13;55411;L;1;4;;1511;1006;1197;13;
503;13;55052;L;1;4;;1368;1226;1227;13;
503;13;55175;L;1;4;;1337;1402;1334;13;
503;13;55172;L;1;4;;1408;1706;1402;13;
503;13;55083;L;1;4;;1348;1411;1144;13;
503;13;54666;L;1;4;;1125;974;1254;13;
503;13;54595;L;1;4;;1202;968;918;13;
503;13;54801;L;1;4;;1311;1303;1315;13;
503;13;54741;L;1;4;;1084;974;1249;13;
503;13;54730;L;1;4;;1237;969;1113;13;
503;13;54734;L;1;4;;1113;918;1518;13;
503;13;55406;L;1;4;;1691;1689;1194;13;
503;13;55121;L;1;4;;1078;1518;1337;13;
503;13;55230;L;1;4;;1179;1212;1023;13;
503;13;55225;L;1;4;;1136;1006;1212;13;
503;13;54623;L;1;4;;1162;1036;1165;13;
503;13;54926;L;1;4;;999;1371;958;13;
503;13;54662;L;1;4;;1243;974;1250;13;
503;13;54647;L;1;4;;1240;1206;918;13;
503;13;54655;L;1;4;;1082;1240;974;13;
503;13;55002;L;1;4;;1416;1045;1415;13;
503;13;54999;L;1;4;;1414;1334;1415;13;
503;13;55065;L;1;4;;1226;1343;1162;13;
503;13;55311;L;1;4;;1144;1006;1343;13;
503;13;55257;L;1;4;;1014;1135;958;13;
503;13;55136;L;1;4;;1464;1401;1463;13;
503;13;55139;L;1;4;;1401;1693;1402;13;
503;13;54703;L;1;4;;1275;1106;1683;13;
503;13;54960;L;1;4;;1067;1518;1511;13;
503;13;54839;L;1;4;;1283;977;1312;13;
503;13;54600;L;1;4;;1132;1206;968;13;
503;13;54438;L;1;4;;1048;1049;1055;13;
503;13;54823;L;1;4;;1320;1306;1309;13;
503;13;54819;L;1;4;;1306;1300;1090;13;
503;13;55280;L;1;4;;1142;1006;1067;13;
503;13;55351;L;1;4;;1010;1502;1518;13;
503;13;54774;L;1;4;;1295;1253;1249;13;
503;13;55374;L;1;4;;1083;918;1518;13;
503;13;55326;L;1;4;;1288;946;1285;13;
503;13;54884;L;1;4;;1045;1343;1222;13;
503;13;54876;L;1;4;;1069;1068;1188;13;
503;13;54880;L;1;4;;1188;1070;1343;13;
503;13;55394;L;1;4;;1688;1029;1518;13;
503;13;54758;L;1;4;;1249;1085;1243;13;
503;13;55361;L;1;4;X012;1086;1275;1669;13;
503;13;54781;L;1;4;;1300;1303;1086;13;
503;13;54940;L;1;4;;1001;1138;958;13;
503;13;54725;L;1;4;;1122;1085;1082;13;
503;13;54908;L;1;4;;1352;1055;1359;13;
503;13;55073;L;1;4;;1349;1055;1359;13;
503;13;55061;L;1;4;;1367;1226;1435;13;
503;13;55323;L;1;4;;1454;1507;1165;13;
503;13;30062;L;1;1;;796;1584;795;9;
503;13;30051;L;1;1;;796;797;1584;9;
503;13;65;L;1;1;;701;806;797;4;
503;13;48051;L;1;1;;781;779;787;12;
503;13;42051;L;1;1;;772;770;779;11;
503;13;36051;L;1;1;;767;795;770;10;
503;13;55246;L;1;4;;1100;918;1203;13;
503;13;54587;L;1;3;;1197;1194;1151;13;
503;13;54697;L;1;4;;1106;972;1269;13;
503;13;54582;L;1;3;;1070;1068;1194;13;
503;13;54955;L;1;4;;1139;1372;1006;13;
503;13;54948;L;1;4;;1138;1382;1006;13;
503;13;55381;L;1;4;;1246;1085;1243;13;
503;13;55087;L;1;4;;1362;1144;1155;13;
503;13;54917;L;1;4;;1227;1362;1162;13;
503;13;54913;L;1;4;;1198;1197;1362;13;
503;13;54528;L;1;4;;1127;1067;1041;13;
503;13;54969;L;1;4;;1211;1135;1137;13;
503;13;54712;L;1;4;;1089;1518;1125;13;
503;13;55308;L;1;4;;1148;1511;1147;13;
503;13;77;L;1;1;G4511;1710;1711;1518;4;
503;13;54471;L;1;2;;1124;1518;1082;13;
503;13;54520;L;1;4;;1124;1125;1085;13;
503;13;54764;L;1;4;;1123;1082;1085;13;
503;13;55204;L;1;4;;1465;1041;1154;13;
503;13;55116;L;1;4;;1029;958;1078;13;
503;13;55112;L;1;4;;1215;1213;958;13;
503;13;55049;L;1;4;;1351;1055;1226;13;
503;13;55058;L;1;4;;1350;1055;1226;13;
503;13;55302;L;1;4;;1507;1154;1454;13;
503;13;55029;L;1;4;;1344;1045;1435;13;
503;13;55025;L;1;4;;1079;1041;1344;13;
503;13;55009;L;1;4;;1219;1036;1334;13;
503;13;54675;L;1;4;;969;1332;1240;13;
503;13;55147;L;1;4;;1468;1022;1471;13;
503;13;54834;L;1;4;;1309;1300;1303;13;
503;13;54831;L;1;4;;1326;1090;1312;13;
503;13;54870;L;1;4;;1284;1045;1225;13;
503;13;54900;L;1;4;;1055;1343;1162;13;
503;13;54893;L;1;4;;1194;1347;1343;13;
503;13;54865;L;1;4;;1334;1518;1284;13;
503;13;54981;L;1;4;;1077;1392;1401;13;
503;13;54976;L;1;4;;1392;958;1077;13;
503;13;54973;L;1;4;;1027;1391;958;13;
503;13;55276;L;1;4;;1007;1502;1068;13;
503;13;55012;L;1;4;;1421;1040;1425;13;
503;13;55078;L;1;4;;1052;1411;1349;13;
503;13;55290;L;1;4;;1411;1191;1343;13;
503;13;55287;L;1;4;;1191;1340;1070;13;
503;13;55348;L;1;3;;1659;1132;1135;13;
503;13;55160;L;1;4;;1472;1022;1074;13;
503;13;55272;L;1;4;;1502;1006;1014;13;
503;13;55283;L;1;4;;1340;1069;1194;13;
503;13;54816;L;1;4;;1093;1518;1323;13;
503;13;54672;L;1;4;;1254;1250;1125;13;
503;13;54810;L;1;4;;1312;1303;1093;13;
503;13;55250;L;1;4;;1212;1135;1499;13;
503;13;55295;L;1;4;;1154;1188;1147;13;
503;13;55167;L;1;4;;1040;1397;1518;13;
503;13;54873;L;1;4;;1225;1162;1284;13;
503;13;55193;L;1;4;;1182;1212;1023;13;
503;13;55236;L;1;4;;1137;1006;1212;13;
503;13;55220;L;1;4;;1488;1182;958;13;
503;13;55390;L;1;4;;1687;918;1023;13;
503;13;55418;L;1;4;;1168;1448;1442;13;
503;13;55319;L;1;4;;1491;1070;1465;13;
503;13;54720;L;1;4;;1265;1104;1085;13;
503;13;55016;L;1;4;;1425;1036;1421;13;
503;13;54634;L;1;4;;1206;1131;1240;13;
503;13;55163;L;1;4;;1397;1074;1028;13;
503;13;54534;L;1;3;;968;944;1132;13;
503;13;54930;L;1;4;;1372;1138;958;13;
503;13;55402;L;1;4;;1690;1147;1689;13;
503;13;54859;L;1;4;;1264;1104;1333;13;
503;13;55186;L;1;4;;1391;1182;1213;13;
503;13;54685;L;1;4;;1104;918;1265;13;
503;13;54641;L;1;4;;1203;1131;1240;13;
503;13;54638;L;1;4;;1131;1206;968;13;
503;13;54603;L;1;4;;1135;1179;1213;13;
503;13;54611;L;1;4;;1213;1135;1036;13;
503;13;54996;L;1;4;;1250;1243;1416;13;
503;13;54434;L;1;4;;1042;1334;1048;13;
503;13;54853;L;1;4;;978;1518;1329;13;
503;13;55005;L;1;4;;1222;1125;1679;13;
503;13;54850;L;1;4;;1329;1323;978;13;
503;13;55200;L;1;4;;1074;1398;1518;13;
503;13;55421;L;1;4;;1165;1454;1162;13;
503;13;54707;L;1;4;;977;1275;1089;13;
503;13;54793;L;1;4;;1310;1303;1683;13;
503;13;54965;L;1;4;;1210;1135;1137;13;
503;13;55215;L;1;4;;1022;958;1041;13;
503;13;54937;L;1;4;;1002;958;1518;13;
503;13;55133;L;1;4;;1463;1028;1464;13;
503;13;55128;L;1;4;;1028;958;1518;13;
503;13;55124;L;1;4;;1214;1213;958;13;
503;13;55398;L;1;4;;1689;1518;1690;13;
503;13;54769;L;1;4;;1253;1085;1295;13;
