CID;TABCD;LCD;INT_CID;INT_TABCD;INT_LCD
502;12;834;502;12;836
502;12;836;502;12;842
502;12;842;502;12;834
502;12;445;502;12;447
502;12;447;502;12;540
502;12;540;502;12;542
502;12;542;502;12;445
502;12;448;502;12;748
502;12;748;502;12;750
502;12;750;502;12;448
502;12;449;502;12;555
502;12;555;502;12;557
502;12;557;502;12;449
502;12;450;502;12;738
502;12;738;502;12;740
502;12;740;502;12;450
502;12;451;502;12;731
502;12;731;502;12;733
502;12;733;502;12;451
502;12;452;502;12;724
502;12;724;502;12;1244
502;12;1244;502;12;452
502;12;551;502;12;553
502;12;553;502;12;551
502;12;484;502;12;486
502;12;486;502;12;554
502;12;554;502;12;484
502;12;6403;502;12;6405
502;12;6405;502;12;6433
502;12;6433;502;12;6403
502;12;6406;502;12;6564
502;12;6564;502;12;6406
502;12;6407;502;12;6421
502;12;6421;502;12;7199
502;12;7199;502;12;6407
502;12;6892;502;12;7061
502;12;7061;502;12;6892
502;12;6919;502;12;7062
502;12;7062;502;12;7335
502;12;7335;502;12;6919
502;12;6408;502;12;6428
502;12;6428;502;12;6408
502;12;6402;502;12;6599
502;12;6599;502;12;6402
502;12;115;502;12;1512
502;12;1512;502;12;115
502;12;291;502;12;462
502;12;462;502;12;830
502;12;830;502;12;1485
502;12;1485;502;12;291
502;12;292;502;12;825
502;12;825;502;12;829
502;12;829;502;12;292
502;12;108;502;12;208
502;12;208;502;12;1252
502;12;1252;502;12;108
502;12;297;502;12;1303
502;12;1303;502;12;297
502;12;1510;502;12;1511
502;12;1511;502;12;1510
502;12;342;502;12;347
502;12;347;502;12;1364
502;12;1364;502;12;1424
502;12;1424;502;12;1455
502;12;1455;502;12;342
502;12;300;502;12;1338
502;12;1338;502;12;1451
502;12;1451;502;12;1453
502;12;1453;502;12;300
502;12;301;502;12;1449
502;12;1449;502;12;1509
502;12;1509;502;12;301
502;12;348;502;12;1447
502;12;1447;502;12;348
502;12;114;502;12;349
502;12;349;502;12;114
502;12;6085;502;12;6087
502;12;6087;502;12;6085
502;12;6084;502;12;6090
502;12;6090;502;12;6084
502;12;6092;502;12;6094
502;12;6094;502;12;6092
502;12;7152;502;12;7187
502;12;7187;502;12;7273
502;12;7273;502;12;7152
502;12;7188;502;12;7194
502;12;7194;502;12;7188
502;12;7044;502;12;7113
502;12;7113;502;12;7044
502;12;7132;502;12;7178
502;12;7178;502;12;7132
502;12;6847;502;12;7095
502;12;7095;502;12;6847
502;12;6465;502;12;6469
502;12;6469;502;12;6503
502;12;6503;502;12;6507
502;12;6507;502;12;6465
502;12;6659;502;12;6676
502;12;6676;502;12;6659
502;12;6678;502;12;7114
502;12;7114;502;12;6678
502;12;423;502;12;425
502;12;425;502;12;596
502;12;596;502;12;598
502;12;598;502;12;423
502;12;599;502;12;644
502;12;644;502;12;599
502;12;600;502;12;856
502;12;856;502;12;600
502;12;567;502;12;603
502;12;603;502;12;567
502;12;604;502;12;1177
502;12;1177;502;12;604
502;12;605;502;12;860
502;12;860;502;12;605
502;12;1462;502;12;1464
502;12;1464;502;12;1462
502;12;402;502;12;900
502;12;900;502;12;402
502;12;1559;502;12;1571
502;12;1571;502;12;1559
502;12;403;502;12;519
502;12;519;502;12;403
502;12;404;502;12;407
502;12;407;502;12;409
502;12;409;502;12;404
502;12;480;502;12;482
502;12;482;502;12;538
502;12;538;502;12;480
502;12;483;502;12;745
502;12;745;502;12;747
502;12;747;502;12;483
502;12;476;502;12;478
502;12;478;502;12;612
502;12;612;502;12;476
502;12;479;502;12;588
502;12;588;502;12;590
502;12;590;502;12;479
502;12;410;502;12;491
502;12;491;502;12;1095
502;12;1095;502;12;410
502;12;432;502;12;492
502;12;492;502;12;432
502;12;202;502;12;494
502;12;494;502;12;585
502;12;585;502;12;202
502;12;1491;502;12;1493
502;12;1493;502;12;1491
502;12;496;502;12;608
502;12;608;502;12;692
502;12;692;502;12;496
502;12;693;502;12;1256
502;12;1256;502;12;693
502;12;694;502;12;696
502;12;696;502;12;694
502;12;998;502;12;1248
502;12;1248;502;12;998
502;12;411;502;12;413
502;12;413;502;12;471
502;12;471;502;12;411
502;12;12416;502;12;12419
502;12;12419;502;12;12416
502;12;12857;502;12;13450
502;12;13450;502;12;12857
502;12;12858;502;12;13002
502;12;13002;502;12;12858
502;12;12422;502;12;12424
502;12;12424;502;12;13391
502;12;13391;502;12;12422
502;12;12867;502;12;12868
502;12;12868;502;12;12867
502;12;12869;502;12;14132
502;12;14132;502;12;12869
502;12;12212;502;12;12870
502;12;12870;502;12;14043
502;12;14043;502;12;12212
502;12;12880;502;12;13070
502;12;13070;502;12;13092
502;12;13092;502;12;12880
502;12;12736;502;12;13091
502;12;13091;502;12;14211
502;12;14211;502;12;12736
502;12;12883;502;12;14212
502;12;14212;502;12;12883
502;12;12673;502;12;12726
502;12;12726;502;12;12728
502;12;12728;502;12;12673
502;12;12478;502;12;12729
502;12;12729;502;12;12886
502;12;12886;502;12;12478
502;12;12631;502;12;12721
502;12;12721;502;12;12723
502;12;12723;502;12;12631
502;12;12724;502;12;12796
502;12;12796;502;12;13285
502;12;13285;502;12;12724
502;12;12654;502;12;12725
502;12;12725;502;12;12775
502;12;12775;502;12;12654
502;12;12425;502;12;12520
502;12;12520;502;12;13163
502;12;13163;502;12;12425
502;12;12426;502;12;13438
502;12;13438;502;12;12426
502;12;12865;502;12;13396
502;12;13396;502;12;12865
502;12;12052;502;12;12428
502;12;12428;502;12;12553
502;12;12553;502;12;12741
502;12;12741;502;12;12052
502;12;1300;502;12;1302
502;12;1302;502;12;1300
502;12;12403;502;12;13912
502;12;13912;502;12;12403
502;12;12404;502;12;12454
502;12;12454;502;12;12404
502;12;12859;502;12;12937
502;12;12937;502;12;13908
502;12;13908;502;12;12859
502;12;6479;502;12;7311
502;12;7311;502;12;6479
502;12;6670;502;12;6698
502;12;6698;502;12;6670
502;12;6671;502;12;7009
502;12;7009;502;12;6671
502;12;6497;502;12;6549
502;12;6549;502;12;6497
502;12;6672;502;12;6867
502;12;6867;502;12;6672
502;12;6498;502;12;6735
502;12;6735;502;12;6498
502;12;7165;502;12;7197
502;12;7197;502;12;7165
502;12;6673;502;12;6898
502;12;6898;502;12;6673
502;12;6680;502;12;7174
502;12;7174;502;12;7312
502;12;7312;502;12;7324
502;12;7324;502;12;6680
502;12;526;502;12;528
502;12;528;502;12;940
502;12;940;502;12;942
502;12;942;502;12;526
502;12;12860;502;12;12862
502;12;12862;502;12;12860
502;12;12471;502;12;12863
502;12;12863;502;12;12471
502;12;12846;502;12;12864
502;12;12864;502;12;12846
502;12;12852;502;12;12854
502;12;12854;502;12;12852
502;12;12544;502;12;12546
502;12;12546;502;12;12855
502;12;12855;502;12;12544
502;12;12410;502;12;12856
502;12;12856;502;12;12410
502;12;6429;502;12;7336
502;12;7336;502;12;6429
502;12;7060;502;12;7337
502;12;7337;502;12;7060
502;12;6425;502;12;6432
502;12;6432;502;12;6627
502;12;6627;502;12;7014
502;12;7014;502;12;6425
502;12;7120;502;12;7121
502;12;7121;502;12;7120
502;12;6516;502;12;6630
502;12;6630;502;12;6516
502;12;7100;502;12;7131
502;12;7131;502;12;7100
502;12;7042;502;12;7093
502;12;7093;502;12;7042
502;12;6453;502;12;6458
502;12;6458;502;12;6518
502;12;6518;502;12;7064
502;12;7064;502;12;6453
502;12;530;502;12;548
502;12;548;502;12;530
502;12;549;502;12;722
502;12;722;502;12;549
502;12;550;502;12;965
502;12;965;502;12;550
502;12;6457;502;12;6472
502;12;6472;502;12;7325
502;12;7325;502;12;6457
502;12;6473;502;12;6586
502;12;6586;502;12;7327
502;12;7327;502;12;6473
502;12;6442;502;12;6474
502;12;6474;502;12;7329
502;12;7329;502;12;6442
502;12;6463;502;12;6475
502;12;6475;502;12;6956
502;12;6956;502;12;7331
502;12;7331;502;12;6463
502;12;6476;502;12;7166
502;12;7166;502;12;7316
502;12;7316;502;12;6476
502;12;13917;502;12;13919
502;12;13919;502;12;13917
502;12;13918;502;12;13921
502;12;13921;502;12;13918
502;12;13913;502;12;13915
502;12;13915;502;12;13913
502;12;6480;502;12;7012
502;12;7012;502;12;7190
502;12;7190;502;12;6480
502;12;6552;502;12;6710
502;12;6710;502;12;6552
502;12;7108;502;12;7183
502;12;7183;502;12;7108
502;12;6468;502;12;6481
502;12;6481;502;12;6705
502;12;6705;502;12;7179
502;12;7179;502;12;6468
502;12;6482;502;12;6629
502;12;6629;502;12;6482
502;12;6483;502;12;6737
502;12;6737;502;12;7302
502;12;7302;502;12;6483
502;12;204;502;12;529
502;12;529;502;12;1353
502;12;1353;502;12;204
502;12;531;502;12;533
502;12;533;502;12;719
502;12;719;502;12;721
502;12;721;502;12;531
502;12;6986;502;12;7154
502;12;7154;502;12;6986
502;12;6490;502;12;7049
502;12;7049;502;12;6490
502;12;6973;502;12;7138
502;12;7138;502;12;6973
502;12;6491;502;12;7007
502;12;7007;502;12;6491
502;12;6492;502;12;6541
502;12;6541;502;12;6543
502;12;6543;502;12;6492
502;12;6978;502;12;7168
502;12;7168;502;12;6978
502;12;13911;502;12;14187
502;12;14187;502;12;13911
502;12;91;502;12;93
502;12;93;502;12;91
502;12;96;502;12;1328
502;12;1328;502;12;96
502;12;97;502;12;1349
502;12;1349;502;12;97
502;12;53;502;12;76
502;12;76;502;12;53
502;12;57;502;12;107
502;12;107;502;12;57
502;12;58;502;12;88
502;12;88;502;12;58
502;12;70;502;12;118
502;12;118;502;12;70
502;12;119;502;12;128
502;12;128;502;12;119
502;12;12444;502;12;12484
502;12;12484;502;12;14188
502;12;14188;502;12;12444
502;12;6970;502;12;7082
502;12;7082;502;12;7196
502;12;7196;502;12;6970
502;12;7158;502;12;7162
502;12;7162;502;12;7158
502;12;7163;502;12;7173
502;12;7173;502;12;7163
502;12;7159;502;12;7164
502;12;7164;502;12;7159
502;12;12445;502;12;13040
502;12;13040;502;12;12445
502;12;12446;502;12;12494
502;12;12494;502;12;12446
502;12;12447;502;12;12492
502;12;12492;502;12;12447
502;12;12888;502;12;13310
502;12;13310;502;12;12888
502;12;12448;502;12;12475
502;12;12475;502;12;12885
502;12;12885;502;12;12448
502;12;12442;502;12;12449
502;12;12449;502;12;12442
502;12;12962;502;12;13019
502;12;13019;502;12;12962
502;12;12515;502;12;12522
502;12;12522;502;12;13020
502;12;13020;502;12;12515
502;12;6590;502;12;7085
502;12;7085;502;12;7089
502;12;7089;502;12;7209
502;12;7209;502;12;7305
502;12;7305;502;12;6590
502;12;7153;502;12;7160
502;12;7160;502;12;7153
502;12;1123;502;12;1126
502;12;1126;502;12;1123
502;12;1127;502;12;1146
502;12;1146;502;12;1127
502;12;6521;502;12;6643
502;12;6643;502;12;6521
502;12;6642;502;12;6966
502;12;6966;502;12;6642
502;12;6466;502;12;6700
502;12;6700;502;12;6983
502;12;6983;502;12;6466
502;12;6701;502;12;6842
502;12;6842;502;12;6701
502;12;6702;502;12;6833
502;12;6833;502;12;6702
502;12;6703;502;12;6858
502;12;6858;502;12;6703
502;12;6704;502;12;6759
502;12;6759;502;12;6704
502;12;1101;502;12;1233
502;12;1233;502;12;1474
502;12;1474;502;12;1101
502;12;792;502;12;854
502;12;854;502;12;792
502;12;12908;502;12;14155
502;12;14155;502;12;12908
502;12;12636;502;12;13271
502;12;13271;502;12;12636
502;12;13054;502;12;13272
502;12;13272;502;12;13054
502;12;12932;502;12;13273
502;12;13273;502;12;12932
502;12;13116;502;12;13274
502;12;13274;502;12;13116
502;12;12639;502;12;12641
502;12;12641;502;12;12658
502;12;12658;502;12;12660
502;12;12660;502;12;12639
502;12;12565;502;12;12642
502;12;12642;502;12;14002
502;12;14002;502;12;12565
502;12;12901;502;12;13197
502;12;13197;502;12;12901
502;12;12678;502;12;12680
502;12;12680;502;12;12902
502;12;12902;502;12;12678
502;12;12643;502;12;12786
502;12;12786;502;12;12643
502;12;12644;502;12;12913
502;12;12913;502;12;14116
502;12;14116;502;12;12644
502;12;12615;502;12;12617
502;12;12617;502;12;12645
502;12;12645;502;12;12615
502;12;12646;502;12;12694
502;12;12694;502;12;12696
502;12;12696;502;12;12646
502;12;12904;502;12;13553
502;12;13553;502;12;12904
502;12;12905;502;12;13574
502;12;13574;502;12;12905
502;12;12906;502;12;13638
502;12;13638;502;12;14021
502;12;14021;502;12;12906
502;12;12647;502;12;12738
502;12;12738;502;12;13072
502;12;13072;502;12;12647
502;12;12740;502;12;13883
502;12;13883;502;12;12740
502;12;12598;502;12;12761
502;12;12761;502;12;12598
502;12;12599;502;12;12601
502;12;12601;502;12;12599
502;12;12893;502;12;12894
502;12;12894;502;12;12949
502;12;12949;502;12;12893
502;12;12549;502;12;12555
502;12;12555;502;12;13692
502;12;13692;502;12;12549
502;12;12550;502;12;12995
502;12;12995;502;12;13171
502;12;13171;502;12;12550
502;12;12889;502;12;13387
502;12;13387;502;12;13428
502;12;13428;502;12;12889
502;12;12890;502;12;13426
502;12;13426;502;12;12890
502;12;12891;502;12;13384
502;12;13384;502;12;14144
502;12;14144;502;12;12891
502;12;12892;502;12;13364
502;12;13364;502;12;12892
502;12;12630;502;12;12773
502;12;12773;502;12;12630
502;12;12579;502;12;12581
502;12;12581;502;12;12633
502;12;12633;502;12;12579
502;12;12634;502;12;13348
502;12;13348;502;12;12634
502;12;12589;502;12;12591
502;12;12591;502;12;12635
502;12;12635;502;12;12589
502;12;12898;502;12;13764
502;12;13764;502;12;12898
502;12;12605;502;12;12637
502;12;12637;502;12;12605
502;12;12899;502;12;13123
502;12;13123;502;12;12899
502;12;12638;502;12;13757
502;12;13757;502;12;12638
502;12;12554;502;12;13579
502;12;13579;502;12;12554
502;12;7238;502;12;7333
502;12;7333;502;12;7238
502;12;7008;502;12;7075
502;12;7075;502;12;7008
502;12;7030;502;12;7076
502;12;7076;502;12;7030
502;12;7002;502;12;7077
502;12;7077;502;12;7002
502;12;426;502;12;428
502;12;428;502;12;544
502;12;544;502;12;426
502;12;6707;502;12;7020
502;12;7020;502;12;6707
502;12;6692;502;12;6708
502;12;6708;502;12;6692
502;12;6709;502;12;7319
502;12;7319;502;12;6709
502;12;6412;502;12;7021
502;12;7021;502;12;6412
502;12;6544;502;12;6684
502;12;6684;502;12;6544
502;12;6685;502;12;6691
502;12;6691;502;12;6685
502;12;6430;502;12;6687
502;12;6687;502;12;7338
502;12;7338;502;12;6430
502;12;6695;502;12;6739
502;12;6739;502;12;7193
502;12;7193;502;12;6695
502;12;7214;502;12;7216
502;12;7216;502;12;7214
502;12;7217;502;12;7222
502;12;7222;502;12;7217
502;12;7218;502;12;7226
502;12;7226;502;12;7218
502;12;7219;502;12;7280
502;12;7280;502;12;7219
502;12;7221;502;12;7278
502;12;7278;502;12;7221
502;12;7018;502;12;7225
502;12;7225;502;12;7018
502;12;563;502;12;755
502;12;755;502;12;1305
502;12;1305;502;12;563
502;12;564;502;12;566
502;12;566;502;12;858
502;12;858;502;12;564
502;12;109;502;12;112
502;12;112;502;12;109
502;12;110;502;12;113
502;12;113;502;12;110
502;12;891;502;12;1466
502;12;1466;502;12;891
502;12;647;502;12;848
502;12;848;502;12;647
502;12;1366;502;12;1469
502;12;1469;502;12;1366
502;12;84;502;12;892
502;12;892;502;12;84
502;12;893;502;12;899
502;12;899;502;12;1307
502;12;1307;502;12;893
502;12;14169;502;12;14172
502;12;14172;502;12;14169
502;12;1337;502;12;1566
502;12;1566;502;12;1337
502;12;303;502;12;305
502;12;305;502;12;303
502;12;6505;502;12;6523
502;12;6523;502;12;6984
502;12;6984;502;12;6505
502;12;6504;502;12;6715
502;12;6715;502;12;6504
502;12;6522;502;12;6967
502;12;6967;502;12;6522
502;12;6747;502;12;6835
502;12;6835;502;12;6747
502;12;6748;502;12;6821
502;12;6821;502;12;6748
502;12;6732;502;12;6980
502;12;6980;502;12;6732
502;12;6961;502;12;7234
502;12;7234;502;12;6961
502;12;6740;502;12;6962
502;12;6962;502;12;6740
502;12;6963;502;12;7029
502;12;7029;502;12;7227
502;12;7227;502;12;6963
502;12;6964;502;12;7001
502;12;7001;502;12;7223
502;12;7223;502;12;6964
502;12;14030;502;12;14032
502;12;14032;502;12;14030
502;12;14033;502;12;14036
502;12;14036;502;12;14033
502;12;6999;502;12;7004
502;12;7004;502;12;7265
502;12;7265;502;12;6999
502;12;6942;502;12;7003
502;12;7003;502;12;6942
502;12;7241;502;12;7269
502;12;7269;502;12;7241
502;12;6741;502;12;7040
502;12;7040;502;12;6741
502;12;7026;502;12;7032
502;12;7032;502;12;7041
502;12;7041;502;12;7026
502;12;6974;502;12;7006
502;12;7006;502;12;6974
502;12;6975;502;12;6994
502;12;6994;502;12;6975
502;12;6959;502;12;6976
502;12;6976;502;12;6959
502;12;12213;502;12;12834
502;12;12834;502;12;13470
502;12;13470;502;12;12213
502;12;12210;502;12;12836
502;12;12836;502;12;12210
502;12;12562;502;12;12837
502;12;12837;502;12;12562
502;12;12838;502;12;13455
502;12;13455;502;12;12838
502;12;12839;502;12;13481
502;12;13481;502;12;12839
502;12;12841;502;12;12992
502;12;12992;502;12;14207
502;12;14207;502;12;12841
502;12;12842;502;12;13722
502;12;13722;502;12;12842
502;12;12843;502;12;13492
502;12;13492;502;12;12843
502;12;12844;502;12;13012
502;12;13012;502;12;13923
502;12;13923;502;12;12844
502;12;12825;502;12;13520
502;12;13520;502;12;12825
502;12;12826;502;12;13507
502;12;13507;502;12;12826
502;12;12482;502;12;12752
502;12;12752;502;12;12482
502;12;12827;502;12;13235
502;12;13235;502;12;13624
502;12;13624;502;12;12827
502;12;12686;502;12;12753
502;12;12753;502;12;12686
502;12;12828;502;12;14227
502;12;14227;502;12;12828
502;12;12754;502;12;12820
502;12;12820;502;12;12754
502;12;12755;502;12;12816
502;12;12816;502;12;12755
502;12;12829;502;12;13190
502;12;13190;502;12;12829
502;12;14145;502;12;14146
502;12;14146;502;12;14145
502;12;12531;502;12;12759
502;12;12759;502;12;12531
502;12;13930;502;12;13995
502;12;13995;502;12;13930
502;12;12993;502;12;12997
502;12;12997;502;12;13371
502;12;13371;502;12;12993
502;12;13372;502;12;13389
502;12;13389;502;12;13372
502;12;13373;502;12;13385
502;12;13385;502;12;13373
502;12;13366;502;12;13375
502;12;13375;502;12;13366
502;12;13376;502;12;13943
502;12;13943;502;12;14082
502;12;14082;502;12;13376
502;12;13926;502;12;13955
502;12;13955;502;12;13926
502;12;12467;502;12;12469
502;12;12469;502;12;12467
502;12;14178;502;12;14184
502;12;14184;502;12;14185
502;12;14185;502;12;14178
502;12;13170;502;12;13902
502;12;13902;502;12;13170
502;12;12926;502;12;13422
502;12;13422;502;12;12926
502;12;12053;502;12;12466
502;12;12466;502;12;12053
502;12;12927;502;12;13458
502;12;13458;502;12;12927
502;12;14166;502;12;14167
502;12;14167;502;12;14166
502;12;12985;502;12;13153
502;12;13153;502;12;12985
502;12;12986;502;12;13083
502;12;13083;502;12;12986
502;12;12817;502;12;13213
502;12;13213;502;12;13863
502;12;13863;502;12;13886
502;12;13886;502;12;12817
502;12;12987;502;12;13037
502;12;13037;502;12;13866
502;12;13866;502;12;12987
502;12;12918;502;12;12921
502;12;12921;502;12;12988
502;12;12988;502;12;12918
502;12;12989;502;12;13508
502;12;13508;502;12;12989
502;12;12990;502;12;13511
502;12;13511;502;12;12990
502;12;12991;502;12;13010
502;12;13010;502;12;13015
502;12;13015;502;12;14205
502;12;14205;502;12;12991
502;12;13942;502;12;14175
502;12;14175;502;12;13942
502;12;12951;502;12;14176
502;12;14176;502;12;12951
502;12;12438;502;12;12500
502;12;12500;502;12;12438
502;12;13016;502;12;13338
502;12;13338;502;12;13016
502;12;12439;502;12;12487
502;12;12487;502;12;12439
502;12;13017;502;12;13352
502;12;13352;502;12;13017
502;12;12440;502;12;12510
502;12;12510;502;12;12440
502;12;13018;502;12;13858
502;12;13858;502;12;13018
502;12;12969;502;12;13648
502;12;13648;502;12;13968
502;12;13968;502;12;12969
502;12;12521;502;12;12524
502;12;12524;502;12;12521
502;12;12970;502;12;13797
502;12;13797;502;12;12970
502;12;12971;502;12;13789
502;12;13789;502;12;12971
502;12;12871;502;12;13654
502;12;13654;502;12;12871
502;12;12872;502;12;13643
502;12;13643;502;12;12872
502;12;12518;502;12;13665
502;12;13665;502;12;12518
502;12;12516;502;12;12529
502;12;12529;502;12;13856
502;12;13856;502;12;12516
502;12;13041;502;12;13609
502;12;13609;502;12;13706
502;12;13706;502;12;13041
502;12;12959;502;12;13042
502;12;13042;502;12;14147
502;12;14147;502;12;12959
502;12;12938;502;12;13717
502;12;13717;502;12;12938
502;12;12939;502;12;13446
502;12;13446;502;12;12939
502;12;12940;502;12;12999
502;12;12999;502;12;12940
502;12;14076;502;12;14182
502;12;14182;502;12;14076
502;12;14075;502;12;14077
502;12;14077;502;12;14075
502;12;13000;502;12;13715
502;12;13715;502;12;13000
502;12;13001;502;12;13443
502;12;13443;502;12;13001
502;12;12434;502;12;13369
502;12;13369;502;12;12434
502;12;12435;502;12;14088
502;12;14088;502;12;12435
502;12;12924;502;12;13698
502;12;13698;502;12;12924
502;12;13137;502;12;13164
502;12;13164;502;12;13137
502;12;13165;502;12;14196
502;12;14196;502;12;13165
502;12;13924;502;12;13925
502;12;13925;502;12;13924
502;12;14109;502;12;14111
502;12;14111;502;12;14109
502;12;13381;502;12;13460
502;12;13460;502;12;13381
502;12;13382;502;12;13430
502;12;13430;502;12;13382
502;12;13383;502;12;13420
502;12;13420;502;12;13383
502;12;12455;502;12;12457
502;12;12457;502;12;12455
502;12;12928;502;12;13979
502;12;13979;502;12;12928
502;12;12458;502;12;13710
502;12;13710;502;12;12458
502;12;12461;502;12;13701
502;12;13701;502;12;12461
502;12;12960;502;12;13601
502;12;13601;502;12;12960
502;12;12961;502;12;13606
502;12;13606;502;12;12961
502;12;12462;502;12;12473
502;12;12473;502;12;12462
502;12;12878;502;12;13400
502;12;13400;502;12;13906
502;12;13906;502;12;12878
502;12;12489;502;12;12499
502;12;12499;502;12;12489
502;12;12972;502;12;13337
502;12;13337;502;12;12972
502;12;12486;502;12;12490
502;12;12490;502;12;12486
502;12;12491;502;12;12503
502;12;12503;502;12;12491
502;12;12485;502;12;12496
502;12;12496;502;12;12498
502;12;12498;502;12;12485
502;12;12966;502;12;13357
502;12;13357;502;12;12966
502;12;12967;502;12;13306
502;12;13306;502;12;12967
502;12;14083;502;12;14085
502;12;14085;502;12;14097
502;12;14097;502;12;14083
502;12;14086;502;12;14105
502;12;14105;502;12;14086
502;12;14087;502;12;14101
502;12;14101;502;12;14087
502;12;14089;502;12;14110
502;12;14110;502;12;14089
502;12;14091;502;12;14098
502;12;14098;502;12;14091
502;12;14092;502;12;14106
502;12;14106;502;12;14092
502;12;14093;502;12;14102
502;12;14102;502;12;14093
502;12;1257;502;12;1275
502;12;1275;502;12;1257
502;12;433;502;12;472
502;12;472;502;12;433
502;12;473;502;12;838
502;12;838;502;12;473
502;12;474;502;12;582
502;12;582;502;12;584
502;12;584;502;12;474
502;12;475;502;12;627
502;12;627;502;12;629
502;12;629;502;12;475
502;12;12879;502;12;13168
502;12;13168;502;12;12879
502;12;6534;502;12;6955
502;12;6955;502;12;6534
502;12;6957;502;12;7053
502;12;7053;502;12;6957
502;12;6958;502;12;7051
502;12;7051;502;12;6958
502;12;12982;502;12;13537
502;12;13537;502;12;12982
502;12;323;502;12;325
502;12;325;502;12;323
502;12;697;502;12;699
502;12;699;502;12;697
502;12;700;502;12;728
502;12;728;502;12;1260
502;12;1260;502;12;700
502;12;1311;502;12;1315
502;12;1315;502;12;1311
502;12;502;502;12;1259
502;12;1259;502;12;502
502;12;1314;502;12;1421
502;12;1421;502;12;1314
502;12;503;502;12;1316
502;12;1316;502;12;503
502;12;13592;502;12;13631
502;12;13631;502;12;13592
502;12;13595;502;12;13632
502;12;13632;502;12;13595
502;12;13593;502;12;13635
502;12;13635;502;12;13593
502;12;13636;502;12;13814
502;12;13814;502;12;13636
502;12;781;502;12;846
502;12;846;502;12;781
502;12;660;502;12;662
502;12;662;502;12;782
502;12;782;502;12;660
502;12;439;502;12;441
502;12;441;502;12;614
502;12;614;502;12;616
502;12;616;502;12;439
502;12;669;502;12;843
502;12;843;502;12;669
502;12;617;502;12;663
502;12;663;502;12;665
502;12;665;502;12;617
502;12;419;502;12;421
502;12;421;502;12;618
502;12;618;502;12;419
502;12;619;502;12;621
502;12;621;502;12;1102
502;12;1102;502;12;1104
502;12;1104;502;12;619
502;12;607;502;12;968
502;12;968;502;12;970
502;12;970;502;12;1262
502;12;1262;502;12;607
502;12;609;502;12;611
502;12;611;502;12;994
502;12;994;502;12;996
502;12;996;502;12;609
502;12;613;502;12;703
502;12;703;502;12;613
502;12;13989;502;12;13993
502;12;13993;502;12;13989
502;12;13146;502;12;13992
502;12;13992;502;12;13146
502;12;13043;502;12;13265
502;12;13265;502;12;13043
502;12;13027;502;12;13266
502;12;13266;502;12;13027
502;12;12582;502;12;12798
502;12;12798;502;12;12582
502;12;12583;502;12;12655
502;12;12655;502;12;12583
502;12;12584;502;12;13161
502;12;13161;502;12;12584
502;12;12585;502;12;12674
502;12;12674;502;12;12585
502;12;435;502;12;437
502;12;437;502;12;630
502;12;630;502;12;632
502;12;632;502;12;435
502;12;633;502;12;659
502;12;659;502;12;633
502;12;415;502;12;417
502;12;417;502;12;634
502;12;634;502;12;415
502;12;635;502;12;637
502;12;637;502;12;1097
502;12;1097;502;12;1099
502;12;1099;502;12;635
502;12;625;502;12;713
502;12;713;502;12;715
502;12;715;502;12;967
502;12;967;502;12;625
502;12;992;502;12;1317
502;12;1317;502;12;1516
502;12;1516;502;12;992
502;12;626;502;12;980
502;12;980;502;12;982
502;12;982;502;12;626
502;12;1005;502;12;1249
502;12;1249;502;12;1005
502;12;6744;502;12;6749
502;12;6749;502;12;6744
502;12;6633;502;12;6635
502;12;6635;502;12;6750
502;12;6750;502;12;6885
502;12;6885;502;12;6633
502;12;6484;502;12;6501
502;12;6501;502;12;6484
502;12;6500;502;12;6660
502;12;6660;502;12;6500
502;12;7123;502;12;7128
502;12;7128;502;12;7123
502;12;6719;502;12;6889
502;12;6889;502;12;6719
502;12;6445;502;12;6499
502;12;6499;502;12;6445
502;12;1053;502;12;1196
502;12;1196;502;12;1053
502;12;6753;502;12;6995
502;12;6995;502;12;6753
502;12;6754;502;12;7296
502;12;7296;502;12;6754
502;12;572;502;12;574
502;12;574;502;12;797
502;12;797;502;12;572
502;12;571;502;12;1169
502;12;1169;502;12;571
502;12;568;502;12;570
502;12;570;502;12;801
502;12;801;502;12;568
502;12;6756;502;12;6951
502;12;6951;502;12;6756
502;12;6411;502;12;6420
502;12;6420;502;12;6757
502;12;6757;502;12;6411
502;12;6720;502;12;6812
502;12;6812;502;12;6720
502;12;6805;502;12;7141
502;12;7141;502;12;6805
502;12;6410;502;12;6427
502;12;6427;502;12;6410
502;12;6419;502;12;7198
502;12;7198;502;12;6419
502;12;6765;502;12;7038
502;12;7038;502;12;6765
502;12;6416;502;12;6730
502;12;6730;502;12;6797
502;12;6797;502;12;7206
502;12;7206;502;12;6416
502;12;1326;502;12;1448
502;12;1448;502;12;1326
502;12;13956;502;12;14099
502;12;14099;502;12;13956
502;12;13927;502;12;14219
502;12;14219;502;12;13927
502;12;12506;502;12;13340
502;12;13340;502;12;12506
502;12;13046;502;12;13323
502;12;13323;502;12;13046
502;12;13047;502;12;13328
502;12;13328;502;12;13928
502;12;13928;502;12;13047
502;12;12509;502;12;13353
502;12;13353;502;12;12509
502;12;13354;502;12;13859
502;12;13859;502;12;13354
502;12;13929;502;12;13935
502;12;13935;502;12;13929
502;12;13499;502;12;13504
502;12;13504;502;12;13499
502;12;13500;502;12;13533
502;12;13533;502;12;13500
502;12;13497;502;12;13501
502;12;13501;502;12;13497
502;12;13056;502;12;13110
502;12;13110;502;12;13056
502;12;13111;502;12;13127
502;12;13127;502;12;13111
502;12;13112;502;12;13295
502;12;13295;502;12;13112
502;12;13062;502;12;13113
502;12;13113;502;12;13062
502;12;13945;502;12;14226
502;12;14226;502;12;13945
502;12;13311;502;12;13314
502;12;13314;502;12;13311
502;12;13315;502;12;13326
502;12;13326;502;12;13315
502;12;13316;502;12;13331
502;12;13331;502;12;13316
502;12;13312;502;12;13319
502;12;13319;502;12;13342
502;12;13342;502;12;13312
502;12;13320;502;12;13325
502;12;13325;502;12;13320
502;12;13321;502;12;13330
502;12;13330;502;12;13321
502;12;13333;502;12;13341
502;12;13341;502;12;13333
502;12;13324;502;12;13334
502;12;13334;502;12;13324
502;12;13329;502;12;13335
502;12;13335;502;12;13329
502;12;1212;502;12;1214
502;12;1214;502;12;1212
502;12;13086;502;12;13682
502;12;13682;502;12;13086
502;12;13087;502;12;13781
502;12;13781;502;12;13087
502;12;13088;502;12;13801
502;12;13801;502;12;13088
502;12;12691;502;12;13089
502;12;13089;502;12;12691
502;12;13090;502;12;13546
502;12;13546;502;12;13090
502;12;1219;502;12;1221
502;12;1221;502;12;1279
502;12;1279;502;12;1219
502;12;14037;502;12;14039
502;12;14039;502;12;14037
502;12;12737;502;12;13074
502;12;13074;502;12;13081
502;12;13081;502;12;12737
502;12;13075;502;12;13099
502;12;13099;502;12;13075
502;12;13071;502;12;13100
502;12;13100;502;12;13071
502;12;675;502;12;751
502;12;751;502;12;675
502;12;429;502;12;752
502;12;752;502;12;754
502;12;754;502;12;429
502;12;501;502;12;1273
502;12;1273;502;12;501
502;12;13025;502;12;13261
502;12;13261;502;12;13025
502;12;12785;502;12;13262
502;12;13262;502;12;12785
502;12;18062;502;12;24052
502;12;24052;502;12;18062
502;12;24070;502;12;42052
502;12;42052;502;12;24070
502;12;42059;502;12;42061
502;12;42061;502;12;42059
502;12;24063;502;12;24073
502;12;24073;502;12;24063
502;12;977;502;12;979
502;12;979;502;12;977
502;12;13307;502;12;13358
502;12;13358;502;12;13307
502;12;6662;502;12;6674
502;12;6674;502;12;6662
502;12;6760;502;12;6834
502;12;6834;502;12;6760
502;12;6761;502;12;6843
502;12;6843;502;12;7289
502;12;7289;502;12;6761
502;12;974;502;12;1345
502;12;1345;502;12;1346
502;12;1346;502;12;1407
502;12;1407;502;12;974
502;12;1408;502;12;1410
502;12;1410;502;12;1408
502;12;12299;502;12;12301
502;12;12301;502;12;12299
502;12;12202;502;12;13030
502;12;13030;502;12;12202
502;12;12298;502;12;12958
502;12;12958;502;12;12298
502;12;12203;502;12;13104
502;12;13104;502;12;12203
502;12;12207;502;12;12480
502;12;12480;502;12;14118
502;12;14118;502;12;12207
502;12;12209;502;12;13004
502;12;13004;502;12;13031
502;12;13031;502;12;12209
502;12;12219;502;12;12221
502;12;12221;502;12;12223
502;12;12223;502;12;12227
502;12;12227;502;12;12219
502;12;12231;502;12;12320
502;12;12320;502;12;12231
502;12;12247;502;12;12253
502;12;12253;502;12;12247
502;12;12243;502;12;12249
502;12;12249;502;12;12255
502;12;12255;502;12;12330
502;12;12330;502;12;12243
502;12;12215;502;12;12217
502;12;12217;502;12;12225
502;12;12225;502;12;12215
502;12;12235;502;12;12237
502;12;12237;502;12;12239
502;12;12239;502;12;12235
502;12;12305;502;12;12311
502;12;12311;502;12;12305
502;12;12313;502;12;12317
502;12;12317;502;12;12313
502;12;12287;502;12;12289
502;12;12289;502;12;12287
502;12;12295;502;12;12297
502;12;12297;502;12;12295
502;12;12259;502;12;12263
502;12;12263;502;12;12328
502;12;12328;502;12;12259
502;12;12265;502;12;12269
502;12;12269;502;12;12285
502;12;12285;502;12;12265
502;12;12271;502;12;12279
502;12;12279;502;12;12271
502;12;12267;502;12;12281
502;12;12281;502;12;12267
502;12;12229;502;12;12233
502;12;12233;502;12;12229
502;12;12241;502;12;12245
502;12;12245;502;12;12251
502;12;12251;502;12;12241
502;12;12303;502;12;12315
502;12;12315;502;12;12303
502;12;12307;502;12;12309
502;12;12309;502;12;12307
502;12;12257;502;12;12261
502;12;12261;502;12;12257
502;12;12273;502;12;12283
502;12;12283;502;12;12273
502;12;12275;502;12;12277
502;12;12277;502;12;12275
502;12;6666;502;12;6933
502;12;6933;502;12;6666
502;12;6721;502;12;6937
502;12;6937;502;12;6721
502;12;6424;502;12;6563
502;12;6563;502;12;7056
502;12;7056;502;12;6424
502;12;7167;502;12;7184
502;12;7184;502;12;7167
502;12;6849;502;12;7185
502;12;7185;502;12;6849
502;12;6736;502;12;7186
502;12;7186;502;12;6736
502;12;7232;502;12;7247
502;12;7247;502;12;7232
502;12;6763;502;12;6791
502;12;6791;502;12;6763
502;12;6764;502;12;6939
502;12;6939;502;12;6764
502;12;6767;502;12;7010
502;12;7010;502;12;6767
502;12;6550;502;12;6768
502;12;6768;502;12;6550
502;12;6769;502;12;6868
502;12;6868;502;12;6769
502;12;6771;502;12;7011
502;12;7011;502;12;6771
502;12;6773;502;12;6987
502;12;6987;502;12;6773
502;12;6777;502;12;6869
502;12;6869;502;12;7169
502;12;7169;502;12;6777
502;12;13576;502;12;13617
502;12;13617;502;12;13576
502;12;13618;502;12;13640
502;12;13640;502;12;13618
502;12;14220;502;12;14224
502;12;14224;502;12;14220
502;12;6441;502;12;6446
502;12;6446;502;12;7145
502;12;7145;502;12;6441
502;12;6996;502;12;7146
502;12;7146;502;12;6996
502;12;6905;502;12;7147
502;12;7147;502;12;6905
502;12;7148;502;12;7171
502;12;7171;502;12;7148
502;12;6447;502;12;6462
502;12;6462;502;12;6447
502;12;6556;502;12;6624
502;12;6624;502;12;6556
502;12;6448;502;12;6488
502;12;6488;502;12;6448
502;12;6451;502;12;6798
502;12;6798;502;12;6451
502;12;6585;502;12;6623
502;12;6623;502;12;6585
502;12;6927;502;12;7143
502;12;7143;502;12;6927
502;12;6874;502;12;7144
502;12;7144;502;12;6874
502;12;758;502;12;760
502;12;760;502;12;997
502;12;997;502;12;758
502;12;787;502;12;841
502;12;841;502;12;787
502;12;13444;502;12;13449
502;12;13449;502;12;13444
502;12;6559;502;12;6615
502;12;6615;502;12;6954
502;12;6954;502;12;6559
502;12;7013;502;12;7181
502;12;7181;502;12;7013
502;12;964;502;12;1570
502;12;1570;502;12;964
502;12;13101;502;12;13344
502;12;13344;502;12;13101
502;12;12956;502;12;13345
502;12;13345;502;12;12956
502;12;13280;502;12;13301
502;12;13301;502;12;13346
502;12;13346;502;12;13775
502;12;13775;502;12;13280
502;12;13038;502;12;13048
502;12;13048;502;12;13038
502;12;12808;502;12;12810
502;12;12810;502;12;12808
502;12;12762;502;12;12809
502;12;12809;502;12;12762
502;12;13777;502;12;14139
502;12;14139;502;12;13777
502;12;13771;502;12;13778
502;12;13778;502;12;13771
502;12;13932;502;12;14161
502;12;14161;502;12;13932
502;12;13931;502;12;13963
502;12;13963;502;12;13931
502;12;13454;502;12;13478
502;12;13478;502;12;14048
502;12;14048;502;12;13454
502;12;668;502;12;1093
502;12;1093;502;12;668
502;12;814;502;12;845
502;12;845;502;12;814
502;12;666;502;12;840
502;12;840;502;12;1081
502;12;1081;502;12;666
502;12;1078;502;12;1082
502;12;1082;502;12;1078
502;12;6990;502;12;7101
502;12;7101;502;12;7109
502;12;7109;502;12;6990
502;12;13880;502;12;14040
502;12;14040;502;12;14042
502;12;14042;502;12;13880
502;12;14150;502;12;14151
502;12;14151;502;12;14150
502;12;13971;502;12;13980
502;12;13980;502;12;13971
502;12;7202;502;12;7309
502;12;7309;502;12;7202
502;12;7054;502;12;7126
502;12;7126;502;12;7054
502;12;6993;502;12;7050
502;12;7050;502;12;6993
502;12;6443;502;12;6455
502;12;6455;502;12;7304
502;12;7304;502;12;6443
502;12;6487;502;12;6729
502;12;6729;502;12;6792
502;12;6792;502;12;6487
502;12;6415;502;12;6577
502;12;6577;502;12;6632
502;12;6632;502;12;6415
502;12;6661;502;12;6862
502;12;6862;502;12;6661
502;12;422;502;12;775
502;12;775;502;12;777
502;12;777;502;12;422
502;12;6565;502;12;6616
502;12;6616;502;12;6618
502;12;6618;502;12;6789
502;12;6789;502;12;6565
502;12;6790;502;12;6886
502;12;6886;502;12;6790
502;12;13419;502;12;13425
502;12;13425;502;12;13419
502;12;13755;502;12;13760
502;12;13760;502;12;13755
502;12;13752;502;12;13756
502;12;13756;502;12;13752
502;12;12661;502;12;13753
502;12;13753;502;12;12661
502;12;1179;502;12;1325
502;12;1325;502;12;1327
502;12;1327;502;12;1179
502;12;1181;502;12;1323
502;12;1323;502;12;1181
502;12;859;502;12;1319
502;12;1319;502;12;859
502;12;1075;502;12;1077
502;12;1077;502;12;1075
502;12;6794;502;12;6840
502;12;6840;502;12;6794
502;12;7277;502;12;7300
502;12;7300;502;12;7277
502;12;6802;502;12;7078
502;12;7078;502;12;6802
502;12;13439;502;12;13661
502;12;13661;502;12;13439
502;12;13139;502;12;13440
502;12;13440;502;12;13139
502;12;13404;502;12;13441
502;12;13441;502;12;13404
502;12;1019;502;12;1021
502;12;1021;502;12;1019
502;12;13287;502;12;13298
502;12;13298;502;12;13287
502;12;12797;502;12;13289
502;12;13289;502;12;12797
502;12;12930;502;12;13290
502;12;13290;502;12;12930
502;12;1435;502;12;1438
502;12;1438;502;12;1435
502;12;1035;502;12;1037
502;12;1037;502;12;1035
502;12;344;502;12;346
502;12;346;502;12;344
502;12;327;502;12;329
502;12;329;502;12;327
502;12;368;502;12;372
502;12;372;502;12;368
502;12;382;502;12;384
502;12;384;502;12;388
502;12;388;502;12;392
502;12;392;502;12;400
502;12;400;502;12;382
502;12;203;502;12;522
502;12;522;502;12;827
502;12;827;502;12;1289
502;12;1289;502;12;203
502;12;205;502;12;709
502;12;709;502;12;1290
502;12;1290;502;12;1405
502;12;1405;502;12;205
502;12;293;502;12;1351
502;12;1351;502;12;293
502;12;250;502;12;252
502;12;252;502;12;250
502;12;286;502;12;288
502;12;288;502;12;286
502;12;258;502;12;260
502;12;260;502;12;258
502;12;333;502;12;335
502;12;335;502;12;370
502;12;370;502;12;333
502;12;270;502;12;272
502;12;272;502;12;270
502;12;390;502;12;398
502;12;398;502;12;390
502;12;1354;502;12;1471
502;12;1471;502;12;1354
502;12;262;502;12;264
502;12;264;502;12;262
502;12;254;502;12;256
502;12;256;502;12;254
502;12;266;502;12;268
502;12;268;502;12;266
502;12;331;502;12;337
502;12;337;502;12;331
502;12;274;502;12;276
502;12;276;502;12;274
502;12;278;502;12;280
502;12;280;502;12;278
502;12;282;502;12;284
502;12;284;502;12;282
502;12;1481;502;12;1483
502;12;1483;502;12;1481
502;12;1499;502;12;1501
502;12;1501;502;12;1499
502;12;6663;502;12;6716
502;12;6716;502;12;6663
502;12;12561;502;12;13005
502;12;13005;502;12;12561
502;12;13006;502;12;13255
502;12;13255;502;12;13006
502;12;12981;502;12;13007
502;12;13007;502;12;12981
502;12;13008;502;12;13014
502;12;13014;502;12;13245
502;12;13245;502;12;13844
502;12;13844;502;12;13008
502;12;13011;502;12;13543
502;12;13543;502;12;13011
502;12;13252;502;12;13466
502;12;13466;502;12;13252
502;12;12628;502;12;13253
502;12;13253;502;12;12628
502;12;13254;502;12;13727
502;12;13727;502;12;13254
502;12;13725;502;12;13731
502;12;13731;502;12;13725
502;12;12946;502;12;13726
502;12;13726;502;12;12946
502;12;12980;502;12;13728
502;12;13728;502;12;12980
502;12;12626;502;12;13730
502;12;13730;502;12;12626
502;12;7306;502;12;7308
502;12;7308;502;12;7306
502;12;6803;502;12;7058
502;12;7058;502;12;6803
502;12;6804;502;12;6808
502;12;6808;502;12;6804
502;12;6807;502;12;6811
502;12;6811;502;12;6807
502;12;7129;502;12;7297
502;12;7297;502;12;7129
502;12;6810;502;12;7059
502;12;7059;502;12;6810
502;12;7135;502;12;7136
502;12;7136;502;12;7172
502;12;7172;502;12;7135
502;12;6815;502;12;6998
502;12;6998;502;12;6815
502;12;6460;502;12;6622
502;12;6622;502;12;6636
502;12;6636;502;12;6460
502;12;6461;502;12;6575
502;12;6575;502;12;6461
502;12;6896;502;12;6931
502;12;6931;502;12;6997
502;12;6997;502;12;6896
502;12;1378;502;12;1380
502;12;1380;502;12;1378
502;12;1344;502;12;1381
502;12;1381;502;12;1344
502;12;1382;502;12;1384
502;12;1384;502;12;1382
502;12;12805;502;12;13124
502;12;13124;502;12;12805
502;12;13119;502;12;13126
502;12;13126;502;12;13119
502;12;795;502;12;800
502;12;800;502;12;1489
502;12;1489;502;12;795
502;12;802;502;12;1176
502;12;1176;502;12;802
502;12;680;502;12;734
502;12;734;502;12;680
502;12;488;502;12;729
502;12;729;502;12;488
502;12;689;502;12;730
502;12;730;502;12;689
502;12;1475;502;12;1477
502;12;1477;502;12;1475
502;12;222;502;12;224
502;12;224;502;12;222
502;12;339;502;12;341
502;12;341;502;12;339
502;12;936;502;12;945
502;12;945;502;12;936
502;12;932;502;12;946
502;12;946;502;12;1291
502;12;1291;502;12;932
502;12;1550;502;12;1552
502;12;1552;502;12;1550
502;12;558;502;12;676
502;12;676;502;12;678
502;12;678;502;12;558
502;12;679;502;12;741
502;12;741;502;12;679
502;12;681;502;12;725
502;12;725;502;12;681
502;12;595;502;12;671
502;12;671;502;12;595
502;12;543;502;12;672
502;12;672;502;12;674
502;12;674;502;12;543
502;12;686;502;12;726
502;12;726;502;12;686
502;12;129;502;12;130
502;12;130;502;12;129
502;12;74;502;12;86
502;12;86;502;12;74
502;12;103;502;12;1752
502;12;1752;502;12;103
502;12;1518;502;12;1520
502;12;1520;502;12;1518
502;12;508;502;12;1340
502;12;1340;502;12;508
502;12;511;502;12;833
502;12;833;502;12;511
502;12;512;502;12;514
502;12;514;502;12;512
502;12;13666;502;12;13680
502;12;13680;502;12;13666
502;12;13667;502;12;13672
502;12;13672;502;12;13667
502;12;12528;502;12;13668
502;12;13668;502;12;12528
502;12;14229;502;12;14230
502;12;14230;502;12;14229
502;12;13485;502;12;13488
502;12;13488;502;12;13485
502;12;13479;502;12;13482
502;12;13482;502;12;13479
502;12;1029;502;12;1031
502;12;1031;502;12;1029
502;12;12575;502;12;12577
502;12;12577;502;12;12793
502;12;12793;502;12;13278
502;12;13278;502;12;12575
502;12;12790;502;12;12792
502;12;12792;502;12;13281
502;12;13281;502;12;12790
502;12;13141;502;12;13297
502;12;13297;502;12;13141
502;12;1062;502;12;1071
502;12;1071;502;12;1062
502;12;442;502;12;766
502;12;766;502;12;768
502;12;768;502;12;442
502;12;443;502;12;763
502;12;763;502;12;443
502;12;444;502;12;592
502;12;592;502;12;594
502;12;594;502;12;444
502;12;778;502;12;1105
502;12;1105;502;12;1107
502;12;1107;502;12;778
502;12;622;502;12;642
502;12;642;502;12;622
502;12;623;502;12;855
502;12;855;502;12;623
502;12;13053;502;12;13303
502;12;13303;502;12;13053
502;12;12929;502;12;13304
502;12;13304;502;12;12929
502;12;643;502;12;779
502;12;779;502;12;1151
502;12;1151;502;12;643
502;12;1329;502;12;1330
502;12;1330;502;12;1329
502;12;1467;502;12;1503
502;12;1503;502;12;1467
502;12;13447;502;12;13714
502;12;13714;502;12;13447
502;12;13448;502;12;13676
502;12;13676;502;12;13448
502;12;13790;502;12;13794
502;12;13794;502;12;13790
502;12;13656;502;12;13670
502;12;13670;502;12;13795
502;12;13795;502;12;13656
502;12;815;502;12;847
502;12;847;502;12;815
502;12;13791;502;12;13798
502;12;13798;502;12;13791
502;12;7240;502;12;7256
502;12;7256;502;12;7240
502;12;1063;502;12;1065
502;12;1065;502;12;1063
502;12;1066;502;12;1068
502;12;1068;502;12;1198
502;12;1198;502;12;1066
502;12;13388;502;12;13821
502;12;13821;502;12;13388
502;12;12968;502;12;13308
502;12;13308;502;12;12968
502;12;13782;502;12;13786
502;12;13786;502;12;13782
502;12;13569;502;12;13783
502;12;13783;502;12;13569
502;12;13713;502;12;13718
502;12;13718;502;12;13713
502;12;6746;502;12;6817
502;12;6817;502;12;6746
502;12;6818;502;12;6953
502;12;6953;502;12;6818
502;12;12481;502;12;12559
502;12;12559;502;12;13247
502;12;13247;502;12;14119
502;12;14119;502;12;12481
502;12;13248;502;12;14157
502;12;14157;502;12;13248
502;12;12537;502;12;12915
502;12;12915;502;12;12977
502;12;12977;502;12;13249
502;12;13249;502;12;14120
502;12;14120;502;12;12537
502;12;12622;502;12;12914
502;12;12914;502;12;13050
502;12;13050;502;12;14117
502;12;14117;502;12;12622
502;12;12619;502;12;12625
502;12;12625;502;12;13051
502;12;13051;502;12;12619
502;12;12592;502;12;12800
502;12;12800;502;12;12802
502;12;12802;502;12;12592
502;12;12803;502;12;13767
502;12;13767;502;12;12803
502;12;12606;502;12;12804
502;12;12804;502;12;12606
502;12;12774;502;12;13284
502;12;13284;502;12;12774
502;12;12799;502;12;13349
502;12;13349;502;12;12799
502;12;1014;502;12;1024
502;12;1024;502;12;1014
502;12;1022;502;12;1025
502;12;1025;502;12;1433
502;12;1433;502;12;1022
502;12;1385;502;12;1388
502;12;1388;502;12;1385
502;12;1357;502;12;1389
502;12;1389;502;12;1357
502;12;1390;502;12;1397
502;12;1397;502;12;1390
502;12;1391;502;12;1394
502;12;1394;502;12;1391
502;12;13238;502;12;14015
502;12;14015;502;12;13238
502;12;14209;502;12;14210
502;12;14210;502;12;14209
502;12;12975;502;12;13237
502;12;13237;502;12;12975
502;12;13215;502;12;13221
502;12;13221;502;12;13239
502;12;13239;502;12;13215
502;12;463;502;12;684
502;12;684;502;12;822
502;12;822;502;12;463
502;12;823;502;12;831
502;12;831;502;12;823
502;12;820;502;12;850
502;12;850;502;12;1333
502;12;1333;502;12;820
502;12;960;502;12;1334
502;12;1334;502;12;960
502;12;904;502;12;1335
502;12;1335;502;12;904
502;12;14016;502;12;14017
502;12;14017;502;12;14016
502;12;12925;502;12;13626
502;12;13626;502;12;12925
502;12;13627;502;12;13687
502;12;13687;502;12;13627
502;12;13628;502;12;13689
502;12;13689;502;12;13628
502;12;1355;502;12;1472
502;12;1472;502;12;1355
502;12;12931;502;12;13350
502;12;13350;502;12;12931
502;12;6820;502;12;6872
502;12;6872;502;12;6820
502;12;13711;502;12;13972
502;12;13972;502;12;13711
502;12;13973;502;12;13975
502;12;13975;502;12;13973
502;12;13021;502;12;13158
502;12;13158;502;12;13021
502;12;13022;502;12;13269
502;12;13269;502;12;13022
502;12;13023;502;12;13156
502;12;13156;502;12;13023
502;12;12594;502;12;12675
502;12;12675;502;12;12594
502;12;12608;502;12;12676
502;12;12676;502;12;12608
502;12;13024;502;12;13360
502;12;13360;502;12;13874
502;12;13874;502;12;13024
502;12;12566;502;12;12677
502;12;12677;502;12;12566
502;12;12607;502;12;12657
502;12;12657;502;12;12607
502;12;13055;502;12;13118
502;12;13118;502;12;13055
502;12;12609;502;12;12779
502;12;12779;502;12;12609
502;12;12610;502;12;12708
502;12;12708;502;12;14114
502;12;14114;502;12;12610
502;12;13853;502;12;13959
502;12;13959;502;12;13853
502;12;638;502;12;817
502;12;817;502;12;638
502;12;639;502;12;641
502;12;641;502;12;639
502;12;12593;502;12;12656
502;12;12656;502;12;12593
502;12;12933;502;12;13768
502;12;13768;502;12;12933
502;12;6918;502;12;7057
502;12;7057;502;12;6918
502;12;13026;502;12;13115
502;12;13115;502;12;13026
502;12;12595;502;12;12777
502;12;12777;502;12;12595
502;12;12596;502;12;12912
502;12;12912;502;12;14113
502;12;14113;502;12;12596
502;12;545;502;12;645
502;12;645;502;12;545
502;12;13117;502;12;13769
502;12;13769;502;12;13117
502;12;13120;502;12;13294
502;12;13294;502;12;13947
502;12;13947;502;12;13120
502;12;7260;502;12;7262
502;12;7262;502;12;7260
502;12;7254;502;12;7263
502;12;7263;502;12;7254
502;12;7264;502;12;7343
502;12;7343;502;12;7264
502;12;6969;502;12;7266
502;12;7266;502;12;6969
502;12;12693;502;12;13079
502;12;13079;502;12;12693
502;12;13029;502;12;13556
502;12;13556;502;12;13029
502;12;6554;502;12;6728
502;12;6728;502;12;6554
502;12;6555;502;12;6576
502;12;6576;502;12;6555
502;12;6897;502;12;7130
502;12;7130;502;12;6897
502;12;6679;502;12;6860
502;12;6860;502;12;6679
502;12;13105;502;12;13276
502;12;13276;502;12;13105
502;12;12587;502;12;13277
502;12;13277;502;12;12587
502;12;913;502;12;919
502;12;919;502;12;913
502;12;920;502;12;954
502;12;954;502;12;920
502;12;921;502;12;958
502;12;958;502;12;921
502;12;903;502;12;922
502;12;922;502;12;903
502;12;769;502;12;1480
502;12;1480;502;12;769
502;12;13683;502;12;13785
502;12;13785;502;12;13851
502;12;13851;502;12;13683
502;12;13787;502;12;13802
502;12;13802;502;12;13787
502;12;13555;502;12;13806
502;12;13806;502;12;13555
502;12;13550;502;12;13557
502;12;13557;502;12;13550
502;12;13552;502;12;13558
502;12;13558;502;12;13552
502;12;13559;502;12;14020
502;12;14020;502;12;13559
502;12;857;502;12;1486
502;12;1486;502;12;857
502;12;13063;502;12;13077
502;12;13077;502;12;13063
502;12;13078;502;12;13805
502;12;13805;502;12;13078
502;12;13080;502;12;13549
502;12;13549;502;12;13080
502;12;13562;502;12;13803
502;12;13803;502;12;13562
502;12;13547;502;12;13564
502;12;13564;502;12;13547
502;12;13565;502;12;13686
502;12;13686;502;12;13565
502;12;13568;502;12;13852
502;12;13852;502;12;13568
502;12;13570;502;12;13804
502;12;13804;502;12;13570
502;12;313;502;12;321
502;12;321;502;12;313
502;12;311;502;12;319
502;12;319;502;12;311
502;12;559;502;12;683
502;12;683;502;12;559
502;12;685;502;12;742
502;12;742;502;12;685
502;12;6890;502;12;7124
502;12;7124;502;12;6890
502;12;6824;502;12;6915
502;12;6915;502;12;6824
502;12;6827;502;12;7036
502;12;7036;502;12;6827
502;12;6830;502;12;6875
502;12;6875;502;12;6830
502;12;6831;502;12;7134
502;12;7134;502;12;6831
502;12;12953;502;12;13864
502;12;13864;502;12;12953
502;12;13865;502;12;13901
502;12;13901;502;12;13865
502;12;13413;502;12;13417
502;12;13417;502;12;14068
502;12;14068;502;12;13413
502;12;14064;502;12;14071
502;12;14071;502;12;14064
502;12;13084;502;12;13094
502;12;13094;502;12;13084
502;12;13150;502;12;13152
502;12;13152;502;12;13150
502;12;13675;502;12;13719
502;12;13719;502;12;13675
502;12;12814;502;12;12819
502;12;12819;502;12;12814
502;12;13060;502;12;13225
502;12;13225;502;12;13060
502;12;12965;502;12;13186
502;12;13186;502;12;13224
502;12;13224;502;12;12965
502;12;13185;502;12;13189
502;12;13189;502;12;13185
502;12;13541;502;12;13721
502;12;13721;502;12;13541
502;12;13491;502;12;13542
502;12;13542;502;12;13491
502;12;13525;502;12;13639
502;12;13639;502;12;13525
502;12;12697;502;12;13523
502;12;13523;502;12;12697
502;12;13580;502;12;13597
502;12;13597;502;12;13580
502;12;13434;502;12;13581
502;12;13581;502;12;13434
502;12;13582;502;12;13816
502;12;13816;502;12;13582
502;12;13583;502;12;13589
502;12;13589;502;12;13583
502;12;438;502;12;1436
502;12;1436;502;12;438
502;12;6742;502;12;7243
502;12;7243;502;12;7246
502;12;7246;502;12;6742
502;12;7239;502;12;7244
502;12;7244;502;12;7239
502;12;13175;502;12;13195
502;12;13195;502;12;13175
502;12;13196;502;12;13953
502;12;13953;502;12;13196
502;12;13176;502;12;13202
502;12;13202;502;12;13176
502;12;13203;502;12;13954
502;12;13954;502;12;13203
502;12;12621;502;12;12681
502;12;12681;502;12;13204
502;12;13204;502;12;12621
502;12;464;502;12;928
502;12;928;502;12;1339
502;12;1339;502;12;464
502;12;1284;502;12;1399
502;12;1399;502;12;1284
502;12;812;502;12;1240
502;12;1240;502;12;812
502;12;826;502;12;925
502;12;925;502;12;930
502;12;930;502;12;826
502;12;931;502;12;935
502;12;935;502;12;1370
502;12;1370;502;12;931
502;12;926;502;12;961
502;12;961;502;12;926
502;12;905;502;12;927
502;12;927;502;12;905
502;12;13155;502;12;13160
502;12;13160;502;12;13155
502;12;13159;502;12;13268
502;12;13268;502;12;13159
502;12;1341;502;12;1342
502;12;1342;502;12;1341
502;12;500;502;12;537
502;12;537;502;12;500
502;12;1170;502;12;1173
502;12;1173;502;12;1170
502;12;7087;502;12;7208
502;12;7208;502;12;7087
502;12;7083;502;12;7088
502;12;7088;502;12;7083
502;12;13032;502;12;13192
502;12;13192;502;12;13032
502;12;1011;502;12;1013
502;12;1013;502;12;1011
502;12;13759;502;12;13763
502;12;13763;502;12;13759
502;12;12944;502;12;13734
502;12;13734;502;12;12944
502;12;13181;502;12;13735
502;12;13735;502;12;13181
502;12;12560;502;12;12627
502;12;12627;502;12;12560
502;12;12822;502;12;12979
502;12;12979;502;12;12822
502;12;13513;502;12;13870
502;12;13870;502;12;13513
502;12;1187;502;12;1210
502;12;1210;502;12;1187
502;12;1188;502;12;1507
502;12;1507;502;12;1188
502;12;914;502;12;953
502;12;953;502;12;914
502;12;915;502;12;957
502;12;957;502;12;915
502;12;902;502;12;916
502;12;916;502;12;902
502;12;1130;502;12;1136
502;12;1136;502;12;1130
502;12;1137;502;12;1139
502;12;1139;502;12;1137
502;12;465;502;12;806
502;12;806;502;12;808
502;12;808;502;12;465
502;12;809;502;12;1401
502;12;1401;502;12;809
502;12;805;502;12;906
502;12;906;502;12;805
502;12;210;502;12;212
502;12;212;502;12;210
502;12;214;502;12;216
502;12;216;502;12;214
502;12;466;502;12;521
502;12;521;502;12;466
502;12;468;502;12;469
502;12;469;502;12;468
502;12;218;502;12;220
502;12;220;502;12;378
502;12;378;502;12;380
502;12;380;502;12;218
502;12;12685;502;12;13131
502;12;13131;502;12;13241
502;12;13241;502;12;12685
502;12;12917;502;12;13243
502;12;13243;502;12;14121
502;12;14121;502;12;12917
502;12;13244;502;12;13512
502;12;13512;502;12;13244
502;12;12945;502;12;13465
502;12;13465;502;12;12945
502;12;12978;502;12;13467
502;12;13467;502;12;12978
502;12;13147;502;12;13149
502;12;13149;502;12;13147
502;12;12557;502;12;12662
502;12;12662;502;12;12557
502;12;12941;502;12;13750
502;12;13750;502;12;12941
502;12;12942;502;12;13746
502;12;13746;502;12;12942
502;12;12558;502;12;12683
502;12;12683;502;12;12558
502;12;12943;502;12;13737
502;12;13737;502;12;12943
502;12;12947;502;12;13463
502;12;13463;502;12;12947
502;12;13180;502;12;13738
502;12;13738;502;12;13180
502;12;13035;502;12;13179
502;12;13179;502;12;13035
502;12;1377;502;12;1400
502;12;1400;502;12;1377
502;12;520;502;12;1402
502;12;1402;502;12;520
502;12;242;502;12;244
502;12;244;502;12;242
502;12;1374;502;12;1376
502;12;1376;502;12;1374
502;12;6598;502;12;6909
502;12;6909;502;12;6598
502;12;6787;502;12;6944
502;12;6944;502;12;6787
502;12;1371;502;12;1468
502;12;1468;502;12;1371
502;12;962;502;12;1372
502;12;1372;502;12;962
502;12;6837;502;12;7034
502;12;7034;502;12;6837
502;12;6838;502;12;6948
502;12;6948;502;12;6838
502;12;6839;502;12;7097
502;12;7097;502;12;6839
502;12;6437;502;12;6439
502;12;6439;502;12;6485
502;12;6485;502;12;7137
502;12;7137;502;12;6437
502;12;6440;502;12;6572
502;12;6572;502;12;6574
502;12;6574;502;12;6440
502;12;772;502;12;774
502;12;774;502;12;839
502;12;839;502;12;772
502;12;6844;502;12;6871
502;12;6871;502;12;6844
502;12;13407;502;12;13660
502;12;13660;502;12;13407
502;12;13138;502;12;13408
502;12;13408;502;12;13138
502;12;13403;502;12;13409
502;12;13409;502;12;13403
502;12;13133;502;12;13392
502;12;13392;502;12;13133
502;12;13134;502;12;13136
502;12;13136;502;12;13134
502;12;6609;502;12;6745
502;12;6745;502;12;6864
502;12;6864;502;12;6609
502;12;7293;502;12;7294
502;12;7294;502;12;7293
502;12;1206;502;12;1208
502;12;1208;502;12;1206
502;12;1134;502;12;1209
502;12;1209;502;12;1134
502;12;1185;502;12;1211
502;12;1211;502;12;1185
502;12;1131;502;12;1133
502;12;1133;502;12;1131
502;12;13399;502;12;13405
502;12;13405;502;12;13399
502;12;6851;502;12;6865
502;12;6865;502;12;6851
502;12;6853;502;12;6912
502;12;6912;502;12;6853
502;12;6854;502;12;7046
502;12;7046;502;12;6854
502;12;1001;502;12;1040
502;12;1040;502;12;1001
502;12;12996;502;12;13818
502;12;13818;502;12;13820
502;12;13820;502;12;12996
502;12;13412;502;12;13459
502;12;13459;502;12;13412
502;12;430;502;12;562
502;12;562;502;12;430
502;12;14003;502;12;14004
502;12;14004;502;12;14003
502;12;14006;502;12;14007
502;12;14007;502;12;14006
502;12;13033;502;12;13177
502;12;13177;502;12;13033
502;12;12535;502;12;12666
502;12;12666;502;12;12955
502;12;12955;502;12;12535
502;12;12669;502;12;13096
502;12;13096;502;12;13129
502;12;13129;502;12;12669
502;12;12670;502;12;13207
502;12;13207;502;12;12670
502;12;12952;502;12;13227
502;12;13227;502;12;12952
502;12;12567;502;12;12782
502;12;12782;502;12;12784
502;12;12784;502;12;12567
502;12;12479;502;12;12568
502;12;12568;502;12;14115
502;12;14115;502;12;12479
502;12;1247;502;12;1254
502;12;1254;502;12;1488
502;12;1488;502;12;1247
502;12;943;502;12;1350
502;12;1350;502;12;943
502;12;6861;502;12;6901
502;12;6901;502;12;6861
502;12;539;502;12;707
502;12;707;502;12;539
502;12;13744;502;12;13748
502;12;13748;502;12;13744
502;12;13740;502;12;13749
502;12;13749;502;12;13740
502;12;13034;502;12;14173
502;12;14173;502;12;13034
502;12;13741;502;12;13745
502;12;13745;502;12;13741
502;12;12682;502;12;13742
502;12;13742;502;12;12682
502;12;12766;502;12;14203
502;12;14203;502;12;12766
502;12;12570;502;12;12771
502;12;12771;502;12;12570
502;12;523;502;12;710
502;12;710;502;12;712
502;12;712;502;12;523
502;12;12536;502;12;12684
502;12;12684;502;12;12536
502;12;13036;502;12;13209
502;12;13209;502;12;13036
502;12;13655;502;12;13678
502;12;13678;502;12;13655
502;12;13644;502;12;13679
502;12;13679;502;12;13644
502;12;516;502;12;655
502;12;655;502;12;516
502;12;458;502;12;515
502;12;515;502;12;837
502;12;837;502;12;458
502;12;13524;502;12;13575
502;12;13575;502;12;13524
502;12;13505;502;12;13517
502;12;13517;502;12;13505
502;12;13494;502;12;13506
502;12;13506;502;12;13494
502;12;13065;502;12;13792
502;12;13792;502;12;13065
502;12;651;502;12;1459
502;12;1459;502;12;651
502;12;13938;502;12;13941
502;12;13941;502;12;13938
502;12;13939;502;12;14080
502;12;14080;502;12;13939
502;12;12950;502;12;13836
502;12;13836;502;12;12950
502;12;1530;502;12;1532
502;12;1532;502;12;1530
502;12;13957;502;12;14107
502;12;14107;502;12;13957
502;12;13697;502;12;14103
502;12;14103;502;12;13697
502;12;6606;502;12;6608
502;12;6608;502;12;6946
502;12;6946;502;12;6606
502;12;13998;502;12;14000
502;12;14000;502;12;13998
502;12;13518;502;12;13534
502;12;13534;502;12;13518
502;12;13495;502;12;13535
502;12;13535;502;12;13495
502;12;949;502;12;1292
502;12;1292;502;12;949
502;12;1415;502;12;1417
502;12;1417;502;12;1415
502;12;12495;502;12;12502
502;12;12502;502;12;12495
502;12;6879;502;12;6916
502;12;6916;502;12;7035
502;12;7035;502;12;6879
502;12;6880;502;12;6926
502;12;6926;502;12;6880
502;12;6882;502;12;6950
502;12;6950;502;12;6882
502;12;1267;502;12;1270
502;12;1270;502;12;1356
502;12;1356;502;12;1267
502;12;1272;502;12;1347
502;12;1347;502;12;1272
502;12;1268;502;12;1271
502;12;1271;502;12;1268
502;12;6938;502;12;7176
502;12;7176;502;12;6938
502;12;13645;502;12;13671
502;12;13671;502;12;13645
502;12;1542;502;12;1544
502;12;1544;502;12;1542
502;12;1546;502;12;1548
502;12;1548;502;12;1546
502;12;909;502;12;993
502;12;993;502;12;909
502;12;910;502;12;1496
502;12;1496;502;12;910
502;12;1004;502;12;1007
502;12;1007;502;12;1004
502;12;937;502;12;939
502;12;939;502;12;937
502;12;6943;502;12;7023
502;12;7023;502;12;7151
502;12;7151;502;12;6943
502;12;6907;502;12;7330
502;12;7330;502;12;6907
502;12;1161;502;12;1163
502;12;1163;502;12;1286
502;12;1286;502;12;1161
502;12;230;502;12;232
502;12;232;502;12;234
502;12;234;502;12;230
502;12;898;502;12;1231
502;12;1231;502;12;1309
502;12;1309;502;12;898
502;12;236;502;12;238
502;12;238;502;12;240
502;12;240;502;12;236
502;12;6893;502;12;6934
502;12;6934;502;12;6893
502;12;7203;502;12;7205
502;12;7205;502;12;7203
502;12;12778;502;12;14125
502;12;14125;502;12;12778
502;12;1538;502;12;1540
502;12;1540;502;12;1538
502;12;487;502;12;736
502;12;736;502;12;487
502;12;688;502;12;737
502;12;737;502;12;688
502;12;13206;502;12;13212
502;12;13212;502;12;13206
502;12;13208;502;12;13217
502;12;13217;502;12;13208
502;12;13130;502;12;13216
502;12;13216;502;12;13130
502;12;13095;502;12;13211
502;12;13211;502;12;14009
502;12;14009;502;12;13095
502;12;690;502;12;1243
502;12;1243;502;12;690
502;12;1158;502;12;1160
502;12;1160;502;12;1158
502;12;13416;502;12;13423
502;12;13423;502;12;13416
502;12;13424;502;12;13429
502;12;13429;502;12;13424
502;12;1116;502;12;1442
502;12;1442;502;12;1116
502;12;1117;502;12;1119
502;12;1119;502;12;1117
502;12;6734;502;12;6743
502;12;6743;502;12;7027
502;12;7027;502;12;6734
502;12;7117;502;12;7170
502;12;7170;502;12;7117
502;12;6941;502;12;7031
502;12;7031;502;12;7251
502;12;7251;502;12;6941
502;12;6066;502;12;6080
502;12;6080;502;12;6066
502;12;6074;502;12;6078
502;12;6078;502;12;6074
502;12;6726;502;12;7116
502;12;7116;502;12;6726
502;12;6922;502;12;7033
502;12;7033;502;12;6922
502;12;12054;502;12;12063
502;12;12063;502;12;12054
502;12;6581;502;12;6583
502;12;6583;502;12;6631
502;12;6631;502;12;6581
502;12;6571;502;12;6584
502;12;6584;502;12;6571
502;12;6454;502;12;6587
502;12;6587;502;12;6589
502;12;6589;502;12;6454
502;12;591;502;12;704
502;12;704;502;12;706
502;12;706;502;12;591
502;12;13066;502;12;13649
502;12;13649;502;12;13651
502;12;13651;502;12;13066
502;12;13652;502;12;13657
502;12;13657;502;12;13652
502;12;307;502;12;309
502;12;309;502;12;307
502;12;386;502;12;394
502;12;394;502;12;396
502;12;396;502;12;386
502;12;1554;502;12;1556
502;12;1556;502;12;1558
502;12;1558;502;12;1554
502;12;1534;502;12;1536
502;12;1536;502;12;1534
502;12;360;502;12;366
502;12;366;502;12;360
502;12;1522;502;12;1524
502;12;1524;502;12;1522
502;12;358;502;12;364
502;12;364;502;12;358
502;12;352;502;12;354
502;12;354;502;12;352
502;12;246;502;12;248
502;12;248;502;12;246
502;12;226;502;12;228
502;12;228;502;12;226
502;12;1526;502;12;1528
502;12;1528;502;12;1526
502;12;356;502;12;362
502;12;362;502;12;356
502;12;716;502;12;950
502;12;950;502;12;716
502;12;6083;502;12;7321
502;12;7321;502;12;6083
502;12;1111;502;12;1441
502;12;1441;502;12;1111
502;12;14179;502;12;14181
502;12;14181;502;12;14179
502;12;13433;502;12;13587
502;12;13587;502;12;13433
502;12;13435;502;12;13694
502;12;13694;502;12;13435
502;12;6894;502;12;6921
502;12;6921;502;12;6894
502;12;13586;502;12;13596
502;12;13596;502;12;13586
502;12;13598;502;12;13693
502;12;13693;502;12;13598
502;12;13999;502;12;14140
502;12;14140;502;12;13999
502;12;1143;502;12;1147
502;12;1147;502;12;1143
502;12;1148;502;12;1184
502;12;1184;502;12;1148
502;12;12718;502;12;12720
502;12;12720;502;12;13772
502;12;13772;502;12;13774
502;12;13774;502;12;12718
502;12;12957;502;12;13103
502;12;13103;502;12;12957
502;12;12711;502;12;12714
502;12;12714;502;12;12711
502;12;12571;502;12;12716
502;12;12716;502;12;12571
502;12;12717;502;12;12789
502;12;12789;502;12;12717
502;12;7248;502;12;7250
502;12;7250;502;12;7248
502;12;13588;502;12;13815
502;12;13815;502;12;13588
502;12;12781;502;12;13361
502;12;13361;502;12;12781
502;12;6611;502;12;6902
502;12;6902;502;12;6910
502;12;6910;502;12;6913
502;12;6913;502;12;6611
502;12;6605;502;12;6637
502;12;6637;502;12;6605
502;12;6925;502;12;7150
502;12;7150;502;12;6925
502;12;6903;502;12;6949
502;12;6949;502;12;7211
502;12;7211;502;12;6903
502;12;6906;502;12;6929
502;12;6929;502;12;6906
502;12;418;502;12;816
502;12;816;502;12;418
502;12;12572;502;12;12574
502;12;12574;502;12;13282
502;12;13282;502;12;12572
502;12;6434;502;12;6436
502;12;6436;502;12;6612
502;12;6612;502;12;6614
502;12;6614;502;12;6434
502;12;7177;502;12;7180
502;12;7180;502;12;7177
502;12;14008;502;12;14201
502;12;14201;502;12;14008
502;12;434;502;12;581
502;12;581;502;12;434
502;12;6920;502;12;6935
502;12;6935;502;12;6920
502;12;414;502;12;578
502;12;578;502;12;580
502;12;580;502;12;414
502;12;13705;502;12;13709
502;12;13709;502;12;13705
502;12;12474;502;12;13613
502;12;13613;502;12;12474
502;12;13983;502;12;13985
502;12;13985;502;12;13983
502;12;12919;502;12;13838
502;12;13838;502;12;12919
502;12;14054;502;12;14159
502;12;14159;502;12;14054
502;12;14055;502;12;14057
502;12;14057;502;12;14055
502;12;14047;502;12;14050
502;12;14050;502;12;14047
502;12;13476;502;12;14051
502;12;14051;502;12;14058
502;12;14058;502;12;13476
502;12;13471;502;12;13527
502;12;13527;502;12;13471
502;12;13462;502;12;13528
502;12;13528;502;12;13462
502;12;13472;502;12;14160
502;12;14160;502;12;13472
502;12;13702;502;12;13982
502;12;13982;502;12;13702
502;12;13522;502;12;13810
502;12;13810;502;12;13522
502;12;13605;502;12;13612
502;12;13612;502;12;13605
502;12;13610;502;12;13700
502;12;13700;502;12;13610
502;12;13976;502;12;13977
502;12;13977;502;12;13976
502;12;13600;502;12;13611
502;12;13611;502;12;13600
502;12;13704;502;12;14149
502;12;14149;502;12;13704
502;12;13068;502;12;13258
502;12;13258;502;12;13068
502;12;13140;502;12;13398
502;12;13398;502;12;13140
502;12;12525;502;12;12527
502;12;12527;502;12;13395
502;12;13395;502;12;13658
502;12;13658;502;12;12525
502;12;13397;502;12;13662
502;12;13662;502;12;13397
502;12;13067;502;12;13646
502;12;13646;502;12;13067
502;12;983;502;12;985
502;12;985;502;12;988
502;12;988;502;12;983
502;12;13695;502;12;13817
502;12;13817;502;12;13695
502;12;12710;502;12;12765
502;12;12765;502;12;12710
502;12;1359;502;12;1362
502;12;1362;502;12;1359
502;12;6580;502;12;6638
502;12;6638;502;12;6580
502;12;1194;502;12;1228
502;12;1228;502;12;1194
502;12;1225;502;12;1227
502;12;1227;502;12;1225
502;12;1222;502;12;1224
502;12;1224;502;12;1222
502;12;13548;502;12;13690
502;12;13690;502;12;13548
502;12;12532;502;12;12534
502;12;12534;502;12;12532
502;12;1492;502;12;1497
502;12;1497;502;12;1492
502;12;6101;502;12;6104
502;12;6104;502;12;6101
502;12;6109;502;12;6110
502;12;6110;502;12;6109
