CID;LID;NID;NAME;NCOMMENT
502;1;79244;亚洲;
502;1;79245;中国;
502;1;79416;福建省;
502;1;20321;福州市;
502;1;62762;龙岩市;
502;1;62821;南平市;
502;1;62790;宁德市;
502;1;62806;莆田市;
502;1;7229;泉州市;
502;1;62778;三明市;
502;1;77445;厦门市;
502;1;62846;漳州市;
502;1;20335;Ｇ１０４福州段;
502;1;20720;青洲路;
502;1;58380;漳里线;
502;1;20204;康庄路;
502;1;75230;沈海高速公路;
502;1;20336;Ｘ１３１;
502;1;20337;可门路;
502;1;41256;牛栏坪村;
502;1;20963;丹阳收费站;
502;1;20989;水古收费站;
502;1;80017;Ｓ２０１;
502;1;20195;福马路;
502;1;20181;六一北路;
502;1;20232;君竹路;
502;1;20197;长乐中路;
502;1;20198;连江北路;
502;1;20199;前横路;
502;1;20200;福光路;
502;1;20201;福兴大道;
502;1;20196;鼓山路;
502;1;24875;创安路;
502;1;20202;石狮路;
502;1;20203;快安路;
502;1;20215;连江中路;
502;1;20242;连江南路;
502;1;20214;国货东路;
502;1;7239;新华北路;
502;1;7237;新门街;
502;1;7241;北清东路;
502;1;7238;西街;
502;1;7240;城北路;
502;1;8570;七星街;
502;1;8572;西湖街;
502;1;7235;新华南路;
502;1;8540;金洲街;
502;1;24871;三环快速;
502;1;41283;永丰枢纽;
502;1;24830;福州绕城高速公路;
502;1;41200;二环快速;
502;1;20162;Ｇ３１６;
502;1;20206;金山大道;
502;1;20311;浦上大道;
502;1;21012;福州湾边特大桥连接线;
502;1;24828;福峡路;
502;1;20316;机场高速公路;
502;1;20250;化工路;
502;1;20177;五四路;
502;1;24873;新店直街;
502;1;10804;泉州环城高速公路;
502;1;60804;泉南高速公路;
502;1;10805;斗尾疏港高速公路;
502;1;8468;普贤路;
502;1;7244;Ｓ３０７;
502;1;77138;Ｇ３２４;
502;1;7267;江滨南路;
502;1;10808;晋江大桥;
502;1;8477;笋江路;
502;1;8731;鞋都路;
502;1;10830;兴霞路;
502;1;10809;望江路;
502;1;8711;顺济新桥;
502;1;8670;妈祖宫;
502;1;8636;西山村;
502;1;19561;延陵村;
502;1;20179;东大路;
502;1;20327;秀峰路;
502;1;20247;湖东路;
502;1;20248;华林路;
502;1;20253;北环中路;
502;1;20266;琴湖路;
502;1;20344;Ｇ３１６福州段;
502;1;20345;Ｓ２０２;
502;1;20164;杨桥西路;
502;1;20346;Ｘ１２３;
502;1;25047;进城路（溪口大街）;
502;1;20348;Ｘ１１４;
502;1;20349;Ｘ１１３;
502;1;24967;闽侯大桥;
502;1;58387;福银高速公路;
502;1;25057;丹垄（国宾大道）;
502;1;25055;乌龙江北大道（国宾大道）;
502;1;24898;西三环路;
502;1;20157;闽江大道;
502;1;20213;六一中路;
502;1;20212;国货西路;
502;1;20189;八一七中路;
502;1;20194;五一中路;
502;1;20156;江滨西大道;
502;1;41257;八一七南路;
502;1;20185;乌山西路;
502;1;20221;金山大桥;
502;1;20262;西环南路;
502;1;20222;白马南路;
502;1;20773;支前路;
502;1;20289;台江路;
502;1;20290;排尾路;
502;1;20220;五一南路;
502;1;20268;达道路;
502;1;20169;工业路;
502;1;77452;安仁大道;
502;1;77464;灌口大道;
502;1;77465;杏前路;
502;1;78489;灌口中路;
502;1;78490;集美北大道;
502;1;77577;长岸路;
502;1;78501;和旭路;
502;1;84574;杏林大桥（杏锦路）;
502;1;84575;杏林大桥（成功大道）;
502;1;78596;殿前一路;
502;1;77564;兴湖路;
502;1;77572;东渡路;
502;1;77525;湖滨北路;
502;1;84576;海沧大桥;
502;1;77561;湖滨西路;
502;1;77535;厦禾路;
502;1;77539;禾祥西路;
502;1;77540;湖滨南路;
502;1;78878;银亭北路;
502;1;77446;银江路;
502;1;77468;西滨路;
502;1;77469;董任路;
502;1;78494;杏林北路;
502;1;78860;集美轻工业学校;
502;1;78495;杏锦路;
502;1;20353;Ｇ３２４福州段;
502;1;20993;迎宾路（涵华东路）;
502;1;24879;三江路;
502;1;24885;高林街（石庭东路）;
502;1;24886;新江公路;
502;1;20722;Ｘ１７３;
502;1;20356;清昌大道;
502;1;20994;金井;
502;1;20358;古山尾;
502;1;20995;青口镇;
502;1;25736;Ｓ２０３;
502;1;20723;新建村;
502;1;79112;东孚大道;
502;1;78491;环美北路;
502;1;77456;Ｘ４２８;
502;1;77457;Ｙ３０２;
502;1;8732;凤池路;
502;1;7257;坪山路;
502;1;7269;Ｓ３０８;
502;1;8456;吉泰路;
502;1;7284;德泰路;
502;1;8457;美泰路;
502;1;8455;泉安路;
502;1;19529;刺桐大桥（江滨南路）;
502;1;19530;刺桐大桥（刺桐南路）;
502;1;20750;潘墩路;
502;1;24880;南三环路;
502;1;78492;洪西线;
502;1;78493;后溪大道;
502;1;78481;Ｘ４１６;
502;1;77459;孙坂北路;
502;1;77515;环城南路;
502;1;78488;环城西路;
502;1;77462;环城东路;
502;1;77461;同集北路;
502;1;8458;江滨北路;
502;1;8706;丰海路;
502;1;8546;西贤路;
502;1;7311;义全街;
502;1;8560;聚宝街;
502;1;7286;田安南路;
502;1;20153;则徐大道;
502;1;20241;三高路;
502;1;20739;大坪路;
502;1;8416;东湖街;
502;1;8414;宝洲街;
502;1;7272;泉秀街;
502;1;7254;津淮街;
502;1;7259;丰泽街;
502;1;79118;巷北路;
502;1;79116;巷西路;
502;1;79187;美尚路;
502;1;78915;新霞南路;
502;1;79115;新民大道;
502;1;79114;白云大道;
502;1;78485;同盛路;
502;1;8417;迎宾大道;
502;1;8517;泉州大桥;
502;1;8590;池峰路;
502;1;7270;兴贤路;
502;1;20155;二环快速路;
502;1;8415;Ｇ３２４泉州段;
502;1;79119;巷东路;
502;1;7386;Ｘ２４３;
502;1;75675;锦田路;
502;1;10810;延平大道;
502;1;8725;奎峰路;
502;1;19532;北环路;
502;1;7372;塔峰加油站;
502;1;10812;南安市官桥镇;
502;1;7373;Ｘ３２９;
502;1;10813;陶城路;
502;1;8490;岭畔村工区一路;
502;1;7306;崇宏街;
502;1;8513;通源街（城华南路）;
502;1;8696;城东街（城华北路）;
502;1;10871;沈海高速公路（城华北路）;
502;1;7303;安吉路;
502;1;8445;城西大道;
502;1;7376;Ｘ３０６;
502;1;7377;Ｘ３０７;
502;1;8446;惠黄公路（惠泉南路）;
502;1;8447;惠兴街（惠泉北路）;
502;1;8728;Ｘ３１０;
502;1;8705;驿坂收费站;
502;1;10822;Ｘ３１３;
502;1;8412;通港路;
502;1;10823;滨海北路;
502;1;77454;Ｇ３２４厦门段;
502;1;79200;中闽大道;
502;1;79120;八一路;
502;1;78484;凤南大街;
502;1;78486;Ｙ６６６;
502;1;78530;民安大道;
502;1;20780;福湾路;
502;1;20874;南屿出口;
502;1;24996;福州连接线;
502;1;24826;林浦路;
502;1;24976;马宅顶;
502;1;20870;长乐出口;
502;1;24874;渔平高速公路;
502;1;25031;娘宫村;
502;1;25025;江阴支线;
502;1;25026;Ｘ１７２;
502;1;25027;Ｘ１７８;
502;1;25028;三山服务区;
502;1;25029;高山收费站;
502;1;25030;Ｓ３０５;
502;1;10807;Ｘ３０９;
502;1;10806;惠崇公路;
502;1;77471;马青路;
502;1;19533;刺桐大桥;
502;1;19534;滨海街;
502;1;19535;泉州港务集团码头;
502;1;7312;东海大街;
502;1;77478;角嵩路;
502;1;77470;杏滨路;
502;1;77482;海新路;
502;1;77483;南海路;
502;1;77484;兴港路;
502;1;78504;钟林路;
502;1;77485;霞飞路;
502;1;77476;海沧大道;
502;1;79202;英厝;
502;1;77491;翁角路;
502;1;20832;温泉路;
502;1;20830;永安街;
502;1;8485;南环路;
502;1;8475;江南大街;
502;1;7294;常泰路;
502;1;10824;井美街;
502;1;8487;火炬街;
502;1;8488;乐园路;
502;1;8489;常兴路;
502;1;20280;北大路;
502;1;20303;达明路;
502;1;77516;城南路;
502;1;77514;银湖中路;
502;1;78534;后埭溪路;
502;1;77548;文屏路;
502;1;76892;湖光路;
502;1;77545;禾祥东路;
502;1;77524;嘉禾路;
502;1;77560;莲前西路;
502;1;77497;莲岳路;
502;1;78516;莲花北路;
502;1;78517;嘉莲路;
502;1;77511;吕岭路;
502;1;77526;松柏路;
502;1;77472;仙岳路;
502;1;77551;南山路;
502;1;78518;兴隆路;
502;1;77565;火炬路;
502;1;78519;悦华路;
502;1;78520;马垄路;
502;1;78521;火炬北路;
502;1;77523;枋钟路;
502;1;79139;高崎北三路;
502;1;77547;龙虎山路;
502;1;77508;环岛南路;
502;1;78503;曾山隧道;
502;1;78510;西福路;
502;1;78512;梧侣路;
502;1;77493;同集南路;
502;1;77519;印斗路;
502;1;78508;天马路;
502;1;78505;乐海路;
502;1;78506;海凤路;
502;1;78507;侨英路;
502;1;79128;同集中路;
502;1;78513;洪塘头村;
502;1;78509;海翔大道;
502;1;79149;西堤路;
502;1;77559;鹭江道;
502;1;78514;故宫路;
502;1;77562;斗西路;
502;1;77537;白鹭洲路;
502;1;77563;后滨路;
502;1;77542;文园路;
502;1;77606;金榜路;
502;1;77550;湖滨东路;
502;1;77605;凤屿路;
502;1;78515;东坪山路;
502;1;77518;集源路;
502;1;8410;迎宾路;
502;1;10857;梅岭路;
502;1;8579;和平中路;
502;1;8479;世纪大道;
502;1;8578;泉安中路;
502;1;20180;五一北路;
502;1;8474;朋虹街;
502;1;8466;Ｘ３０４;
502;1;8473;阳光南路;
502;1;19555;南北大道;
502;1;7242;泉山路;
502;1;10866;东西大道;
502;1;10875;泉州火车站;
502;1;8465;泰发路;
502;1;19538;石砻医疗室;
502;1;7375;Ｘ３３６;
502;1;19536;万虹路;
502;1;8480;官前村;
502;1;10852;福兴路;
502;1;10850;石泉路;
502;1;10853;和平南路;
502;1;8596;泉安南路;
502;1;10825;社马路;
502;1;10870;狮城大道;
502;1;20184;北环东路;
502;1;20183;三八路;
502;1;24869;福银高速公路福州南连接线;
502;1;24968;Ｘ１１５;
502;1;41276;闽侯大桥西;
502;1;20962;入城路;
502;1;41275;闽侯大桥东;
502;1;20165;洪甘公路;
502;1;20166;梅亭路;
502;1;20761;中房;
502;1;21011;建平路;
502;1;25018;橘园洲特大桥;
502;1;24887;乌龙江中大道;
502;1;24888;乌龙江北大道;
502;1;21020;国宾大道;
502;1;79230;龙山路;
502;1;79220;龙山西路;
502;1;78582;龙山中路;
502;1;20338;Ｘ１９５;
502;1;20330;福飞北路;
502;1;24997;Ｘ１９７;
502;1;24831;三环快速路北侧;
502;1;24998;三环快速路北侧Ｘ１９７上匝道;
502;1;10843;浮桥街;
502;1;8493;繁荣路;
502;1;8525;后头街;
502;1;7378;惠黄公路;
502;1;76826;长兴路;
502;1;79173;长乐路;
502;1;79174;长歌路;
502;1;84622;西环路;
502;1;8594;和平北路;
502;1;8515;泉安北路;
502;1;77495;阳光路;
502;1;7297;双龙路;
502;1;10863;锦美学校;
502;1;8451;城东街;
502;1;8450;城华北路;
502;1;8530;安吉南路;
502;1;8587;鹤山路;
502;1;10826;东辅路;
502;1;77520;翔云一路;
502;1;77522;枋湖北二路;
502;1;78466;成功大道;
502;1;77499;金尚路;
502;1;78476;埭辽路;
502;1;78887;高崎南十二路;
502;1;77583;云顶北路;
502;1;78478;环岛干道;
502;1;78479;宿务路;
502;1;78956;佐世保路;
502;1;77496;环岛东路;
502;1;79222;五缘大桥;
502;1;78469;五缘湾道;
502;1;79204;马卢奇路;
502;1;78471;半屏山路;
502;1;79134;蔡岭路;
502;1;77595;会展北路;
502;1;77596;会展南路;
502;1;78473;会展南五路;
502;1;77607;大学路;
502;1;77507;云顶南路;
502;1;74424;塔头路;
502;1;79124;滨海西大道;
502;1;78645;刘山;
502;1;79129;西洲路;
502;1;77448;孙坂南路;
502;1;84581;珩圣路;
502;1;78500;集美大道;
502;1;77284;泉厦高速公路;
502;1;78499;杏林湾路;
502;1;84596;集美大桥（滨海西大道）;
502;1;78564;黄厝路;
502;1;77442;翔安大道;
502;1;78565;槟城道;
502;1;84597;集美大桥（枋钟路）;
502;1;78544;Ｘ４１４;
502;1;77477;建港路;
502;1;78560;嵩屿中路;
502;1;78573;滨湖路;
502;1;77479;滨湖东路;
502;1;79121;沧林东路;
502;1;78890;排头路;
502;1;78557;新源路;
502;1;77505;杏林西路;
502;1;78558;光明路;
502;1;78559;马銮路;
502;1;77503;杏林东路;
502;1;77506;杏林南路;
502;1;78498;月美路;
502;1;77504;高浦路;
502;1;78536;金龙路;
502;1;79180;天水路;
502;1;79179;学院路;
502;1;78567;航天路;
502;1;78568;打铁行路;
502;1;79216;下店;
502;1;79150;翔安北路;
502;1;79132;翔安东路;
502;1;77614;杏林北二路;
502;1;79210;大埔;
502;1;78644;后寮;
502;1;79183;舫山南路;
502;1;79215;厦门工商旅游学校;
502;1;78650;天凤路;
502;1;78651;东林路;
502;1;77489;Ｘ４２６;
502;1;79122;新顺路;
502;1;77490;西园路;
502;1;77492;新景路;
502;1;78549;新美路;
502;1;78550;新光路;
502;1;79154;Ｘ４２８至西滨路;
502;1;84611;杏林东路（杏滨路）;
502;1;84414;Ｇ３１９;
502;1;77500;南海三路;
502;1;77501;滨湖北路;
502;1;77610;厦门市嵩屿码头;
502;1;78555;长园路;
502;1;78556;海景路;
502;1;79181;Ｘ４４５;
502;1;79144;滨海东大道;
502;1;79145;万家春路;
502;1;79182;翔安西路;
502;1;79184;舫山西路;
502;1;20825;西洪路;
502;1;20208;上浦路;
502;1;20998;西环中路;
502;1;20187;白马中路;
502;1;8581;金庄街;
502;1;19541;万贤街;
502;1;7304;万荣街;
502;1;8582;同兴街;
502;1;8442;通源街;
502;1;79142;安岭路;
502;1;20228;鳌峰路;
502;1;24999;二环快速路鳌峰路入口匝道;
502;1;24847;鳌港路;
502;1;20218;福光南路;
502;1;20227;鳌峰支路;
502;1;20224;江滨中大道;
502;1;24892;鳌兴路;
502;1;24938;东三环路;
502;1;78652;鳌园路;
502;1;78696;龙船路;
502;1;78566;浔江路;
502;1;78695;石鼓路;
502;1;78708;嘉庚路;
502;1;78697;尚南路;
502;1;20281;澳门路;
502;1;20284;道山路;
502;1;21016;吉庇巷;
502;1;20174;八一七北路;
502;1;20191;古田路;
502;1;20269;鼓东路;
502;1;20270;津泰路;
502;1;25672;东街;
502;1;41204;解放大桥（仓前路）;
502;1;41210;解放大桥（江滨西大道）;
502;1;20263;群众路;
502;1;79163;白城隧道;
502;1;78880;演武大桥;
502;1;79161;白城隧道西入口;
502;1;78578;白鹭洲东路;
502;1;77544;湖滨中路;
502;1;77541;筼筜路;
502;1;20171;白马北路;
502;1;20188;乌山路;
502;1;20274;鼓西路;
502;1;20275;光禄坊;
502;1;20170;杨桥中路;
502;1;41206;三县洲大桥（上渡路）;
502;1;41207;三县洲大桥（下杭路）;
502;1;41262;河下路;
502;1;20793;宁化支路;
502;1;8521;百源路;
502;1;7253;涂门街;
502;1;7264;九一街;
502;1;84582;五石路;
502;1;8419;温陵南路;
502;1;7258;云鹿路;
502;1;8699;淮福路;
502;1;10828;宝江路;
502;1;8495;浦西路;
502;1;7256;刺桐南路;
502;1;20808;北光明港路;
502;1;20216;远洋路;
502;1;24992;光明港公园;
502;1;20809;晋安南路;
502;1;20226;长乐南路;
502;1;8526;北淮路;
502;1;19544;丰田街;
502;1;8527;东涂街;
502;1;20256;北环西路;
502;1;20257;铜盘路;
502;1;20254;福飞南路;
502;1;20852;天泉路;
502;1;8528;北门街;
502;1;8529;爱国路;
502;1;7247;温陵北路;
502;1;8496;丰盈路;
502;1;8545;丰惠路;
502;1;8531;崇福路;
502;1;24896;北三环路;
502;1;78586;海裕路;
502;1;79123;海林三路;
502;1;77502;海林路;
502;1;78585;海富路;
502;1;84609;海裕路（湖滨北路）;
502;1;79125;海虹路;
502;1;78677;泗水道;
502;1;78678;木浦路;
502;1;78589;槟榔路;
502;1;78535;湖明路;
502;1;10856;博览大道;
502;1;78896;横三路;
502;1;20267;仓前路;
502;1;20237;上渡路;
502;1;20875;解放大桥;
502;1;78637;沧虹路;
502;1;78918;厦门海沧育才小学;
502;1;78639;沧林路;
502;1;78640;沧林三路;
502;1;20862;茶园路;
502;1;20997;电建路;
502;1;78598;长岸路辅路;
502;1;78599;南山西路;
502;1;78600;海天路;
502;1;77578;湖里大道;
502;1;20864;长福路;
502;1;20865;晋连路;
502;1;77592;长浩路;
502;1;78597;长虹路;
502;1;20285;长乐北路;
502;1;20246;福新中路;
502;1;20297;瀛东路;
502;1;77604;长青路;
502;1;78632;屿后南里;
502;1;62779;长深高速公路龙岩段;
502;1;84616;Ｙ１０２;
502;1;62910;小陶收费站;
502;1;62774;Ｇ２０５;
502;1;84617;新村;
502;1;62777;Ｓ３０９;
502;1;62765;上杭收费站;
502;1;62906;七峰山服务区;
502;1;62907;才溪收费站;
502;1;62768;厦蓉高速公路;
502;1;62908;新泉服务区;
502;1;62909;冠豸山服务区;
502;1;62773;Ｓ２０４（旧）;
502;1;84618;上堡村;
502;1;62822;长深高速公路南平段;
502;1;62828;建瓯收费站;
502;1;62823;南平北收费站;
502;1;62824;新村服务区;
502;1;62825;大横收费站;
502;1;62826;南雅收费站;
502;1;62827;小桥服务区;
502;1;62780;长深高速公路三明段;
502;1;62911;八一服务区;
502;1;62912;洪田收费站;
502;1;62783;永安北收费站;
502;1;62913;贡川服务区;
502;1;62785;莘口收费站;
502;1;62786;长深高速三明连接线;
502;1;62787;三明北收费站;
502;1;62788;下水尾;
502;1;62789;沙县收费站;
502;1;20788;长寿路;
502;1;20313;河下街;
502;1;79233;常明路;
502;1;8637;金浦村;
502;1;8486;锦美路;
502;1;24949;朝阳路;
502;1;20243;六一南路;
502;1;25043;展进巷;
502;1;78832;成功大道枋钟路出口匝道;
502;1;77530;思明南路;
502;1;78468;钟鼓山隧道;
502;1;77521;金湖路;
502;1;78744;成功大道北侧;
502;1;78924;成功大道南侧（临演武大桥）;
502;1;78920;成功大道由北侧至南侧临演武大桥附近掉头匝道;
502;1;78872;成功大道北侧思明南路下匝道;
502;1;78768;成功大道北侧文屏路出口匝道;
502;1;78762;文屏路东侧;
502;1;78769;成功大道北侧文屏路东侧出口匝道;
502;1;79223;成功大道北侧文屏路东侧入口匝道;
502;1;78921;成功大道北侧演武大桥出口匝道;
502;1;78923;演武大桥东侧;
502;1;78922;成功大道北侧演武大桥东侧出口匝道;
502;1;78926;演武大桥西侧;
502;1;78925;成功大道北侧演武大桥西侧出口匝道;
502;1;78754;成功大道北侧钟鼓山隧道出口匝道;
502;1;78770;成功大道东侧;
502;1;78814;成功大道东侧枋湖北二路出口匝道;
502;1;78815;成功大道东侧火炬路出口匝道;
502;1;78802;成功大道东侧金湖路下匝道;
502;1;78805;成功大道东侧莲前西路出口匝道;
502;1;79221;成功大道东侧龙山西路出口匝道;
502;1;78776;成功大道东侧吕岭路下匝道;
502;1;78784;成功大道东侧仙岳路出口匝道;
502;1;78789;仙岳路北侧;
502;1;78790;成功大道东侧仙岳路北侧出口匝道;
502;1;78786;仙岳路南侧;
502;1;78787;成功大道东侧仙岳路南侧出口匝道;
502;1;78739;成功大道南侧;
502;1;78782;成功大道南侧思明南路下匝道;
502;1;78767;成功大道南侧文屏路出口匝道;
502;1;78772;成功大道西侧;
502;1;78816;成功大道西侧火炬路出口匝道;
502;1;78813;成功大道西侧莲前西路出口匝道;
502;1;78778;成功大道西侧吕岭路下匝道;
502;1;78791;成功大道西侧仙岳路出口匝道;
502;1;78792;成功大道西侧仙岳路北侧出口匝道;
502;1;78788;成功大道西侧仙岳路南侧出口匝道;
502;1;8571;星湖路;
502;1;10835;学府街;
502;1;10836;龙山一路;
502;1;7249;城西路;
502;1;10829;大华路;
502;1;10854;崇德路;
502;1;10855;新华街;
502;1;8532;崇顺街;
502;1;8533;玉师路;
502;1;8535;智泰路;
502;1;78692;创新路;
502;1;77498;禾山路;
502;1;78834;创新三路;
502;1;84600;龙侨大楼;
502;1;7260;刺桐北路;
502;1;7261;东岳前街;
502;1;8462;田淮街;
502;1;10838;远桐街;
502;1;7276;湖心街;
502;1;8562;圣茂街;
502;1;8566;霞淮街;
502;1;8556;妙云街;
502;1;20298;达江路;
502;1;20173;杨桥东路;
502;1;7309;打锡街;
502;1;7252;中山中路;
502;1;7351;南俊路;
502;1;78547;大同路;
502;1;77591;思明东路;
502;1;77590;思明北路;
502;1;77528;民族路;
502;1;78592;沙坡尾;
502;1;77585;演武路;
502;1;79164;芙蓉路;
502;1;78604;大中路;
502;1;78726;升平路;
502;1;78602;中山路步行街;
502;1;77587;思明西路;
502;1;78668;翔云路;
502;1;78669;高崎南五路;
502;1;20175;通湖路;
502;1;20821;道山西路;
502;1;20819;得贵路;
502;1;20818;东水路;
502;1;7307;崇祥街;
502;1;7331;灯荣路;
502;1;19543;灯洲社区居民委员会;
502;1;7236;堤后路;
502;1;78884;横二路;
502;1;79155;东孚南路;
502;1;78913;后祥南路;
502;1;78717;后祥路;
502;1;10842;青莲街;
502;1;10840;泉州师范学院;
502;1;19521;东海隧道;
502;1;7245;少林路;
502;1;8440;灵山路;
502;1;20178;仙塔街;
502;1;7310;中山北路;
502;1;78722;站南路;
502;1;77797;东浦路;
502;1;24893;东浦支路;
502;1;41273;福州站;
502;1;20999;福新路;
502;1;20828;东泰路;
502;1;8542;津坂路;
502;1;7255;田安北路;
502;1;84613;东华大厦;
502;1;19546;石盘;
502;1;19547;董埭路;
502;1;8544;成洲路;
502;1;78657;九天湖路;
502;1;78656;中宛路;
502;1;20798;斗池路;
502;1;78612;公园西路;
502;1;78886;厦门市电业局;
502;1;79206;厦禾路南侧;
502;1;79207;厦禾路北侧;
502;1;20190;加洋路;
502;1;20802;儿童公园路;
502;1;20193;广达路;
502;1;24848;二环快速路鳌港路出口匝道;
502;1;24861;二环快速路辅路;
502;1;24863;二环快速路二环快速路辅路下匝道;
502;1;24924;后坂路;
502;1;25001;二环快速路后坂路下匝道;
502;1;25004;林浦路南侧;
502;1;25008;二环快速路林浦路南侧出口匝道;
502;1;41213;二环快速路三环快速入口匝道;
502;1;20291;鹭岭路;
502;1;21000;齐安村;
502;1;20323;盖山路;
502;1;20932;二环快速路北侧;
502;1;21036;盖山路西侧;
502;1;21035;二环快速路北侧盖山路西侧下匝道;
502;1;20972;二环快速路北侧浦上大道出口匝道;
502;1;20944;润华山庄出口;
502;1;25024;二环快速路北侧润华山庄出口匝道;
502;1;20952;二环快速路东侧;
502;1;24855;二环快速路东侧林浦路出口匝道;
502;1;20977;二环快速路东侧闽江大道下匝道;
502;1;41222;二环快速路东侧三环快速入口匝道;
502;1;24862;二环快速路二环快速路辅路上匝道;
502;1;20935;二环快速路南侧;
502;1;20950;福州市齐安小学出口;
502;1;25020;二环快速路南侧福州市齐安小学下匝道;
502;1;25022;润华山庄;
502;1;25021;二环快速路南侧润华山庄上匝道;
502;1;21038;首山路东侧;
502;1;21037;二环快速路南侧首山路东侧下匝道;
502;1;20955;二环快速路西侧;
502;1;20974;二环快速路西侧福湾路下匝道;
502;1;24856;二环快速路西侧林浦路出口匝道;
502;1;20965;二环快速路西侧闽江大道出口匝道;
502;1;20966;闽江大道中;
502;1;20968;二环快速路西侧闽江大道中出口匝道;
502;1;25049;二环快速路西侧浦上大道出口匝道;
502;1;20738;法海路;
502;1;25035;花园路;
502;1;25041;鳌峰坊;
502;1;8494;仙景村;
502;1;78825;成功大道东侧枋湖北二路入口匝道;
502;1;78526;金山路;
502;1;77557;枋湖东路;
502;1;78571;惠灵顿路;
502;1;78631;禾东路;
502;1;78541;金山西路;
502;1;78542;枋湖路;
502;1;77558;枋湖西路;
502;1;78721;枋湖西二路;
502;1;78835;成功大道南侧枋钟路入口匝道;
502;1;8602;长春路;
502;1;7345;泉州临海小学;
502;1;19522;陈古山;
502;1;19524;丰海路至东辅路;
502;1;8548;丰惠西路;
502;1;10880;和昌花苑;
502;1;8549;丰云路;
502;1;8550;祥远路;
502;1;8703;明湖路;
502;1;8573;圣湖路;
502;1;24899;凤冈路;
502;1;20776;卢滨路;
502;1;20211;金榕南路;
502;1;84598;康桥双语幼儿园;
502;1;20764;Ｘ１９３;
502;1;20265;南平东路;
502;1;20331;战坂路;
502;1;21004;新园路;
502;1;74886;万寿路;
502;1;20251;福新东路;
502;1;20287;前屿东路;
502;1;25034;福三路;
502;1;25033;福屿后路;
502;1;20975;二环快速路东侧福湾路上匝道;
502;1;24912;三环快速东侧;
502;1;25015;三环快速东侧福湾路上匝道;
502;1;20724;三环快速路;
502;1;24860;三环快速路福湾路上匝道;
502;1;20933;南二环路;
502;1;20778;盘屿路;
502;1;41248;三环快速福峡路入口匝道;
502;1;20765;埠兴路;
502;1;20856;福新支路;
502;1;21013;福银高速公路福州段;
502;1;58412;官洋服务区;
502;1;20376;Ｘ１２６;
502;1;20377;白樟停车区;
502;1;20378;竹岐服务区;
502;1;20380;上街停车区;
502;1;62814;福银高速公路三明段;
502;1;62763;长深高速公路;
502;1;62815;洋中收费站;
502;1;62816;洋中停车区;
502;1;62817;尤溪收费站;
502;1;62818;塔前服务区;
502;1;62914;湖头;
502;1;62819;青州收费站;
502;1;62820;沙县停车区;
502;1;20820;洪山园路;
502;1;84621;福诏高速公路;
502;1;24775;福州绕城高速;
502;1;41211;桂湖服务区;
502;1;24823;Ｘ１３３;
502;1;41225;福州绕城高速公路三环快速入口匝道;
502;1;25050;福州市齐安小学;
502;1;25051;二环快速路北侧福州市齐安小学上匝道;
502;1;21039;二环快速路南侧盖山路西侧上匝道;
502;1;20233;港口路;
502;1;20727;联安路;
502;1;20230;罗星西路;
502;1;78710;銮浦路;
502;1;78711;南浦路;
502;1;78676;环机场北路;
502;1;78888;高崎北二路;
502;1;77594;高崎南八路;
502;1;20801;高桥路;
502;1;77533;公园东路;
502;1;77534;虎园路;
502;1;78587;中兴路;
502;1;77532;公园南路;
502;1;77529;新华路;
502;1;78636;溪岸路;
502;1;20814;古乐路;
502;1;20813;海潮路;
502;1;20299;新权南路;
502;1;20278;井大路;
502;1;20271;鼓屏路;
502;1;24991;观风亭街;
502;1;20848;冶山路;
502;1;20846;三港路;
502;1;20787;观海路;
502;1;20785;观井路;
502;1;20786;梅坞路;
502;1;24977;琯后街;
502;1;20803;状元街;
502;1;20245;群众东路;
502;1;78666;新亭;
502;1;78667;黄庄路;
502;1;78727;光华路;
502;1;10858;桂华路;
502;1;20815;海潮东路;
502;1;79127;浔江北路;
502;1;78579;华泰路;
502;1;78683;华昌路;
502;1;8523;濠沟墘;
502;1;8551;庄府巷;
502;1;77509;云顶中路;
502;1;78524;金泰路;
502;1;84606;园山加油站;
502;1;84601;龙侨大厦;
502;1;78603;禾祥西二路;
502;1;20797;荷塘路;
502;1;20796;交通路;
502;1;20799;西洋路;
502;1;79175;寨上西路;
502;1;24926;横江路;
502;1;24945;罗马佳洲幼儿园;
502;1;24943;横江支路;
502;1;24944;通江路;
502;1;41284;洪甘公路至三环快速;
502;1;78629;洪莲路;
502;1;77510;莲前东路;
502;1;84585;坂何公路;
502;1;84602;洪文村文兴卫生所;
502;1;78561;洪莲中路;
502;1;77569;前埔西路;
502;1;20326;洪湾北路;
502;1;20209;洪湾路;
502;1;20310;福州市透浦小学;
502;1;20735;洪湾中路;
502;1;20767;金祥路;
502;1;77600;洪文路;
502;1;78531;鸿宾路;
502;1;78685;悦鸿路;
502;1;84586;华悦学校;
502;1;21024;南江滨西大道;
502;1;8552;美兴路;
502;1;79156;新阳路;
502;1;78859;同益路;
502;1;78575;建业路;
502;1;78576;建兴路;
502;1;77602;育秀东路;
502;1;77546;体育路;
502;1;84587;仙岳山隧道;
502;1;20276;湖滨路;
502;1;20277;卧湖路;
502;1;77579;华盛路;
502;1;77580;华荣路;
502;1;78580;华光路;
502;1;79232;湖明南路;
502;1;20769;花溪中路;
502;1;20768;金桔路;
502;1;20774;桔园四路;
502;1;20775;桔园二路;
502;1;24895;圣庙路;
502;1;79172;凤湖街;
502;1;78687;嘉园路;
502;1;84607;鑫南港大楼;
502;1;20851;华屏路;
502;1;78688;宜宾路;
502;1;78689;昌鸿路;
502;1;84594;厦门市邮政分局湖里分局;
502;1;78690;利悦路;
502;1;84595;厦门市湖里区城管行政执法大队;
502;1;24846;三环快速路化工路入口匝道;
502;1;20886;三环快速路东侧;
502;1;24845;三环快速路东侧化工路入口匝道;
502;1;20826;化民营路;
502;1;8537;淮福街;
502;1;8553;乌洲路;
502;1;19542;灯星阳光双语幼儿园;
502;1;8554;淮秀路;
502;1;19548;泉州市行政服务中心;
502;1;84568;环岛干道辅道;
502;1;84571;集美大桥南;
502;1;84569;岭下路;
502;1;78865;环岛干道辅路;
502;1;84605;江山帝景;
502;1;78897;观日路;
502;1;77567;会展路;
502;1;84608;高崎北五路;
502;1;78661;环珠路;
502;1;79178;英瑶路;
502;1;78663;天安路;
502;1;77570;前埔南路;
502;1;78616;黄厝隧道;
502;1;78615;金山寨隧道;
502;1;78713;集美职业技术学校;
502;1;78554;会展二路;
502;1;78619;会展南三路;
502;1;84604;海豚湾;
502;1;77582;新丰路;
502;1;78840;小学路;
502;1;78822;火炬路北侧;
502;1;78823;成功大道火炬路北侧入口匝道;
502;1;78818;火炬路南侧;
502;1;78821;成功大道火炬路南侧入口匝道;
502;1;78653;塘埔路;
502;1;78664;盛光路;
502;1;8520;嘉华路;
502;1;79140;凌香里;
502;1;20817;建华支巷;
502;1;21017;建新北路;
502;1;20238;金塘路;
502;1;20315;金榕北路;
502;1;20777;建新南路;
502;1;20210;建新中路;
502;1;8671;江滨北路至灯荣路;
502;1;20759;江滨东大道;
502;1;25036;水上派出所;
502;1;19540;江滨南路至繁荣路;
502;1;20853;江厝路;
502;1;20854;福州三牧中学;
502;1;10834;江汉路;
502;1;10849;鹏青路;
502;1;19526;晋江大桥（东海大街）;
502;1;8646;大东;
502;1;19525;晋江大桥（江滨南路）;
502;1;78581;江头西路;
502;1;25032;南港大道;
502;1;20795;交通西路;
502;1;78723;金榜南路;
502;1;84599;厦门中山医院金榜分部;
502;1;78540;金昌路;
502;1;78801;成功大道西侧金湖路上匝道;
502;1;20855;金鸡山路;
502;1;20838;晋安北路;
502;1;20836;金泉路;
502;1;20834;温泉支路;
502;1;24900;三环快速金山大道入口匝道;
502;1;24901;三环快速东侧金山大道入口匝道;
502;1;24902;三环快速西侧;
502;1;24903;三环快速西侧金山大道入口匝道;
502;1;41209;金山大桥（上浦路）;
502;1;41205;金山大桥（闽江大道）;
502;1;25016;金山大道北侧;
502;1;25017;金山大道北侧三环快速入口匝道;
502;1;20898;金山大道南侧;
502;1;24922;三环快速东侧金山大道南侧入口匝道;
502;1;79211;虎仔山路;
502;1;78543;翔云三路;
502;1;78537;龙山南路;
502;1;78538;谊爱路;
502;1;78539;金盛路;
502;1;24942;金洲北路;
502;1;20927;金祥路入口;
502;1;20894;三环快速路西侧;
502;1;20928;三环快速路西侧金祥路入口上匝道;
502;1;8575;土地路;
502;1;20784;金洲南路;
502;1;8558;迎津街;
502;1;8564;南淮路;
502;1;21018;津门路;
502;1;78611;锦园东路;
502;1;78655;锦园南路;
502;1;79141;锦园西二路;
502;1;10877;近圣路;
502;1;8559;龙宫巷;
502;1;20837;晋安支路;
502;1;20844;温泉公园路;
502;1;20859;晋安中路;
502;1;62829;京台高速公路南平段;
502;1;62842;廿八都收费站;
502;1;62830;徐墩收费站;
502;1;62831;丰乐服务区;
502;1;62833;建阳南收费站;
502;1;62832;建阳收费站;
502;1;62795;宁上高速公路;
502;1;62834;南台服务区;
502;1;62835;五夫收费站;
502;1;62836;石陂收费站;
502;1;62837;大湖岭服务区;
502;1;62838;临江收费站;
502;1;84614;浦建高速公路;
502;1;62839;浦城收费站;
502;1;62840;仙阳收费站;
502;1;62841;忠信服务区;
502;1;78658;九天湖西二路;
502;1;8561;兰台路;
502;1;20804;老药洲街;
502;1;78659;理工路;
502;1;24958;连洋路;
502;1;20217;前横南路;
502;1;79166;莲花南路;
502;1;78618;和光路;
502;1;79135;莲景二路;
502;1;79212;莲兴路;
502;1;77571;前埔东路;
502;1;78546;前村埔路;
502;1;78812;成功大道东侧莲前西路入口匝道;
502;1;78806;成功大道西侧莲前西路入口匝道;
502;1;77568;西林东路;
502;1;20885;梁厝路;
502;1;20279;梅峰路;
502;1;41271;燎原路;
502;1;24864;二环快速路林浦路上匝道;
502;1;24853;二环快速路东侧林浦路入口匝道;
502;1;24854;二环快速路西侧林浦路入口匝道;
502;1;25002;林浦路北侧;
502;1;25006;二环快速路林浦路北侧入口匝道;
502;1;25007;二环快速路林浦路南侧入口匝道;
502;1;78843;莲花公园;
502;1;20244;上藤路;
502;1;79165;寿山路;
502;1;77527;镇海路;
502;1;78779;成功大道东侧吕岭路上匝道;
502;1;78777;成功大道西侧吕岭路上匝道;
502;1;77555;台湾街;
502;1;78583;前埔路;
502;1;20325;罗星东路;
502;1;20236;建设路;
502;1;20234;福州港客运站;
502;1;20324;罗星中路;
502;1;84612;五缘湾营运中心;
502;1;25042;梅峰支路;
502;1;21019;西环北路;
502;1;79131;美溪道;
502;1;79130;通福路;
502;1;41234;妙峰路;
502;1;41235;三环快速妙峰路入口匝道;
502;1;7318;民权路;
502;1;7290;天后路;
502;1;20964;二环快速路东侧闽江大道入口匝道;
502;1;20967;二环快速路东侧闽江大道中入口匝道;
502;1;20295;首山路;
502;1;24955;南光明港路;
502;1;24954;亚兴路;
502;1;10873;东霞新村;
502;1;24923;南江滨东大道;
502;1;41264;浦下洲路;
502;1;41243;三环快速南三环路入口匝道;
502;1;24910;三环快速南侧;
502;1;41246;三环快速南侧南三环路入口匝道;
502;1;77553;仙洞路;
502;1;41272;南台路;
502;1;20296;上三路;
502;1;20770;南园路;
502;1;20771;下杭路;
502;1;20772;中平路;
502;1;20794;宁化路;
502;1;20781;齐安路;
502;1;19554;坪山路辅路;
502;1;21023;屏东路;
502;1;20969;二环快速路东侧浦上大道入口匝道;
502;1;20971;二环快速路南侧浦上大道入口匝道;
502;1;24925;三环快速西侧浦上大道上匝道;
502;1;20921;浦上大道北侧;
502;1;24927;三环快速东侧浦上大道北侧上匝道;
502;1;20919;浦上大道南侧;
502;1;24928;三环快速西侧浦上大道南侧上匝道;
502;1;10846;盛贤路;
502;1;77603;七星路;
502;1;41242;三环快速齐安路入口匝道;
502;1;79176;岐山北路;
502;1;79214;岭兜五路;
502;1;78601;文兴东路;
502;1;78606;前埔中路;
502;1;78625;洪文五路;
502;1;78858;玉秀中学;
502;1;79224;莲前东路南侧;
502;1;79225;莲前东路北侧;
502;1;25038;春天诊所;
502;1;20882;前屿东路至福马路;
502;1;20849;钱塘巷;
502;1;24932;罗星塔路;
502;1;20829;庆城路;
502;1;10837;御峰路;
502;1;8684;泉安路至江滨南路;
502;1;8729;泉南高速公路泉州段;
502;1;8710;吴山收费站;
502;1;8709;南安大道;
502;1;8686;省新服务区;
502;1;8608;Ｘ３３０;
502;1;7458;Ｓ２０６;
502;1;8609;达埔服务区;
502;1;8612;蓬壶出入口;
502;1;8613;泉三高速德化连接线;
502;1;59466;Ｓ３０６;
502;1;8614;吉州服务区;
502;1;19559;尾窑路;
502;1;77447;泉厦高速公路厦门段;
502;1;78861;厦门大桥;
502;1;84619;围头疏港高速公路;
502;1;10865;沿海大通道;
502;1;20800;仁德路;
502;1;78594;日新路;
502;1;20317;潭桥村;
502;1;24838;登云路;
502;1;24933;三环快速登云路下匝道;
502;1;41214;三环快速二环快速路出口匝道;
502;1;41215;三环快速二环快速路入口匝道;
502;1;41221;三环快速二环快速路西侧入口匝道;
502;1;41249;三环快速福峡路出口匝道;
502;1;41224;三环快速福州绕城高速公路出口匝道;
502;1;24914;三环快速化工路出口匝道;
502;1;41251;三环快速江滨东大道出口匝道;
502;1;24904;三环快速金山大道出口匝道;
502;1;41239;三环快速妙峰路出口匝道;
502;1;41244;三环快速南三环路出口匝道;
502;1;41241;三环快速齐安路出口匝道;
502;1;24993;三环快速五四路出口匝道;
502;1;41230;西三环路西侧;
502;1;41231;三环快速西三环路西侧出口匝道;
502;1;24857;阳岐路;
502;1;24915;三环快速阳岐路下匝道;
502;1;24979;三环快速北侧;
502;1;41245;三环快速北侧南三环路出口匝道;
502;1;24989;三环快速北侧五四路下匝道;
502;1;24981;三环快速北侧新店直街上匝道;
502;1;24916;三环快速东侧洪湾北路下匝道;
502;1;41254;三环快速东侧江滨东大道出口匝道;
502;1;25052;三环快速东侧金山大道下匝道;
502;1;24919;三环快速东侧金祥路出口下匝道;
502;1;24920;三环快速东侧桔园二路下匝道;
502;1;25046;三环快速东侧浦上大道下匝道;
502;1;24921;三环快速东侧浦上大道南侧下匝道;
502;1;41232;三环快速东侧西三环路出口匝道;
502;1;41279;三环快速东侧远洋路出口匝道;
502;1;24982;三环快速南侧福飞北路下匝道;
502;1;24911;三环快速南侧潭桥村下匝道;
502;1;41219;三环快速西侧;
502;1;41220;三环快速西侧二环快速路入口匝道;
502;1;41218;三环快速西侧二环快速路出口匝道;
502;1;25014;三环快速西侧福湾路下匝道;
502;1;24908;三环快速西侧化工路出口匝道;
502;1;41253;三环快速西侧江滨东大道出口匝道;
502;1;25019;三环快速西侧橘园洲特大桥下匝道;
502;1;24907;三环快速西侧浦上大道北侧下匝道;
502;1;24986;三环快速西侧五四路下匝道;
502;1;41238;三环快速西侧西三环路出口匝道;
502;1;20293;三县洲大桥;
502;1;24947;上渡路至横江路;
502;1;21033;尚宾路;
502;1;24870;沈海高速公路福州段;
502;1;58405;赤港服务区;
502;1;20369;大往停车区;
502;1;21006;福政路;
502;1;20371;青口服务区;
502;1;20322;琯头出入口;
502;1;20364;连江服务区;
502;1;20159;Ｇ１０４;
502;1;20743;Ｘ１４１;
502;1;62791;沈海高速公路宁德段;
502;1;62862;Ｓ５８;
502;1;62915;万安西路;
502;1;62916;云淡停车区;
502;1;62794;下白石收费站;
502;1;62917;福安服务区;
502;1;62797;盐田收费站;
502;1;62798;霞浦收费站;
502;1;62799;三沙收费站;
502;1;62918;虎屿岛（霞浦）服务区;
502;1;62801;牙城收费站;
502;1;62802;太姥山收费站;
502;1;62803;八尺门收费站;
502;1;62919;福鼎停车区;
502;1;62805;福鼎收费站;
502;1;62807;沈海高速公路莆田段;
502;1;62920;东进服务区;
502;1;62809;莆秀高速公路;
502;1;62921;城港北大道;
502;1;62811;涵江收费站;
502;1;8704;沈海高速公路泉州段;
502;1;7390;朴里服务区;
502;1;7353;洛阳江停车区;
502;1;7362;驿坂服务区;
502;1;78951;沈海高速公路厦门段;
502;1;79113;海沧出入口;
502;1;77451;东孚服务区;
502;1;79111;龙掘东服务区;
502;1;62843;沈海高速公路漳州段;
502;1;62844;海沧收费站;
502;1;62845;龙海收费站;
502;1;62922;漳诏高速公路;
502;1;62848;白水停车区;
502;1;62849;赵家堡收费站;
502;1;62850;天福服务区;
502;1;62851;漳浦收费站;
502;1;62852;杜浔收费站;
502;1;62853;沙西停车区;
502;1;62854;云霄收费站;
502;1;62855;常山收费站;
502;1;62856;常山服务区;
502;1;62857;东山岛收费站区;
502;1;62858;诏安东收费站;
502;1;84615;溪南服务区;
502;1;19553;沈海高速公路至凤池路;
502;1;20827;省府路;
502;1;79231;圣果路;
502;1;78665;集岑路;
502;1;24948;十字亭路;
502;1;10861;世纪大道至湖光路;
502;1;20783;华南实验中学;
502;1;21042;二环快速路北侧首山路东侧上匝道;
502;1;20841;树汤路;
502;1;20839;玉泉路;
502;1;10864;水头外线;
502;1;78781;成功大道北侧思明南路上匝道;
502;1;78780;成功大道南侧思明南路上匝道;
502;1;78548;凌峰路;
502;1;79148;钟鼓南路;
502;1;24837;三环快速路潭桥村上匝道;
502;1;10859;塘岸街;
502;1;20980;塘下洲;
502;1;20982;二环快速路西侧塘下洲上匝道;
502;1;78591;东岳二路;
502;1;78849;霞梧路;
502;1;7292;中山南路;
502;1;10847;通港西街;
502;1;10848;黎明大学;
502;1;8600;城华南路;
502;1;77531;同安路;
502;1;41203;同德路;
502;1;20305;软件大道;
502;1;20304;屏西路;
502;1;20816;王庄街;
502;1;84620;Ｘ３２８;
502;1;24962;卫前街;
502;1;19527;泉州大桥（泉安路）;
502;1;19528;泉州大桥（灯荣路）;
502;1;78761;成功大道北侧文屏路入口匝道;
502;1;78764;成功大道南侧文屏路入口匝道;
502;1;78763;成功大道南侧文屏路东侧入口匝道;
502;1;78759;文屏路西侧;
502;1;78760;成功大道北侧文屏路西侧入口匝道;
502;1;78783;成功大道南侧文屏路西侧入口匝道;
502;1;84566;文兴隧道;
502;1;79167;文兴西路;
502;1;24984;三环快速五四路入口匝道;
502;1;24990;三环快速北侧五四路入口匝道;
502;1;24985;三环快速西侧五四路入口匝道;
502;1;21021;芳沁路;
502;1;25045;三环快速西三环路出口匝道;
502;1;25013;三环快速路西三环路上匝道;
502;1;41268;观音亭普觉寺;
502;1;41228;西三环路东侧;
502;1;41229;三环快速西三环路东侧入口匝道;
502;1;41237;三环快速西侧西三环路西侧入口匝道;
502;1;41240;三环快速西侧西三环路西侧上匝道;
502;1;78715;阳光西路;
502;1;78714;新垵北路;
502;1;78552;海沧隧道;
502;1;78553;阳顺路;
502;1;78797;成功大道东侧仙岳路入口匝道;
502;1;78798;成功大道西侧仙岳路入口匝道;
502;1;78952;田头;
502;1;78796;成功大道仙岳路北侧入口匝道;
502;1;79171;仙岳路辅路;
502;1;78794;成功大道东侧仙岳路南侧入口匝道;
502;1;78793;成功大道西侧仙岳路南侧入口匝道;
502;1;78829;仙岳路至环岛东路;
502;1;78675;翔远三路;
502;1;79177;翔远四路;
502;1;78672;翔远一路;
502;1;8597;跃进路;
502;1;19556;七一路;
502;1;10833;鞋都路至江汉路;
502;1;24889;新保路;
502;1;20352;Ｘ１１７;
502;1;78699;新阳北路;
502;1;79152;新光西路;
502;1;24894;新权路;
502;1;20792;新玉环路;
502;1;78682;小东山;
502;1;79217;嘉禾路西侧;
502;1;79218;嘉禾路东侧;
502;1;78595;兴山路;
502;1;77554;园山南路;
502;1;78593;西滨村;
502;1;24935;象峰村;
502;1;21022;秀峰支路;
502;1;19560;泉山路（尾窑路）;
502;1;20791;学军路;
502;1;20790;洋中路;
502;1;20789;延平路;
502;1;78937;成功大道南侧演武大桥入口匝道;
502;1;78938;成功大道南侧演武大桥东侧入口匝道;
502;1;78939;成功大道南侧演武大桥西侧入口匝道;
502;1;78700;霞飞东路;
502;1;20283;南后街;
502;1;24936;叶厦路;
502;1;20782;义序路;
502;1;78910;寨内;
502;1;10869;建福小区;
502;1;20850;营迹路;
502;1;20831;秘书巷;
502;1;24937;艺博园;
502;1;41269;玉泉支巷;
502;1;78911;乌石浦二里;
502;1;41278;三环快速东侧远洋路入口匝道;
502;1;41282;三环快速西侧远洋路入口匝道;
502;1;20857;岳峰横路;
502;1;20858;岳峰路;
502;1;20867;岳峰南路;
502;1;84603;中山路;
502;1;79219;内林;
502;1;78757;钟鼓山隧道东侧;
502;1;78758;成功大道南侧钟鼓山隧道东侧入口匝道;
502;1;78755;钟鼓山隧道西侧;
502;1;78756;成功大道南侧钟鼓山隧道西侧入口匝道;
502;1;78572;钟宅路;
502;1;20866;珠宝路;
