CID;TABCD;LCD;NEG_OFF_LCD;POS_OFF_LCD
502;12;842;;459
502;12;459;842;460
502;12;460;459;656
502;12;656;460;868
502;12;868;656;869
502;12;869;868;870
502;12;870;869;871
502;12;871;870;872
502;12;872;871;873
502;12;873;872;
502;12;447;;448
502;12;448;447;449
502;12;449;448;450
502;12;450;449;451
502;12;451;450;452
502;12;452;451;453
502;12;453;452;1297
502;12;1297;453;456
502;12;456;1297;457
502;12;457;456;1295
502;12;1295;457;
502;12;553;;554
502;12;554;553;555
502;12;555;554;
502;12;6405;;6406
502;12;6406;6405;6407
502;12;6407;6406;7061
502;12;7061;6407;7062
502;12;7062;7061;6408
502;12;6408;7062;
502;12;6402;;6403
502;12;6403;6402;
502;12;1512;;1513
502;12;1513;1512;291
502;12;291;1513;292
502;12;292;291;208
502;12;208;292;297
502;12;297;208;1510
502;12;1510;297;347
502;12;347;1510;300
502;12;300;347;301
502;12;301;300;348
502;12;348;301;349
502;12;349;348;
502;12;6087;;6088
502;12;6088;6087;6089
502;12;6089;6088;6090
502;12;6090;6089;6091
502;12;6091;6090;6092
502;12;6092;6091;
502;12;7187;;7188
502;12;7188;7187;7044
502;12;7044;7188;7132
502;12;7132;7044;6508
502;12;6508;7132;7095
502;12;7095;6508;6507
502;12;6507;7095;
502;12;6676;;7341
502;12;7341;6676;7114
502;12;7114;7341;6847
502;12;6847;7114;
502;12;598;;599
502;12;599;598;600
502;12;600;599;603
502;12;603;600;604
502;12;604;603;1509
502;12;1509;604;605
502;12;605;1509;
502;12;874;;875
502;12;875;874;876
502;12;876;875;877
502;12;877;876;878
502;12;878;877;1462
502;12;1462;878;879
502;12;879;1462;880
502;12;880;879;402
502;12;402;880;1571
502;12;1571;402;403
502;12;403;1571;404
502;12;404;403;
502;12;482;;483
502;12;483;482;484
502;12;484;483;
502;12;478;;479
502;12;479;478;480
502;12;480;479;
502;12;491;;492
502;12;492;491;493
502;12;493;492;494
502;12;494;493;495
502;12;495;494;1493
502;12;1493;495;496
502;12;496;1493;
502;12;692;;693
502;12;693;692;694
502;12;694;693;
502;12;1256;;1248
502;12;1248;1256;588
502;12;588;1248;
502;12;409;;410
502;12;410;409;411
502;12;411;410;
502;12;12419;;12857
502;12;12857;12419;12858
502;12;12858;12857;12421
502;12;12421;12858;12422
502;12;12422;12421;
502;12;12868;;12869
502;12;12869;12868;12870
502;12;12870;12869;12880
502;12;12880;12870;14211
502;12;14211;12880;14212
502;12;14212;14211;
502;12;12728;;12729
502;12;12729;12728;12883
502;12;12883;12729;
502;12;12723;;12724
502;12;12724;12723;12725
502;12;12725;12724;12726
502;12;12726;12725;
502;12;12424;;12425
502;12;12425;12424;12426
502;12;12426;12425;12865
502;12;12865;12426;12867
502;12;12867;12865;12427
502;12;12427;12867;12428
502;12;12428;12427;
502;12;881;;1304
502;12;1304;881;882
502;12;882;1304;883
502;12;883;882;884
502;12;884;883;885
502;12;885;884;886
502;12;886;885;887
502;12;887;886;888
502;12;888;887;889
502;12;889;888;525
502;12;525;889;1300
502;12;1300;525;
502;12;12403;;12404
502;12;12404;12403;12405
502;12;12405;12404;13908
502;12;13908;12405;
502;12;7311;;6670
502;12;6670;7311;6671
502;12;6671;6670;6497
502;12;6497;6671;6672
502;12;6672;6497;6498
502;12;6498;6672;7165
502;12;7165;6498;6673
502;12;6673;7165;7312
502;12;7312;6673;
502;12;1302;;1303
502;12;1303;1302;526
502;12;526;1303;
502;12;12859;;12416
502;12;12416;12859;12860
502;12;12860;12416;
502;12;12862;;12863
502;12;12863;12862;12864
502;12;12864;12863;
502;12;12854;;12855
502;12;12855;12854;12856
502;12;12856;12855;
502;12;7336;;7337
502;12;7337;7336;7014
502;12;7014;7337;7120
502;12;7120;7014;6516
502;12;6516;7120;7131
502;12;7131;6516;7042
502;12;7042;7131;7174
502;12;7174;7042;6518
502;12;6518;7174;
502;12;548;;549
502;12;549;548;550
502;12;550;549;551
502;12;551;550;
502;12;6680;;6472
502;12;6472;6680;6473
502;12;6473;6472;6474
502;12;6474;6473;6475
502;12;6475;6474;6476
502;12;6476;6475;
502;12;13917;;12412
502;12;12412;13917;13918
502;12;13918;12412;
502;12;13915;;13907
502;12;13907;13915;12852
502;12;12852;13907;
502;12;6480;;6710
502;12;6710;6480;7108
502;12;7108;6710;6481
502;12;6481;7108;6482
502;12;6482;6481;7302
502;12;7302;6482;
502;12;528;;529
502;12;529;528;530
502;12;530;529;531
502;12;531;530;
502;12;7191;;6496
502;12;6496;7191;6560
502;12;6560;6496;6509
502;12;6509;6560;6644
502;12;6644;6509;6645
502;12;6645;6644;6603
502;12;6603;6645;6647
502;12;6647;6603;6646
502;12;6646;6647;6648
502;12;6648;6646;6478
502;12;6478;6648;6479
502;12;6479;6478;7154
502;12;7154;6479;7106
502;12;7106;7154;7190
502;12;7190;7106;
502;12;7316;;6490
502;12;6490;7316;7138
502;12;7138;6490;6491
502;12;6491;7138;6492
502;12;6492;6491;7168
502;12;7168;6492;6493
502;12;6493;7168;6649
502;12;6649;6493;7281
502;12;7281;6649;6650
502;12;6650;7281;6651
502;12;6651;6650;6652
502;12;6652;6651;6653
502;12;6653;6652;6654
502;12;6654;6653;6655
502;12;6655;6654;6656
502;12;6656;6655;6620
502;12;6620;6656;
502;12;14142;;13911
502;12;13911;14142;13912
502;12;13912;13911;
502;12;12846;;12847
502;12;12847;12846;13913
502;12;13913;12847;
502;12;12410;;12849
502;12;12849;12410;12411
502;12;12411;12849;13919
502;12;13919;12411;
502;12;13921;;12413
502;12;12413;13921;13922
502;12;13922;12413;
502;12;93;;94
502;12;94;93;108
502;12;108;94;96
502;12;96;108;
502;12;97;;53
502;12;53;97;
502;12;1511;;107
502;12;107;1511;
502;12;88;;98
502;12;98;88;89
502;12;89;98;90
502;12;90;89;
502;12;118;;119
502;12;119;118;120
502;12;120;119;121
502;12;121;120;122
502;12;122;121;123
502;12;123;122;124
502;12;124;123;125
502;12;125;124;
502;12;6094;;6095
502;12;6095;6094;6096
502;12;6096;6095;6097
502;12;6097;6096;
502;12;14187;;14188
502;12;14188;14187;
502;12;7196;;7197
502;12;7197;7196;
502;12;7162;;7163
502;12;7163;7162;7164
502;12;7164;7163;
502;12;12444;;12445
502;12;12445;12444;12446
502;12;12446;12445;12447
502;12;12447;12446;12888
502;12;12888;12447;12448
502;12;12448;12888;12449
502;12;12449;12448;12450
502;12;12450;12449;13019
502;12;13019;12450;13020
502;12;13020;13019;
502;12;7209;;7153
502;12;7153;7209;7090
502;12;7090;7153;7091
502;12;7091;7090;
502;12;1125;;1126
502;12;1126;1125;1127
502;12;1127;1126;
502;12;6643;;6642
502;12;6642;6643;6700
502;12;6700;6642;6701
502;12;6701;6700;6702
502;12;6702;6701;6703
502;12;6703;6702;6704
502;12;6704;6703;6705
502;12;6705;6704;
502;12;1474;;791
502;12;791;1474;792
502;12;792;791;
502;12;12546;;12547
502;12;12547;12546;
502;12;12908;;13271
502;12;13271;12908;13272
502;12;13272;13271;13273
502;12;13273;13272;13274
502;12;13274;13273;
502;12;12641;;12642
502;12;12642;12641;12900
502;12;12900;12642;12901
502;12;12901;12900;12902
502;12;12902;12901;12643
502;12;12643;12902;12644
502;12;12644;12643;12645
502;12;12645;12644;12903
502;12;12903;12645;12646
502;12;12646;12903;12904
502;12;12904;12646;12905
502;12;12905;12904;12906
502;12;12906;12905;12647
502;12;12647;12906;12739
502;12;12739;12647;12740
502;12;12740;12739;12741
502;12;12741;12740;
502;12;12598;;12887
502;12;12887;12598;12599
502;12;12599;12887;
502;12;12894;;12895
502;12;12895;12894;13903
502;12;13903;12895;12544
502;12;12544;13903;
502;12;12549;;12550
502;12;12550;12549;12889
502;12;12889;12550;12890
502;12;12890;12889;12891
502;12;12891;12890;
502;12;14144;;12896
502;12;12896;14144;12892
502;12;12892;12896;12893
502;12;12893;12892;
502;12;12601;;14155
502;12;14155;12601;
502;12;13897;;12630
502;12;12630;13897;12631
502;12;12631;12630;12897
502;12;12897;12631;12632
502;12;12632;12897;12633
502;12;12633;12632;12634
502;12;12634;12633;12635
502;12;12635;12634;12636
502;12;12636;12635;12898
502;12;12898;12636;12637
502;12;12637;12898;12899
502;12;12899;12637;12638
502;12;12638;12899;12639
502;12;12639;12638;
502;12;12553;;12554
502;12;12554;12553;12555
502;12;12555;12554;
502;12;7333;;7075
502;12;7075;7333;7076
502;12;7076;7075;7077
502;12;7077;7076;
502;12;425;;426
502;12;426;425;
502;12;6707;;6708
502;12;6708;6707;6709
502;12;6709;6708;
502;12;7284;;7285
502;12;7285;7284;
502;12;7286;;7287
502;12;7287;7286;7020
502;12;7020;7287;7021
502;12;7021;7020;
502;12;6684;;6685
502;12;6685;6684;7319
502;12;7319;6685;
502;12;6687;;6688
502;12;6688;6687;6689
502;12;6689;6688;
502;12;6543;;6544
502;12;6544;6543;
502;12;6691;;6692
502;12;6692;6691;
502;12;6695;;6696
502;12;6696;6695;6697
502;12;6697;6696;6698
502;12;6698;6697;
502;12;7216;;7217
502;12;7217;7216;7218
502;12;7218;7217;7219
502;12;7219;7218;
502;12;7017;;7278
502;12;7278;7017;7018
502;12;7018;7278;7193
502;12;7193;7018;
502;12;7213;;7214
502;12;7214;7213;
502;12;563;;564
502;12;564;563;
502;12;112;;113
502;12;113;112;
502;12;1464;;1465
502;12;1465;1464;1466
502;12;1466;1465;
502;12;407;;848
502;12;848;407;1469
502;12;1469;848;890
502;12;890;1469;891
502;12;891;890;
502;12;892;;893
502;12;893;892;462
502;12;462;893;
502;12;899;;900
502;12;900;899;
502;12;14169;;14170
502;12;14170;14169;
502;12;1566;;1567
502;12;1567;1566;
502;12;303;;
502;12;6505;;6504
502;12;6504;6505;6503
502;12;6503;6504;
502;12;6521;;7096
502;12;7096;6521;6522
502;12;6522;7096;6523
502;12;6523;6522;
502;12;6468;;6747
502;12;6747;6468;6748
502;12;6748;6747;6469
502;12;6469;6748;
502;12;6731;;6732
502;12;6732;6731;
502;12;14032;;14033
502;12;14033;14032;
502;12;6961;;6962
502;12;6962;6961;6963
502;12;6963;6962;6964
502;12;6964;6963;
502;12;6999;;7000
502;12;7000;6999;
502;12;7001;;7002
502;12;7002;7001;7003
502;12;7003;7002;7004
502;12;7004;7003;
502;12;7267;;7268
502;12;7268;7267;7269
502;12;7269;7268;7040
502;12;7040;7269;7041
502;12;7041;7040;7270
502;12;7270;7041;
502;12;7225;;7226
502;12;7226;7225;7227
502;12;7227;7226;
502;12;6973;;6974
502;12;6974;6973;6975
502;12;6975;6974;6976
502;12;6976;6975;
502;12;12834;;12836
502;12;12836;12834;12837
502;12;12837;12836;12838
502;12;12838;12837;12839
502;12;12839;12838;12840
502;12;12840;12839;12841
502;12;12841;12840;12842
502;12;12842;12841;12843
502;12;12843;12842;12844
502;12;12844;12843;
502;12;13923;;12824
502;12;12824;13923;12825
502;12;12825;12824;12826
502;12;12826;12825;12752
502;12;12752;12826;12827
502;12;12827;12752;12753
502;12;12753;12827;12828
502;12;12828;12753;12754
502;12;12754;12828;12755
502;12;12755;12754;12829
502;12;12829;12755;14145
502;12;14145;12829;
502;12;14146;;12759
502;12;12759;14146;12760
502;12;12760;12759;12761
502;12;12761;12760;13995
502;12;13995;12761;
502;12;13371;;13372
502;12;13372;13371;13373
502;12;13373;13372;13374
502;12;13374;13373;13375
502;12;13375;13374;13376
502;12;13376;13375;13926
502;12;13926;13376;
502;12;12469;;14184
502;12;14184;12469;12470
502;12;12470;14184;12471
502;12;12471;12470;
502;12;13902;;12926
502;12;12926;13902;12466
502;12;12466;12926;12927
502;12;12927;12466;14167
502;12;14167;12927;12467
502;12;12467;14167;
502;12;12985;;12986
502;12;12986;12985;13886
502;12;13886;12986;12987
502;12;12987;13886;12988
502;12;12988;12987;12989
502;12;12989;12988;12990
502;12;12990;12989;12991
502;12;12991;12990;12992
502;12;12992;12991;12993
502;12;12993;12992;
502;12;14175;;14176
502;12;14176;14175;
502;12;12438;;13016
502;12;13016;12438;12439
502;12;12439;13016;13017
502;12;13017;12439;12440
502;12;12440;13017;13018
502;12;13018;12440;12441
502;12;12441;13018;12442
502;12;12442;12441;
502;12;12520;;12969
502;12;12969;12520;12521
502;12;12521;12969;12970
502;12;12970;12521;12971
502;12;12971;12970;12522
502;12;12522;12971;
502;12;12515;;12871
502;12;12871;12515;12872
502;12;12872;12871;12518
502;12;12518;12872;12516
502;12;12516;12518;
502;12;13040;;13041
502;12;13041;13040;13042
502;12;13042;13041;
502;12;12937;;12938
502;12;12938;12937;12939
502;12;12939;12938;12940
502;12;12940;12939;
502;12;14076;;14077
502;12;14077;14076;
502;12;12999;;13000
502;12;13000;12999;13001
502;12;13001;13000;13002
502;12;13002;13001;
502;12;12921;;12923
502;12;12923;12921;12433
502;12;12433;12923;12434
502;12;12434;12433;12435
502;12;12435;12434;12924
502;12;12924;12435;13904
502;12;13904;12924;
502;12;13163;;13164
502;12;13164;13163;13165
502;12;13165;13164;13924
502;12;13924;13165;14166
502;12;14166;13924;13364
502;12;13364;14166;13366
502;12;13366;13364;13367
502;12;13367;13366;13368
502;12;13368;13367;13369
502;12;13369;13368;14111
502;12;14111;13369;13944
502;12;13944;14111;
502;12;14075;;14072
502;12;14072;14075;13380
502;12;13380;14072;13381
502;12;13381;13380;13382
502;12;13382;13381;13383
502;12;13383;13382;13384
502;12;13384;13383;13385
502;12;13385;13384;
502;12;12457;;12928
502;12;12928;12457;12458
502;12;12458;12928;14147
502;12;14147;12458;
502;12;12959;;12461
502;12;12461;12959;12960
502;12;12960;12461;12961
502;12;12961;12960;12462
502;12;12462;12961;12962
502;12;12962;12462;
502;12;12454;;12455
502;12;12455;12454;
502;12;13967;;13968
502;12;13968;13967;
502;12;13856;;14132
502;12;14132;13856;13906
502;12;13906;14132;14196
502;12;14196;13906;
502;12;12489;;12972
502;12;12972;12489;12490
502;12;12490;12972;12491
502;12;12491;12490;12973
502;12;12973;12491;12492
502;12;12492;12973;
502;12;12498;;12966
502;12;12966;12498;12967
502;12;12967;12966;12499
502;12;12499;12967;12500
502;12;12500;12499;12821
502;12;12821;12500;
502;12;14082;;14083
502;12;14083;14082;
502;12;14085;;14086
502;12;14086;14085;14087
502;12;14087;14086;14088
502;12;14088;14087;14089
502;12;14089;14088;
502;12;14091;;14092
502;12;14092;14091;14093
502;12;14093;14092;14094
502;12;14094;14093;
502;12;1275;;471
502;12;471;1275;472
502;12;472;471;473
502;12;473;472;474
502;12;474;473;475
502;12;475;474;476
502;12;476;475;
502;12;14185;;13925
502;12;13925;14185;13168
502;12;13168;13925;13169
502;12;13169;13168;13170
502;12;13170;13169;13171
502;12;13171;13170;
502;12;6955;;6539
502;12;6539;6955;6540
502;12;6540;6539;6541
502;12;6541;6540;
502;12;6956;;6957
502;12;6957;6956;6958
502;12;6958;6957;6959
502;12;6959;6958;6534
502;12;6534;6959;
502;12;13537;;13538
502;12;13538;13537;
502;12;325;;
502;12;699;;700
502;12;700;699;1311
502;12;1311;700;
502;12;1259;;1260
502;12;1260;1259;
502;12;1313;;1314
502;12;1314;1313;1315
502;12;1315;1314;1316
502;12;1316;1315;
502;12;1420;;1421
502;12;1421;1420;1424
502;12;1424;1421;
502;12;13631;;13632
502;12;13632;13631;
502;12;13634;;13635
502;12;13635;13634;13636
502;12;13636;13635;
502;12;781;;782
502;12;782;781;
502;12;616;;843
502;12;843;616;617
502;12;617;843;618
502;12;618;617;619
502;12;619;618;
502;12;607;;608
502;12;608;607;609
502;12;609;608;
502;12;611;;612
502;12;612;611;613
502;12;613;612;614
502;12;614;613;
502;12;13989;;13991
502;12;13991;13989;13992
502;12;13992;13991;
502;12;13265;;13266
502;12;13266;13265;
502;12;12581;;12582
502;12;12582;12581;12583
502;12;12583;12582;13043
502;12;13043;12583;12584
502;12;12584;13043;12585
502;12;12585;12584;
502;12;632;;633
502;12;633;632;634
502;12;634;633;635
502;12;635;634;
502;12;625;;1317
502;12;1317;625;626
502;12;626;1317;1249
502;12;1249;626;627
502;12;627;1249;
502;12;629;;630
502;12;630;629;
502;12;6749;;6750
502;12;6750;6749;
502;12;13233;;13234
502;12;13234;13233;13235
502;12;13235;13234;
502;12;6501;;6500
502;12;6500;6501;7128
502;12;7128;6500;6718
502;12;6718;7128;6719
502;12;6719;6718;6499
502;12;6499;6719;6457
502;12;6457;6499;6458
502;12;6458;6457;
502;12;1052;;1053
502;12;1053;1052;1054
502;12;1054;1053;1056
502;12;1056;1054;
502;12;1058;;1059
502;12;1059;1058;
502;12;6752;;6753
502;12;6753;6752;6754
502;12;6754;6753;
502;12;572;;571
502;12;571;572;570
502;12;570;571;
502;12;568;;567
502;12;567;568;566
502;12;566;567;
502;12;6756;;6757
502;12;6757;6756;
502;12;6430;;6429
502;12;6429;6430;6720
502;12;6720;6429;7141
502;12;7141;6720;6428
502;12;6428;7141;6427
502;12;6427;6428;7198
502;12;7198;6427;7038
502;12;7038;7198;6416
502;12;6416;7038;
502;12;1447;;1448
502;12;1448;1447;1449
502;12;1449;1448;1450
502;12;1450;1449;1451
502;12;1451;1450;
502;12;14096;;14097
502;12;14097;14096;14098
502;12;14098;14097;14099
502;12;14099;14098;
502;12;13927;;13045
502;12;13045;13927;12506
502;12;12506;13045;13046
502;12;13046;12506;13047
502;12;13047;13046;
502;12;13928;;12509
502;12;12509;13928;12510
502;12;12510;12509;
502;12;13352;;13353
502;12;13353;13352;13354
502;12;13354;13353;13929
502;12;13929;13354;
502;12;13508;;13499
502;12;13499;13508;13500
502;12;13500;13499;13501
502;12;13501;13500;
502;12;13110;;13111
502;12;13111;13110;13112
502;12;13112;13111;13113
502;12;13113;13112;
502;12;7235;;7234
502;12;7234;7235;
502;12;14226;;14227
502;12;14227;14226;
502;12;967;;968
502;12;968;967;
502;12;13314;;13315
502;12;13315;13314;13316
502;12;13316;13315;13317
502;12;13317;13316;
502;12;14197;;13986
502;12;13986;14197;
502;12;13858;;13859
502;12;13859;13858;
502;12;13319;;13320
502;12;13320;13319;13321
502;12;13321;13320;
502;12;13333;;13334
502;12;13334;13333;13335
502;12;13335;13334;
502;12;1214;;1215
502;12;1215;1214;1216
502;12;1216;1215;
502;12;13086;;13087
502;12;13087;13086;13088
502;12;13088;13087;13089
502;12;13089;13088;13090
502;12;13090;13089;13091
502;12;13091;13090;13092
502;12;13092;13091;
502;12;1218;;1219
502;12;1219;1218;
502;12;14036;;14037
502;12;14037;14036;
502;12;13074;;13075
502;12;13075;13074;14195
502;12;14195;13075;
502;12;13098;;13099
502;12;13099;13098;13100
502;12;13100;13099;
502;12;750;;751
502;12;751;750;752
502;12;752;751;
502;12;14029;;14030
502;12;14030;14029;
502;12;1273;;1274
502;12;1274;1273;744
502;12;744;1274;745
502;12;745;744;
502;12;747;;748
502;12;748;747;
502;12;13260;;13261
502;12;13261;13260;13262
502;12;13262;13261;13263
502;12;13263;13262;
502;12;18063;;18064
502;12;18064;18063;18065
502;12;18065;18064;18052
502;12;18052;18065;18053
502;12;18053;18052;18054
502;12;18054;18053;18055
502;12;18055;18054;18056
502;12;18056;18055;18057
502;12;18057;18056;18058
502;12;18058;18057;18059
502;12;18059;18058;18060
502;12;18060;18059;18061
502;12;18061;18060;18062
502;12;18062;18061;
502;12;42052;;42053
502;12;42053;42052;42054
502;12;42054;42053;42055
502;12;42055;42054;42056
502;12;42056;42055;42057
502;12;42057;42056;42058
502;12;42058;42057;42059
502;12;42059;42058;
502;12;24052;;24053
502;12;24053;24052;24054
502;12;24054;24053;24055
502;12;24055;24054;24056
502;12;24056;24055;24057
502;12;24057;24056;24058
502;12;24058;24057;24059
502;12;24059;24058;24060
502;12;24060;24059;24061
502;12;24061;24060;24062
502;12;24062;24061;24063
502;12;24063;24062;
502;12;976;;977
502;12;977;976;
502;12;13357;;13358
502;12;13358;13357;
502;12;14193;;14194
502;12;14194;14193;
502;12;6966;;6967
502;12;6967;6966;6674
502;12;6674;6967;
502;12;6759;;6760
502;12;6760;6759;6761
502;12;6761;6760;
502;12;1407;;1408
502;12;1408;1407;
502;12;12301;;
502;12;12202;;12298
502;12;12298;12202;12203
502;12;12203;12298;12204
502;12;12204;12203;12205
502;12;12205;12204;12206
502;12;12206;12205;12207
502;12;12207;12206;12208
502;12;12208;12207;12209
502;12;12209;12208;12210
502;12;12210;12209;
502;12;12213;;12211
502;12;12211;12213;12212
502;12;12212;12211;
502;12;12227;;
502;12;12320;;
502;12;12253;;
502;12;12255;;
502;12;12330;;
502;12;12221;;
502;12;12223;;
502;12;12225;;
502;12;12235;;
502;12;12311;;
502;12;12313;;
502;12;12287;;
502;12;12295;;
502;12;12328;;
502;12;12263;;
502;12;12265;;
502;12;12271;;
502;12;12267;;
502;12;12233;;
502;12;12251;;
502;12;12315;;
502;12;12309;;
502;12;12261;;
502;12;12273;;
502;12;12275;;
502;12;12269;;
502;12;6421;;6666
502;12;6666;6421;6420
502;12;6420;6666;6721
502;12;6721;6420;6419
502;12;6419;6721;
502;12;6978;;6979
502;12;6979;6978;6980
502;12;6980;6979;6981
502;12;6981;6980;
502;12;6425;;6424
502;12;6424;6425;7199
502;12;7199;6424;
502;12;6983;;6984
502;12;6984;6983;
502;12;7183;;7184
502;12;7184;7183;7185
502;12;7185;7184;7186
502;12;7186;7185;
502;12;7229;;7230
502;12;7230;7229;7231
502;12;7231;7230;7232
502;12;7232;7231;
502;12;6763;;6764
502;12;6764;6763;6765
502;12;6765;6764;
502;12;6986;;6767
502;12;6767;6986;6768
502;12;6768;6767;6769
502;12;6769;6768;
502;12;6771;;6772
502;12;6772;6771;6773
502;12;6773;6772;6776
502;12;6776;6773;6777
502;12;6777;6776;
502;12;13878;;13616
502;12;13616;13878;13617
502;12;13617;13616;13618
502;12;13618;13617;14131
502;12;14131;13618;14220
502;12;14220;14131;
502;12;6446;;7146
502;12;7146;6446;7147
502;12;7147;7146;7148
502;12;7148;7147;6447
502;12;6447;7148;6624
502;12;6624;6447;7149
502;12;7149;6624;6448
502;12;6448;7149;6451
502;12;6451;6448;
502;12;6898;;6445
502;12;6445;6898;6623
502;12;6623;6445;7143
502;12;7143;6623;7144
502;12;7144;7143;7145
502;12;7145;7144;
502;12;996;;997
502;12;997;996;998
502;12;998;997;
502;12;757;;758
502;12;758;757;
502;12;787;;1233
502;12;1233;787;
502;12;13443;;13444
502;12;13444;13443;
502;12;6559;;6633
502;12;6633;6559;
502;12;6849;;7013
502;12;7013;6849;
502;12;964;;965
502;12;965;964;
502;12;13344;;13345
502;12;13345;13344;13346
502;12;13346;13345;
502;12;13048;;12807
502;12;12807;13048;12808
502;12;12808;12807;12809
502;12;12809;12808;13930
502;12;13930;12809;
502;12;13777;;13778
502;12;13778;13777;13779
502;12;13779;13778;
502;12;13932;;13931
502;12;13931;13932;13454
502;12;13454;13931;13455
502;12;13455;13454;
502;12;668;;845
502;12;845;668;846
502;12;846;845;669
502;12;669;846;
502;12;1092;;1093
502;12;1093;1092;
502;12;1081;;1082
502;12;1082;1081;1083
502;12;1083;1082;
502;12;6549;;6550
502;12;6550;6549;6987
502;12;6987;6550;6551
502;12;6551;6987;6552
502;12;6552;6551;
502;12;6989;;6990
502;12;6990;6989;
502;12;6782;;6784
502;12;6784;6782;
502;12;13880;;13070
502;12;13070;13880;13071
502;12;13071;13070;13072
502;12;13072;13071;
502;12;14151;;13980
502;12;13980;14151;
502;12;7202;;7126
502;12;7126;7202;6992
502;12;6992;7126;6993
502;12;6993;6992;6994
502;12;6994;6993;
502;12;7085;;6594
502;12;6594;7085;7173
502;12;7173;6594;
502;12;7304;;7305
502;12;7305;7304;
502;12;6487;;6632
502;12;6632;6487;6488
502;12;6488;6632;6661
502;12;6661;6488;7166
502;12;7166;6661;
502;12;421;;422
502;12;422;421;423
502;12;423;422;
502;12;6789;;6790
502;12;6790;6789;6791
502;12;6791;6790;6792
502;12;6792;6791;
502;12;13419;;13420
502;12;13420;13419;
502;12;13755;;13756
502;12;13756;13755;13757
502;12;13757;13756;
502;12;13752;;13753
502;12;13753;13752;
502;12;1179;;1180
502;12;1180;1179;1181
502;12;1181;1180;
502;12;1320;;1319
502;12;1319;1320;
502;12;1323;;1324
502;12;1324;1323;
502;12;1453;;1454
502;12;1454;1453;1455
502;12;1455;1454;
502;12;1077;;1078
502;12;1078;1077;1079
502;12;1079;1078;
502;12;1113;;1114
502;12;1114;1113;
502;12;6996;;6995
502;12;6995;6996;6795
502;12;6795;6995;
502;12;7346;;6794
502;12;6794;7346;
502;12;7299;;7300
502;12;7300;7299;7301
502;12;7301;7300;
502;12;6797;;6798
502;12;6798;6797;
502;12;6800;;6801
502;12;6801;6800;6802
502;12;6802;6801;
502;12;13438;;13439
502;12;13439;13438;13440
502;12;13440;13439;13441
502;12;13441;13440;
502;12;1017;;1018
502;12;1018;1017;1019
502;12;1019;1018;
502;12;13287;;13288
502;12;13288;13287;
502;12;13286;;13289
502;12;13289;13286;13290
502;12;13290;13289;13882
502;12;13882;13290;
502;12;1438;;1439
502;12;1439;1438;
502;12;1034;;1035
502;12;1035;1034;
502;12;323;;
502;12;346;;
502;12;329;;
502;12;372;;
502;12;382;;
502;12;202;;203
502;12;203;202;205
502;12;205;203;206
502;12;206;205;207
502;12;207;206;204
502;12;204;207;293
502;12;293;204;294
502;12;294;293;342
502;12;342;294;295
502;12;295;342;
502;12;250;;
502;12;288;;
502;12;258;;
502;12;335;;
502;12;270;;
502;12;398;;
502;12;344;;
502;12;1353;;1354
502;12;1354;1353;
502;12;264;;
502;12;260;;
502;12;256;;
502;12;268;;
502;12;337;;
502;12;276;;
502;12;280;;
502;12;284;;
502;12;1483;;1499
502;12;1499;1483;
502;12;6715;;6716
502;12;6716;6715;
502;12;12303;;
502;12;13004;;13005
502;12;13005;13004;13006
502;12;13006;13005;13007
502;12;13007;13006;13008
502;12;13008;13007;
502;12;13010;;13011
502;12;13011;13010;13012
502;12;13012;13011;
502;12;13251;;13252
502;12;13252;13251;13253
502;12;13253;13252;13254
502;12;13254;13253;13255
502;12;13255;13254;
502;12;13724;;13725
502;12;13725;13724;13726
502;12;13726;13725;13727
502;12;13727;13726;13728
502;12;13728;13727;
502;12;13730;;13731
502;12;13731;13730;13732
502;12;13732;13731;
502;12;12299;;
502;12;12833;;14233
502;12;14233;12833;
502;12;14109;;14110
502;12;14110;14109;
502;12;7064;;7065
502;12;7065;7064;7066
502;12;7066;7065;7158
502;12;7158;7066;7159
502;12;7159;7158;7306
502;12;7306;7159;7160
502;12;7160;7306;
502;12;7308;;7309
502;12;7309;7308;
502;12;6803;;6804
502;12;6804;6803;6805
502;12;6805;6804;
502;12;6807;;6808
502;12;6808;6807;
502;12;7296;;7297
502;12;7297;7296;
502;12;6810;;6811
502;12;6811;6810;6812
502;12;6812;6811;
502;12;7136;;6815
502;12;6815;7136;
502;12;6460;;6461
502;12;6461;6460;7129
502;12;7129;6461;6462
502;12;6462;7129;6997
502;12;6997;6462;6998
502;12;6998;6997;6463
502;12;6463;6998;
502;12;1380;;1381
502;12;1381;1380;1382
502;12;1382;1381;
502;12;13123;;13124
502;12;13124;13123;13841
502;12;13841;13124;
502;12;13125;;13126
502;12;13126;13125;13127
502;12;13127;13126;
502;12;1327;;1326
502;12;1326;1327;864
502;12;864;1326;865
502;12;865;864;866
502;12;866;865;867
502;12;867;866;1337
502;12;1337;867;
502;12;800;;801
502;12;801;800;802
502;12;802;801;1325
502;12;1325;802;
502;12;733;;734
502;12;734;733;
502;12;728;;729
502;12;729;728;730
502;12;730;729;731
502;12;731;730;
502;12;1090;;1475
502;12;1475;1090;
502;12;266;;
502;12;222;;
502;12;341;;
502;12;1328;;945
502;12;945;1328;946
502;12;946;945;
502;12;1550;;
502;12;678;;679
502;12;679;678;680
502;12;680;679;681
502;12;681;680;896
502;12;896;681;
502;12;671;;672
502;12;672;671;
502;12;1190;;1191
502;12;1191;1190;
502;12;674;;675
502;12;675;674;676
502;12;676;675;
502;12;724;;725
502;12;725;724;726
502;12;726;725;
502;12;78;;79
502;12;79;78;80
502;12;80;79;81
502;12;81;80;82
502;12;82;81;83
502;12;83;82;129
502;12;129;83;84
502;12;84;129;85
502;12;85;84;91
502;12;91;85;110
502;12;110;91;86
502;12;86;110;
502;12;24065;;24066
502;12;24066;24065;24067
502;12;24067;24066;24068
502;12;24068;24067;24069
502;12;24069;24068;24070
502;12;24070;24069;24071
502;12;24071;24070;24072
502;12;24072;24071;24073
502;12;24073;24072;
502;12;1477;;1478
502;12;1478;1477;
502;12;6107;;6108
502;12;6108;6107;6109
502;12;6109;6108;
502;12;130;;131
502;12;131;130;115
502;12;115;131;114
502;12;114;115;101
502;12;101;114;116
502;12;116;101;102
502;12;102;116;103
502;12;103;102;
502;12;1520;;
502;12;262;;
502;12;252;;
502;12;1340;;511
502;12;511;1340;512
502;12;512;511;
502;12;13665;;13666
502;12;13666;13665;13667
502;12;13667;13666;13668
502;12;13668;13667;
502;12;13883;;13530
502;12;13530;13883;14229
502;12;14229;13530;
502;12;13487;;13488
502;12;13488;13487;
502;12;13481;;13482
502;12;13482;13481;
502;12;13478;;13479
502;12;13479;13478;
502;12;1031;;1032
502;12;1032;1031;
502;12;12577;;12578
502;12;12578;12577;12579
502;12;12579;12578;
502;12;12792;;13141
502;12;13141;12792;12793
502;12;12793;13141;
502;12;13297;;13298
502;12;13298;13297;13299
502;12;13299;13298;
502;12;1071;;1072
502;12;1072;1071;
502;12;441;;442
502;12;442;441;443
502;12;443;442;444
502;12;444;443;445
502;12;445;444;
502;12;1104;;1105
502;12;1105;1104;
502;12;621;;622
502;12;622;621;623
502;12;623;622;
502;12;1099;;1100
502;12;1100;1099;1101
502;12;1101;1100;1102
502;12;1102;1101;
502;12;13301;;13830
502;12;13830;13301;
502;12;13302;;13303
502;12;13303;13302;13304
502;12;13304;13303;
502;12;1151;;1152
502;12;1152;1151;1155
502;12;1155;1152;
502;12;1330;;974
502;12;974;1330;
502;12;970;;971
502;12;971;970;1329
502;12;1329;971;
502;12;1503;;1504
502;12;1504;1503;
502;12;13446;;13447
502;12;13447;13446;13448
502;12;13448;13447;13449
502;12;13449;13448;13450
502;12;13450;13449;13451
502;12;13451;13450;
502;12;13794;;13795
502;12;13795;13794;
502;12;659;;847
502;12;847;659;660
502;12;660;847;
502;12;13797;;13798
502;12;13798;13797;
502;12;760;;761
502;12;761;760;762
502;12;762;761;763
502;12;763;762;
502;12;7256;;7257
502;12;7257;7256;
502;12;1065;;1066
502;12;1066;1065;
502;12;1061;;1062
502;12;1062;1061;1063
502;12;1063;1062;
502;12;13387;;13388
502;12;13388;13387;13389
502;12;13389;13388;
502;12;13323;;13324
502;12;13324;13323;13325
502;12;13325;13324;13326
502;12;13326;13325;
502;12;12885;;13935
502;12;13935;12885;12886
502;12;12886;13935;
502;12;13306;;13307
502;12;13307;13306;13308
502;12;13308;13307;
502;12;13340;;13341
502;12;13341;13340;13342
502;12;13342;13341;
502;12;13781;;13782
502;12;13782;13781;13783
502;12;13783;13782;
502;12;13328;;13329
502;12;13329;13328;13330
502;12;13330;13329;13331
502;12;13331;13330;
502;12;13713;;13714
502;12;13714;13713;13715
502;12;13715;13714;
502;12;6817;;6818
502;12;6818;6817;
502;12;13247;;13248
502;12;13248;13247;13249
502;12;13249;13248;
502;12;13050;;13051
502;12;13051;13050;13885
502;12;13885;13051;
502;12;14224;;14223
502;12;14223;14224;
502;12;12802;;13054
502;12;13054;12802;12803
502;12;12803;13054;12804
502;12;12804;12803;12805
502;12;12805;12804;
502;12;13284;;13285
502;12;13285;13284;
502;12;12796;;13053
502;12;13053;12796;12797
502;12;12797;13053;12798
502;12;12798;12797;12799
502;12;12799;12798;12800
502;12;12800;12799;
502;12;7221;;7222
502;12;7222;7221;7223
502;12;7223;7222;
502;12;979;;980
502;12;980;979;
502;12;1024;;1025
502;12;1025;1024;
502;12;7006;;7007
502;12;7007;7006;
502;12;14042;;14043
502;12;14043;14042;
502;12;1387;;1388
502;12;1388;1387;1389
502;12;1389;1388;1390
502;12;1390;1389;1391
502;12;1391;1390;
502;12;1384;;1385
502;12;1385;1384;
502;12;13872;;13945
502;12;13945;13872;
502;12;1366;;1368
502;12;1368;1366;
502;12;14011;;14012
502;12;14012;14011;14015
502;12;14015;14012;14209
502;12;14209;14015;
502;12;13237;;13238
502;12;13238;13237;13239
502;12;13239;13238;
502;12;1085;;1086
502;12;1086;1085;
502;12;684;;823
502;12;823;684;
502;12;1331;;819
502;12;819;1331;820
502;12;820;819;
502;12;1333;;1334
502;12;1334;1333;1335
502;12;1335;1334;822
502;12;822;1335;
502;12;14210;;14016
502;12;14016;14210;
502;12;13626;;13627
502;12;13627;13626;13628
502;12;13628;13627;
502;12;1471;;1472
502;12;1472;1471;
502;12;13348;;13349
502;12;13349;13348;13350
502;12;13350;13349;
502;12;6820;;6821
502;12;6821;6820;
502;12;13970;;13971
502;12;13971;13970;13972
502;12;13972;13971;13973
502;12;13973;13972;
502;12;13876;;12673
502;12;12673;13876;13021
502;12;13021;12673;13022
502;12;13022;13021;13023
502;12;13023;13022;12674
502;12;12674;13023;12675
502;12;12675;12674;12676
502;12;12676;12675;13024
502;12;13024;12676;12677
502;12;12677;13024;13025
502;12;13025;12677;12678
502;12;12678;13025;
502;12;12605;;12606
502;12;12606;12605;12607
502;12;12607;12606;13055
502;12;13055;12607;13056
502;12;13056;13055;12608
502;12;12608;13056;12609
502;12;12609;12608;12610
502;12;12610;12609;13849
502;12;13849;12610;13959
502;12;13959;13849;
502;12;637;;638
502;12;638;637;639
502;12;639;638;
502;12;12654;;12929
502;12;12929;12654;12930
502;12;12930;12929;12655
502;12;12655;12930;12931
502;12;12931;12655;12656
502;12;12656;12931;12932
502;12;12932;12656;12933
502;12;12933;12932;12657
502;12;12657;12933;12934
502;12;12934;12657;12935
502;12;12935;12934;12658
502;12;12658;12935;
502;12;6918;;7335
502;12;7335;6918;
502;12;12591;;12592
502;12;12592;12591;12593
502;12;12593;12592;13026
502;12;13026;12593;13027
502;12;13027;13026;12594
502;12;12594;13027;12595
502;12;12595;12594;12596
502;12;12596;12595;
502;12;641;;642
502;12;642;641;643
502;12;643;642;644
502;12;644;643;645
502;12;645;644;
502;12;13115;;13116
502;12;13116;13115;13117
502;12;13117;13116;13118
502;12;13118;13117;13119
502;12;13119;13118;13120
502;12;13120;13119;
502;12;7262;;7263
502;12;7263;7262;7264
502;12;7264;7263;7265
502;12;7265;7264;7266
502;12;7266;7265;
502;12;12691;;12692
502;12;12692;12691;13028
502;12;13028;12692;12693
502;12;12693;13028;13029
502;12;13029;12693;12694
502;12;12694;13029;
502;12;13293;;13294
502;12;13294;13293;13295
502;12;13295;13294;13874
502;12;13874;13295;
502;12;14190;;14191
502;12;14191;14190;
502;12;6554;;6555
502;12;6555;6554;6556
502;12;6556;6555;7130
502;12;7130;6556;6679
502;12;6679;7130;6557
502;12;6557;6679;
502;12;13276;;13277
502;12;13277;13276;13278
502;12;13278;13277;
502;12;918;;919
502;12;919;918;920
502;12;920;919;921
502;12;921;920;922
502;12;922;921;923
502;12;923;922;
502;12;1480;;1481
502;12;1481;1480;
502;12;13785;;13786
502;12;13786;13785;13787
502;12;13787;13786;
502;12;14023;;14024
502;12;14024;14023;14025
502;12;14025;14024;14026
502;12;14026;14025;
502;12;13555;;13556
502;12;13556;13555;13557
502;12;13557;13556;13558
502;12;13558;13557;13559
502;12;13559;13558;
502;12;1489;;854
502;12;854;1489;855
502;12;855;854;856
502;12;856;855;857
502;12;857;856;858
502;12;858;857;859
502;12;859;858;
502;12;1166;;1167
502;12;1167;1166;
502;12;13077;;13078
502;12;13078;13077;13079
502;12;13079;13078;13080
502;12;13080;13079;13081
502;12;13081;13080;
502;12;13561;;13562
502;12;13562;13561;13563
502;12;13563;13562;
502;12;14215;;13564
502;12;13564;14215;13565
502;12;13565;13564;13566
502;12;13566;13565;
502;12;13568;;13569
502;12;13569;13568;13570
502;12;13570;13569;13571
502;12;13571;13570;
502;12;14218;;13572
502;12;13572;14218;
502;12;321;;
502;12;319;;
502;12;683;;685
502;12;685;683;686
502;12;686;685;1338
502;12;1338;686;
502;12;1107;;1108
502;12;1108;1107;
502;12;7123;;7124
502;12;7124;7123;
502;12;6823;;6824
502;12;6824;6823;
502;12;6827;;6828
502;12;6828;6827;
502;12;6830;;6831
502;12;6831;6830;
502;12;14205;;14206
502;12;14206;14205;14207
502;12;14207;14206;14208
502;12;14208;14207;
502;12;13861;;13863
502;12;13863;13861;13864
502;12;13864;13863;13865
502;12;13865;13864;13866
502;12;13866;13865;13867
502;12;13867;13866;
502;12;14230;;13484
502;12;13484;14230;13485
502;12;13485;13484;
502;12;14067;;14068
502;12;14068;14067;14069
502;12;14069;14068;14070
502;12;14070;14069;14071
502;12;14071;14070;
502;12;13083;;13084
502;12;13084;13083;
502;12;13152;;13153
502;12;13153;13152;
502;12;13674;;13675
502;12;13675;13674;13676
502;12;13676;13675;
502;12;12819;;13060
502;12;13060;12819;12820
502;12;12820;13060;
502;12;13224;;13225
502;12;13225;13224;
502;12;13901;;12814
502;12;12814;13901;
502;12;12816;;12965
502;12;12965;12816;12817
502;12;12817;12965;
502;12;13887;;13185
502;12;13185;13887;13186
502;12;13186;13185;
502;12;13188;;13189
502;12;13189;13188;13190
502;12;13190;13189;
502;12;13540;;13541
502;12;13541;13540;13542
502;12;13542;13541;13543
502;12;13543;13542;
502;12;13638;;13639
502;12;13639;13638;13640
502;12;13640;13639;
502;12;6833;;6834
502;12;6834;6833;6835
502;12;6835;6834;
502;12;12696;;12697
502;12;12697;12696;13031
502;12;13031;12697;
502;12;13844;;13845
502;12;13845;13844;
502;12;12305;;
502;12;12317;;
502;12;662;;663
502;12;663;662;
502;12;7009;;7010
502;12;7010;7009;7011
502;12;7011;7010;7012
502;12;7012;7011;
502;12;13579;;13580
502;12;13580;13579;13581
502;12;13581;13580;13582
502;12;13582;13581;13583
502;12;13583;13582;
502;12;1433;;1435
502;12;1435;1433;1436
502;12;1436;1435;
502;12;7243;;7244
502;12;7244;7243;
502;12;13195;;13196
502;12;13196;13195;13197
502;12;13197;13196;
502;12;13202;;13203
502;12;13203;13202;13204
502;12;13204;13203;
502;12;14019;;14020
502;12;14020;14019;14021
502;12;14021;14020;
502;12;1074;;1075
502;12;1075;1074;
502;12;1339;;1284
502;12;1284;1339;1240
502;12;1240;1284;1241
502;12;1241;1240;
502;12;930;;931
502;12;931;930;932
502;12;932;931;
502;12;925;;926
502;12;926;925;927
502;12;927;926;928
502;12;928;927;
502;12;13155;;13156
502;12;13156;13155;
502;12;13268;;13269
502;12;13269;13268;
502;12;7100;;7101
502;12;7101;7100;
502;12;508;;504
502;12;504;508;1250
502;12;1250;504;1341
502;12;1341;1250;
502;12;6659;;6662
502;12;6662;6659;6663
502;12;6663;6662;
502;12;500;;501
502;12;501;500;502
502;12;502;501;503
502;12;503;502;1342
502;12;1342;503;
502;12;1172;;1173
502;12;1173;1172;1174
502;12;1174;1173;
502;12;7208;;7088
502;12;7088;7208;7152
502;12;7152;7088;7089
502;12;7089;7152;
502;12;13192;;13193
502;12;13193;13192;
502;12;127;;128
502;12;128;127;
502;12;1013;;1014
502;12;1014;1013;1015
502;12;1015;1014;
502;12;1010;;1011
502;12;1011;1010;
502;12;12484;;12485
502;12;12485;12484;12968
502;12;12968;12485;12486
502;12;12486;12968;12487
502;12;12487;12486;
502;12;13763;;13764
502;12;13764;13763;
502;12;13766;;13767
502;12;13767;13766;13768
502;12;13768;13767;13769
502;12;13769;13768;
502;12;13734;;13735
502;12;13735;13734;
502;12;12289;;
502;12;12625;;13061
502;12;13061;12625;12626
502;12;12626;13061;12627
502;12;12627;12626;12628
502;12;12628;12627;12822
502;12;12822;12628;13870
502;12;13870;12822;
502;12;1187;;1188
502;12;1188;1187;
502;12;913;;914
502;12;914;913;915
502;12;915;914;916
502;12;916;915;
502;12;13717;;13718
502;12;13718;13717;13719
502;12;13719;13718;
502;12;1136;;1137
502;12;1137;1136;
502;12;808;;809
502;12;809;808;812
502;12;812;809;
502;12;1343;;1344
502;12;1344;1343;805
502;12;805;1344;806
502;12;806;805;
502;12;210;;
502;12;212;;
502;12;214;;
502;12;1485;;463
502;12;463;1485;464
502;12;464;463;465
502;12;465;464;466
502;12;466;465;469
502;12;469;466;
502;12;378;;
502;12;220;;
502;12;13241;;13242
502;12;13242;13241;13243
502;12;13243;13242;13244
502;12;13244;13243;13245
502;12;13245;13244;
502;12;13465;;13466
502;12;13466;13465;13467
502;12;13467;13466;
502;12;13149;;13150
502;12;13150;13149;
502;12;12557;;12941
502;12;12941;12557;12942
502;12;12942;12941;12558
502;12;12558;12942;12943
502;12;12943;12558;12944
502;12;12944;12943;12559
502;12;12559;12944;12945
502;12;12945;12559;12560
502;12;12560;12945;12946
502;12;12946;12560;12561
502;12;12561;12946;12562
502;12;12562;12561;12947
502;12;12947;12562;
502;12;13737;;13738
502;12;13738;13737;
502;12;13179;;13180
502;12;13180;13179;13181
502;12;13181;13180;13182
502;12;13182;13181;
502;12;1399;;1400
502;12;1400;1399;1401
502;12;1401;1400;1402
502;12;1402;1401;
502;12;902;;903
502;12;903;902;904
502;12;904;903;905
502;12;905;904;906
502;12;906;905;907
502;12;907;906;
502;12;244;;
502;12;1376;;1377
502;12;1377;1376;
502;12;6598;;6787
502;12;6787;6598;6599
502;12;6599;6787;6600
502;12;6600;6599;
502;12;1370;;1371
502;12;1371;1370;1372
502;12;1372;1371;1373
502;12;1373;1372;1374
502;12;1374;1373;
502;12;6837;;6838
502;12;6838;6837;6839
502;12;6839;6838;6840
502;12;6840;6839;
502;12;6439;;7097
502;12;7097;6439;6440
502;12;6440;7097;7133
502;12;7133;6440;6441
502;12;6441;7133;7134
502;12;7134;6441;6442
502;12;6442;7134;6443
502;12;6443;6442;
502;12;1501;;772
502;12;772;1501;
502;12;665;;839
502;12;839;665;666
502;12;666;839;
502;12;6843;;6844
502;12;6844;6843;6845
502;12;6845;6844;
502;12;13890;;13407
502;12;13407;13890;13408
502;12;13408;13407;13409
502;12;13409;13408;
502;12;13891;;13133
502;12;13133;13891;13134
502;12;13134;13133;
502;12;6864;;7293
502;12;7293;6864;
502;12;1208;;1209
502;12;1209;1208;1210
502;12;1210;1209;1211
502;12;1211;1210;1212
502;12;1212;1211;
502;12;1196;;1197
502;12;1197;1196;1198
502;12;1198;1197;1199
502;12;1199;1198;
502;12;1133;;1134
502;12;1134;1133;
502;12;1203;;1204
502;12;1204;1203;
502;12;1205;;1206
502;12;1206;1205;
502;12;1278;;1279
502;12;1279;1278;1280
502;12;1280;1279;
502;12;42061;;42062
502;12;42062;42061;42063
502;12;42063;42062;42064
502;12;42064;42063;42065
502;12;42065;42064;42066
502;12;42066;42065;42067
502;12;42067;42066;42068
502;12;42068;42067;42069
502;12;42069;42068;42070
502;12;42070;42069;42071
502;12;42071;42070;42076
502;12;42076;42071;42072
502;12;42072;42076;42073
502;12;42073;42072;42074
502;12;42074;42073;42075
502;12;42075;42074;
502;12;777;;778
502;12;778;777;779
502;12;779;778;
502;12;6842;;7289
502;12;7289;6842;
502;12;13892;;13403
502;12;13403;13892;13404
502;12;13404;13403;13405
502;12;13405;13404;
502;12;6635;;6851
502;12;6851;6635;6636
502;12;6636;6851;
502;12;956;;957
502;12;957;956;958
502;12;958;957;
502;12;952;;953
502;12;953;952;954
502;12;954;953;
502;12;6852;;6853
502;12;6853;6852;
502;12;833;;834
502;12;834;833;
502;12;6854;;6855
502;12;6855;6854;
502;12;1040;;1041
502;12;1041;1040;
502;12;12995;;12996
502;12;12996;12995;12997
502;12;12997;12996;
502;12;6857;;6858
502;12;6858;6857;
502;12;13411;;13412
502;12;13412;13411;13413
502;12;13413;13412;
502;12;557;;558
502;12;558;557;559
502;12;559;558;562
502;12;562;559;1305
502;12;1305;562;
502;12;1426;;1427
502;12;1427;1426;
502;12;13174;;13175
502;12;13175;13174;14004
502;12;14004;13175;14007
502;12;14007;14004;13176
502;12;13176;14007;13177
502;12;13177;13176;
502;12;14002;;14003
502;12;14003;14002;
502;12;13947;;13121
502;12;13121;13947;13948
502;12;13948;13121;
502;12;12666;;12667
502;12;12667;12666;12668
502;12;12668;12667;12669
502;12;12669;12668;12670
502;12;12670;12669;12952
502;12;12952;12670;12953
502;12;12953;12952;
502;12;12307;;
502;12;12297;;
502;12;12660;;12661
502;12;12661;12660;12954
502;12;12954;12661;12662
502;12;12662;12954;12665
502;12;12665;12662;12955
502;12;12955;12665;
502;12;12565;;13062
502;12;13062;12565;12566
502;12;12566;13062;12567
502;12;12567;12566;12568
502;12;12568;12567;
502;12;1246;;1247
502;12;1247;1246;
502;12;1562;;1563
502;12;1563;1562;1564
502;12;1564;1563;
502;12;327;;
502;12;331;;
502;12;333;;
502;12;1349;;1350
502;12;1350;1349;1351
502;12;1351;1350;
502;12;368;;
502;12;370;;
502;12;6860;;6861
502;12;6861;6860;6862
502;12;6862;6861;
502;12;13953;;13954
502;12;13954;13953;
502;12;542;;543
502;12;543;542;544
502;12;544;543;545
502;12;545;544;1486
502;12;1486;545;
502;12;533;;534
502;12;534;533;1346
502;12;1346;534;
502;12;1345;;537
502;12;537;1345;538
502;12;538;537;539
502;12;539;538;540
502;12;540;539;
502;12;13591;;13592
502;12;13592;13591;13593
502;12;13593;13592;
502;12;7294;;6865
502;12;6865;7294;
502;12;13748;;13749
502;12;13749;13748;13750
502;12;13750;13749;
502;12;14172;;14173
502;12;14173;14172;
502;12;13740;;13741
502;12;13741;13740;13742
502;12;13742;13741;
502;12;960;;961
502;12;961;960;962
502;12;962;961;1378
502;12;1378;962;
502;12;14203;;12771
502;12;12771;14203;12772
502;12;12772;12771;13101
502;12;13101;12772;12773
502;12;12773;13101;12774
502;12;12774;12773;12775
502;12;12775;12774;
502;12;709;;710
502;12;710;709;
502;12;12257;;
502;12;12259;;
502;12;12680;;13032
502;12;13032;12680;12681
502;12;12681;13032;13033
502;12;13033;12681;13034
502;12;13034;13033;12682
502;12;12682;13034;12683
502;12;12683;12682;13035
502;12;13035;12683;12684
502;12;12684;13035;14017
502;12;14017;12684;12685
502;12;12685;14017;13036
502;12;13036;12685;13037
502;12;13037;13036;12686
502;12;12686;13037;
502;12;13678;;13679
502;12;13679;13678;13680
502;12;13680;13679;
502;12;655;;517
502;12;517;655;
502;12;514;;515
502;12;515;514;
502;12;458;;516
502;12;516;458;
502;12;13574;;13575
502;12;13575;13574;13576
502;12;13576;13575;
502;12;13503;;13504
502;12;13504;13503;13505
502;12;13505;13504;13506
502;12;13506;13505;13507
502;12;13507;13506;
502;12;13789;;13790
502;12;13790;13789;13791
502;12;13791;13790;13792
502;12;13792;13791;
502;12;1488;;651
502;12;651;1488;
502;12;1459;;652
502;12;652;1459;
502;12;7237;;7238
502;12;7238;7237;7239
502;12;7239;7238;7240
502;12;7240;7239;7241
502;12;7241;7240;
502;12;647;;1254
502;12;1254;647;
502;12;6867;;6868
502;12;6868;6867;6869
502;12;6869;6868;
502;12;13937;;13938
502;12;13938;13937;13939
502;12;13939;13938;13836
502;12;13836;13939;
502;12;6871;;6872
502;12;6872;6871;
502;12;1530;;
502;12;6874;;6875
502;12;6875;6874;6876
502;12;6876;6875;
502;12;13955;;13956
502;12;13956;13955;13957
502;12;13957;13956;13697
502;12;13697;13957;13698
502;12;13698;13697;
502;12;6608;;6609
502;12;6609;6608;
502;12;13038;;14000
502;12;14000;13038;12768
502;12;12768;14000;
502;12;274;;
502;12;519;;520
502;12;520;519;521
502;12;521;520;522
502;12;522;521;523
502;12;523;522;
502;12;278;;
502;12;13533;;13534
502;12;13534;13533;13535
502;12;13535;13534;
502;12;7277;;7338
502;12;7338;7277;
502;12;1289;;1290
502;12;1290;1289;1291
502;12;1291;1290;1292
502;12;1292;1291;1293
502;12;1293;1292;
502;12;1417;;1418
502;12;1418;1417;
502;12;12496;;12495
502;12;12495;12496;12494
502;12;12494;12495;
502;12;12502;;12503
502;12;12503;12502;14219
502;12;14219;12503;
502;12;6879;;6880
502;12;6880;6879;
502;12;6882;;6883
502;12;6883;6882;
502;12;1267;;1272
502;12;1272;1267;1268
502;12;1268;1272;
502;12;1262;;1263
502;12;1263;1262;1355
502;12;1355;1263;1356
502;12;1356;1355;
502;12;6885;;6886
502;12;6886;6885;7176
502;12;7176;6886;
502;12;13670;;13671
502;12;13671;13670;13672
502;12;13672;13671;
502;12;1542;;
502;12;1548;;
502;12;13851;;13852
502;12;13852;13851;13853
502;12;13853;13852;13063
502;12;13063;13853;12614
502;12;12614;13063;12615
502;12;12615;12614;
502;12;13682;;13683
502;12;13683;13682;
502;12;1569;;1570
502;12;1570;1569;
502;12;909;;910
502;12;910;909;911
502;12;911;910;
502;12;1007;;1008
502;12;1008;1007;
502;12;1003;;1004
502;12;1004;1003;1005
502;12;1005;1004;
502;12;696;;697
502;12;697;696;
502;12;942;;943
502;12;943;942;1347
502;12;1347;943;
502;12;935;;936
502;12;936;935;937
502;12;937;936;
502;12;7151;;7087
502;12;7087;7151;
502;12;7324;;7325
502;12;7325;7324;7326
502;12;7326;7325;7327
502;12;7327;7326;7328
502;12;7328;7327;7329
502;12;7329;7328;7330
502;12;7330;7329;7331
502;12;7331;7330;7332
502;12;7332;7331;
502;12;1286;;1287
502;12;1287;1286;
502;12;282;;
502;12;286;;
502;12;230;;
502;12;1231;;825
502;12;825;1231;850
502;12;850;825;826
502;12;826;850;1468
502;12;1468;826;827
502;12;827;1468;1357
502;12;1357;827;
502;12;236;;
502;12;234;;
502;12;6889;;6890
502;12;6890;6889;
502;12;1270;;1271
502;12;1271;1270;
502;12;6892;;6893
502;12;6893;6892;7203
502;12;7203;6893;
502;12;14124;;14125
502;12;14125;14124;14126
502;12;14126;14125;
502;12;1540;;
502;12;14045;;14046
502;12;14046;14045;
502;12;13227;;13228
502;12;13228;13227;13231
502;12;13231;13228;
502;12;740;;741
502;12;741;740;742
502;12;742;741;
502;12;736;;737
502;12;737;736;738
502;12;738;737;
502;12;13206;;13207
502;12;13207;13206;13208
502;12;13208;13207;13209
502;12;13209;13208;
502;12;13129;;13130
502;12;13130;13129;13131
502;12;13131;13130;
502;12;13094;;13095
502;12;13095;13094;13096
502;12;13096;13095;
502;12;13219;;13220
502;12;13220;13219;
502;12;13822;;13221
502;12;13221;13822;13875
502;12;13875;13221;
502;12;13215;;13216
502;12;13216;13215;13217
502;12;13217;13216;
502;12;688;;689
502;12;689;688;690
502;12;690;689;
502;12;1243;;1244
502;12;1244;1243;
502;12;1157;;1158
502;12;1158;1157;
502;12;13422;;13423
502;12;13423;13422;13424
502;12;13424;13423;13425
502;12;13425;13424;13426
502;12;13426;13425;
502;12;1176;;1177
502;12;1177;1176;
502;12;836;;837
502;12;837;836;1235
502;12;1235;837;1358
502;12;1358;1235;
502;12;1116;;1117
502;12;1117;1116;
502;12;7026;;7027
502;12;7027;7026;
502;12;6734;;6735
502;12;6735;6734;7117
502;12;7117;6735;6736
502;12;6736;7117;7118
502;12;7118;6736;6737
502;12;6737;7118;
502;12;7340;;7113
502;12;7113;7340;
502;12;7029;;7030
502;12;7030;7029;7031
502;12;7031;7030;7343
502;12;7343;7031;7032
502;12;7032;7343;
502;12;6066;;6067
502;12;6067;6066;6068
502;12;6068;6067;6085
502;12;6085;6068;6069
502;12;6069;6085;6081
502;12;6081;6069;6110
502;12;6110;6081;6070
502;12;6070;6110;6071
502;12;6071;6070;6072
502;12;6072;6071;6073
502;12;6073;6072;6074
502;12;6074;6073;6075
502;12;6075;6074;6076
502;12;6076;6075;6082
502;12;6082;6076;
502;12;6078;;6079
502;12;6079;6078;
502;12;6411;;7116
502;12;7116;6411;7033
502;12;7033;7116;6410
502;12;6410;7033;6412
502;12;6412;6410;
502;12;12052;;13172
502;12;13172;12052;12053
502;12;12053;13172;12054
502;12;12054;12053;
502;12;6583;;7034
502;12;7034;6583;6584
502;12;6584;7034;7035
502;12;7035;6584;6585
502;12;6585;7035;7036
502;12;7036;6585;6586
502;12;6586;7036;6587
502;12;6587;6586;
502;12;6104;;6105
502;12;6105;6104;
502;12;706;;707
502;12;707;706;
502;12;703;;704
502;12;704;703;
502;12;1027;;1028
502;12;1028;1027;1029
502;12;1029;1028;
502;12;13651;;13652
502;12;13652;13651;
502;12;754;;1507
502;12;1507;754;755
502;12;755;1507;851
502;12;851;755;
502;12;721;;722
502;12;722;721;
502;12;309;;
502;12;384;;
502;12;386;;
502;12;394;;
502;12;1552;;
502;12;1518;;
502;12;311;;
502;12;1554;;
502;12;216;;
502;12;1534;;
502;12;1544;;
502;12;1538;;
502;12;360;;
502;12;1524;;
502;12;339;;
502;12;1546;;
502;12;364;;
502;12;352;;
502;12;246;;
502;12;1558;;
502;12;218;;
502;12;242;;
502;12;240;;
502;12;226;;
502;12;232;;
502;12;1526;;
502;12;388;;
502;12;354;;
502;12;305;;
502;12;392;;
502;12;390;;
502;12;224;;
502;12;313;;
502;12;1556;;
502;12;248;;
502;12;238;;
502;12;362;;
502;12;1532;;
502;12;712;;713
502;12;713;712;
502;12;1393;;1394
502;12;1394;1393;
502;12;468;;838
502;12;838;468;
502;12;715;;716
502;12;716;715;719
502;12;719;716;
502;12;1282;;1283
502;12;1283;1282;
502;12;7206;;6415
502;12;6415;7206;
502;12;69;;70
502;12;70;69;71
502;12;71;70;72
502;12;72;71;109
502;12;109;72;73
502;12;73;109;74
502;12;74;73;75
502;12;75;74;76
502;12;76;75;56
502;12;56;76;58
502;12;58;56;57
502;12;57;58;59
502;12;59;57;60
502;12;60;59;61
502;12;61;60;1752
502;12;1752;61;62
502;12;62;1752;65
502;12;65;62;66
502;12;66;65;67
502;12;67;66;
502;12;30052;;30053
502;12;30053;30052;30054
502;12;30054;30053;30055
502;12;30055;30054;30056
502;12;30056;30055;30057
502;12;30057;30056;30058
502;12;30058;30057;30059
502;12;30059;30058;30060
502;12;30060;30059;30061
502;12;30061;30060;30062
502;12;30062;30061;30063
502;12;30063;30062;30064
502;12;30064;30063;30065
502;12;30065;30064;30066
502;12;30066;30065;30067
502;12;30067;30066;30068
502;12;30068;30067;
502;12;36052;;36053
502;12;36053;36052;36054
502;12;36054;36053;36055
502;12;36055;36054;36056
502;12;36056;36055;36057
502;12;36057;36056;
502;12;6062;;6063
502;12;6063;6062;6064
502;12;6064;6063;6052
502;12;6052;6064;6080
502;12;6080;6052;6083
502;12;6083;6080;6055
502;12;6055;6083;6056
502;12;6056;6055;6084
502;12;6084;6056;6057
502;12;6057;6084;6058
502;12;6058;6057;6059
502;12;6059;6058;6060
502;12;6060;6059;6061
502;12;6061;6060;
502;12;12060;;12061
502;12;12061;12060;12062
502;12;12062;12061;12063
502;12;12063;12062;12055
502;12;12055;12063;12056
502;12;12056;12055;12057
502;12;12057;12056;12058
502;12;12058;12057;
502;12;48052;;48053
502;12;48053;48052;48054
502;12;48054;48053;48055
502;12;48055;48054;48056
502;12;48056;48055;48057
502;12;48057;48056;48058
502;12;48058;48057;48059
502;12;48059;48058;48060
502;12;48060;48059;48061
502;12;48061;48060;48062
502;12;48062;48061;48063
502;12;48063;48062;48064
502;12;48064;48063;48065
502;12;48065;48064;48066
502;12;48066;48065;48067
502;12;48067;48066;48068
502;12;48068;48067;
502;12;7321;;7322
502;12;7322;7321;
502;12;14138;;14139
502;12;14139;14138;
502;12;1110;;1111
502;12;1111;1110;
502;12;14178;;14179
502;12;14179;14178;
502;12;6896;;6897
502;12;6897;6896;
502;12;6900;;6901
502;12;6901;6900;
502;12;13432;;13433
502;12;13433;13432;13434
502;12;13434;13433;13435
502;12;13435;13434;13436
502;12;13436;13435;
502;12;7205;;6894
502;12;6894;7205;
502;12;1404;;1405
502;12;1405;1404;
502;12;13595;;13596
502;12;13596;13595;13597
502;12;13597;13596;13598
502;12;13598;13597;
502;12;6739;;7280
502;12;7280;6739;6740
502;12;6740;7280;7008
502;12;7008;6740;6742
502;12;6742;7008;7342
502;12;7342;6742;6741
502;12;6741;7342;6743
502;12;6743;6741;
502;12;7259;;7260
502;12;7260;7259;
502;12;948;;949
502;12;949;948;950
502;12;950;949;
502;12;254;;
502;12;13997;;13998
502;12;13998;13997;13999
502;12;13999;13998;
502;12;1146;;1147
502;12;1147;1146;1148
502;12;1148;1147;1149
502;12;1149;1148;
502;12;7272;;7273
502;12;7273;7272;
502;12;6629;;6630
502;12;6630;6629;
502;12;12720;;12956
502;12;12956;12720;12721
502;12;12721;12956;
502;12;13774;;13775
502;12;13775;13774;
502;12;12229;;
502;12;12231;;
502;12;12713;;12957
502;12;12957;12713;12714
502;12;12714;12957;12958
502;12;12958;12714;14140
502;12;14140;12958;12716
502;12;12716;14140;12717
502;12;12717;12716;12718
502;12;12718;12717;
502;12;13771;;13772
502;12;13772;13771;
502;12;13494;;13495
502;12;13495;13494;13496
502;12;13496;13495;13497
502;12;13497;13496;
502;12;12784;;12785
502;12;12785;12784;12786
502;12;12786;12785;
502;12;13337;;13338
502;12;13338;13337;
502;12;13721;;13722
502;12;13722;13721;
502;12;6466;;6465
502;12;6465;6466;6678
502;12;6678;6465;6627
502;12;6627;6678;
502;12;428;;429
502;12;429;428;430
502;12;430;429;
502;12;12621;;12622
502;12;12622;12621;
502;12;307;;
502;12;7250;;7251
502;12;7251;7250;
502;12;13586;;13587
502;12;13587;13586;13588
502;12;13588;13587;13589
502;12;13589;13588;
502;12;272;;
502;12;12777;;12778
502;12;12778;12777;12779
502;12;12779;12778;12780
502;12;12780;12779;12781
502;12;12781;12780;12782
502;12;12782;12781;
502;12;13415;;13854
502;12;13854;13415;13416
502;12;13416;13854;13417
502;12;13417;13416;
502;12;13428;;13429
502;12;13429;13428;13430
502;12;13430;13429;
502;12;6902;;6605
502;12;6605;6902;6606
502;12;6606;6605;
502;12;1169;;1170
502;12;1170;1169;
502;12;14181;;14182
502;12;14182;14181;14183
502;12;14183;14182;
502;12;6574;;7047
502;12;7047;6574;6575
502;12;6575;7047;6576
502;12;6576;6575;7046
502;12;7046;6576;6577
502;12;6577;7046;
502;12;7093;;7094
502;12;7094;7093;6660
502;12;6660;7094;6571
502;12;6571;6660;7150
502;12;7150;6571;6903
502;12;6903;7150;6572
502;12;6572;6903;
502;12;6905;;6906
502;12;6906;6905;6907
502;12;6907;6906;
502;12;14079;;14080
502;12;14080;14079;
502;12;6589;;7068
502;12;7068;6589;6590
502;12;6590;7068;
502;12;814;;815
502;12;815;814;816
502;12;816;815;817
502;12;817;816;
502;12;1396;;1397
502;12;1397;1396;
502;12;7049;;7050
502;12;7050;7049;7051
502;12;7051;7050;
502;12;12574;;12575
502;12;12575;12574;
502;12;1515;;1516
502;12;1516;1515;
502;12;7054;;7053
502;12;7053;7054;
502;12;795;;796
502;12;796;795;797
502;12;797;796;798
502;12;798;797;
502;12;6436;;6744
502;12;6744;6436;6745
502;12;6745;6744;6437
502;12;6437;6745;
502;12;6909;;6910
502;12;6910;6909;
502;12;14105;;14106
502;12;14106;14105;14107
502;12;14107;14106;
502;12;6912;;6913
502;12;6913;6912;
502;12;1068;;1069
502;12;1069;1068;
502;12;7167;;7177
502;12;7177;7167;7178
502;12;7178;7177;
502;12;6099;;6100
502;12;6100;6099;6101
502;12;6101;6100;6102
502;12;6102;6101;
502;12;1441;;1442
502;12;1442;1441;
502;12;7137;;6622
502;12;6622;7137;6728
502;12;6728;6622;6729
502;12;6729;6728;6730
502;12;6730;6729;
502;12;6483;;7109
502;12;7109;6483;6484
502;12;6484;7109;6631
502;12;6631;6484;7110
502;12;7110;6631;6485
502;12;6485;7110;
502;12;1183;;1184
502;12;1184;1183;1185
502;12;1185;1184;
502;12;1129;;1130
502;12;1130;1129;1131
502;12;1131;1130;
502;12;12243;;
502;12;12247;;
502;12;12245;;
502;12;12241;;
502;12;12249;;
502;12;13211;;13212
502;12;13212;13211;13213
502;12;13213;13212;
502;12;14200;;14201
502;12;14201;14200;
502;12;14008;;14009
502;12;14009;14008;
502;12;12587;;12588
502;12;12588;12587;12589
502;12;12589;12588;
502;12;898;;1307
502;12;1307;898;
502;12;437;;438
502;12;438;437;439
502;12;439;438;
502;12;432;;433
502;12;433;432;434
502;12;434;433;435
502;12;435;434;
502;12;6915;;6916
502;12;6916;6915;
502;12;356;;
502;12;366;;
502;12;358;;
502;12;594;;595
502;12;595;594;840
502;12;840;595;596
502;12;596;840;
502;12;590;;591
502;12;591;590;592
502;12;592;591;
502;12;13511;;13512
502;12;13512;13511;13513
502;12;13513;13512;
502;12;13517;;13518
502;12;13518;13517;13520
502;12;13520;13518;
502;12;12949;;12950
502;12;12950;12949;12951
502;12;12951;12950;
502;12;1095;;1257
502;12;1257;1095;1096
502;12;1096;1257;1097
502;12;1097;1096;
502;12;6919;;6920
502;12;6920;6919;6921
502;12;6921;6920;6922
502;12;6922;6921;
502;12;578;;576
502;12;576;578;575
502;12;575;576;574
502;12;574;575;
502;12;585;;584
502;12;584;585;
502;12;582;;581
502;12;581;582;580
502;12;580;581;
502;12;6563;;6564
502;12;6564;6563;6565
502;12;6565;6564;
502;12;380;;
502;12;228;;
502;12;1252;;829
502;12;829;1252;830
502;12;830;829;831
502;12;831;830;1559
502;12;1559;831;1560
502;12;1560;1559;
502;12;1522;;
502;12;1528;;
502;12;1536;;
502;12;7056;;7057
502;12;7057;7056;7058
502;12;7058;7057;7059
502;12;7059;7058;7060
502;12;7060;7059;
502;12;1021;;1022
502;12;1022;1021;
502;12;13709;;13710
502;12;13710;13709;13711
502;12;13711;13710;
502;12;13835;;13941
502;12;13941;13835;13942
502;12;13942;13941;13943
502;12;13943;13942;
502;12;12475;;12963
502;12;12963;12475;12964
502;12;12964;12963;12474
502;12;12474;12964;12473
502;12;12473;12474;13985
502;12;13985;12473;
502;12;6925;;6926
502;12;6926;6925;6927
502;12;6927;6926;
502;12;7211;;6950
502;12;6950;7211;
502;12;992;;993
502;12;993;992;994
502;12;994;993;
502;12;774;;775
502;12;775;774;
502;12;12283;;
502;12;12285;;
502;12;12478;;12912
502;12;12912;12478;12708
502;12;12708;12912;12479
502;12;12479;12708;12913
502;12;12913;12479;12914
502;12;12914;12913;12480
502;12;12480;12914;12481
502;12;12481;12480;12915
502;12;12915;12481;12917
502;12;12917;12915;12918
502;12;12918;12917;14228
502;12;14228;12918;
502;12;12919;;12482
502;12;12482;12919;
502;12;12281;;
502;12;14202;;14113
502;12;14113;14202;14114
502;12;14114;14113;14115
502;12;14115;14114;14116
502;12;14116;14115;14156
502;12;14156;14116;14117
502;12;14117;14156;14118
502;12;14118;14117;14119
502;12;14119;14118;14157
502;12;14157;14119;14120
502;12;14120;14157;14121
502;12;14121;14120;
502;12;12279;;
502;12;12277;;
502;12;13838;;13624
502;12;13624;13838;
502;12;7274;;6929
502;12;6929;7274;7135
502;12;7135;6929;6931
502;12;6931;7135;
502;12;14101;;14102
502;12;14102;14101;14103
502;12;14103;14102;
502;12;14053;;14054
502;12;14054;14053;14055
502;12;14055;14054;
502;12;14050;;14051
502;12;14051;14050;
502;12;13527;;13528
502;12;13528;13527;
502;12;14159;;14160
502;12;14160;14159;14161
502;12;14161;14160;
502;12;14057;;14058
502;12;14058;14057;
502;12;13462;;13463
502;12;13463;13462;14047
502;12;14047;13463;14048
502;12;14048;14047;
502;12;13470;;13471
502;12;13471;13470;13472
502;12;13472;13471;
502;12;13476;;13963
502;12;13963;13476;
502;12;7022;;7023
502;12;7023;7022;6969
502;12;6969;7023;6970
502;12;6970;6969;7194
502;12;7194;6970;
502;12;7082;;7083
502;12;7083;7082;
502;12;13982;;13983
502;12;13983;13982;
502;12;1230;;1309
502;12;1309;1230;
502;12;13522;;13523
502;12;13523;13522;13524
502;12;13524;13523;13525
502;12;13525;13524;
502;12;13604;;13605
502;12;13605;13604;13606
502;12;13606;13605;13607
502;12;13607;13606;
502;12;7246;;7247
502;12;7247;7246;7248
502;12;7248;7247;7254
502;12;7254;7248;
502;12;13280;;13281
502;12;13281;13280;13282
502;12;13282;13281;
502;12;13700;;13701
502;12;13701;13700;13977
502;12;13977;13701;13702
502;12;13702;13977;
502;12;13600;;13601
502;12;13601;13600;13602
502;12;13602;13601;
502;12;6432;;6433
502;12;6433;6432;6746
502;12;6746;6433;6434
502;12;6434;6746;
502;12;768;;769
502;12;769;768;
502;12;765;;766
502;12;766;765;
502;12;14149;;13979
502;12;13979;14149;14150
502;12;14150;13979;
502;12;13975;;13976
502;12;13976;13975;
502;12;1000;;1001
502;12;1001;1000;
502;12;13648;;13649
502;12;13649;13648;
502;12;12736;;12925
502;12;12925;12736;12737
502;12;12737;12925;12738
502;12;12738;12737;
502;12;13801;;13802
502;12;13802;13801;13803
502;12;13803;13802;13804
502;12;13804;13803;13805
502;12;13805;13804;13806
502;12;13806;13805;14163
502;12;14163;13806;13807
502;12;13807;14163;
502;12;13809;;13810
502;12;13810;13809;13811
502;12;13811;13810;
502;12;13257;;13258
502;12;13258;13257;
502;12;7179;;7180
502;12;7180;7179;7181
502;12;7181;7180;7182
502;12;7182;7181;
502;12;6933;;6934
502;12;6934;6933;6935
502;12;6935;6934;
502;12;13136;;13137
502;12;13137;13136;13138
502;12;13138;13137;13139
502;12;13139;13138;13140
502;12;13140;13139;
502;12;13395;;13396
502;12;13396;13395;13397
502;12;13397;13396;13398
502;12;13398;13397;13399
502;12;13399;13398;13400
502;12;13400;13399;
502;12;12527;;13067
502;12;13067;12527;12528
502;12;12528;13067;12529
502;12;12529;12528;
502;12;13654;;13655
502;12;13655;13654;13656
502;12;13656;13655;13657
502;12;13657;13656;13658
502;12;13658;13657;
502;12;12878;;12879
502;12;12879;12878;13458
502;12;13458;12879;13459
502;12;13459;13458;13460
502;12;13460;13459;
502;12;13898;;12524
502;12;12524;13898;13065
502;12;13065;12524;13066
502;12;13066;13065;12525
502;12;12525;13066;
502;12;860;;861
502;12;861;860;862
502;12;862;861;
502;12;6726;;6937
502;12;6937;6726;6938
502;12;6938;6937;6939
502;12;6939;6938;
502;12;988;;989
502;12;989;988;990
502;12;990;989;
502;12;13820;;13821
502;12;13821;13820;
502;12;13814;;13815
502;12;13815;13814;13816
502;12;13816;13815;13817
502;12;13817;13816;13818
502;12;13818;13817;
502;12;1414;;1415
502;12;1415;1414;
502;12;982;;983
502;12;983;982;
502;12;12217;;
502;12;12762;;13993
502;12;13993;12762;12765
502;12;12765;13993;13030
502;12;13030;12765;12766
502;12;12766;13030;
502;12;12215;;
502;12;12219;;
502;12;12710;;12810
502;12;12810;12710;12711
502;12;12711;12810;
502;12;13609;;13610
502;12;13610;13609;13611
502;12;13611;13610;13612
502;12;13612;13611;13613
502;12;13613;13612;13614
502;12;13614;13613;
502;12;6941;;6942
502;12;6942;6941;6943
502;12;6943;6942;
502;12;13704;;13705
502;12;13705;13704;13706
502;12;13706;13705;
502;12;417;;418
502;12;418;417;841
502;12;841;418;419
502;12;419;841;
502;12;413;;414
502;12;414;413;415
502;12;415;414;
502;12;985;;986
502;12;986;985;
502;12;1160;;1161
502;12;1161;1160;
502;12;1362;;940
502;12;940;1362;
502;12;7121;;6944
502;12;6944;7121;6580
502;12;6580;6944;6637
502;12;6637;6580;6581
502;12;6581;6637;
502;12;939;;1359
502;12;1359;939;1360
502;12;1360;1359;
502;12;14006;;13744
502;12;13744;14006;13745
502;12;13745;13744;13746
502;12;13746;13745;
502;12;13391;;13392
502;12;13392;13391;13393
502;12;13393;13392;
502;12;13692;;13693
502;12;13693;13692;13694
502;12;13694;13693;13695
502;12;13695;13694;
502;12;14060;;14061
502;12;14061;14060;14062
502;12;14062;14061;14063
502;12;14063;14062;14064
502;12;14064;14063;14065
502;12;14065;14064;
502;12;6946;;6947
502;12;6947;6946;
502;12;7105;;6948
502;12;6948;7105;6949
502;12;6949;6948;
502;12;1163;;1164
502;12;1164;1163;
502;12;1119;;1120
502;12;1120;1119;1123
502;12;1123;1120;
502;12;1142;;1143
502;12;1143;1142;1144
502;12;1144;1143;
502;12;1139;;1140
502;12;1140;1139;
502;12;13360;;13361
502;12;13361;13360;13362
502;12;13362;13361;
502;12;7169;;7170
502;12;7170;7169;
502;12;12617;;13068
502;12;13068;12617;12618
502;12;12618;13068;12619
502;12;12619;12618;
502;12;7171;;7172
502;12;7172;7171;
502;12;396;;
502;12;400;;
502;12;486;;487
502;12;487;486;488
502;12;488;487;1364
502;12;1364;488;
502;12;13643;;13644
502;12;13644;13643;13645
502;12;13645;13644;13646
502;12;13646;13645;
502;12;1193;;1194
502;12;1194;1193;
502;12;1227;;1228
502;12;1228;1227;
502;12;1224;;1225
502;12;1225;1224;
502;12;13686;;13687
502;12;13687;13686;
502;12;13689;;13690
502;12;13690;13689;
502;12;13546;;13547
502;12;13547;13546;13548
502;12;13548;13547;13549
502;12;13549;13548;13550
502;12;13550;13549;
502;12;13552;;13553
502;12;13553;13552;
502;12;12977;;12978
502;12;12978;12977;12979
502;12;12979;12978;12980
502;12;12980;12979;12981
502;12;12981;12980;12982
502;12;12982;12981;12983
502;12;12983;12982;
502;12;12531;;12974
502;12;12974;12531;12532
502;12;12532;12974;
502;12;12534;;12535
502;12;12535;12534;12975
502;12;12975;12535;12536
502;12;12536;12975;12537
502;12;12537;12536;
502;12;6453;;7078
502;12;7078;6453;6454
502;12;6454;7078;6455
502;12;6455;6454;
502;12;13158;;13159
502;12;13159;13158;13160
502;12;13160;13159;13161
502;12;13161;13160;
502;12;13146;;13147
502;12;13147;13146;
502;12;14039;;14040
502;12;14040;14039;
502;12;1410;;1411
502;12;1411;1410;
502;12;13759;;13760
502;12;13760;13759;
502;12;12570;;12571
502;12;12571;12570;12572
502;12;12572;12571;
502;12;1491;;1492
502;12;1492;1491;
502;12;1495;;1496
502;12;1496;1495;1497
502;12;1497;1496;1498
502;12;1498;1497;
502;12;6618;;6951
502;12;6951;6618;
502;12;12789;;12790
502;12;12790;12789;
502;12;6611;;6638
502;12;6638;6611;6612
502;12;6612;6638;
502;12;6614;;6615
502;12;6615;6614;6616
502;12;6616;6615;
502;12;13660;;13661
502;12;13661;13660;13662
502;12;13662;13661;13899
502;12;13899;13662;
502;12;13103;;13104
502;12;13104;13103;13105
502;12;13105;13104;
502;12;12239;;
502;12;12237;;
502;12;13310;;13311
502;12;13311;13310;13312
502;12;13312;13311;
502;12;13014;;13015
502;12;13015;13014;
502;12;1221;;1222
502;12;1222;1221;
502;12;6953;;6954
502;12;6954;6953;
502;12;1037;;1467
502;12;1467;1037;
502;12;13490;;13491
502;12;13491;13490;13492
502;12;13492;13491;
