CID;TABCD;LCD;CLASS;TCD;STCD;ROADNUMBER;RNID;N1ID;N2ID;POL_LCD;PES_LEV
502;12;454;L;1;2;G104;20335;20720;58380;4;
502;12;446;L;1;2;G104;20195;20181;20232;4;
502;12;552;L;1;2;G104;20215;20242;20195;4;
502;12;6404;L;1;4;;7239;7237;7241;5;
502;12;6401;L;1;4;;7235;8540;7237;5;
502;12;350;L;1;1;G1501;24871;41283;24830;4;
502;12;6086;L;1;1;G1502;10804;60804;10805;5;
502;12;6506;L;1;4;;7267;10808;8477;5;
502;12;6675;L;1;4;;7267;8636;8670;5;
502;12;602;L;1;4;;20177;20179;20327;4;
502;12;401;L;1;2;G316;20344;20345;20164;4;
502;12;481;L;1;2;G316;20214;20213;20215;4;
502;12;477;L;1;2;G316;20212;20189;20213;4;
502;12;490;L;1;2;G316;20156;20164;41257;4;
502;12;691;L;1;4;G316;20289;41257;20290;4;
502;12;586;L;1;2;G316;20220;20289;20212;4;
502;12;408;L;1;2;G316;20164;20162;20169;4;
502;12;12418;L;1;2;G319;77452;77464;77465;6;
502;12;12866;L;1;2;G319;77577;77465;78501;6;
502;12;12727;L;1;2;G319;77572;77525;77577;6;
502;12;12722;L;1;2;G319;77561;77535;77525;6;
502;12;12423;L;1;2;G319;77465;78878;77446;6;
502;12;524;L;1;2;G324;20353;20993;24879;4;
502;12;13909;L;1;2;G324;79112;75230;78491;6;
502;12;7310;L;1;2;G324;8732;77138;7257;5;
502;12;1301;L;1;2;G324;24828;24879;20750;4;
502;12;12414;L;1;2;G324;77464;78491;78492;6;
502;12;12861;L;1;2;G324;78493;78492;78481;6;
502;12;12853;L;1;2;G324;77515;78488;77462;6;
502;12;6515;L;1;4;;8458;7241;8706;5;
502;12;547;L;1;2;G324;20242;20153;20215;4;
502;12;7313;L;1;2;G324;7257;8458;8416;5;
502;12;13916;L;1;2;G324;79118;79116;79187;6;
502;12;13914;L;1;2;G324;79115;79114;78488;6;
502;12;6723;L;1;2;G324;8417;8456;8517;5;
502;12;527;L;1;2;G324;20153;20750;20241;4;
502;12;7314;L;1;2;;8415;79119;7386;5;
502;12;12401;L;1;2;;77454;79200;79120;6;
502;12;92;L;1;1;G70;21012;58387;20780;4;
502;12;51;L;1;1;S1521;24996;24826;75230;4;
502;12;104;L;1;1;S1531;20316;24871;25736;4;
502;12;117;L;1;1;S1522;24874;75230;25031;4;
502;12;6093;L;1;1;S1572;10805;10804;10807;5;
502;12;14186;L;1;3;S201;80017;77138;77471;6;
502;12;7195;L;1;4;;80017;8731;19533;5;
502;12;7161;L;1;4;;19534;8706;19535;5;
502;12;12443;L;1;3;S201;77471;77478;77470;6;
502;12;7201;L;1;4;;8412;10808;7377;5;
502;12;1124;L;1;4;;20832;20179;20247;4;
502;12;6699;L;1;3;S203;8485;8475;7270;5;
502;12;789;L;1;4;;20280;20303;20248;4;
502;12;12545;L;1;3;S206;77516;77515;77514;6;
502;12;13270;L;1;4;S206;78534;77548;76892;6;
502;12;12640;L;1;3;S206;77524;77560;77446;6;
502;12;12597;L;1;3;S206;77547;77508;77548;6;
502;12;12542;L;1;3;S206;77461;78510;77515;6;
502;12;12548;L;1;3;S206;77493;77519;78508;6;
502;12;14143;L;1;3;S206;79128;78508;78510;6;
502;12;12600;L;1;3;S206;77548;77547;78534;6;
502;12;12629;L;1;4;S206;77535;79149;77560;6;
502;12;12552;L;1;3;S206;77446;77465;77519;6;
502;12;7073;L;1;4;;8410;10857;8579;5;
502;12;424;L;1;4;;20179;20180;20181;4;
502;12;6706;L;1;3;S307;8474;8468;8466;5;
502;12;7282;L;1;4;S307;8468;19555;7242;5;
502;12;6682;L;1;3;S307;7244;8465;19538;5;
502;12;6542;L;1;3;S307;19536;77138;8465;5;
502;12;6690;L;1;4;;8473;7244;8474;5;
502;12;7016;L;1;3;S308;7269;8479;8732;5;
502;12;7215;L;1;3;S308;10852;10850;8479;5;
502;12;7192;L;1;3;S308;10825;10870;8479;5;
502;12;7212;L;1;3;S308;10850;19532;10852;5;
502;12;560;L;1;3;S309;20184;20183;20248;4;
502;12;111;L;1;1;S7021;24869;75230;58387;4;
502;12;1463;L;1;4;X115;24968;41276;20962;4;
502;12;405;L;1;4;X115;20165;20162;20962;4;
502;12;1484;L;1;4;X117;21011;58387;25018;4;
502;12;897;L;1;4;X117;24888;21011;21020;4;
502;12;14168;L;1;4;X177;79230;79220;78582;6;
502;12;1565;L;1;4;X195;20338;20330;24997;4;
502;12;302;L;7;0;;;24997;24831;4;
502;12;6502;L;1;4;X301;10843;8590;8477;5;
502;12;6520;L;1;4;X301;8475;7269;8590;5;
502;12;6467;L;1;4;X301;7270;8485;8477;5;
502;12;6657;L;1;4;X308;7378;75230;8445;5;
502;12;14031;L;1;4;X318;76826;79173;79174;6;
502;12;6960;L;1;4;X318;76826;84622;8579;5;
502;12;6566;L;1;4;X318;8594;76892;8515;5;
502;12;6985;L;1;4;X318;8579;76826;76892;5;
502;12;7039;L;1;4;X318;7297;10863;8731;5;
502;12;7224;L;1;4;X320;8596;10825;76826;5;
502;12;6972;L;1;4;X333;8451;8450;8530;5;
502;12;12835;L;1;4;X401;77523;77520;77522;6;
502;12;12748;L;1;4;X401;77496;77522;77508;6;
502;12;12757;L;1;4;X401;77508;77496;77607;6;
502;12;13370;L;1;4;X402;79124;78505;78530;6;
502;12;12468;L;1;4;X403;77459;77448;78493;6;
502;12;12464;L;1;4;X403;77448;78500;77459;6;
502;12;12984;L;1;4;X410;78478;77507;84596;6;
502;12;14174;L;1;4;X414;78544;79129;78510;6;
502;12;12437;L;1;4;X415;77476;77477;77471;6;
502;12;12519;L;1;4;X415;77468;77465;77471;6;
502;12;12514;L;1;4;X415;77470;77471;77503;6;
502;12;13039;L;1;4;X416;77482;77471;77491;6;
502;12;12936;L;1;4;X416;78491;77464;78490;6;
502;12;14128;L;1;4;X416;78490;79180;77452;6;
502;12;12432;L;1;4;X418;77442;78478;75230;6;
502;12;13363;L;1;4;X419;78509;77465;79132;6;
502;12;13379;L;1;4;X425;78508;78490;79124;6;
502;12;12456;L;1;4;X426;77489;77456;77482;6;
502;12;12459;L;1;4;X426;77491;77482;77471;6;
502;12;12453;L;1;4;X428;77456;79112;77489;6;
502;12;13966;L;1;4;;79154;77456;77468;6;
502;12;12873;L;1;4;X430;78495;84611;78509;6;
502;12;12488;L;1;4;X435;77484;77477;77471;6;
502;12;12497;L;1;4;X436;77477;77478;77610;6;
502;12;14081;L;1;4;X445;79181;79124;79144;6;
502;12;14084;L;1;4;X445;79150;79144;79183;6;
502;12;14090;L;1;4;X449;79184;79144;77442;6;
502;12;470;L;1;4;X825;20169;20825;20189;4;
502;12;13167;L;1;4;Y322;78500;77459;77493;6;
502;12;6538;L;1;4;;7303;8581;77138;5;
502;12;6532;L;1;4;;8530;7259;8581;5;
502;12;13536;L;1;4;;79142;77583;78478;6;
502;12;324;L;7;0;;;20228;20155;4;
502;12;698;L;1;4;;20228;20215;24847;4;
502;12;1258;L;1;4;;20227;20224;20218;4;
502;12;1312;L;1;4;;24847;20218;20224;4;
502;12;1419;L;1;4;;24892;20218;24938;4;
502;12;13629;L;1;4;;78652;78696;78566;6;
502;12;780;L;1;4;;20281;20284;21016;4;
502;12;615;L;1;4;;20174;20191;20269;4;
502;12;606;L;1;4;;41257;41204;20268;4;
502;12;610;L;1;4;;20189;20268;20191;4;
502;12;13988;L;1;4;;79163;78880;78503;6;
502;12;13264;L;1;4;;78578;77537;77544;6;
502;12;12580;L;1;4;;77537;77535;77525;6;
502;12;631;L;1;4;;20171;20188;20274;4;
502;12;624;L;1;4;;20222;41206;20169;4;
502;12;628;L;1;4;;20187;20169;20188;4;
502;12;6524;L;1;4;;8521;7253;7264;5;
502;12;13232;L;1;4;;78471;77511;77496;6;
502;12;6494;L;1;4;;8414;8419;7258;5;
502;12;1055;L;1;4;;20808;20213;20216;4;
502;12;6751;L;1;4;;8526;7254;19544;5;
502;12;569;L;1;3;;20256;20257;20254;4;
502;12;565;L;1;3;;20253;20254;20248;4;
502;12;6755;L;1;4;;8528;8529;7242;5;
502;12;6426;L;1;4;;7241;7244;7247;5;
502;12;1446;L;1;4;;24896;24873;20250;4;
502;12;14095;L;1;4;;79144;78509;78530;6;
502;12;12504;L;1;4;;77501;77500;78586;6;
502;12;12508;L;1;4;;77479;84609;77476;6;
502;12;13351;L;1;4;;78573;77476;79125;6;
502;12;13498;L;1;4;;78565;78478;78677;6;
502;12;13109;L;1;4;;78589;77550;77497;6;
502;12;7233;L;1;4;;10856;7269;76826;5;
502;12;14225;L;1;4;;79134;78896;77496;6;
502;12;966;L;1;4;;20267;20237;20875;4;
502;12;13987;L;1;4;;78637;78504;77476;6;
502;12;13857;L;1;4;;79121;77476;78573;6;
502;12;13318;L;1;4;;78639;77502;78586;6;
502;12;13332;L;1;4;;78640;77502;78586;6;
502;12;1213;L;1;4;;20862;20248;20997;4;
502;12;13085;L;1;4;;78598;78599;78596;6;
502;12;1217;L;1;4;;20864;20214;20865;4;
502;12;14034;L;1;4;;79174;76826;77577;6;
502;12;13073;L;1;4;;77592;77564;77577;6;
502;12;13097;L;1;4;;78597;77564;78596;6;
502;12;749;L;1;4;;20285;20195;74424;4;
502;12;14028;L;1;4;;79173;77577;76826;6;
502;12;743;L;1;4;;20226;20224;20214;4;
502;12;746;L;1;4;;20197;20214;20195;4;
502;12;13259;L;1;4;;77604;77524;78632;6;
502;12;18051;L;1;1;;62779;84616;62910;7;
502;12;42051;L;1;1;;62822;58387;62828;11;
502;12;24051;L;1;1;;62780;62774;58387;8;
502;12;975;L;1;4;;20788;20156;20313;4;
502;12;13356;L;1;4;;78555;77477;78556;6;
502;12;14192;L;1;4;;79233;77497;77604;6;
502;12;6965;L;1;4;;7294;8485;8637;5;
502;12;6758;L;1;4;;8489;8485;8486;5;
502;12;1406;L;1;4;;24949;20243;25043;4;
502;12;12302;L;7;0;;;78466;77523;6;
502;12;14153;L;1;1;;78466;78880;77577;6;
502;12;12226;L;7;0;;;78744;78924;6;
502;12;12319;L;7;0;;;78744;77530;6;
502;12;12252;L;7;0;;;78744;77548;6;
502;12;12254;L;7;0;;;78744;78762;6;
502;12;12329;L;7;0;;;78744;78762;6;
502;12;12220;L;7;0;;;78744;78880;6;
502;12;12222;L;7;0;;;78744;78923;6;
502;12;12224;L;7;0;;;78744;78926;6;
502;12;12234;L;7;0;;;78744;78468;6;
502;12;12310;L;7;0;;;78770;77522;6;
502;12;12312;L;7;0;;;78770;77565;6;
502;12;12286;L;7;0;;;78770;77521;6;
502;12;12294;L;7;0;;;78770;77560;6;
502;12;12327;L;7;0;;;78770;79220;6;
502;12;12262;L;7;0;;;78770;77511;6;
502;12;12264;L;7;0;;;78770;77472;6;
502;12;12270;L;7;0;;;78770;78789;6;
502;12;12266;L;7;0;;;78770;78786;6;
502;12;12232;L;7;0;;;78739;77530;6;
502;12;12250;L;7;0;;;78739;77548;6;
502;12;12314;L;7;0;;;78772;77565;6;
502;12;12308;L;7;0;;;78772;77560;6;
502;12;12260;L;7;0;;;78772;77511;6;
502;12;12272;L;7;0;;;78772;77472;6;
502;12;12274;L;7;0;;;78772;78789;6;
502;12;12268;L;7;0;;;78772;78786;6;
502;12;6417;L;1;4;;7240;7239;7241;5;
502;12;6977;L;1;4;;8445;77138;10836;5;
502;12;6423;L;1;4;;7249;7237;7239;5;
502;12;6982;L;1;4;;8590;8477;8475;5;
502;12;6514;L;1;4;;8590;8417;8455;5;
502;12;7228;L;1;4;;10854;8579;10855;5;
502;12;6762;L;1;4;;8531;25672;7241;5;
502;12;6766;L;1;4;;7306;77138;8457;5;
502;12;6770;L;1;4;;8532;8456;8457;5;
502;12;13615;L;1;4;;78692;77565;77498;6;
502;12;6444;L;1;4;;7260;7254;7261;5;
502;12;7142;L;1;4;;7256;19533;7254;5;
502;12;995;L;1;4;;20268;20189;20220;4;
502;12;756;L;1;4;;20298;20289;20268;4;
502;12;1473;L;1;4;;20303;20173;20280;4;
502;12;13442;L;1;4;;78568;78490;78489;6;
502;12;6558;L;1;4;;7309;7252;7351;5;
502;12;6848;L;1;4;;10829;8590;10830;5;
502;12;963;L;1;4;;20739;20243;20242;4;
502;12;13343;L;1;4;;78547;77559;77591;6;
502;12;12806;L;1;4;;77607;77528;77508;6;
502;12;13776;L;1;4;;78604;78726;78602;6;
502;12;13452;L;1;4;;78476;78668;77523;6;
502;12;667;L;1;4;;20284;20171;20174;4;
502;12;1089;L;1;4;;20821;20998;20171;4;
502;12;1080;L;1;4;;20819;20180;20181;4;
502;12;6548;L;1;4;;7284;8732;8417;5;
502;12;6988;L;1;4;;7331;19543;8419;5;
502;12;6621;L;1;4;;7236;8458;7286;5;
502;12;13069;L;1;4;;78596;78884;77524;6;
502;12;13978;L;1;4;;79155;78913;78717;6;
502;12;6991;L;1;4;;10826;8530;8451;5;
502;12;6591;L;1;4;;7312;10808;19534;5;
502;12;7303;L;1;4;;19521;7258;10808;5;
502;12;6724;L;1;4;;8416;7247;77138;5;
502;12;420;L;1;4;;25672;20174;20177;4;
502;12;6788;L;1;4;;25672;7310;7247;5;
502;12;13418;L;1;4;;78651;78507;78508;6;
502;12;13754;L;1;4;;78515;78722;77535;6;
502;12;13751;L;1;4;;77797;78515;77560;6;
502;12;1321;L;1;4;;77797;20254;20248;4;
502;12;1322;L;1;4;;24893;77797;20248;4;
502;12;1452;L;1;4;;24938;20250;20216;4;
502;12;1076;L;1;4;;20818;20999;20179;4;
502;12;1112;L;1;4;;20828;20270;25672;4;
502;12;7344;L;1;4;;8527;7260;8542;5;
502;12;7298;L;1;4;;10866;19546;8468;5;
502;12;6796;L;1;4;;7261;7245;7260;5;
502;12;6799;L;1;4;;19547;7257;7258;5;
502;12;13437;L;1;4;;77469;77465;78657;6;
502;12;1016;L;1;4;;20798;20169;20187;4;
502;12;13825;L;1;4;;77562;78612;78886;6;
502;12;1437;L;1;4;;77562;20190;20189;4;
502;12;1033;L;1;4;;20802;20193;20194;4;
502;12;322;L;7;0;;;20155;24847;4;
502;12;345;L;7;0;;;20155;24861;4;
502;12;328;L;7;0;;;20155;24924;4;
502;12;371;L;7;0;;;20155;25004;4;
502;12;381;L;7;0;;;20155;24871;4;
502;12;201;L;1;1;;20155;20156;20216;4;
502;12;249;L;7;0;;;20932;21036;4;
502;12;287;L;7;0;;;20932;20311;4;
502;12;257;L;7;0;;;20932;20944;4;
502;12;334;L;7;0;;;20952;24826;4;
502;12;269;L;7;0;;;20952;20157;4;
502;12;397;L;7;0;;;20952;24871;4;
502;12;343;L;7;0;;;24861;20155;4;
502;12;1352;L;1;4;;24861;20153;24924;4;
502;12;263;L;7;0;;;20935;20950;4;
502;12;259;L;7;0;;;20935;25022;4;
502;12;255;L;7;0;;;20935;21038;4;
502;12;267;L;7;0;;;20955;20780;4;
502;12;336;L;7;0;;;20955;24826;4;
502;12;275;L;7;0;;;20955;20157;4;
502;12;279;L;7;0;;;20955;20966;4;
502;12;283;L;7;0;;;20955;20311;4;
502;12;1482;L;1;4;;20738;25035;25041;4;
502;12;6714;L;1;4;;8493;10843;8494;5;
502;12;12304;L;7;0;;;77522;78770;6;
502;12;12699;L;1;4;;77522;78466;77523;6;
502;12;13250;L;1;4;;77557;78631;77522;6;
502;12;13723;L;1;4;;78542;78466;77583;6;
502;12;13729;L;1;4;;77558;77521;78721;6;
502;12;12300;L;7;0;;;77523;78739;6;
502;12;14232;L;1;4;X401;77523;77524;78466;6;
502;12;14108;L;1;4;;79183;78509;79150;6;
502;12;7063;L;1;4;;8706;7258;8412;5;
502;12;7307;L;1;4;;19524;8706;10826;5;
502;12;6781;L;1;4;;8545;8546;7241;5;
502;12;6806;L;1;4;;8548;8496;8545;5;
502;12;7295;L;1;4;;19544;10880;7259;5;
502;12;6809;L;1;4;;8496;8546;7241;5;
502;12;6813;L;1;4;;8549;8550;7259;5;
502;12;6459;L;1;4;;7259;7264;7257;5;
502;12;1379;L;1;4;;24899;20776;20157;4;
502;12;13839;L;1;4;;77605;77535;78589;6;
502;12;863;L;1;4;;20330;77797;20764;4;
502;12;799;L;1;4;;20254;20257;77797;4;
502;12;732;L;1;4;;20200;20195;20251;4;
502;12;727;L;1;4;;20218;20228;20195;4;
502;12;1088;L;1;4;;25034;20169;25033;4;
502;12;265;L;7;0;;;20780;20952;4;
502;12;221;L;7;0;;;20780;24912;4;
502;12;340;L;7;0;;;20780;20724;4;
502;12;944;L;1;4;;20780;21012;20933;4;
502;12;1549;L;7;0;;;24828;24871;4;
502;12;677;L;1;4;;20251;20198;20765;4;
502;12;670;L;1;4;;20999;20180;20181;4;
502;12;1189;L;1;4;;20856;20246;20285;4;
502;12;673;L;1;4;;20246;20181;20198;4;
502;12;723;L;1;4;;20201;20195;20250;4;
502;12;77;L;1;1;;21013;58412;75230;4;
502;12;24064;L;1;1;;62814;58412;62763;8;
502;12;1476;L;1;4;;25033;25034;20820;4;
502;12;6106;L;1;1;;84621;7269;60804;5;
502;12;99;L;1;1;;24775;58387;75230;4;
502;12;1519;L;7;0;;;24830;24871;4;
502;12;261;L;7;0;;;25050;20932;4;
502;12;251;L;7;0;;;21036;20935;4;
502;12;510;L;1;4;;20233;20727;20230;4;
502;12;13664;L;1;4;;77504;77470;77503;6;
502;12;13529;L;1;4;;79139;77524;78676;6;
502;12;13486;L;1;4;;77594;77523;78676;6;
502;12;13480;L;1;4;;78887;77523;78669;6;
502;12;13477;L;1;4;;78669;78476;78887;6;
502;12;1030;L;1;4;;20801;20193;20194;4;
502;12;12576;L;1;4;;77533;77534;77535;6;
502;12;12791;L;1;4;;77532;77529;77533;6;
502;12;13296;L;1;4;;78612;77532;78636;6;
502;12;1070;L;1;4;;20814;20813;20191;4;
502;12;440;L;1;4;;20191;20189;20181;4;
502;12;1103;L;1;4;;20269;20174;20278;4;
502;12;620;L;1;4;;20271;20269;20248;4;
502;12;1098;L;1;4;;20274;20171;20269;4;
502;12;13828;L;1;4;;78514;77529;77540;6;
502;12;1150;L;1;4;;24991;20278;20848;4;
502;12;972;L;1;4;;20787;20785;20243;4;
502;12;969;L;1;4;;20785;20267;20787;4;
502;12;1502;L;1;4;;24977;20803;20245;4;
502;12;13445;L;1;4;;78489;78491;78666;6;
502;12;13793;L;1;4;;78727;78559;77506;6;
502;12;658;L;1;4;;20275;20171;20281;4;
502;12;13796;L;1;4;;78558;77468;78559;6;
502;12;759;L;1;4;;20193;20268;20191;4;
502;12;7255;L;1;4;;10858;10857;8479;5;
502;12;1064;L;1;4;;20815;20213;20809;4;
502;12;1060;L;1;4;;20813;20245;20213;4;
502;12;13386;L;1;4;;78506;77493;79124;6;
502;12;13322;L;1;4;;78585;77501;78637;6;
502;12;12884;L;1;3;;79125;77471;77572;6;
502;12;13305;L;1;4;;78556;77477;77478;6;
502;12;13339;L;1;4;;77502;77501;78639;6;
502;12;13780;L;1;4;;78600;77577;78579;6;
502;12;13327;L;1;4;;78586;77501;78637;6;
502;12;13712;L;1;4;;78567;78536;78490;6;
502;12;6816;L;1;4;;8523;7237;8551;5;
502;12;13246;L;1;4;;78631;77499;77509;6;
502;12;14231;L;1;4;;77498;77472;77523;6;
502;12;12801;L;1;4;;77545;77544;77605;6;
502;12;13283;L;1;4;;78603;77559;77561;6;
502;12;12794;L;1;4;;77539;77561;77544;6;
502;12;7220;L;1;4;;10853;10825;76826;5;
502;12;978;L;1;4;;41262;20788;20222;4;
502;12;1023;L;1;4;;20797;20796;20799;4;
502;12;7005;L;1;4;;8587;8451;8450;5;
502;12;14041;L;1;4;;78884;79175;77577;6;
502;12;1386;L;1;4;;24926;20157;24945;4;
502;12;1383;L;1;4;;24943;20157;24926;4;
502;12;13871;L;1;4;;78896;77595;79134;6;
502;12;1367;L;1;4;;41284;20165;24871;4;
502;12;14010;L;1;4;;78629;77510;84585;6;
502;12;13236;L;1;4;;78561;77509;77569;6;
502;12;1084;L;1;4;;20820;20169;20998;4;
502;12;657;L;1;4;;20326;20206;24898;4;
502;12;818;L;1;4;;20209;24898;20311;4;
502;12;1332;L;1;4;;20735;20311;20206;4;
502;12;14013;L;1;4;;77600;84585;77511;6;
502;12;13625;L;1;4;;78531;77564;78685;6;
502;12;1470;L;1;4;;24924;24861;21024;4;
502;12;13347;L;1;4;;77563;77535;77540;6;
502;12;6819;L;1;4;;8525;8552;7270;5;
502;12;13969;L;1;4;;78717;77489;79156;6;
502;12;12672;L;1;4;;77525;78859;77524;6;
502;12;12604;L;1;4;;77550;77535;77551;6;
502;12;636;L;1;4;;20276;20274;20247;4;
502;12;12653;L;1;4;;77540;77561;77524;6;
502;12;7334;L;1;4;;77561;8546;7239;5;
502;12;12590;L;1;4;;77544;77535;77472;6;
502;12;640;L;1;4;;20247;20277;20181;4;
502;12;13114;L;1;4;;76892;77544;78535;6;
502;12;7261;L;1;4;;76892;77551;8731;5;
502;12;12690;L;1;4;;77578;77577;77524;6;
502;12;13292;L;1;4;;78535;77540;77525;6;
502;12;14189;L;1;4;;79232;77540;77535;6;
502;12;6553;L;1;4;;7276;7247;7257;5;
502;12;13275;L;1;4;;77534;78468;77533;6;
502;12;917;L;1;4;;20769;20311;20206;4;
502;12;1479;L;1;4;;25035;24895;20738;4;
502;12;14027;L;1;4;;78683;78599;77564;6;
502;12;13554;L;1;4;;78580;78518;78687;6;
502;12;1336;L;1;4;;20248;20257;77797;4;
502;12;1165;L;1;4;;20851;20248;20253;4;
502;12;13076;L;1;4;;77580;77551;77564;6;
502;12;14213;L;1;4;;77579;78688;78689;6;
502;12;14216;L;1;4;;78579;77551;78519;6;
502;12;320;L;7;0;;;20250;20724;4;
502;12;318;L;7;0;;;20250;20886;4;
502;12;682;L;1;4;;20250;20198;24896;4;
502;12;1106;L;1;4;;20826;20269;20177;4;
502;12;7317;L;1;4;;8537;8414;8553;5;
502;12;6825;L;1;4;;8554;7272;7254;5;
502;12;14204;L;1;4;;84568;77522;84571;6;
502;12;13860;L;1;4;;78865;84605;78897;6;
502;12;13483;L;1;4;;78676;79139;77594;6;
502;12;14066;L;1;4;;78661;77448;79178;6;
502;12;13082;L;1;4;;78564;78478;77570;6;
502;12;13151;L;1;4;;78616;78615;77507;6;
502;12;13673;L;1;4;;78667;78713;78489;6;
502;12;12818;L;1;4;;77595;77567;77496;6;
502;12;13223;L;1;4;;78554;77596;77595;6;
502;12;12811;L;1;4;;77567;78478;77595;6;
502;12;12815;L;1;4;;77596;77496;78478;6;
502;12;13183;L;1;4;;78619;84604;77596;6;
502;12;13187;L;1;4;;78473;78478;77496;6;
502;12;13539;L;1;4;;78571;78478;77522;6;
502;12;13637;L;1;4;;78521;77524;78692;6;
502;12;6832;L;1;4;;8487;8485;7270;5;
502;12;13842;L;1;4;;77565;77524;78840;6;
502;12;12318;L;7;0;;;78822;78466;6;
502;12;12316;L;7;0;;;78818;78466;6;
502;12;661;L;1;4;;21016;20281;20174;4;
502;12;6545;L;1;4;;8456;8732;8417;5;
502;12;13578;L;1;4;;77518;77446;78653;6;
502;12;1432;L;1;4;;20190;20799;20188;4;
502;12;7242;L;1;4;;8520;8479;10857;5;
502;12;13194;L;1;4;;78517;78516;77524;6;
502;12;13201;L;1;4;;78517;78516;77511;6;
502;12;14018;L;1;4;;78687;77580;77524;6;
502;12;1073;L;1;4;;20817;20191;20999;4;
502;12;1239;L;1;4;;21017;20206;20157;4;
502;12;929;L;1;4;;20777;20210;20933;4;
502;12;924;L;1;4;;20210;20311;20206;4;
502;12;13154;L;1;4;;78576;77541;77525;6;
502;12;13267;L;1;4;;78575;77541;77525;6;
502;12;7099;L;1;4;;8671;8458;7331;5;
502;12;506;L;1;4;;20759;20727;20224;4;
502;12;6640;L;1;4;;19540;7267;8493;5;
502;12;498;L;1;4;;20224;20213;20759;4;
502;12;1171;L;1;4;;20853;20854;20254;4;
502;12;7207;L;1;4;;10834;10849;19526;5;
502;12;13191;L;1;4;;78581;77511;77472;6;
502;12;126;L;1;1;;25025;25032;24874;4;
502;12;1012;L;1;4;;20796;20187;20189;4;
502;12;1009;L;1;4;;20795;20998;20187;4;
502;12;12483;L;1;4;;77478;77471;77476;6;
502;12;13761;L;1;4;;77606;78723;76892;6;
502;12;13733;L;1;4;;78540;77499;78524;6;
502;12;12288;L;7;0;;;77521;78772;6;
502;12;12624;L;1;4;;77521;77498;78469;6;
502;12;1186;L;1;4;;20855;20838;20183;4;
502;12;912;L;1;4;;20768;20769;20767;4;
502;12;13716;L;1;4;;78536;78491;78667;6;
502;12;1135;L;1;4;;20836;20834;20247;4;
502;12;807;L;1;4;;20315;20206;21017;4;
502;12;804;L;1;4;;20211;20311;20206;4;
502;12;209;L;7;0;;;20206;24871;4;
502;12;211;L;7;0;;;20206;20886;4;
502;12;213;L;7;0;;;20206;24902;4;
502;12;461;L;1;4;;20206;24871;41209;4;
502;12;377;L;7;0;;;25016;24871;4;
502;12;219;L;7;0;;;20898;20886;4;
502;12;13240;L;1;4;;78526;77511;77522;6;
502;12;13464;L;1;4;;78541;77499;77583;6;
502;12;13148;L;1;4;;78615;78503;78616;6;
502;12;12556;L;1;4;;77499;77560;78543;6;
502;12;13736;L;1;4;;78539;77499;78524;6;
502;12;13178;L;1;4;;78524;77511;78631;6;
502;12;1398;L;1;4;;20238;21017;20157;4;
502;12;901;L;1;4;;20767;20768;20157;4;
502;12;243;L;7;0;;;20927;20894;4;
502;12;1375;L;1;4;;24942;20206;20238;4;
502;12;6786;L;1;4;;8540;8575;7237;5;
502;12;1369;L;1;4;;20784;20778;20206;4;
502;12;6836;L;1;4;;8542;7272;8527;5;
502;12;6438;L;1;4;;7254;7253;7258;5;
502;12;1500;L;1;4;;21018;25041;20270;4;
502;12;664;L;1;4;;20270;20174;20180;4;
502;12;6841;L;1;4;;8486;8489;7270;5;
502;12;13406;L;1;4;;78611;77465;78657;6;
502;12;13132;L;1;4;;78655;79141;77614;6;
502;12;7292;L;1;4;;10877;7253;8559;5;
502;12;1207;L;1;4;;20838;74424;20248;4;
502;12;1195;L;1;4;;20809;20808;20195;4;
502;12;1132;L;1;4;;20837;20181;20838;4;
502;12;1200;L;1;4;;20859;20195;74424;4;
502;12;1276;L;1;4;;20865;20197;20215;4;
502;12;42060;L;1;1;;62829;62828;62842;11;
502;12;776;L;1;4;;20278;25672;20247;4;
502;12;7288;L;1;4;;10824;8485;8489;5;
502;12;13401;L;1;4;;78657;78658;78494;6;
502;12;6634;L;1;4;;7264;7351;7247;5;
502;12;955;L;1;4;;20775;24898;20769;4;
502;12;951;L;1;4;;20774;24898;20769;4;
502;12;6850;L;1;4;;8560;8458;74886;5;
502;12;832;L;1;4;;20232;20233;20720;4;
502;12;6846;L;1;4;;8561;7255;7260;5;
502;12;1039;L;1;4;;20804;20220;20213;4;
502;12;12994;L;1;4;;78505;77493;79124;6;
502;12;6856;L;1;4;;8488;8417;8485;5;
502;12;13410;L;1;4;;78659;78509;78661;6;
502;12;556;L;1;3;;20198;20195;20183;4;
502;12;1425;L;1;4;;24958;20217;20218;4;
502;12;13173;L;1;4;;78516;77524;77511;6;
502;12;13996;L;1;4;;79166;77524;78516;6;
502;12;13946;L;1;4;;79135;78535;77524;6;
502;12;12663;L;1;4;;77510;77509;77567;6;
502;12;12306;L;7;0;;;77560;78770;6;
502;12;12296;L;7;0;;;77560;78772;6;
502;12;12659;L;1;4;;77560;77535;77509;6;
502;12;12564;L;1;4;;77497;77524;77472;6;
502;12;1245;L;1;4;;20885;20165;20279;4;
502;12;1561;L;1;4;;41271;24943;24944;4;
502;12;326;L;7;0;;;24826;20155;4;
502;12;330;L;7;0;;;24826;20952;4;
502;12;332;L;7;0;;;24826;20955;4;
502;12;1348;L;1;4;;24826;24996;20155;4;
502;12;367;L;7;0;;;25002;20155;4;
502;12;369;L;7;0;;;25004;20155;4;
502;12;6859;L;1;4;;8440;7276;8416;5;
502;12;13952;L;1;4;;79140;78843;78517;6;
502;12;541;L;1;4;;20181;20195;20248;4;
502;12;532;L;1;4;;20243;20241;20787;4;
502;12;536;L;1;4;;20213;20243;20195;4;
502;12;13590;L;1;4;;78696;77446;78697;6;
502;12;6863;L;1;4;;8559;10877;7264;5;
502;12;13747;L;1;4;;78537;78538;77499;6;
502;12;14171;L;1;4;;79220;79230;77511;6;
502;12;13739;L;1;4;;78582;78537;77511;6;
502;12;959;L;1;4;;20776;20735;24899;4;
502;12;12770;L;1;4;;77559;79165;77561;6;
502;12;708;L;1;4;;20291;20155;20157;4;
502;12;12256;L;7;0;;;77511;78770;6;
502;12;12258;L;7;0;;;77511;78772;6;
502;12;12679;L;1;4;;77511;77524;77496;6;
502;12;13677;L;1;4;;78710;77506;77504;6;
502;12;654;L;1;4;;20325;20236;20234;4;
502;12;513;L;1;4;;20230;20233;20720;4;
502;12;577;L;1;4;;20324;20720;20236;4;
502;12;13573;L;1;4;;78520;77524;78692;6;
502;12;13502;L;1;4;;79204;78469;77496;6;
502;12;13788;L;1;4;;78559;77468;77505;6;
502;12;649;L;1;4;;20279;20885;25042;4;
502;12;1458;L;1;4;;25042;20279;21019;4;
502;12;7236;L;1;4;;10857;76826;7297;5;
502;12;1487;L;1;4;;20166;20165;20279;4;
502;12;6866;L;1;4;;8457;8732;8532;5;
502;12;13936;L;1;4;;79131;79124;78510;6;
502;12;6870;L;1;4;;8552;8486;8525;5;
502;12;1529;L;7;0;;;41234;24871;4;
502;12;6873;L;1;4;;8556;7256;7257;5;
502;12;13696;L;1;4;;78530;79124;77442;6;
502;12;6607;L;1;4;;7318;7290;7253;5;
502;12;12767;L;1;4;;77528;77607;77559;6;
502;12;273;L;7;0;;;20157;20952;4;
502;12;518;L;1;4;;20157;20162;20237;4;
502;12;277;L;7;0;;;20966;20952;4;
502;12;13532;L;1;4;;78678;78565;78677;6;
502;12;7275;L;1;3;S307;19555;10866;7241;5;
502;12;1288;L;1;3;;20933;20311;20153;4;
502;12;1416;L;1;4;;24955;24954;20218;4;
502;12;12493;L;1;4;;77483;77478;77471;6;
502;12;12501;L;1;4;;77500;77483;77501;6;
502;12;6877;L;1;4;;8564;7272;7254;5;
502;12;1265;L;1;4;;24923;21024;41264;4;
502;12;1261;L;1;4;;21024;20875;24923;4;
502;12;6884;L;1;4;;7351;7309;10835;5;
502;12;13669;L;1;4;;78711;77506;77504;6;
502;12;1541;L;7;0;;;24880;24871;4;
502;12;1547;L;7;0;;;24880;24910;4;
502;12;13850;L;1;4;;77551;78683;77524;6;
502;12;13681;L;1;4;;78599;77577;78683;6;
502;12;1568;L;1;4;;41272;20296;20243;4;
502;12;908;L;1;4;;20770;20771;20773;4;
502;12;1006;L;1;4;;20794;20793;20169;4;
502;12;1002;L;1;4;;20793;20262;20222;4;
502;12;695;L;1;4;;20290;20213;20215;4;
502;12;941;L;1;4;;20750;20153;24923;4;
502;12;934;L;1;4;;20778;20777;20781;4;
502;12;7086;L;1;4;;10849;8731;10834;5;
502;12;7323;L;1;4;;19554;8458;7276;5;
502;12;1285;L;1;4;;21023;20848;20248;4;
502;12;281;L;7;0;;;20311;20952;4;
502;12;285;L;7;0;;;20311;20935;4;
502;12;229;L;7;0;;;20311;24902;4;
502;12;824;L;1;4;;20311;24887;24926;4;
502;12;235;L;7;0;;;20921;24912;4;
502;12;233;L;7;0;;;20919;24902;4;
502;12;6888;L;1;4;;8495;8414;8537;5;
502;12;1269;L;1;4;;41264;21024;24923;4;
502;12;6891;L;1;4;;8570;7239;10846;5;
502;12;14123;L;1;4;;77603;77525;77472;6;
502;12;1539;L;7;0;;;20781;24871;4;
502;12;14044;L;1;4;;79176;77499;77583;6;
502;12;13226;L;1;4;;78546;77510;77511;6;
502;12;739;L;1;4;;20199;20195;20250;4;
502;12;735;L;1;4;;20217;20216;20195;4;
502;12;13205;L;1;4;;77571;78601;77511;6;
502;12;13128;L;1;4;;78583;77510;77511;6;
502;12;13093;L;1;4;;77570;78564;77510;6;
502;12;13823;L;1;4;;77569;78625;78858;6;
502;12;13214;L;1;4;;78606;77569;77571;6;
502;12;687;L;1;4;;20287;20217;25038;4;
502;12;1242;L;1;4;;20882;20287;20195;4;
502;12;1156;L;1;4;;20849;20280;20271;4;
502;12;13421;L;1;4;;78507;77448;77493;6;
502;12;1175;L;1;4;;20266;20254;20177;4;
502;12;835;L;1;4;;20720;20232;24932;4;
502;12;1115;L;1;4;;20829;20278;20177;4;
502;12;7025;L;1;4;;8515;8594;8455;5;
502;12;6733;L;1;4;;8455;8515;8517;5;
502;12;7339;L;1;4;;8684;8455;7267;5;
502;12;7028;L;1;4;;8578;76826;8515;5;
502;12;6065;L;1;1;;8729;75230;8710;5;
502;12;6077;L;1;1;;8613;60804;25736;5;
502;12;6409;L;1;4;;7242;7240;8468;5;
502;12;12051;L;1;1;;77447;78861;75230;6;
502;12;6582;L;1;4;;7272;8419;7258;5;
502;12;6103;L;1;1;G1502;10804;84619;10865;5;
502;12;705;L;1;4;;20245;20194;20213;4;
502;12;702;L;1;4;;20263;20189;20194;4;
502;12;1026;L;1;4;;20800;20190;20193;4;
502;12;13650;L;1;4;;78594;77505;77506;6;
502;12;753;L;1;4;;20183;74424;20317;4;
502;12;720;L;1;4;;20241;20153;20242;4;
502;12;308;L;7;0;;;24871;24838;4;
502;12;383;L;7;0;;;24871;20155;4;
502;12;385;L;7;0;;;24871;20155;4;
502;12;393;L;7;0;;;24871;20955;4;
502;12;1551;L;7;0;;;24871;24828;4;
502;12;1517;L;7;0;;;24871;24830;4;
502;12;310;L;7;0;;;24871;20250;4;
502;12;1553;L;7;0;;;24871;20759;4;
502;12;215;L;7;0;;;24871;20206;4;
502;12;1533;L;7;0;;;24871;41234;4;
502;12;1543;L;7;0;;;24871;24880;4;
502;12;1537;L;7;0;;;24871;20781;4;
502;12;359;L;7;0;;;24871;20177;4;
502;12;1523;L;7;0;;;24871;41230;4;
502;12;338;L;7;0;;;24871;24857;4;
502;12;1545;L;7;0;;;24979;24880;4;
502;12;363;L;7;0;;;24979;20177;4;
502;12;351;L;7;0;;;24979;24873;4;
502;12;245;L;7;0;;;24912;20326;4;
502;12;1557;L;7;0;;;24912;20759;4;
502;12;217;L;7;0;;;24912;20206;4;
502;12;241;L;7;0;;;24912;20767;4;
502;12;239;L;7;0;;;24912;20775;4;
502;12;225;L;7;0;;;24912;20311;4;
502;12;231;L;7;0;;;24912;20919;4;
502;12;1525;L;7;0;;;24912;24898;4;
502;12;387;L;7;0;;;24912;20216;4;
502;12;353;L;7;0;;;24910;20330;4;
502;12;304;L;7;0;;;24910;20317;4;
502;12;391;L;7;0;;;41219;20155;4;
502;12;389;L;7;0;;;24902;20155;4;
502;12;223;L;7;0;;;24902;20780;4;
502;12;312;L;7;0;;;24902;20250;4;
502;12;1555;L;7;0;;;24902;20759;4;
502;12;247;L;7;0;;;24902;25018;4;
502;12;237;L;7;0;;;24902;20921;4;
502;12;361;L;7;0;;;24902;20177;4;
502;12;1531;L;7;0;;;24902;24898;4;
502;12;711;L;1;4;;20237;20157;20293;4;
502;12;1392;L;1;4;;24947;20237;24926;4;
502;12;467;L;1;4;;20208;20221;20169;4;
502;12;714;L;1;4;;20296;20293;20243;4;
502;12;1281;L;1;4;;21033;20269;20247;4;
502;12;6414;L;1;4;;7245;7261;8416;5;
502;12;68;L;1;1;;24870;58405;58380;4;
502;12;30051;L;1;1;;62791;58380;62862;9;
502;12;36051;L;1;1;;62807;59466;58405;10;
502;12;6051;L;1;1;;8704;77442;59466;5;
502;12;12059;L;1;1;;78951;79113;77138;6;
502;12;48051;L;1;1;;62843;62844;77138;12;
502;12;7320;L;1;4;;19553;75230;8732;5;
502;12;14137;L;1;4;;78726;77559;78604;6;
502;12;1109;L;1;4;;20827;20303;20174;4;
502;12;14177;L;1;4;;79231;77459;79180;6;
502;12;6895;L;1;4;;8573;7259;7276;5;
502;12;6899;L;1;4;;8562;7260;8440;5;
502;12;13431;L;1;4;;78664;78665;78505;6;
502;12;7204;L;1;4;;10846;8570;8572;5;
502;12;1403;L;1;4;;24948;20784;20155;4;
502;12;13594;L;1;4;;78695;78652;77519;6;
502;12;6738;L;1;4;;8479;7269;8515;5;
502;12;7258;L;1;4;;10861;8479;76892;5;
502;12;947;L;1;4;;20295;20783;20296;4;
502;12;253;L;7;0;;;21038;20932;4;
502;12;13994;L;1;4;;79165;78880;77530;6;
502;12;1145;L;1;4;;20841;20247;20248;4;
502;12;7271;L;1;4;;10864;10865;7267;5;
502;12;6628;L;1;4;;8711;8417;8458;5;
502;12;12719;L;1;4;;77590;77591;77535;6;
502;12;13773;L;1;4;;77591;77530;77529;6;
502;12;12228;L;7;0;;;77530;78744;6;
502;12;12230;L;7;0;;;77530;78739;6;
502;12;12712;L;1;4;;77530;78548;77587;6;
502;12;13770;L;1;4;;77587;78604;77530;6;
502;12;14136;L;1;4;;78677;79204;78565;6;
502;12;12783;L;1;4;;77526;77497;77524;6;
502;12;13336;L;1;4;;78560;77484;77476;6;
502;12;13720;L;1;4;;78479;78571;77523;6;
502;12;6464;L;1;4;;8477;8485;8458;5;
502;12;427;L;1;4;;74424;20181;20198;4;
502;12;12620;L;1;4;;77555;77511;77472;6;
502;12;306;L;7;0;;;20317;20724;4;
502;12;7249;L;1;4;;10859;10855;8578;5;
502;12;13585;L;1;4;;78653;78695;77518;6;
502;12;271;L;7;0;;;20980;20955;4;
502;12;12776;L;1;4;;77546;77544;77497;6;
502;12;13414;L;1;4;;78663;78500;78661;6;
502;12;13427;L;1;4;;78650;77493;78508;6;
502;12;6602;L;1;4;;7290;7292;7318;5;
502;12;1168;L;1;4;;20852;20256;20853;4;
502;12;14180;L;1;4;;79180;79231;77448;6;
502;12;6573;L;1;4;;7255;7286;7245;5;
502;12;7092;L;1;4;;7286;8458;7254;5;
502;12;6904;L;1;4;;8462;7260;7257;5;
502;12;14078;L;1;4;;79130;79128;79131;6;
502;12;6588;L;1;4;;10847;7258;7312;5;
502;12;813;L;1;4;;20175;20284;20276;4;
502;12;1395;L;1;4;;24944;20157;24926;4;
502;12;7048;L;1;4;;8442;8600;8530;5;
502;12;12573;L;1;4;;77531;77529;77532;6;
502;12;1514;L;1;4;;41203;20156;20222;4;
502;12;7052;L;1;4;;8582;10826;8530;5;
502;12;794;L;1;4;;20257;20254;20305;4;
502;12;6435;L;1;4;;7253;7252;7247;5;
502;12;6908;L;1;4;;8575;8540;7292;5;
502;12;14104;L;1;4;;79145;79150;78530;6;
502;12;6911;L;1;4;;74886;8560;7290;5;
502;12;1067;L;1;4;;20816;20809;20197;4;
502;12;6597;L;1;4;;10809;8590;7267;5;
502;12;6098;L;1;1;;84619;75230;84620;5;
502;12;1440;L;1;4;;24962;20174;20278;4;
502;12;6669;L;1;4;;7247;7254;7245;5;
502;12;6470;L;1;4;;8419;19527;7253;5;
502;12;1182;L;1;4;;20844;20177;20838;4;
502;12;1128;L;1;4;;20834;20832;20181;4;
502;12;12242;L;7;0;;;77548;78744;6;
502;12;12246;L;7;0;;;77548;78739;6;
502;12;12244;L;7;0;;;78762;78739;6;
502;12;12240;L;7;0;;;78759;78744;6;
502;12;12248;L;7;0;;;78759;78739;6;
502;12;13210;L;1;4;;78601;77570;78478;6;
502;12;14199;L;1;4;;84566;77797;77509;6;
502;12;14005;L;1;4;;79167;77509;77570;6;
502;12;12586;L;1;4;;77542;77534;77535;6;
502;12;1306;L;1;4;;24887;20311;21011;4;
502;12;436;L;1;4;;20188;20187;20189;4;
502;12;431;L;1;4;;20185;20156;20171;4;
502;12;6914;L;1;4;;8553;8537;7272;5;
502;12;355;L;7;0;;;20177;24871;4;
502;12;365;L;7;0;;;20177;24979;4;
502;12;357;L;7;0;;;20177;24902;4;
502;12;593;L;1;4;;20180;20191;20179;4;
502;12;589;L;1;4;;20194;20212;20191;4;
502;12;13509;L;1;4;;78469;78478;77496;6;
502;12;12948;L;1;4;;78510;77461;78544;6;
502;12;1094;L;1;4;;20825;20164;20274;4;
502;12;6917;L;1;4;;8572;7239;7242;5;
502;12;573;L;1;3;;21019;20170;20257;4;
502;12;583;L;1;3;;20262;20155;20169;4;
502;12;579;L;1;3;;20998;20169;20170;4;
502;12;6561;L;1;4;;7238;7249;7310;5;
502;12;379;L;7;0;;;24898;24871;4;
502;12;227;L;7;0;;;24898;20894;4;
502;12;828;L;1;4;;24898;24880;41268;4;
502;12;1521;L;7;0;;;41228;24871;4;
502;12;1527;L;7;0;;;41230;24902;4;
502;12;1535;L;7;0;;;41230;24902;4;
502;12;7055;L;1;4;;8546;7249;8458;5;
502;12;1020;L;1;4;;20799;20187;20797;4;
502;12;13707;L;1;4;;77490;78715;78717;6;
502;12;13940;L;1;4;;79129;78509;79124;6;
502;12;12472;L;1;4;;77485;77471;78714;6;
502;12;6924;L;1;4;;8566;7286;7256;5;
502;12;7210;L;1;4;;8566;8558;8564;5;
502;12;991;L;1;4;;20771;20222;20268;4;
502;12;773;L;1;4;;20178;20270;25672;4;
502;12;12282;L;7;0;;;77472;78770;6;
502;12;12284;L;7;0;;;77472;78772;6;
502;12;12476;L;1;3;;77472;77572;77496;6;
502;12;13905;L;1;4;;77472;78952;77496;6;
502;12;12280;L;7;0;;;78789;78466;6;
502;12;14112;L;1;4;;79171;77572;78526;6;
502;12;12278;L;7;0;;;78786;78770;6;
502;12;12276;L;7;0;;;78786;78772;6;
502;12;13837;L;1;4;;78829;77472;77496;6;
502;12;6928;L;1;4;;8550;7254;7259;5;
502;12;14100;L;1;4;;79182;79150;78530;6;
502;12;14052;L;1;4;;78675;78543;78668;6;
502;12;14049;L;1;4;;79177;78543;77520;6;
502;12;13526;L;1;4;;78672;77520;78543;6;
502;12;14158;L;1;4;;78668;78675;78476;6;
502;12;14056;L;1;4;;78668;78543;77520;6;
502;12;13461;L;1;4;;78543;78672;78476;6;
502;12;13468;L;1;4;;77520;77523;78476;6;
502;12;6968;L;1;4;;8731;8597;7267;5;
502;12;7081;L;1;4;;10833;8731;10834;5;
502;12;13981;L;1;4;;78714;77492;77485;6;
502;12;1308;L;1;4;;24889;20352;24887;4;
502;12;13521;L;1;4;;77582;78518;78521;6;
502;12;13603;L;1;4;;78550;78553;78699;6;
502;12;7245;L;1;4;;10855;8520;76892;5;
502;12;13279;L;1;4;;77529;78514;77527;6;
502;12;13699;L;1;4;;77492;77495;78714;6;
502;12;13599;L;1;4;;78549;77495;79152;6;
502;12;6431;L;1;4;;7237;8458;7252;5;
502;12;770;L;1;4;;24894;20191;24895;4;
502;12;764;L;1;4;;20299;20193;20191;4;
502;12;14148;L;1;4;;79122;78715;78913;6;
502;12;13974;L;1;4;;79156;78717;77492;6;
502;12;999;L;1;4;;20792;20298;20220;4;
502;12;13647;L;1;4;;78557;77468;77505;6;
502;12;12735;L;1;3;;77564;77577;77524;6;
502;12;13799;L;1;4;;78518;77577;78682;6;
502;12;13256;L;1;4;;78595;77472;77554;6;
502;12;6568;L;1;4;;10830;7270;8455;5;
502;12;6932;L;1;4;;8571;7240;8572;5;
502;12;13135;L;1;4;;77614;78655;78494;6;
502;12;13394;L;1;4;;78494;77503;78499;6;
502;12;12526;L;1;4;;77503;77506;77470;6;
502;12;13653;L;1;4;;77506;77470;77503;6;
502;12;12876;L;1;4;;78499;78494;78508;6;
502;12;12523;L;1;4;;77505;78593;77506;6;
502;12;821;L;1;4;;20327;20177;24935;4;
502;12;6936;L;1;4;;10835;19560;8531;5;
502;12;987;L;1;4;;20791;20790;20193;4;
502;12;13964;L;1;4;;79127;78505;78506;6;
502;12;13965;L;1;4;;78566;78652;78505;6;
502;12;1413;L;1;4;;24954;20228;24955;4;
502;12;981;L;1;4;;20789;41262;20790;4;
502;12;12216;L;7;0;;;78880;78739;6;
502;12;12764;L;1;4;;78880;77607;79165;6;
502;12;12214;L;7;0;;;78923;78739;6;
502;12;12218;L;7;0;;;78926;78739;6;
502;12;12709;L;1;4;;77585;78880;77530;6;
502;12;13608;L;1;4;;77495;77482;78700;6;
502;12;6940;L;1;4;;77495;8578;8731;5;
502;12;13703;L;1;4;;78715;79122;77482;6;
502;12;416;L;1;4;;20173;20171;20174;4;
502;12;412;L;1;4;;20170;20169;20171;4;
502;12;984;L;1;4;;20790;20789;20169;4;
502;12;1159;L;1;4;;20848;20271;21023;4;
502;12;1361;L;1;4;;24936;20782;20153;4;
502;12;6578;L;1;4;;7311;8458;8419;5;
502;12;938;L;1;4;;20782;20781;20323;4;
502;12;13743;L;1;4;;78538;78516;77499;6;
502;12;13390;L;1;4;;78878;77452;78910;6;
502;12;13691;L;1;4;;77519;77493;78566;6;
502;12;14059;L;1;4;;79178;77448;78508;6;
502;12;6945;L;1;4;;8558;7290;7286;5;
502;12;1162;L;1;4;;20850;20848;20177;4;
502;12;1118;L;1;4;;20830;20177;20832;4;
502;12;1141;L;1;4;;20839;20177;24937;4;
502;12;1138;L;1;4;;41269;20247;20839;4;
502;12;13359;L;1;4;;77602;77525;77472;6;
502;12;6530;L;1;4;;10837;8532;8455;5;
502;12;12616;L;1;4;;77554;77524;77498;6;
502;12;6526;L;1;4;;10838;7260;8550;5;
502;12;395;L;7;0;;;20216;24912;4;
502;12;399;L;7;0;;;20216;24902;4;
502;12;485;L;1;4;;20216;20215;24938;4;
502;12;13642;L;1;4;;78498;77470;77503;6;
502;12;1192;L;1;4;;20857;20285;20858;4;
502;12;1226;L;1;4;;20858;20246;20857;4;
502;12;1223;L;1;4;;20867;20195;20246;4;
502;12;13684;L;1;4;;78685;77579;78519;6;
502;12;13544;L;1;4;;78519;77577;77524;6;
502;12;12976;L;1;4;;77583;77472;77523;6;
502;12;12530;L;1;4;;77507;77508;77568;6;
502;12;12533;L;1;4;;77509;77568;77472;6;
502;12;6452;L;1;4;;7258;8414;7254;5;
502;12;13157;L;1;4;;77541;77525;77537;6;
502;12;13145;L;1;4;;78503;79163;78615;6;
502;12;14038;L;1;4;;79175;79174;78884;6;
502;12;1409;L;1;4;;25043;24949;20739;4;
502;12;13758;L;1;4;;78722;78723;78515;6;
502;12;12569;L;1;4;;77527;77559;77529;6;
502;12;1490;L;1;4;;20773;20156;20772;4;
502;12;1494;L;1;4;;20772;20222;20156;4;
502;12;6617;L;1;4;;7310;25672;8529;5;
502;12;12787;L;1;4;;84603;77530;77529;6;
502;12;6610;L;1;4;;7292;7290;7237;5;
502;12;6613;L;1;4;;7252;7237;25672;5;
502;12;13659;L;1;4;;78656;78611;79219;6;
502;12;13102;L;1;4;;78468;77530;77534;6;
502;12;12238;L;7;0;;;78757;78739;6;
502;12;12236;L;7;0;;;78755;78739;6;
502;12;13309;L;1;4;;78504;77471;77502;6;
502;12;13013;L;1;4;;78572;77522;78478;6;
502;12;1220;L;1;4;;20866;20865;20195;4;
502;12;6952;L;1;4;;8551;8523;7252;5;
502;12;1036;L;1;4;;20803;20194;24977;4;
502;12;13489;L;1;4;;78956;78478;77523;6;
