CID;TABCD;LCD;INT_CID;INT_TABCD;INT_LCD
515;25;2662;515;25;2679
515;25;2679;515;25;2662
515;25;964;515;25;2663
515;25;2663;515;25;964
515;25;2650;515;25;2664
515;25;2664;515;25;2650
515;25;546;515;25;2665
515;25;2665;515;25;546
515;25;2666;515;25;2668
515;25;2668;515;25;2672
515;25;2672;515;25;2674
515;25;2674;515;25;2666
515;25;2649;515;25;3245
515;25;3245;515;25;2649
515;25;2651;515;25;2655
515;25;2655;515;25;2651
515;25;961;515;25;963
515;25;963;515;25;2678
515;25;2678;515;25;961
515;25;542;515;25;544
515;25;544;515;25;960
515;25;960;515;25;542
515;25;957;515;25;959
515;25;959;515;25;2671
515;25;2671;515;25;2874
515;25;2874;515;25;957
515;25;2686;515;25;2688
515;25;2688;515;25;2686
515;25;966;515;25;2654
515;25;2654;515;25;966
515;25;2142;515;25;2680
515;25;2680;515;25;2142
515;25;2657;515;25;2659
515;25;2659;515;25;2675
515;25;2675;515;25;2657
515;25;548;515;25;2681
515;25;2681;515;25;548
515;25;360;515;25;370
515;25;370;515;25;360
515;25;364;515;25;368
515;25;368;515;25;364
515;25;362;515;25;366
515;25;366;515;25;362
515;25;703;515;25;2632
515;25;2632;515;25;703
515;25;3212;515;25;3214
515;25;3214;515;25;3212
515;25;411;515;25;459
515;25;459;515;25;461
515;25;461;515;25;411
515;25;412;515;25;417
515;25;417;515;25;412
515;25;410;515;25;2638
515;25;2638;515;25;2835
515;25;2835;515;25;410
515;25;3034;515;25;3215
515;25;3215;515;25;3034
515;25;2516;515;25;3005
515;25;3005;515;25;3216
515;25;3216;515;25;3237
515;25;3237;515;25;2516
515;25;523;515;25;525
515;25;525;515;25;715
515;25;715;515;25;717
515;25;717;515;25;523
515;25;714;515;25;765
515;25;765;515;25;767
515;25;767;515;25;714
515;25;713;515;25;2846
515;25;2846;515;25;713
515;25;628;515;25;630
515;25;630;515;25;712
515;25;712;515;25;628
515;25;591;515;25;2839
515;25;2839;515;25;591
515;25;711;515;25;2510
515;25;2510;515;25;2823
515;25;2823;515;25;711
515;25;573;515;25;710
515;25;710;515;25;3223
515;25;3223;515;25;573
515;25;358;515;25;372
515;25;372;515;25;358
515;25;356;515;25;374
515;25;374;515;25;356
515;25;76;515;25;202
515;25;202;515;25;227
515;25;227;515;25;76
515;25;77;515;25;2631
515;25;2631;515;25;77
515;25;106;515;25;120
515;25;120;515;25;106
515;25;105;515;25;147
515;25;147;515;25;105
515;25;56;515;25;236
515;25;236;515;25;56
515;25;129;515;25;140
515;25;140;515;25;129
515;25;86;515;25;225
515;25;225;515;25;86
515;25;64;515;25;224
515;25;224;515;25;64
515;25;222;515;25;1450
515;25;1450;515;25;222
515;25;60;515;25;218
515;25;218;515;25;60
515;25;73;515;25;155
515;25;155;515;25;73
515;25;68;515;25;239
515;25;239;515;25;68
515;25;52;515;25;232
515;25;232;515;25;514
515;25;514;515;25;52
515;25;392;515;25;1142
515;25;1142;515;25;392
515;25;468;515;25;2147
515;25;2147;515;25;2882
515;25;2882;515;25;468
515;25;3200;515;25;3201
515;25;3201;515;25;3200
515;25;2626;515;25;2893
515;25;2893;515;25;2894
515;25;2894;515;25;2626
515;25;2802;515;25;2886
515;25;2886;515;25;2802
515;25;2888;515;25;2890
515;25;2890;515;25;2888
515;25;648;515;25;1080
515;25;1080;515;25;648
515;25;657;515;25;1081
515;25;1081;515;25;657
515;25;597;515;25;633
515;25;633;515;25;635
515;25;635;515;25;597
515;25;636;515;25;2580
515;25;2580;515;25;3144
515;25;3144;515;25;636
515;25;249;515;25;577
515;25;577;515;25;637
515;25;637;515;25;249
515;25;794;515;25;2619
515;25;2619;515;25;2885
515;25;2885;515;25;794
515;25;3060;515;25;3063
515;25;3063;515;25;3060
515;25;396;515;25;400
515;25;400;515;25;396
515;25;388;515;25;390
515;25;390;515;25;388
515;25;1144;515;25;1148
515;25;1148;515;25;1144
515;25;394;515;25;398
515;25;398;515;25;394
515;25;2873;515;25;2877
515;25;2877;515;25;2873
515;25;253;515;25;2912
515;25;2912;515;25;253
515;25;650;515;25;810
515;25;810;515;25;650
515;25;662;515;25;812
515;25;812;515;25;662
515;25;813;515;25;821
515;25;821;515;25;813
515;25;814;515;25;1056
515;25;1056;515;25;814
515;25;207;515;25;904
515;25;904;515;25;2782
515;25;2782;515;25;2784
515;25;2784;515;25;207
515;25;619;515;25;905
515;25;905;515;25;619
515;25;687;515;25;906
515;25;906;515;25;2906
515;25;2906;515;25;687
515;25;67;515;25;2159
515;25;2159;515;25;67
515;25;1087;515;25;1103
515;25;1103;515;25;3234
515;25;3234;515;25;1087
515;25;488;515;25;918
515;25;918;515;25;2350
515;25;2350;515;25;3007
515;25;3007;515;25;488
515;25;1089;515;25;2604
515;25;2604;515;25;1089
515;25;538;515;25;540
515;25;540;515;25;919
515;25;919;515;25;538
515;25;777;515;25;1137
515;25;1137;515;25;777
515;25;665;515;25;920
515;25;920;515;25;665
515;25;3009;515;25;3010
515;25;3010;515;25;3009
515;25;659;515;25;667
515;25;667;515;25;659
515;25;651;515;25;653
515;25;653;515;25;1070
515;25;1070;515;25;651
515;25;3198;515;25;3199
515;25;3199;515;25;3198
515;25;2634;515;25;2896
515;25;2896;515;25;2634
515;25;510;515;25;515
515;25;515;515;25;517
515;25;517;515;25;2453
515;25;2453;515;25;510
515;25;432;515;25;434
515;25;434;515;25;2972
515;25;2972;515;25;2973
515;25;2973;515;25;432
515;25;435;515;25;3095
515;25;3095;515;25;435
515;25;2440;515;25;2444
515;25;2444;515;25;2446
515;25;2446;515;25;2440
515;25;3067;515;25;3069
515;25;3069;515;25;3067
515;25;649;515;25;804
515;25;804;515;25;2914
515;25;2914;515;25;649
515;25;2628;515;25;2630
515;25;2630;515;25;2628
515;25;438;515;25;2154
515;25;2154;515;25;438
515;25;2157;515;25;2160
515;25;2160;515;25;2157
515;25;443;515;25;2164
515;25;2164;515;25;443
515;25;444;515;25;1030
515;25;1030;515;25;444
515;25;445;515;25;447
515;25;447;515;25;2900
515;25;2900;515;25;2901
515;25;2901;515;25;445
515;25;719;515;25;721
515;25;721;515;25;719
515;25;847;515;25;2838
515;25;2838;515;25;847
515;25;402;515;25;2155
515;25;2155;515;25;402
515;25;1096;515;25;2158
515;25;2158;515;25;1096
515;25;407;515;25;2899
515;25;2899;515;25;407
515;25;408;515;25;1091
515;25;1091;515;25;408
515;25;409;515;25;424
515;25;424;515;25;1135
515;25;1135;515;25;409
515;25;205;515;25;526
515;25;526;515;25;205
515;25;527;515;25;886
515;25;886;515;25;527
515;25;528;515;25;530
515;25;530;515;25;607
515;25;607;515;25;609
515;25;609;515;25;528
515;25;498;515;25;1006
515;25;1006;515;25;498
515;25;1009;515;25;1123
515;25;1123;515;25;1009
515;25;1050;515;25;2837
515;25;2837;515;25;1050
515;25;490;515;25;1051
515;25;1051;515;25;490
515;25;2172;515;25;2203
515;25;2203;515;25;2172
515;25;2173;515;25;2209
515;25;2209;515;25;2173
515;25;2174;515;25;2716
515;25;2716;515;25;2174
515;25;1001;515;25;2175
515;25;2175;515;25;1001
515;25;2911;515;25;2969
515;25;2969;515;25;2911
515;25;1031;515;25;1053
515;25;1053;515;25;1031
515;25;448;515;25;1090
515;25;1090;515;25;448
515;25;2742;515;25;3229
515;25;3229;515;25;2742
515;25;2294;515;25;2363
515;25;2363;515;25;2294
515;25;2295;515;25;2368
515;25;2368;515;25;2295
515;25;2296;515;25;2373
515;25;2373;515;25;2296
515;25;2297;515;25;2774
515;25;2774;515;25;2297
515;25;2298;515;25;2378
515;25;2378;515;25;2298
515;25;2299;515;25;3178
515;25;3178;515;25;2299
515;25;2355;515;25;2709
515;25;2709;515;25;2355
515;25;420;515;25;466
515;25;466;515;25;1023
515;25;1023;515;25;2186
515;25;2186;515;25;420
515;25;419;515;25;1035
515;25;1035;515;25;419
515;25;418;515;25;452
515;25;452;515;25;418
515;25;839;515;25;841
515;25;841;515;25;861
515;25;861;515;25;2522
515;25;2522;515;25;839
515;25;738;515;25;862
515;25;862;515;25;738
515;25;737;515;25;844
515;25;844;515;25;846
515;25;846;515;25;737
515;25;679;515;25;848
515;25;848;515;25;679
515;25;849;515;25;2794
515;25;2794;515;25;849
515;25;851;515;25;885
515;25;885;515;25;851
515;25;852;515;25;854
515;25;854;515;25;929
515;25;929;515;25;1028
515;25;1028;515;25;852
515;25;725;515;25;727
515;25;727;515;25;927
515;25;927;515;25;725
515;25;928;515;25;935
515;25;935;515;25;939
515;25;939;515;25;928
515;25;616;515;25;618
515;25;618;515;25;669
515;25;669;515;25;616
515;25;921;515;25;3203
515;25;3203;515;25;921
515;25;2944;515;25;2946
515;25;2946;515;25;2944
515;25;2937;515;25;2947
515;25;2947;515;25;2937
515;25;2948;515;25;2950
515;25;2950;515;25;2948
515;25;3145;515;25;3153
515;25;3153;515;25;3145
515;25;734;515;25;736
515;25;736;515;25;734
515;25;732;515;25;2545
515;25;2545;515;25;732
515;25;2992;515;25;2994
515;25;2994;515;25;2992
515;25;3054;515;25;3064
515;25;3064;515;25;3054
515;25;1018;515;25;1020
515;25;1020;515;25;1018
515;25;2194;515;25;3230
515;25;3230;515;25;2194
515;25;491;515;25;1021
515;25;1021;515;25;491
515;25;1022;515;25;2234
515;25;2234;515;25;1022
515;25;1024;515;25;3231
515;25;3231;515;25;1024
515;25;2220;515;25;2703
515;25;2703;515;25;2220
515;25;2222;515;25;2236
515;25;2236;515;25;2222
515;25;2758;515;25;2759
515;25;2759;515;25;2758
515;25;2179;515;25;2743
515;25;2743;515;25;2179
515;25;2180;515;25;2199
515;25;2199;515;25;2180
515;25;2182;515;25;2204
515;25;2204;515;25;2182
515;25;996;515;25;2183
515;25;2183;515;25;996
515;25;2184;515;25;2233
515;25;2233;515;25;2184
515;25;1002;515;25;2185
515;25;2185;515;25;1002
515;25;2191;515;25;2196
515;25;2196;515;25;2191
515;25;2701;515;25;2704
515;25;2704;515;25;2701
515;25;2227;515;25;2717
515;25;2717;515;25;2227
515;25;1027;515;25;2228
515;25;2228;515;25;1027
515;25;1101;515;25;2229
515;25;2229;515;25;1101
515;25;638;515;25;1108
515;25;1108;515;25;2166
515;25;2166;515;25;638
515;25;983;515;25;2167
515;25;2167;515;25;983
515;25;2240;515;25;2702
515;25;2702;515;25;2240
515;25;211;515;25;2168
515;25;2168;515;25;211
515;25;2169;515;25;2232
515;25;2232;515;25;2169
515;25;1146;515;25;1168
515;25;1168;515;25;1146
515;25;2211;515;25;2798
515;25;2798;515;25;2211
515;25;2206;515;25;2215
515;25;2215;515;25;2206
515;25;2217;515;25;2235
515;25;2235;515;25;2217
515;25;3040;515;25;3045
515;25;3045;515;25;3040
515;25;3035;515;25;3037
515;25;3037;515;25;3041
515;25;3041;515;25;3035
515;25;3043;515;25;3047
515;25;3047;515;25;3043
515;25;1312;515;25;1314
515;25;1314;515;25;1316
515;25;1316;515;25;3242
515;25;3242;515;25;1312
515;25;3137;515;25;3141
515;25;3141;515;25;3137
515;25;3138;515;25;3149
515;25;3149;515;25;3138
515;25;2931;515;25;2936
515;25;2936;515;25;2931
515;25;2938;515;25;2940
515;25;2940;515;25;2938
515;25;429;515;25;2308
515;25;2308;515;25;2310
515;25;2310;515;25;429
515;25;1518;515;25;1520
515;25;1520;515;25;1518
515;25;605;515;25;646
515;25;646;515;25;605
515;25;602;515;25;606
515;25;606;515;25;602
515;25;1534;515;25;1536
515;25;1536;515;25;1534
515;25;748;515;25;750
515;25;750;515;25;748
515;25;751;515;25;2426
515;25;2426;515;25;751
515;25;752;515;25;1074
515;25;1074;515;25;752
515;25;600;515;25;753
515;25;753;515;25;600
515;25;2902;515;25;2964
515;25;2964;515;25;2902
515;25;2966;515;25;2968
515;25;2968;515;25;2966
515;25;3038;515;25;3046
515;25;3046;515;25;3038
515;25;631;515;25;2557
515;25;2557;515;25;631
515;25;632;515;25;1078
515;25;1078;515;25;632
515;25;1268;515;25;1270
515;25;1270;515;25;1268
515;25;2288;515;25;2307
515;25;2307;515;25;2288
515;25;423;515;25;2292
515;25;2292;515;25;423
515;25;1356;515;25;1362
515;25;1362;515;25;1356
515;25;567;515;25;858
515;25;858;515;25;1118
515;25;1118;515;25;567
515;25;63;515;25;1117
515;25;1117;515;25;1447
515;25;1447;515;25;63
515;25;2878;515;25;2952
515;25;2952;515;25;3250
515;25;3250;515;25;2878
515;25;953;515;25;3252
515;25;3252;515;25;953
515;25;954;515;25;2660
515;25;2660;515;25;3191
515;25;3191;515;25;954
515;25;956;515;25;3251
515;25;3251;515;25;956
515;25;2669;515;25;3253
515;25;3253;515;25;2669
515;25;1358;515;25;1360
515;25;1360;515;25;1358
515;25;1340;515;25;1350
515;25;1350;515;25;1340
515;25;1344;515;25;1346
515;25;1346;515;25;1344
515;25;1338;515;25;1352
515;25;1352;515;25;1338
515;25;1508;515;25;2863
515;25;2863;515;25;2865
515;25;2865;515;25;1508
515;25;563;515;25;565
515;25;565;515;25;890
515;25;890;515;25;1445
515;25;1445;515;25;563
515;25;566;515;25;698
515;25;698;515;25;2856
515;25;2856;515;25;2861
515;25;2861;515;25;566
515;25;1342;515;25;1348
515;25;1348;515;25;1354
515;25;1354;515;25;1342
515;25;558;515;25;560
515;25;560;515;25;2427
515;25;2427;515;25;558
515;25;204;515;25;561
515;25;561;515;25;1075
515;25;1075;515;25;204
515;25;562;515;25;599
515;25;599;515;25;562
515;25;1244;515;25;1264
515;25;1264;515;25;1244
515;25;1246;515;25;1266
515;25;1266;515;25;1246
515;25;1252;515;25;1258
515;25;1258;515;25;1252
515;25;1248;515;25;1260
515;25;1260;515;25;1248
515;25;1254;515;25;1262
515;25;1262;515;25;1254
515;25;1250;515;25;1256
515;25;1256;515;25;1250
515;25;790;515;25;2441
515;25;2441;515;25;790
515;25;588;515;25;590
515;25;590;515;25;2537
515;25;2537;515;25;588
515;25;592;515;25;2566
515;25;2566;515;25;592
515;25;594;515;25;596
515;25;596;515;25;1082
515;25;1082;515;25;594
515;25;2396;515;25;2398
515;25;2398;515;25;2396
515;25;2400;515;25;2402
515;25;2402;515;25;2400
515;25;806;515;25;827
515;25;827;515;25;829
515;25;829;515;25;806
515;25;654;515;25;820
515;25;820;515;25;654
515;25;823;515;25;825
515;25;825;515;25;823
515;25;1065;515;25;2416
515;25;2416;515;25;1065
515;25;2417;515;25;2419
515;25;2419;515;25;2417
515;25;2633;515;25;2636
515;25;2636;515;25;2633
515;25;769;515;25;887
515;25;887;515;25;889
515;25;889;515;25;769
515;25;891;515;25;3146
515;25;3146;515;25;3148
515;25;3148;515;25;891
515;25;2715;515;25;2807
515;25;2807;515;25;2715
515;25;2616;515;25;2851
515;25;2851;515;25;2859
515;25;2859;515;25;3066
515;25;3066;515;25;2616
515;25;1368;515;25;1370
515;25;1370;515;25;1368
515;25;427;515;25;984
515;25;984;515;25;427
515;25;496;515;25;640
515;25;640;515;25;496
515;25;521;515;25;2434
515;25;2434;515;25;521
515;25;760;515;25;2435
515;25;2435;515;25;760
515;25;743;515;25;2436
515;25;2436;515;25;743
515;25;553;515;25;2437
515;25;2437;515;25;553
515;25;2514;515;25;2706
515;25;2706;515;25;3120
515;25;3120;515;25;2514
515;25;2438;515;25;2509
515;25;2509;515;25;2438
515;25;465;515;25;2777
515;25;2777;515;25;465
515;25;467;515;25;1112
515;25;1112;515;25;3087
515;25;3087;515;25;467
515;25;693;515;25;937
515;25;937;515;25;693
515;25;938;515;25;943
515;25;943;515;25;938
515;25;2360;515;25;2748
515;25;2748;515;25;2360
515;25;2342;515;25;2351
515;25;2351;515;25;2998
515;25;2998;515;25;2342
515;25;678;515;25;932
515;25;932;515;25;678
515;25;933;515;25;2793
515;25;2793;515;25;933
515;25;884;515;25;934
515;25;934;515;25;884
515;25;681;515;25;993
515;25;993;515;25;681
515;25;682;515;25;3169
515;25;3169;515;25;682
515;25;208;515;25;621
515;25;621;515;25;683
515;25;683;515;25;685
515;25;685;515;25;208
515;25;462;515;25;2317
515;25;2317;515;25;462
515;25;2385;515;25;2387
515;25;2387;515;25;2385
515;25;674;515;25;2388
515;25;2388;515;25;674
515;25;2395;515;25;2710
515;25;2710;515;25;2395
515;25;2389;515;25;2391
515;25;2391;515;25;2785
515;25;2785;515;25;2389
515;25;532;515;25;534
515;25;534;515;25;532
515;25;535;515;25;2348
515;25;2348;515;25;535
515;25;531;515;25;694
515;25;694;515;25;531
515;25;944;515;25;1055
515;25;1055;515;25;944
515;25;2602;515;25;3243
515;25;3243;515;25;2602
515;25;1499;515;25;1501
515;25;1501;515;25;1499
515;25;3021;515;25;3024
515;25;3024;515;25;3021
515;25;3025;515;25;3028
515;25;3028;515;25;3025
515;25;2976;515;25;2978
515;25;2978;515;25;2976
515;25;2904;515;25;2979
515;25;2979;515;25;2904
515;25;2981;515;25;2985
515;25;2985;515;25;2981
515;25;1475;515;25;1477
515;25;1477;515;25;1475
515;25;585;515;25;645
515;25;645;515;25;585
515;25;586;515;25;744
515;25;744;515;25;746
515;25;746;515;25;586
515;25;554;515;25;556
515;25;556;515;25;587
515;25;587;515;25;554
515;25;783;515;25;2455
515;25;2455;515;25;783
515;25;759;515;25;785
515;25;785;515;25;759
515;25;742;515;25;786
515;25;786;515;25;742
515;25;552;515;25;787
515;25;787;515;25;552
515;25;788;515;25;2508
515;25;2508;515;25;788
515;25;570;515;25;789
515;25;789;515;25;570
515;25;3000;515;25;3134
515;25;3134;515;25;3000
515;25;876;515;25;924
515;25;924;515;25;876
515;25;85;515;25;254
515;25;254;515;25;85
515;25;302;515;25;304
515;25;304;515;25;306
515;25;306;515;25;302
515;25;310;515;25;322
515;25;322;515;25;310
515;25;2146;515;25;2149
515;25;2149;515;25;2146
515;25;2824;515;25;3014
515;25;3014;515;25;2824
515;25;2847;515;25;3015
515;25;3015;515;25;3224
515;25;3224;515;25;2847
515;25;3016;515;25;3019
515;25;3019;515;25;3016
515;25;59;515;25;74
515;25;74;515;25;59
515;25;312;515;25;318
515;25;318;515;25;312
515;25;314;515;25;320
515;25;320;515;25;314
515;25;290;515;25;300
515;25;300;515;25;290
515;25;352;515;25;354
515;25;354;515;25;1436
515;25;1436;515;25;1438
515;25;1438;515;25;1440
515;25;1440;515;25;1442
515;25;1442;515;25;352
515;25;272;515;25;282
515;25;282;515;25;272
515;25;260;515;25;262
515;25;262;515;25;260
515;25;332;515;25;334
515;25;334;515;25;336
515;25;336;515;25;342
515;25;342;515;25;332
515;25;1463;515;25;1473
515;25;1473;515;25;1463
515;25;308;515;25;326
515;25;326;515;25;308
515;25;1150;515;25;1166
515;25;1166;515;25;1150
515;25;378;515;25;386
515;25;386;515;25;378
515;25;380;515;25;384
515;25;384;515;25;380
515;25;292;515;25;296
515;25;296;515;25;292
515;25;294;515;25;298
515;25;298;515;25;294
515;25;270;515;25;286
515;25;286;515;25;270
515;25;258;515;25;266
515;25;266;515;25;258
515;25;338;515;25;344
515;25;344;515;25;338
515;25;1467;515;25;1469
515;25;1469;515;25;1467
515;25;1465;515;25;1471
515;25;1471;515;25;1465
515;25;316;515;25;324
515;25;324;515;25;316
515;25;328;515;25;330
515;25;330;515;25;328
515;25;376;515;25;382
515;25;382;515;25;376
515;25;284;515;25;288
515;25;288;515;25;284
515;25;264;515;25;268
515;25;268;515;25;264
515;25;340;515;25;346
515;25;346;515;25;340
515;25;348;515;25;350
515;25;350;515;25;348
515;25;1152;515;25;1192
515;25;1192;515;25;1194
515;25;1194;515;25;1457
515;25;1457;515;25;1152
515;25;2517;515;25;2833
515;25;2833;515;25;2517
515;25;1300;515;25;1302
515;25;1302;515;25;1300
515;25;2542;515;25;2548
515;25;2548;515;25;2542
515;25;2549;515;25;2585
515;25;2585;515;25;2549
515;25;2712;515;25;2826
515;25;2826;515;25;2712
515;25;2713;515;25;2719
515;25;2719;515;25;2713
515;25;2410;515;25;2412
515;25;2412;515;25;2410
515;25;2382;515;25;2384
515;25;2384;515;25;2382
515;25;818;515;25;1093
515;25;1093;515;25;818
515;25;807;515;25;1094
515;25;1094;515;25;807
515;25;3048;515;25;3049
515;25;3049;515;25;3093
515;25;3093;515;25;3048
515;25;2318;515;25;2732
515;25;2732;515;25;2318
515;25;3052;515;25;3055
515;25;3055;515;25;3052
515;25;2314;515;25;2316
515;25;2316;515;25;2314
515;25;871;515;25;894
515;25;894;515;25;1064
515;25;1064;515;25;871
515;25;2428;515;25;2430
515;25;2430;515;25;2553
515;25;2553;515;25;2555
515;25;2555;515;25;2428
515;25;2431;515;25;2586
515;25;2586;515;25;2431
515;25;2422;515;25;2424
515;25;2424;515;25;2422
515;25;2577;515;25;2718
515;25;2718;515;25;2577
515;25;2575;515;25;2578
515;25;2578;515;25;2575
515;25;2574;515;25;2797
515;25;2797;515;25;2574
515;25;2711;515;25;2720
515;25;2720;515;25;2711
515;25;1083;515;25;2579
515;25;2579;515;25;1083
515;25;779;515;25;3211
515;25;3211;515;25;779
515;25;781;515;25;838
515;25;838;515;25;865
515;25;865;515;25;781
515;25;519;515;25;3182
515;25;3182;515;25;519
515;25;3155;515;25;3156
515;25;3156;515;25;3155
515;25;2567;515;25;2595
515;25;2595;515;25;2567
515;25;2617;515;25;2623
515;25;2623;515;25;2617
515;25;1524;515;25;1528
515;25;1528;515;25;1524
515;25;1322;515;25;1336
515;25;1336;515;25;1322
515;25;1328;515;25;1334
515;25;1334;515;25;1328
515;25;1326;515;25;1330
515;25;1330;515;25;1326
515;25;1324;515;25;1332
515;25;1332;515;25;1324
515;25;623;515;25;843
515;25;843;515;25;623
515;25;522;515;25;624
515;25;624;515;25;626
515;25;626;515;25;522
515;25;2613;515;25;2726
515;25;2726;515;25;2613
515;25;641;515;25;2942
515;25;2942;515;25;641
515;25;994;515;25;2943
515;25;2943;515;25;994
515;25;2923;515;25;2925
515;25;2925;515;25;2923
515;25;1483;515;25;1485
515;25;1485;515;25;1483
515;25;72;515;25;504
515;25;504;515;25;1113
515;25;1113;515;25;3121
515;25;3121;515;25;72
515;25;124;515;25;2330
515;25;2330;515;25;124
515;25;79;515;25;1040
515;25;1040;515;25;79
515;25;141;515;25;2323
515;25;2323;515;25;141
515;25;80;515;25;2685
515;25;2685;515;25;80
515;25;695;515;25;697
515;25;697;515;25;856
515;25;856;515;25;695
515;25;857;515;25;950
515;25;950;515;25;857
515;25;3185;515;25;3187
515;25;3187;515;25;3185
515;25;2484;515;25;2486
515;25;2486;515;25;2484
515;25;2487;515;25;2489
515;25;2489;515;25;2487
515;25;1382;515;25;1386
515;25;1386;515;25;1382
515;25;1380;515;25;1384
515;25;1384;515;25;1380
515;25;724;515;25;881
515;25;881;515;25;883
515;25;883;515;25;724
515;25;1086;515;25;3194
515;25;3194;515;25;1086
515;25;880;515;25;896
515;25;896;515;25;880
515;25;3099;515;25;3103
515;25;3103;515;25;3099
515;25;3105;515;25;3109
515;25;3109;515;25;3105
515;25;456;515;25;3106
515;25;3106;515;25;456
515;25;3088;515;25;3100
515;25;3100;515;25;3088
515;25;1039;515;25;3089
515;25;3089;515;25;1039
515;25;3090;515;25;3108
515;25;3108;515;25;3090
515;25;2285;515;25;3092
515;25;3092;515;25;2285
515;25;620;515;25;1062
515;25;1062;515;25;620
515;25;3167;515;25;3192
515;25;3192;515;25;3167
515;25;502;515;25;998
515;25;998;515;25;502
515;25;642;515;25;999
515;25;999;515;25;642
515;25;2843;515;25;3257
515;25;3257;515;25;2843
515;25;503;515;25;1026
515;25;1026;515;25;503
515;25;1154;515;25;1158
515;25;1158;515;25;1186
515;25;1186;515;25;1154
515;25;1156;515;25;1172
515;25;1172;515;25;1182
515;25;1182;515;25;1184
515;25;1184;515;25;1156
515;25;499;515;25;1010
515;25;1010;515;25;499
515;25;500;515;25;2195
515;25;2195;515;25;500
515;25;209;515;25;492
515;25;492;515;25;501
515;25;501;515;25;2871
515;25;2871;515;25;209
515;25;1160;515;25;1170
515;25;1170;515;25;1174
515;25;1174;515;25;1178
515;25;1178;515;25;1160
515;25;1162;515;25;1164
515;25;1164;515;25;1180
515;25;1180;515;25;1162
515;25;747;515;25;1124
515;25;1124;515;25;747
515;25;557;515;25;627
515;25;627;515;25;557
515;25;3082;515;25;3083
515;25;3083;515;25;3082
515;25;900;515;25;989
515;25;989;515;25;900
515;25;901;515;25;914
515;25;914;515;25;901
515;25;895;515;25;2790
515;25;2790;515;25;895
515;25;3132;515;25;3133
515;25;3133;515;25;3132
515;25;2256;515;25;2721
515;25;2721;515;25;2256
515;25;2258;515;25;2265
515;25;2265;515;25;2258
515;25;3096;515;25;3113
515;25;3113;515;25;3096
515;25;2339;515;25;2722
515;25;2722;515;25;2339
515;25;2749;515;25;2750
515;25;2750;515;25;2749
515;25;992;515;25;2527
515;25;2527;515;25;992
515;25;2528;515;25;2530
515;25;2530;515;25;2528
515;25;1085;515;25;2789
515;25;2789;515;25;3073
515;25;3073;515;25;1085
515;25;3011;515;25;3027
515;25;3027;515;25;3011
515;25;3029;515;25;3031
515;25;3031;515;25;3029
515;25;1503;515;25;1505
515;25;1505;515;25;1503
515;25;2556;515;25;2563
515;25;2563;515;25;2556
515;25;1510;515;25;1512
515;25;1512;515;25;1510
515;25;795;515;25;2853
515;25;2853;515;25;795
515;25;798;515;25;800
515;25;800;515;25;798
515;25;656;515;25;808
515;25;808;515;25;656
515;25;3116;515;25;3117
515;25;3117;515;25;3116
515;25;2454;515;25;2494
515;25;2494;515;25;2496
515;25;2496;515;25;2454
515;25;2490;515;25;2520
515;25;2520;515;25;3119
515;25;3119;515;25;2490
515;25;2466;515;25;2521
515;25;2521;515;25;2466
515;25;1495;515;25;1497
515;25;1497;515;25;1495
515;25;3197;515;25;3225
515;25;3225;515;25;3197
515;25;574;515;25;2568
515;25;2568;515;25;2848
515;25;2848;515;25;574
515;25;203;515;25;575
515;25;575;515;25;1084
515;25;1084;515;25;2849
515;25;2849;515;25;203
515;25;250;515;25;578
515;25;578;515;25;699
515;25;699;515;25;2858
515;25;2858;515;25;2869
515;25;2869;515;25;250
515;25;1418;515;25;1422
515;25;1422;515;25;1434
515;25;1434;515;25;1418
515;25;1408;515;25;1420
515;25;1420;515;25;1424
515;25;1424;515;25;1426
515;25;1426;515;25;1408
515;25;1282;515;25;1284
515;25;1284;515;25;1292
515;25;1292;515;25;1282
515;25;1286;515;25;1294
515;25;1294;515;25;1296
515;25;1296;515;25;1286
515;25;1400;515;25;1428
515;25;1428;515;25;1432
515;25;1432;515;25;1400
515;25;1414;515;25;1430
515;25;1430;515;25;1414
515;25;1278;515;25;1280
515;25;1280;515;25;1298
515;25;1298;515;25;1278
515;25;1276;515;25;1288
515;25;1288;515;25;1290
515;25;1290;515;25;1276
515;25;1364;515;25;1366
515;25;1366;515;25;1364
515;25;569;515;25;3218
515;25;3218;515;25;569
515;25;3220;515;25;3222
515;25;3222;515;25;3227
515;25;3227;515;25;3228
515;25;3228;515;25;3220
515;25;2505;515;25;3219
515;25;3219;515;25;2505
515;25;478;515;25;2150
515;25;2150;515;25;478
515;25;2728;515;25;2729
515;25;2729;515;25;3124
515;25;3124;515;25;3128
515;25;3128;515;25;2728
515;25;2730;515;25;2753
515;25;2753;515;25;2730
515;25;2335;515;25;2606
515;25;2606;515;25;2335
515;25;2531;515;25;2533
515;25;2533;515;25;2531
515;25;2483;515;25;2534
515;25;2534;515;25;2483
515;25;482;515;25;868
515;25;868;515;25;482
515;25;872;515;25;3170
515;25;3170;515;25;872
515;25;866;515;25;873
515;25;873;515;25;1058
515;25;1058;515;25;866
515;25;672;515;25;870
515;25;870;515;25;672
515;25;2266;515;25;3110
515;25;3110;515;25;2266
515;25;1047;515;25;2778
515;25;2778;515;25;1047
515;25;1045;515;25;1048
515;25;1048;515;25;1045
515;25;2329;515;25;2733
515;25;2733;515;25;2329
515;25;229;515;25;3078
515;25;3078;515;25;229
515;25;2512;515;25;2760
515;25;2760;515;25;2512
515;25;980;515;25;982
515;25;982;515;25;980
515;25;2243;515;25;3226
515;25;3226;515;25;2243
515;25;2344;515;25;2347
515;25;2347;515;25;2344
515;25;991;515;25;2354
515;25;2354;515;25;991
515;25;915;515;25;2356
515;25;2356;515;25;915
515;25;911;515;25;2364
515;25;2364;515;25;911
515;25;907;515;25;912
515;25;912;515;25;907
515;25;913;515;25;2773
515;25;2773;515;25;913
515;25;987;515;25;1107
515;25;1107;515;25;987
515;25;1109;515;25;1120
515;25;1120;515;25;1109
515;25;643;515;25;1122
515;25;1122;515;25;643
515;25;969;515;25;971
515;25;971;515;25;969
515;25;2932;515;25;3240
515;25;3240;515;25;2932
515;25;2269;515;25;2271
515;25;2271;515;25;2796
515;25;2796;515;25;2269
515;25;486;515;25;1104
515;25;1104;515;25;2775
515;25;2775;515;25;486
515;25;688;515;25;2772
515;25;2772;515;25;688
515;25;1228;515;25;1230
515;25;1230;515;25;1228
515;25;692;515;25;728
515;25;728;515;25;692
515;25;729;515;25;942
515;25;942;515;25;729
515;25;1041;515;25;3196
515;25;3196;515;25;1041
515;25;1232;515;25;1234
515;25;1234;515;25;1232
515;25;677;515;25;722
515;25;722;515;25;677
515;25;723;515;25;2791
515;25;2791;515;25;2792
515;25;2792;515;25;723
515;25;1459;515;25;1493
515;25;1493;515;25;1459
515;25;1487;515;25;1489
515;25;1489;515;25;1491
515;25;1491;515;25;2867
515;25;2867;515;25;1487
515;25;689;515;25;691
515;25;691;515;25;689
515;25;1200;515;25;1202
515;25;1202;515;25;1204
515;25;1204;515;25;1206
515;25;1206;515;25;1200
515;25;686;515;25;2365
515;25;2365;515;25;686
515;25;1198;515;25;1208
515;25;1208;515;25;1198
515;25;1196;515;25;1210
515;25;1210;515;25;1196
515;25;3125;515;25;3159
515;25;3159;515;25;3125
515;25;2246;515;25;2958
515;25;2958;515;25;2246
515;25;453;515;25;455
515;25;455;515;25;2252
515;25;2252;515;25;453
515;25;2321;515;25;2723
515;25;2723;515;25;2321
515;25;2639;515;25;2917
515;25;2917;515;25;2639
515;25;2724;515;25;2744
515;25;2744;515;25;2724
515;25;2725;515;25;2735
515;25;2735;515;25;2725
515;25;2928;515;25;2930
515;25;2930;515;25;2928
515;25;2261;515;25;2263
515;25;2263;515;25;3115
515;25;3115;515;25;2261
515;25;430;515;25;2986
515;25;2986;515;25;2988
515;25;2988;515;25;430
515;25;2989;515;25;2991
515;25;2991;515;25;2989
515;25;1059;515;25;1061
515;25;1061;515;25;1059
515;25;213;515;25;214
515;25;214;515;25;213
515;25;244;515;25;3012
515;25;3012;515;25;244
515;25;1236;515;25;1240
515;25;1240;515;25;1236
515;25;1272;515;25;1274
515;25;1274;515;25;1272
515;25;1479;515;25;1481
515;25;1481;515;25;1479
515;25;1238;515;25;1242
515;25;1242;515;25;1238
515;25;768;515;25;1073
515;25;1073;515;25;768
515;25;1076;515;25;2302
515;25;2302;515;25;1076
515;25;598;515;25;2303
515;25;2303;515;25;598
515;25;2504;515;25;2507
515;25;2507;515;25;2504
515;25;251;515;25;2622
515;25;2622;515;25;2769
515;25;2769;515;25;251
515;25;1388;515;25;1394
515;25;1394;515;25;1388
515;25;1374;515;25;1378
515;25;1378;515;25;1374
515;25;1372;515;25;1376
515;25;1376;515;25;1372
515;25;1390;515;25;1392
515;25;1392;515;25;1390
515;25;579;515;25;2768
515;25;2768;515;25;579
515;25;2620;515;25;2852
515;25;2852;515;25;2620
515;25;972;515;25;2162
515;25;2162;515;25;972
515;25;464;515;25;973
515;25;973;515;25;464
515;25;1448;515;25;2933
515;25;2933;515;25;1448
515;25;1188;515;25;1453
515;25;1453;515;25;1188
515;25;1176;515;25;1190
515;25;1190;515;25;1176
515;25;1036;515;25;1038
515;25;1038;515;25;1036
515;25;1032;515;25;1034
515;25;1034;515;25;2143
515;25;2143;515;25;1032
515;25;1514;515;25;1516
515;25;1516;515;25;1514
515;25;1318;515;25;1320
515;25;1320;515;25;1318
515;25;770;515;25;3129
515;25;3129;515;25;770
515;25;774;515;25;946
515;25;946;515;25;774
515;25;776;515;25;949
515;25;949;515;25;776
515;25;520;515;25;2478
515;25;2478;515;25;520
515;25;457;515;25;2284
515;25;2284;515;25;457
515;25;449;515;25;451
515;25;451;515;25;449
515;25;1212;515;25;1214
515;25;1214;515;25;1212
515;25;2461;515;25;3205
515;25;3205;515;25;2461
515;25;1216;515;25;1218
515;25;1218;515;25;1216
515;25;741;515;25;2480
515;25;2480;515;25;741
515;25;761;515;25;763
515;25;763;515;25;761
515;25;758;515;25;2479
515;25;2479;515;25;758
515;25;551;515;25;2481
515;25;2481;515;25;551
515;25;671;515;25;675
515;25;675;515;25;671
515;25;206;515;25;670
515;25;670;515;25;2786
515;25;2786;515;25;206
515;25;1222;515;25;1224
515;25;1224;515;25;1222
515;25;1220;515;25;1226
515;25;1226;515;25;1220
515;25;2460;515;25;2738
515;25;2738;515;25;2460
515;25;2477;515;25;2737
515;25;2737;515;25;2477
515;25;2456;515;25;2468
515;25;2468;515;25;2456
515;25;2304;515;25;3140
515;25;3140;515;25;2304
515;25;2971;515;25;2975
515;25;2975;515;25;2971
515;25;1130;515;25;1134
515;25;1134;515;25;1130
515;25;431;515;25;2260
515;25;2260;515;25;431
515;25;3160;515;25;3161
515;25;3161;515;25;3160
515;25;945;515;25;3164
515;25;3164;515;25;945
515;25;487;515;25;2377
515;25;2377;515;25;487
515;25;802;515;25;2627
515;25;2627;515;25;2887
515;25;2887;515;25;802
515;25;801;515;25;3166
515;25;3166;515;25;801
515;25;2676;515;25;2682
515;25;2682;515;25;2676
515;25;2469;515;25;2471
515;25;2471;515;25;2469
515;25;2475;515;25;2540
515;25;2540;515;25;2475
515;25;2754;515;25;2756
515;25;2756;515;25;2754
515;25;485;515;25;2367
515;25;2367;515;25;485
515;25;2467;515;25;2524
515;25;2524;515;25;2467
515;25;2601;515;25;2751
515;25;2751;515;25;2601
515;25;2343;515;25;2605
515;25;2605;515;25;2343
515;25;481;515;25;3210
515;25;3210;515;25;481
515;25;1530;515;25;1532
515;25;1532;515;25;1530
515;25;1522;515;25;1526
515;25;1526;515;25;1522
515;25;2406;515;25;3081
515;25;3081;515;25;2406
515;25;143;515;25;3262
515;25;3262;515;25;143
515;25;3263;515;25;3265
515;25;3265;515;25;3263
