CID;LID;NID;NAME;NCOMMENT
515;1;2;亚洲;
515;1;3;中国;
515;1;463;浙江省;
515;1;464;杭州市;
515;1;707;１１号大街;
515;1;1626;之江东路;
515;1;650;学府街;
515;1;1289;２０号大街;
515;1;1354;１２号大街;
515;1;1311;６号大街;
515;1;1355;１号大街;
515;1;706;２３号大街;
515;1;1288;２号大街;
515;1;654;１号路;
515;1;653;６号路;
515;1;655;杭州萧山国际机场;
515;1;1234;１５号大街;
515;1;303;文渊路;
515;1;1425;５号大街;
515;1;1426;２１号大街;
515;1;840;Ｇ１０４;
515;1;745;杭州绕城公路;
515;1;841;杭州绕城公路Ｇ１０４入口匝道;
515;1;747;杭州绕城公路内圈;
515;1;842;杭州绕城公路内圈Ｇ１０４入口匝道;
515;1;752;杭州绕城公路外圈;
515;1;843;杭州绕城公路外圈Ｇ１０４入口匝道;
515;1;644;观山路;
515;1;1798;萧项线;
515;1;1796;祥邱线;
515;1;33;东西大道;
515;1;1795;勾庄互通;
515;1;1840;弘慧路;
515;1;89;通惠北路;
515;1;64;金城路;
515;1;534;塘新线;
515;1;1797;萧山东互通;
515;1;63;八柯线;
515;1;608;勾庄路;
515;1;237;好运路;
515;1;1685;棕榈路;
515;1;138;莫干山路;
515;1;18;环城北路;
515;1;185;文晖路;
515;1;159;文一路;
515;1;137;教工路;
515;1;180;登云路;
515;1;239;申花路;
515;1;20;石祥路;
515;1;844;Ｇ１０４北侧;
515;1;845;杭州绕城公路Ｇ１０４北侧入口匝道;
515;1;846;Ｇ１０４南侧;
515;1;847;杭州绕城公路Ｇ１０４南侧入口匝道;
515;1;1541;长深高速公路;
515;1;28;杭新景高速公路;
515;1;786;Ｇ３２０;
515;1;1553;进贤大道;
515;1;1550;考坑;
515;1;660;Ｓ０６;
515;1;486;Ｓ２３;
515;1;11;滨文路;
515;1;1741;新衢路;
515;1;1821;西朱线;
515;1;488;建德服务区;
515;1;1823;杨梅线;
515;1;489;乾潭收费站;
515;1;490;安仁收费站;
515;1;1824;徐七线;
515;1;492;迎春南路;
515;1;1825;柴雅线;
515;1;682;桐庐服务区;
515;1;494;横屏线;
515;1;1523;汤横线;
515;1;496;Ｓ１９;
515;1;1826;新中线;
515;1;497;富阳线;
515;1;1552;东桥路;
515;1;736;袁富路;
515;1;1474;之浦路;
515;1;1829;杭州绕城公路北段;
515;1;9;文汇路;
515;1;1542;练杭高速公路;
515;1;446;杭浦高速公路;
515;1;21;杭甬高速公路;
515;1;219;乔莫西路;
515;1;1830;杭州绕城公路东段;
515;1;1467;沪昆高速公路;
515;1;465;下沙服务区;
515;1;1828;红垦枢纽;
515;1;35;机场高速公路;
515;1;1638;杨渔线;
515;1;1831;杭州绕城公路南段;
515;1;1511;云河路;
515;1;746;蜀山路;
515;1;117;时代大道;
515;1;466;狮闻线;
515;1;467;西湖服务区;
515;1;1832;杭州绕城公路西段;
515;1;1555;留转路;
515;1;1545;杭瑞高速公路;
515;1;249;文二西路;
515;1;1364;留祥路;
515;1;1882;杭长高速公路;
515;1;805;杭州绕城公路Ｇ３２０入口匝道;
515;1;506;杭州伊甸山庄;
515;1;1632;星发街;
515;1;870;杭新路;
515;1;98;大中线;
515;1;1782;崇杭街;
515;1;1799;半山互通;
515;1;233;半山路;
515;1;1793;广洛路;
515;1;1631;临半路;
515;1;200;沈半路;
515;1;1452;临平大道;
515;1;209;星光街;
515;1;1633;运溪路;
515;1;163;绍兴路;
515;1;201;湖州街;
515;1;1560;永祥街;
515;1;1696;外环西路;
515;1;373;萧钱线;
515;1;1693;奔竞二路;
515;1;1694;鹏起路;
515;1;105;之江路;
515;1;866;Ｇ３２０东侧;
515;1;874;杭州绕城公路Ｇ３２０东侧入口匝道;
515;1;878;杭州绕城公路内圈Ｇ３２０东侧入口匝道;
515;1;876;杭州绕城公路外圈Ｇ３２０东侧入口匝道;
515;1;872;Ｇ３２０西侧;
515;1;875;杭州绕城公路Ｇ３２０西侧入口匝道;
515;1;1627;金沙大道;
515;1;1628;海达南路;
515;1;210;世纪大道;
515;1;1492;石大快速路;
515;1;208;临东路;
515;1;1502;望梅路;
515;1;1644;星河南路;
515;1;211;迎宾路;
515;1;212;东湖南路;
515;1;16;望江路;
515;1;295;中河南路;
515;1;15;秋涛路;
515;1;194;江城路;
515;1;1886;Ｓ１０２;
515;1;453;颊口出入口;
515;1;454;龙岗服务区;
515;1;455;龙岗出入口;
515;1;456;东塔路;
515;1;1519;太阳大街;
515;1;458;潜洲街;
515;1;459;藻天线;
515;1;1520;临安服务区;
515;1;1547;玲珑收费站;
515;1;461;吴越街;
515;1;462;青山大道;
515;1;1521;荆余路;
515;1;1548;杭州西收费站;
515;1;53;大泥线;
515;1;509;临北路;
515;1;116;杭海路;
515;1;228;清江路;
515;1;1674;外翁线;
515;1;293;解放东路;
515;1;560;御云路;
515;1;438;六堡公园;
515;1;148;下沙路;
515;1;1053;德胜东路;
515;1;436;三卫西路;
515;1;1800;南街;
515;1;220;博卡路;
515;1;218;藕花洲大街;
515;1;1729;Ｓ１０１;
515;1;1781;禹航路;
515;1;1211;杭泰路;
515;1;1444;天目山西路;
515;1;126;留和路;
515;1;1210;闲富中路;
515;1;1634;孙家阁;
515;1;130;联胜路;
515;1;76;萧杭路;
515;1;59;萧绍路;
515;1;77;金鸡路;
515;1;1462;苏嘉路;
515;1;1700;西园路;
515;1;1671;灯彩街;
515;1;1636;Ｓ１０３;
515;1;508;徐樟线;
515;1;55;来娘线;
515;1;1637;云许线;
515;1;82;春永线;
515;1;83;峙山西路;
515;1;84;油虎线;
515;1;1802;西小线;
515;1;86;市心南路;
515;1;240;环城西路;
515;1;190;庆春路;
515;1;189;凤起路;
515;1;187;体育场路;
515;1;52;塘湄线;
515;1;693;墅藏线;
515;1;57;白曹线;
515;1;1451;袄所线;
515;1;503;凑沿金村;
515;1;58;南环路;
515;1;504;城郊村;
515;1;426;萧绍东路;
515;1;1544;新安大道;
515;1;1543;运河路;
515;1;205;Ｓ０９;
515;1;141;朝晖路;
515;1;1332;中河高架;
515;1;140;建国北路;
515;1;14;江南大道;
515;1;124;江陵路;
515;1;316;东信大道;
515;1;121;伟业路;
515;1;321;火炬大道;
515;1;512;长河路;
515;1;123;江虹路;
515;1;37;江晖路;
515;1;1643;萧然西路;
515;1;87;通惠南路;
515;1;546;新城路;
515;1;245;富春路;
515;1;227;姚江路;
515;1;1670;甬江路;
515;1;1641;望江东路;
515;1;1461;婺江路;
515;1;115;新业路;
515;1;230;庆春东路;
515;1;145;钱潮路;
515;1;93;风情大道;
515;1;71;市心中路;
515;1;72;通惠中路;
515;1;248;北山路;
515;1;284;杨公堤;
515;1;247;保俶路;
515;1;142;艮山西路;
515;1;223;延安路;
515;1;222;中河北路;
515;1;243;凯旋路;
515;1;191;清泰街;
515;1;1803;新城隧道;
515;1;231;凤起东路;
515;1;1699;环城东路;
515;1;17;西湖大道;
515;1;1783;翁金线;
515;1;1679;翁埠路;
515;1;1677;塘许线;
515;1;1655;白马湖路;
515;1;1659;江虹南路;
515;1;1654;长江南路;
515;1;1721;白石路;
515;1;183;香积寺路;
515;1;1723;漾河弄;
515;1;1720;西文街;
515;1;246;保俶北路;
515;1;132;天目山路;
515;1;199;文三路;
515;1;1667;北干山南路;
515;1;74;育才路;
515;1;1698;七甲路;
515;1;1692;鸿宁路;
515;1;118;滨安路;
515;1;323;振业路;
515;1;122;信诚路;
515;1;518;滨和路;
515;1;395;滨康路;
515;1;513;建业路;
515;1;397;滨盛路;
515;1;1454;西环路;
515;1;119;闻涛路;
515;1;314;浦沿路;
515;1;890;时代大道高架;
515;1;891;滨文路北侧;
515;1;1137;时代大道高架滨文路北侧上匝道;
515;1;515;滨兴路;
515;1;1453;阡陌路;
515;1;1556;博园路;
515;1;1396;储运路;
515;1;1687;埋甲桥;
515;1;1457;通益路;
515;1;1278;上塘高架;
515;1;1020;博园路北侧;
515;1;1264;上塘高架东侧;
515;1;1265;上塘高架东侧博园路北侧上匝道;
515;1;1873;博园路南侧;
515;1;1266;上塘高架西侧;
515;1;1874;上塘高架西侧博园路南侧入口;
515;1;1718;长浜路;
515;1;165;德胜中路;
515;1;290;沈家路;
515;1;1719;香积寺东路;
515;1;1653;沿山北路;
515;1;1656;乳泉路;
515;1;1657;长江中路;
515;1;69;长青路;
515;1;549;花山路;
515;1;1854;长运路北侧;
515;1;1857;中河高架长运路北侧出口匝道;
515;1;186;中山北路;
515;1;1868;朝晖路北侧;
515;1;1869;中河高架朝晖路北侧入口匝道;
515;1;184;潮王路;
515;1;161;湖墅南路;
515;1;162;上塘路;
515;1;1639;晨晖路;
515;1;1686;行宫塘路;
515;1;182;大关路;
515;1;181;丽水路;
515;1;983;大关路南侧;
515;1;858;上塘路高架西侧;
515;1;1139;上塘路高架西侧大关路南侧上匝道;
515;1;1814;大南线;
515;1;1818;萧明线;
515;1;1842;浦阳互通;
515;1;1269;德胜快速路南侧;
515;1;1268;德胜快速路南侧德胜东路上匝道;
515;1;167;机场路;
515;1;149;乔下线;
515;1;301;文泽路;
515;1;1875;德胜东路辅路;
515;1;1877;月雅路;
515;1;1878;中国计量学院;
515;1;651;文津路;
515;1;1259;德胜快速路;
515;1;1059;德胜东路北侧;
515;1;1778;德胜快速路德胜东路北侧下匝道;
515;1;1057;德胜东路南侧;
515;1;1261;德胜快速路德胜东路南侧下匝道;
515;1;1049;德胜高架路北侧;
515;1;1263;德胜快速路北侧德胜东路上匝道;
515;1;1038;东新路;
515;1;1262;德胜快速路东新路出口匝道;
515;1;1040;东新路东侧;
515;1;1270;德胜快速路东新路东侧出口匝道;
515;1;1044;东新路西侧;
515;1;1271;德胜快速路东新路西侧出口匝道;
515;1;1065;秋石快速路;
515;1;1576;德胜快速路秋石快速路出口匝道;
515;1;722;德苑路;
515;1;1834;老红普路;
515;1;1076;同协路;
515;1;1272;德胜快速路北侧;
515;1;1273;德胜快速路北侧东新路出口匝道;
515;1;1274;德胜快速路北侧东新路东侧出口匝道;
515;1;1275;德胜快速路北侧东新路西侧出口匝道;
515;1;1276;德胜快速路南侧东新路出口匝道;
515;1;1277;德胜快速路南侧东新路东侧出口匝道;
515;1;19;德胜路;
515;1;968;德胜路北侧;
515;1;1279;上塘高架德胜路北侧入口匝道;
515;1;1280;上塘高架东侧德胜路北侧入口匝道;
515;1;1281;上塘高架西侧德胜路北侧入口匝道;
515;1;971;德胜路南侧;
515;1;1282;上塘高架德胜路南侧入口匝道;
515;1;1283;上塘高架东侧德胜路南侧入口匝道;
515;1;1284;上塘高架西侧德胜路南侧入口匝道;
515;1;166;石桥路;
515;1;157;古墩路;
515;1;179;余杭塘路;
515;1;573;定安路;
515;1;572;惠民路;
515;1;574;开元路;
515;1;207;东湖北路;
515;1;283;鹿溪路;
515;1;278;北沙东路;
515;1;279;新洲路;
515;1;281;湖潭路;
515;1;276;东大街;
515;1;213;人民大道;
515;1;270;东湖中路;
515;1;277;九曲营路;
515;1;580;东坡路;
515;1;337;邮电路;
515;1;642;塘康线;
515;1;1209;良上线;
515;1;156;文一西路;
515;1;632;回龙路;
515;1;1285;德胜快速路南侧东新路东侧入口匝道;
515;1;1286;留石快速路南侧;
515;1;1287;留石快速路南侧东新路东侧上匝道;
515;1;1806;之江花园;
515;1;136;丰潭路;
515;1;253;文三西路;
515;1;1668;萍水街;
515;1;95;湘湖路;
515;1;325;建设四路;
515;1;1488;凤凰山隧道至杭州绕城公路;
515;1;1487;凤凰山隧道;
515;1;562;三新路;
515;1;143;秋涛北路;
515;1;244;新塘路;
515;1;196;复兴路;
515;1;1669;南复路;
515;1;66;高新三路;
515;1;92;鸿达路;
515;1;225;高银街;
515;1;570;劳动路;
515;1;241;中河中路;
515;1;571;华光路;
515;1;144;艮山东路;
515;1;678;四号港路;
515;1;147;红普路;
515;1;1711;运河东路;
515;1;1533;拱康路;
515;1;1530;留石快速路;
515;1;1534;留石快速路拱康路上匝道;
515;1;1681;康桥路;
515;1;1640;拱秀路;
515;1;1662;萧然南路;
515;1;1664;商城南路;
515;1;431;勾运路;
515;1;861;上塘路高架东侧;
515;1;1744;上塘路高架东侧勾运路上匝道;
515;1;158;古翠路;
515;1;177;文二路;
515;1;128;西溪路;
515;1;259;莲花街;
515;1;261;董家路;
515;1;1466;金家渡路;
515;1;1672;金渡北路;
515;1;1807;郭东园巷;
515;1;288;建国南路;
515;1;1885;服务区;
515;1;1883;瓶仓大道;
515;1;1884;Ｓ２０７;
515;1;1642;杭大路;
515;1;198;曙光路;
515;1;448;临平出入口;
515;1;662;杭州北收费站;
515;1;782;杭州绕城公路外圈杭新景高速公路入口匝道;
515;1;873;杭州绕城公路杭新路入口匝道;
515;1;394;留转线;
515;1;1407;杭行路;
515;1;1682;祥园路;
515;1;1850;金柯桥大道（杭州湾环线南线）;
515;1;1851;青六线（杭州湾环线南线）;
515;1;1852;机场高速公路（杭州湾环线南线）;
515;1;1738;五七农场;
515;1;851;杭州绕城公路Ｇ１０４出口匝道;
515;1;852;杭州绕城公路Ｇ１０４北侧出口匝道;
515;1;850;杭州绕城公路Ｇ１０４南侧出口匝道;
515;1;789;杭州绕城公路Ｇ３２０出口匝道;
515;1;790;Ｇ３２０北侧;
515;1;800;杭州绕城公路Ｇ３２０北侧出口匝道;
515;1;865;杭州绕城公路Ｇ３２０东侧出口匝道;
515;1;793;Ｇ３２０南侧;
515;1;801;杭州绕城公路Ｇ３２０南侧出口匝道;
515;1;871;杭州绕城公路Ｇ３２０西侧出口匝道;
515;1;869;杭州绕城公路杭新路出口匝道;
515;1;774;狮闻线东侧;
515;1;778;杭州绕城公路狮闻线东侧出口匝道;
515;1;827;石祥西路;
515;1;1186;杭州绕城公路石祥西路出口匝道;
515;1;1564;杭州绕城公路时代大道出口匝道;
515;1;749;杭州绕城公路蜀山路出口匝道;
515;1;1447;杭州绕城公路天目山西路出口匝道;
515;1;1441;天目山西路南侧;
515;1;1446;杭州绕城公路天目山西路南侧出口匝道;
515;1;1226;文汇路南侧;
515;1;1227;杭州绕城公路文汇路南侧出口匝道;
515;1;849;杭州绕城公路内圈Ｇ１０４出口匝道;
515;1;788;杭州绕城公路内圈Ｇ３２０出口匝道;
515;1;868;杭州绕城公路内圈Ｇ３２０东侧出口匝道;
515;1;783;杭州绕城公路内圈杭新景高速公路出口匝道;
515;1;784;杭新景高速公路东侧;
515;1;785;杭州绕城公路内圈杭新景高速公路东侧出口匝道;
515;1;882;杭州绕城公路内圈乔莫西路出口匝道;
515;1;1146;上塘路高架东侧杭州绕城公路内圈出口匝道;
515;1;1174;上塘路高架西侧杭州绕城公路内圈出口匝道;
515;1;779;杭州绕城公路内圈狮闻线出口匝道;
515;1;780;杭州绕城公路内圈狮闻线东侧出口匝道;
515;1;831;杭州绕城公路内圈石祥西路出口匝道;
515;1;1567;杭州绕城公路内圈时代大道出口匝道;
515;1;748;杭州绕城公路内圈蜀山路出口匝道;
515;1;1443;杭州绕城公路内圈天目山西路出口匝道;
515;1;1438;天目山西路北侧;
515;1;1445;杭州绕城公路内圈天目山西路北侧出口匝道;
515;1;1240;杭州绕城公路内圈文汇路出口匝道;
515;1;1242;杭州绕城公路内圈文汇路南侧出口匝道;
515;1;848;杭州绕城公路外圈Ｇ１０４出口匝道;
515;1;787;杭州绕城公路外圈Ｇ３２０出口匝道;
515;1;867;杭州绕城公路外圈Ｇ３２０东侧出口匝道;
515;1;1563;杭州绕城公路外圈留转路出口匝道;
515;1;1173;上塘路高架西侧杭州绕城公路外圈出口匝道;
515;1;1185;杭州绕城公路外圈石祥西路出口匝道;
515;1;1569;杭州绕城公路外圈时代大道出口匝道;
515;1;756;杭州绕城公路外圈蜀山路出口匝道;
515;1;1439;杭州绕城公路外圈天目山西路北侧出口匝道;
515;1;826;杭州绕城公路外圈文二西路出口匝道;
515;1;1244;杭州绕城公路外圈文汇路南侧出口匝道;
515;1;887;杭州绕城公路西侧;
515;1;888;杭州绕城公路西侧文汇路出口匝道;
515;1;1007;好运路南侧;
515;1;1006;上塘路高架西侧好运路南侧入口匝道;
515;1;616;和睦路;
515;1;585;哑巴弄;
515;1;583;湖墅北路;
515;1;584;小河路;
515;1;576;河东路;
515;1;1689;长板巷;
515;1;569;河坊街;
515;1;224;南山路;
515;1;271;红丰路;
515;1;274;红丰南路;
515;1;499;新颜村;
515;1;646;红十五线;
515;1;1691;协义线;
515;1;1302;美狮线;
515;1;324;市心北路;
515;1;552;虹迪路;
515;1;291;湖滨路;
515;1;617;信义巷;
515;1;623;新昌路;
515;1;120;虎跑路;
515;1;108;老复兴街;
515;1;257;莲花峰路;
515;1;1714;花蒋路;
515;1;1733;花坞路;
515;1;629;花园岗街;
515;1;634;华丰路;
515;1;1367;中河高架东侧;
515;1;1870;中河高架东侧环城北路入口匝道;
515;1;1030;环城北路北侧;
515;1;934;中河路高架东侧;
515;1;1029;中河路高架东侧环城北路北侧入口匝道;
515;1;930;中河路高架西侧;
515;1;1034;中河路高架西侧环城北路北侧入口匝道;
515;1;1032;环城北路南侧;
515;1;1859;中河高架东侧环城北路南侧入口匝道;
515;1;1033;中河路高架东侧环城北路南侧入口匝道;
515;1;1031;中河路高架西侧环城北路南侧入口匝道;
515;1;575;浣纱路;
515;1;226;解放路;
515;1;197;黄龙路;
515;1;1651;西湘路;
515;1;1411;火炬大道北侧;
515;1;912;时代大道高架东侧;
515;1;1413;火炬大道北侧时代大道高架东侧入口匝道;
515;1;533;三益线;
515;1;125;机场公路;
515;1;1827;诚红线;
515;1;286;笕桥路;
515;1;255;天城路;
515;1;256;新风路;
515;1;1735;机场路里街;
515;1;1734;闸弄口;
515;1;1306;吉庆山隧道接线;
515;1;598;龙井路;
515;1;600;梅灵北路;
515;1;1087;笕丁路东侧;
515;1;1750;石大快速路南侧;
515;1;1754;石大快速路南侧笕丁路东侧上匝道;
515;1;1085;笕丁路西侧;
515;1;1748;石大快速路北侧;
515;1;1755;石大快速路北侧笕丁路西侧上匝道;
515;1;242;建国中路;
515;1;90;建设二路;
515;1;541;兴议路;
515;1;1373;宁税路;
515;1;195;上仓桥路;
515;1;1728;江东大道;
515;1;1716;文海南路;
515;1;1736;新世纪大道;
515;1;1527;江锦路;
515;1;1528;剧院路;
515;1;294;钱江路;
515;1;398;迎春路;
515;1;915;时代大道高架东侧江南大道北侧入口匝道;
515;1;911;时代大道高架东侧江南大道入口匝道;
515;1;1845;钱塘江大桥（虎跑路）;
515;1;1844;钱塘江大桥（南环路）;
515;1;914;江南大道北侧;
515;1;913;时代大道高架江南大道北侧入口匝道;
515;1;916;时代大道高架西侧江南大道北侧入口匝道;
515;1;907;江南大道南侧;
515;1;909;时代大道高架江南大道南侧入口匝道;
515;1;899;时代大道高架西侧;
515;1;910;时代大道高架西侧江南大道南侧入口匝道;
515;1;1717;郑家塘路;
515;1;536;金惠路;
515;1;537;青年路;
515;1;538;育才北路;
515;1;539;山阴路;
515;1;1673;金家渡北路;
515;1;561;景芳路;
515;1;681;景御路;
515;1;710;码头路;
515;1;107;九溪路;
515;1;610;乾龙路;
515;1;1683;焦化路;
515;1;1536;科园路;
515;1;1538;留石快速路科园路上匝道;
515;1;618;霞湾巷;
515;1;399;永庆路;
515;1;1808;临浦大桥;
515;1;203;临丁路;
515;1;1833;秋石高架;
515;1;1838;秋石高架临丁路入口匝道;
515;1;1705;星桥南路;
515;1;175;笕丁路;
515;1;263;丁石路;
515;1;602;灵溪北路;
515;1;601;灵溪南路;
515;1;1706;景灵山庄;
515;1;593;灵隐路;
515;1;1809;灵溪隧道;
515;1;609;灵隐支路;
515;1;591;玉古路;
515;1;127;石马村;
515;1;1535;留石快速路拱康路下匝道;
515;1;1537;留石快速路科园路下匝道;
515;1;1747;留石快速路通益路下匝道;
515;1;1786;杭州大学北校区;
515;1;1351;留石快速路北侧;
515;1;1762;留石快速路北侧东新路东侧下匝道;
515;1;1216;秋石快速路北侧;
515;1;1776;秋石快速路东侧留石快速路北侧入口匝道;
515;1;1418;秋石快速路西侧;
515;1;1770;秋石快速路西侧留石快速路北侧入口匝道;
515;1;1623;上塘高架留石快速路北侧入口匝道;
515;1;1620;上塘高架西侧留石快速路北侧入口匝道;
515;1;1619;上塘高架东侧留石快速路北侧入口匝道;
515;1;1414;秋石快速路东侧;
515;1;1761;秋石快速路东侧留石快速路南侧入口匝道;
515;1;1780;秋石快速路西侧留石快速路南侧入口匝道;
515;1;1615;上塘高架留石快速路南侧入口匝道;
515;1;1617;上塘高架东侧留石快速路南侧入口匝道;
515;1;1618;上塘高架西侧留石快速路南侧入口匝道;
515;1;1063;沈半路西侧;
515;1;1763;留石快速路南侧沈半路西侧下匝道;
515;1;1789;丰庆路;
515;1;1788;留祥路辅路;
515;1;590;紫荆花路;
515;1;1562;杭州绕城公路内圈留转路入口匝道;
515;1;1822;龙丽温高速公路;
515;1;1820;下大线;
515;1;485;龙游服务区;
515;1;564;卢家塘路;
515;1;559;昙花庵路;
515;1;1846;卢家塘路至御云路;
515;1;597;满觉陇路;
515;1;611;五老峰隧道接线;
515;1;110;玉皇山路;
515;1;1810;清波路;
515;1;1811;建设三路;
515;1;1812;育宁大桥;
515;1;329;潘水路;
515;1;543;文明路;
515;1;430;平海路;
515;1;1707;拱苑路;
515;1;1708;萍水西街;
515;1;1813;长桥线;
515;1;563;御景路;
515;1;1402;太平门直街;
515;1;1879;钱江路地下道;
515;1;1880;城星路;
515;1;317;钱塘江南岸;
515;1;311;五金路;
515;1;1739;观十五线;
515;1;659;钱塘江南岸至闻涛路;
515;1;389;兴隆农场;
515;1;881;杭州绕城公路外圈乔莫西路入口匝道;
515;1;307;桥戴线;
515;1;309;三江路;
515;1;392;瓯江路;
515;1;723;清江路辅路;
515;1;725;秋涛支路;
515;1;953;清吟街;
515;1;1147;中河路高架西侧清吟街上匝道;
515;1;1695;庆春路隧道;
515;1;1148;中河路高架东侧庆春路上匝道;
515;1;1837;秋石高架临丁路出口匝道;
515;1;1835;秋石高架西侧;
515;1;1836;秋石高架西侧德胜快速路北侧出口匝道;
515;1;1575;德胜快速路秋石快速路入口匝道;
515;1;1764;秋石快速路留石快速路出口匝道;
515;1;1191;秋石快速路;
515;1;1772;秋石快速路留石快速路北侧出口匝道;
515;1;1603;永祥街东侧;
515;1;1604;秋石快速路永祥街东侧出口匝道;
515;1;1561;兴业街;
515;1;1064;秋石快速路北侧;
515;1;1581;秋石快速路北侧留石快速路出口匝道;
515;1;1768;秋石快速路东侧留石快速路出口匝道;
515;1;1777;秋石快速路东侧留石快速路北侧出口匝道;
515;1;1767;秋石快速路东侧留石快速路南侧出口匝道;
515;1;1607;俞章路南侧;
515;1;1608;秋石快速路东侧俞章路南侧出口匝道;
515;1;1774;秋石快速路西侧留石快速路北侧出口匝道;
515;1;1771;秋石快速路西侧留石快速路南侧出口匝道;
515;1;1419;秋石快速路西侧石桥路出口匝道;
515;1;925;中河路高架;
515;1;932;中河路高架东侧秋涛路北侧入口匝道;
515;1;929;秋涛路北侧;
515;1;931;中河路高架秋涛路北侧入口匝道;
515;1;928;中河路高架西侧秋涛路北侧入口匝道;
515;1;927;秋涛路南侧;
515;1;926;中河路高架秋涛路南侧入口匝道;
515;1;933;中河路高架东侧秋涛路南侧入口匝道;
515;1;1709;严家弄路;
515;1;1794;明星路;
515;1;555;兴议小学;
515;1;1303;琉新线;
515;1;1660;西兴路;
515;1;1646;宁东路;
515;1;1647;长山街;
515;1;1650;国槐路;
515;1;1804;建三线;
515;1;1403;城红线;
515;1;413;青六线;
515;1;1805;三益线至机场高速公路;
515;1;65;兴园路;
515;1;1652;山河路;
515;1;73;商城中路;
515;1;1666;站前路;
515;1;334;万松岭隧道;
515;1;1333;杭州绕城公路内圈上塘高架入口匝道;
515;1;1334;杭州绕城公路外圈上塘高架入口匝道;
515;1;1625;上塘高架东侧博园路出口匝道;
515;1;1327;上塘高架东侧大关路南侧下匝道;
515;1;1328;上塘高架东侧德胜路出口匝道;
515;1;1329;上塘高架东侧德胜路北侧出口匝道;
515;1;1330;上塘高架东侧德胜路南侧出口匝道;
515;1;1331;杭州绕城公路上塘高架东侧入口匝道;
515;1;1745;上塘高架东侧好运路南侧下匝道;
515;1;1624;上塘高架东侧留石快速路出口匝道;
515;1;1621;上塘高架东侧留石快速路北侧出口匝道;
515;1;1622;上塘高架东侧留石快速路南侧出口匝道;
515;1;963;文晖路南侧;
515;1;1339;上塘高架东侧文晖路南侧下匝道;
515;1;1340;上塘高架西侧博园路北侧下匝道;
515;1;1341;上塘高架西侧德胜路出口匝道;
515;1;1342;上塘高架西侧德胜路北侧出口匝道;
515;1;1343;上塘高架西侧德胜路南侧出口匝道;
515;1;1743;上塘高架西侧勾运路下匝道;
515;1;1613;上塘高架西侧留石快速路出口匝道;
515;1;1614;上塘高架西侧留石快速路北侧出口匝道;
515;1;1616;上塘高架西侧留石快速路南侧出口匝道;
515;1;986;绍兴路北侧;
515;1;1345;上塘高架西侧绍兴路北侧下匝道;
515;1;1574;上塘高架西侧通益路出口匝道;
515;1;961;文晖路北侧;
515;1;1349;上塘高架西侧文晖路北侧下匝道;
515;1;1866;上塘路西侧;
515;1;1867;中河高架上塘路西侧入口匝道;
515;1;1815;文晖大桥;
515;1;1350;上塘高架东侧绍兴路北侧上匝道;
515;1;1352;留石快速路北侧沈半路西侧上匝道;
515;1;1722;白塘桥路;
515;1;776;杭州绕城公路外圈狮闻线入口匝道;
515;1;777;杭州绕城公路狮闻线东侧入口匝道;
515;1;775;杭州绕城公路外圈狮闻线东侧入口匝道;
515;1;1769;石大快速路北侧笕丁路东侧下匝道;
515;1;1597;世纪大道东侧;
515;1;1749;石大快速路北侧世纪大道东侧下匝道;
515;1;1757;石大快速路北侧同协路下匝道;
515;1;1756;石大快速路南侧笕丁路西侧下匝道;
515;1;1591;石大路;
515;1;1760;石大快速路南侧石大路下匝道;
515;1;1594;世纪大道西侧;
515;1;1753;石大快速路南侧世纪大道西侧下匝道;
515;1;1759;石大快速路北侧石大路上匝道;
515;1;173;华中路;
515;1;1606;秋石快速路东侧石桥路入口匝道;
515;1;1601;秋石快速路西侧石桥路入口匝道;
515;1;172;储鑫路;
515;1;1790;石祥路辅路;
515;1;829;杭州绕城公路石祥西路入口匝道;
515;1;828;杭州绕城公路内圈石祥西路入口匝道;
515;1;830;杭州绕城公路外圈石祥西路入口匝道;
515;1;1565;杭州绕城公路时代大道入口匝道;
515;1;1566;杭州绕城公路内圈时代大道入口匝道;
515;1;1568;杭州绕城公路外圈时代大道入口匝道;
515;1;900;时代大道东侧;
515;1;904;时代大道高架时代大道东侧入口匝道;
515;1;1138;时代大道高架滨文路北侧下匝道;
515;1;923;时代大道高架江南大道北侧出口匝道;
515;1;906;时代大道高架江南大道南侧出口匝道;
515;1;901;时代大道高架时代大道东侧出口匝道;
515;1;919;时代大道高架东侧江南大道出口匝道;
515;1;920;时代大道高架东侧江南大道北侧出口匝道;
515;1;922;时代大道高架东侧江南大道南侧出口匝道;
515;1;1412;时代大道高架西侧火炬大道北侧出口匝道;
515;1;917;时代大道高架西侧江南大道出口匝道;
515;1;918;时代大道高架西侧江南大道北侧出口匝道;
515;1;921;时代大道高架西侧江南大道南侧出口匝道;
515;1;898;时代大道高架西侧时代大道出口匝道;
515;1;896;时代大道西侧;
515;1;897;时代大道高架时代大道西侧入口匝道;
515;1;1751;石大快速路南侧世纪大道东侧上匝道;
515;1;1752;石大快速路北侧世纪大道西侧上匝道;
515;1;750;杭州绕城公路蜀山路入口匝道;
515;1;754;杭州绕城公路内圈蜀山路入口匝道;
515;1;753;杭州绕城公路外圈蜀山路入口匝道;
515;1;1816;小白线;
515;1;285;求是路;
515;1;1026;体育场路北侧;
515;1;1381;中河高架西侧;
515;1;1853;中河高架西侧体育场路北侧入口匝道;
515;1;1025;中河路高架东侧体育场路北侧入口匝道;
515;1;1496;五常大道;
515;1;1712;紫金港路;
515;1;1437;杭州绕城公路外圈天目山西路北侧入口匝道;
515;1;1442;杭州绕城公路内圈天目山西路南侧入口匝道;
515;1;1440;杭州绕城公路外圈天目山西路南侧入口匝道;
515;1;1713;利华路;
515;1;1746;留石快速路通益路上匝道;
515;1;1573;上塘高架东侧通益路入口匝道;
515;1;1410;通运路;
515;1;1080;同协路东侧;
515;1;1758;石大快速路南侧同协路上匝道;
515;1;1678;港外线;
515;1;939;万松岭路;
515;1;1165;中河路高架西侧万松岭路上匝道;
515;1;1817;严官巷;
515;1;592;万塘路;
515;1;1368;中河高架东侧望江路上匝道;
515;1;825;杭州绕城公路内圈文二西路入口匝道;
515;1;1369;上塘高架东侧文晖路北侧上匝道;
515;1;1370;上塘高架西侧文晖路南侧上匝道;
515;1;1248;杭州绕城公路内圈文汇路入口匝道;
515;1;1238;杭州绕城公路外圈文汇路入口匝道;
515;1;885;文汇路北侧;
515;1;884;杭州绕城公路文汇路北侧入口匝道;
515;1;1245;杭州绕城公路东侧;
515;1;1246;杭州绕城公路东侧文汇路北侧入口匝道;
515;1;886;杭州绕城公路西侧文汇路北侧入口匝道;
515;1;697;新盛桥;
515;1;114;西兴大桥;
515;1;320;六和路;
515;1;700;裴瑛路;
515;1;581;武林路;
515;1;947;西湖大道北侧;
515;1;1169;中河路高架东侧西湖大道北侧上匝道;
515;1;950;西湖大道南侧;
515;1;1171;中河路高架西侧西湖大道南侧上匝道;
515;1;338;西湖隧道;
515;1;1847;将军路;
515;1;339;教场路;
515;1;615;西溪河下;
515;1;1784;博大假日酒店;
515;1;1839;黄龙雅苑;
515;1;1661;湖园二路;
515;1;1792;长浜;
515;1;701;石亭路;
515;1;1663;长滩;
515;1;67;吟新路;
515;1;427;通货路;
515;1;1725;桃园路;
515;1;620;桥弄街;
515;1;299;施姑兜;
515;1;1727;兴议七组;
515;1;704;新盛村;
515;1;265;星桥北路;
515;1;705;星河路;
515;1;272;新丝路;
515;1;266;藕花洲大街西段;
515;1;595;学院路;
515;1;1602;秋石快速路西侧永祥街入口匝道;
515;1;1819;余杭塘河桥;
515;1;1871;庆隆苑;
515;1;594;浙大路;
515;1;1512;杭州绕城公路内圈云河路入口匝道;
515;1;1513;杭州绕城公路外圈云河路入口匝道;
515;1;1515;云河路北侧;
515;1;1514;杭州绕城公路云河路北侧入口匝道;
515;1;1517;云河路南侧;
515;1;1516;杭州绕城公路云河路南侧入口匝道;
515;1;692;三堡村;
515;1;1684;轧钢路;
515;1;1408;赵伍路;
515;1;652;学源街;
515;1;1785;革命烈士纪念馆;
515;1;106;梅灵南路;
515;1;109;钱塘江大桥;
515;1;111;洋泮路;
515;1;1863;朝晖路南侧;
515;1;1864;中河高架朝晖路南侧出口匝道;
515;1;1862;中河高架环城北路北侧出口匝道;
515;1;1858;中河高架环城北路南侧出口匝道;
515;1;1855;中河高架东侧长运路北侧出口匝道;
515;1;1374;中河高架东侧环城北路北侧出口匝道;
515;1;1375;中河高架东侧环城北路南侧出口匝道;
515;1;1376;中河高架东侧庆春路出口匝道;
515;1;1384;中河高架东侧秋涛路北侧出口匝道;
515;1;1377;中河高架东侧秋涛路南侧出口匝道;
515;1;1378;中河高架东侧万松岭路下匝道;
515;1;1379;中河高架东侧西湖大道南侧下匝道;
515;1;1865;中河高架西侧朝晖路南侧出口匝道;
515;1;1861;中河高架西侧环城北路出口匝道;
515;1;1380;中河高架西侧环城北路北侧出口匝道;
515;1;1382;中河高架西侧环城北路南侧出口匝道;
515;1;1383;中河高架西侧庆春路下匝道;
515;1;1385;中河高架西侧秋涛路出口匝道;
515;1;1386;中河高架西侧体育场路北侧出口匝道;
515;1;1387;中河高架西侧西湖大道北侧下匝道;
515;1;1168;中河路高架西侧望江路下匝道;
515;1;728;凤山路;
515;1;1702;中山中路;
515;1;1731;桑园村;
515;1;605;浦家桥村;
