CID;TABCD;LCD;NEG_OFF_LCD;POS_OFF_LCD
515;25;2662;;2663
515;25;2663;2662;2664
515;25;2664;2663;2665
515;25;2665;2664;2666
515;25;2666;2665;
515;25;2649;;2650
515;25;2650;2649;2651
515;25;2651;2650;2652
515;25;2652;2651;
515;25;961;;960
515;25;960;961;959
515;25;959;960;
515;25;2688;;2689
515;25;2689;2688;
515;25;963;;964
515;25;964;963;965
515;25;965;964;966
515;25;966;965;2142
515;25;2142;966;
515;25;2654;;2655
515;25;2655;2654;2656
515;25;2656;2655;2657
515;25;2657;2656;
515;25;2671;;2672
515;25;2672;2671;
515;25;544;;545
515;25;545;544;546
515;25;546;545;547
515;25;547;546;548
515;25;548;547;
515;25;360;;
515;25;364;;
515;25;362;;
515;25;2635;;703
515;25;703;2635;704
515;25;704;703;3212
515;25;3212;704;
515;25;708;;411
515;25;411;708;412
515;25;412;411;2835
515;25;2835;412;413
515;25;413;2835;414
515;25;414;413;415
515;25;415;414;
515;25;3214;;3215
515;25;3215;3214;3216
515;25;3216;3215;
515;25;715;;714
515;25;714;715;713
515;25;713;714;712
515;25;712;713;2839
515;25;2839;712;711
515;25;711;2839;710
515;25;710;711;3237
515;25;3237;710;
515;25;358;;
515;25;356;;
515;25;76;;77
515;25;77;76;
515;25;136;;120
515;25;120;136;121
515;25;121;120;122
515;25;122;121;
515;25;105;;138
515;25;138;105;106
515;25;106;138;107
515;25;107;106;108
515;25;108;107;109
515;25;109;108;110
515;25;110;109;111
515;25;111;110;112
515;25;112;111;113
515;25;113;112;118
515;25;118;113;114
515;25;114;118;115
515;25;115;114;116
515;25;116;115;148
515;25;148;116;117
515;25;117;148;55
515;25;55;117;123
515;25;123;55;56
515;25;56;123;143
515;25;143;56;3261
515;25;3261;143;
515;25;227;230;140
515;25;140;227;226
515;25;226;140;225
515;25;225;226;224
515;25;224;225;223
515;25;223;224;222
515;25;222;223;219
515;25;219;222;218
515;25;218;219;155
515;25;155;218;156
515;25;156;155;157
515;25;157;156;239
515;25;239;157;238
515;25;238;239;237
515;25;237;238;255
515;25;255;237;256
515;25;256;255;236
515;25;236;256;233
515;25;233;236;245
515;25;245;233;232
515;25;232;245;246
515;25;246;232;231
515;25;231;246;3263
515;25;3263;231;230
515;25;230;3263;227
515;25;1450;;1451
515;25;1451;1450;
515;25;1142;;
515;25;2144;;476
515;25;476;2144;468
515;25;468;476;
515;25;3201;;1079
515;25;1079;3201;2893
515;25;2893;1079;
515;25;2884;;2886
515;25;2886;2884;2888
515;25;2888;2886;
515;25;2890;;3200
515;25;3200;2890;
515;25;2894;;1080
515;25;1080;2894;1081
515;25;1081;1080;
515;25;635;;636
515;25;636;635;637
515;25;637;636;2885
515;25;2885;637;2802
515;25;2802;2885;
515;25;3058;;3059
515;25;3059;3058;3060
515;25;3060;3059;
515;25;2882;;469
515;25;469;2882;
515;25;3262;;2883
515;25;2883;3262;472
515;25;472;2883;
515;25;400;;
515;25;390;;
515;25;1144;;
515;25;398;;
515;25;2873;;2874
515;25;2874;2873;
515;25;2912;;810
515;25;810;2912;811
515;25;811;810;812
515;25;812;811;813
515;25;813;812;814
515;25;814;813;
515;25;904;;905
515;25;905;904;906
515;25;906;905;
515;25;92;;93
515;25;93;92;94
515;25;94;93;95
515;25;95;94;96
515;25;96;95;97
515;25;97;96;98
515;25;98;97;99
515;25;99;98;126
515;25;126;99;100
515;25;100;126;101
515;25;101;100;102
515;25;102;101;53
515;25;53;102;78
515;25;78;53;52
515;25;52;78;
515;25;88;;67
515;25;67;88;68
515;25;68;67;
515;25;3234;;3235
515;25;3235;3234;
515;25;918;;1089
515;25;1089;918;1140
515;25;1140;1089;919
515;25;919;1140;1137
515;25;1137;919;1138
515;25;1138;1137;920
515;25;920;1138;3010
515;25;3010;920;
515;25;665;;666
515;25;666;665;667
515;25;667;666;
515;25;659;;660
515;25;660;659;661
515;25;661;660;1070
515;25;1070;661;662
515;25;662;1070;663
515;25;663;662;
515;25;2806;;2805
515;25;2805;2806;3198
515;25;3198;2805;
515;25;3199;;2896
515;25;2896;3199;2803
515;25;2803;2896;512
515;25;512;2803;513
515;25;513;512;514
515;25;514;513;515
515;25;515;514;
515;25;434;;435
515;25;435;434;436
515;25;436;435;
515;25;2440;;3067
515;25;3067;2440;
515;25;2914;;650
515;25;650;2914;651
515;25;651;650;
515;25;2628;;648
515;25;648;2628;649
515;25;649;648;
515;25;2152;;438
515;25;438;2152;439
515;25;439;438;440
515;25;440;439;441
515;25;441;440;2160
515;25;2160;441;442
515;25;442;2160;443
515;25;443;442;444
515;25;444;443;445
515;25;445;444;
515;25;719;;718
515;25;718;719;2838
515;25;2838;718;717
515;25;717;2838;
515;25;402;;403
515;25;403;402;404
515;25;404;403;1096
515;25;1096;404;1127
515;25;1127;1096;406
515;25;406;1127;407
515;25;407;406;408
515;25;408;407;1128
515;25;1128;408;409
515;25;409;1128;410
515;25;410;409;
515;25;129;;130
515;25;130;129;131
515;25;131;130;132
515;25;132;131;133
515;25;133;132;
515;25;525;;526
515;25;526;525;527
515;25;527;526;528
515;25;528;527;
515;25;1006;;1007
515;25;1007;1006;1123
515;25;1123;1007;1050
515;25;1050;1123;1051
515;25;1051;1050;2172
515;25;2172;1051;2173
515;25;2173;2172;2174
515;25;2174;2173;2175
515;25;2175;2174;
515;25;2910;;2911
515;25;2911;2910;1053
515;25;1053;2911;1090
515;25;1090;1053;3229
515;25;3229;1090;1091
515;25;1091;3229;
515;25;2294;;2295
515;25;2295;2294;2707
515;25;2707;2295;2296
515;25;2296;2707;2297
515;25;2297;2296;2708
515;25;2708;2297;2298
515;25;2298;2708;2299
515;25;2299;2298;2709
515;25;2709;2299;2300
515;25;2300;2709;
515;25;420;;419
515;25;419;420;418
515;25;418;419;417
515;25;417;418;
515;25;861;;862
515;25;862;861;863
515;25;863;862;
515;25;846;;847
515;25;847;846;848
515;25;848;847;849
515;25;849;848;851
515;25;851;849;852
515;25;852;851;
515;25;926;;3232
515;25;3232;926;927
515;25;927;3232;928
515;25;928;927;929
515;25;929;928;
515;25;616;;613
515;25;613;616;612
515;25;612;613;611
515;25;611;612;610
515;25;610;611;609
515;25;609;610;
515;25;3203;;2800
515;25;2800;3203;
515;25;2946;;2947
515;25;2947;2946;2948
515;25;2948;2947;
515;25;3152;;3153
515;25;3153;3152;3154
515;25;3154;3153;
515;25;734;;733
515;25;733;734;732
515;25;732;733;
515;25;738;;737
515;25;737;738;736
515;25;736;737;
515;25;2994;;2995
515;25;2995;2994;2996
515;25;2996;2995;
515;25;3062;;3063
515;25;3063;3062;3064
515;25;3064;3063;
515;25;1020;;3230
515;25;3230;1020;1021
515;25;1021;3230;1022
515;25;1022;1021;3231
515;25;3231;1022;1023
515;25;1023;3231;
515;25;2220;;2221
515;25;2221;2220;2222
515;25;2222;2221;2223
515;25;2223;2222;
515;25;2177;;2759
515;25;2759;2177;2178
515;25;2178;2759;2179
515;25;2179;2178;2180
515;25;2180;2179;2181
515;25;2181;2180;2182
515;25;2182;2181;2183
515;25;2183;2182;2184
515;25;2184;2183;2185
515;25;2185;2184;2186
515;25;2186;2185;
515;25;2188;;2700
515;25;2700;2188;2189
515;25;2189;2700;2190
515;25;2190;2189;2191
515;25;2191;2190;2225
515;25;2225;2191;2701
515;25;2701;2225;2226
515;25;2226;2701;2227
515;25;2227;2226;2228
515;25;2228;2227;2229
515;25;2229;2228;
515;25;2166;;2167
515;25;2167;2166;2702
515;25;2702;2167;2168
515;25;2168;2702;2169
515;25;2169;2168;
515;25;1146;;
515;25;2211;;2214
515;25;2214;2211;2215
515;25;2215;2214;2216
515;25;2216;2215;2217
515;25;2217;2216;2218
515;25;2218;2217;2953
515;25;2953;2218;
515;25;3040;;3041
515;25;3041;3040;3042
515;25;3042;3041;
515;25;3260;;3043
515;25;3043;3260;
515;25;1312;;
515;25;3242;;
515;25;3136;;3137
515;25;3137;3136;3138
515;25;3138;3137;
515;25;2203;;2204
515;25;2204;2203;2205
515;25;2205;2204;2206
515;25;2206;2205;2703
515;25;2703;2206;2207
515;25;2207;2703;2704
515;25;2704;2207;2208
515;25;2208;2704;
515;25;2936;;2937
515;25;2937;2936;2938
515;25;2938;2937;
515;25;2940;;2941
515;25;2941;2940;
515;25;2310;;2705
515;25;2705;2310;2311
515;25;2311;2705;3084
515;25;3084;2311;
515;25;1520;;
515;25;604;;605
515;25;605;604;606
515;25;606;605;607
515;25;607;606;
515;25;1536;;
515;25;750;;751
515;25;751;750;752
515;25;752;751;753
515;25;753;752;
515;25;2963;;2964
515;25;2964;2963;2965
515;25;2965;2964;2966
515;25;2966;2965;
515;25;3045;;3046
515;25;3046;3045;3047
515;25;3047;3046;
515;25;630;;631
515;25;631;630;632
515;25;632;631;633
515;25;633;632;
515;25;1268;;
515;25;2287;;2288
515;25;2288;2287;2289
515;25;2289;2288;2292
515;25;2292;2289;
515;25;2154;;2840
515;25;2840;2154;2155
515;25;2155;2840;
515;25;1356;;
515;25;1118;;1117
515;25;1117;1118;777
515;25;777;1117;850
515;25;850;777;2952
515;25;2952;850;953
515;25;953;2952;954
515;25;954;953;
515;25;3249;;3250
515;25;3250;3249;3251
515;25;3251;3250;3252
515;25;3252;3251;3253
515;25;3253;3252;3254
515;25;3254;3253;
515;25;1362;;
515;25;1360;;
515;25;1358;;
515;25;1340;;
515;25;1346;;
515;25;1338;;
515;25;2865;;
515;25;1444;;1445
515;25;1445;1444;2861
515;25;2861;1445;1446
515;25;1446;2861;1447
515;25;1447;1446;2808
515;25;2808;1447;
515;25;1348;;
515;25;1352;;
515;25;1350;;
515;25;1342;;
515;25;1344;;
515;25;560;;561
515;25;561;560;562
515;25;562;561;563
515;25;563;562;
515;25;1244;;
515;25;1246;;
515;25;1252;;
515;25;1248;;
515;25;1254;;
515;25;1250;;
515;25;565;;566
515;25;566;565;567
515;25;567;566;
515;25;3069;;2441
515;25;2441;3069;
515;25;590;;591
515;25;591;590;592
515;25;592;591;594
515;25;594;592;
515;25;2398;;2399
515;25;2399;2398;2400
515;25;2400;2399;
515;25;829;;830
515;25;830;829;831
515;25;831;830;834
515;25;834;831;835
515;25;835;834;836
515;25;836;835;
515;25;820;;821
515;25;821;820;822
515;25;822;821;823
515;25;823;822;
515;25;825;;826
515;25;826;825;827
515;25;827;826;
515;25;2416;;2417
515;25;2417;2416;
515;25;2630;;2631
515;25;2631;2630;2632
515;25;2632;2631;2801
515;25;2801;2632;2633
515;25;2633;2801;2634
515;25;2634;2633;
515;25;889;;890
515;25;890;889;891
515;25;891;890;892
515;25;892;891;2807
515;25;2807;892;3066
515;25;3066;2807;
515;25;1354;;
515;25;1368;;
515;25;426;;427
515;25;427;426;428
515;25;428;427;496
515;25;496;428;
515;25;2434;;2435
515;25;2435;2434;2436
515;25;2436;2435;2437
515;25;2437;2436;2706
515;25;2706;2437;2438
515;25;2438;2706;2997
515;25;2997;2438;
515;25;465;;466
515;25;466;465;467
515;25;467;466;
515;25;2821;;2822
515;25;2822;2821;
515;25;939;;937
515;25;937;939;938
515;25;938;937;2748
515;25;2748;938;2998
515;25;2998;2748;
515;25;931;;932
515;25;932;931;933
515;25;933;932;934
515;25;934;933;935
515;25;935;934;
515;25;681;;682
515;25;682;681;683
515;25;683;682;
515;25;461;;462
515;25;462;461;
515;25;2387;;2388
515;25;2388;2387;2710
515;25;2710;2388;2389
515;25;2389;2710;
515;25;534;;535
515;25;535;534;536
515;25;536;535;537
515;25;537;536;538
515;25;538;537;
515;25;530;;1028
515;25;1028;530;531
515;25;531;1028;1055
515;25;1055;531;3243
515;25;3243;1055;532
515;25;532;3243;
515;25;1499;;
515;25;3023;;3024
515;25;3024;3023;3025
515;25;3025;3024;
515;25;2978;;2979
515;25;2979;2978;2980
515;25;2980;2979;2981
515;25;2981;2980;
515;25;1477;;
515;25;585;;586
515;25;586;585;587
515;25;587;586;588
515;25;588;587;
515;25;783;;784
515;25;784;783;785
515;25;785;784;786
515;25;786;785;787
515;25;787;786;788
515;25;788;787;789
515;25;789;788;790
515;25;790;789;791
515;25;791;790;792
515;25;792;791;3000
515;25;3000;792;3001
515;25;3001;3000;
515;25;924;;923
515;25;923;924;
515;25;3245;;2876
515;25;2876;3245;2877
515;25;2877;2876;2878
515;25;2878;2877;
515;25;3265;;3266
515;25;3266;3265;3267
515;25;3267;3266;3268
515;25;3268;3267;
515;25;2908;;2909
515;25;2909;2908;
515;25;85;;86
515;25;86;85;87
515;25;87;86;
515;25;306;;
515;25;322;;
515;25;2147;;2146
515;25;2146;2147;
515;25;3014;;3015
515;25;3015;3014;3016
515;25;3016;3015;
515;25;83;;58
515;25;58;83;59
515;25;59;58;60
515;25;60;59;61
515;25;61;60;62
515;25;62;61;63
515;25;63;62;64
515;25;64;63;82
515;25;82;64;
515;25;370;;
515;25;374;;
515;25;372;;
515;25;392;;
515;25;312;;
515;25;394;;
515;25;314;;
515;25;396;;
515;25;310;;
515;25;300;;
515;25;1442;;
515;25;272;;
515;25;260;;
515;25;332;;
515;25;336;;
515;25;1473;;
515;25;366;;
515;25;308;;
515;25;1148;;
515;25;302;;
515;25;304;;
515;25;1150;;
515;25;386;;
515;25;384;;
515;25;296;;
515;25;298;;
515;25;352;;
515;25;270;;
515;25;258;;
515;25;334;;
515;25;338;;
515;25;1469;;
515;25;1471;;
515;25;368;;
515;25;316;;
515;25;388;;
515;25;330;;
515;25;382;;
515;25;1440;;
515;25;288;;
515;25;268;;
515;25;340;;
515;25;350;;
515;25;1457;;
515;25;1152;;
515;25;2516;;2517
515;25;2517;2516;
515;25;1300;;
515;25;2548;;2549
515;25;2549;2548;2712
515;25;2712;2549;
515;25;2597;;2713
515;25;2713;2597;2598
515;25;2598;2713;2599
515;25;2599;2598;
515;25;2412;;2714
515;25;2714;2412;2413
515;25;2413;2714;
515;25;2381;;2382
515;25;2382;2381;
515;25;2391;;2392
515;25;2392;2391;2393
515;25;2393;2392;
515;25;1093;;1094
515;25;1094;1093;1095
515;25;1095;1094;2141
515;25;2141;1095;
515;25;816;;817
515;25;817;816;818
515;25;818;817;
515;25;3048;;2732
515;25;2732;3048;2643
515;25;2643;2732;2809
515;25;2809;2643;2810
515;25;2810;2809;
515;25;2313;;3052
515;25;3052;2313;
515;25;2316;;2317
515;25;2317;2316;2318
515;25;2318;2317;2319
515;25;2319;2318;
515;25;3054;;3055
515;25;3055;3054;2314
515;25;2314;3055;
515;25;1064;;1065
515;25;1065;1064;1066
515;25;1066;1065;
515;25;2430;;2431
515;25;2431;2430;2432
515;25;2432;2431;
515;25;2424;;2425
515;25;2425;2424;2426
515;25;2426;2425;2427
515;25;2427;2426;2428
515;25;2428;2427;
515;25;2577;;2578
515;25;2578;2577;
515;25;2823;;2824
515;25;2824;2823;2574
515;25;2574;2824;2711
515;25;2711;2574;2575
515;25;2575;2711;2579
515;25;2579;2575;2580
515;25;2580;2579;
515;25;779;;780
515;25;780;779;781
515;25;781;780;
515;25;2449;;2450
515;25;2450;2449;
515;25;3181;;3182
515;25;3182;3181;
515;25;3156;;2595
515;25;2595;3156;
515;25;2616;;2617
515;25;2617;2616;
515;25;2395;;2396
515;25;2396;2395;
515;25;1524;;
515;25;1322;;
515;25;1328;;
515;25;1518;;
515;25;1326;;
515;25;1324;;
515;25;2402;;2403
515;25;2403;2402;2404
515;25;2404;2403;
515;25;623;;624
515;25;624;623;
515;25;2612;;2715
515;25;2715;2612;2613
515;25;2613;2715;
515;25;2942;;2943
515;25;2943;2942;2837
515;25;2837;2943;2240
515;25;2240;2837;2925
515;25;2925;2240;2241
515;25;2241;2925;2944
515;25;2944;2241;
515;25;1485;;
515;25;72;;124
515;25;124;72;79
515;25;79;124;141
515;25;141;79;73
515;25;73;141;74
515;25;74;73;150
515;25;150;74;80
515;25;80;150;
515;25;2685;;2686
515;25;2686;2685;
515;25;854;;855
515;25;855;854;856
515;25;856;855;857
515;25;857;856;858
515;25;858;857;859
515;25;859;858;
515;25;3187;;3188
515;25;3188;3187;
515;25;2486;;2487
515;25;2487;2486;
515;25;1382;;
515;25;1380;;
515;25;883;;884
515;25;884;883;885
515;25;885;884;886
515;25;886;885;646
515;25;646;886;887
515;25;887;646;
515;25;875;;876
515;25;876;875;877
515;25;877;876;
515;25;3194;;880
515;25;880;3194;881
515;25;881;880;
515;25;3102;;3103
515;25;3103;3102;3104
515;25;3104;3103;3105
515;25;3105;3104;3106
515;25;3106;3105;
515;25;3087;;3088
515;25;3088;3087;3089
515;25;3089;3088;3090
515;25;3090;3089;
515;25;3092;;3093
515;25;3093;3092;
515;25;2198;;2199
515;25;2199;2198;2200
515;25;2200;2199;2798
515;25;2798;2200;2201
515;25;2201;2798;
515;25;621;;620
515;25;620;621;619
515;25;619;620;618
515;25;618;619;
515;25;3191;;3192
515;25;3192;3191;3193
515;25;3193;3192;
515;25;2209;;996
515;25;996;2209;997
515;25;997;996;998
515;25;998;997;999
515;25;999;998;
515;25;2950;;2951
515;25;2951;2950;
515;25;2232;;2716
515;25;2716;2232;2233
515;25;2233;2716;2234
515;25;2234;2233;2235
515;25;2235;2234;2236
515;25;2236;2235;2237
515;25;2237;2236;2717
515;25;2717;2237;2238
515;25;2238;2717;
515;25;2842;;2843
515;25;2843;2842;2844
515;25;2844;2843;2845
515;25;2845;2844;
515;25;1001;;1002
515;25;1002;1001;1024
515;25;1024;1002;1025
515;25;1025;1024;1026
515;25;1026;1025;1027
515;25;1027;1026;
515;25;1154;;
515;25;1156;;
515;25;495;;498
515;25;498;495;499
515;25;499;498;994
515;25;994;499;500
515;25;500;994;501
515;25;501;500;502
515;25;502;501;503
515;25;503;502;504
515;25;504;503;
515;25;1158;;
515;25;1160;;
515;25;1162;;
515;25;1164;;
515;25;626;;1124
515;25;1124;626;627
515;25;627;1124;628
515;25;628;627;
515;25;3082;;900
515;25;900;3082;901
515;25;901;900;902
515;25;902;901;
515;25;894;;895
515;25;895;894;896
515;25;896;895;3083
515;25;3083;896;
515;25;3133;;3134
515;25;3134;3133;
515;25;2256;;2257
515;25;2257;2256;2258
515;25;2258;2257;
515;25;3095;;3096
515;25;3096;3095;3097
515;25;3097;3096;3098
515;25;3098;3097;3099
515;25;3099;3098;3100
515;25;3100;3099;
515;25;3004;;3005
515;25;3005;3004;
515;25;2337;;2338
515;25;2338;2337;2339
515;25;2339;2338;
515;25;2342;;2749
515;25;2749;2342;
515;25;2527;;2528
515;25;2528;2527;
515;25;3071;;3072
515;25;3072;3071;3073
515;25;3073;3072;
515;25;3027;;3028
515;25;3028;3027;3029
515;25;3029;3028;
515;25;1505;;
515;25;2898;;2899
515;25;2899;2898;2900
515;25;2900;2899;
515;25;2384;;2385
515;25;2385;2384;2999
515;25;2999;2385;
515;25;2556;;2557
515;25;2557;2556;2718
515;25;2718;2557;2561
515;25;2561;2718;2811
515;25;2811;2561;
515;25;2157;;2158
515;25;2158;2157;2159
515;25;2159;2158;
515;25;1512;;
515;25;794;;795
515;25;795;794;796
515;25;796;795;797
515;25;797;796;798
515;25;798;797;
515;25;653;;654
515;25;654;653;1056
515;25;1056;654;655
515;25;655;1056;656
515;25;656;655;
515;25;3116;;2493
515;25;2493;3116;2494
515;25;2494;2493;
515;25;2490;;3117
515;25;3117;2490;
515;25;2519;;2520
515;25;2520;2519;2521
515;25;2521;2520;2522
515;25;2522;2521;
515;25;509;;510
515;25;510;509;
515;25;1501;;
515;25;1503;;
515;25;1497;;
515;25;3197;;574
515;25;574;3197;575
515;25;575;574;248
515;25;248;575;249
515;25;249;248;250
515;25;250;249;
515;25;1370;;
515;25;1418;;
515;25;1408;;
515;25;1282;;
515;25;1286;;
515;25;1284;;
515;25;1400;;
515;25;1414;;
515;25;1278;;
515;25;1276;;
515;25;1280;;
515;25;1366;;
515;25;569;;570
515;25;570;569;3228
515;25;3228;570;
515;25;3218;;3219
515;25;3219;3218;3220
515;25;3220;3219;
515;25;328;;
515;25;2149;;2150
515;25;2150;2149;
515;25;158;;145
515;25;145;158;104
515;25;104;145;137
515;25;137;104;147
515;25;147;137;
515;25;3127;;3128
515;25;3128;3127;
515;25;2729;;2730
515;25;2730;2729;2335
515;25;2335;2730;
515;25;2533;;2534
515;25;2534;2533;2535
515;25;2535;2534;
515;25;2489;;3119
515;25;3119;2489;
515;25;868;;3169
515;25;3169;868;3170
515;25;3170;3169;
515;25;865;;866
515;25;866;865;869
515;25;869;866;870
515;25;870;869;871
515;25;871;870;
515;25;3108;;3109
515;25;3109;3108;3110
515;25;3110;3109;
515;25;1047;;1048
515;25;1048;1047;1049
515;25;1049;1048;
515;25;2329;;2330
515;25;2330;2329;3056
515;25;3056;2330;
515;25;3075;;3076
515;25;3076;3075;3077
515;25;3077;3076;3078
515;25;3078;3077;
515;25;3120;;2814
515;25;2814;3120;2815
515;25;2815;2814;
515;25;2512;;2513
515;25;2513;2512;2514
515;25;2514;2513;
515;25;982;;983
515;25;983;982;984
515;25;984;983;
515;25;2243;;2244
515;25;2244;2243;
515;25;2346;;2347
515;25;2347;2346;2348
515;25;2348;2347;
515;25;2354;;2355
515;25;2355;2354;2356
515;25;2356;2355;2816
515;25;2816;2356;2360
515;25;2360;2816;
515;25;910;;911
515;25;911;910;912
515;25;912;911;913
515;25;913;912;914
515;25;914;913;915
515;25;915;914;3007
515;25;3007;915;
515;25;3256;;3257
515;25;3257;3256;
515;25;1107;;1108
515;25;1108;1107;
515;25;1109;;1110
515;25;1110;1109;
515;25;1120;;1121
515;25;1121;1120;1122
515;25;1122;1121;
515;25;2530;;2531
515;25;2531;2530;
515;25;1166;;
515;25;2151;;968
515;25;968;2151;969
515;25;969;968;
515;25;3240;;976
515;25;976;3240;979
515;25;979;976;980
515;25;980;979;
515;25;2268;;2721
515;25;2721;2268;2269
515;25;2269;2721;
515;25;1103;;988
515;25;988;1103;1104
515;25;1104;988;1101
515;25;1101;1104;3121
515;25;3121;1101;
515;25;2771;;2772
515;25;2772;2771;2773
515;25;2773;2772;2774
515;25;2774;2773;2775
515;25;2775;2774;
515;25;1085;;1086
515;25;1086;1085;1087
515;25;1087;1086;
515;25;1228;;
515;25;727;;728
515;25;728;727;729
515;25;729;728;3195
515;25;3195;729;3196
515;25;3196;3195;
515;25;3177;;3178
515;25;3178;3177;3179
515;25;3179;3178;
515;25;1232;;
515;25;721;;722
515;25;722;721;723
515;25;723;722;724
515;25;724;723;725
515;25;725;724;
515;25;1510;;
515;25;1508;;
515;25;2863;;
515;25;1426;;
515;25;1434;;
515;25;1459;;
515;25;2855;;2856
515;25;2856;2855;2857
515;25;2857;2856;2858
515;25;2858;2857;2859
515;25;2859;2858;3238
515;25;3238;2859;
515;25;1428;;
515;25;1420;;
515;25;1430;;
515;25;1424;;
515;25;1487;;
515;25;1432;;
515;25;1422;;
515;25;1491;;
515;25;691;;692
515;25;692;691;693
515;25;693;692;694
515;25;694;693;695
515;25;695;694;
515;25;1202;;
515;25;685;;686
515;25;686;685;687
515;25;687;686;688
515;25;688;687;989
515;25;989;688;689
515;25;689;989;
515;25;1200;;
515;25;1198;;
515;25;1196;;
515;25;1204;;
515;25;2350;;2351
515;25;2351;2350;2722
515;25;2722;2351;
515;25;3124;;3125
515;25;3125;3124;
515;25;2915;;2324
515;25;2324;2915;1112
515;25;1112;2324;1113
515;25;1113;1112;
515;25;3226;;2246
515;25;2246;3226;2796
515;25;2796;2246;2249
515;25;2249;2796;2252
515;25;2252;2249;2723
515;25;2723;2252;2917
515;25;2917;2723;2919
515;25;2919;2917;2920
515;25;2920;2919;2817
515;25;2817;2920;2818
515;25;2818;2817;2819
515;25;2819;2818;
515;25;2321;;2724
515;25;2724;2321;2725
515;25;2725;2724;2322
515;25;2322;2725;2323
515;25;2323;2322;
515;25;2927;;2928
515;25;2928;2927;
515;25;3112;;3113
515;25;3113;3112;3114
515;25;3114;3113;3115
515;25;3115;3114;
515;25;2983;;2984
515;25;2984;2983;2985
515;25;2985;2984;2986
515;25;2986;2985;
515;25;2988;;2989
515;25;2989;2988;
515;25;1061;;1062
515;25;1062;1061;
515;25;378;;
515;25;380;;
515;25;214;;215
515;25;215;214;204
515;25;204;215;240
515;25;240;204;241
515;25;241;240;203
515;25;203;241;242
515;25;242;203;243
515;25;243;242;244
515;25;244;243;202
515;25;202;244;
515;25;1316;;
515;25;1270;;
515;25;1256;;
515;25;1260;;
515;25;1258;;
515;25;376;;
515;25;1302;;
515;25;1294;;
515;25;1298;;
515;25;1296;;
515;25;1240;;
515;25;1314;;
515;25;1266;;
515;25;1262;;
515;25;1264;;
515;25;1475;;
515;25;1288;;
515;25;1290;;
515;25;1292;;
515;25;1274;;
515;25;1479;;
515;25;1242;;
515;25;1072;;1073
515;25;1073;1072;1074
515;25;1074;1073;1075
515;25;1075;1074;1076
515;25;1076;1075;1078
515;25;1078;1076;1082
515;25;1082;1078;1083
515;25;1083;1082;1084
515;25;1084;1083;3021
515;25;3021;1084;
515;25;1534;;
515;25;602;;601
515;25;601;602;600
515;25;600;601;599
515;25;599;600;598
515;25;598;599;597
515;25;597;598;596
515;25;596;597;
515;25;1272;;
515;25;2507;;2508
515;25;2508;2507;2509
515;25;2509;2508;2510
515;25;2510;2509;
515;25;1364;;
515;25;3148;;3149
515;25;3149;3148;3150
515;25;3150;3149;
515;25;292;;
515;25;294;;
515;25;290;;
515;25;2869;;251
515;25;251;2869;252
515;25;252;251;253
515;25;253;252;254
515;25;254;253;
515;25;1386;;
515;25;1394;;
515;25;1378;;
515;25;1384;;
515;25;1376;;
515;25;1392;;
515;25;1372;;
515;25;2768;;2769
515;25;2769;2768;
515;25;1489;;
515;25;2867;;
515;25;697;;698
515;25;698;697;699
515;25;699;698;2851
515;25;2851;699;2852
515;25;2852;2851;2853
515;25;2853;2852;
515;25;3227;;573
515;25;573;3227;2847
515;25;2847;573;2848
515;25;2848;2847;2849
515;25;2849;2848;576
515;25;576;2849;577
515;25;577;576;578
515;25;578;577;579
515;25;579;578;
515;25;3222;;3223
515;25;3223;3222;3224
515;25;3224;3223;3225
515;25;3225;3224;
515;25;1436;;
515;25;354;;
515;25;1438;;
515;25;282;;
515;25;284;;
515;25;286;;
515;25;971;;972
515;25;972;971;973
515;25;973;972;2932
515;25;2932;973;2933
515;25;2933;2932;
515;25;490;;491
515;25;491;490;492
515;25;492;491;493
515;25;493;492;
515;25;1453;;
515;25;1168;;
515;25;1172;;
515;25;1174;;
515;25;1176;;
515;25;1448;;211
515;25;211;1448;210
515;25;210;211;209
515;25;209;210;
515;25;1178;;
515;25;1180;;
515;25;1170;;
515;25;1483;;
515;25;1182;;
515;25;1184;;
515;25;1186;;
515;25;1188;;
515;25;1190;;
515;25;1388;;
515;25;1390;;
515;25;1038;;1039
515;25;1039;1038;1040
515;25;1040;1039;1041
515;25;1041;1040;
515;25;1030;;1031
515;25;1031;1030;1032
515;25;1032;1031;
515;25;1034;;1035
515;25;1035;1034;1036
515;25;1036;1035;
515;25;262;;
515;25;264;;
515;25;266;;
515;25;1043;;1044
515;25;1044;1043;1045
515;25;1045;1044;
515;25;841;;842
515;25;842;841;843
515;25;843;842;844
515;25;844;843;
515;25;2333;;2334
515;25;2334;2333;2728
515;25;2728;2334;
515;25;2638;;2639
515;25;2639;2638;3049
515;25;3049;2639;
515;25;1514;;
515;25;1318;;
515;25;3129;;773
515;25;773;3129;774
515;25;774;773;776
515;25;776;774;
515;25;517;;518
515;25;518;517;519
515;25;519;518;520
515;25;520;519;644
515;25;644;520;521
515;25;521;644;645
515;25;645;521;522
515;25;522;645;523
515;25;523;522;
515;25;342;;
515;25;346;;
515;25;344;;
515;25;455;;456
515;25;456;455;457
515;25;457;456;458
515;25;458;457;459
515;25;459;458;
515;25;447;;448
515;25;448;447;449
515;25;449;448;
515;25;451;;452
515;25;452;451;453
515;25;453;452;
515;25;1495;;
515;25;1481;;
515;25;2566;;2797
515;25;2797;2566;2567
515;25;2567;2797;2568
515;25;2568;2567;2832
515;25;2832;2568;2833
515;25;2833;2832;2834
515;25;2834;2833;3011
515;25;3011;2834;3012
515;25;3012;3011;
515;25;2622;;2623
515;25;2623;2622;2624
515;25;2624;2623;
515;25;1374;;
515;25;3009;;1139
515;25;1139;3009;921
515;25;921;1139;
515;25;1212;;
515;25;1058;;1059
515;25;1059;1058;
515;25;2461;;2462
515;25;2462;2461;2463
515;25;2463;2462;2464
515;25;2464;2463;
515;25;2906;;907
515;25;907;2906;908
515;25;908;907;
515;25;1216;;
515;25;1009;;1010
515;25;1010;1009;1011
515;25;1011;1010;
515;25;746;;747
515;25;747;746;748
515;25;748;747;
515;25;348;;
515;25;2762;;741
515;25;741;2762;742
515;25;742;741;743
515;25;743;742;744
515;25;744;743;
515;25;2659;;2660
515;25;2660;2659;
515;25;767;;768
515;25;768;767;769
515;25;769;768;770
515;25;770;769;
515;25;1238;;
515;25;1236;;
515;25;1465;;
515;25;1467;;
515;25;1463;;
515;25;1192;;
515;25;1194;;
515;25;2668;;2669
515;25;2669;2668;
515;25;2278;;2733
515;25;2733;2278;2734
515;25;2734;2733;2735
515;25;2735;2734;2281
515;25;2281;2735;2282
515;25;2282;2281;
515;25;763;;764
515;25;764;763;765
515;25;765;764;
515;25;758;;759
515;25;759;758;760
515;25;760;759;761
515;25;761;760;
515;25;556;;557
515;25;557;556;2846
515;25;2846;557;558
515;25;558;2846;
515;25;2636;;550
515;25;550;2636;551
515;25;551;550;552
515;25;552;551;553
515;25;553;552;554
515;25;554;553;
515;25;957;;956
515;25;956;957;
515;25;638;;639
515;25;639;638;640
515;25;640;639;641
515;25;641;640;642
515;25;642;641;643
515;25;643;642;
515;25;987;;986
515;25;986;987;
515;25;2483;;2484
515;25;2484;2483;
515;25;2419;;2420
515;25;2420;2419;2421
515;25;2421;2420;2422
515;25;2422;2421;
515;25;2372;;2373
515;25;2373;2372;2374
515;25;2374;2373;
515;25;672;;671
515;25;671;672;670
515;25;670;671;669
515;25;669;670;
515;25;1222;;
515;25;1220;;
515;25;1069;;1068
515;25;1068;1069;
515;25;3144;;3145
515;25;3145;3144;3146
515;25;3146;3145;
515;25;2545;;2546
515;25;2546;2545;
515;25;2460;;3205
515;25;3205;2460;
515;25;2453;;2737
515;25;2737;2453;2454
515;25;2454;2737;2455
515;25;2455;2454;2738
515;25;2738;2455;2456
515;25;2456;2738;2457
515;25;2457;2456;
515;25;3208;;2458
515;25;2458;3208;
515;25;2922;;2923
515;25;2923;2922;2924
515;25;2924;2923;
515;25;2162;;2163
515;25;2163;2162;2164
515;25;2164;2163;
515;25;2955;;2956
515;25;2956;2955;2957
515;25;2957;2956;2958
515;25;2958;2957;2959
515;25;2959;2958;2960
515;25;2960;2959;2961
515;25;2961;2960;
515;25;2443;;2444
515;25;2444;2443;
515;25;2555;;2563
515;25;2563;2555;2564
515;25;2564;2563;
515;25;540;;541
515;25;541;540;542
515;25;542;541;
515;25;3140;;3141
515;25;3141;3140;3142
515;25;3142;3141;
515;25;2739;;2302
515;25;2302;2739;2303
515;25;2303;2302;2304
515;25;2304;2303;
515;25;464;;990
515;25;990;464;2777
515;25;2777;990;2778
515;25;2778;2777;2973
515;25;2973;2778;
515;25;3018;;3019
515;25;3019;3018;3020
515;25;3020;3019;
515;25;1135;;423
515;25;423;1135;422
515;25;422;423;
515;25;2975;;2976
515;25;2976;2975;
515;25;2968;;2969
515;25;2969;2968;2970
515;25;2970;2969;2971
515;25;2971;2970;2972
515;25;2972;2971;
515;25;1130;;429
515;25;429;1130;424
515;25;424;429;
515;25;432;;2143
515;25;2143;432;431
515;25;431;2143;430
515;25;430;431;1134
515;25;1134;430;
515;25;2582;;2719
515;25;2719;2582;2741
515;25;2741;2719;2571
515;25;2571;2741;2572
515;25;2572;2571;2720
515;25;2720;2572;3155
515;25;3155;2720;
515;25;2307;;2742
515;25;2742;2307;2308
515;25;2308;2742;
515;25;3161;;948
515;25;948;3161;949
515;25;949;948;950
515;25;950;949;3189
515;25;3189;950;
515;25;942;;943
515;25;943;942;944
515;25;944;943;945
515;25;945;944;3163
515;25;3163;945;
515;25;3164;;946
515;25;946;3164;
515;25;2377;;2378
515;25;2378;2377;2379
515;25;2379;2378;
515;25;2193;;2743
515;25;2743;2193;2194
515;25;2194;2743;2195
515;25;2195;2194;2196
515;25;2196;2195;3175
515;25;3175;2196;
515;25;2552;;2553
515;25;2553;2552;
515;25;2271;;2272
515;25;2272;2271;
515;25;2284;;2744
515;25;2744;2284;2285
515;25;2285;2744;
515;25;2626;;2627
515;25;2627;2626;
515;25;2887;;804
515;25;804;2887;805
515;25;805;804;806
515;25;806;805;807
515;25;807;806;808
515;25;808;807;657
515;25;657;808;
515;25;801;;802
515;25;802;801;
515;25;800;;3166
515;25;3166;800;
515;25;3037;;3038
515;25;3038;3037;
515;25;2674;;2675
515;25;2675;2674;2676
515;25;2676;2675;
515;25;2471;;2472
515;25;2472;2471;2473
515;25;2473;2472;2474
515;25;2474;2473;2475
515;25;2475;2474;
515;25;2585;;2586
515;25;2586;2585;
515;25;674;;675
515;25;675;674;676
515;25;676;675;677
515;25;677;676;678
515;25;678;677;679
515;25;679;678;
515;25;3158;;3159
515;25;3159;3158;2756
515;25;2756;3159;3160
515;25;3160;2756;
515;25;2930;;2931
515;25;2931;2930;
515;25;838;;839
515;25;839;838;
515;25;2362;;2363
515;25;2363;2362;2364
515;25;2364;2363;2365
515;25;2365;2364;
515;25;1493;;
515;25;2619;;2726
515;25;2726;2619;2620
515;25;2620;2726;3006
515;25;3006;2620;
515;25;2367;;2368
515;25;2368;2367;2369
515;25;2369;2368;
515;25;2537;;2538
515;25;2538;2537;2540
515;25;2540;2538;2541
515;25;2541;2540;2542
515;25;2542;2541;
515;25;2466;;2467
515;25;2467;2466;2468
515;25;2468;2467;2469
515;25;2469;2468;
515;25;872;;873
515;25;873;872;
515;25;2263;;2264
515;25;2264;2263;2265
515;25;2265;2264;2266
515;25;2266;2265;
515;25;2901;;2902
515;25;2902;2901;2903
515;25;2903;2902;2904
515;25;2904;2903;2260
515;25;2260;2904;2261
515;25;2261;2260;
515;25;2750;;2751
515;25;2751;2750;2343
515;25;2343;2751;2344
515;25;2344;2343;
515;25;2604;;2605
515;25;2605;2604;2606
515;25;2606;2605;2607
515;25;2607;2606;
515;25;326;;
515;25;324;;
515;25;320;;
515;25;318;;
515;25;3171;;2601
515;25;2601;3171;2753
515;25;2753;2601;2754
515;25;2754;2753;2602
515;25;2602;2754;
515;25;3031;;3032
515;25;3032;3031;
515;25;3184;;3185
515;25;3185;3184;
515;25;2991;;2992
515;25;2992;2991;
515;25;2826;;2827
515;25;2827;2826;2828
515;25;2828;2827;2829
515;25;2829;2828;
515;25;2524;;2525
515;25;2525;2524;
515;25;1017;;2758
515;25;2758;1017;1018
515;25;1018;2758;
515;25;2446;;3132
515;25;3132;2446;
515;25;2678;;2679
515;25;2679;2678;3236
515;25;3236;2679;2680
515;25;2680;3236;2681
515;25;2681;2680;2682
515;25;2682;2681;2683
515;25;2683;2682;3167
515;25;3167;2683;
515;25;3210;;3211
515;25;3211;3210;
515;25;478;;479
515;25;479;478;992
515;25;992;479;481
515;25;481;992;993
515;25;993;481;482
515;25;482;993;483
515;25;483;482;484
515;25;484;483;485
515;25;485;484;486
515;25;486;485;487
515;25;487;486;991
515;25;991;487;488
515;25;488;991;
515;25;2792;;2793
515;25;2793;2792;2794
515;25;2794;2793;2795
515;25;2795;2794;
515;25;1530;;
515;25;1528;;
515;25;1522;;
515;25;2871;;208
515;25;208;2871;220
515;25;220;208;207
515;25;207;220;206
515;25;206;207;229
515;25;229;206;235
515;25;235;229;205
515;25;205;235;213
515;25;213;205;
515;25;1516;;
515;25;1332;;
515;25;1334;;
515;25;1230;;
515;25;1210;;
515;25;1208;;
515;25;1214;;
515;25;1226;;
515;25;1532;;
515;25;1526;;
515;25;1330;;
515;25;1336;;
515;25;1234;;
515;25;1206;;
515;25;1320;;
515;25;1224;;
515;25;1218;;
515;25;2780;;2781
515;25;2781;2780;2782
515;25;2782;2781;
515;25;2784;;2785
515;25;2785;2784;2786
515;25;2786;2785;2789
515;25;2789;2786;2790
515;25;2790;2789;2791
515;25;2791;2790;
515;25;2406;;2407
515;25;2407;2406;2408
515;25;2408;2407;2409
515;25;2409;2408;2410
515;25;2410;2409;
515;25;3080;;3081
515;25;3081;3080;
515;25;2477;;2478
515;25;2478;2477;2479
515;25;2479;2478;2480
515;25;2480;2479;2481
515;25;2481;2480;
515;25;2496;;2497
515;25;2497;2496;2498
515;25;2498;2497;2499
515;25;2499;2498;2500
515;25;2500;2499;2501
515;25;2501;2500;
515;25;2503;;2760
515;25;2760;2503;2504
515;25;2504;2760;2505
515;25;2505;2504;
515;25;3034;;3035
515;25;3035;3034;
