CID;TABCD;LCD;CLASS;TCD;STCD;ROADNUMBER;RNID;N1ID;N2ID;POL_LCD;PES_LEV
515;25;2661;L;1;4;;707;1626;650;4;
515;25;2648;L;1;4;;1354;1355;1626;4;
515;25;958;L;1;4;;1355;1289;1288;4;
515;25;2687;L;1;3;;654;653;655;4;
515;25;962;L;1;4;;1289;1355;1626;4;
515;25;2653;L;1;4;;706;1289;650;4;
515;25;2670;L;1;4;;1288;303;650;4;
515;25;543;L;1;4;;1311;1355;1626;4;
515;25;359;L;7;0;;;840;745;4;
515;25;363;L;7;0;;;840;747;4;
515;25;361;L;7;0;;;840;752;4;
515;25;701;L;1;2;G104;840;644;1798;4;
515;25;3213;L;1;2;G104;608;1796;237;4;
515;25;709;L;1;4;G104;138;18;237;4;
515;25;357;L;7;0;;;844;745;4;
515;25;355;L;7;0;;;846;745;4;
515;25;75;L;1;1;G25;1541;745;33;4;
515;25;119;L;1;1;G25;28;786;1553;4;
515;25;54;L;1;1;G25;28;486;11;4;
515;25;216;L;2;1;G2501;745;;;4;
515;25;1449;L;1;1;G2501;745;9;446;4;
515;25;1141;L;7;0;;;786;745;4;
515;25;474;L;1;2;G320;786;506;1632;4;
515;25;2608;L;1;2;G320;233;1793;1631;4;
515;25;2889;L;1;2;G320;1631;233;1782;4;
515;25;2892;L;1;2;G320;1452;1632;209;4;
515;25;634;L;1;2;G320;200;163;233;4;
515;25;3057;L;1;4;;1696;373;1693;4;
515;25;2880;L;1;2;G320;1511;870;1474;4;
515;25;2881;L;1;2;G320;1474;28;105;4;
515;25;399;L;7;0;;;866;745;4;
515;25;389;L;7;0;;;866;747;4;
515;25;1143;L;7;0;;;866;752;4;
515;25;397;L;7;0;;;872;745;4;
515;25;2872;L;1;4;;1627;1628;1288;4;
515;25;809;L;1;4;;210;1492;208;4;
515;25;903;L;1;4;;16;295;15;4;
515;25;51;L;1;1;G56;1545;1886;745;4;
515;25;66;L;1;1;G60;1467;53;745;4;
515;25;3244;L;1;4;;116;228;1674;4;
515;25;664;L;1;3;S01;219;116;1800;4;
515;25;658;L;1;3;S01;211;1800;218;4;
515;25;511;L;1;3;S02;1886;462;1781;4;
515;25;2895;L;1;3;S02;1444;1781;126;4;
515;25;433;L;1;3;S03;76;59;64;4;
515;25;2439;L;1;4;;1462;1700;1671;4;
515;25;2913;L;1;3;S09;1502;209;211;4;
515;25;647;L;1;3;S09;1633;33;209;4;
515;25;421;L;1;3;S103;1636;508;55;4;
515;25;716;L;1;4;;240;190;18;4;
515;25;1126;L;1;4;;52;53;840;4;
515;25;128;L;1;1;S13;1542;745;1544;4;
515;25;524;L;1;3;S44;18;138;141;4;
515;25;1003;L;1;4;;58;14;52;4;
515;25;2293;L;1;4;;245;227;105;4;
515;25;416;L;1;3;S23;64;93;840;4;
515;25;860;L;1;4;;248;284;240;4;
515;25;845;L;1;4;;187;247;142;4;
515;25;925;L;1;4;;243;191;142;4;
515;25;608;L;1;4;;1699;17;18;4;
515;25;3202;L;1;4;;1783;1679;1677;4;
515;25;2945;L;1;4;;1655;321;1659;4;
515;25;3151;L;1;4;;1721;183;1723;4;
515;25;731;L;1;4;;246;132;159;4;
515;25;735;L;1;4;;247;248;132;4;
515;25;2993;L;1;4;;1667;72;59;4;
515;25;3061;L;1;4;;1693;1698;1692;4;
515;25;1019;L;1;4;;118;323;93;4;
515;25;2219;L;1;4;;518;512;124;4;
515;25;2176;L;1;4;;395;121;93;4;
515;25;2224;L;1;4;;397;1454;228;4;
515;25;2165;L;1;4;;11;119;37;4;
515;25;1145;L;7;0;;;891;890;4;
515;25;2213;L;1;4;;515;513;1453;4;
515;25;3258;L;1;4;;1556;1396;1687;4;
515;25;1311;L;7;0;;;1020;1264;4;
515;25;3241;L;7;0;;;1873;1266;4;
515;25;3135;L;1;4;;1718;165;290;4;
515;25;2202;L;1;4;;512;58;119;4;
515;25;2935;L;1;4;;1654;1653;1656;4;
515;25;2939;L;1;4;;1657;1656;11;4;
515;25;2309;L;1;4;;69;426;840;4;
515;25;1519;L;7;0;;;1854;1332;4;
515;25;603;L;1;4;;141;186;18;4;
515;25;1535;L;7;0;;;1868;1332;4;
515;25;749;L;1;4;;184;138;163;4;
515;25;2962;L;1;4;;1639;87;1643;4;
515;25;3044;L;1;4;;1396;1556;1687;4;
515;25;629;L;1;4;;182;138;163;4;
515;25;1267;L;7;0;;;983;858;4;
515;25;2286;L;1;4;;1814;87;1818;4;
515;25;2153;L;1;4;;53;1636;52;4;
515;25;1355;L;7;0;;;1053;1269;4;
515;25;1115;L;1;3;;1053;167;9;4;
515;25;3248;L;1;4;;1875;1877;1878;4;
515;25;1361;L;7;0;;;1259;1059;4;
515;25;1359;L;7;0;;;1259;1057;4;
515;25;1357;L;7;0;;;1259;1049;4;
515;25;1339;L;7;0;;;1259;1038;4;
515;25;1345;L;7;0;;;1259;1040;4;
515;25;1337;L;7;0;;;1259;1044;4;
515;25;2864;L;7;0;;;1259;1065;4;
515;25;1443;L;1;1;;1259;722;1834;4;
515;25;1347;L;7;0;;;1272;1038;4;
515;25;1351;L;7;0;;;1272;1040;4;
515;25;1349;L;7;0;;;1272;1044;4;
515;25;1341;L;7;0;;;1269;1038;4;
515;25;1343;L;7;0;;;1269;1040;4;
515;25;559;L;1;3;;19;161;1038;4;
515;25;1243;L;7;0;;;968;1278;4;
515;25;1245;L;7;0;;;968;1264;4;
515;25;1251;L;7;0;;;968;1266;4;
515;25;1247;L;7;0;;;971;1278;4;
515;25;1253;L;7;0;;;971;1264;4;
515;25;1249;L;7;0;;;971;1266;4;
515;25;564;L;1;3;;165;1038;167;4;
515;25;3068;L;1;4;;1671;1462;157;4;
515;25;589;L;1;4;;180;179;162;4;
515;25;2397;L;1;4;;573;572;574;4;
515;25;828;L;1;4;;207;209;283;4;
515;25;819;L;1;4;;212;208;276;4;
515;25;824;L;1;4;;270;276;209;4;
515;25;2415;L;1;4;;580;337;190;4;
515;25;2629;L;1;3;;33;642;1444;4;
515;25;888;L;1;4;;1038;185;166;4;
515;25;1353;L;7;0;;;1040;1269;4;
515;25;1367;L;7;0;;;1040;1286;4;
515;25;425;L;1;4;;316;119;1806;4;
515;25;2433;L;1;4;;136;132;1364;4;
515;25;463;L;1;3;;93;95;325;4;
515;25;2820;L;1;4;;1488;1487;745;4;
515;25;936;L;1;4;;231;243;562;4;
515;25;930;L;1;4;;189;247;243;4;
515;25;680;L;1;3;;196;105;1332;4;
515;25;460;L;1;4;;66;840;92;4;
515;25;2386;L;1;4;;225;570;241;4;
515;25;533;L;1;3;;144;142;116;4;
515;25;529;L;1;3;;142;141;144;4;
515;25;1498;L;7;0;;;1533;1530;4;
515;25;3022;L;1;4;;1533;20;1681;4;
515;25;2977;L;1;4;;1640;1662;1664;4;
515;25;1476;L;7;0;;;431;861;4;
515;25;584;L;1;4;;158;132;179;4;
515;25;782;L;1;4;;157;128;33;4;
515;25;922;L;1;4;;1807;288;194;4;
515;25;2875;L;1;4;;1628;1355;1053;4;
515;25;3264;L;1;1;S14;1882;1832;1885;4;
515;25;2907;L;1;4;;1642;198;132;4;
515;25;84;L;1;1;G15;446;1492;448;4;
515;25;305;L;7;0;;;28;752;4;
515;25;321;L;7;0;;;870;745;4;
515;25;2145;L;1;4;;870;1511;394;4;
515;25;3013;L;1;4;;1407;201;1682;4;
515;25;57;L;1;1;S5;21;1850;211;4;
515;25;369;L;7;0;;;745;840;4;
515;25;373;L;7;0;;;745;844;4;
515;25;371;L;7;0;;;745;846;4;
515;25;391;L;7;0;;;745;786;4;
515;25;311;L;7;0;;;745;790;4;
515;25;393;L;7;0;;;745;866;4;
515;25;313;L;7;0;;;745;793;4;
515;25;395;L;7;0;;;745;872;4;
515;25;309;L;7;0;;;745;870;4;
515;25;299;L;7;0;;;745;774;4;
515;25;1441;L;7;0;;;745;827;4;
515;25;271;L;7;0;;;745;117;4;
515;25;259;L;7;0;;;745;746;4;
515;25;331;L;7;0;;;745;1444;4;
515;25;335;L;7;0;;;745;1441;4;
515;25;1472;L;7;0;;;745;1226;4;
515;25;365;L;7;0;;;747;840;4;
515;25;307;L;7;0;;;747;786;4;
515;25;1147;L;7;0;;;747;866;4;
515;25;301;L;7;0;;;747;28;4;
515;25;303;L;7;0;;;747;784;4;
515;25;1149;L;7;0;;;747;219;4;
515;25;385;L;7;0;;;747;861;4;
515;25;383;L;7;0;;;747;858;4;
515;25;295;L;7;0;;;747;466;4;
515;25;297;L;7;0;;;747;774;4;
515;25;351;L;7;0;;;747;827;4;
515;25;269;L;7;0;;;747;117;4;
515;25;257;L;7;0;;;747;746;4;
515;25;333;L;7;0;;;747;1444;4;
515;25;337;L;7;0;;;747;1438;4;
515;25;1468;L;7;0;;;747;9;4;
515;25;1470;L;7;0;;;747;1226;4;
515;25;367;L;7;0;;;752;840;4;
515;25;315;L;7;0;;;752;786;4;
515;25;387;L;7;0;;;752;866;4;
515;25;329;L;7;0;;;752;1555;4;
515;25;381;L;7;0;;;752;858;4;
515;25;1439;L;7;0;;;752;827;4;
515;25;287;L;7;0;;;752;117;4;
515;25;267;L;7;0;;;752;746;4;
515;25;339;L;7;0;;;752;1438;4;
515;25;349;L;7;0;;;752;249;4;
515;25;1456;L;7;0;;;752;1226;4;
515;25;1151;L;7;0;;;887;9;4;
515;25;2515;L;1;4;;237;608;1457;4;
515;25;1299;L;7;0;;;1007;858;4;
515;25;2697;L;1;4;;616;138;201;4;
515;25;2411;L;1;4;;576;185;1689;4;
515;25;2414;L;1;4;;569;224;194;4;
515;25;1092;L;1;4;;271;274;499;4;
515;25;815;L;1;4;;274;210;271;4;
515;25;2642;L;1;4;;646;325;1691;4;
515;25;3246;L;1;4;;92;324;552;4;
515;25;3050;L;1;4;;1692;1693;840;4;
515;25;1063;L;1;4;;291;224;240;4;
515;25;2429;L;1;4;;583;617;616;4;
515;25;2423;L;1;4;;161;18;617;4;
515;25;2576;L;1;4;;201;181;623;4;
515;25;2573;L;1;4;;201;138;200;4;
515;25;778;L;1;4;;120;108;224;4;
515;25;2448;L;1;4;;1714;249;156;4;
515;25;3180;L;1;4;;1733;128;132;4;
515;25;2593;L;1;4;;629;584;1457;4;
515;25;2614;L;1;4;;634;166;1076;4;
515;25;2394;L;1;4;;571;225;572;4;
515;25;1523;L;7;0;;;18;1367;4;
515;25;1321;L;7;0;;;1030;934;4;
515;25;1327;L;7;0;;;1030;930;4;
515;25;1517;L;7;0;;;1032;1332;4;
515;25;1325;L;7;0;;;1032;934;4;
515;25;1323;L;7;0;;;1032;930;4;
515;25;2401;L;1;4;;575;574;190;4;
515;25;622;L;1;4;;197;198;132;4;
515;25;2611;L;1;4;;632;20;1560;4;
515;25;2239;L;1;4;;321;119;1655;4;
515;25;1484;L;7;0;;;1411;912;4;
515;25;71;L;1;1;;35;533;125;4;
515;25;2684;L;1;4;;125;35;653;4;
515;25;853;L;1;4;;167;142;286;4;
515;25;3186;L;1;4;;1735;1734;167;4;
515;25;2485;L;1;4;;1306;598;600;4;
515;25;1381;L;7;0;;;1087;1750;4;
515;25;1379;L;7;0;;;1085;1748;4;
515;25;882;L;1;4;;140;190;185;4;
515;25;874;L;1;4;;288;16;17;4;
515;25;879;L;1;4;;242;191;190;4;
515;25;3101;L;1;4;;90;541;89;4;
515;25;3085;L;1;4;;325;93;646;4;
515;25;2197;L;1;4;;513;58;14;4;
515;25;617;L;1;4;;194;196;17;4;
515;25;3190;L;1;4;;1728;1716;1736;4;
515;25;995;L;1;4;;123;58;119;4;
515;25;2949;L;1;4;;1659;1655;11;4;
515;25;2231;L;1;4;;37;11;119;4;
515;25;2841;L;1;4;;1527;244;1528;4;
515;25;1000;L;1;4;;124;58;397;4;
515;25;1153;L;7;0;;;14;890;4;
515;25;1155;L;7;0;;;14;912;4;
515;25;494;L;1;3;;14;1845;533;4;
515;25;1157;L;7;0;;;914;890;4;
515;25;1159;L;7;0;;;914;912;4;
515;25;1161;L;7;0;;;907;890;4;
515;25;1163;L;7;0;;;907;899;4;
515;25;625;L;1;4;;137;132;138;4;
515;25;898;L;1;4;;293;1803;105;4;
515;25;893;L;1;4;;226;291;1803;4;
515;25;3131;L;1;4;;1672;1717;157;4;
515;25;2255;L;1;4;;536;537;538;4;
515;25;2273;L;1;4;;77;76;325;4;
515;25;3003;L;1;4;;1673;157;237;4;
515;25;2336;L;1;4;;561;143;562;4;
515;25;2747;L;1;4;;681;562;710;4;
515;25;2526;L;1;4;;107;105;610;4;
515;25;3070;L;1;4;;574;224;241;4;
515;25;3026;L;1;4;;1681;1457;1683;4;
515;25;1504;L;7;0;;;1536;1530;4;
515;25;2897;L;1;4;;55;1638;1636;4;
515;25;2383;L;1;4;;570;569;17;4;
515;25;2554;L;1;4;;181;618;20;4;
515;25;2156;L;1;4;;509;1808;1467;4;
515;25;1511;L;7;0;;;203;1833;4;
515;25;793;L;1;4;;203;200;1705;4;
515;25;652;L;1;3;;208;211;209;4;
515;25;2492;L;1;4;;602;601;128;4;
515;25;2488;L;1;4;;601;593;1809;4;
515;25;2518;L;1;4;;593;609;198;4;
515;25;508;L;1;4;;126;127;128;4;
515;25;1500;L;7;0;;;1530;1533;4;
515;25;1502;L;7;0;;;1530;1536;4;
515;25;1496;L;7;0;;;1530;1457;4;
515;25;2868;L;1;1;;1530;20;1833;4;
515;25;1369;L;7;0;;;1351;1040;4;
515;25;1417;L;7;0;;;1351;1216;4;
515;25;1407;L;7;0;;;1351;1418;4;
515;25;1281;L;7;0;;;1351;1278;4;
515;25;1285;L;7;0;;;1351;1266;4;
515;25;1283;L;7;0;;;1351;861;4;
515;25;1399;L;7;0;;;1286;1414;4;
515;25;1413;L;7;0;;;1286;1418;4;
515;25;1277;L;7;0;;;1286;1278;4;
515;25;1275;L;7;0;;;1286;1264;4;
515;25;1279;L;7;0;;;1286;1266;4;
515;25;1365;L;7;0;;;1286;1063;4;
515;25;568;L;1;3;;1364;745;1789;4;
515;25;3217;L;1;4;;1788;745;1789;4;
515;25;327;L;7;0;;;1555;747;4;
515;25;2148;L;1;4;;394;870;105;4;
515;25;146;L;1;1;S33;1822;1467;486;4;
515;25;3126;L;1;4;;564;561;559;4;
515;25;2727;L;1;4;;1846;564;560;4;
515;25;2532;L;1;4;;597;610;120;4;
515;25;3118;L;1;4;;600;1306;593;4;
515;25;3168;L;1;4;;1669;105;257;4;
515;25;864;L;1;4;;224;120;291;4;
515;25;3107;L;1;4;;1373;1811;1812;4;
515;25;1046;L;1;4;;329;95;86;4;
515;25;2328;L;1;4;;1694;543;1693;4;
515;25;3074;L;1;4;;430;291;241;4;
515;25;2813;L;1;4;;1668;136;138;4;
515;25;2511;L;1;4;;1708;590;136;4;
515;25;981;L;1;4;;314;1813;316;4;
515;25;2242;L;1;4;;1453;533;14;4;
515;25;2345;L;1;4;;145;116;144;4;
515;25;2353;L;1;4;;145;105;231;4;
515;25;909;L;1;4;;294;194;105;4;
515;25;3255;L;1;4;;1879;1880;1527;4;
515;25;1054;L;1;4;;317;311;1739;4;
515;25;1119;L;1;4;;659;317;119;4;
515;25;2529;L;1;4;;610;107;597;4;
515;25;1165;L;7;0;;;219;752;4;
515;25;3247;L;1;4;;307;1636;314;4;
515;25;2267;L;1;4;;537;64;533;4;
515;25;1102;L;1;3;;228;116;14;4;
515;25;2770;L;1;4;;723;725;105;4;
515;25;1077;L;1;4;;191;241;116;4;
515;25;1227;L;7;0;;;953;930;4;
515;25;726;L;1;4;;230;243;324;4;
515;25;3176;L;1;4;;230;294;105;4;
515;25;1231;L;7;0;;;190;934;4;
515;25;720;L;1;4;;190;240;243;4;
515;25;1509;L;7;0;;;1833;203;4;
515;25;1507;L;7;0;;;1835;1272;4;
515;25;2862;L;7;0;;;1065;1259;4;
515;25;1425;L;7;0;;;1065;1530;4;
515;25;1433;L;7;0;;;1191;1351;4;
515;25;1458;L;7;0;;;1065;1603;4;
515;25;2854;L;1;1;;1065;167;786;4;
515;25;1427;L;7;0;;;1064;1530;4;
515;25;1419;L;7;0;;;1414;1530;4;
515;25;1429;L;7;0;;;1414;1351;4;
515;25;1423;L;7;0;;;1414;1286;4;
515;25;1486;L;7;0;;;1414;1607;4;
515;25;1431;L;7;0;;;1418;1351;4;
515;25;1421;L;7;0;;;1418;1286;4;
515;25;1490;L;7;0;;;1418;166;4;
515;25;690;L;1;3;;143;116;167;4;
515;25;1201;L;7;0;;;15;925;4;
515;25;684;L;1;3;;15;1332;116;4;
515;25;1199;L;7;0;;;929;925;4;
515;25;1197;L;7;0;;;929;930;4;
515;25;1195;L;7;0;;;927;925;4;
515;25;1203;L;7;0;;;927;934;4;
515;25;2349;L;1;4;;562;116;1709;4;
515;25;1111;L;1;4;;533;1794;14;4;
515;25;2250;L;1;4;;533;1453;1303;4;
515;25;2320;L;1;4;;1805;533;35;4;
515;25;2926;L;1;4;;1652;117;1653;4;
515;25;3111;L;1;4;;539;76;538;4;
515;25;2982;L;1;4;;1664;1814;59;4;
515;25;2987;L;1;4;;73;59;1666;4;
515;25;1060;L;1;4;;195;334;194;4;
515;25;377;L;7;0;;;1278;747;4;
515;25;379;L;7;0;;;1278;752;4;
515;25;212;L;1;1;;1278;1332;745;4;
515;25;1315;L;7;0;;;1264;1556;4;
515;25;1269;L;7;0;;;1264;983;4;
515;25;1255;L;7;0;;;1264;19;4;
515;25;1259;L;7;0;;;1264;968;4;
515;25;1257;L;7;0;;;1264;971;4;
515;25;375;L;7;0;;;1264;745;4;
515;25;1301;L;7;0;;;1264;1007;4;
515;25;1293;L;7;0;;;1264;1530;4;
515;25;1297;L;7;0;;;1264;1351;4;
515;25;1295;L;7;0;;;1264;1286;4;
515;25;1239;L;7;0;;;1264;963;4;
515;25;1313;L;7;0;;;1266;1020;4;
515;25;1265;L;7;0;;;1266;19;4;
515;25;1261;L;7;0;;;1266;968;4;
515;25;1263;L;7;0;;;1266;971;4;
515;25;1474;L;7;0;;;1266;431;4;
515;25;1287;L;7;0;;;1266;1530;4;
515;25;1289;L;7;0;;;1266;1351;4;
515;25;1291;L;7;0;;;1266;1286;4;
515;25;1273;L;7;0;;;1266;986;4;
515;25;1478;L;7;0;;;1266;1457;4;
515;25;1241;L;7;0;;;1266;961;4;
515;25;1071;L;1;3;;162;141;1533;4;
515;25;1533;L;7;0;;;1866;1332;4;
515;25;595;L;1;4;;163;141;162;4;
515;25;1271;L;7;0;;;986;1264;4;
515;25;2506;L;1;4;;239;590;138;4;
515;25;1363;L;7;0;;;1063;1351;4;
515;25;3147;L;1;4;;290;1038;1722;4;
515;25;291;L;7;0;;;466;752;4;
515;25;293;L;7;0;;;774;745;4;
515;25;289;L;7;0;;;774;752;4;
515;25;247;L;1;1;;1492;1833;446;4;
515;25;1385;L;7;0;;;1748;1087;4;
515;25;1393;L;7;0;;;1748;1597;4;
515;25;1377;L;7;0;;;1748;1076;4;
515;25;1383;L;7;0;;;1750;1085;4;
515;25;1375;L;7;0;;;1750;1591;4;
515;25;1391;L;7;0;;;1750;1594;4;
515;25;1371;L;7;0;;;1591;1748;4;
515;25;2767;L;1;3;;1591;173;1076;4;
515;25;1488;L;7;0;;;166;1414;4;
515;25;2866;L;7;0;;;166;1418;4;
515;25;696;L;1;3;;166;167;203;4;
515;25;572;L;1;3;;20;1789;173;4;
515;25;3221;L;1;4;;1790;1789;1530;4;
515;25;1435;L;7;0;;;827;745;4;
515;25;353;L;7;0;;;827;747;4;
515;25;1437;L;7;0;;;827;752;4;
515;25;281;L;7;0;;;117;745;4;
515;25;283;L;7;0;;;117;747;4;
515;25;285;L;7;0;;;117;752;4;
515;25;489;L;1;4;;117;745;119;4;
515;25;1452;L;7;0;;;900;890;4;
515;25;1167;L;7;0;;;890;891;4;
515;25;1171;L;7;0;;;890;914;4;
515;25;1173;L;7;0;;;890;907;4;
515;25;1175;L;7;0;;;890;900;4;
515;25;2870;L;1;1;;890;321;14;4;
515;25;1177;L;7;0;;;912;14;4;
515;25;1179;L;7;0;;;912;914;4;
515;25;1169;L;7;0;;;912;907;4;
515;25;1482;L;7;0;;;899;1411;4;
515;25;1181;L;7;0;;;899;14;4;
515;25;1183;L;7;0;;;899;914;4;
515;25;1185;L;7;0;;;899;907;4;
515;25;1187;L;7;0;;;899;117;4;
515;25;1189;L;7;0;;;896;890;4;
515;25;1387;L;7;0;;;1597;1750;4;
515;25;1389;L;7;0;;;1594;1748;4;
515;25;1037;L;1;3;;324;533;1695;4;
515;25;1029;L;1;4;;86;1636;59;4;
515;25;1033;L;1;3;;71;59;533;4;
515;25;261;L;7;0;;;746;745;4;
515;25;263;L;7;0;;;746;747;4;
515;25;265;L;7;0;;;746;752;4;
515;25;1042;L;1;4;;746;745;329;4;
515;25;840;L;1;4;;198;248;247;4;
515;25;2332;L;1;4;;559;143;562;4;
515;25;2637;L;1;4;;534;840;325;4;
515;25;1513;L;7;0;;;1026;1381;4;
515;25;1317;L;7;0;;;1026;934;4;
515;25;771;L;1;4;;255;1815;256;4;
515;25;516;L;1;3;;132;128;138;4;
515;25;341;L;7;0;;;1438;752;4;
515;25;345;L;7;0;;;1441;747;4;
515;25;343;L;7;0;;;1441;752;4;
515;25;454;L;1;4;;89;72;840;4;
515;25;446;L;1;3;;87;55;59;4;
515;25;450;L;1;4;;72;59;89;4;
515;25;1494;L;7;0;;;1457;1530;4;
515;25;1480;L;7;0;;;1457;1264;4;
515;25;2565;L;1;4;;1457;180;1556;4;
515;25;2621;L;1;4;;1076;1591;203;4;
515;25;1373;L;7;0;;;1080;1750;4;
515;25;3008;L;1;4;;1674;116;1679;4;
515;25;1211;L;7;0;;;939;930;4;
515;25;1057;L;1;4;;334;224;1817;4;
515;25;2459;L;1;4;;592;132;159;4;
515;25;2905;L;1;4;;1641;16;105;4;
515;25;1215;L;7;0;;;16;1367;4;
515;25;1008;L;1;4;;121;58;119;4;
515;25;745;L;1;4;;177;158;138;4;
515;25;347;L;7;0;;;249;747;4;
515;25;739;L;1;4;;249;745;158;4;
515;25;2658;L;1;4;;1716;650;1053;4;
515;25;766;L;1;4;;185;138;255;4;
515;25;1237;L;7;0;;;961;1264;4;
515;25;1235;L;7;0;;;963;1266;4;
515;25;1464;L;7;0;;;9;747;4;
515;25;1466;L;7;0;;;9;752;4;
515;25;1462;L;7;0;;;885;745;4;
515;25;1191;L;7;0;;;885;1245;4;
515;25;1193;L;7;0;;;885;887;4;
515;25;2667;L;1;4;;651;650;1053;4;
515;25;2277;L;1;4;;543;533;534;4;
515;25;762;L;1;4;;199;158;138;4;
515;25;757;L;1;4;;253;1712;158;4;
515;25;555;L;1;4;;159;158;161;4;
515;25;549;L;1;4;;156;33;158;4;
515;25;955;L;1;4;;303;1288;1053;4;
515;25;497;L;1;4;;119;317;114;4;
515;25;985;L;1;4;;311;317;700;4;
515;25;2482;L;1;4;;611;597;598;4;
515;25;2418;L;1;4;;581;190;18;4;
515;25;2371;L;1;4;;1461;105;294;4;
515;25;668;L;1;4;;17;224;194;4;
515;25;1221;L;7;0;;;947;934;4;
515;25;1219;L;7;0;;;950;930;4;
515;25;1067;L;1;4;;338;1847;339;4;
515;25;3143;L;1;4;;1720;200;290;4;
515;25;2544;L;1;4;;615;159;138;4;
515;25;3204;L;1;4;;128;1784;132;4;
515;25;3206;L;1;4;;128;132;247;4;
515;25;2921;L;1;4;;1651;314;11;4;
515;25;2161;L;1;4;;1802;117;1636;4;
515;25;2954;L;1;4;;1660;1661;119;4;
515;25;2442;L;1;4;;1700;1364;1462;4;
515;25;2562;L;1;4;;618;583;162;4;
515;25;539;L;1;4;;148;116;1355;4;
515;25;3139;L;1;4;;1719;1038;1792;4;
515;25;2301;L;1;4;;183;701;1038;4;
515;25;2776;L;1;4;;95;117;76;4;
515;25;3017;L;1;4;;1682;138;1457;4;
515;25;1133;L;1;4;;1818;52;67;4;
515;25;2974;L;1;4;;1662;1643;1640;4;
515;25;2967;L;1;4;;1643;1639;76;4;
515;25;1129;L;1;3;;426;427;52;4;
515;25;1132;L;1;3;;59;76;427;4;
515;25;2581;L;1;4;;584;138;629;4;
515;25;2306;L;1;4;;546;1814;426;4;
515;25;947;L;1;4;;256;1709;166;4;
515;25;940;L;1;4;;244;230;256;4;
515;25;3162;L;1;4;;244;299;255;4;
515;25;2376;L;1;4;;115;105;294;4;
515;25;2192;L;1;4;;122;58;119;4;
515;25;2551;L;1;4;;617;138;583;4;
515;25;2270;L;1;4;;541;533;1727;4;
515;25;2283;L;1;4;;65;89;840;4;
515;25;2625;L;1;4;;1632;1452;265;4;
515;25;803;L;1;4;;209;265;786;4;
515;25;799;L;1;4;;265;266;209;4;
515;25;3165;L;1;4;;1705;203;266;4;
515;25;3036;L;1;4;;1686;1556;1396;4;
515;25;2673;L;1;4;;650;651;1626;4;
515;25;2470;L;1;4;;595;132;179;4;
515;25;2584;L;1;4;;585;616;583;4;
515;25;673;L;1;4;;223;225;187;4;
515;25;3157;L;1;4;;1709;244;256;4;
515;25;2929;L;1;4;;1653;1652;1654;4;
515;25;837;L;1;4;;284;224;248;4;
515;25;2361;L;1;4;;227;105;15;4;
515;25;1492;L;7;0;;;1560;1418;4;
515;25;2618;L;1;4;;1560;200;1076;4;
515;25;2366;L;1;4;;1670;105;294;4;
515;25;2536;L;1;4;;179;1819;138;4;
515;25;2465;L;1;4;;591;593;132;4;
515;25;867;L;1;4;;110;257;224;4;
515;25;2262;L;1;4;;538;539;1812;4;
515;25;2259;L;1;4;;74;55;539;4;
515;25;2340;L;1;4;;563;710;145;4;
515;25;2603;L;1;4;;560;116;144;4;
515;25;325;L;7;0;;;1511;747;4;
515;25;323;L;7;0;;;1511;752;4;
515;25;319;L;7;0;;;1515;745;4;
515;25;317;L;7;0;;;1517;745;4;
515;25;2600;L;1;4;;1711;116;142;4;
515;25;3030;L;1;4;;1684;1683;233;4;
515;25;3183;L;1;4;;1734;141;1735;4;
515;25;2990;L;1;4;;1666;73;72;4;
515;25;2825;L;1;4;;1408;182;180;4;
515;25;2523;L;1;4;;594;591;198;4;
515;25;1016;L;1;4;;323;58;118;4;
515;25;2445;L;1;4;;1717;1462;1672;4;
515;25;2677;L;1;4;;1626;1355;1728;4;
515;25;3209;L;1;4;;105;1785;108;4;
515;25;477;L;1;4;;105;394;116;4;
515;25;2787;L;1;3;;222;190;1332;4;
515;25;1529;L;7;0;;;1332;1863;4;
515;25;1527;L;7;0;;;1332;1030;4;
515;25;1521;L;7;0;;;1332;1032;4;
515;25;201;L;1;1;;1332;14;1278;4;
515;25;1515;L;7;0;;;1367;1854;4;
515;25;1331;L;7;0;;;1367;1030;4;
515;25;1333;L;7;0;;;1367;1032;4;
515;25;1229;L;7;0;;;1367;190;4;
515;25;1209;L;7;0;;;1367;929;4;
515;25;1207;L;7;0;;;1367;927;4;
515;25;1213;L;7;0;;;1367;939;4;
515;25;1225;L;7;0;;;1367;950;4;
515;25;1531;L;7;0;;;1381;1863;4;
515;25;1525;L;7;0;;;1381;18;4;
515;25;1329;L;7;0;;;1381;1030;4;
515;25;1335;L;7;0;;;1381;1032;4;
515;25;1233;L;7;0;;;1381;190;4;
515;25;1205;L;7;0;;;1381;15;4;
515;25;1319;L;7;0;;;1381;1026;4;
515;25;1223;L;7;0;;;1381;947;4;
515;25;1217;L;7;0;;;930;16;4;
515;25;2779;L;1;3;;295;728;16;4;
515;25;2783;L;1;3;;241;16;190;4;
515;25;2405;L;1;4;;186;190;185;4;
515;25;3079;L;1;4;;1702;430;190;4;
515;25;2476;L;1;4;;1712;128;156;4;
515;25;3172;L;1;4;;590;128;1364;4;
515;25;3033;L;1;4;;1685;608;1556;4;
