CID;TABCD;LCD;INT_CID;INT_TABCD;INT_LCD
506;16;62;506;16;202
506;16;202;506;16;62
506;16;205;506;16;1304
506;16;1304;506;16;205
506;16;212;506;16;524
506;16;524;506;16;212
506;16;67;506;16;214
506;16;214;506;16;67
506;16;433;506;16;476
506;16;476;506;16;433
506;16;430;506;16;478
506;16;478;506;16;430
506;16;429;506;16;479
506;16;479;506;16;429
506;16;684;506;16;742
506;16;742;506;16;744
506;16;744;506;16;684
506;16;745;506;16;1010
506;16;1010;506;16;745
506;16;502;506;16;746
506;16;746;506;16;502
506;16;504;506;16;613
506;16;613;506;16;747
506;16;747;506;16;749
506;16;749;506;16;504
506;16;467;506;16;782
506;16;782;506;16;467
506;16;783;506;16;1112
506;16;1112;506;16;783
506;16;620;506;16;1242
506;16;1242;506;16;1667
506;16;1667;506;16;620
506;16;1425;506;16;1672
506;16;1672;506;16;1674
506;16;1674;506;16;1425
506;16;1177;506;16;1641
506;16;1641;506;16;1177
506;16;622;506;16;1168
506;16;1168;506;16;622
506;16;523;506;16;623
506;16;623;506;16;1703
506;16;1703;506;16;523
506;16;555;506;16;557
506;16;557;506;16;694
506;16;694;506;16;696
506;16;696;506;16;555
506;16;558;506;16;668
506;16;668;506;16;670
506;16;670;506;16;558
506;16;559;506;16;683
506;16;683;506;16;559
506;16;501;506;16;560
506;16;560;506;16;501
506;16;561;506;16;612
506;16;612;506;16;561
506;16;548;506;16;550
506;16;550;506;16;1041
506;16;1041;506;16;548
506;16;457;506;16;551
506;16;551;506;16;457
506;16;443;506;16;552
506;16;552;506;16;554
506;16;554;506;16;443
506;16;933;506;16;935
506;16;935;506;16;1323
506;16;1323;506;16;933
506;16;496;506;16;498
506;16;498;506;16;717
506;16;717;506;16;496
506;16;499;506;16;708
506;16;708;506;16;499
506;16;500;506;16;810
506;16;810;506;16;500
506;16;1294;506;16;1312
506;16;1312;506;16;1907
506;16;1907;506;16;1294
506;16;507;506;16;509
506;16;509;506;16;619
506;16;619;506;16;507
506;16;505;506;16;759
506;16;759;506;16;1598
506;16;1598;506;16;505
506;16;506;506;16;536
506;16;536;506;16;506
506;16;522;506;16;543
506;16;543;506;16;569
506;16;569;506;16;522
506;16;545;506;16;866
506;16;866;506;16;545
506;16;546;506;16;590
506;16;590;506;16;1473
506;16;1473;506;16;546
506;16;454;506;16;547
506;16;547;506;16;1487
506;16;1487;506;16;454
506;16;855;506;16;1407
506;16;1407;506;16;855
506;16;1887;506;16;1889
506;16;1889;506;16;1887
506;16;661;506;16;706
506;16;706;506;16;661
506;16;662;506;16;664
506;16;664;506;16;977
506;16;977;506;16;662
506;16;487;506;16;489
506;16;489;506;16;767
506;16;767;506;16;1867
506;16;1867;506;16;487
506;16;490;506;16;638
506;16;638;506;16;640
506;16;640;506;16;490
506;16;491;506;16;493
506;16;493;506;16;491
506;16;426;506;16;484
506;16;484;506;16;426
506;16;486;506;16;820
506;16;820;506;16;486
506;16;1430;506;16;1431
506;16;1431;506;16;1430
506;16;78;506;16;427
506;16;427;506;16;78
506;16;994;506;16;996
506;16;996;506;16;1013
506;16;1013;506;16;994
506;16;985;506;16;987
506;16;987;506;16;1014
506;16;1014;506;16;985
506;16;1015;506;16;1277
506;16;1277;506;16;1015
506;16;611;506;16;1016
506;16;1016;506;16;611
506;16;57;506;16;1423
506;16;1423;506;16;57
506;16;402;506;16;603
506;16;603;506;16;1380
506;16;1380;506;16;1788
506;16;1788;506;16;1911
506;16;1911;506;16;402
506;16;604;506;16;730
506;16;730;506;16;604
506;16;1432;506;16;1792
506;16;1792;506;16;1432
506;16;1138;506;16;1421
506;16;1421;506;16;1138
506;16;1147;506;16;1890
506;16;1890;506;16;1147
506;16;412;506;16;414
506;16;414;506;16;580
506;16;580;506;16;582
506;16;582;506;16;412
506;16;583;506;16;629
506;16;629;506;16;583
506;16;584;506;16;773
506;16;773;506;16;584
506;16;806;506;16;1611
506;16;1611;506;16;806
506;16;510;506;16;1198
506;16;1198;506;16;1200
506;16;1200;506;16;510
506;16;511;506;16;1249
506;16;1249;506;16;511
506;16;512;506;16;514
506;16;514;506;16;1644
506;16;1644;506;16;1656
506;16;1656;506;16;512
506;16;109;506;16;1908
506;16;1908;506;16;109
506;16;65;506;16;74
506;16;74;506;16;65
506;16;100;506;16;102
506;16;102;506;16;100
506;16;76;506;16;1302
506;16;1302;506;16;76
506;16;675;506;16;707
506;16;707;506;16;675
506;16;578;506;16;682
506;16;682;506;16;1433
506;16;1433;506;16;578
506;16;685;506;16;687
506;16;687;506;16;757
506;16;757;506;16;685
506;16;1189;506;16;1243
506;16;1243;506;16;1189
506;16;1190;506;16;1235
506;16;1235;506;16;1190
506;16;1191;506;16;1193
506;16;1193;506;16;1191
506;16;799;506;16;950
506;16;950;506;16;799
506;16;740;506;16;800
506;16;800;506;16;740
506;16;625;506;16;756
506;16;756;506;16;801
506;16;801;506;16;625
506;16;762;506;16;1265
506;16;1265;506;16;1266
506;16;1266;506;16;762
506;16;959;506;16;961
506;16;961;506;16;959
506;16;962;506;16;1009
506;16;1009;506;16;962
506;16;963;506;16;965
506;16;965;506;16;963
506;16;936;506;16;946
506;16;946;506;16;936
506;16;88;506;16;437
506;16;437;506;16;88
506;16;912;506;16;915
506;16;915;506;16;912
506;16;919;506;16;922
506;16;922;506;16;919
506;16;679;506;16;1250
506;16;1250;506;16;679
506;16;1251;506;16;1655
506;16;1655;506;16;1251
506;16;1441;506;16;1442
506;16;1442;506;16;1441
506;16;1438;506;16;1440
506;16;1440;506;16;1621
506;16;1621;506;16;1438
506;16;777;506;16;1626
506;16;1626;506;16;777
506;16;863;506;16;1444
506;16;1444;506;16;863
506;16;862;506;16;865
506;16;865;506;16;1506
506;16;1506;506;16;862
506;16;698;506;16;739
506;16;739;506;16;698
506;16;671;506;16;741
506;16;741;506;16;671
506;16;1605;506;16;1608
506;16;1608;506;16;1605
506;16;1612;506;16;1616
506;16;1616;506;16;1612
506;16;1134;506;16;1140
506;16;1140;506;16;1134
506;16;651;506;16;1135
506;16;1135;506;16;651
506;16;1136;506;16;1803
506;16;1803;506;16;1136
506;16;678;506;16;1197
506;16;1197;506;16;678
506;16;1305;506;16;1307
506;16;1307;506;16;1305
506;16;1308;506;16;1310
506;16;1310;506;16;1308
506;16;521;506;16;564
506;16;564;506;16;1501
506;16;1501;506;16;521
506;16;565;506;16;876
506;16;876;506;16;565
506;16;446;506;16;566
506;16;566;506;16;446
506;16;441;506;16;567
506;16;567;506;16;907
506;16;907;506;16;441
506;16;900;506;16;909
506;16;909;506;16;911
506;16;911;506;16;900
506;16;1805;506;16;1807
506;16;1807;506;16;1805
506;16;439;506;16;713
506;16;713;506;16;1311
506;16;1311;506;16;439
506;16;1049;506;16;1059
506;16;1059;506;16;1893
506;16;1893;506;16;1049
506;16;703;506;16;1050
506;16;1050;506;16;703
506;16;1051;506;16;1053
506;16;1053;506;16;1051
506;16;1445;506;16;1882
506;16;1882;506;16;1445
506;16;1677;506;16;1679
506;16;1679;506;16;1677
506;16;1680;506;16;1708
506;16;1708;506;16;1680
506;16;1676;506;16;1686
506;16;1686;506;16;1676
506;16;1635;506;16;1845
506;16;1845;506;16;1635
506;16;1731;506;16;1846
506;16;1846;506;16;1731
506;16;772;506;16;1341
506;16;1341;506;16;1802
506;16;1802;506;16;1858
506;16;1858;506;16;1876
506;16;1876;506;16;772
506;16;1491;506;16;1492
506;16;1492;506;16;1491
506;16;764;506;16;774
506;16;774;506;16;764
506;16;1450;506;16;1653
506;16;1653;506;16;1450
506;16;1449;506;16;1736
506;16;1736;506;16;1449
506;16;1448;506;16;1640
506;16;1640;506;16;1448
506;16;1217;506;16;1219
506;16;1219;506;16;1217
506;16;1210;506;16;1220
506;16;1220;506;16;1210
506;16;66;506;16;1221
506;16;1221;506;16;66
506;16;1396;506;16;1738
506;16;1738;506;16;1396
506;16;1406;506;16;1739
506;16;1739;506;16;1406
506;16;1340;506;16;1346
506;16;1346;506;16;1340
506;16;1457;506;16;1796
506;16;1796;506;16;1457
506;16;989;506;16;1019
506;16;1019;506;16;989
506;16;990;506;16;1026
506;16;1026;506;16;990
506;16;981;506;16;983
506;16;983;506;16;1001
506;16;1001;506;16;981
506;16;826;506;16;1826
506;16;1826;506;16;826
506;16;823;506;16;1780
506;16;1780;506;16;823
506;16;824;506;16;1895
506;16;1895;506;16;824
506;16;635;506;16;825
506;16;825;506;16;635
506;16;80;506;16;627
506;16;627;506;16;80
506;16;107;506;16;1461
506;16;1461;506;16;107
506;16;1079;506;16;1879
506;16;1879;506;16;1079
506;16;533;506;16;1880
506;16;1880;506;16;533
506;16;1066;506;16;1881
506;16;1881;506;16;1066
506;16;90;506;16;1883
506;16;1883;506;16;90
506;16;1586;506;16;1884
506;16;1884;506;16;1586
506;16;1074;506;16;1080
506;16;1080;506;16;1074
506;16;1068;506;16;1076
506;16;1076;506;16;1451
506;16;1451;506;16;1068
506;16;750;506;16;787
506;16;787;506;16;750
506;16;751;506;16;1113
506;16;1113;506;16;751
506;16;415;506;16;752
506;16;752;506;16;415
506;16;753;506;16;1125
506;16;1125;506;16;753
506;16;1203;506;16;1268
506;16;1268;506;16;1203
506;16;577;506;16;665
506;16;665;506;16;667
506;16;667;506;16;577
506;16;904;506;16;908
506;16;908;506;16;904
506;16;575;506;16;905
506;16;905;506;16;575
506;16;1453;506;16;1454
506;16;1454;506;16;1453
506;16;1216;506;16;1375
506;16;1375;506;16;1216
506;16;1376;506;16;1652
506;16;1652;506;16;1376
506;16;1118;506;16;1126
506;16;1126;506;16;1118
506;16;1247;506;16;1645
506;16;1645;506;16;1247
506;16;1646;506;16;1665
506;16;1665;506;16;1646
506;16;1469;506;16;1650
506;16;1650;506;16;1469
506;16;1651;506;16;1719
506;16;1719;506;16;1651
506;16;444;506;16;699
506;16;699;506;16;701
506;16;701;506;16;755
506;16;755;506;16;444
506;16;615;506;16;758
506;16;758;506;16;615
506;16;760;506;16;789
506;16;789;506;16;1599
506;16;1599;506;16;760
506;16;1129;506;16;1322
506;16;1322;506;16;1129
506;16;416;506;16;761
506;16;761;506;16;416
506;16;630;506;16;763
506;16;763;506;16;1157
506;16;1157;506;16;630
506;16;1366;506;16;1600
506;16;1600;506;16;1899
506;16;1899;506;16;1366
506;16;1601;506;16;1811
506;16;1811;506;16;1601
506;16;1183;506;16;1245
506;16;1245;506;16;1183
506;16;1184;506;16;1239
506;16;1239;506;16;1184
506;16;1180;506;16;1186
506;16;1186;506;16;1180
506;16;1384;506;16;1691
506;16;1691;506;16;1384
506;16;1745;506;16;1751
506;16;1751;506;16;1745
506;16;1476;506;16;1746
506;16;1746;506;16;1476
506;16;1456;506;16;1747
506;16;1747;506;16;1456
506;16;1632;506;16;1664
506;16;1664;506;16;1632
506;16;1633;506;16;1854
506;16;1854;506;16;1633
506;16;1636;506;16;1694
506;16;1694;506;16;1636
506;16;1467;506;16;1637
506;16;1637;506;16;1467
506;16;1638;506;16;1717
506;16;1717;506;16;1638
506;16;1729;506;16;1855
506;16;1855;506;16;1729
506;16;1695;506;16;1732
506;16;1732;506;16;1695
506;16;1468;506;16;1733
506;16;1733;506;16;1468
506;16;1718;506;16;1734
506;16;1734;506;16;1718
506;16;1692;506;16;1721
506;16;1721;506;16;1692
506;16;1715;506;16;1723
506;16;1723;506;16;1715
506;16;1660;506;16;1666
506;16;1666;506;16;1660
506;16;1212;506;16;1246
506;16;1246;506;16;1212
506;16;1213;506;16;1240
506;16;1240;506;16;1663
506;16;1663;506;16;1213
506;16;1171;506;16;1215
506;16;1215;506;16;1171
506;16;1121;506;16;1124
506;16;1124;506;16;1121
506;16;1787;506;16;1900
506;16;1900;506;16;1901
506;16;1901;506;16;1787
506;16;731;506;16;770
506;16;770;506;16;1872
506;16;1872;506;16;731
506;16;647;506;16;734
506;16;734;506;16;647
506;16;633;506;16;735
506;16;735;506;16;633
506;16;726;506;16;736
506;16;736;506;16;726
506;16;1427;506;16;1428
506;16;1428;506;16;1427
506;16;856;506;16;859
506;16;859;506;16;856
506;16;780;506;16;867
506;16;867;506;16;870
506;16;870;506;16;780
506;16;448;506;16;450
506;16;450;506;16;570
506;16;570;506;16;448
506;16;571;506;16;1565
506;16;1565;506;16;571
506;16;442;506;16;572
506;16;572;506;16;574
506;16;574;506;16;442
506;16;1360;506;16;1415
506;16;1415;506;16;1360
506;16;576;506;16;693
506;16;693;506;16;576
506;16;464;506;16;466
506;16;466;506;16;579
506;16;579;506;16;464
506;16;1027;506;16;1416
506;16;1416;506;16;1027
506;16;1158;506;16;1160
506;16;1160;506;16;1158
506;16;541;506;16;1161
506;16;1161;506;16;541
506;16;1162;506;16;1164
506;16;1164;506;16;1229
506;16;1229;506;16;1162
506;16;842;506;16;852
506;16;852;506;16;842
506;16;715;506;16;853
506;16;853;506;16;715
506;16;1104;506;16;1285
506;16;1285;506;16;1104
506;16;1089;506;16;1286
506;16;1286;506;16;1089
506;16;1097;506;16;1290
506;16;1290;506;16;1097
506;16;1071;506;16;1389
506;16;1389;506;16;1071
506;16;1058;506;16;1063
506;16;1063;506;16;1058
506;16;1054;506;16;1065
506;16;1065;506;16;1054
506;16;1069;506;16;1414
506;16;1414;506;16;1069
506;16;594;506;16;1779
506;16;1779;506;16;1897
506;16;1897;506;16;594
506;16;405;506;16;632
506;16;632;506;16;405
506;16;596;506;16;634
506;16;634;506;16;596
506;16;1034;506;16;1042
506;16;1042;506;16;1034
506;16;1036;506;16;1038
506;16;1038;506;16;1056
506;16;1056;506;16;1036
506;16;1044;506;16;1582
506;16;1582;506;16;1044
506;16;1148;506;16;1873
506;16;1873;506;16;1148
506;16;595;506;16;648
506;16;648;506;16;595
506;16;597;506;16;727
506;16;727;506;16;597
506;16;598;506;16;1347
506;16;1347;506;16;598
506;16;535;506;16;616
506;16;616;506;16;535
506;16;617;506;16;812
506;16;812;506;16;617
506;16;829;506;16;837
506;16;837;506;16;829
506;16;833;506;16;838
506;16;838;506;16;833
506;16;1486;506;16;1585
506;16;1585;506;16;1486
506;16;1459;506;16;1510
506;16;1510;506;16;1459
506;16;1139;506;16;1145
506;16;1145;506;16;1139
506;16;940;506;16;942
506;16;942;506;16;940
506;16;692;506;16;976
506;16;976;506;16;692
506;16;992;506;16;1000
506;16;1000;506;16;992
506;16;1363;506;16;1365
506;16;1365;506;16;1363
506;16;1106;506;16;1367
506;16;1367;506;16;1106
506;16;1424;506;16;1790
506;16;1790;506;16;1424
506;16;1791;506;16;1795
506;16;1795;506;16;1791
506;16;1269;506;16;1272
506;16;1272;506;16;1269
506;16;1005;506;16;1007
506;16;1007;506;16;1005
506;16;955;506;16;1008
506;16;1008;506;16;955
506;16;1002;506;16;1004
506;16;1004;506;16;1002
506;16;860;506;16;1508
506;16;1508;506;16;860
506;16;404;506;16;642
506;16;642;506;16;646
506;16;646;506;16;404
506;16;601;506;16;771
506;16;771;506;16;1874
506;16;1874;506;16;601
506;16;650;506;16;1144
506;16;1144;506;16;1498
506;16;1498;506;16;650
506;16;1328;506;16;1824
506;16;1824;506;16;1328
506;16;641;506;16;658
506;16;658;506;16;641
506;16;1227;506;16;1231
506;16;1231;506;16;1227
506;16;1174;506;16;1228
506;16;1228;506;16;1174
506;16;1464;506;16;1475
506;16;1475;506;16;1464
506;16;714;506;16;830
506;16;830;506;16;714
506;16;926;506;16;928
506;16;928;506;16;926
506;16;1352;506;16;1355
506;16;1355;506;16;1352
506;16;1356;506;16;1413
506;16;1413;506;16;1356
506;16;1170;506;16;1208
506;16;1208;506;16;1466
506;16;1466;506;16;1170
506;16;1165;506;16;1167
506;16;1167;506;16;1404
506;16;1404;506;16;1165
506;16;1169;506;16;1195
506;16;1195;506;16;1697
506;16;1697;506;16;1169
506;16;532;506;16;702
506;16;702;506;16;532
506;16;691;506;16;705
506;16;705;506;16;691
506;16;697;506;16;947
506;16;947;506;16;697
506;16;1232;506;16;1234
506;16;1234;506;16;1232
506;16;1205;506;16;1236
506;16;1236;506;16;1238
506;16;1238;506;16;1205
506;16;1480;506;16;1568
506;16;1568;506;16;1571
506;16;1571;506;16;1480
506;16;1573;506;16;1576
506;16;1576;506;16;1573
506;16;451;506;16;1526
506;16;1526;506;16;1557
506;16;1557;506;16;451
506;16;1546;506;16;1558
506;16;1558;506;16;1546
506;16;1552;506;16;1559
506;16;1559;506;16;1552
506;16;1561;506;16;1566
506;16;1566;506;16;1561
506;16;1525;506;16;1532
506;16;1532;506;16;1525
506;16;796;506;16;814
506;16;814;506;16;796
506;16;1280;506;16;1283
506;16;1283;506;16;1280
506;16;1767;506;16;1823
506;16;1823;506;16;1767
506;16;1757;506;16;1770
506;16;1770;506;16;1757
506;16;1754;506;16;1771
506;16;1771;506;16;1754
506;16;654;506;16;1772
506;16;1772;506;16;654
506;16;1773;506;16;1786
506;16;1786;506;16;1794
506;16;1794;506;16;1773
506;16;1758;506;16;1765
506;16;1765;506;16;1758
506;16;1316;506;16;1417
506;16;1417;506;16;1316
506;16;846;506;16;849
506;16;849;506;16;1902
506;16;1902;506;16;846
506;16;808;506;16;840
506;16;840;506;16;1865
506;16;1865;506;16;808
506;16;834;506;16;841
506;16;841;506;16;834
506;16;1455;506;16;1782
506;16;1782;506;16;1455
506;16;1783;506;16;1785
506;16;1785;506;16;1783
506;16;1086;506;16;1088
506;16;1088;506;16;1086
506;16;1081;506;16;1254
506;16;1254;506;16;1081
506;16;1082;506;16;1084
506;16;1084;506;16;1082
506;16;1701;506;16;1704
506;16;1704;506;16;1701
506;16;1045;506;16;1047
506;16;1047;506;16;1045
506;16;891;506;16;1905
506;16;1905;506;16;891
506;16;1575;506;16;1904
506;16;1904;506;16;1575
506;16;438;506;16;766
506;16;766;506;16;1863
506;16;1863;506;16;438
506;16;899;506;16;1296
506;16;1296;506;16;899
506;16;716;506;16;850
506;16;850;506;16;716
506;16;1204;506;16;1244
506;16;1244;506;16;1204
506;16;534;506;16;688
506;16;688;506;16;534
506;16;966;506;16;968
506;16;968;506;16;966
506;16;969;506;16;972
506;16;972;506;16;969
506;16;417;506;16;540
506;16;540;506;16;417
506;16;1178;506;16;1194
506;16;1194;506;16;1178
506;16;1179;506;16;1207
506;16;1207;506;16;1179
506;16;1534;506;16;1536
506;16;1536;506;16;1534
506;16;1529;506;16;1531
506;16;1531;506;16;1529
506;16;1533;506;16;1539
506;16;1539;506;16;1533
506;16;529;506;16;591
506;16;591;506;16;529
506;16;868;506;16;895
506;16;895;506;16;868
506;16;1522;506;16;1564
506;16;1564;506;16;1522
506;16;952;506;16;954
506;16;954;506;16;952
506;16;945;506;16;1351
506;16;1351;506;16;945
506;16;1223;506;16;1405
506;16;1405;506;16;1223
506;16;1209;506;16;1224
506;16;1224;506;16;1209
506;16;1020;506;16;1022
506;16;1022;506;16;1020
506;16;1698;506;16;1709
506;16;1709;506;16;1698
506;16;655;506;16;657
506;16;657;506;16;768
506;16;768;506;16;1869
506;16;1869;506;16;655
506;16;659;506;16;722
506;16;722;506;16;659
506;16;786;506;16;1262
506;16;1262;506;16;786
506;16;792;506;16;1282
506;16;1282;506;16;792
506;16;795;506;16;797
506;16;797;506;16;795
506;16;1478;506;16;1479
506;16;1479;506;16;1478
506;16;887;506;16;897
506;16;897;506;16;887
506;16;894;506;16;1513
506;16;1513;506;16;894
506;16;1130;506;16;1481
506;16;1481;506;16;1483
506;16;1483;506;16;1130
506;16;1482;506;16;1909
506;16;1909;506;16;1482
506;16;1485;506;16;1742
506;16;1742;506;16;1485
506;16;1463;506;16;1484
506;16;1484;506;16;1463
506;16;455;506;16;530
506;16;530;506;16;455
506;16;458;506;16;460
506;16;460;506;16;531
506;16;531;506;16;458
506;16;1541;506;16;1547
506;16;1547;506;16;1541
506;16;1542;506;16;1553
506;16;1553;506;16;1542
506;16;1544;506;16;1567
506;16;1567;506;16;1544
506;16;807;506;16;1864
506;16;1864;506;16;807
506;16;809;506;16;1866
506;16;1866;506;16;809
506;16;403;506;16;769
506;16;769;506;16;403
506;16;1760;506;16;1868
506;16;1868;506;16;1760
506;16;1143;506;16;1875
506;16;1875;506;16;1143
506;16;1175;506;16;1403
506;16;1403;506;16;1175
506;16;1155;506;16;1344
506;16;1344;506;16;1593
506;16;1593;506;16;1155
506;16;447;506;16;871
506;16;871;506;16;873
506;16;873;506;16;447
506;16;711;506;16;1331
506;16;1331;506;16;711
506;16;1493;506;16;1619
506;16;1619;506;16;1493
506;16;1295;506;16;1517
506;16;1517;506;16;1295
506;16;463;506;16;709
506;16;709;506;16;1594
506;16;1594;506;16;463
506;16;710;506;16;1025
506;16;1025;506;16;710
506;16;718;506;16;1343
506;16;1343;506;16;718
506;16;1345;506;16;1496
506;16;1496;506;16;1345
506;16;1348;506;16;1799
506;16;1799;506;16;1348
506;16;409;506;16;411
506;16;411;506;16;409
506;16;884;506;16;886
506;16;886;506;16;884
506;16;874;506;16;881
506;16;881;506;16;883
506;16;883;506;16;874
506;16;1622;506;16;1625
506;16;1625;506;16;1622
506;16;1142;506;16;1798
506;16;1798;506;16;1142
506;16;406;506;16;723
506;16;723;506;16;725
506;16;725;506;16;406
506;16;1831;506;16;1837
506;16;1837;506;16;1831
506;16;12057;506;16;18052
506;16;18052;506;16;12057
506;16;18065;506;16;24052
506;16;24052;506;16;18065
506;16;24058;506;16;30052
506;16;30052;506;16;24058
506;16;1764;506;16;1912
506;16;1912;506;16;1764
506;16;1337;506;16;1490
506;16;1490;506;16;1337
