CID;LID;NID;NAME;NCOMMENT
506;1;2109;亚洲;
506;1;2107;中国;
506;1;2110;湖南省;
506;1;1364;长沙市;
506;1;1304;郴州市;
506;1;1312;衡阳市;
506;1;1333;湘潭市;
506;1;1292;岳阳市;
506;1;1325;株洲市;
506;1;1962;长沙绕城高速公路;
506;1;1841;京港澳高速公路;
506;1;2100;李家塘收费站;
506;1;1963;黄谷路;
506;1;1397;中意一路;
506;1;1398;雀园路;
506;1;1396;Ｘ０８３;
506;1;2024;长潭西线高速公路;
506;1;1399;枫林三路;
506;1;1960;长张高速公路;
506;1;1372;雷锋大道;
506;1;1964;金盆大道;
506;1;1993;长青路;
506;1;1380;Ｇ１０７;
506;1;1562;Ｇ１０６长沙段;
506;1;2706;庆泰路;
506;1;2791;下中江;
506;1;1389;Ｇ３１９;
506;1;2735;迎宾大道;
506;1;1966;杨家收费站（金沙南路）;
506;1;1968;花炮大道（金沙北路）;
506;1;1967;车站西路（金沙中路）;
506;1;1969;蕉溪岭隧道;
506;1;1876;浏河路;
506;1;2736;Ｘ０１１（长亭北路）;
506;1;1466;车站中路;
506;1;1493;人民中路;
506;1;1467;远大一路;
506;1;1546;解放东路;
506;1;1464;五一大道;
506;1;1449;东风路;
506;1;1448;营盘东路;
506;1;1411;三一大道;
506;1;1548;德雅路;
506;1;1469;东升路;
506;1;1513;盼盼路;
506;1;1479;明月路;
506;1;1896;南山路;
506;1;2747;三一路跨线桥;
506;1;1514;开元中路;
506;1;1465;韶山北路;
506;1;1491;劳动中路;
506;1;1494;八一路;
506;1;1492;城南东路;
506;1;1435;韶山南路;
506;1;1974;井湾路;
506;1;1430;南二环;
506;1;1443;香樟路;
506;1;1490;韶山中路;
506;1;1616;新建西路;
506;1;2748;橘子洲大桥（潇湘中路）;
506;1;2749;橘子洲大桥（湘江中路）;
506;1;1410;芙蓉中路;
506;1;1716;亚大路;
506;1;1485;人民东路;
506;1;1413;东二环;
506;1;1973;万家丽中路;
506;1;1434;芙蓉南路;
506;1;1488;汇金路;
506;1;1483;时代阳光大道;
506;1;1441;湘府东路;
506;1;1566;Ｇ１０７长沙段;
506;1;1975;伊莱克斯大道;
506;1;2043;华爵湾;
506;1;2750;中意二路;
506;1;1478;Ｘ０５５;
506;1;1878;深远路（富强路）;
506;1;1527;西湖路;
506;1;1447;湘江中路;
506;1;1528;黄兴南路;
506;1;1460;枫林二路;
506;1;2721;西二环;
506;1;1461;枫林一路;
506;1;1405;金星中路;
506;1;2751;Ｘ０８１（枫林西路）;
506;1;1459;麓云路;
506;1;1981;枫林西路;
506;1;1959;黄桥大道;
506;1;1421;Ｘ０８１;
506;1;1431;潇湘中路;
506;1;1462;白云路;
506;1;1463;溁湾路;
506;1;1569;Ｇ３１９长沙段;
506;1;1980;Ｓ２０６;
506;1;2324;平安北路;
506;1;2707;二环西路;
506;1;1831;人民南路（楚沩东路）;
506;1;2710;韶山路（楚沩东路）;
506;1;1420;Ｘ０８０;
506;1;1953;长浏高速公路;
506;1;1422;Ｘ０１１;
506;1;1584;Ｇ１０６;
506;1;2752;金沙北路;
506;1;1882;浏阳大道（花炮大道）;
506;1;1425;Ｘ００５;
506;1;2753;杨家收费站;
506;1;1428;Ｓ３１０;
506;1;1633;中山路;
506;1;2754;芙蓉中路（八一路）;
506;1;1636;黄兴中路;
506;1;1632;蔡锷中路;
506;1;1638;建湘路;
506;1;2737;高新大道;
506;1;1367;Ｘ０７１;
506;1;1368;万胜服务区;
506;1;1884;金洲大道;
506;1;2738;新建村;
506;1;1370;Ｘ０７６;
506;1;1403;岳麓大道;
506;1;2711;旺旺东路;
506;1;1515;杜鹃路;
506;1;2098;尖山路;
506;1;1984;黄金东路;
506;1;1507;金星北路;
506;1;1499;芙蓉北路;
506;1;1409;新河路;
506;1;1988;湘捞路;
506;1;1500;福元西路;
506;1;2726;北二环;
506;1;1855;新安路;
506;1;1987;青竹湖路;
506;1;1470;远大二路;
506;1;1989;东八路;
506;1;1471;红旗路;
506;1;1390;Ｘ０３５;
506;1;1387;远大三路;
506;1;2732;绕城高速公路;
506;1;1842;东三路;
506;1;1386;螺丝塘服务区;
506;1;1948;长株高速公路;
506;1;1388;狮塘坝;
506;1;1947;沪昆高速公路;
506;1;2739;Ｘ００２;
506;1;1950;Ｘ０３６;
506;1;1951;庙湾里;
506;1;1377;机场高速公路;
506;1;1613;人民西路;
506;1;2756;芙蓉中路（人民中路）;
506;1;1889;劳动新村巷;
506;1;1530;车站南路;
506;1;1702;天华南路;
506;1;2794;枞木塘;
506;1;1701;北斗路;
506;1;1704;漓湘西路;
506;1;1545;桂花路;
506;1;1561;曙光中路;
506;1;1551;洪山路;
506;1;1553;双河路;
506;1;1414;万家丽北路;
506;1;1625;朝阳路;
506;1;1640;迎宾路;
506;1;1619;新建东路;
506;1;1537;曙光南路;
506;1;2813;吉利西路;
506;1;1394;Ｘ０８２;
506;1;1731;长沙停车区;
506;1;1611;白沙路;
506;1;1608;书院路;
506;1;1612;解放中路;
506;1;1497;劳动西路;
506;1;1529;城南西路;
506;1;1839;机场高速公路（东升路）;
506;1;2757;隆平路;
506;1;1402;Ｘ０３７;
506;1;1994;大明大道;
506;1;1555;上浅塘;
506;1;1992;兴联路;
506;1;1554;中青路;
506;1;1990;芦冲;
506;1;1991;廖家渡;
506;1;1996;环保东路;
506;1;1978;万家丽南路;
506;1;1825;圭白路;
506;1;1995;环保中路;
506;1;1805;湘江北路;
506;1;2067;星月路;
506;1;1523;普瑞大道;
506;1;1673;Ｘ０６９;
506;1;1997;潇湘北大道;
506;1;1870;马桥河路;
506;1;1400;Ｓ１０１;
506;1;1758;山塘村;
506;1;2758;潇湘南大道（东线）;
506;1;1433;新开铺路;
506;1;1437;湘府西路;
506;1;1607;南湖路;
506;1;2759;潇湘南大道;
506;1;2105;大棚湾;
506;1;1538;白沙湾路;
506;1;2790;曲塘路（沙湾路）;
506;1;2000;浏阳河大道;
506;1;1436;劳动东路;
506;1;1998;石坝路;
506;1;1484;长沙大道;
506;1;2081;板仓北路;
506;1;2071;望仙路;
506;1;1711;特立路;
506;1;2080;板仓南路;
506;1;1972;板仓中路;
506;1;1698;三一路;
506;1;1822;凉塘路;
506;1;2002;东七路;
506;1;1694;星沙大道;
506;1;1578;东二路;
506;1;1695;东四路;
506;1;2001;东六路;
506;1;1808;滨江景观道;
506;1;1379;滨湖路;
506;1;1828;滨湖西路;
506;1;1691;西霞路;
506;1;1552;潇湘北路;
506;1;1503;含光路;
506;1;1634;蔡锷北路;
506;1;1539;湘雅路;
506;1;1446;营盘路;
506;1;1635;湘春路;
506;1;1630;蔡锷南路;
506;1;1631;解放西路;
506;1;2722;茶子山东路;
506;1;1508;银杉路;
506;1;2764;茶子山西路;
506;1;2763;谷丰北路;
506;1;2725;茶子山中路;
506;1;1406;观沙路;
506;1;2793;李家冲;
506;1;2017;黄花机场;
506;1;2730;长沙大道辅路;
506;1;2731;长沙市城东供电局;
506;1;2734;胡婆桥屋场;
506;1;1654;马王堆南路;
506;1;1999;古曲南路;
506;1;2733;花候路;
506;1;2026;长沙绕城高速公路至Ｘ０８３;
506;1;1652;朝晖路;
506;1;2004;古曲中路;
506;1;1412;车站北路;
506;1;1547;晚报大道;
506;1;1901;学堂园路;
506;1;1549;双拥路;
506;1;1498;城南中路;
506;1;1726;天心路;
506;1;1719;赤岗巷;
506;1;1496;赤岭路;
506;1;1610;书院南路;
506;1;1817;楚才路;
506;1;2007;东一路;
506;1;2101;三一大道南侧;
506;1;2102;三一大道北侧;
506;1;2073;螺丝塘路;
506;1;2070;漓湘东路;
506;1;2795;林场;
506;1;1823;开元东路;
506;1;1486;荷花路;
506;1;2005;鸭子铺路;
506;1;2064;东二环辅路;
506;1;2065;东荷街;
506;1;1667;火炬路;
506;1;1700;漓湘中路;
506;1;2765;凉塘东路;
506;1;2767;东方红中路;
506;1;2008;麓松路;
506;1;2766;文轩路;
506;1;1524;桐梓坡西路;
506;1;2077;东十路;
506;1;2796;金秋坝村;
506;1;2769;洞井中路;
506;1;2812;洞井中路至万家丽中路;
506;1;2060;圭塘路至万家丽中路;
506;1;1641;圭塘路;
506;1;1669;陡岭路;
506;1;1856;栖凤路;
506;1;1961;岳麓西大道;
506;1;1544;岳北社区;
506;1;1979;芙蓉大道;
506;1;1438;新姚南路;
506;1;1495;友谊路;
506;1;1812;雨花路;
506;1;1689;福元东路;
506;1;1885;山月路;
506;1;1690;锦绣路;
506;1;2811;福元路大桥;
506;1;1687;福元中路;
506;1;1541;阜埠河路;
506;1;1579;麓山南路;
506;1;1624;港岛路;
506;1;1660;古汉路;
506;1;1665;紫薇路;
506;1;1659;马王堆北路;
506;1;1661;嘉雨路;
506;1;1824;古曲北路;
506;1;1642;曲塘路;
506;1;2770;谷丰中路;
506;1;1590;后湖路;
506;1;1592;黄鹤村;
506;1;1589;清水路;
506;1;1540;靳江路;
506;1;1444;香樟东路;
506;1;2015;环保西路;
506;1;2797;周家坝;
506;1;1599;金海路;
506;1;1985;银星路;
506;1;1609;黄土岭路;
506;1;1637;黄兴北路;
506;1;2771;湘湖路;
506;1;2772;火炬中路;
506;1;1558;王家湖路;
506;1;1575;机场高速公路长沙段;
506;1;2103;济生堂;
506;1;2076;机场高速公路至远大三路;
506;1;2798;泊爱蓝湾;
506;1;2099;望青路;
506;1;2019;五一大道南侧;
506;1;2020;五一大道北侧;
506;1;1623;曙光北路;
506;1;1404;二环线;
506;1;1517;金星南路;
506;1;1519;桐梓坡路;
506;1;2018;蒸湘路;
506;1;1487;开元西路;
506;1;1863;京港澳高速公路长沙段;
506;1;1385;Ｓ３０８;
506;1;1375;殷家坳服务区;
506;1;2742;长沙绕城高速公路（绕城高速公路）;
506;1;2743;黎托服务区（绕城高速公路）;
506;1;2744;机场高速公路（绕城高速公路）;
506;1;2745;长浏高速公路（绕城高速公路）;
506;1;2746;滨湖路（绕城高速公路）;
506;1;2741;杨梓冲收费站（绕城高速公路）;
506;1;1381;安沙停车区;
506;1;1775;广福路;
506;1;1864;骄杨路;
506;1;1384;向家服务区;
506;1;1305;京港澳高速公路郴州段;
506;1;1343;粤北服务区;
506;1;1311;马田收费站;
506;1;1344;Ｓ３２４;
506;1;1345;宜章服务区;
506;1;1346;良田收费站;
506;1;1306;良田服务区;
506;1;1307;Ｓ３２２;
506;1;1308;Ｘ０４３;
506;1;1309;Ｓ２１２;
506;1;1310;永兴服务区;
506;1;1313;京港澳高速公路衡阳段;
506;1;1324;朱亭收费站;
506;1;1300;Ｓ３２０;
506;1;1314;耒阳服务区;
506;1;1315;新市收费站;
506;1;1316;冠市服务区;
506;1;1317;Ｓ３１６;
506;1;1318;泉南高速公路;
506;1;1319;大浦服务区;
506;1;1354;衡邵高速公路;
506;1;1321;Ｓ３１５;
506;1;1322;新塘服务区;
506;1;1323;Ｓ３１４;
506;1;1334;京港澳高速公路湘潭段;
506;1;1332;马家河收费站;
506;1;1294;京港澳高速公路岳阳段;
506;1;1303;新店收费站;
506;1;1291;大荆停车区;
506;1;1295;大荆收费站;
506;1;1296;三合服务区;
506;1;1297;Ｓ２０１;
506;1;1298;岳阳大道;
506;1;1299;桃林服务区;
506;1;1301;临湘收费站;
506;1;1302;临湘服务区;
506;1;1355;Ｘ０１８;
506;1;1356;羊楼司服务区;
506;1;1326;京港澳高速公路株洲段;
506;1;1327;朱亭服务区;
506;1;1328;ＸＢ２０;
506;1;1329;Ｓ３１３;
506;1;1330;伞铺服务区;
506;1;1331;天易公路;
506;1;1614;韭菜园路;
506;1;1811;桔园路;
506;1;1622;王家冲路;
506;1;2021;Ｘ０３０;
506;1;1693;天华中路;
506;1;2056;林大路;
506;1;1606;木莲路;
506;1;2035;刘家冲北路;
506;1;1439;湘府中路;
506;1;2054;迎新路;
506;1;2055;正塘坡路;
506;1;1605;新韶东路;
506;1;2049;刘家冲中路;
506;1;2027;时代阳光大道西;
506;1;2050;杉木冲中路;
506;1;1893;长园路;
506;1;2720;龙王港路;
506;1;1764;麓景路;
506;1;1526;麓谷大道;
506;1;2090;咸嘉湖西路;
506;1;1593;麓山路;
506;1;1542;牌楼路;
506;1;2774;登高路;
506;1;2089;榨坊坡;
506;1;2799;林语路;
506;1;2775;麓松路至岳麓西大道;
506;1;2022;塘冲;
506;1;2023;新雨路;
506;1;2768;西子街;
506;1;1656;马王堆中路;
506;1;2062;民主路;
506;1;2084;天华北路;
506;1;2042;木莲东路;
506;1;1645;杨子路;
506;1;2716;木莲西路;
506;1;2057;新姚北路;
506;1;2804;罗家嘴立交桥;
506;1;1714;汽配城路;
506;1;1591;江垸子;
506;1;1615;清水塘路;
506;1;2800;晨光艺术幼儿园;
506;1;2776;沙湾路;
506;1;2777;枫山路;
506;1;1627;蓉园路;
506;1;1629;竹园路;
506;1;1621;砂子塘路;
506;1;2778;杉木冲东路;
506;1;2029;万芙北路;
506;1;2051;杉木冲西路;
506;1;2052;五凌路;
506;1;1829;申湘路;
506;1;1807;盛世路;
506;1;2028;万芙中路;
506;1;2048;书香路;
506;1;1604;新韶西路;
506;1;1643;树木岭路;
506;1;1639;体育馆路;
506;1;2762;体院路;
506;1;2085;灰埠路;
506;1;2719;天剑路;
506;1;1407;银盆南路;
506;1;2779;曲苑路;
506;1;1780;年嘉湖隧道;
506;1;1557;金利路;
506;1;2045;万芙南路;
506;1;2030;戚家冲;
506;1;2780;万家丽北路至西霞路;
506;1;2717;Ｘ０４１（旧）;
506;1;2782;天际岭隧道（万家丽中路）;
506;1;2801;长株公路;
506;1;2781;天际岭隧道;
506;1;1813;王府花园路;
506;1;2082;星沙大道西侧;
506;1;2083;星沙大道东侧;
506;1;2093;望岳路;
506;1;1580;梅溪湖路;
506;1;2727;西二环辅路;
506;1;2729;岳麓大道北;
506;1;2031;横冲;
506;1;1684;咸嘉湖路;
506;1;1685;望岳南路;
506;1;2032;金星中路西侧;
506;1;2033;金星中路东侧;
506;1;2805;观湖苑;
506;1;1819;玉兰路;
506;1;2802;杨家湾;
506;1;1408;丽臣路;
506;1;2066;彩霞路;
506;1;2773;秋月路;
506;1;2046;湘江南路;
506;1;2047;上中朋;
506;1;2783;橘子洲大桥;
506;1;1900;Ｘ０６５;
506;1;1543;银盆北路;
506;1;1809;黄泥河路;
506;1;2784;银盆岭大桥;
506;1;1626;晓园路;
506;1;1602;新姚中路;
506;1;1603;新韶中路;
506;1;2106;雅雀湖路;
506;1;2040;潇湘北路南侧;
506;1;2041;潇湘北路北侧;
506;1;2724;银双路;
506;1;2723;岳华路;
506;1;2787;年嘉湖隧道（晚报大道）;
506;1;2786;年嘉湖隧道（东风路）;
506;1;2063;营盘路隧道;
506;1;2806;岳临高速公路;
506;1;2808;服务区;
506;1;2809;Ｘ０７９;
506;1;2810;停车区;
506;1;2789;银盆岭大桥（湘江中路）;
506;1;2096;岳麓大道辅路;
506;1;2097;杨西冲;
506;1;2068;欣娜路;
506;1;2069;青竹湖路东延线;
506;1;1668;梓园路;
506;1;1666;纬二路;
