CID;TABCD;LCD;CLASS;TCD;STCD;JUNCTIONNUMBER;RNID;N1ID;N2ID;POL_LCD;OTH_LCD;SEG_LCD;ROA_LCD;INPOS;INNEG;OUTPOS;OUTNEG;PRESENTPOS;PRESENTNEG;DIVERSIONPOS;DIVERSIONNEG;XCOORD;YCOORD;INTERRUPTSROAD;URBAN
506;16;202;P;1;1;;1962;1841;;4;;;201;1;1;1;1;1;1;;;+11306117;+2809223;0;1
506;16;213;P;1;3;;1962;1963;;4;;;201;1;1;1;1;1;1;;;+11303882;+2808414;0;1
506;16;203;P;1;3;;1962;1397;;4;;;201;1;1;1;1;1;1;;;+11300403;+2808406;0;1
506;16;204;P;1;3;;1962;1398;;4;;;201;1;1;1;1;1;1;;;+11297084;+2808966;0;1
506;16;205;P;1;3;;1962;1396;;4;;;201;1;1;1;1;1;1;;;+11292525;+2811079;0;0
506;16;206;P;1;1;;1962;2024;;4;;;201;1;1;1;1;1;1;;;+11288811;+2813302;0;1
506;16;207;P;1;3;;1962;1399;;4;;;201;1;1;1;1;1;1;;;+11285913;+2819609;0;1
506;16;208;P;1;1;;1962;1960;;4;;;201;1;1;1;1;1;1;;;+11285220;+2823726;0;0
506;16;209;P;1;3;;1962;1372;;4;;;201;1;1;1;1;1;1;;;+11287908;+2830371;0;0
506;16;210;P;1;3;;1962;1964;;4;;;201;1;1;1;1;1;1;;;+11295593;+2832327;0;0
506;16;211;P;1;3;;1962;1993;;4;;;201;1;1;1;1;1;1;;;+11300401;+2831915;0;0
506;16;212;P;1;3;;1962;1380;;4;;;201;1;1;1;1;1;1;;;+11308325;+2831333;0;0
506;16;214;P;1;1;;1962;2100;;4;;;201;1;1;1;1;1;1;;;+11309038;+2831087;0;0
506;16;1584;P;1;12;;1562;2706;;4;;470;;1;1;1;1;1;1;;;+11369396;+2790945;0;0
506;16;473;P;1;12;;1562;2735;;4;;470;;1;1;1;1;1;1;;;+11372054;+2798594;0;0
506;16;475;P;1;12;;1562;1389;;4;;470;;1;1;1;1;1;1;;;+11365301;+2810429;476;0
506;16;476;P;1;12;;1562;1966;;4;;471;;1;1;1;1;1;1;;;+11365200;+2810614;475;0
506;16;477;P;1;10;;1562;1967;;4;;471;;1;1;1;1;1;1;;;+11362514;+2814373;0;1
506;16;478;P;1;8;;1562;1968;;4;;471;;1;1;1;1;1;1;;;+11360019;+2815827;479;1
506;16;479;P;1;12;;1562;1969;;4;;474;;1;1;1;1;1;1;;;+11355987;+2817244;478;0
506;16;1886;P;1;12;;1562;1876;;4;;474;;1;1;1;1;1;1;;;+11349450;+2831027;0;0
506;16;481;P;1;8;;1562;2736;;4;;474;;1;1;1;1;1;1;;;+11352699;+2842706;0;0
506;16;482;P;1;12;;1562;2791;;4;;474;;1;1;1;1;1;1;;;+11364620;+2855794;0;0
506;16;744;P;1;6;;1466;1493;;4;;;743;1;1;1;1;1;1;;;+11301086;+2818500;0;1
506;16;745;P;1;10;;1466;1546;;4;;;743;1;1;1;1;1;1;;;+11301088;+2819066;0;1
506;16;746;P;1;10;;1466;1464;;4;;;743;1;1;1;1;1;1;;;+11301101;+2819412;0;1
506;16;747;P;1;10;;1466;1467;;4;;;743;1;1;1;1;1;1;;;+11301113;+2819738;0;1
506;16;782;P;1;10;;1449;1448;;4;;;781;1;1;1;1;1;1;;;+11299065;+2820361;0;1
506;16;783;P;1;10;;1449;1548;;4;;;781;1;1;1;1;1;1;;;+11299203;+2821325;0;1
506;16;784;P;1;12;;1449;1411;;4;;;781;1;1;1;1;1;1;;;+11299328;+2822932;0;1
506;16;620;P;1;10;;1469;1513;;4;;;618;1;1;1;1;1;1;;;+11306534;+2821918;0;0
506;16;1425;P;1;10;;1469;1896;;4;;;618;1;1;1;1;1;1;;;+11307754;+2823023;0;1
506;16;1641;P;1;10;;1469;2747;;4;;;618;1;1;1;1;1;1;;;+11307360;+2823852;0;1
506;16;622;P;1;10;;1469;1514;;4;;;618;1;1;1;1;1;1;;;+11307443;+2824585;0;1
506;16;623;P;1;10;;1469;1479;;4;;;618;1;1;1;1;1;1;;;+11307447;+2826397;0;1
506;16;557;P;1;6;;1465;1491;;4;;;556;1;1;1;1;1;1;;;+11299476;+2816932;0;1
506;16;558;P;1;10;;1465;1492;;4;;;556;1;1;1;1;1;1;;;+11299697;+2817986;0;1
506;16;559;P;1;10;;1465;1493;;4;;;556;1;1;1;1;1;1;;;+11299747;+2818575;0;1
506;16;560;P;1;6;;1465;1464;;4;;;556;1;1;1;1;1;1;;;+11299692;+2819456;0;1
506;16;561;P;1;10;;1465;1494;;4;;;556;1;1;1;1;1;1;;;+11299738;+2819767;0;1
506;16;550;P;1;10;;1435;1974;;4;;;549;1;1;1;1;1;1;;;+11300610;+2812423;0;1
506;16;551;P;1;10;;1435;1443;;4;;;549;1;1;1;1;1;1;;;+11300114;+2813595;0;1
506;16;552;P;1;7;;1435;1430;;4;;;549;1;1;1;1;1;1;;;+11299389;+2814726;0;1
506;16;554;P;1;7;;1490;1430;;4;;;553;1;1;1;1;1;1;;;+11299389;+2814726;0;1
506;16;1323;P;1;10;;1490;1616;;4;;;553;1;1;1;1;1;1;;;+11299432;+2815524;0;1
506;16;555;P;1;6;;1490;1491;;4;;;553;1;1;1;1;1;1;;;+11299476;+2816932;0;1
506;16;498;P;1;6;;1464;2748;;4;;;497;1;1;1;1;1;1;;;+11295665;+2819603;0;1
506;16;499;P;1;6;;1464;2749;;4;;;497;1;1;1;1;1;1;;;+11296899;+2819561;0;1
506;16;500;P;1;10;;1464;1410;;4;;;497;1;1;1;1;1;1;;;+11298621;+2819505;0;1
506;16;501;P;1;10;;1464;1465;;4;;;497;1;1;1;1;1;1;;;+11299692;+2819456;0;1
506;16;502;P;1;10;;1464;1466;;4;;;497;1;1;1;1;1;1;;;+11301101;+2819412;0;1
506;16;1294;P;1;10;;1716;1485;;4;;;1748;1;1;1;1;1;1;;;+11306204;+2819097;0;1
506;16;619;P;1;10;;1716;1467;;4;;;1748;1;1;1;1;1;1;;;+11306333;+2820027;0;1
506;16;1667;P;1;10;;1716;1513;;4;;;1748;1;1;1;1;1;1;;;+11306534;+2821918;0;0
506;16;504;P;1;10;;1467;1466;;4;;;503;1;1;1;1;1;1;;;+11301113;+2819738;0;1
506;16;505;P;1;10;;1467;1413;;4;;;503;1;1;1;1;1;1;;;+11301943;+2819835;0;1
506;16;506;P;1;10;;1467;1973;;4;;;503;1;1;1;1;1;1;;;+11303076;+2819743;0;1
506;16;507;P;1;10;;1467;1716;;4;;;503;1;1;1;1;1;1;;;+11306333;+2820027;0;1
506;16;543;P;1;10;;1397;1434;;4;;;542;1;1;1;1;1;1;;;+11298971;+2807379;0;1
506;16;1411;P;1;3;;1397;1962;;4;;;542;1;1;1;1;1;1;;;+11300163;+2808741;0;1
506;16;545;P;1;10;;1397;1488;;4;;;542;1;1;1;1;1;1;;;+11301250;+2809479;0;1
506;16;546;P;1;10;;1397;1483;;4;;;542;1;1;1;1;1;1;;;+11301389;+2809957;0;1
506;16;547;P;1;10;;1397;1441;;4;;;542;1;1;1;1;1;1;;;+11301498;+2811022;0;1
506;16;548;P;1;10;;1397;1974;;4;;;542;1;1;1;1;1;1;;;+11300610;+2812423;0;1
506;16;1407;P;1;12;;1566;1975;;4;;517;;1;1;1;1;1;1;;;+11298087;+2801747;0;0
506;16;520;P;1;12;;1566;1478;;4;;517;;1;1;1;1;1;1;;;+11297285;+2804378;0;0
506;16;1887;P;1;10;;1566;2750;;4;;517;;1;1;1;1;1;1;;;+11297963;+2805732;523;1
506;16;523;P;1;10;;1566;1479;;4;;518;;1;1;1;1;1;1;;;+11307447;+2826397;1887;1
506;16;524;P;1;3;;1566;1962;;4;;518;;1;1;1;1;1;1;;;+11308325;+2831333;0;0
506;16;525;P;1;11;;1566;1878;;4;;518;;1;1;1;1;1;1;;;+11316515;+2846393;0;0
506;16;526;P;1;12;;1566;2043;;4;;518;;1;1;1;1;1;1;;;+11314990;+2852541;0;0
506;16;661;P;1;12;;1527;1447;;4;;;660;1;1;1;1;1;1;;;+11296916;+2818485;0;1
506;16;662;P;1;10;;1527;1528;;4;;;660;1;1;1;1;1;1;;;+11297618;+2818361;0;1
506;16;489;P;1;6;;1460;2721;;4;;;488;1;1;1;1;1;1;;;+11291515;+2821049;0;1
506;16;490;P;1;10;;1460;1405;;4;;;488;1;1;1;1;1;1;;;+11292941;+2820519;0;1
506;16;491;P;1;12;;1460;1461;;4;;;488;1;1;1;1;1;1;;;+11293126;+2820385;0;1
506;16;484;P;1;10;;1399;2751;;4;;;483;1;1;1;1;1;1;;;+11284084;+2820093;0;0
506;16;485;P;1;10;;1399;1962;;4;;;483;1;1;1;1;1;1;;;+11285535;+2820033;0;0
506;16;486;P;1;10;;1399;1459;;4;;;483;1;1;1;1;1;1;;;+11288560;+2819869;0;1
506;16;487;P;1;6;;1399;2721;;4;;;483;1;1;1;1;1;1;;;+11291515;+2821049;0;1
506;16;1430;P;1;10;;1981;1959;;4;;;1429;1;1;1;1;1;1;;;+11280407;+2820221;0;0
506;16;426;P;1;10;;1981;1421;;4;;;1429;1;1;1;1;1;1;;;+11284084;+2820093;0;0
506;16;493;P;1;12;;1461;1460;;4;;;492;1;1;1;1;1;1;;;+11293126;+2820385;0;1
506;16;494;P;1;10;;1461;1462;;4;;;492;1;1;1;1;1;1;;;+11294070;+2820229;0;1
506;16;495;P;1;10;;1461;1463;;4;;;492;1;1;1;1;1;1;;;+11294953;+2819895;0;1
506;16;496;P;1;6;;1461;1431;;4;;;492;1;1;1;1;1;1;;;+11295665;+2819603;0;1
506;16;423;P;1;12;;1569;1980;;4;;420;;1;1;1;1;1;1;;;+11249921;+2831299;0;0
506;16;1814;P;1;10;;1569;2707;;4;;420;;1;1;1;1;1;1;;;+11253044;+2826734;0;0
506;16;424;P;1;10;;1569;1831;;4;;420;;1;1;1;1;1;1;;;+11255472;+2824818;0;1
506;16;1815;P;1;10;;1569;2710;;4;;420;;1;1;1;1;1;1;;;+11257221;+2824164;0;1
506;16;425;P;1;12;;1569;1420;;4;;420;;1;1;1;1;1;1;;;+11269727;+2821720;0;0
506;16;1431;P;1;10;;1569;1959;;4;;420;;1;1;1;1;1;1;;;+11280407;+2820221;427;0
506;16;427;P;1;3;;1569;1953;;4;;421;;1;1;1;1;1;1;;;+11329372;+2820595;1431;0
506;16;428;P;1;6;;1569;1422;;4;;421;;1;1;1;1;1;1;;;+11340661;+2821301;0;0
506;16;429;P;1;12;;1569;1584;;4;;421;;1;1;1;1;1;1;;;+11355987;+2817244;0;0
506;16;430;P;1;8;;1569;2752;;4;;421;;1;1;1;1;1;1;;;+11360019;+2815827;0;1
506;16;431;P;1;6;;1569;1882;;4;;421;;1;1;1;1;1;1;;;+11363234;+2815397;0;1
506;16;432;P;1;12;;1569;1425;;4;;421;;1;1;1;1;1;1;;;+11364439;+2813908;0;1
506;16;433;P;1;12;;1569;2753;;4;;421;;1;1;1;1;1;1;;;+11365200;+2810614;0;0
506;16;434;P;1;10;;1569;1428;;4;;421;;1;1;1;1;1;1;;;+11372713;+2798916;0;0
506;16;435;P;1;12;;1569;2324;;4;;421;;1;1;1;1;1;1;;;+11379697;+2788426;0;1
506;16;1012;P;1;10;;1633;1447;;4;;;1011;1;1;1;1;1;1;;;+11297020;+2820091;0;1
506;16;1013;P;1;8;;1633;1636;;4;;;1011;1;1;1;1;1;1;;;+11297604;+2820047;0;1
506;16;1014;P;1;10;;1633;1632;;4;;;1011;1;1;1;1;1;1;;;+11298121;+2819949;0;1
506;16;1015;P;1;10;;1633;1638;;4;;;1011;1;1;1;1;1;1;;;+11298427;+2819835;0;1
506;16;1016;P;1;7;;1633;2754;;4;;;1011;1;1;1;1;1;1;;;+11298560;+2819828;0;1
506;16;52;P;1;3;;1960;2737;;4;;;51;1;1;1;1;1;1;;;+11249305;+2845247;0;0
506;16;53;P;1;3;;1960;1367;;4;;;51;1;1;1;1;1;1;;;+11258014;+2831381;0;0
506;16;54;P;3;3;;1960;1368;;4;;;51;1;1;1;1;1;1;;;+11260878;+2830674;0;0
506;16;55;P;1;3;;1960;1884;;4;;;51;1;1;1;1;1;1;;;+11266229;+2827958;0;0
506;16;108;P;1;3;;1960;2738;;4;;;51;1;1;1;1;1;1;;;+11269196;+2827245;0;0
506;16;56;P;1;3;;1960;1370;;4;;;51;1;1;1;1;1;1;;;+11272611;+2825852;0;0
506;16;104;P;1;13;;1960;1959;;4;;;51;1;1;1;1;1;1;;;+11279476;+2824452;0;0
506;16;57;P;1;1;;1960;1962;;4;;;51;1;1;1;1;1;1;;;+11284717;+2823586;0;0
506;16;603;P;1;10;;1372;1403;;4;;;606;1;1;1;1;1;1;;;+11290959;+2822495;0;1
506;16;604;P;1;10;;1372;1515;;4;;;606;1;1;1;1;1;1;;;+11290693;+2823040;0;1
506;16;1432;P;1;10;;1372;2098;;4;;;606;1;1;1;1;1;1;;;+11289032;+2824670;0;1
506;16;1421;P;1;10;;1372;1984;;4;;;606;1;1;1;1;1;1;;;+11288220;+2826272;0;0
506;16;608;P;1;3;;1372;1962;;4;;;606;1;1;1;1;1;1;;;+11287664;+2829914;0;0
506;16;1890;P;1;10;;1372;1507;;4;;;606;1;1;1;1;1;1;;;+11287081;+2831442;0;0
506;16;1313;P;1;10;;1372;2711;;4;;;606;1;1;1;1;1;1;;;+11284520;+2834031;0;1
506;16;582;P;1;7;;1499;1409;;4;;;581;1;1;1;1;1;1;;;+11298827;+2822879;0;1
506;16;583;P;1;10;;1499;1500;;4;;;581;1;1;1;1;1;1;;;+11298886;+2825112;0;1
506;16;584;P;1;6;;1499;2726;;4;;;581;1;1;1;1;1;1;;;+11297560;+2828348;0;1
506;16;802;P;1;10;;1499;1855;;4;;;581;1;1;1;1;1;1;;;+11295918;+2831110;0;0
506;16;806;P;1;11;;1499;1987;;4;;;581;1;1;1;1;1;1;;;+11294516;+2832644;0;0
506;16;1258;P;1;11;;1499;1988;;4;;;581;1;1;1;1;1;1;;;+11293734;+2833462;0;0
506;16;509;P;1;10;;1470;1716;;4;;;508;1;1;1;1;1;1;;;+11306333;+2820027;0;1
506;16;510;P;1;10;;1470;1471;;4;;;508;1;1;1;1;1;1;;;+11308470;+2820511;0;1
506;16;511;P;1;12;;1470;1390;;4;;;508;1;1;1;1;1;1;;;+11309839;+2820743;0;1
506;16;512;P;1;8;;1470;1989;;4;;;508;1;1;1;1;1;1;;;+11312336;+2821520;0;1
506;16;514;P;1;8;;1387;1989;;4;;;513;1;1;1;1;1;1;;;+11312336;+2821520;0;1
506;16;515;P;1;3;;1387;1953;;4;;;513;1;1;1;1;1;1;;;+11321323;+2822239;0;0
506;16;109;P;1;3;;1953;1411;;4;;;73;1;1;1;1;1;1;;;+11306250;+2823025;0;1
506;16;74;P;1;1;;1953;2732;;4;;;73;1;1;1;1;1;1;;;+11306937;+2823090;0;1
506;16;89;P;1;3;;1953;1842;;4;;;73;1;1;1;1;1;1;;;+11309955;+2823404;0;1
506;16;75;P;3;3;;1953;1386;;4;;;73;1;1;1;1;1;1;;;+11312167;+2823677;0;1
506;16;102;P;1;1;;1953;1948;;4;;;73;1;1;1;1;1;1;;;+11315136;+2823584;0;0
506;16;76;P;1;3;;1953;1387;;4;;;73;1;1;1;1;1;1;;;+11321181;+2822584;0;0
506;16;77;P;3;8;;1953;1388;;4;;;73;1;1;1;1;1;1;;;+11325780;+2821032;0;0
506;16;78;P;1;3;;1953;1389;;4;;;73;1;1;1;1;1;1;;;+11329372;+2820595;0;0
506;16;103;P;1;1;;1948;1947;;4;;;94;1;1;1;1;1;1;;;+11316537;+2793577;0;0
506;16;95;P;1;3;;1948;2739;;4;;;94;1;1;1;1;1;1;;;+11317871;+2799096;0;0
506;16;96;P;1;3;;1948;1950;;4;;;94;1;1;1;1;1;1;;;+11318135;+2804575;0;0
506;16;97;P;1;3;;1948;1390;;4;;;94;1;1;1;1;1;1;;;+11317982;+2806983;0;0
506;16;98;P;3;3;;1948;1951;;4;;;94;1;1;1;1;1;1;;;+11317599;+2810374;0;0
506;16;99;P;1;1;;1948;1377;;4;;;94;1;1;1;1;1;1;;;+11316156;+2818051;0;0
506;16;100;P;1;1;;1948;1953;;4;;;94;1;1;1;1;1;1;;;+11315136;+2823584;0;0
506;16;675;P;1;10;;1613;1447;;4;;;673;1;1;1;1;1;1;;;+11296924;+2818856;0;1
506;16;676;P;1;11;;1613;1889;;4;;;673;1;1;1;1;1;1;;;+11297410;+2818846;0;1
506;16;1433;P;1;10;;1613;2756;;4;;;673;1;1;1;1;1;1;;;+11298681;+2818585;0;1
506;16;682;P;1;10;;1493;1410;;4;;;680;1;1;1;1;1;1;;;+11298681;+2818585;0;1
506;16;683;P;1;10;;1493;1465;;4;;;680;1;1;1;1;1;1;;;+11299747;+2818575;0;1
506;16;684;P;1;7;;1493;1530;;4;;;680;1;1;1;1;1;1;;;+11301086;+2818500;0;1
506;16;685;P;1;10;;1493;1413;;4;;;680;1;1;1;1;1;1;;;+11301798;+2818466;0;1
506;16;1188;P;3;37;;1702;2794;;4;;;1187;1;1;1;1;1;1;;;+11308118;+2821371;0;0
506;16;1189;P;1;10;;1702;1513;;4;;;1187;1;1;1;1;1;1;;;+11308106;+2821866;0;1
506;16;1190;P;1;10;;1702;1704;;4;;;1187;1;1;1;1;1;1;;;+11308130;+2822432;0;1
506;16;1191;P;1;10;;1702;1701;;4;;;1187;1;1;1;1;1;1;;;+11308157;+2823068;0;1
506;16;799;P;1;10;;1545;1561;;4;;;798;1;1;1;1;1;1;;;+11300095;+2817058;0;1
506;16;800;P;1;6;;1545;1530;;4;;;798;1;1;1;1;1;1;;;+11300968;+2817025;0;1
506;16;801;P;1;7;;1545;1413;;4;;;798;1;1;1;1;1;1;;;+11301654;+2816990;0;1
506;16;1265;P;1;8;;1551;1553;;4;;;1263;1;1;1;1;1;1;;;+11302037;+2824225;0;1
506;16;1264;P;1;10;;1551;1414;;4;;;1263;1;1;1;1;1;1;;;+11304085;+2824213;0;1
506;16;961;P;1;10;;1625;1493;;4;;;960;1;1;1;1;1;1;;;+11300691;+2818510;0;1
506;16;962;P;1;10;;1625;1546;;4;;;960;1;1;1;1;1;1;;;+11300695;+2819067;0;1
506;16;963;P;1;10;;1625;1464;;4;;;960;1;1;1;1;1;1;;;+11300700;+2819420;0;1
506;16;1029;P;1;10;;1640;1464;;4;;;1028;1;1;1;1;1;1;;;+11299187;+2819484;0;1
506;16;1030;P;1;10;;1640;1494;;4;;;1028;1;1;1;1;1;1;;;+11299134;+2819805;0;1
506;16;1031;P;1;11;;1640;1448;;4;;;1028;1;1;1;1;1;1;;;+11299274;+2820351;0;1
506;16;935;P;1;10;;1619;1490;;4;;;934;1;1;1;1;1;1;;;+11299432;+2815524;0;1
506;16;936;P;1;10;;1619;1537;;4;;;934;1;1;1;1;1;1;;;+11299886;+2815519;0;1
506;16;84;P;1;1;;2024;1947;;4;;;83;1;1;1;1;1;1;;;+11293885;+2792220;0;0
506;16;92;P;1;3;;2024;2813;;4;;;83;1;1;1;1;1;1;;;+11293796;+2793040;0;0
506;16;85;P;1;3;;2024;1394;;4;;;83;1;1;1;1;1;1;;;+11289952;+2799677;0;0
506;16;86;P;3;8;;2024;1731;;4;;;83;1;1;1;1;1;1;;;+11288649;+2804003;0;0
506;16;87;P;1;3;;2024;1396;;4;;;83;1;1;1;1;1;1;;;+11286302;+2808731;0;0
506;16;88;P;1;3;;2024;1430;;4;;;83;1;1;1;1;1;1;;;+11289367;+2814143;0;1
506;16;915;P;1;10;;1611;1608;;4;;;914;1;1;1;1;1;1;;;+11297094;+2817382;0;1
506;16;916;P;1;10;;1611;1497;;4;;;914;1;1;1;1;1;1;;;+11297738;+2817716;0;1
506;16;917;P;1;10;;1611;1529;;4;;;914;1;1;1;1;1;1;;;+11298293;+2818323;0;1
506;16;918;P;1;10;;1611;1493;;4;;;914;1;1;1;1;1;1;;;+11298511;+2818640;0;1
506;16;919;P;1;10;;1611;1612;;4;;;914;1;1;1;1;1;1;;;+11298911;+2819089;0;1
506;16;1249;P;1;12;;1390;1470;;4;;;1248;1;1;1;1;1;1;;;+11309839;+2820743;0;1
506;16;1250;P;1;12;;1390;2757;;4;;;1248;1;1;1;1;1;1;;;+11310661;+2819645;0;1
506;16;1251;P;1;3;;1390;1839;;4;;;1248;1;1;1;1;1;1;;;+11313532;+2817673;0;0
506;16;1442;P;1;12;;1402;1994;;4;;;775;1;1;1;1;1;1;;;+11301478;+2833007;0;0
506;16;779;P;1;12;;1402;1555;;4;;;775;1;1;1;1;1;1;;;+11302334;+2834417;0;0
506;16;1440;P;1;10;;1993;1992;;4;;;1439;1;1;1;1;1;1;;;+11300127;+2830552;0;0
506;16;777;P;1;10;;1993;1554;;4;;;1439;1;1;1;1;1;1;;;+11300343;+2831441;0;0
506;16;1441;P;1;12;;1993;1994;;4;;;1439;1;1;1;1;1;1;;;+11301478;+2833007;0;0
506;16;1266;P;1;8;;1553;1413;;4;;1434;;1;1;1;1;1;1;;;+11302037;+2824225;0;1
506;16;588;P;1;10;;1553;1500;;4;;1434;;1;1;1;1;1;1;;;+11300773;+2825208;0;1
506;16;1435;P;1;12;;1553;1990;;4;;1434;;1;1;1;1;1;1;;;+11300982;+2825804;1437;1
506;16;1437;P;1;12;;1553;1991;;4;;1436;;1;1;1;1;1;1;;;+11301047;+2825988;1435;1
506;16;1891;P;1;11;;1553;2726;;4;;1436;;1;1;1;1;1;1;;;+11299968;+2829306;0;1
506;16;1438;P;1;10;;1553;1992;;4;;1436;;1;1;1;1;1;1;;;+11300127;+2830552;0;0
506;16;1444;P;1;10;;1996;1978;;4;;;1443;1;1;1;1;1;1;;;+11303427;+2807525;0;1
506;16;1391;P;1;10;;1996;1825;;4;;;1443;1;1;1;1;1;1;;;+11304598;+2807331;0;1
506;16;862;P;1;10;;1995;1488;;4;;;861;1;1;1;1;1;1;;;+11301343;+2807405;0;1
506;16;863;P;1;10;;1995;1978;;4;;;861;1;1;1;1;1;1;;;+11303427;+2807525;0;1
506;16;739;P;1;10;;1530;1491;;4;;;738;1;1;1;1;1;1;;;+11301203;+2815645;0;1
506;16;740;P;1;10;;1530;1545;;4;;;738;1;1;1;1;1;1;;;+11300968;+2817025;0;1
506;16;741;P;1;10;;1530;1492;;4;;;738;1;1;1;1;1;1;;;+11301002;+2817535;0;1
506;16;742;P;1;6;;1530;1493;;4;;;738;1;1;1;1;1;1;;;+11301086;+2818500;0;1
506;16;1608;P;1;11;;1987;1805;;4;;;1610;1;1;1;1;1;1;;;+11293818;+2832133;0;0
506;16;1611;P;1;11;;1987;1499;;4;;;1610;1;1;1;1;1;1;;;+11294516;+2832644;0;0
506;16;1612;P;1;10;;1987;1964;;4;;;1610;1;1;1;1;1;1;;;+11294873;+2832913;0;0
506;16;1613;P;1;12;;1987;2067;;4;;;1610;1;1;1;1;1;1;;;+11295743;+2833686;0;0
506;16;1132;P;1;12;;1523;1673;;4;;;1131;1;1;1;1;1;1;;;+11282735;+2829536;0;0
506;16;1321;P;1;12;;1523;1870;;4;;;1131;1;1;1;1;1;1;;;+11284701;+2829519;0;0
506;16;1133;P;1;10;;1523;1400;;4;;;1131;1;1;1;1;1;1;;;+11287619;+2829374;0;0
506;16;1134;P;1;10;;1523;1984;;4;;;1131;1;1;1;1;1;1;;;+11290517;+2829373;0;0
506;16;1135;P;1;10;;1523;1507;;4;;;1131;1;1;1;1;1;1;;;+11291656;+2829507;0;0
506;16;1136;P;1;10;;1523;1997;;4;;;1131;1;1;1;1;1;1;;;+11293146;+2829746;0;0
506;16;1197;P;1;10;;1471;2757;;4;;;1196;1;1;1;1;1;1;;;+11307942;+2819159;0;1
506;16;1198;P;1;10;;1471;1470;;4;;;1196;1;1;1;1;1;1;;;+11308470;+2820511;0;1
506;16;1307;P;1;11;;1396;1758;;4;;;1306;1;1;1;1;1;1;;;+11292455;+2809649;0;0
506;16;1308;P;1;10;;1396;2758;;4;;;1306;1;1;1;1;1;1;;;+11293074;+2809307;0;0
506;16;564;P;1;10;;1433;2750;;4;;;563;1;1;1;1;1;1;;;+11298547;+2807022;0;1
506;16;565;P;1;10;;1433;1398;;4;;;563;1;1;1;1;1;1;;;+11296561;+2809077;0;1
506;16;566;P;1;10;;1433;1437;;4;;;563;1;1;1;1;1;1;;;+11296186;+2811518;0;1
506;16;567;P;1;10;;1433;1430;;4;;;563;1;1;1;1;1;1;;;+11297228;+2814098;0;1
506;16;911;P;1;10;;1608;1607;;4;;;910;1;1;1;1;1;1;;;+11297074;+2816489;0;1
506;16;912;P;1;10;;1608;1611;;4;;;910;1;1;1;1;1;1;;;+11297094;+2817382;0;1
506;16;913;P;1;10;;1608;1497;;4;;;910;1;1;1;1;1;1;;;+11297199;+2817891;0;1
506;16;974;P;1;10;;1608;1527;;4;;;910;1;1;1;1;1;1;;;+11297312;+2818383;0;1
506;16;1806;P;1;11;;2759;1396;;4;;;1309;1;1;1;1;1;1;;;+11292687;+2809527;0;0
506;16;1807;P;1;12;;2759;2105;;4;;;1309;1;1;1;1;1;1;;;+11294926;+2812176;0;1
506;16;1311;P;1;7;;2759;1430;;4;;;1309;1;1;1;1;1;1;;;+11295086;+2813900;0;1
506;16;611;P;1;7;;1494;1410;;4;;;610;1;1;1;1;1;1;;;+11298560;+2819828;0;1
506;16;612;P;1;10;;1494;1465;;4;;;610;1;1;1;1;1;1;;;+11299738;+2819767;0;1
506;16;613;P;1;10;;1494;1466;;4;;;610;1;1;1;1;1;1;;;+11301113;+2819738;0;1
506;16;1049;P;1;10;;1538;2790;;4;;;1046;1;1;1;1;1;1;;;+11304436;+2815140;0;1
506;16;1050;P;1;10;;1538;1436;;4;;;1046;1;1;1;1;1;1;;;+11304837;+2815774;0;1
506;16;1051;P;1;10;;1538;1998;;4;;;1046;1;1;1;1;1;1;;;+11304517;+2816336;0;1
506;16;1445;P;1;10;;1538;1484;;4;;;1046;1;1;1;1;1;1;;;+11304446;+2816921;0;1
506;16;1446;P;1;10;;1538;1485;;4;;;1046;1;1;1;1;1;1;;;+11304708;+2818463;0;1
506;16;1447;P;1;10;;1538;2000;;4;;;1046;1;1;1;1;1;1;;;+11304483;+2818707;0;1
506;16;1679;P;1;10;;2081;1514;;4;;;1678;1;1;1;1;1;1;;;+11307853;+2824579;0;1
506;16;1680;P;1;10;;2081;2071;;4;;;1678;1;1;1;1;1;1;;;+11307809;+2824835;0;1
506;16;1681;P;1;11;;2081;1711;;4;;;1678;1;1;1;1;1;1;;;+11307653;+2825509;0;1
506;16;1682;P;1;11;;2081;1479;;4;;;1678;1;1;1;1;1;1;;;+11307706;+2826378;0;1
506;16;1669;P;1;12;;2080;1855;;4;;;1668;1;1;1;1;1;1;;;+11307681;+2821551;0;0
506;16;1670;P;1;10;;2080;1513;;4;;;1668;1;1;1;1;1;1;;;+11307678;+2821877;0;1
506;16;1671;P;1;10;;2080;1704;;4;;;1668;1;1;1;1;1;1;;;+11307710;+2822414;0;1
506;16;1672;P;1;10;;2080;1469;;4;;;1668;1;1;1;1;1;1;;;+11307754;+2823023;0;1
506;16;1674;P;1;10;;1972;1469;;4;;;1673;1;1;1;1;1;1;;;+11307754;+2823023;0;1
506;16;1675;P;1;10;;1972;1698;;4;;;1673;1;1;1;1;1;1;;;+11307816;+2823841;0;1
506;16;1676;P;1;11;;1972;1822;;4;;;1673;1;1;1;1;1;1;;;+11307848;+2824229;0;1
506;16;1677;P;1;10;;1972;1514;;4;;;1673;1;1;1;1;1;1;;;+11307853;+2824579;0;1
506;16;1840;P;1;10;;1701;1972;;4;;;1839;1;1;1;1;1;1;;;+11307757;+2823075;0;1
506;16;1841;P;1;10;;1701;1702;;4;;;1839;1;1;1;1;1;1;;;+11308156;+2823097;0;1
506;16;1842;P;1;10;;1701;1694;;4;;;1839;1;1;1;1;1;1;;;+11308557;+2823172;0;1
506;16;1843;P;1;10;;1701;1578;;4;;;1839;1;1;1;1;1;1;;;+11309315;+2823313;0;1
506;16;1844;P;1;6;;1701;1695;;4;;;1839;1;1;1;1;1;1;;;+11310285;+2823505;0;1
506;16;1845;P;1;12;;1701;2001;;4;;;1839;1;1;1;1;1;1;;;+11311158;+2823641;0;1
506;16;1846;P;1;10;;1701;2002;;4;;;1839;1;1;1;1;1;1;;;+11311789;+2823710;0;1
506;16;1858;P;1;6;;2726;1808;;4;;;1857;1;1;1;1;1;1;;;+11295516;+2827253;0;1
506;16;1492;P;1;6;;2726;1805;;4;;;1857;1;1;1;1;1;1;;;+11296817;+2827957;0;1
506;16;773;P;1;7;;2726;1499;;4;;;1857;1;1;1;1;1;1;;;+11297560;+2828348;0;1
506;16;774;P;1;13;;2726;1413;;4;;;1857;1;1;1;1;1;1;;;+11300996;+2829197;0;1
506;16;1450;P;1;10;;1379;1989;;4;;;1218;1;1;1;1;1;1;;;+11312300;+2825781;0;0
506;16;1449;P;1;10;;1379;2002;;4;;;1218;1;1;1;1;1;1;;;+11311787;+2825760;0;1
506;16;1448;P;1;12;;1379;2001;;4;;;1218;1;1;1;1;1;1;;;+11311135;+2825734;0;1
506;16;1219;P;1;10;;1379;1695;;4;;;1218;1;1;1;1;1;1;;;+11310296;+2825728;0;1
506;16;1220;P;1;10;;1379;1694;;4;;;1218;1;1;1;1;1;1;;;+11308595;+2826107;0;1
506;16;1221;P;1;3;;1379;2732;;4;;;1218;1;1;1;1;1;1;;;+11307396;+2826748;0;1
506;16;1738;P;1;11;;1828;1414;;4;;;1737;1;1;1;1;1;1;;;+11306171;+2827127;0;1
506;16;1739;P;1;10;;1828;1691;;4;;;1737;1;1;1;1;1;1;;;+11307173;+2826876;0;1
506;16;1340;P;1;10;;1808;1552;;4;;;1339;1;1;1;1;1;1;;;+11296268;+2823178;0;1
506;16;1796;P;1;10;;1808;1503;;4;;;1339;1;1;1;1;1;1;;;+11296262;+2823813;0;1
506;16;1341;P;1;10;;1808;2726;;4;;;1339;1;1;1;1;1;1;;;+11295516;+2827253;0;1
506;16;987;P;1;10;;1634;1633;;4;;;986;1;1;1;1;1;1;;;+11298121;+2819949;0;1
506;16;988;P;1;10;;1634;1446;;4;;;986;1;1;1;1;1;1;;;+11298143;+2820419;0;1
506;16;989;P;1;10;;1634;1635;;4;;;986;1;1;1;1;1;1;;;+11298220;+2820862;0;1
506;16;990;P;1;10;;1634;1539;;4;;;986;1;1;1;1;1;1;;;+11298167;+2821378;0;1
506;16;979;P;1;10;;1630;1529;;4;;;978;1;1;1;1;1;1;;;+11298015;+2818339;0;1
506;16;980;P;1;10;;1630;1613;;4;;;978;1;1;1;1;1;1;;;+11298031;+2818801;0;1
506;16;981;P;1;10;;1630;1631;;4;;;978;1;1;1;1;1;1;;;+11298083;+2819136;0;1
506;16;983;P;1;10;;1632;1631;;4;;;982;1;1;1;1;1;1;;;+11298083;+2819136;0;1
506;16;984;P;1;10;;1632;1464;;4;;;982;1;1;1;1;1;1;;;+11298105;+2819514;0;1
506;16;985;P;1;10;;1632;1633;;4;;;982;1;1;1;1;1;1;;;+11298121;+2819949;0;1
506;16;1826;P;1;10;;2722;1508;;4;;;1825;1;1;1;1;1;1;;;+11295159;+2824102;0;1
506;16;1827;P;1;10;;2722;1552;;4;;;1825;1;1;1;1;1;1;;;+11295949;+2824124;0;1
506;16;1828;P;1;10;;2722;1808;;4;;;1825;1;1;1;1;1;1;;;+11296226;+2824124;0;1
506;16;823;P;1;10;;2764;2763;;4;;;1894;1;1;1;1;1;1;;;+11292784;+2824071;0;1
506;16;1895;P;1;10;;2764;1507;;4;;;1894;1;1;1;1;1;1;;;+11293397;+2824079;0;1
506;16;824;P;1;10;;2725;1507;;4;;;822;1;1;1;1;1;1;;;+11293397;+2824079;0;1
506;16;825;P;1;10;;2725;1406;;4;;;822;1;1;1;1;1;1;;;+11294186;+2824087;0;1
506;16;826;P;1;10;;2725;1508;;4;;;822;1;1;1;1;1;1;;;+11295159;+2824102;0;1
506;16;625;P;1;7;;1484;1413;;4;;;624;1;1;1;1;1;1;;;+11301654;+2816990;0;1
506;16;627;P;1;3;;1484;1377;;4;;;624;1;1;1;1;1;1;;;+11304990;+2816905;0;1
506;16;1461;P;1;12;;1484;1377;;4;;;1300;1;1;1;1;1;1;;;+11321178;+2818554;0;0
506;16;1462;P;1;8;;1484;2793;;4;;;1300;1;1;1;1;1;1;;;+11321597;+2818572;0;0
506;16;1301;P;1;10;;1484;2017;;4;;;1300;1;1;1;1;1;1;;;+11321615;+2819168;0;0
506;16;1302;P;1;3;;1484;1953;;4;;;1300;1;1;1;1;1;1;;;+11321181;+2822584;0;0
506;16;1878;P;1;12;;2730;2731;;4;;;1877;1;1;1;1;1;1;;;+11302008;+2816985;0;1
506;16;1879;P;1;10;;2730;1654;;4;;;1877;1;1;1;1;1;1;;;+11302499;+2816986;0;1
506;16;1880;P;1;10;;2730;1973;;4;;;1877;1;1;1;1;1;1;;;+11302984;+2816975;0;1
506;16;1881;P;1;12;;2730;1999;;4;;;1877;1;1;1;1;1;1;;;+11303847;+2816943;0;1
506;16;1882;P;1;10;;2730;1538;;4;;;1877;1;1;1;1;1;1;;;+11304446;+2816921;0;1
506;16;1883;P;1;3;;2730;2732;;4;;;1877;1;1;1;1;1;1;;;+11305377;+2816890;0;1
506;16;1884;P;1;10;;2730;2733;;4;;;1877;1;1;1;1;1;1;;;+11306203;+2816909;0;1
506;16;1885;P;1;3;;2730;2734;;4;;;1877;1;1;1;1;1;1;;;+11307426;+2816953;0;1
506;16;1304;P;1;3;;2026;1962;;4;;;1303;1;1;1;1;1;1;;;+11292525;+2811079;0;0
506;16;1305;P;1;11;;2026;1396;;4;;;1303;1;1;1;1;1;1;;;+11292455;+2809649;0;0
506;16;1073;P;1;12;;1652;1413;;4;;;1072;1;1;1;1;1;1;;;+11301693;+2817670;0;1
506;16;1074;P;1;10;;1652;1654;;4;;;1072;1;1;1;1;1;1;;;+11302531;+2817648;0;1
506;16;1075;P;1;10;;1652;1973;;4;;;1072;1;1;1;1;1;1;;;+11303008;+2817648;0;1
506;16;1076;P;1;11;;1652;2004;;4;;;1072;1;1;1;1;1;1;;;+11303849;+2817628;0;1
506;16;749;P;1;10;;1412;1467;;4;;;748;1;1;1;1;1;1;;;+11301113;+2819738;0;1
506;16;750;P;1;10;;1412;1547;;4;;;748;1;1;1;1;1;1;;;+11300900;+2820693;0;1
506;16;751;P;1;10;;1412;1548;;4;;;748;1;1;1;1;1;1;;;+11300694;+2822381;0;1
506;16;752;P;1;10;;1412;1411;;4;;;748;1;1;1;1;1;1;;;+11300674;+2823056;0;1
506;16;1422;P;1;10;;1412;1901;;4;;;748;1;1;1;1;1;1;;;+11300730;+2823343;0;1
506;16;753;P;1;10;;1412;1549;;4;;;748;1;1;1;1;1;1;;;+11300732;+2823732;0;1
506;16;1602;P;1;11;;1412;1553;;4;;;748;1;1;1;1;1;1;;;+11300752;+2824945;0;1
506;16;670;P;1;10;;1492;1465;;4;;;669;1;1;1;1;1;1;;;+11299697;+2817986;0;1
506;16;671;P;1;10;;1492;1530;;4;;;669;1;1;1;1;1;1;;;+11301002;+2817535;0;1
506;16;664;P;1;10;;1529;1528;;4;;;663;1;1;1;1;1;1;;;+11297618;+2818361;0;1
506;16;1203;P;1;11;;1529;1726;;4;;;663;1;1;1;1;1;1;;;+11298185;+2818331;0;1
506;16;665;P;1;10;;1529;1498;;4;;;663;1;1;1;1;1;1;;;+11298654;+2818246;0;1
506;16;667;P;1;10;;1498;1410;;4;;;666;1;1;1;1;1;1;;;+11298654;+2818246;0;1
506;16;668;P;1;10;;1498;1492;;4;;;666;1;1;1;1;1;1;;;+11299697;+2817986;0;1
506;16;1256;P;1;12;;1719;1561;;4;;;1255;1;1;1;1;1;1;;;+11300232;+2816870;0;1
506;16;1257;P;1;12;;1719;1545;;4;;;1255;1;1;1;1;1;1;;;+11300307;+2817049;0;1
506;16;904;P;1;10;;1496;1610;;4;;;903;1;1;1;1;1;1;;;+11297343;+2814932;0;1
506;16;905;P;1;10;;1496;1410;;4;;;903;1;1;1;1;1;1;;;+11298383;+2815674;0;1
506;16;1453;P;1;11;;1817;2007;;4;;;1374;1;1;1;1;1;1;;;+11309006;+2825486;0;1
506;16;1375;P;1;11;;1817;1695;;4;;;1374;1;1;1;1;1;1;;;+11310292;+2825477;0;1
506;16;1376;P;1;12;;1817;1989;;4;;;1374;1;1;1;1;1;1;;;+11312294;+2825447;0;1
506;16;1112;P;1;10;;1548;1449;;4;;1111;;1;1;1;1;1;1;;;+11299203;+2821325;0;1
506;16;1113;P;1;10;;1548;1412;;4;;1111;;1;1;1;1;1;1;;;+11300694;+2822381;0;1
506;16;1114;P;1;12;;1548;2101;;4;;1111;;1;1;1;1;1;1;;;+11301387;+2823358;1117;1
506;16;1117;P;1;12;;1548;2102;;4;;1116;;1;1;1;1;1;1;;;+11301381;+2823372;1114;1
506;16;1118;P;1;10;;1548;1549;;4;;1116;;1;1;1;1;1;1;;;+11301379;+2823739;0;1
506;16;1644;P;1;8;;1989;1470;;4;;1643;;1;1;1;1;1;1;;;+11312336;+2821520;0;1
506;16;1645;P;1;10;;1989;1513;;4;;1643;;1;1;1;1;1;1;;;+11312331;+2821896;0;1
506;16;1646;P;1;10;;1989;2070;;4;;1643;;1;1;1;1;1;1;;;+11312325;+2822713;0;1
506;16;1647;P;3;37;;1989;2073;;4;;1643;;1;1;1;1;1;1;;;+11312322;+2823295;1649;1
506;16;1649;P;3;37;;1989;2795;;4;;1648;;1;1;1;1;1;1;;;+11312315;+2824146;1647;1
506;16;1650;P;1;10;;1989;1823;;4;;1648;;1;1;1;1;1;1;;;+11312311;+2824547;0;1
506;16;1651;P;1;12;;1989;2071;;4;;1648;;1;1;1;1;1;1;;;+11312304;+2825097;0;1
506;16;1652;P;1;12;;1989;1817;;4;;1648;;1;1;1;1;1;1;;;+11312294;+2825447;0;1
506;16;1653;P;1;10;;1989;1379;;4;;1648;;1;1;1;1;1;1;;;+11312300;+2825781;0;0
506;16;755;P;1;6;;1413;1436;;4;;;754;1;1;1;1;1;1;;;+11301550;+2815588;0;1
506;16;756;P;1;6;;1413;1484;;4;;;754;1;1;1;1;1;1;;;+11301654;+2816990;0;1
506;16;757;P;1;6;;1413;1493;;4;;;754;1;1;1;1;1;1;;;+11301798;+2818466;0;1
506;16;758;P;1;12;;1413;1486;;4;;;754;1;1;1;1;1;1;;;+11301867;+2819174;0;1
506;16;759;P;1;6;;1413;1467;;4;;;754;1;1;1;1;1;1;;;+11301943;+2819835;0;1
506;16;760;P;1;6;;1413;1547;;4;;;754;1;1;1;1;1;1;;;+11301964;+2820867;0;1
506;16;1322;P;1;12;;1413;2005;;4;;;754;1;1;1;1;1;1;;;+11301974;+2822225;0;1
506;16;761;P;1;7;;1413;1411;;4;;;754;1;1;1;1;1;1;;;+11301787;+2823385;0;1
506;16;762;P;1;6;;1413;1551;;4;;;754;1;1;1;1;1;1;;;+11302037;+2824225;0;1
506;16;763;P;1;6;;1413;1500;;4;;;754;1;1;1;1;1;1;;;+11301840;+2825190;0;1
506;16;764;P;1;13;;1413;2726;;4;;;754;1;1;1;1;1;1;;;+11300996;+2829197;0;1
506;16;1597;P;1;12;;2064;2065;;4;;;1596;1;1;1;1;1;1;;;+11301891;+2819413;0;1
506;16;1598;P;1;10;;2064;1467;;4;;;1596;1;1;1;1;1;1;;;+11301943;+2819835;0;1
506;16;1599;P;1;10;;2064;1547;;4;;;1596;1;1;1;1;1;1;;;+11301964;+2820867;0;1
506;16;1600;P;1;10;;2064;1667;;4;;;1596;1;1;1;1;1;1;;;+11301971;+2821275;0;1
506;16;1601;P;1;10;;2064;2000;;4;;;1596;1;1;1;1;1;1;;;+11301975;+2821747;0;1
506;16;1381;P;1;10;;1578;1470;;4;;1181;;1;1;1;1;1;1;;;+11309231;+2820589;0;1
506;16;1409;P;1;11;;1578;1855;;4;;1181;;1;1;1;1;1;1;;;+11309265;+2821524;0;1
506;16;1183;P;1;11;;1578;1513;;4;;1181;;1;1;1;1;1;1;;;+11309297;+2821828;0;1
506;16;1184;P;1;10;;1578;1700;;4;;1181;;1;1;1;1;1;1;;;+11309296;+2822484;0;1
506;16;1185;P;1;10;;1578;1701;;4;;1181;;1;1;1;1;1;1;;;+11309315;+2823279;0;1
506;16;1186;P;1;11;;1578;1698;;4;;1181;;1;1;1;1;1;1;;;+11309321;+2823793;1384;1
506;16;1384;P;1;11;;1578;2765;;4;;1499;;1;1;1;1;1;1;;;+11309327;+2824170;1186;1
506;16;1385;P;1;10;;1578;1823;;4;;1499;;1;1;1;1;1;1;;;+11309342;+2824560;0;1
506;16;1386;P;1;11;;1578;1817;;4;;1499;;1;1;1;1;1;1;;;+11309327;+2825484;0;1
506;16;1387;P;1;10;;1578;1379;;4;;1499;;1;1;1;1;1;1;;;+11309325;+2825754;0;1
506;16;1744;P;1;10;;2767;1399;;4;;;1743;1;1;1;1;1;1;;;+11286282;+2820129;0;1
506;16;1745;P;1;11;;2767;2766;;4;;;1743;1;1;1;1;1;1;;;+11286162;+2820742;0;1
506;16;1746;P;1;10;;2767;1524;;4;;;1743;1;1;1;1;1;1;;;+11286146;+2822079;0;1
506;16;1747;P;1;10;;2767;2008;;4;;;1743;1;1;1;1;1;1;;;+11286307;+2823003;0;1
506;16;1630;P;1;10;;2001;1470;;4;;1629;;1;1;1;1;1;1;;;+11311205;+2821138;0;1
506;16;1631;P;1;10;;2001;1513;;4;;1629;;1;1;1;1;1;1;;;+11311191;+2821807;0;1
506;16;1632;P;1;10;;2001;2070;;4;;1629;;1;1;1;1;1;1;;;+11311165;+2822649;0;1
506;16;1633;P;1;10;;2001;1896;;4;;1629;;1;1;1;1;1;1;;;+11311157;+2823572;1635;1
506;16;1635;P;1;12;;2001;1701;;4;;1634;;1;1;1;1;1;1;;;+11311158;+2823641;1633;1
506;16;1636;P;1;11;;2001;2765;;4;;1634;;1;1;1;1;1;1;;;+11311154;+2824147;0;1
506;16;1637;P;1;10;;2001;1823;;4;;1634;;1;1;1;1;1;1;;;+11311148;+2824549;0;1
506;16;1638;P;1;10;;2001;2071;;4;;1634;;1;1;1;1;1;1;;;+11311145;+2825115;0;1
506;16;1639;P;1;11;;2001;1817;;4;;1634;;1;1;1;1;1;1;;;+11311140;+2825453;0;1
506;16;1640;P;1;12;;2001;1379;;4;;1634;;1;1;1;1;1;1;;;+11311135;+2825734;0;1
506;16;1728;P;1;12;;2002;2070;;4;;1727;;1;1;1;1;1;1;;;+11311875;+2822706;0;1
506;16;1729;P;1;12;;2002;1896;;4;;1727;;1;1;1;1;1;1;;;+11311783;+2823647;1731;1
506;16;1731;P;1;10;;2002;1701;;4;;1730;;1;1;1;1;1;1;;;+11311789;+2823710;1729;1
506;16;1732;P;1;10;;2002;2765;;4;;1730;;1;1;1;1;1;1;;;+11311783;+2824136;0;1
506;16;1733;P;1;10;;2002;1823;;4;;1730;;1;1;1;1;1;1;;;+11311782;+2824548;0;1
506;16;1734;P;1;10;;2002;2071;;4;;1730;;1;1;1;1;1;1;;;+11311778;+2825107;0;1
506;16;1735;P;1;11;;2002;1817;;4;;1730;;1;1;1;1;1;1;;;+11311772;+2825437;0;1
506;16;1736;P;1;10;;2002;1379;;4;;1730;;1;1;1;1;1;1;;;+11311787;+2825760;0;1
506;16;1721;P;1;12;;1842;2765;;4;;;1720;1;1;1;1;1;1;;;+11309684;+2824158;0;1
506;16;1722;P;1;10;;1842;1823;;4;;;1720;1;1;1;1;1;1;;;+11309689;+2824557;0;1
506;16;1723;P;1;10;;1842;2071;;4;;;1720;1;1;1;1;1;1;;;+11309682;+2825185;0;1
506;16;1724;P;1;11;;1842;1817;;4;;;1720;1;1;1;1;1;1;;;+11309675;+2825478;0;1
506;16;1725;P;1;12;;1842;1379;;4;;;1720;1;1;1;1;1;1;;;+11309680;+2825671;0;1
506;16;1658;P;3;37;;2077;2796;;4;;;1657;1;1;1;1;1;1;;;+11314105;+2820232;0;0
506;16;1659;P;1;10;;2077;1387;;4;;;1657;1;1;1;1;1;1;;;+11313774;+2821902;0;1
506;16;1660;P;1;10;;2077;2070;;4;;;1657;1;1;1;1;1;1;;;+11313766;+2822742;0;1
506;16;1661;P;1;12;;2077;2073;;4;;;1657;1;1;1;1;1;1;;;+11313763;+2823371;0;1
506;16;1382;P;1;11;;1695;1470;;4;;;1211;1;1;1;1;1;1;;;+11310271;+2821009;0;1
506;16;1212;P;1;10;;1695;1513;;4;;;1211;1;1;1;1;1;1;;;+11310334;+2821823;0;1
506;16;1213;P;1;10;;1695;1700;;4;;;1211;1;1;1;1;1;1;;;+11310330;+2822537;0;1
506;16;1214;P;1;7;;1695;1953;;4;;;1211;1;1;1;1;1;1;;;+11310289;+2823454;0;1
506;16;1215;P;1;10;;1695;1823;;4;;;1211;1;1;1;1;1;1;;;+11310276;+2824552;0;1
506;16;1216;P;1;11;;1695;1817;;4;;;1211;1;1;1;1;1;1;;;+11310292;+2825477;0;1
506;16;1217;P;1;10;;1695;1379;;4;;;1211;1;1;1;1;1;1;;;+11310296;+2825728;0;1
506;16;1578;P;1;10;;2769;1974;;4;;;1577;1;1;1;1;1;1;;;+11302135;+2812356;0;1
506;16;1579;P;1;12;;2769;1443;;4;;;1577;1;1;1;1;1;1;;;+11301649;+2813684;0;1
506;16;1918;P;1;12;;2812;2769;;4;;;1580;1;1;1;1;1;1;;;+11302023;+2813025;0;1
506;16;1581;P;1;12;;2812;1641;;4;;;1580;1;1;1;1;1;1;;;+11303067;+2813115;0;1
506;16;1582;P;1;10;;2812;1973;;4;;;1580;1;1;1;1;1;1;;;+11303629;+2813122;0;1
506;16;1120;P;1;11;;1669;1411;;4;;;1119;1;1;1;1;1;1;;;+11299504;+2822970;0;1
506;16;1121;P;1;10;;1669;1549;;4;;;1119;1;1;1;1;1;1;;;+11299537;+2823722;0;1
506;16;1410;P;1;10;;1669;1856;;4;;;1119;1;1;1;1;1;1;;;+11299542;+2823872;0;1
506;16;1901;P;1;10;;1515;1961;;4;;;733;1;1;1;1;1;1;;;+11290340;+2822485;0;1
506;16;730;P;1;10;;1515;1372;;4;;;733;1;1;1;1;1;1;;;+11290693;+2823040;0;1
506;16;731;P;1;10;;1515;2721;;4;;;733;1;1;1;1;1;1;;;+11291973;+2823045;0;1
506;16;734;P;1;10;;1515;1507;;4;;;733;1;1;1;1;1;1;;;+11293413;+2823060;0;1
506;16;735;P;1;10;;1515;1406;;4;;;733;1;1;1;1;1;1;;;+11294204;+2823101;0;1
506;16;736;P;1;10;;1515;1508;;4;;;733;1;1;1;1;1;1;;;+11295246;+2823060;0;1
506;16;737;P;1;12;;1515;1544;;4;;;733;1;1;1;1;1;1;;;+11295576;+2823181;0;1
506;16;1428;P;1;10;;1434;1979;;4;;;568;1;1;1;1;1;1;;;+11300136;+2801784;0;0
506;16;856;P;1;10;;1434;1978;;4;;;568;1;1;1;1;1;1;;;+11299443;+2805707;0;1
506;16;569;P;1;10;;1434;1380;;4;;;568;1;1;1;1;1;1;;;+11298971;+2807379;0;1
506;16;780;P;1;10;;1434;1438;;4;;;568;1;1;1;1;1;1;;;+11298830;+2809927;0;1
506;16;570;P;1;10;;1434;1437;;4;;;568;1;1;1;1;1;1;;;+11298743;+2811227;0;1
506;16;571;P;1;10;;1434;1495;;4;;;568;1;1;1;1;1;1;;;+11298681;+2812443;0;1
506;16;572;P;1;7;;1434;1430;;4;;;568;1;1;1;1;1;1;;;+11298622;+2814436;0;1
506;16;574;P;1;7;;1410;1430;;4;;;573;1;1;1;1;1;1;;;+11298622;+2814436;0;1
506;16;575;P;1;10;;1410;1496;;4;;;573;1;1;1;1;1;1;;;+11298383;+2815674;0;1
506;16;1415;P;1;10;;1410;1812;;4;;;573;1;1;1;1;1;1;;;+11298628;+2816349;0;1
506;16;576;P;1;6;;1410;1497;;4;;;573;1;1;1;1;1;1;;;+11298527;+2817233;0;1
506;16;577;P;1;10;;1410;1498;;4;;;573;1;1;1;1;1;1;;;+11298654;+2818246;0;1
506;16;578;P;1;10;;1410;1493;;4;;;573;1;1;1;1;1;1;;;+11298681;+2818585;0;1
506;16;810;P;1;6;;1410;1464;;4;;;573;1;1;1;1;1;1;;;+11298621;+2819505;0;1
506;16;579;P;1;10;;1410;1446;;4;;;573;1;1;1;1;1;1;;;+11298606;+2820358;0;1
506;16;1416;P;1;10;;1410;1539;;4;;;573;1;1;1;1;1;1;;;+11298664;+2821327;0;1
506;16;580;P;1;7;;1410;1409;;4;;;573;1;1;1;1;1;1;;;+11298827;+2822879;0;1
506;16;1160;P;1;10;;1689;1885;;4;;;1159;1;1;1;1;1;1;;;+11303405;+2825298;0;1
506;16;1161;P;1;10;;1689;1414;;4;;;1159;1;1;1;1;1;1;;;+11304834;+2825018;0;1
506;16;1162;P;1;10;;1689;1690;;4;;;1159;1;1;1;1;1;1;;;+11305908;+2824570;0;1
506;16;1916;P;1;12;;2811;1552;;4;;;1915;1;1;1;1;1;1;;;+11295887;+2825233;0;1
506;16;1917;P;1;10;;2811;1805;;4;;;1915;1;1;1;1;1;1;;;+11298282;+2825472;0;1
506;16;629;P;1;10;;1500;1499;;4;;;628;1;1;1;1;1;1;;;+11298886;+2825112;0;1
506;16;630;P;1;10;;1500;1413;;4;;;628;1;1;1;1;1;1;;;+11301840;+2825190;0;1
506;16;1157;P;1;10;;1687;1413;;4;;;1156;1;1;1;1;1;1;;;+11301840;+2825190;0;1
506;16;1158;P;1;10;;1687;1885;;4;;;1156;1;1;1;1;1;1;;;+11303405;+2825298;0;1
506;16;852;P;1;10;;1541;1579;;4;;;851;1;1;1;1;1;1;;;+11294401;+2817007;0;1
506;16;853;P;1;10;;1541;1431;;4;;;851;1;1;1;1;1;1;;;+11295381;+2816344;0;1
506;16;958;P;1;12;;1624;1530;;4;;;957;1;1;1;1;1;1;;;+11301084;+2818318;0;1
506;16;959;P;1;10;;1624;1493;;4;;;957;1;1;1;1;1;1;;;+11300691;+2818510;0;1
506;16;1285;P;1;12;;1660;1665;;4;;;1284;1;1;1;1;1;1;;;+11302371;+2820450;0;1
506;16;1286;P;1;10;;1660;1659;;4;;;1284;1;1;1;1;1;1;;;+11302610;+2820439;0;1
506;16;1287;P;1;10;;1660;1973;;4;;;1284;1;1;1;1;1;1;;;+11303101;+2820425;0;1
506;16;1290;P;1;10;;1660;1661;;4;;;1284;1;1;1;1;1;1;;;+11303513;+2820411;0;1
506;16;1293;P;1;10;;1660;2000;;4;;;1284;1;1;1;1;1;1;;;+11304122;+2820384;0;1
506;16;1389;P;1;10;;1824;1467;;4;;;1388;1;1;1;1;1;1;;;+11303900;+2819796;0;1
506;16;1390;P;1;10;;1824;1660;;4;;;1388;1;1;1;1;1;1;;;+11303914;+2820390;0;1
506;16;1063;P;1;10;;1999;1642;;4;;;1062;1;1;1;1;1;1;;;+11303351;+2814922;0;1
506;16;1064;P;1;10;;1999;1436;;4;;;1062;1;1;1;1;1;1;;;+11303821;+2815766;0;1
506;16;1065;P;1;10;;1999;1998;;4;;;1062;1;1;1;1;1;1;;;+11303833;+2816336;0;1
506;16;1066;P;1;12;;1999;1484;;4;;;1062;1;1;1;1;1;1;;;+11303847;+2816943;0;1
506;16;1068;P;1;12;;2004;1652;;4;;;1067;1;1;1;1;1;1;;;+11303849;+2817628;0;1
506;16;1069;P;1;10;;2004;1485;;4;;;1067;1;1;1;1;1;1;;;+11303873;+2818423;0;1
506;16;1070;P;1;10;;2004;1486;;4;;;1067;1;1;1;1;1;1;;;+11303895;+2819142;0;1
506;16;1071;P;1;10;;2004;1467;;4;;;1067;1;1;1;1;1;1;;;+11303900;+2819796;0;1
506;16;1779;P;1;10;;2763;1503;;4;;;1777;1;1;1;1;1;1;;;+11292780;+2823620;0;1
506;16;1780;P;1;10;;2763;2764;;4;;;1777;1;1;1;1;1;1;;;+11292784;+2824071;0;1
506;16;1778;P;1;10;;2770;1515;;4;;;1896;1;1;1;1;1;1;;;+11292768;+2823011;0;1
506;16;1897;P;1;10;;2770;1503;;4;;;1896;1;1;1;1;1;1;;;+11292780;+2823620;0;1
506;16;632;P;1;12;;1406;1403;;4;;;631;1;1;1;1;1;1;;;+11294211;+2822566;0;1
506;16;633;P;1;10;;1406;1515;;4;;;631;1;1;1;1;1;1;;;+11294204;+2823101;0;1
506;16;634;P;1;10;;1406;1503;;4;;;631;1;1;1;1;1;1;;;+11294193;+2823504;0;1
506;16;635;P;1;10;;1406;2725;;4;;;631;1;1;1;1;1;1;;;+11294186;+2824087;0;1
506;16;1034;P;1;12;;1641;1974;;4;;;1032;1;1;1;1;1;1;;;+11303029;+2812531;0;1
506;16;1035;P;1;10;;1641;1443;;4;;;1032;1;1;1;1;1;1;;;+11302938;+2813757;0;1
506;16;1036;P;1;10;;1641;1642;;4;;;1032;1;1;1;1;1;1;;;+11302496;+2814615;0;1
506;16;1148;P;1;10;;1503;2721;;4;;;593;1;1;1;1;1;1;;;+11292220;+2823741;0;1
506;16;594;P;1;10;;1503;2770;;4;;;593;1;1;1;1;1;1;;;+11292780;+2823620;0;1
506;16;595;P;1;10;;1503;1507;;4;;;593;1;1;1;1;1;1;;;+11293401;+2823497;0;1
506;16;596;P;1;10;;1503;1406;;4;;;593;1;1;1;1;1;1;;;+11294193;+2823504;0;1
506;16;597;P;1;10;;1503;1508;;4;;;593;1;1;1;1;1;1;;;+11295176;+2823704;0;1
506;16;598;P;1;10;;1503;1552;;4;;;593;1;1;1;1;1;1;;;+11295950;+2823813;0;1
506;16;1457;P;1;10;;1503;1808;;4;;;593;1;1;1;1;1;1;;;+11296262;+2823813;0;1
506;16;615;P;1;12;;1486;1413;;4;;;614;1;1;1;1;1;1;;;+11301867;+2819174;0;1
506;16;616;P;1;10;;1486;1973;;4;;;614;1;1;1;1;1;1;;;+11303051;+2819156;0;1
506;16;617;P;1;10;;1486;2000;;4;;;614;1;1;1;1;1;1;;;+11304720;+2819143;0;1
506;16;836;P;1;10;;1590;1592;;4;;;835;1;1;1;1;1;1;;;+11293723;+2814768;0;1
506;16;837;P;1;10;;1590;1540;;4;;;835;1;1;1;1;1;1;;;+11293734;+2815141;0;1
506;16;838;P;1;10;;1590;1589;;4;;;835;1;1;1;1;1;1;;;+11293774;+2815495;0;1
506;16;1585;P;1;10;;2733;1444;;4;;;1583;1;1;1;1;1;1;;;+11306157;+2814057;0;1
506;16;1586;P;1;10;;2733;1377;;4;;;1583;1;1;1;1;1;1;;;+11306203;+2816909;0;1
506;16;1501;P;1;10;;2015;2750;;4;;;1500;1;1;1;1;1;1;;;+11298547;+2807022;0;1
506;16;1502;P;1;10;;2015;1434;;4;;;1500;1;1;1;1;1;1;;;+11299002;+2806920;0;1
506;16;1506;P;1;10;;2015;1488;;4;;;1500;1;1;1;1;1;1;;;+11301343;+2807405;0;1
506;16;1458;P;1;10;;1963;1488;;4;;;1392;1;1;1;1;1;1;;;+11301227;+2808027;0;1
506;16;1459;P;1;10;;1963;1599;;4;;;1392;1;1;1;1;1;1;;;+11302297;+2807983;0;1
506;16;1393;P;1;10;;1963;1978;;4;;;1392;1;1;1;1;1;1;;;+11303585;+2808204;0;1
506;16;1394;P;1;10;;1963;1962;;4;;;1392;1;1;1;1;1;1;;;+11303884;+2808237;0;1
506;16;1395;P;3;37;;1963;2797;;4;;;1392;1;1;1;1;1;1;;;+11304971;+2808694;0;1
506;16;1138;P;1;10;;1984;1400;;4;;;1137;1;1;1;1;1;1;;;+11288220;+2826272;0;0
506;16;1139;P;1;10;;1984;1985;;4;;;1137;1;1;1;1;1;1;;;+11290335;+2828017;0;0
506;16;1140;P;1;10;;1984;1523;;4;;;1137;1;1;1;1;1;1;;;+11290517;+2829373;0;0
506;16;938;P;1;12;;1609;1607;;4;;;937;1;1;1;1;1;1;;;+11298256;+2816583;0;1
506;16;939;P;1;10;;1609;1410;;4;;;937;1;1;1;1;1;1;;;+11298548;+2816014;0;1
506;16;940;P;1;10;;1609;1490;;4;;;937;1;1;1;1;1;1;;;+11299433;+2816243;0;1
506;16;996;P;1;8;;1637;1633;;4;;;995;1;1;1;1;1;1;;;+11297604;+2820047;0;1
506;16;997;P;1;10;;1637;1446;;4;;;995;1;1;1;1;1;1;;;+11297606;+2820494;0;1
506;16;976;P;1;8;;1528;1497;;4;;;975;1;1;1;1;1;1;;;+11297540;+2817884;0;1
506;16;977;P;1;10;;1528;1529;;4;;;975;1;1;1;1;1;1;;;+11297618;+2818361;0;1
506;16;992;P;1;10;;1636;1631;;4;;;991;1;1;1;1;1;1;;;+11297640;+2819158;0;1
506;16;993;P;1;10;;1636;1464;;4;;;991;1;1;1;1;1;1;;;+11297639;+2819539;0;1
506;16;994;P;1;8;;1636;1633;;4;;;991;1;1;1;1;1;1;;;+11297604;+2820047;0;1
506;16;1460;P;1;10;;1488;1978;;4;;;864;1;1;1;1;1;1;;;+11301730;+2806364;0;1
506;16;865;P;1;10;;1488;2015;;4;;;864;1;1;1;1;1;1;;;+11301343;+2807405;0;1
506;16;866;P;1;10;;1488;1397;;4;;;864;1;1;1;1;1;1;;;+11301250;+2809479;0;1
506;16;1365;P;1;11;;1667;2771;;4;;;1364;1;1;1;1;1;1;;;+11301113;+2821192;0;1
506;16;1366;P;1;10;;1667;1413;;4;;;1364;1;1;1;1;1;1;;;+11301971;+2821275;0;1
506;16;1899;P;1;10;;2772;1413;;4;;;1898;1;1;1;1;1;1;;;+11301971;+2821275;0;1
506;16;1367;P;1;12;;2772;1665;;4;;;1898;1;1;1;1;1;1;;;+11302398;+2821276;0;1
506;16;1368;P;1;10;;2772;1558;;4;;;1898;1;1;1;1;1;1;;;+11302636;+2821281;0;1
506;16;1369;P;1;10;;2772;1973;;4;;;1898;1;1;1;1;1;1;;;+11303124;+2821279;0;1
506;16;80;P;1;3;;1575;1484;;4;;;79;1;1;1;1;1;1;;;+11304990;+2816905;0;1
506;16;90;P;1;1;;1575;2732;;4;;;79;1;1;1;1;1;1;;;+11305377;+2816890;0;1
506;16;91;P;1;3;;1575;2733;;4;;;79;1;1;1;1;1;1;;;+11306701;+2816928;0;1
506;16;81;P;1;3;;1575;1390;;4;;;79;1;1;1;1;1;1;;;+11313788;+2818040;0;0
506;16;101;P;1;1;;1575;1948;;4;;;79;1;1;1;1;1;1;;;+11316270;+2818394;0;0
506;16;107;P;1;12;;1575;2103;;4;;;79;1;1;1;1;1;1;;;+11321178;+2818554;0;0
506;16;1655;P;1;3;;2076;1377;;4;;;1654;1;1;1;1;1;1;;;+11313532;+2817673;0;0
506;16;1656;P;1;8;;2076;1387;;4;;;1654;1;1;1;1;1;1;;;+11312336;+2821520;0;1
506;16;1092;P;3;37;;1661;2798;;4;;;1091;1;1;1;1;1;1;;;+11303441;+2818054;0;1
506;16;1093;P;1;10;;1661;1485;;4;;;1091;1;1;1;1;1;1;;;+11303441;+2818422;0;1
506;16;1094;P;1;10;;1661;1486;;4;;;1091;1;1;1;1;1;1;;;+11303465;+2819146;0;1
506;16;1096;P;1;10;;1661;1467;;4;;;1091;1;1;1;1;1;1;;;+11303489;+2819793;0;1
506;16;1097;P;1;10;;1661;1660;;4;;;1091;1;1;1;1;1;1;;;+11303513;+2820411;0;1
506;16;1098;P;1;10;;1661;1547;;4;;;1091;1;1;1;1;1;1;;;+11303539;+2820908;0;1
506;16;1790;P;1;12;;2098;1961;;4;;;1789;1;1;1;1;1;1;;;+11288255;+2822585;0;1
506;16;1791;P;1;10;;2098;2099;;4;;;1789;1;1;1;1;1;1;;;+11288517;+2823644;0;1
506;16;1792;P;1;10;;2098;1400;;4;;;1789;1;1;1;1;1;1;;;+11289032;+2824670;0;1
506;16;1272;P;1;10;;1638;1613;;4;;1271;;1;1;1;1;1;1;;;+11298417;+2818668;0;1
506;16;1273;P;1;10;;1638;1631;;4;;1271;;1;1;1;1;1;1;;;+11298667;+2819067;0;1
506;16;1274;P;1;12;;1638;2019;;4;;1271;;1;1;1;1;1;1;;;+11298473;+2819499;1276;1
506;16;1276;P;1;12;;1638;2020;;4;;1275;;1;1;1;1;1;1;;;+11298429;+2819514;1274;1
506;16;1277;P;1;10;;1638;1633;;4;;1275;;1;1;1;1;1;1;;;+11298427;+2819835;0;1
506;16;1278;P;1;12;;1638;1410;;4;;1275;;1;1;1;1;1;1;;;+11298579;+2820157;0;1
506;16;1007;P;1;10;;1546;1465;;4;;;1006;1;1;1;1;1;1;;;+11299677;+2819081;0;1
506;16;1008;P;1;10;;1546;1623;;4;;;1006;1;1;1;1;1;1;;;+11300159;+2819064;0;1
506;16;1009;P;1;10;;1546;1625;;4;;;1006;1;1;1;1;1;1;;;+11300695;+2819067;0;1
506;16;1010;P;1;10;;1546;1466;;4;;;1006;1;1;1;1;1;1;;;+11301088;+2819066;0;1
506;16;999;P;1;10;;1631;1447;;4;;;998;1;1;1;1;1;1;;;+11296872;+2819215;0;1
506;16;1000;P;1;10;;1631;1636;;4;;;998;1;1;1;1;1;1;;;+11297640;+2819158;0;1
506;16;1001;P;1;10;;1631;1630;;4;;;998;1;1;1;1;1;1;;;+11298083;+2819136;0;1
506;16;1002;P;1;7;;1631;1410;;4;;;998;1;1;1;1;1;1;;;+11298745;+2819077;0;1
506;16;1004;P;1;7;;1612;1410;;4;;;1003;1;1;1;1;1;1;;;+11298745;+2819077;0;1
506;16;1005;P;1;10;;1612;1465;;4;;;1003;1;1;1;1;1;1;;;+11299677;+2819081;0;1
506;16;1508;P;1;10;;1599;1978;;4;;;1507;1;1;1;1;1;1;;;+11302570;+2806662;0;1
506;16;1509;P;1;10;;1599;1995;;4;;;1507;1;1;1;1;1;1;;;+11302301;+2807552;0;1
506;16;1510;P;1;10;;1599;1963;;4;;;1507;1;1;1;1;1;1;;;+11302297;+2807983;0;1
506;16;1511;P;1;12;;1599;1483;;4;;;1507;1;1;1;1;1;1;;;+11302368;+2809620;0;1
506;16;1615;P;1;11;;1964;1988;;4;;;1614;1;1;1;1;1;1;;;+11294138;+2833747;0;0
506;16;1616;P;1;10;;1964;1987;;4;;;1614;1;1;1;1;1;1;;;+11294873;+2832913;0;0
506;16;1617;P;1;3;;1964;1962;;4;;;1614;1;1;1;1;1;1;;;+11295171;+2832598;0;0
506;16;646;P;1;11;;1507;1403;;4;;;644;1;1;1;1;1;1;;;+11293423;+2822547;0;1
506;16;647;P;1;10;;1507;1515;;4;;;644;1;1;1;1;1;1;;;+11293413;+2823060;0;1
506;16;648;P;1;10;;1507;1503;;4;;;644;1;1;1;1;1;1;;;+11293401;+2823497;0;1
506;16;601;P;1;10;;1507;1404;;4;;;644;1;1;1;1;1;1;;;+11293131;+2825078;0;1
506;16;650;P;1;10;;1507;1508;;4;;;644;1;1;1;1;1;1;;;+11292312;+2827931;0;0
506;16;651;P;1;10;;1507;1523;;4;;;644;1;1;1;1;1;1;;;+11291656;+2829507;0;0
506;16;1147;P;1;10;;1507;1372;;4;;;644;1;1;1;1;1;1;;;+11287081;+2831442;0;0
506;16;1328;P;1;7;;1517;2721;;4;;;636;1;1;1;1;1;1;;;+11291640;+2819972;0;1
506;16;638;P;1;10;;1517;1460;;4;;;636;1;1;1;1;1;1;;;+11292941;+2820519;0;1
506;16;640;P;1;10;;1405;1460;;4;;;639;1;1;1;1;1;1;;;+11292941;+2820519;0;1
506;16;641;P;1;10;;1405;1519;;4;;;639;1;1;1;1;1;1;;;+11293457;+2821775;0;1
506;16;642;P;1;11;;1405;1403;;4;;;639;1;1;1;1;1;1;;;+11293423;+2822547;0;1
506;16;1227;P;1;8;;1690;1411;;4;;;1226;1;1;1;1;1;1;;;+11305874;+2823028;0;1
506;16;1228;P;1;12;;1690;2018;;4;;;1226;1;1;1;1;1;1;;;+11305923;+2823756;0;1
506;16;1229;P;1;10;;1690;1487;;4;;;1226;1;1;1;1;1;1;;;+11305908;+2824570;0;1
506;16;1464;P;1;10;;1690;1711;;4;;;1226;1;1;1;1;1;1;;;+11305822;+2825561;0;1
506;16;828;P;1;12;;1540;2721;;4;;;827;1;1;1;1;1;1;;;+11293216;+2815141;0;1
506;16;829;P;1;10;;1540;1590;;4;;;827;1;1;1;1;1;1;;;+11293734;+2815141;0;1
506;16;830;P;1;10;;1540;1431;;4;;;827;1;1;1;1;1;1;;;+11295142;+2815209;0;1
506;16;60;P;1;1;;1863;1947;;4;;;59;1;1;1;1;1;1;;;+11303741;+2793032;0;0
506;16;61;P;3;3;;1863;1375;;4;;;59;1;1;1;1;1;1;;;+11304379;+2796655;0;0
506;16;62;P;1;1;;1863;2742;;4;;;59;1;1;1;1;1;1;;;+11306117;+2809223;0;1
506;16;63;P;3;3;;1863;2743;;4;;;59;1;1;1;1;1;1;;;+11305186;+2815430;0;1
506;16;93;P;1;1;;1863;2744;;4;;;59;1;1;1;1;1;1;;;+11304981;+2816631;0;1
506;16;65;P;1;1;;1863;2745;;4;;;59;1;1;1;1;1;1;;;+11306937;+2823090;0;1
506;16;66;P;1;3;;1863;2746;;4;;;59;1;1;1;1;1;1;;;+11307396;+2826748;0;1
506;16;67;P;1;1;;1863;2741;;4;;;59;1;1;1;1;1;1;;;+11309038;+2831087;0;0
506;16;68;P;3;8;;1863;1381;;4;;;59;1;1;1;1;1;1;;;+11315958;+2840980;0;0
506;16;69;P;1;3;;1863;1775;;4;;;59;1;1;1;1;1;1;;;+11319485;+2845797;0;0
506;16;70;P;1;3;;1863;1864;;4;;;59;1;1;1;1;1;1;;;+11324543;+2858235;0;0
506;16;71;P;3;3;;1863;1384;;4;;;59;1;1;1;1;1;1;;;+11326559;+2864424;0;0
506;16;72;P;1;3;;1863;1385;;4;;;59;1;1;1;1;1;1;;;+11325188;+2877698;0;0
506;16;12058;P;3;3;;1305;1343;;6;;;12051;1;1;1;1;1;1;;;+11296397;+2532027;0;0
506;16;12059;P;1;3;;1305;1344;;6;;;12051;1;1;1;1;1;1;;;+11296744;+2539550;0;0
506;16;12060;P;3;3;;1305;1345;;6;;;12051;1;1;1;1;1;1;;;+11297524;+2544151;0;0
506;16;12061;P;1;3;;1305;1346;;6;;;12051;1;1;1;1;1;1;;;+11303488;+2560340;0;0
506;16;12052;P;3;3;;1305;1306;;6;;;12051;1;1;1;1;1;1;;;+11304248;+2563681;0;0
506;16;12053;P;1;3;;1305;1307;;6;;;12051;1;1;1;1;1;1;;;+11306759;+2577583;0;0
506;16;12054;P;1;3;;1305;1308;;6;;;12051;1;1;1;1;1;1;;;+11305400;+2595988;0;0
506;16;12055;P;1;3;;1305;1309;;6;;;12051;1;1;1;1;1;1;;;+11301244;+2603721;0;0
506;16;12056;P;3;3;;1305;1310;;6;;;12051;1;1;1;1;1;1;;;+11294513;+2608903;0;0
506;16;12057;P;1;3;;1305;1311;;6;;;12051;1;1;1;1;1;1;;;+11292498;+2610894;0;0
506;16;18052;P;1;3;;1313;1311;;7;;;18051;1;1;1;1;1;1;;;+11292498;+2610894;0;0
506;16;18053;P;1;3;;1313;1380;;7;;;18051;1;1;1;1;1;1;;;+11287877;+2621216;0;0
506;16;18054;P;1;3;;1313;1300;;7;;;18051;1;1;1;1;1;1;;;+11290058;+2643607;0;0
506;16;18055;P;3;3;;1313;1314;;7;;;18051;1;1;1;1;1;1;;;+11290589;+2648862;0;0
506;16;18056;P;1;3;;1313;1315;;7;;;18051;1;1;1;1;1;1;;;+11293850;+2660540;0;0
506;16;18057;P;3;3;;1313;1316;;7;;;18051;1;1;1;1;1;1;;;+11289725;+2668811;0;0
506;16;18058;P;1;3;;1313;1317;;7;;;18051;1;1;1;1;1;1;;;+11287754;+2673118;0;0
506;16;18059;P;1;1;;1313;1318;;7;;;18051;1;1;1;1;1;1;;;+11282567;+2684891;0;0
506;16;18060;P;3;3;;1313;1319;;7;;;18051;1;1;1;1;1;1;;;+11283712;+2695356;0;0
506;16;18061;P;1;1;;1313;1354;;7;;;18051;1;1;1;1;1;1;;;+11283812;+2698764;0;0
506;16;18062;P;1;3;;1313;1321;;7;;;18051;1;1;1;1;1;1;;;+11284162;+2700802;0;0
506;16;18063;P;3;3;;1313;1322;;7;;;18051;1;1;1;1;1;1;;;+11287657;+2714045;0;0
506;16;18064;P;1;3;;1313;1323;;7;;;18051;1;1;1;1;1;1;;;+11288971;+2721127;0;0
506;16;18065;P;1;3;;1313;1324;;7;;;18051;1;1;1;1;1;1;;;+11303103;+2736566;0;0
506;16;30052;P;1;3;;1334;1332;;9;;;30051;1;1;1;1;1;1;;;+11302449;+2785215;0;0
506;16;30053;P;1;1;;1334;1947;;9;;;30051;1;1;1;1;1;1;;;+11303741;+2793032;0;0
506;16;6052;P;1;3;;1294;1385;;5;;;6051;1;1;1;1;1;1;;;+11325188;+2877698;0;0
506;16;6053;P;3;8;;1294;1291;;5;;;6051;1;1;1;1;1;1;;;+11326395;+2889133;0;0
506;16;6054;P;1;3;;1294;1295;;5;;;6051;1;1;1;1;1;1;;;+11327083;+2895900;0;0
506;16;6055;P;3;3;;1294;1296;;5;;;6051;1;1;1;1;1;1;;;+11327020;+2906887;0;0
506;16;6056;P;1;3;;1294;1297;;5;;;6051;1;1;1;1;1;1;;;+11326199;+2910778;0;0
506;16;6057;P;1;3;;1294;1298;;5;;;6051;1;1;1;1;1;1;;;+11328625;+2925267;0;0
506;16;6058;P;3;8;;1294;1299;;5;;;6051;1;1;1;1;1;1;;;+11337192;+2932072;0;0
506;16;6059;P;1;3;;1294;1300;;5;;;6051;1;1;1;1;1;1;;;+11340034;+2933896;0;0
506;16;6060;P;1;3;;1294;1301;;5;;;6051;1;1;1;1;1;1;;;+11344933;+2945773;0;1
506;16;6061;P;3;3;;1294;1302;;5;;;6051;1;1;1;1;1;1;;;+11351198;+2947324;0;0
506;16;6063;P;1;3;;1294;1355;;5;;;6051;1;1;1;1;1;1;;;+11359854;+2952571;0;0
506;16;6064;P;3;3;;1294;1356;;5;;;6051;1;1;1;1;1;1;;;+11368172;+2955771;0;0
506;16;6062;P;1;3;;1294;1303;;5;;;6051;1;1;1;1;1;1;;;+11371410;+2961843;0;0
506;16;24052;P;1;3;;1326;1324;;8;;;24051;1;1;1;1;1;1;;;+11303103;+2736566;0;0
506;16;24053;P;3;3;;1326;1327;;8;;;24051;1;1;1;1;1;1;;;+11303386;+2740053;0;0
506;16;24054;P;1;3;;1326;1328;;8;;;24051;1;1;1;1;1;1;;;+11303654;+2750012;0;0
506;16;24055;P;1;3;;1326;1329;;8;;;24051;1;1;1;1;1;1;;;+11304574;+2766409;0;0
506;16;24056;P;3;3;;1326;1330;;8;;;24051;1;1;1;1;1;1;;;+11304181;+2770113;0;0
506;16;24057;P;1;3;;1326;1331;;8;;;24051;1;1;1;1;1;1;;;+11305501;+2780882;0;0
506;16;24058;P;1;3;;1326;1332;;8;;;24051;1;1;1;1;1;1;;;+11302449;+2785215;0;0
506;16;1041;P;1;10;;1974;1397;;4;;;1040;1;1;1;1;1;1;;;+11300610;+2812423;0;1
506;16;1042;P;1;12;;1974;1641;;4;;;1040;1;1;1;1;1;1;;;+11303029;+2812531;0;1
506;16;922;P;1;10;;1614;1612;;4;;921;;1;1;1;1;1;1;;;+11298911;+2819089;0;1
506;16;923;P;1;12;;1614;2019;;4;;921;;1;1;1;1;1;1;;;+11298873;+2819483;925;1
506;16;925;P;1;12;;1614;2020;;4;;924;;1;1;1;1;1;1;;;+11298870;+2819496;923;1
506;16;926;P;1;10;;1614;1494;;4;;924;;1;1;1;1;1;1;;;+11298828;+2819812;0;1
506;16;1354;P;1;12;;1811;1430;;4;;;1353;1;1;1;1;1;1;;;+11299618;+2814744;0;1
506;16;1355;P;1;12;;1811;1622;;4;;;1353;1;1;1;1;1;1;;;+11300625;+2815221;0;1
506;16;1356;P;1;12;;1811;1491;;4;;;1353;1;1;1;1;1;1;;;+11300557;+2815575;0;1
506;16;1466;P;1;10;;1823;1694;;4;;;1465;1;1;1;1;1;1;;;+11308572;+2824569;0;1
506;16;1171;P;1;10;;1823;1695;;4;;;1465;1;1;1;1;1;1;;;+11310276;+2824552;0;1
506;16;1467;P;1;10;;1823;2001;;4;;;1465;1;1;1;1;1;1;;;+11311148;+2824549;0;1
506;16;1468;P;1;10;;1823;2002;;4;;;1465;1;1;1;1;1;1;;;+11311782;+2824548;0;1
506;16;1469;P;1;10;;1823;1989;;4;;;1465;1;1;1;1;1;1;;;+11312311;+2824547;0;1
506;16;1172;P;1;10;;1823;2021;;4;;;1465;1;1;1;1;1;1;;;+11317335;+2825094;0;0
506;16;1164;P;1;10;;1487;1690;;4;;;1163;1;1;1;1;1;1;;;+11305908;+2824570;0;1
506;16;1165;P;1;11;;1487;1691;;4;;;1163;1;1;1;1;1;1;;;+11307214;+2824579;0;1
506;16;1167;P;1;11;;1514;1691;;4;;;1166;1;1;1;1;1;1;;;+11307214;+2824579;0;1
506;16;1168;P;1;10;;1514;1469;;4;;;1166;1;1;1;1;1;1;;;+11307443;+2824585;0;1
506;16;1169;P;1;10;;1514;1693;;4;;;1166;1;1;1;1;1;1;;;+11308215;+2824570;0;1
506;16;1170;P;1;10;;1514;1694;;4;;;1166;1;1;1;1;1;1;;;+11308572;+2824569;0;1
506;16;701;P;1;7;;1436;1491;;4;;;700;1;1;1;1;1;1;;;+11301550;+2815588;0;1
506;16;702;P;1;10;;1436;1973;;4;;;700;1;1;1;1;1;1;;;+11302923;+2815752;0;1
506;16;703;P;1;10;;1436;1538;;4;;;700;1;1;1;1;1;1;;;+11304837;+2815774;0;1
506;16;691;P;1;10;;1497;1447;;4;;;690;1;1;1;1;1;1;;;+11296849;+2817941;0;1
506;16;692;P;1;8;;1497;1528;;4;;;690;1;1;1;1;1;1;;;+11297540;+2817884;0;1
506;16;693;P;1;10;;1497;1410;;4;;;690;1;1;1;1;1;1;;;+11298527;+2817233;0;1
506;16;694;P;1;10;;1497;1490;;4;;;690;1;1;1;1;1;1;;;+11299476;+2816932;0;1
506;16;696;P;1;10;;1491;1490;;4;;;695;1;1;1;1;1;1;;;+11299476;+2816932;0;1
506;16;697;P;1;12;;1491;1537;;4;;;695;1;1;1;1;1;1;;;+11300288;+2816267;0;1
506;16;1413;P;1;12;;1491;1811;;4;;;695;1;1;1;1;1;1;;;+11300557;+2815575;0;1
506;16;698;P;1;10;;1491;1530;;4;;;695;1;1;1;1;1;1;;;+11301203;+2815645;0;1
506;16;699;P;1;7;;1491;1430;;4;;;695;1;1;1;1;1;1;;;+11301550;+2815588;0;1
506;16;1663;P;1;10;;2070;1695;;4;;;1662;1;1;1;1;1;1;;;+11310330;+2822537;0;1
506;16;1664;P;1;10;;2070;2001;;4;;;1662;1;1;1;1;1;1;;;+11311165;+2822649;0;1
506;16;1665;P;1;10;;2070;1989;;4;;;1662;1;1;1;1;1;1;;;+11312325;+2822713;0;1
506;16;1666;P;1;10;;2070;2077;;4;;;1662;1;1;1;1;1;1;;;+11313766;+2822742;0;1
506;16;1234;P;1;7;;1704;1469;;4;;;1233;1;1;1;1;1;1;;;+11306626;+2822371;0;1
506;16;1235;P;1;10;;1704;1702;;4;;;1233;1;1;1;1;1;1;;;+11308130;+2822432;0;1
506;16;1236;P;1;10;;1704;1694;;4;;;1233;1;1;1;1;1;1;;;+11308552;+2822449;0;1
506;16;1238;P;1;10;;1700;1694;;4;;;1237;1;1;1;1;1;1;;;+11308552;+2822449;0;1
506;16;1239;P;1;10;;1700;1578;;4;;;1237;1;1;1;1;1;1;;;+11309296;+2822484;0;1
506;16;1240;P;1;10;;1700;1695;;4;;;1237;1;1;1;1;1;1;;;+11310330;+2822537;0;1
506;16;1690;P;1;12;;2765;1694;;4;;;1689;1;1;1;1;1;1;;;+11308576;+2824198;0;1
506;16;1691;P;1;11;;2765;1578;;4;;;1689;1;1;1;1;1;1;;;+11309327;+2824170;0;1
506;16;1692;P;1;12;;2765;1842;;4;;;1689;1;1;1;1;1;1;;;+11309684;+2824158;0;1
506;16;1693;P;1;11;;2765;1695;;4;;;1689;1;1;1;1;1;1;;;+11310273;+2824134;0;1
506;16;1694;P;1;11;;2765;2001;;4;;;1689;1;1;1;1;1;1;;;+11311154;+2824147;0;1
506;16;1695;P;1;10;;2765;2002;;4;;;1689;1;1;1;1;1;1;;;+11311783;+2824136;0;1
506;16;1685;P;1;12;;1822;1469;;4;;;1683;1;1;1;1;1;1;;;+11307445;+2824237;0;1
506;16;1686;P;1;11;;1822;1972;;4;;;1683;1;1;1;1;1;1;;;+11307848;+2824229;0;1
506;16;1687;P;1;10;;1822;1693;;4;;;1683;1;1;1;1;1;1;;;+11308197;+2824224;0;1
506;16;1688;P;1;12;;1822;1694;;4;;;1683;1;1;1;1;1;1;;;+11308562;+2824199;0;1
506;16;1571;P;1;10;;2056;1495;;4;;;1570;1;1;1;1;1;1;;;+11299817;+2812509;0;1
506;16;1572;P;1;10;;2056;1606;;4;;;1570;1;1;1;1;1;1;;;+11299602;+2812731;0;1
506;16;1573;P;1;10;;2056;1434;;4;;;1570;1;1;1;1;1;1;;;+11298738;+2813609;0;1
506;16;1557;P;1;10;;2035;1439;;4;;;1556;1;1;1;1;1;1;;;+11299250;+2811231;0;1
506;16;1558;P;1;10;;2035;2054;;4;;;1556;1;1;1;1;1;1;;;+11299213;+2811457;0;1
506;16;1559;P;1;10;;2035;2055;;4;;;1556;1;1;1;1;1;1;;;+11299150;+2811663;0;1
506;16;1560;P;1;10;;2035;1605;;4;;;1556;1;1;1;1;1;1;;;+11299136;+2812119;0;1
506;16;1561;P;1;10;;2035;1495;;4;;;1556;1;1;1;1;1;1;;;+11299119;+2812462;0;1
506;16;1524;P;1;10;;2049;2027;;4;;;1523;1;1;1;1;1;1;;;+11299351;+2809851;0;1
506;16;1525;P;1;10;;2049;2050;;4;;;1523;1;1;1;1;1;1;;;+11299310;+2810767;0;1
506;16;1526;P;1;10;;2049;1439;;4;;;1523;1;1;1;1;1;1;;;+11299250;+2811231;0;1
506;16;1451;P;1;12;;2000;2004;;4;;;1370;1;1;1;1;1;1;;;+11303849;+2817628;0;1
506;16;1279;P;1;10;;2000;1485;;4;;;1370;1;1;1;1;1;1;;;+11304306;+2818427;0;1
506;16;812;P;1;10;;2000;1486;;4;;;1370;1;1;1;1;1;1;;;+11304720;+2819143;0;1
506;16;813;P;1;10;;2000;1467;;4;;;1370;1;1;1;1;1;1;;;+11304307;+2819843;0;1
506;16;814;P;1;10;;2000;1547;;4;;;1370;1;1;1;1;1;1;;;+11303990;+2820918;0;1
506;16;1280;P;1;10;;2000;1558;;4;;;1370;1;1;1;1;1;1;;;+11302657;+2821784;0;1
506;16;1811;P;1;10;;2000;1413;;4;;;1370;1;1;1;1;1;1;;;+11301975;+2821747;0;1
506;16;1812;P;1;12;;2000;1893;;4;;;1370;1;1;1;1;1;1;;;+11301295;+2821537;0;1
506;16;1813;P;1;10;;2000;1412;;4;;;1370;1;1;1;1;1;1;;;+11300744;+2821758;0;1
506;16;1823;P;1;10;;2720;1764;;4;;;1822;1;1;1;1;1;1;;;+11290879;+2819787;0;1
506;16;1824;P;1;7;;2720;2721;;4;;;1822;1;1;1;1;1;1;;;+11291640;+2819972;0;1
506;16;1907;P;1;10;;2757;1716;;4;;;1906;1;1;1;1;1;1;;;+11306204;+2819097;0;1
506;16;678;P;1;10;;2757;1471;;4;;;1906;1;1;1;1;1;1;;;+11307942;+2819159;0;1
506;16;679;P;1;12;;2757;1390;;4;;;1906;1;1;1;1;1;1;;;+11310661;+2819645;0;1
506;16;1769;P;1;10;;1526;1399;;4;;;1768;1;1;1;1;1;1;;;+11289498;+2820374;0;1
506;16;1770;P;1;10;;1526;2090;;4;;;1768;1;1;1;1;1;1;;;+11289264;+2820725;0;1
506;16;1771;P;1;10;;1526;2766;;4;;;1768;1;1;1;1;1;1;;;+11289143;+2821090;0;1
506;16;1772;P;1;10;;1526;1524;;4;;;1768;1;1;1;1;1;1;;;+11289095;+2821854;0;1
506;16;1773;P;1;10;;1526;1961;;4;;;1768;1;1;1;1;1;1;;;+11289149;+2822556;0;1
506;16;1767;P;1;10;;1764;2720;;4;;;1315;1;1;1;1;1;1;;;+11290879;+2819787;0;1
506;16;1766;P;1;11;;1764;1399;;4;;;1315;1;1;1;1;1;1;;;+11290651;+2820843;0;1
506;16;1765;P;1;11;;1764;2090;;4;;;1315;1;1;1;1;1;1;;;+11290586;+2821160;0;1
506;16;1316;P;1;10;;1764;1524;;4;;;1315;1;1;1;1;1;1;;;+11290447;+2821823;0;1
506;16;1900;P;1;10;;1764;1961;;4;;;1315;1;1;1;1;1;1;;;+11290340;+2822485;0;1
506;16;846;P;1;10;;1593;1542;;4;;;844;1;1;1;1;1;1;;;+11294673;+2817943;0;1
506;16;847;P;1;10;;1593;1461;;4;;;844;1;1;1;1;1;1;;;+11295208;+2819628;0;1
506;16;840;P;1;8;;1579;2721;;4;;;839;1;1;1;1;1;1;;;+11292647;+2816152;0;1
506;16;841;P;1;10;;1579;1589;;4;;;839;1;1;1;1;1;1;;;+11293234;+2816383;0;1
506;16;842;P;1;10;;1579;1541;;4;;;839;1;1;1;1;1;1;;;+11294401;+2817007;0;1
506;16;843;P;1;11;;1579;2774;;4;;;839;1;1;1;1;1;1;;;+11294445;+2817946;0;1
506;16;1902;P;1;10;;1579;1542;;4;;;839;1;1;1;1;1;1;;;+11294673;+2817943;0;1
506;16;816;P;1;10;;2008;1399;;4;;;815;1;1;1;1;1;1;;;+11287073;+2819901;0;1
506;16;817;P;1;10;;2008;1524;;4;;;815;1;1;1;1;1;1;;;+11287207;+2822088;0;1
506;16;1455;P;1;12;;2008;2799;;4;;;815;1;1;1;1;1;1;;;+11287146;+2822739;0;1
506;16;1456;P;1;10;;2008;2767;;4;;;815;1;1;1;1;1;1;;;+11286307;+2823003;0;1
506;16;1749;P;3;37;;2008;2089;;4;;;815;1;1;1;1;1;1;;;+11285750;+2823024;0;0
506;16;1782;P;1;12;;2775;2008;;4;;;1781;1;1;1;1;1;1;;;+11287146;+2822739;0;1
506;16;1783;P;1;10;;2775;1961;;4;;;1781;1;1;1;1;1;1;;;+11287326;+2822849;0;1
506;16;819;P;3;37;;1459;2022;;4;;;818;1;1;1;1;1;1;;;+11289185;+2819130;0;1
506;16;820;P;1;10;;1459;1399;;4;;;818;1;1;1;1;1;1;;;+11288560;+2819869;0;1
506;16;821;P;1;10;;1459;1524;;4;;;818;1;1;1;1;1;1;;;+11288174;+2822014;0;1
506;16;1088;P;1;10;;1659;1467;;4;;;1087;1;1;1;1;1;1;;;+11302586;+2819726;0;1
506;16;1089;P;1;10;;1659;1660;;4;;;1087;1;1;1;1;1;1;;;+11302610;+2820439;0;1
506;16;1078;P;1;10;;1654;2023;;4;;;1077;1;1;1;1;1;1;;;+11302499;+2816644;0;1
506;16;1079;P;1;10;;1654;1484;;4;;;1077;1;1;1;1;1;1;;;+11302499;+2816986;0;1
506;16;1080;P;1;10;;1654;1652;;4;;;1077;1;1;1;1;1;1;;;+11302531;+2817648;0;1
506;16;1081;P;1;11;;1654;2768;;4;;;1077;1;1;1;1;1;1;;;+11302540;+2818004;0;1
506;16;1082;P;1;10;;1654;1485;;4;;;1077;1;1;1;1;1;1;;;+11302551;+2818444;0;1
506;16;1084;P;1;10;;1656;1485;;4;;;1083;1;1;1;1;1;1;;;+11302551;+2818444;0;1
506;16;1085;P;1;10;;1656;1486;;4;;;1083;1;1;1;1;1;1;;;+11302575;+2819157;0;1
506;16;1086;P;1;10;;1656;1467;;4;;;1083;1;1;1;1;1;1;;;+11302586;+2819726;0;1
506;16;1588;P;1;12;;2062;1413;;4;;;1587;1;1;1;1;1;1;;;+11301681;+2817399;0;1
506;16;1589;P;1;11;;2062;1654;;4;;;1587;1;1;1;1;1;1;;;+11302518;+2817386;0;1
506;16;1590;P;1;10;;2062;1973;;4;;;1587;1;1;1;1;1;1;;;+11302993;+2817377;0;1
506;16;1703;P;1;10;;1479;1380;;4;;;1702;1;1;1;1;1;1;;;+11307447;+2826397;0;1
506;16;1704;P;1;12;;1479;2084;;4;;;1702;1;1;1;1;1;1;;;+11307739;+2826385;0;1
506;16;1705;P;1;10;;1479;1379;;4;;;1702;1;1;1;1;1;1;;;+11308103;+2826549;0;1
506;16;1044;P;1;10;;2042;1973;;4;;;1043;1;1;1;1;1;1;;;+11303629;+2813122;0;1
506;16;1045;P;1;12;;2042;1645;;4;;;1043;1;1;1;1;1;1;;;+11304375;+2813045;0;1
506;16;891;P;1;10;;1606;1434;;4;;;889;1;1;1;1;1;1;;;+11298689;+2812748;0;1
506;16;892;P;1;10;;1606;1435;;4;;;889;1;1;1;1;1;1;;;+11300462;+2812811;0;1
506;16;890;P;1;10;;2716;1433;;4;;;1903;1;1;1;1;1;1;;;+11297056;+2813513;0;1
506;16;1904;P;1;10;;2716;2057;;4;;;1903;1;1;1;1;1;1;;;+11297945;+2812990;0;1
506;16;1905;P;1;10;;2716;1434;;4;;;1903;1;1;1;1;1;1;;;+11298689;+2812748;0;1
506;16;437;P;1;3;;1430;2024;;4;;;436;1;1;1;1;1;1;;;+11289367;+2814143;0;1
506;16;438;P;1;7;;1430;2804;;4;;;436;1;1;1;1;1;1;;;+11293166;+2813952;0;1
506;16;439;P;1;6;;1430;1431;;4;;;436;1;1;1;1;1;1;;;+11295086;+2813900;0;1
506;16;440;P;1;6;;1430;1447;;4;;;436;1;1;1;1;1;1;;;+11296180;+2813871;0;1
506;16;441;P;1;6;;1430;1433;;4;;;436;1;1;1;1;1;1;;;+11297228;+2814098;0;1
506;16;442;P;1;6;;1430;1434;;4;;;436;1;1;1;1;1;1;;;+11298622;+2814436;0;1
506;16;443;P;1;6;;1430;1490;;4;;;436;1;1;1;1;1;1;;;+11299389;+2814726;0;1
506;16;444;P;1;6;;1430;1436;;4;;;436;1;1;1;1;1;1;;;+11301550;+2815588;0;1
506;16;899;P;1;10;;1607;1447;;4;;;898;1;1;1;1;1;1;;;+11296644;+2816515;0;1
506;16;900;P;1;10;;1607;1608;;4;;;898;1;1;1;1;1;1;;;+11297074;+2816489;0;1
506;16;901;P;1;12;;1607;1609;;4;;;898;1;1;1;1;1;1;;;+11298257;+2816590;0;1
506;16;902;P;1;10;;1607;1410;;4;;;898;1;1;1;1;1;1;;;+11298563;+2816600;0;1
506;16;1849;P;1;10;;1896;2080;;4;;;1848;1;1;1;1;1;1;;;+11307751;+2822979;0;1
506;16;1850;P;1;10;;1896;1702;;4;;;1848;1;1;1;1;1;1;;;+11308154;+2823041;0;1
506;16;1851;P;1;10;;1896;1694;;4;;;1848;1;1;1;1;1;1;;;+11308560;+2823108;0;1
506;16;1852;P;1;10;;1896;1578;;4;;;1848;1;1;1;1;1;1;;;+11309315;+2823242;0;1
506;16;1853;P;1;6;;1896;1695;;4;;;1848;1;1;1;1;1;1;;;+11310291;+2823422;0;1
506;16;1854;P;1;10;;1896;2001;;4;;;1848;1;1;1;1;1;1;;;+11311157;+2823572;0;1
506;16;1855;P;1;12;;1896;2002;;4;;;1848;1;1;1;1;1;1;;;+11311783;+2823647;0;1
506;16;849;P;1;10;;1542;1593;;4;;;848;1;1;1;1;1;1;;;+11294673;+2817943;0;1
506;16;850;P;1;10;;1542;1431;;4;;;848;1;1;1;1;1;1;;;+11295332;+2817907;0;1
506;16;1242;P;1;10;;1513;1716;;4;;;1241;1;1;1;1;1;1;;;+11306534;+2821918;0;0
506;16;1243;P;1;10;;1513;1702;;4;;;1241;1;1;1;1;1;1;;;+11308106;+2821866;0;1
506;16;1244;P;1;10;;1513;1694;;4;;;1241;1;1;1;1;1;1;;;+11308542;+2821840;0;1
506;16;1245;P;1;11;;1513;1578;;4;;;1241;1;1;1;1;1;1;;;+11309297;+2821828;0;1
506;16;1246;P;1;10;;1513;1695;;4;;;1241;1;1;1;1;1;1;;;+11310334;+2821823;0;1
506;16;1247;P;1;10;;1513;1989;;4;;;1241;1;1;1;1;1;1;;;+11312331;+2821896;0;1
506;16;1231;P;1;8;;1714;1411;;4;;;1230;1;1;1;1;1;1;;;+11305874;+2823028;0;1
506;16;1232;P;1;7;;1714;1469;;4;;;1230;1;1;1;1;1;1;;;+11306626;+2822371;0;1
506;16;832;P;1;11;;1589;1591;;4;;;831;1;1;1;1;1;1;;;+11294004;+2815409;0;1
506;16;833;P;1;10;;1589;1590;;4;;;831;1;1;1;1;1;1;;;+11293774;+2815495;0;1
506;16;834;P;1;10;;1589;1579;;4;;;831;1;1;1;1;1;1;;;+11293234;+2816383;0;1
506;16;928;P;1;10;;1615;1494;;4;;;927;1;1;1;1;1;1;;;+11298828;+2819812;0;1
506;16;929;P;1;10;;1615;1448;;4;;;927;1;1;1;1;1;1;;;+11298864;+2820356;0;1
506;16;1056;P;1;10;;1642;1641;;4;;;1055;1;1;1;1;1;1;;;+11302496;+2814615;0;1
506;16;1057;P;1;10;;1642;1973;;4;;;1055;1;1;1;1;1;1;;;+11303086;+2814885;0;1
506;16;1058;P;1;10;;1642;1999;;4;;;1055;1;1;1;1;1;1;;;+11303351;+2814922;0;1
506;16;1059;P;1;10;;1642;2776;;4;;;1055;1;1;1;1;1;1;;;+11304436;+2815140;0;1
506;16;1060;P;1;11;;1642;2800;;4;;;1055;1;1;1;1;1;1;;;+11305241;+2815079;0;1
506;16;876;P;1;10;;1398;1433;;4;;;875;1;1;1;1;1;1;;;+11296561;+2809077;0;1
506;16;877;P;1;10;;1398;2777;;4;;;875;1;1;1;1;1;1;;;+11296904;+2809215;0;1
506;16;878;P;1;11;;1398;1434;;4;;;875;1;1;1;1;1;1;;;+11298883;+2809138;0;1
506;16;1470;P;1;3;;1398;1962;;4;;;875;1;1;1;1;1;1;;;+11299902;+2808681;0;1
506;16;1471;P;1;12;;1398;1397;;4;;;875;1;1;1;1;1;1;;;+11300037;+2808623;0;1
506;16;687;P;1;10;;1485;1413;;4;;;686;1;1;1;1;1;1;;;+11301798;+2818466;0;1
506;16;688;P;1;10;;1485;1973;;4;;;686;1;1;1;1;1;1;;;+11303032;+2818423;0;1
506;16;1414;P;1;10;;1485;2004;;4;;;686;1;1;1;1;1;1;;;+11303873;+2818423;0;1
506;16;1312;P;1;10;;1485;1716;;4;;;686;1;1;1;1;1;1;;;+11306204;+2819097;0;1
506;16;968;P;1;10;;1627;1494;;4;;;967;1;1;1;1;1;1;;;+11300716;+2819727;0;1
506;16;969;P;1;11;;1627;1629;;4;;;967;1;1;1;1;1;1;;;+11300662;+2820013;0;1
506;16;414;P;1;6;;1411;1410;;4;;;413;1;1;1;1;1;1;;;+11298827;+2822879;0;1
506;16;415;P;1;10;;1411;1412;;4;;;413;1;1;1;1;1;1;;;+11300674;+2823056;0;1
506;16;416;P;1;6;;1411;1413;;4;;;413;1;1;1;1;1;1;;;+11301787;+2823385;0;1
506;16;417;P;1;6;;1411;1414;;4;;;413;1;1;1;1;1;1;;;+11304074;+2823451;0;1
506;16;1908;P;1;3;;1411;1953;;4;;;413;1;1;1;1;1;1;;;+11306250;+2823025;0;1
506;16;1177;P;1;7;;1698;1469;;4;;;1176;1;1;1;1;1;1;;;+11307360;+2823852;0;1
506;16;1178;P;1;10;;1698;1693;;4;;;1176;1;1;1;1;1;1;;;+11308184;+2823830;0;1
506;16;1179;P;1;10;;1698;1694;;4;;;1176;1;1;1;1;1;1;;;+11308565;+2823821;0;1
506;16;1180;P;1;11;;1698;1578;;4;;;1176;1;1;1;1;1;1;;;+11309321;+2823793;0;1
506;16;942;P;1;10;;1621;1490;;4;;;941;1;1;1;1;1;1;;;+11299433;+2816243;0;1
506;16;943;P;1;12;;1621;1537;;4;;;941;1;1;1;1;1;1;;;+11300261;+2816220;0;1
506;16;1536;P;1;10;;2778;2029;;4;;;1535;1;1;1;1;1;1;;;+11300145;+2810677;0;1
506;16;1537;P;1;10;;2778;1397;;4;;;1535;1;1;1;1;1;1;;;+11301533;+2810628;0;1
506;16;1528;P;1;10;;2051;1438;;4;;;1527;1;1;1;1;1;1;;;+11297897;+2810856;0;1
506;16;1529;P;1;10;;2051;1434;;4;;;1527;1;1;1;1;1;1;;;+11298772;+2810835;0;1
506;16;1531;P;1;10;;2050;1434;;4;;;1530;1;1;1;1;1;1;;;+11298772;+2810835;0;1
506;16;1532;P;1;10;;2050;2049;;4;;;1530;1;1;1;1;1;1;;;+11299310;+2810767;0;1
506;16;1533;P;1;10;;2050;2052;;4;;;1530;1;1;1;1;1;1;;;+11299684;+2810720;0;1
506;16;1534;P;1;10;;2050;2029;;4;;;1530;1;1;1;1;1;1;;;+11300145;+2810677;0;1
506;16;1398;P;1;12;;1829;1467;;4;;;1397;1;1;1;1;1;1;;;+11306280;+2820050;0;1
506;16;1399;P;1;6;;1829;1714;;4;;;1397;1;1;1;1;1;1;;;+11306559;+2822383;0;1
506;16;1400;P;1;3;;1829;1953;;4;;;1397;1;1;1;1;1;1;;;+11306248;+2823018;0;1
506;16;1337;P;1;10;;1807;1805;;4;;;1336;1;1;1;1;1;1;;;+11297980;+2825401;0;1
506;16;1338;P;1;10;;1807;1499;;4;;;1336;1;1;1;1;1;1;;;+11298738;+2825583;0;1
506;16;1053;P;1;10;;1998;1538;;4;;;1052;1;1;1;1;1;1;;;+11304517;+2816336;0;1
506;16;1054;P;1;10;;1998;1999;;4;;;1052;1;1;1;1;1;1;;;+11303833;+2816336;0;1
506;16;590;P;1;10;;1483;1397;;4;;;589;1;1;1;1;1;1;;;+11301389;+2809957;0;1
506;16;591;P;1;10;;1483;1978;;4;;;589;1;1;1;1;1;1;;;+11303671;+2809586;0;1
506;16;592;P;1;3;;1483;1962;;4;;;589;1;1;1;1;1;1;;;+11305524;+2809356;0;1
506;16;867;P;1;10;;2027;1434;;4;;;1472;1;1;1;1;1;1;;;+11298830;+2809927;0;1
506;16;868;P;1;10;;2027;2028;;4;;;1472;1;1;1;1;1;1;;;+11300062;+2809877;0;1
506;16;1473;P;1;10;;2027;1397;;4;;;1472;1;1;1;1;1;1;;;+11301389;+2809957;0;1
506;16;1519;P;1;10;;2048;1398;;4;;;1518;1;1;1;1;1;1;;;+11297285;+2809296;0;1
506;16;1520;P;1;10;;2048;1437;;4;;;1518;1;1;1;1;1;1;;;+11297436;+2811215;0;1
506;16;1521;P;1;10;;2048;1604;;4;;;1518;1;1;1;1;1;1;;;+11297245;+2812065;0;1
506;16;1522;P;1;10;;2048;1495;;4;;;1518;1;1;1;1;1;1;;;+11297274;+2812493;0;1
506;16;907;P;1;10;;1610;1430;;4;;;906;1;1;1;1;1;1;;;+11297228;+2814098;0;1
506;16;908;P;1;10;;1610;1496;;4;;;906;1;1;1;1;1;1;;;+11297343;+2814932;0;1
506;16;909;P;1;10;;1610;1607;;4;;;906;1;1;1;1;1;1;;;+11297074;+2816489;0;1
506;16;954;P;1;10;;1623;1493;;4;;;953;1;1;1;1;1;1;;;+11300239;+2818538;0;1
506;16;955;P;1;10;;1623;1546;;4;;;953;1;1;1;1;1;1;;;+11300159;+2819064;0;1
506;16;956;P;1;10;;1623;1464;;4;;;953;1;1;1;1;1;1;;;+11300179;+2819437;0;1
506;16;1818;P;1;10;;1537;1811;;4;;;944;1;1;1;1;1;1;;;+11300121;+2814931;0;1
506;16;945;P;1;11;;1537;1622;;4;;;944;1;1;1;1;1;1;;;+11299889;+2815390;0;1
506;16;946;P;1;10;;1537;1619;;4;;;944;1;1;1;1;1;1;;;+11299886;+2815519;0;1
506;16;947;P;1;12;;1537;1491;;4;;;944;1;1;1;1;1;1;;;+11300288;+2816267;0;1
506;16;949;P;1;12;;1561;1491;;4;;;948;1;1;1;1;1;1;;;+11300249;+2816341;0;1
506;16;950;P;1;10;;1561;1545;;4;;;948;1;1;1;1;1;1;;;+11300095;+2817058;0;1
506;16;951;P;1;10;;1561;1492;;4;;;948;1;1;1;1;1;1;;;+11300105;+2817779;0;1
506;16;952;P;1;10;;1561;1493;;4;;;948;1;1;1;1;1;1;;;+11300239;+2818538;0;1
506;16;1038;P;1;10;;1643;1642;;4;;;1037;1;1;1;1;1;1;;;+11302496;+2814615;0;1
506;16;1039;P;1;12;;1643;1436;;4;;;1037;1;1;1;1;1;1;;;+11301896;+2815571;0;1
506;16;1124;P;1;10;;1549;1669;;4;;;1123;1;1;1;1;1;1;;;+11299537;+2823722;0;1
506;16;1125;P;1;10;;1549;1412;;4;;;1123;1;1;1;1;1;1;;;+11300732;+2823732;0;1
506;16;1126;P;1;10;;1549;1548;;4;;;1123;1;1;1;1;1;1;;;+11301379;+2823739;0;1
506;16;1127;P;1;12;;1549;1413;;4;;;1123;1;1;1;1;1;1;;;+11301954;+2823745;0;1
506;16;1474;P;1;10;;1711;1414;;4;;;1222;1;1;1;1;1;1;;;+11305432;+2825882;0;1
506;16;1475;P;1;10;;1711;1690;;4;;;1222;1;1;1;1;1;1;;;+11305822;+2825561;0;1
506;16;1223;P;1;10;;1711;1691;;4;;;1222;1;1;1;1;1;1;;;+11306991;+2825509;0;1
506;16;1224;P;1;10;;1711;1694;;4;;;1222;1;1;1;1;1;1;;;+11308582;+2825493;0;1
506;16;1454;P;1;11;;1711;2007;;4;;;1222;1;1;1;1;1;1;;;+11309006;+2825486;0;1
506;16;1022;P;1;10;;1639;1410;;4;;;1021;1;1;1;1;1;1;;;+11298630;+2820837;0;1
506;16;1023;P;1;10;;1639;1449;;4;;;1021;1;1;1;1;1;1;;;+11299118;+2820766;0;1
506;16;1047;P;1;12;;2762;1645;;4;;;1892;1;1;1;1;1;1;;;+11304375;+2813045;0;1
506;16;1048;P;1;10;;2762;1444;;4;;;1892;1;1;1;1;1;1;;;+11304373;+2813908;0;1
506;16;1893;P;1;10;;2762;1642;;4;;;1892;1;1;1;1;1;1;;;+11304436;+2815140;0;1
506;16;1697;P;1;10;;2084;1514;;4;;;1696;1;1;1;1;1;1;;;+11308215;+2824570;0;1
506;16;1698;P;1;10;;2084;2071;;4;;;1696;1;1;1;1;1;1;;;+11307990;+2824983;0;1
506;16;1699;P;1;11;;2084;1711;;4;;;1696;1;1;1;1;1;1;;;+11307871;+2825506;0;1
506;16;1700;P;1;8;;2084;2085;;4;;;1696;1;1;1;1;1;1;;;+11307899;+2826048;0;1
506;16;1701;P;1;12;;2084;1479;;4;;;1696;1;1;1;1;1;1;;;+11307739;+2826385;0;1
506;16;1193;P;1;10;;1693;1701;;4;;;1192;1;1;1;1;1;1;;;+11308157;+2823068;0;1
506;16;1194;P;1;10;;1693;1698;;4;;;1192;1;1;1;1;1;1;;;+11308184;+2823830;0;1
506;16;1195;P;1;10;;1693;1514;;4;;;1192;1;1;1;1;1;1;;;+11308215;+2824570;0;1
506;16;1820;P;1;12;;2719;1607;;4;;;1819;1;1;1;1;1;1;;;+11298264;+2816596;0;1
506;16;1821;P;1;10;;2719;1497;;4;;;1819;1;1;1;1;1;1;;;+11298018;+2817488;0;1
506;16;1268;P;1;12;;1726;1529;;4;;;1267;1;1;1;1;1;1;;;+11298185;+2818331;0;1
506;16;1269;P;1;10;;1726;1613;;4;;;1267;1;1;1;1;1;1;;;+11298417;+2818668;0;1
506;16;657;P;1;10;;1519;2721;;4;;;656;1;1;1;1;1;1;;;+11291495;+2821906;0;1
506;16;658;P;1;10;;1519;1405;;4;;;656;1;1;1;1;1;1;;;+11293457;+2821775;0;1
506;16;659;P;1;10;;1519;1407;;4;;;656;1;1;1;1;1;1;;;+11295457;+2821971;0;1
506;16;1476;P;1;10;;1524;2767;;4;;;652;1;1;1;1;1;1;;;+11286146;+2822079;0;1
506;16;653;P;1;11;;1524;2779;;4;;;652;1;1;1;1;1;1;;;+11286589;+2822080;0;1
506;16;654;P;1;10;;1524;1526;;4;;;652;1;1;1;1;1;1;;;+11289095;+2821854;0;1
506;16;1417;P;1;10;;1524;1764;;4;;;652;1;1;1;1;1;1;;;+11290447;+2821823;0;1
506;16;655;P;1;10;;1524;2721;;4;;;652;1;1;1;1;1;1;;;+11291495;+2821906;0;1
506;16;786;P;1;13;;1547;1780;;4;;;785;1;1;1;1;1;1;;;+11300662;+2820594;0;1
506;16;787;P;1;10;;1547;1412;;4;;;785;1;1;1;1;1;1;;;+11300900;+2820693;0;1
506;16;788;P;1;12;;1547;1557;;4;;;785;1;1;1;1;1;1;;;+11301453;+2820861;0;1
506;16;789;P;1;10;;1547;1413;;4;;;785;1;1;1;1;1;1;;;+11301964;+2820867;0;1
506;16;792;P;1;10;;1547;1558;;4;;;785;1;1;1;1;1;1;;;+11302631;+2820882;0;1
506;16;795;P;1;10;;1547;1973;;4;;;785;1;1;1;1;1;1;;;+11303117;+2820896;0;1
506;16;796;P;1;10;;1547;2000;;4;;;785;1;1;1;1;1;1;;;+11303990;+2820918;0;1
506;16;1479;P;1;10;;2029;2028;;4;;;1477;1;1;1;1;1;1;;;+11300117;+2810440;0;1
506;16;896;P;1;10;;2029;1439;;4;;;1477;1;1;1;1;1;1;;;+11300162;+2811204;0;1
506;16;897;P;1;10;;2029;1605;;4;;;1477;1;1;1;1;1;1;;;+11299958;+2812175;0;1
506;16;1480;P;1;10;;2029;1495;;4;;;1477;1;1;1;1;1;1;;;+11299817;+2812509;0;1
506;16;1513;P;1;11;;2045;1397;;4;;;1512;1;1;1;1;1;1;;;+11300470;+2808965;0;1
506;16;1514;P;1;10;;2045;1488;;4;;;1512;1;1;1;1;1;1;;;+11301215;+2808769;0;1
506;16;894;P;1;11;;2028;1397;;4;;;893;1;1;1;1;1;1;;;+11300470;+2808965;0;1
506;16;895;P;1;10;;2028;2027;;4;;;893;1;1;1;1;1;1;;;+11300062;+2809877;0;1
506;16;1478;P;1;10;;2028;2029;;4;;;893;1;1;1;1;1;1;;;+11300117;+2810440;0;1
506;16;1481;P;1;10;;1414;2005;;4;;;538;1;1;1;1;1;1;;;+11303235;+2822093;0;1
506;16;540;P;1;7;;1414;1411;;4;;;538;1;1;1;1;1;1;;;+11304074;+2823451;0;1
506;16;541;P;1;10;;1414;1689;;4;;;538;1;1;1;1;1;1;;;+11304834;+2825018;0;1
506;16;1396;P;1;11;;1414;1828;;4;;;538;1;1;1;1;1;1;;;+11306171;+2827127;0;1
506;16;1482;P;1;10;;1414;2030;;4;;;538;1;1;1;1;1;1;;;+11306401;+2827978;0;1
506;16;1909;P;1;10;;2780;1414;;4;;;1740;1;1;1;1;1;1;;;+11306401;+2827978;0;1
506;16;1817;P;1;11;;2780;2717;;4;;;1740;1;1;1;1;1;1;;;+11306824;+2827894;0;1
506;16;1742;P;1;13;;2780;1691;;4;;;1740;1;1;1;1;1;1;;;+11307395;+2827783;0;1
506;16;859;P;1;10;;1978;1434;;4;;;858;1;1;1;1;1;1;;;+11299443;+2805707;0;1
506;16;860;P;1;10;;1978;1599;;4;;;858;1;1;1;1;1;1;;;+11302570;+2806662;0;1
506;16;1408;P;1;10;;1978;2801;;4;;;858;1;1;1;1;1;1;;;+11303541;+2808559;0;1
506;16;529;P;1;10;;1978;1483;;4;;;858;1;1;1;1;1;1;;;+11303671;+2809586;0;1
506;16;1463;P;1;12;;1978;2782;;4;;;858;1;1;1;1;1;1;;;+11303985;+2810420;0;1
506;16;1484;P;1;12;;1973;2781;;4;;;527;1;1;1;1;1;1;;;+11303985;+2810420;0;1
506;16;530;P;1;10;;1973;1441;;4;;;527;1;1;1;1;1;1;;;+11303916;+2811625;0;1
506;16;531;P;1;10;;1973;1443;;4;;;527;1;1;1;1;1;1;;;+11303509;+2813766;0;1
506;16;532;P;1;10;;1973;1436;;4;;;527;1;1;1;1;1;1;;;+11302923;+2815752;0;1
506;16;533;P;1;10;;1973;1484;;4;;;527;1;1;1;1;1;1;;;+11302984;+2816975;0;1
506;16;534;P;1;10;;1973;1485;;4;;;527;1;1;1;1;1;1;;;+11303032;+2818423;0;1
506;16;535;P;1;10;;1973;1486;;4;;;527;1;1;1;1;1;1;;;+11303051;+2819156;0;1
506;16;536;P;1;10;;1973;1467;;4;;;527;1;1;1;1;1;1;;;+11303076;+2819743;0;1
506;16;797;P;1;10;;1973;1547;;4;;;527;1;1;1;1;1;1;;;+11303117;+2820896;0;1
506;16;1483;P;1;10;;1973;2005;;4;;;527;1;1;1;1;1;1;;;+11303235;+2822093;0;1
506;16;1362;P;1;10;;1813;1412;;4;;;1361;1;1;1;1;1;1;;;+11300815;+2821139;0;1
506;16;1363;P;1;11;;1813;2771;;4;;;1361;1;1;1;1;1;1;;;+11301113;+2821192;0;1
506;16;1351;P;1;11;;1622;1537;;4;;;1350;1;1;1;1;1;1;;;+11299889;+2815390;0;1
506;16;1352;P;1;12;;1622;1811;;4;;;1350;1;1;1;1;1;1;;;+11300625;+2815221;0;1
506;16;1282;P;1;10;;1558;1547;;4;;;1281;1;1;1;1;1;1;;;+11302631;+2820882;0;1
506;16;1283;P;1;10;;1558;2000;;4;;;1281;1;1;1;1;1;1;;;+11302657;+2821784;0;1
506;16;1794;P;1;10;;2099;1526;;4;;;1793;1;1;1;1;1;1;;;+11289149;+2822556;0;1
506;16;1795;P;1;10;;2099;2098;;4;;;1793;1;1;1;1;1;1;;;+11288517;+2823644;0;1
506;16;1707;P;1;12;;2071;1514;;4;;1711;;1;1;1;1;1;1;;;+11307493;+2824585;0;1
506;16;1708;P;1;10;;2071;2081;;4;;1711;;1;1;1;1;1;1;;;+11307809;+2824835;0;1
506;16;1709;P;1;10;;2071;2084;;4;;1711;;1;1;1;1;1;1;;;+11307990;+2824983;0;1
506;16;1710;P;1;12;;2071;2082;;4;;1711;;1;1;1;1;1;1;;;+11308568;+2825222;1713;1
506;16;1713;P;1;12;;2071;2083;;4;;1712;;1;1;1;1;1;1;;;+11308586;+2825222;1710;1
506;16;1714;P;1;10;;2071;1578;;4;;1712;;1;1;1;1;1;1;;;+11309335;+2825215;0;1
506;16;1715;P;1;10;;2071;1842;;4;;1712;;1;1;1;1;1;1;;;+11309682;+2825185;0;1
506;16;1716;P;1;10;;2071;1695;;4;;1712;;1;1;1;1;1;1;;;+11310283;+2825127;0;1
506;16;1717;P;1;10;;2071;2001;;4;;1712;;1;1;1;1;1;1;;;+11311145;+2825115;0;1
506;16;1718;P;1;10;;2071;2002;;4;;1712;;1;1;1;1;1;1;;;+11311778;+2825107;0;1
506;16;1719;P;1;12;;2071;1989;;4;;1712;;1;1;1;1;1;1;;;+11312304;+2825097;0;1
506;16;1775;P;1;10;;2093;1519;;4;;;1774;1;1;1;1;1;1;;;+11292217;+2821929;0;1
506;16;1776;P;1;10;;2093;1515;;4;;;1774;1;1;1;1;1;1;;;+11292330;+2823005;0;1
506;16;1751;P;1;11;;2766;2767;;4;;;1750;1;1;1;1;1;1;;;+11286162;+2820742;0;1
506;16;1752;P;1;10;;2766;2008;;4;;;1750;1;1;1;1;1;1;;;+11287070;+2820750;0;1
506;16;1753;P;1;10;;2766;1459;;4;;;1750;1;1;1;1;1;1;;;+11288114;+2820856;0;1
506;16;1754;P;1;10;;2766;1526;;4;;;1750;1;1;1;1;1;1;;;+11289143;+2821090;0;1
506;16;1539;P;1;10;;2052;2050;;4;;;1538;1;1;1;1;1;1;;;+11299684;+2810720;0;1
506;16;1540;P;1;10;;2052;1439;;4;;;1538;1;1;1;1;1;1;;;+11299633;+2811231;0;1
506;16;1541;P;1;10;;2052;2054;;4;;;1538;1;1;1;1;1;1;;;+11299675;+2811455;0;1
506;16;1542;P;1;10;;2052;2055;;4;;;1538;1;1;1;1;1;1;;;+11299630;+2811706;0;1
506;16;1543;P;1;10;;2052;1605;;4;;;1538;1;1;1;1;1;1;;;+11299367;+2812151;0;1
506;16;1544;P;1;10;;2052;1495;;4;;;1538;1;1;1;1;1;1;;;+11299358;+2812476;0;1
506;16;766;P;1;6;;2721;1430;;4;;;765;1;1;1;1;1;1;;;+11293166;+2813952;0;1
506;16;807;P;1;6;;2721;1540;;4;;;765;1;1;1;1;1;1;;;+11293180;+2815165;0;1
506;16;808;P;1;6;;2721;1579;;4;;;765;1;1;1;1;1;1;;;+11292647;+2816152;0;1
506;16;809;P;1;12;;2721;1580;;4;;;765;1;1;1;1;1;1;;;+11291718;+2819354;0;1
506;16;767;P;1;7;;2721;1399;;4;;;765;1;1;1;1;1;1;;;+11291515;+2821049;0;1
506;16;768;P;1;6;;2721;1524;;4;;;765;1;1;1;1;1;1;;;+11291495;+2821906;0;1
506;16;769;P;1;7;;2721;1403;;4;;;765;1;1;1;1;1;1;;;+11291747;+2822515;0;1
506;16;770;P;1;6;;2721;1515;;4;;;765;1;1;1;1;1;1;;;+11291973;+2823045;0;1
506;16;771;P;1;6;;2721;1507;;4;;;765;1;1;1;1;1;1;;;+11293131;+2825078;0;1
506;16;772;P;1;6;;2721;1808;;4;;;765;1;1;1;1;1;1;;;+11295516;+2827253;0;1
506;16;1863;P;1;10;;2727;1430;;4;;1860;;1;1;1;1;1;1;;;+11293166;+2813952;0;1
506;16;1864;P;1;12;;2727;1540;;4;;1860;;1;1;1;1;1;1;;;+11293180;+2815165;0;1
506;16;1865;P;1;8;;2727;1579;;4;;1860;;1;1;1;1;1;1;;;+11292647;+2816152;0;1
506;16;1866;P;1;12;;2727;1580;;4;;1860;;1;1;1;1;1;1;;;+11291718;+2819354;1867;1
506;16;1867;P;1;8;;2727;1460;;4;;1861;;1;1;1;1;1;1;;;+11291515;+2821049;1866;1
506;16;1868;P;1;10;;2727;2090;;4;;1861;;1;1;1;1;1;1;;;+11291448;+2821336;0;1
506;16;1869;P;1;10;;2727;1519;;4;;1861;;1;1;1;1;1;1;;;+11291495;+2821906;0;1
506;16;1870;P;1;12;;2727;1403;;4;;1861;;1;1;1;1;1;1;;;+11291741;+2822503;1871;1
506;16;1871;P;1;12;;2727;2729;;4;;1862;;1;1;1;1;1;1;;;+11291752;+2822527;1870;1
506;16;1872;P;1;10;;2727;1515;;4;;1862;;1;1;1;1;1;1;;;+11291973;+2823045;0;1
506;16;1873;P;1;10;;2727;1503;;4;;1862;;1;1;1;1;1;1;;;+11292220;+2823741;0;1
506;16;1874;P;1;10;;2727;1507;;4;;1862;;1;1;1;1;1;1;;;+11293131;+2825078;0;1
506;16;1875;P;1;10;;2727;1508;;4;;1862;;1;1;1;1;1;1;;;+11294909;+2826598;0;1
506;16;1876;P;1;10;;2727;1808;;4;;1862;;1;1;1;1;1;1;;;+11295516;+2827253;0;1
506;16;1402;P;1;3;;1691;1953;;4;;;1401;1;1;1;1;1;1;;;+11306244;+2823033;0;1
506;16;1403;P;1;10;;1691;2747;;4;;;1401;1;1;1;1;1;1;;;+11307288;+2823848;0;1
506;16;1404;P;1;11;;1691;1487;;4;;;1401;1;1;1;1;1;1;;;+11307214;+2824579;0;1
506;16;1405;P;1;10;;1691;1711;;4;;;1401;1;1;1;1;1;1;;;+11306991;+2825509;0;1
506;16;1406;P;1;10;;1691;1828;;4;;;1401;1;1;1;1;1;1;;;+11307173;+2826876;0;1
506;16;1485;P;1;11;;1691;2031;;4;;;1401;1;1;1;1;1;1;;;+11307395;+2827783;0;1
506;16;1253;P;1;12;;2768;1413;;4;;;1252;1;1;1;1;1;1;;;+11301740;+2818012;0;1
506;16;1254;P;1;11;;2768;1654;;4;;;1252;1;1;1;1;1;1;;;+11302540;+2818004;0;1
506;16;1452;P;1;10;;2768;1973;;4;;;1252;1;1;1;1;1;1;;;+11303015;+2817994;0;1
506;16;1151;P;1;11;;1684;1685;;4;;1150;;1;1;1;1;1;1;;;+11292297;+2821033;0;1
506;16;1152;P;1;10;;1684;2032;;4;;1150;;1;1;1;1;1;1;;;+11293225;+2820967;1154;1
506;16;1154;P;1;10;;1684;2033;;4;;1153;;1;1;1;1;1;1;;;+11293248;+2820984;1152;1
506;16;1912;P;1;11;;1684;2805;;4;;1153;;1;1;1;1;1;1;;;+11293834;+2821136;1914;1
506;16;1914;P;1;11;;1684;2090;;4;;1913;;1;1;1;1;1;1;;;+11293836;+2821151;1912;1
506;16;1155;P;1;10;;1684;1552;;4;;1913;;1;1;1;1;1;1;;;+11295832;+2820915;0;1
506;16;1756;P;1;10;;2090;1459;;4;;;1755;1;1;1;1;1;1;;;+11288297;+2820334;0;1
506;16;1757;P;1;10;;2090;1526;;4;;;1755;1;1;1;1;1;1;;;+11289264;+2820725;0;1
506;16;1758;P;1;11;;2090;1764;;4;;;1755;1;1;1;1;1;1;;;+11290586;+2821160;0;1
506;16;1759;P;1;11;;2090;1819;;4;;;1755;1;1;1;1;1;1;;;+11291102;+2821267;0;1
506;16;1760;P;1;10;;2090;2721;;4;;;1755;1;1;1;1;1;1;;;+11291448;+2821336;0;1
506;16;1763;P;1;11;;2090;1405;;4;;;1755;1;1;1;1;1;1;;;+11293338;+2821248;0;1
506;16;1764;P;1;11;;2090;1684;;4;;;1755;1;1;1;1;1;1;;;+11293834;+2821136;0;1
506;16;460;P;1;10;;1444;1973;;4;;;459;1;1;1;1;1;1;;;+11303509;+2813766;0;1
506;16;461;P;1;11;;1444;2802;;4;;;459;1;1;1;1;1;1;;;+11305598;+2814239;0;1
506;16;1486;P;1;10;;1444;2733;;4;;;459;1;1;1;1;1;1;;;+11306157;+2814057;0;1
506;16;457;P;1;10;;1443;1435;;4;;;456;1;1;1;1;1;1;;;+11300114;+2813595;0;1
506;16;458;P;1;10;;1443;1973;;4;;;456;1;1;1;1;1;1;;;+11303509;+2813766;0;1
506;16;1018;P;1;12;;1635;1447;;4;;;1017;1;1;1;1;1;1;;;+11297287;+2820968;0;1
506;16;1019;P;1;10;;1635;1634;;4;;;1017;1;1;1;1;1;1;;;+11298220;+2820862;0;1
506;16;1020;P;1;10;;1635;1410;;4;;;1017;1;1;1;1;1;1;;;+11298630;+2820837;0;1
506;16;454;P;1;10;;1441;1397;;4;;;452;1;1;1;1;1;1;;;+11301498;+2811022;0;1
506;16;455;P;1;10;;1441;1973;;4;;;452;1;1;1;1;1;1;;;+11303916;+2811625;0;1
506;16;446;P;1;10;;1437;1433;;4;;;445;1;1;1;1;1;1;;;+11296186;+2811518;0;1
506;16;447;P;1;10;;1437;1438;;4;;;445;1;1;1;1;1;1;;;+11297872;+2811213;0;1
506;16;448;P;1;10;;1437;1434;;4;;;445;1;1;1;1;1;1;;;+11298743;+2811227;0;1
506;16;450;P;1;10;;1439;1434;;4;;;449;1;1;1;1;1;1;;;+11298743;+2811227;0;1
506;16;451;P;1;10;;1439;2035;;4;;;449;1;1;1;1;1;1;;;+11299250;+2811231;0;1
506;16;1487;P;1;10;;1439;1397;;4;;;449;1;1;1;1;1;1;;;+11301498;+2811022;0;1
506;16;1331;P;1;7;;1805;1408;;4;;;1330;1;1;1;1;1;1;;;+11297566;+2822670;0;1
506;16;1332;P;1;10;;1805;2773;;4;;;1330;1;1;1;1;1;1;;;+11297788;+2823481;0;1
506;16;1490;P;1;10;;1805;1807;;4;;;1330;1;1;1;1;1;1;;;+11297980;+2825401;0;1
506;16;1491;P;1;7;;1805;2726;;4;;;1330;1;1;1;1;1;1;;;+11296817;+2827957;0;1
506;16;1493;P;1;10;;1805;1992;;4;;;1330;1;1;1;1;1;1;;;+11295941;+2828901;0;1
506;16;1605;P;1;11;;1805;1987;;4;;;1330;1;1;1;1;1;1;;;+11293818;+2832133;0;0
506;16;1606;P;1;10;;1805;2066;;4;;;1330;1;1;1;1;1;1;;;+11292752;+2833338;0;0
506;16;1516;P;1;12;;2046;2047;;4;;;1515;1;1;1;1;1;1;;;+11294337;+2809045;0;0
506;16;1517;P;1;10;;2046;1430;;4;;;1515;1;1;1;1;1;1;;;+11295988;+2813870;0;1
506;16;1295;P;1;10;;1447;1430;;4;;;704;1;1;1;1;1;1;;;+11295988;+2813870;0;1
506;16;1296;P;1;10;;1447;1607;;4;;;704;1;1;1;1;1;1;;;+11296644;+2816515;0;1
506;16;705;P;1;10;;1447;1497;;4;;;704;1;1;1;1;1;1;;;+11296849;+2817941;0;1
506;16;706;P;1;12;;1447;1527;;4;;;704;1;1;1;1;1;1;;;+11296916;+2818485;0;1
506;16;707;P;1;10;;1447;1613;;4;;;704;1;1;1;1;1;1;;;+11296924;+2818856;0;1
506;16;708;P;1;7;;1447;2783;;4;;;704;1;1;1;1;1;1;;;+11296899;+2819561;0;1
506;16;709;P;1;10;;1447;1446;;4;;;704;1;1;1;1;1;1;;;+11297125;+2820553;0;1
506;16;710;P;1;10;;1447;1539;;4;;;704;1;1;1;1;1;1;;;+11297374;+2821438;0;1
506;16;711;P;1;7;;1447;1408;;4;;;704;1;1;1;1;1;1;;;+11297566;+2822670;0;1
506;16;1025;P;1;10;;1539;1447;;4;;;1024;1;1;1;1;1;1;;;+11297374;+2821438;0;1
506;16;1026;P;1;10;;1539;1634;;4;;;1024;1;1;1;1;1;1;;;+11298167;+2821378;0;1
506;16;1027;P;1;10;;1539;1410;;4;;;1024;1;1;1;1;1;1;;;+11298664;+2821327;0;1
506;16;1802;P;1;10;;1997;2726;;4;;;1801;1;1;1;1;1;1;;;+11295516;+2827253;0;1
506;16;1803;P;1;10;;1997;1523;;4;;;1801;1;1;1;1;1;1;;;+11293146;+2829746;0;0
506;16;1816;P;1;12;;1997;1900;;4;;;1801;1;1;1;1;1;1;;;+11288324;+2833682;0;0
506;16;1343;P;1;13;;1552;1431;;4;;;1342;1;1;1;1;1;1;;;+11295763;+2820273;0;1
506;16;1344;P;1;10;;1552;1684;;4;;;1342;1;1;1;1;1;1;;;+11295832;+2820915;0;1
506;16;1345;P;1;10;;1552;1809;;4;;;1342;1;1;1;1;1;1;;;+11295898;+2821189;0;1
506;16;1349;P;1;10;;1552;2784;;4;;;1342;1;1;1;1;1;1;;;+11296386;+2822624;0;1
506;16;1346;P;1;10;;1552;1808;;4;;;1342;1;1;1;1;1;1;;;+11296268;+2823178;0;1
506;16;1347;P;1;10;;1552;1503;;4;;;1342;1;1;1;1;1;1;;;+11295950;+2823813;0;1
506;16;1348;P;1;10;;1552;1543;;4;;;1342;1;1;1;1;1;1;;;+11295821;+2825812;0;1
506;16;1310;P;1;10;;2758;1396;;4;;;1804;1;1;1;1;1;1;;;+11293074;+2809307;0;0
506;16;1805;P;1;12;;2758;2105;;4;;;1804;1;1;1;1;1;1;;;+11294926;+2812176;0;1
506;16;713;P;1;7;;1431;1430;;4;;;712;1;1;1;1;1;1;;;+11295086;+2813900;0;1
506;16;714;P;1;10;;1431;1540;;4;;;712;1;1;1;1;1;1;;;+11295142;+2815209;0;1
506;16;715;P;1;10;;1431;1541;;4;;;712;1;1;1;1;1;1;;;+11295381;+2816344;0;1
506;16;716;P;1;10;;1431;1542;;4;;;712;1;1;1;1;1;1;;;+11295332;+2817907;0;1
506;16;717;P;1;7;;1431;1461;;4;;;712;1;1;1;1;1;1;;;+11295665;+2819603;0;1
506;16;718;P;1;13;;1431;1552;;4;;;712;1;1;1;1;1;1;;;+11295763;+2820273;0;1
506;16;965;P;1;10;;1626;1464;;4;;;964;1;1;1;1;1;1;;;+11300700;+2819420;0;1
506;16;966;P;1;10;;1626;1494;;4;;;964;1;1;1;1;1;1;;;+11300716;+2819727;0;1
506;16;411;P;1;6;;1409;1408;;4;;;410;1;1;1;1;1;1;;;+11297738;+2822681;0;1
506;16;412;P;1;6;;1409;1410;;4;;;410;1;1;1;1;1;1;;;+11298827;+2822879;0;1
506;16;932;P;1;10;;1616;1410;;4;;;930;1;1;1;1;1;1;;;+11298467;+2815332;0;1
506;16;933;P;1;10;;1616;1490;;4;;;930;1;1;1;1;1;1;;;+11299432;+2815524;0;1
506;16;886;P;1;10;;1605;1434;;4;;;885;1;1;1;1;1;1;;;+11298694;+2812017;0;1
506;16;887;P;1;10;;1605;2029;;4;;;885;1;1;1;1;1;1;;;+11299958;+2812175;0;1
506;16;888;P;1;12;;1605;1397;;4;;;885;1;1;1;1;1;1;;;+11300754;+2812090;0;1
506;16;880;P;1;10;;1604;1433;;4;;;879;1;1;1;1;1;1;;;+11296555;+2812239;0;1
506;16;881;P;1;10;;1604;1602;;4;;;879;1;1;1;1;1;1;;;+11297966;+2811981;0;1
506;16;883;P;1;10;;1603;1602;;4;;;882;1;1;1;1;1;1;;;+11297966;+2811981;0;1
506;16;884;P;1;10;;1603;1434;;4;;;882;1;1;1;1;1;1;;;+11298694;+2812017;0;1
506;16;1575;P;1;10;;2057;2716;;4;;;1574;1;1;1;1;1;1;;;+11297945;+2812990;0;1
506;16;1576;P;1;10;;2057;1434;;4;;;1574;1;1;1;1;1;1;;;+11298738;+2813609;0;1
506;16;870;P;1;10;;1438;1434;;4;;;869;1;1;1;1;1;1;;;+11298830;+2809927;0;1
506;16;871;P;1;10;;1438;1437;;4;;;869;1;1;1;1;1;1;;;+11297872;+2811213;0;1
506;16;873;P;1;10;;1602;1437;;4;;;872;1;1;1;1;1;1;;;+11297872;+2811213;0;1
506;16;874;P;1;10;;1602;1603;;4;;;872;1;1;1;1;1;1;;;+11297966;+2811981;0;1
506;16;1619;P;1;10;;1992;1805;;4;;;1618;1;1;1;1;1;1;;;+11295941;+2828901;0;1
506;16;1620;P;1;10;;1992;1499;;4;;;1618;1;1;1;1;1;1;;;+11296862;+2829531;0;1
506;16;1621;P;1;10;;1992;1553;;4;;;1618;1;1;1;1;1;1;;;+11300127;+2830552;0;0
506;16;1622;P;1;12;;1992;1554;;4;;;1618;1;1;1;1;1;1;;;+11300736;+2830738;0;0
506;16;1200;P;1;10;;1694;1470;;4;;;1202;1;1;1;1;1;1;;;+11308470;+2820511;0;1
506;16;1204;P;1;10;;1694;1513;;4;;;1202;1;1;1;1;1;1;;;+11308542;+2821840;0;1
506;16;1205;P;1;10;;1694;1700;;4;;;1202;1;1;1;1;1;1;;;+11308552;+2822449;0;1
506;16;1206;P;1;10;;1694;1701;;4;;;1202;1;1;1;1;1;1;;;+11308562;+2823138;0;1
506;16;1207;P;1;10;;1694;1698;;4;;;1202;1;1;1;1;1;1;;;+11308565;+2823821;0;1
506;16;1208;P;1;10;;1694;1514;;4;;;1202;1;1;1;1;1;1;;;+11308572;+2824569;0;1
506;16;1209;P;1;10;;1694;1711;;4;;;1202;1;1;1;1;1;1;;;+11308582;+2825493;0;1
506;16;1210;P;1;10;;1694;1379;;4;;;1202;1;1;1;1;1;1;;;+11308595;+2826107;0;1
506;16;1129;P;1;12;;2005;1413;;4;;;1128;1;1;1;1;1;1;;;+11301974;+2822225;0;1
506;16;1130;P;1;10;;2005;1414;;4;;;1128;1;1;1;1;1;1;;;+11303235;+2822093;0;1
506;16;1809;P;1;12;;2106;1411;;4;;;1808;1;1;1;1;1;1;;;+11301611;+2823403;0;1
506;16;1810;P;1;11;;2106;1549;;4;;;1808;1;1;1;1;1;1;;;+11301588;+2823742;0;1
506;16;855;P;1;12;;1975;1380;;4;;;1426;1;1;1;1;1;1;;;+11298087;+2801747;0;0
506;16;1427;P;1;10;;1975;1434;;4;;;1426;1;1;1;1;1;1;;;+11300136;+2801784;0;0
506;16;1798;P;1;12;;1543;1508;;4;;;1797;1;1;1;1;1;1;;;+11295150;+2825110;0;1
506;16;1799;P;1;10;;1543;1552;;4;;;1797;1;1;1;1;1;1;;;+11295821;+2825812;0;1
506;16;1800;P;1;12;;1543;1808;;4;;;1797;1;1;1;1;1;1;;;+11296171;+2825871;0;1
506;16;720;P;1;12;;1407;1461;;4;;1325;;1;1;1;1;1;1;;;+11295481;+2819613;0;1
506;16;721;P;1;12;;1407;1431;;4;;1325;;1;1;1;1;1;1;;;+11295754;+2820292;0;1
506;16;1326;P;1;12;;1407;2040;;4;;1325;;1;1;1;1;1;1;;;+11295822;+2820836;1496;1
506;16;1496;P;1;10;;1407;2041;;4;;1495;;1;1;1;1;1;1;;;+11295898;+2821189;1326;1
506;16;722;P;1;10;;1407;1519;;4;;1495;;1;1;1;1;1;1;;;+11295457;+2821971;0;1
506;16;723;P;1;8;;1407;1403;;4;;1495;;1;1;1;1;1;1;;;+11295311;+2822591;0;1
506;16;725;P;1;8;;1508;1403;;4;;;1141;1;1;1;1;1;1;;;+11295311;+2822591;0;1
506;16;726;P;1;10;;1508;1515;;4;;;1141;1;1;1;1;1;1;;;+11295246;+2823060;0;1
506;16;727;P;1;10;;1508;1503;;4;;;1141;1;1;1;1;1;1;;;+11295176;+2823704;0;1
506;16;1142;P;1;12;;1508;1543;;4;;;1141;1;1;1;1;1;1;;;+11295150;+2825110;0;1
506;16;1143;P;1;10;;1508;2726;;4;;;1141;1;1;1;1;1;1;;;+11294909;+2826598;0;1
506;16;1144;P;1;10;;1508;1507;;4;;;1141;1;1;1;1;1;1;;;+11292312;+2827931;0;0
506;16;1836;P;1;10;;2724;1405;;4;;;1835;1;1;1;1;1;1;;;+11293439;+2822204;0;1
506;16;1837;P;1;10;;2724;2723;;4;;;1835;1;1;1;1;1;1;;;+11294604;+2822219;0;1
506;16;1838;P;1;10;;2724;1407;;4;;;1835;1;1;1;1;1;1;;;+11295395;+2822247;0;1
506;16;1498;P;1;10;;1985;1507;;4;;;1497;1;1;1;1;1;1;;;+11292312;+2827931;0;0
506;16;1145;P;1;10;;1985;1984;;4;;;1497;1;1;1;1;1;1;;;+11290335;+2828017;0;0
506;16;1146;P;1;10;;1985;1400;;4;;;1497;1;1;1;1;1;1;;;+11287630;+2827772;0;0
506;16;1546;P;1;10;;2054;2035;;4;;;1545;1;1;1;1;1;1;;;+11299213;+2811457;0;1
506;16;1547;P;1;10;;2054;2052;;4;;;1545;1;1;1;1;1;1;;;+11299675;+2811455;0;1
506;16;1548;P;1;10;;2054;2029;;4;;;1545;1;1;1;1;1;1;;;+11300142;+2811484;0;1
506;16;1549;P;1;12;;2054;1397;;4;;;1545;1;1;1;1;1;1;;;+11301465;+2811223;0;1
506;16;466;P;1;10;;1448;1410;;4;;;465;1;1;1;1;1;1;;;+11298606;+2820358;0;1
506;16;467;P;1;10;;1448;2786;;4;;;465;1;1;1;1;1;1;;;+11299065;+2820361;0;1
506;16;1262;P;1;13;;1448;2787;;4;;;465;1;1;1;1;1;1;;;+11300662;+2820594;0;1
506;16;463;P;1;10;;1446;1447;;4;;;462;1;1;1;1;1;1;;;+11297125;+2820553;0;1
506;16;464;P;1;10;;1446;1410;;4;;;462;1;1;1;1;1;1;;;+11298606;+2820358;0;1
506;16;1592;P;1;12;;2063;1684;;4;;;1591;1;1;1;1;1;1;;;+11295162;+2820986;0;1
506;16;1593;P;1;7;;2063;1552;;4;;;1591;1;1;1;1;1;1;;;+11295832;+2820915;0;1
506;16;1594;P;1;7;;2063;1447;;4;;;1591;1;1;1;1;1;1;;;+11297125;+2820553;0;1
506;16;1595;P;1;12;;2063;1446;;4;;;1591;1;1;1;1;1;1;;;+11298078;+2820431;0;1
506;16;1563;P;1;10;;1495;1433;;4;;;1562;1;1;1;1;1;1;;;+11296764;+2812558;0;1
506;16;1564;P;1;10;;1495;2048;;4;;;1562;1;1;1;1;1;1;;;+11297274;+2812493;0;1
506;16;1565;P;1;10;;1495;1434;;4;;;1562;1;1;1;1;1;1;;;+11298681;+2812443;0;1
506;16;1566;P;1;10;;1495;2035;;4;;;1562;1;1;1;1;1;1;;;+11299119;+2812462;0;1
506;16;1567;P;1;10;;1495;2052;;4;;;1562;1;1;1;1;1;1;;;+11299358;+2812476;0;1
506;16;1568;P;1;10;;1495;2029;;4;;;1562;1;1;1;1;1;1;;;+11299817;+2812509;0;1
506;16;1569;P;1;12;;1495;1435;;4;;;1562;1;1;1;1;1;1;;;+11300518;+2812560;0;1
506;16;1358;P;1;12;;1812;1616;;4;;;1357;1;1;1;1;1;1;;;+11299165;+2815507;0;1
506;16;1359;P;1;10;;1812;1609;;4;;;1357;1;1;1;1;1;1;;;+11298892;+2816033;0;1
506;16;1360;P;1;10;;1812;1410;;4;;;1357;1;1;1;1;1;1;;;+11298628;+2816349;0;1
506;16;1378;P;1;10;;1819;1399;;4;;;1377;1;1;1;1;1;1;;;+11291188;+2820976;0;1
506;16;1379;P;1;10;;1819;1524;;4;;;1377;1;1;1;1;1;1;;;+11291035;+2821852;0;1
506;16;1380;P;1;10;;1819;1372;;4;;;1377;1;1;1;1;1;1;;;+11290959;+2822495;0;1
506;16;1830;P;1;12;;2723;1519;;4;;;1829;1;1;1;1;1;1;;;+11294605;+2821846;0;1
506;16;1831;P;1;10;;2723;2724;;4;;;1829;1;1;1;1;1;1;;;+11294604;+2822219;0;1
506;16;1832;P;1;10;;2723;1515;;4;;;1829;1;1;1;1;1;1;;;+11294629;+2823080;0;1
506;16;1833;P;1;10;;2723;1503;;4;;;1829;1;1;1;1;1;1;;;+11294651;+2823678;0;1
506;16;1834;P;1;10;;2723;2725;;4;;;1829;1;1;1;1;1;1;;;+11294573;+2824095;0;1
506;16;111;P;1;3;;2806;1422;;4;;;110;1;1;1;1;1;1;;;+11277508;+2798608;0;0
506;16;112;P;3;3;;2806;2808;;4;;;110;1;1;1;1;1;1;;;+11276581;+2800633;0;0
506;16;113;P;1;3;;2806;2809;;4;;;110;1;1;1;1;1;1;;;+11275669;+2809831;0;0
506;16;114;P;1;3;;2806;1389;;4;;;110;1;1;1;1;1;1;;;+11276339;+2820363;0;0
506;16;115;P;1;1;;2806;1960;;4;;;110;1;1;1;1;1;1;;;+11276393;+2824394;0;0
506;16;116;P;1;3;;2806;1370;;4;;;110;1;1;1;1;1;1;;;+11274303;+2829997;0;0
506;16;117;P;3;8;;2806;2810;;4;;;110;1;1;1;1;1;1;;;+11276930;+2836948;0;0
506;16;118;P;1;3;;2806;1400;;4;;;110;1;1;1;1;1;1;;;+11278305;+2840243;0;0
506;16;402;P;1;6;;1403;1372;;4;;;401;1;1;1;1;1;1;;;+11290959;+2822495;0;1
506;16;403;P;1;6;;1403;2721;;4;;;401;1;1;1;1;1;1;;;+11291747;+2822515;0;1
506;16;404;P;1;11;;1403;1405;;4;;;401;1;1;1;1;1;1;;;+11293423;+2822547;0;1
506;16;405;P;1;12;;1403;1406;;4;;;401;1;1;1;1;1;1;;;+11294211;+2822566;0;1
506;16;406;P;1;6;;1403;1407;;4;;;401;1;1;1;1;1;1;;;+11295311;+2822591;0;1
506;16;409;P;1;6;;1403;2789;;4;;;401;1;1;1;1;1;1;;;+11297738;+2822681;0;1
506;16;1785;P;1;10;;2096;2097;;4;;;1784;1;1;1;1;1;1;;;+11287326;+2822849;0;1
506;16;1786;P;1;10;;2096;1526;;4;;;1784;1;1;1;1;1;1;;;+11289149;+2822556;0;1
506;16;1787;P;1;10;;2096;1764;;4;;;1784;1;1;1;1;1;1;;;+11290340;+2822485;0;1
506;16;1788;P;1;10;;2096;1372;;4;;;1784;1;1;1;1;1;1;;;+11290959;+2822495;0;1
506;16;1423;P;1;3;;1961;1960;;4;;;1910;1;1;1;1;1;1;;;+11284717;+2823586;0;0
506;16;1424;P;1;12;;1961;2098;;4;;;1910;1;1;1;1;1;1;;;+11288255;+2822585;0;1
506;16;1911;P;1;6;;1961;1819;;4;;;1910;1;1;1;1;1;1;;;+11290959;+2822495;0;1
506;16;1174;P;1;12;;2018;1690;;4;;;1173;1;1;1;1;1;1;;;+11305923;+2823756;0;1
506;16;1175;P;1;7;;2018;1691;;4;;;1173;1;1;1;1;1;1;;;+11307288;+2823848;0;1
506;16;1551;P;1;10;;2055;1434;;4;;;1550;1;1;1;1;1;1;;;+11298718;+2811607;0;1
506;16;1552;P;1;10;;2055;2035;;4;;;1550;1;1;1;1;1;1;;;+11299150;+2811663;0;1
506;16;1553;P;1;10;;2055;2052;;4;;;1550;1;1;1;1;1;1;;;+11299630;+2811706;0;1
506;16;1554;P;1;10;;2055;2029;;4;;;1550;1;1;1;1;1;1;;;+11300118;+2811806;0;1
506;16;1555;P;1;12;;2055;1397;;4;;;1550;1;1;1;1;1;1;;;+11300808;+2811891;0;1
506;16;1624;P;1;12;;1554;2068;;4;;;1623;1;1;1;1;1;1;;;+11301352;+2828912;0;1
506;16;1625;P;1;12;;1554;1992;;4;;;1623;1;1;1;1;1;1;;;+11300736;+2830738;0;0
506;16;1626;P;1;10;;1554;1993;;4;;;1623;1;1;1;1;1;1;;;+11300343;+2831441;0;0
506;16;1627;P;1;11;;1554;2069;;4;;;1623;1;1;1;1;1;1;;;+11298648;+2834977;0;0
506;16;1889;P;1;10;;2750;1380;;4;;;1888;1;1;1;1;1;1;;;+11297963;+2805732;0;1
506;16;521;P;1;10;;2750;1433;;4;;;1888;1;1;1;1;1;1;;;+11298547;+2807022;0;1
506;16;522;P;1;10;;2750;1434;;4;;;1888;1;1;1;1;1;1;;;+11298971;+2807379;0;1
506;16;972;P;1;11;;1629;1627;;4;;;971;1;1;1;1;1;1;;;+11300662;+2820013;0;1
506;16;973;P;1;10;;1629;1412;;4;;;971;1;1;1;1;1;1;;;+11301036;+2820180;0;1
506;16;1108;P;1;12;;1668;1497;;4;;;1107;1;1;1;1;1;1;;;+11298715;+2817136;0;1
506;16;1109;P;1;10;;1668;1498;;4;;;1107;1;1;1;1;1;1;;;+11299294;+2818067;0;1
506;16;1110;P;1;10;;1668;1493;;4;;;1107;1;1;1;1;1;1;;;+11299411;+2818600;0;1
506;16;1103;P;1;12;;1665;1666;;4;;;1102;1;1;1;1;1;1;;;+11302361;+2820008;0;1
506;16;1104;P;1;12;;1665;1660;;4;;;1102;1;1;1;1;1;1;;;+11302371;+2820450;0;1
506;16;1105;P;1;10;;1665;1547;;4;;;1102;1;1;1;1;1;1;;;+11302389;+2820872;0;1
506;16;1106;P;1;12;;1665;2772;;4;;;1102;1;1;1;1;1;1;;;+11302398;+2821276;0;1
