CID;TABCD;LCD;CLASS;TCD;STCD;ROADNUMBER;RNID;N1ID;N2ID;POL_LCD;PES_LEV
506;16;201;L;1;1;G0401;1962;1841;2100;4;
506;16;469;L;1;2;;1562;2706;2791;4;
506;16;743;L;1;4;;1466;1493;1467;4;
506;16;781;L;1;4;;1449;1448;1411;4;
506;16;618;L;1;2;G107;1469;1513;1479;4;
506;16;556;L;1;2;G107;1465;1491;1494;4;
506;16;549;L;1;2;G107;1435;1974;1430;4;
506;16;553;L;1;2;G107;1490;1430;1491;4;
506;16;497;L;1;2;G107;1464;2748;1466;4;
506;16;1748;L;1;4;G107;1716;1485;1513;4;
506;16;503;L;1;2;G107;1467;1466;1716;4;
506;16;542;L;1;2;G107;1397;1434;1974;4;
506;16;516;L;1;2;;1566;1975;2043;4;
506;16;660;L;1;4;;1527;1447;1528;4;
506;16;488;L;1;2;G319;1460;2721;1461;4;
506;16;483;L;1;2;G319;1399;2751;2721;4;
506;16;1429;L;1;2;G319;1981;1959;1421;4;
506;16;492;L;1;2;G319;1461;1460;1431;4;
506;16;419;L;1;2;;1569;1980;2324;4;
506;16;1011;L;1;4;;1633;1447;2754;4;
506;16;51;L;1;1;G5513;1960;2737;1962;4;
506;16;606;L;1;3;S101;1372;1403;2711;4;
506;16;581;L;1;3;S102;1499;1409;1988;4;
506;16;508;L;1;3;S103;1470;1716;1989;4;
506;16;513;L;1;3;S103;1387;1989;1953;4;
506;16;73;L;1;1;S20;1953;1411;1389;4;
506;16;94;L;1;1;S21;1948;1947;1953;4;
506;16;673;L;1;4;;1613;1447;2756;4;
506;16;680;L;1;4;;1493;1410;1413;4;
506;16;1187;L;1;4;;1702;2794;1701;4;
506;16;798;L;1;4;;1545;1561;1413;4;
506;16;1263;L;1;4;;1551;1553;1414;4;
506;16;960;L;1;4;;1625;1493;1464;4;
506;16;1028;L;1;4;;1640;1464;1448;4;
506;16;934;L;1;4;;1619;1490;1537;4;
506;16;83;L;1;1;S41;2024;1947;1430;4;
506;16;914;L;1;4;;1611;1608;1612;4;
506;16;1248;L;1;4;X035;1390;1470;1839;4;
506;16;775;L;1;4;X037;1402;1994;1555;4;
506;16;1439;L;1;4;X037;1993;1992;1994;4;
506;16;587;L;1;4;X037;1553;1413;1992;4;
506;16;1443;L;1;4;X049;1996;1978;1825;4;
506;16;861;L;1;4;;1995;1488;1978;4;
506;16;738;L;1;4;;1530;1491;1493;4;
506;16;1610;L;1;4;X057;1987;1805;2067;4;
506;16;1131;L;1;4;X068;1523;1673;1997;4;
506;16;1196;L;1;4;;1471;2757;1470;4;
506;16;1306;L;1;4;X083;1396;1758;2758;4;
506;16;563;L;1;4;XA54;1433;2750;1430;4;
506;16;910;L;1;4;;1608;1607;1527;4;
506;16;1309;L;1;4;;2759;1396;1430;4;
506;16;610;L;1;4;;1494;1410;1466;4;
506;16;1046;L;1;4;;1538;2790;2000;4;
506;16;1678;L;1;4;;2081;1514;1479;4;
506;16;1668;L;1;4;;2080;1855;1469;4;
506;16;1673;L;1;4;;1972;1469;1514;4;
506;16;1839;L;1;4;;1701;1972;2002;4;
506;16;1857;L;1;3;;2726;1808;1413;4;
506;16;1218;L;1;4;;1379;1989;2732;4;
506;16;1737;L;1;4;;1828;1414;1691;4;
506;16;1339;L;1;4;;1808;1552;2726;4;
506;16;986;L;1;4;;1634;1633;1539;4;
506;16;978;L;1;4;;1630;1529;1631;4;
506;16;982;L;1;4;;1632;1631;1633;4;
506;16;1825;L;1;4;;2722;1508;1808;4;
506;16;1894;L;1;4;;2764;2763;1507;4;
506;16;822;L;1;4;;2725;1507;1508;4;
506;16;624;L;1;4;;1484;1413;1377;4;
506;16;1300;L;1;4;;1484;1377;1953;4;
506;16;1877;L;1;4;;2730;2731;2734;4;
506;16;1303;L;1;4;;2026;1962;1396;4;
506;16;1072;L;1;4;;1652;1413;2004;4;
506;16;748;L;1;4;;1412;1467;1553;4;
506;16;669;L;1;4;;1492;1465;1530;4;
506;16;663;L;1;4;;1529;1528;1498;4;
506;16;666;L;1;4;;1498;1410;1492;4;
506;16;1255;L;1;4;;1719;1561;1545;4;
506;16;903;L;1;4;;1496;1610;1410;4;
506;16;1374;L;1;4;;1817;2007;1989;4;
506;16;1115;L;1;4;;1548;1449;1549;4;
506;16;1642;L;1;4;;1989;1470;1379;4;
506;16;754;L;1;3;;1413;1436;2726;4;
506;16;1596;L;1;4;;2064;2065;2000;4;
506;16;1383;L;1;4;;1578;1470;1379;4;
506;16;1743;L;1;4;;2767;1399;2008;4;
506;16;1628;L;1;4;;2001;1470;1379;4;
506;16;1726;L;1;4;;2002;2070;1379;4;
506;16;1720;L;1;4;;1842;2765;1379;4;
506;16;1657;L;1;4;;2077;2796;2073;4;
506;16;1211;L;1;4;;1695;1470;1379;4;
506;16;1577;L;1;4;;2769;1974;1443;4;
506;16;1580;L;1;4;;2812;2769;1973;4;
506;16;1119;L;1;4;;1669;1411;1856;4;
506;16;733;L;1;4;;1515;1961;1544;4;
506;16;568;L;1;4;;1434;1979;1430;4;
506;16;573;L;1;4;;1410;1430;1409;4;
506;16;1159;L;1;4;;1689;1885;1690;4;
506;16;1915;L;1;4;;2811;1552;1805;4;
506;16;628;L;1;3;;1500;1499;1413;4;
506;16;1156;L;1;4;;1687;1413;1885;4;
506;16;851;L;1;4;;1541;1579;1431;4;
506;16;957;L;1;4;;1624;1530;1493;4;
506;16;1284;L;1;4;;1660;1665;2000;4;
506;16;1388;L;1;4;;1824;1467;1660;4;
506;16;1062;L;1;4;;1999;1642;1484;4;
506;16;1067;L;1;4;;2004;1652;1467;4;
506;16;1777;L;1;4;;2763;1503;2764;4;
506;16;1896;L;1;4;;2770;1515;1503;4;
506;16;631;L;1;4;;1406;1403;2725;4;
506;16;1032;L;1;4;;1641;1974;1642;4;
506;16;593;L;1;4;;1503;2721;1808;4;
506;16;614;L;1;4;;1486;1413;2000;4;
506;16;835;L;1;4;;1590;1592;1589;4;
506;16;1583;L;1;4;;2733;1444;1377;4;
506;16;1500;L;1;4;;2015;2750;1488;4;
506;16;1392;L;1;4;;1963;1488;2797;4;
506;16;1137;L;1;4;;1984;1400;1523;4;
506;16;937;L;1;4;;1609;1607;1490;4;
506;16;995;L;1;4;;1637;1633;1446;4;
506;16;975;L;1;4;;1528;1497;1529;4;
506;16;991;L;1;4;;1636;1631;1633;4;
506;16;864;L;1;4;;1488;1978;1397;4;
506;16;1364;L;1;4;;1667;2771;1413;4;
506;16;1898;L;1;4;;2772;1413;1973;4;
506;16;79;L;1;1;;1575;1484;2103;4;
506;16;1654;L;1;4;;2076;1377;1387;4;
506;16;1091;L;1;4;;1661;2798;1547;4;
506;16;1789;L;1;4;;2098;1961;1400;4;
506;16;1270;L;1;4;;1638;1613;1410;4;
506;16;1006;L;1;4;;1546;1465;1466;4;
506;16;998;L;1;4;;1631;1447;1410;4;
506;16;1003;L;1;4;;1612;1410;1465;4;
506;16;1507;L;1;4;;1599;1978;1483;4;
506;16;1614;L;1;4;;1964;1988;1962;4;
506;16;644;L;1;4;;1507;1403;1372;4;
506;16;636;L;1;4;;1517;2721;1460;4;
506;16;639;L;1;4;;1405;1460;1403;4;
506;16;1226;L;1;4;;1690;1411;1711;4;
506;16;827;L;1;4;;1540;2721;1431;4;
506;16;59;L;1;1;;1863;1947;1385;4;
506;16;12051;L;1;1;;1305;1343;1311;6;
506;16;18051;L;1;1;;1313;1311;1324;7;
506;16;30051;L;1;1;;1334;1332;1947;9;
506;16;6051;L;1;1;;1294;1385;1303;5;
506;16;24051;L;1;1;;1326;1324;1332;8;
506;16;1040;L;1;4;;1974;1397;1641;4;
506;16;920;L;1;4;;1614;1612;1494;4;
506;16;1353;L;1;4;;1811;1430;1491;4;
506;16;1465;L;1;4;;1823;1694;2021;4;
506;16;1163;L;1;4;;1487;1690;1691;4;
506;16;1166;L;1;4;;1514;1691;1694;4;
506;16;700;L;1;4;;1436;1491;1538;4;
506;16;690;L;1;4;;1497;1447;1490;4;
506;16;695;L;1;4;;1491;1490;1430;4;
506;16;1662;L;1;4;;2070;1695;2077;4;
506;16;1233;L;1;4;;1704;1469;1694;4;
506;16;1237;L;1;4;;1700;1694;1695;4;
506;16;1689;L;1;4;;2765;1694;2002;4;
506;16;1683;L;1;4;;1822;1469;1694;4;
506;16;1570;L;1;4;;2056;1495;1434;4;
506;16;1556;L;1;4;;2035;1439;1495;4;
506;16;1523;L;1;4;;2049;2027;1439;4;
506;16;1370;L;1;4;;2000;2004;1412;4;
506;16;1822;L;1;4;;2720;1764;2721;4;
506;16;1906;L;1;4;;2757;1716;1390;4;
506;16;1768;L;1;4;;1526;1399;1961;4;
506;16;1315;L;1;4;;1764;2720;1961;4;
506;16;844;L;1;4;;1593;1542;1461;4;
506;16;839;L;1;4;;1579;2721;1542;4;
506;16;815;L;1;4;;2008;1399;2089;4;
506;16;1781;L;1;4;;2775;2008;1961;4;
506;16;818;L;1;4;;1459;2022;1524;4;
506;16;1087;L;1;4;;1659;1467;1660;4;
506;16;1077;L;1;4;;1654;2023;1485;4;
506;16;1083;L;1;4;;1656;1485;1467;4;
506;16;1587;L;1;4;;2062;1413;1973;4;
506;16;1702;L;1;4;;1479;1380;1379;4;
506;16;1043;L;1;4;;2042;1973;1645;4;
506;16;889;L;1;4;;1606;1434;1435;4;
506;16;1903;L;1;4;;2716;1433;1434;4;
506;16;436;L;1;3;;1430;2024;1436;4;
506;16;898;L;1;4;;1607;1447;1410;4;
506;16;1848;L;1;4;;1896;2080;2002;4;
506;16;848;L;1;4;;1542;1593;1431;4;
506;16;1241;L;1;4;;1513;1716;1989;4;
506;16;1230;L;1;4;;1714;1411;1469;4;
506;16;831;L;1;4;;1589;1591;1579;4;
506;16;927;L;1;4;;1615;1494;1448;4;
506;16;1055;L;1;4;;1642;1641;2800;4;
506;16;875;L;1;4;;1398;1433;1397;4;
506;16;686;L;1;4;;1485;1413;1716;4;
506;16;967;L;1;4;;1627;1494;1629;4;
506;16;413;L;1;3;;1411;1410;1953;4;
506;16;1176;L;1;4;;1698;1469;1578;4;
506;16;941;L;1;4;;1621;1490;1537;4;
506;16;1535;L;1;4;;2778;2029;1397;4;
506;16;1527;L;1;4;;2051;1438;1434;4;
506;16;1530;L;1;4;;2050;1434;2029;4;
506;16;1397;L;1;4;;1829;1467;1953;4;
506;16;1336;L;1;4;;1807;1805;1499;4;
506;16;1052;L;1;4;;1998;1538;1999;4;
506;16;589;L;1;4;;1483;1397;1962;4;
506;16;1472;L;1;4;;2027;1434;1397;4;
506;16;1518;L;1;4;;2048;1398;1495;4;
506;16;906;L;1;4;;1610;1430;1607;4;
506;16;953;L;1;4;;1623;1493;1464;4;
506;16;944;L;1;4;;1537;1811;1491;4;
506;16;948;L;1;4;;1561;1491;1493;4;
506;16;1037;L;1;4;;1643;1642;1436;4;
506;16;1123;L;1;4;;1549;1669;1413;4;
506;16;1222;L;1;4;;1711;1414;2007;4;
506;16;1021;L;1;4;;1639;1410;1449;4;
506;16;1892;L;1;4;;2762;1645;1642;4;
506;16;1696;L;1;4;;2084;1514;1479;4;
506;16;1192;L;1;4;;1693;1701;1514;4;
506;16;1819;L;1;4;;2719;1607;1497;4;
506;16;1267;L;1;4;;1726;1529;1613;4;
506;16;656;L;1;4;;1519;2721;1407;4;
506;16;652;L;1;4;;1524;2767;2721;4;
506;16;785;L;1;4;;1547;1780;2000;4;
506;16;1477;L;1;4;;2029;2028;1495;4;
506;16;1512;L;1;4;;2045;1397;1488;4;
506;16;893;L;1;4;;2028;1397;2029;4;
506;16;538;L;1;4;;1414;2005;2030;4;
506;16;1740;L;1;4;;2780;1414;1691;4;
506;16;858;L;1;4;;1978;1434;2782;4;
506;16;527;L;1;4;;1973;2781;2005;4;
506;16;1361;L;1;4;;1813;1412;2771;4;
506;16;1350;L;1;4;;1622;1537;1811;4;
506;16;1281;L;1;4;;1558;1547;2000;4;
506;16;1793;L;1;4;;2099;1526;2098;4;
506;16;1706;L;1;4;;2071;1514;1989;4;
506;16;1774;L;1;4;;2093;1519;1515;4;
506;16;1750;L;1;4;;2766;2767;1526;4;
506;16;1538;L;1;4;;2052;2050;1495;4;
506;16;765;L;1;3;;2721;1430;1808;4;
506;16;1859;L;1;4;;2727;1430;1808;4;
506;16;1401;L;1;4;;1691;1953;2031;4;
506;16;1252;L;1;4;;2768;1413;1973;4;
506;16;1149;L;1;4;;1684;1685;1552;4;
506;16;1755;L;1;4;;2090;1459;1684;4;
506;16;459;L;1;4;;1444;1973;2733;4;
506;16;456;L;1;4;;1443;1435;1973;4;
506;16;1017;L;1;4;;1635;1447;1410;4;
506;16;452;L;1;4;;1441;1397;1973;4;
506;16;445;L;1;4;;1437;1433;1434;4;
506;16;449;L;1;4;;1439;1434;1397;4;
506;16;1330;L;1;4;;1805;1408;2066;4;
506;16;1515;L;1;4;;2046;2047;1430;4;
506;16;704;L;1;4;;1447;1430;1408;4;
506;16;1024;L;1;4;;1539;1447;1410;4;
506;16;1801;L;1;4;X065;1997;2726;1900;4;
506;16;1342;L;1;4;;1552;1431;1543;4;
506;16;1804;L;1;4;;2758;1396;2105;4;
506;16;712;L;1;4;;1431;1430;1552;4;
506;16;964;L;1;4;;1626;1464;1494;4;
506;16;410;L;1;3;;1409;1408;1410;4;
506;16;930;L;1;4;;1616;1410;1490;4;
506;16;885;L;1;4;;1605;1434;1397;4;
506;16;879;L;1;4;;1604;1433;1602;4;
506;16;882;L;1;4;;1603;1602;1434;4;
506;16;1574;L;1;4;;2057;2716;1434;4;
506;16;869;L;1;4;;1438;1434;1437;4;
506;16;872;L;1;4;;1602;1437;1603;4;
506;16;1618;L;1;4;;1992;1805;1554;4;
506;16;1202;L;1;4;;1694;1470;1379;4;
506;16;1128;L;1;4;;2005;1413;1414;4;
506;16;1808;L;1;4;;2106;1411;1549;4;
506;16;1426;L;1;4;;1975;1380;1434;4;
506;16;1797;L;1;4;;1543;1508;1808;4;
506;16;719;L;1;4;;1407;1461;1403;4;
506;16;1141;L;1;4;;1508;1403;1507;4;
506;16;1835;L;1;4;;2724;1405;1407;4;
506;16;1497;L;1;4;;1985;1507;1400;4;
506;16;1545;L;1;4;;2054;2035;1397;4;
506;16;465;L;1;4;;1448;1410;2787;4;
506;16;462;L;1;4;;1446;1447;1410;4;
506;16;1591;L;1;4;;2063;1684;1446;4;
506;16;1562;L;1;4;;1495;1433;1435;4;
506;16;1357;L;1;4;;1812;1616;1410;4;
506;16;1377;L;1;4;;1819;1399;1372;4;
506;16;1829;L;1;4;;2723;1519;2725;4;
506;16;110;L;1;1;S61;2806;1422;1400;4;
506;16;401;L;1;3;;1403;1372;2789;4;
506;16;1784;L;1;4;;2096;2097;1372;4;
506;16;1910;L;1;3;G5513;1961;1960;1819;4;
506;16;1173;L;1;4;;2018;1690;1691;4;
506;16;1550;L;1;4;;2055;1434;1397;4;
506;16;1623;L;1;4;;1554;2068;2069;4;
506;16;1888;L;1;2;G107;2750;1380;1434;4;
506;16;971;L;1;4;;1629;1627;1412;4;
506;16;1107;L;1;4;;1668;1497;1493;4;
506;16;1102;L;1;4;;1665;1666;2772;4;
