CID;TABCD;LCD;INT_CID;INT_TABCD;INT_LCD
348;46;18480;348;46;18492
348;46;18492;348;46;18480
348;46;18481;348;46;18497
348;46;18497;348;46;18481
348;46;18464;348;46;18476
348;46;18476;348;46;18484
348;46;18484;348;46;18504
348;46;18504;348;46;18464
348;46;18466;348;46;18477
348;46;18477;348;46;18466
348;46;18423;348;46;18455
348;46;18455;348;46;18463
348;46;18463;348;46;18506
348;46;18506;348;46;18423
348;46;18467;348;46;18470
348;46;18470;348;46;18522
348;46;18522;348;46;18615
348;46;18615;348;46;18467
348;46;18590;348;46;18592
348;46;18592;348;46;18746
348;46;18746;348;46;18590
348;46;18567;348;46;18569
348;46;18569;348;46;18647
348;46;18647;348;46;18959
348;46;18959;348;46;18567
348;46;18570;348;46;18962
348;46;18962;348;46;18570
348;46;18571;348;46;19005
348;46;19005;348;46;18571
348;46;18572;348;46;18640
348;46;18640;348;46;18572
348;46;18552;348;46;18554
348;46;18554;348;46;18613
348;46;18613;348;46;18552
348;46;18555;348;46;18818
348;46;18818;348;46;18555
348;46;18556;348;46;18558
348;46;18558;348;46;18556
348;46;18566;348;46;18923
348;46;18923;348;46;18948
348;46;18948;348;46;18566
348;46;18940;348;46;18949
348;46;18949;348;46;18940
348;46;18950;348;46;18958
348;46;18958;348;46;18950
348;46;18951;348;46;18953
348;46;18953;348;46;18951
348;46;18961;348;46;18964
348;46;18964;348;46;18961
348;46;18965;348;46;19004
348;46;19004;348;46;18965
348;46;18802;348;46;18804
348;46;18804;348;46;18802
348;46;18805;348;46;18834
348;46;18834;348;46;18805
348;46;18755;348;46;18806
348;46;18806;348;46;18755
348;46;18784;348;46;18796
348;46;18796;348;46;18919
348;46;18919;348;46;18925
348;46;18925;348;46;18784
348;46;18926;348;46;18928
348;46;18928;348;46;18926
348;46;18527;348;46;18529
348;46;18529;348;46;18537
348;46;18537;348;46;18527
348;46;18474;348;46;18530
348;46;18530;348;46;18474
348;46;18683;348;46;18693
348;46;18693;348;46;18695
348;46;18695;348;46;18683
348;46;18842;348;46;18862
348;46;18862;348;46;18842
348;46;18863;348;46;18907
348;46;18907;348;46;18863
348;46;18864;348;46;18893
348;46;18893;348;46;18899
348;46;18899;348;46;18864
348;46;18623;348;46;18865
348;46;18865;348;46;18623
348;46;18866;348;46;18915
348;46;18915;348;46;18866
348;46;18867;348;46;18921
348;46;18921;348;46;18867
348;46;18651;348;46;18868
348;46;18868;348;46;18932
348;46;18932;348;46;18651
348;46;18657;348;46;18869
348;46;18869;348;46;18657
348;46;18935;348;46;18937
348;46;18937;348;46;18935
348;46;18628;348;46;18630
348;46;18630;348;46;18938
348;46;18938;348;46;18628
348;46;18939;348;46;18943
348;46;18943;348;46;18945
348;46;18945;348;46;18939
348;46;18696;348;46;18700
348;46;18700;348;46;18696
348;46;18767;348;46;18769
348;46;18769;348;46;19064
348;46;19064;348;46;18767
348;46;19006;348;46;19008
348;46;19008;348;46;19062
348;46;19062;348;46;19006
348;46;18809;348;46;18811
348;46;18811;348;46;18871
348;46;18871;348;46;18809
348;46;18872;348;46;18874
348;46;18874;348;46;18872
348;46;18978;348;46;18981
348;46;18981;348;46;18994
348;46;18994;348;46;18978
348;46;18995;348;46;18999
348;46;18999;348;46;19001
348;46;19001;348;46;18995
348;46;18642;348;46;18996
348;46;18996;348;46;18642
348;46;18485;348;46;18493
348;46;18493;348;46;18485
348;46;18489;348;46;18494
348;46;18494;348;46;18489
348;46;18835;348;46;18837
348;46;18837;348;46;18835
348;46;18799;348;46;18801
348;46;18801;348;46;18799
348;46;18770;348;46;18772
348;46;18772;348;46;18787
348;46;18787;348;46;18770
348;46;18788;348;46;19023
348;46;19023;348;46;18788
348;46;18790;348;46;19024
348;46;19024;348;46;18790
348;46;18875;348;46;18877
348;46;18877;348;46;18875
348;46;18879;348;46;18881
348;46;18881;348;46;19055
348;46;19055;348;46;18879
348;46;18659;348;46;18665
348;46;18665;348;46;18659
348;46;18666;348;46;18985
348;46;18985;348;46;18666
348;46;18667;348;46;18974
348;46;18974;348;46;18667
348;46;18539;348;46;18668
348;46;18668;348;46;18539
348;46;18756;348;46;18758
348;46;18758;348;46;18775
348;46;18775;348;46;18756
348;46;18776;348;46;18786
348;46;18786;348;46;18776
348;46;18777;348;46;18853
348;46;18853;348;46;18777
348;46;18779;348;46;18780
348;46;18780;348;46;18904
348;46;18904;348;46;18779
348;46;18513;348;46;18531
348;46;18531;348;46;18513
348;46;18532;348;46;18543
348;46;18543;348;46;18532
348;46;18888;348;46;18890
348;46;18890;348;46;18888
348;46;18829;348;46;18892
348;46;18892;348;46;18829
348;46;18721;348;46;18724
348;46;18724;348;46;18726
348;46;18726;348;46;18721
348;46;18727;348;46;18730
348;46;18730;348;46;18727
348;46;18711;348;46;18713
348;46;18713;348;46;18728
348;46;18728;348;46;18711
348;46;18714;348;46;18716
348;46;18716;348;46;18731
348;46;18731;348;46;18714
348;46;18658;348;46;18670
348;46;18670;348;46;18658
348;46;18671;348;46;18673
348;46;18673;348;46;18982
348;46;18982;348;46;18984
348;46;18984;348;46;18671
348;46;18523;348;46;18525
348;46;18525;348;46;18523
348;46;18520;348;46;18526
348;46;18526;348;46;18520
348;46;18708;348;46;18710
348;46;18710;348;46;18708
348;46;18697;348;46;18704
348;46;18704;348;46;18697
348;46;18603;348;46;18619
348;46;18619;348;46;18603
348;46;18621;348;46;18762
348;46;18762;348;46;18621
348;46;18622;348;46;18858
348;46;18858;348;46;18622
348;46;18624;348;46;18830
348;46;18830;348;46;18624
348;46;18564;348;46;18625
348;46;18625;348;46;18627
348;46;18627;348;46;18564
348;46;18649;348;46;18988
348;46;18988;348;46;18649
348;46;18812;348;46;18814
348;46;18814;348;46;18812
348;46;18641;348;46;18992
348;46;18992;348;46;18641
348;46;18634;348;46;18636
348;46;18636;348;46;18634
348;46;18637;348;46;18644
348;46;18644;348;46;18637
348;46;18488;348;46;18503
348;46;18503;348;46;18488
348;46;18490;348;46;18517
348;46;18517;348;46;18519
348;46;18519;348;46;18617
348;46;18617;348;46;18490
348;46;18581;348;46;18689
348;46;18689;348;46;18581
348;46;18792;348;46;18795
348;46;18795;348;46;18792
348;46;18510;348;46;18514
348;46;18514;348;46;18510
348;46;18502;348;46;18509
348;46;18509;348;46;18502
348;46;18511;348;46;18516
348;46;18516;348;46;18534
348;46;18534;348;46;18511
348;46;18542;348;46;18574
348;46;18574;348;46;18588
348;46;18588;348;46;18542
348;46;18589;348;46;18680
348;46;18680;348;46;18589
348;46;18631;348;46;18633
348;46;18633;348;46;18956
348;46;18956;348;46;18631
348;46;18946;348;46;18957
348;46;18957;348;46;18946
348;46;18544;348;46;18546
348;46;18546;348;46;18544
348;46;18547;348;46;18719
348;46;18719;348;46;18547
348;46;18548;348;46;18723
348;46;18723;348;46;18548
348;46;18549;348;46;18551
348;46;18551;348;46;18549
348;46;18759;348;46;18852
348;46;18852;348;46;18759
348;46;18760;348;46;18905
348;46;18905;348;46;18760
348;46;18761;348;46;18897
348;46;18897;348;46;18761
348;46;18763;348;46;18914
348;46;18914;348;46;18763
348;46;18764;348;46;18920
348;46;18920;348;46;18764
348;46;18656;348;46;18977
348;46;18977;348;46;18656
348;46;18652;348;46;18655
348;46;18655;348;46;18652
348;46;18969;348;46;18986
348;46;18986;348;46;18969
348;46;18404;348;46;18406
348;46;18406;348;46;18404
348;46;18407;348;46;18417
348;46;18417;348;46;18407
348;46;18734;348;46;18736
348;46;18736;348;46;18734
348;46;18737;348;46;18739
348;46;18739;348;46;18737
348;46;18819;348;46;18821
348;46;18821;348;46;18819
348;46;18822;348;46;18824
348;46;18824;348;46;18847
348;46;18847;348;46;18822
348;46;18435;348;46;18444
348;46;18444;348;46;18435
348;46;18486;348;46;18616
348;46;18616;348;46;18486
348;46;18431;348;46;18440
348;46;18440;348;46;18431
348;46;18438;348;46;18441
348;46;18441;348;46;18438
348;46;18442;348;46;18473
348;46;18473;348;46;18442
348;46;18427;348;46;18457
348;46;18457;348;46;18459
348;46;18459;348;46;18469
348;46;18469;348;46;18472
348;46;18472;348;46;18427
348;46;18535;348;46;18579
348;46;18579;348;46;18597
348;46;18597;348;46;18748
348;46;18748;348;46;18535
348;46;18841;348;46;18848
348;46;18848;348;46;18855
348;46;18855;348;46;18841
348;46;18856;348;46;18906
348;46;18906;348;46;18856
348;46;18857;348;46;18898
348;46;18898;348;46;18857
348;46;18580;348;46;18686
348;46;18686;348;46;18580
348;46;18838;348;46;18840
348;46;18840;348;46;18838
348;46;18825;348;46;18827
348;46;18827;348;46;18843
348;46;18843;348;46;18825
348;46;18844;348;46;18911
348;46;18911;348;46;18844
348;46;18563;348;46;18845
348;46;18845;348;46;18563
348;46;18414;348;46;18416
348;46;18416;348;46;18425
348;46;18425;348;46;18414
348;46;18970;348;46;18973
348;46;18973;348;46;18970
348;46;18674;348;46;18975
348;46;18975;348;46;18674
348;46;18828;348;46;18908
348;46;18908;348;46;18910
348;46;18910;348;46;18828
348;46;18831;348;46;18916
348;46;18916;348;46;18831
348;46;18832;348;46;18922
348;46;18922;348;46;18832
348;46;18413;348;46;18419
348;46;18419;348;46;18413
348;46;18421;348;46;18429
348;46;18429;348;46;18421
348;46;18422;348;46;18451
348;46;18451;348;46;18422
348;46;18426;348;46;18430
348;46;18430;348;46;18426
348;46;18433;348;46;19019
348;46;19019;348;46;18433
348;46;18882;348;46;18942
348;46;18942;348;46;18882
348;46;18448;348;46;18452
348;46;18452;348;46;18448
348;46;18595;348;46;18599
348;46;18599;348;46;18601
348;46;18601;348;46;18595
348;46;18602;348;46;18684
348;46;18684;348;46;18602
348;46;18604;348;46;18794
348;46;18794;348;46;18604
348;46;18584;348;46;18605
348;46;18605;348;46;18584
348;46;18781;348;46;18896
348;46;18896;348;46;18781
348;46;18540;348;46;18645
348;46;18645;348;46;18676
348;46;18676;348;46;18540
348;46;18675;348;46;19002
348;46;19002;348;46;18675
348;46;18929;348;46;18931
348;46;18931;348;46;18929
348;46;18577;348;46;18583
348;46;18583;348;46;18705
348;46;18705;348;46;18577
348;46;18586;348;46;18663
348;46;18663;348;46;18971
348;46;18971;348;46;18586
348;46;18660;348;46;18662
348;46;18662;348;46;18660
348;46;18593;348;46;18609
348;46;18609;348;46;18611
348;46;18611;348;46;18593
348;46;18594;348;46;18752
348;46;18752;348;46;18754
348;46;18754;348;46;18594
348;46;18598;348;46;18607
348;46;18607;348;46;18598
348;46;18560;348;46;18562
348;46;18562;348;46;18560
348;46;18885;348;46;18887
348;46;18887;348;46;18885
348;46;18434;348;46;18437
348;46;18437;348;46;18434
348;46;18410;348;46;18412
348;46;18412;348;46;18410
348;46;18783;348;46;18913
348;46;18913;348;46;18783
348;46;18575;348;46;18682
348;46;18682;348;46;18575
348;46;18612;348;46;18740
348;46;18740;348;46;18612
348;46;18402;348;46;18409
348;46;18409;348;46;18402
348;46;18449;348;46;18456
348;46;18456;348;46;18449
348;46;18849;348;46;18851
348;46;18851;348;46;18849
348;46;18565;348;46;18917
348;46;18917;348;46;18565
348;46;18989;348;46;18991
348;46;18991;348;46;18998
348;46;18998;348;46;18989
348;46;19030;348;46;19032
348;46;19032;348;46;19030
348;46;19036;348;46;19038
348;46;19038;348;46;19036
348;46;19039;348;46;19042
348;46;19042;348;46;19039
348;46;19046;348;46;19049
348;46;19049;348;46;19046
348;46;18559;348;46;19054
348;46;19054;348;46;18559
