CID;TABCD;LCD;CLASS;TCD;STCD;JUNCTIONNUMBER;RNID;N1ID;N2ID;POL_LCD;OTH_LCD;SEG_LCD;ROA_LCD;INPOS;INNEG;OUTPOS;OUTNEG;PRESENTPOS;PRESENTNEG;DIVERSIONPOS;DIVERSIONNEG;XCOORD;YCOORD;INTERRUPTSROAD;URBAN
348;46;18479;P;1;12;;1677;1865;;18052;;;18478;1;1;1;1;1;1;;;+11356041;+2215248;0;1
348;46;18480;P;1;11;;1677;1678;;18052;;;18478;1;1;1;1;1;1;;;+11356139;+2215340;0;1
348;46;18481;P;1;11;;1677;1679;;18052;;;18478;1;1;1;1;1;1;;;+11356305;+2215474;0;1
348;46;18482;P;1;12;;1677;1675;;18052;;;18478;1;1;1;1;1;1;;;+11356385;+2215542;0;1
348;46;18476;P;1;8;;1677;1673;;18052;;;18475;1;1;1;1;1;1;;;+11355837;+2215343;0;1
348;46;18477;P;1;12;;1677;1674;;18052;;;18475;1;1;1;1;1;1;;;+11356091;+2215226;0;1
348;46;18463;P;1;8;;1672;1661;;18052;;18462;;1;1;1;1;1;1;;;+11355599;+2214942;0;1
348;46;18464;P;1;8;;1672;1673;;18052;;18462;;1;1;1;1;1;1;;;+11355837;+2215343;18466;1
348;46;18466;P;1;12;;1672;1674;;18052;;18465;;1;1;1;1;1;1;;;+11356091;+2215226;18464;1
348;46;18467;P;1;8;;1672;1675;;18052;;18465;;1;1;1;1;1;1;;;+11356508;+2215407;0;1
348;46;18745;P;1;12;;1727;1692;;18052;;;18744;1;1;1;1;1;1;;;+11354765;+2218645;0;1
348;46;18746;P;1;10;;1727;1725;;18052;;;18744;1;1;1;1;1;1;;;+11354499;+2218838;0;1
348;46;18569;P;1;10;;1713;1712;;18052;;;18568;1;1;1;1;1;1;;;+11355251;+2220738;0;1
348;46;18570;P;1;11;;1713;1714;;18052;;;18568;1;1;1;1;1;1;;;+11355264;+2220910;0;1
348;46;18571;P;1;11;;1713;1715;;18052;;;18568;1;1;1;1;1;1;;;+11355274;+2221054;0;1
348;46;18572;P;1;12;;1713;1716;;18052;;;18568;1;1;1;1;1;1;;;+11355291;+2221177;0;1
348;46;19038;P;1;11;;1859;1717;;18052;;;19037;1;1;1;1;1;1;;;+11355568;+2218724;0;0
348;46;19039;P;1;12;;1859;1857;;18052;;;19037;1;1;1;1;1;1;;;+11355826;+2218817;0;0
348;46;18554;P;1;10;;1703;1702;;18052;;;18553;1;1;1;1;1;1;;;+11354167;+2219353;0;1
348;46;18555;P;1;12;;1703;1704;;18052;;;18553;1;1;1;1;1;1;;;+11354211;+2219582;0;1
348;46;18556;P;1;11;;1703;1705;;18052;;;18553;1;1;1;1;1;1;;;+11354246;+2219722;0;1
348;46;18948;P;1;10;;1824;1711;;18052;;18947;;1;1;1;1;1;1;;;+11355098;+2220452;0;1
348;46;18949;P;1;12;;1824;1742;;18052;;18947;;1;1;1;1;1;1;;;+11355026;+2220558;0;1
348;46;18950;P;1;11;;1824;1712;;18052;;18947;;1;1;1;1;1;1;;;+11354963;+2220767;0;1
348;46;18951;P;1;11;;1824;1826;;18052;;18947;;1;1;1;1;1;1;;;+11354934;+2220855;18964;1
348;46;18964;P;1;11;;1824;1714;;18052;;18963;;1;1;1;1;1;1;;;+11354907;+2220951;18951;1
348;46;18965;P;1;12;;1824;1715;;18052;;18963;;1;1;1;1;1;1;;;+11354914;+2221068;0;1
348;46;18966;P;1;12;;1824;1744;;18052;;18963;;1;1;1;1;1;1;;;+11354924;+2221216;0;1
348;46;18804;P;1;12;;1776;1874;;18052;;;18803;1;1;1;1;1;1;;;+11354659;+2219154;0;1
348;46;18805;P;1;12;;1776;1796;;18052;;;18803;1;1;1;1;1;1;;;+11354865;+2219174;0;1
348;46;18806;P;1;11;;1776;1729;;18052;;;18803;1;1;1;1;1;1;;;+11354934;+2219195;0;1
348;46;19029;P;1;12;;1855;1854;;18052;;;19028;1;1;1;1;1;1;;;+11355407;+2218348;0;0
348;46;19030;P;1;11;;1855;1717;;18052;;;19028;1;1;1;1;1;1;;;+11355687;+2218450;0;0
348;46;18925;P;1;10;;1819;1711;;18052;;;18924;1;1;1;1;1;1;;;+11355756;+2219893;0;1
348;46;18926;P;1;11;;1819;1820;;18052;;;18924;1;1;1;1;1;1;;;+11355807;+2220059;0;1
348;46;18529;P;1;6;;1676;1690;;18052;;;18528;1;1;1;1;1;1;;;+11356878;+2216247;0;1
348;46;18530;P;1;8;;1676;1667;;18052;;;18528;1;1;1;1;1;1;;;+11357830;+2215973;0;1
348;46;18692;P;1;11;;1762;1720;;18052;;;18691;1;1;1;1;1;1;;;+11355148;+2218833;0;1
348;46;18693;P;1;10;;1762;1761;;18052;;;18691;1;1;1;1;1;1;;;+11355468;+2218953;0;1
348;46;18862;P;1;12;;1740;1708;;18052;;;18861;1;1;1;1;1;1;;;+11354851;+2219607;0;1
348;46;18863;P;1;11;;1740;1779;;18052;;;18861;1;1;1;1;1;1;;;+11355015;+2219750;0;1
348;46;18864;P;1;11;;1740;1806;;18052;;;18861;1;1;1;1;1;1;;;+11355108;+2219860;0;1
348;46;18865;P;1;11;;1740;1736;;18052;;;18861;1;1;1;1;1;1;;;+11355217;+2219996;0;1
348;46;18866;P;1;10;;1740;1710;;18052;;;18861;1;1;1;1;1;1;;;+11355297;+2220089;0;1
348;46;18867;P;1;11;;1740;1711;;18052;;;18861;1;1;1;1;1;1;;;+11355390;+2220201;0;1
348;46;18868;P;1;10;;1740;1750;;18052;;;18861;1;1;1;1;1;1;;;+11355537;+2220377;0;1
348;46;18869;P;1;10;;1740;1752;;18052;;;18861;1;1;1;1;1;1;;;+11355620;+2220481;0;1
348;46;18937;P;1;12;;1742;1822;;18052;;;18936;1;1;1;1;1;1;;;+11354516;+2220429;0;1
348;46;18938;P;1;11;;1742;1709;;18052;;;18936;1;1;1;1;1;1;;;+11354732;+2220484;0;1
348;46;18939;P;1;11;;1742;1823;;18052;;;18936;1;1;1;1;1;1;;;+11354872;+2220506;0;1
348;46;18940;P;1;12;;1742;1824;;18052;;;18936;1;1;1;1;1;1;;;+11355026;+2220558;0;1
348;46;18699;P;1;12;;1721;1722;;18052;;;18698;1;1;1;1;1;1;;;+11355726;+2219288;0;1
348;46;18700;P;1;11;;1721;1761;;18052;;;18698;1;1;1;1;1;1;;;+11355838;+2219212;0;1
348;46;18701;P;1;12;;1721;1694;;18052;;;18698;1;1;1;1;1;1;;;+11355947;+2219137;0;1
348;46;18766;P;1;11;;1781;1728;;18052;;;18765;1;1;1;1;1;1;;;+11354922;+2218804;0;1
348;46;18767;P;1;12;;1781;1782;;18052;;;18765;1;1;1;1;1;1;;;+11355015;+2218985;0;1
348;46;19004;P;1;12;;1715;1824;;18052;;;19003;1;1;1;1;1;1;;;+11354914;+2221068;0;1
348;46;19005;P;1;11;;1715;1713;;18052;;;19003;1;1;1;1;1;1;;;+11355274;+2221054;0;1
348;46;19006;P;1;11;;1715;1830;;18052;;;19003;1;1;1;1;1;1;;;+11355380;+2221047;0;1
348;46;18871;P;1;11;;1798;1797;;18052;;;18870;1;1;1;1;1;1;;;+11354527;+2219276;0;1
348;46;18872;P;1;11;;1798;1811;;18052;;;18870;1;1;1;1;1;1;;;+11354301;+2219406;0;1
348;46;18994;P;1;10;;1829;1757;;18052;;;18993;1;1;1;1;1;1;;;+11355571;+2220700;0;1
348;46;18995;P;1;10;;1829;1759;;18052;;;18993;1;1;1;1;1;1;;;+11355615;+2220953;0;1
348;46;18996;P;1;12;;1829;1746;;18052;;;18993;1;1;1;1;1;1;;;+11355649;+2221205;0;1
348;46;18492;P;1;11;;1678;1677;;18052;;;18491;1;1;1;1;1;1;;;+11356139;+2215340;0;1
348;46;18493;P;1;11;;1678;1680;;18052;;;18491;1;1;1;1;1;1;;;+11356010;+2215482;0;1
348;46;18494;P;1;12;;1678;1681;;18052;;;18491;1;1;1;1;1;1;;;+11355817;+2215691;0;1
348;46;19026;P;1;12;;1854;1697;;18052;;;19025;1;1;1;1;1;1;;;+11355444;+2218276;0;0
348;46;19027;P;1;12;;1854;1694;;18052;;;19025;1;1;1;1;1;1;;;+11355240;+2218697;0;0
348;46;18934;P;1;12;;1822;1815;;18052;;;18933;1;1;1;1;1;1;;;+11354633;+2220197;0;1
348;46;18935;P;1;12;;1822;1742;;18052;;;18933;1;1;1;1;1;1;;;+11354516;+2220429;0;1
348;46;19054;P;1;10;;1706;1705;;18052;;;19053;1;1;1;1;1;1;;;+11354323;+2219958;0;1
348;46;19055;P;1;11;;1706;1815;;18052;;;19053;1;1;1;1;1;1;;;+11354288;+2220040;0;1
348;46;18834;P;1;12;;1796;1776;;18052;;;18833;1;1;1;1;1;1;;;+11354865;+2219174;0;1
348;46;18835;P;1;12;;1796;1807;;18052;;;18833;1;1;1;1;1;1;;;+11354798;+2219375;0;1
348;46;18798;P;1;10;;1791;1728;;18052;;;18797;1;1;1;1;1;1;;;+11354679;+2218971;0;1
348;46;18799;P;1;11;;1791;1792;;18052;;;18797;1;1;1;1;1;1;;;+11354642;+2219072;0;1
348;46;18772;P;1;11;;1785;1784;;18052;;;18771;1;1;1;1;1;1;;;+11355188;+2219301;0;1
348;46;18773;P;1;11;;1785;1786;;18052;;;18771;1;1;1;1;1;1;;;+11355516;+2219659;0;1
348;46;19022;P;1;12;;1788;1785;;18052;;;19021;1;1;1;1;1;1;;;+11355252;+2219375;0;1
348;46;19023;P;1;12;;1788;1784;;18052;;;19021;1;1;1;1;1;1;;;+11355325;+2219303;0;1
348;46;19024;P;1;11;;1788;1789;;18052;;;19021;1;1;1;1;1;1;;;+11355375;+2219274;0;1
348;46;18877;P;1;11;;1813;1703;;18052;;;18876;1;1;1;1;1;1;;;+11354182;+2219428;0;1
348;46;18878;P;1;12;;1813;1814;;18052;;;18876;1;1;1;1;1;1;;;+11354205;+2219727;0;1
348;46;18879;P;1;11;;1813;1815;;18052;;;18876;1;1;1;1;1;1;;;+11354288;+2220040;0;1
348;46;18665;P;1;10;;1695;1752;;18052;;;18664;1;1;1;1;1;1;;;+11355895;+2220256;0;1
348;46;18666;P;1;10;;1695;1755;;18052;;;18664;1;1;1;1;1;1;;;+11356082;+2220451;0;1
348;46;18667;P;1;10;;1695;1756;;18052;;;18664;1;1;1;1;1;1;;;+11356182;+2220546;0;1
348;46;18668;P;1;10;;1695;1693;;18052;;;18664;1;1;1;1;1;1;;;+11356466;+2220831;0;1
348;46;18775;P;1;12;;1777;1729;;18052;;;18774;1;1;1;1;1;1;;;+11355002;+2219287;0;1
348;46;18776;P;1;11;;1777;1784;;18052;;;18774;1;1;1;1;1;1;;;+11355092;+2219299;0;1
348;46;18777;P;1;11;;1777;1787;;18052;;;18774;1;1;1;1;1;1;;;+11355202;+2219435;0;1
348;46;18780;P;1;10;;1777;1779;;18052;;;18774;1;1;1;1;1;1;;;+11355310;+2219559;0;1
348;46;18786;P;1;11;;1784;1777;;18052;;;18785;1;1;1;1;1;1;;;+11355092;+2219299;0;1
348;46;18787;P;1;11;;1784;1783;;18052;;;18785;1;1;1;1;1;1;;;+11355188;+2219301;0;1
348;46;18788;P;1;12;;1784;1788;;18052;;;18785;1;1;1;1;1;1;;;+11355325;+2219303;0;1
348;46;18769;P;1;12;;1783;1782;;18052;;;18768;1;1;1;1;1;1;;;+11355015;+2218985;0;1
348;46;18770;P;1;11;;1783;1784;;18052;;;18768;1;1;1;1;1;1;;;+11355188;+2219301;0;1
348;46;18506;P;1;8;;1661;1656;;18052;;;18505;1;1;1;1;1;1;;;+11355599;+2214942;0;1
348;46;18507;P;1;12;;1661;1866;;18052;;;18505;1;1;1;1;1;1;;;+11354740;+2215281;0;1
348;46;18531;P;1;8;;1661;1868;;18052;;;18505;1;1;1;1;1;1;;;+11354569;+2215862;0;1
348;46;18532;P;1;12;;1661;1869;;18052;;;18505;1;1;1;1;1;1;;;+11353531;+2217863;0;1
348;46;18890;P;1;12;;1806;1818;;18052;;;18889;1;1;1;1;1;1;;;+11354645;+2219920;0;1
348;46;18891;P;1;11;;1806;1708;;18052;;;18889;1;1;1;1;1;1;;;+11354800;+2219970;0;1
348;46;18892;P;1;11;;1806;1741;;18052;;;18889;1;1;1;1;1;1;;;+11354994;+2219903;0;1
348;46;18893;P;1;11;;1806;1740;;18052;;;18889;1;1;1;1;1;1;;;+11355108;+2219860;0;1
348;46;18726;P;1;12;;1769;1885;;18052;;;18725;1;1;1;1;1;1;;;+11354008;+2218804;0;1
348;46;18727;P;1;11;;1769;1770;;18052;;;18725;1;1;1;1;1;1;;;+11354144;+2218783;0;1
348;46;18728;P;1;12;;1769;1766;;18052;;;18725;1;1;1;1;1;1;;;+11354186;+2218725;0;1
348;46;19057;P;1;12;;1786;1736;;18052;;;19056;1;1;1;1;1;1;;;+11355568;+2219614;0;0
348;46;19058;P;1;10;;1786;1737;;18052;;;19056;1;1;1;1;1;1;;;+11355467;+2219707;0;0
348;46;18713;P;1;12;;1766;1765;;18052;;;18712;1;1;1;1;1;1;;;+11354186;+2218725;0;1
348;46;18714;P;1;12;;1766;1767;;18052;;;18712;1;1;1;1;1;1;;;+11354277;+2218811;0;1
348;46;18670;P;1;10;;1754;1752;;18052;;;18669;1;1;1;1;1;1;;;+11355694;+2220421;0;1
348;46;18671;P;1;10;;1754;1757;;18052;;;18669;1;1;1;1;1;1;;;+11355795;+2220630;0;1
348;46;18525;P;1;11;;1688;1689;;18052;;;18524;1;1;1;1;1;1;;;+11356753;+2215703;0;1
348;46;18526;P;1;12;;1688;1687;;18052;;;18524;1;1;1;1;1;1;;;+11356586;+2215863;0;1
348;46;18527;P;1;7;;1688;1690;;18052;;;18524;1;1;1;1;1;1;;;+11356878;+2216247;0;1
348;46;18710;P;1;11;;1765;1764;;18052;;;18709;1;1;1;1;1;1;;;+11354007;+2218567;0;1
348;46;18711;P;1;12;;1765;1766;;18052;;;18709;1;1;1;1;1;1;;;+11354186;+2218725;0;1
348;46;18695;P;1;10;;1761;1717;;18052;;;18694;1;1;1;1;1;1;;;+11355468;+2218953;0;1
348;46;18696;P;1;11;;1761;1721;;18052;;;18694;1;1;1;1;1;1;;;+11355838;+2219212;0;1
348;46;18697;P;1;12;;1761;1763;;18052;;;18694;1;1;1;1;1;1;;;+11355904;+2219300;0;1
348;46;18619;P;3;1;;1736;1722;;18052;;;18618;1;1;1;1;1;1;;;+11355700;+2219275;0;1
348;46;18620;P;1;12;;1736;1786;;18052;;;18618;1;1;1;1;1;1;;;+11355570;+2219615;0;1
348;46;18621;P;1;10;;1736;1738;;18052;;;18618;1;1;1;1;1;1;;;+11355412;+2219818;0;1
348;46;18622;P;1;10;;1736;1739;;18052;;;18618;1;1;1;1;1;1;;;+11355319;+2219901;0;1
348;46;18623;P;1;11;;1736;1740;;18052;;;18618;1;1;1;1;1;1;;;+11355217;+2219996;0;1
348;46;18624;P;1;11;;1736;1741;;18052;;;18618;1;1;1;1;1;1;;;+11355058;+2220133;0;1
348;46;18625;P;1;10;;1736;1709;;18052;;;18618;1;1;1;1;1;1;;;+11354942;+2220243;0;1
348;46;18647;P;1;10;;1749;1712;;18052;;;18646;1;1;1;1;1;1;;;+11355251;+2220738;0;1
348;46;18649;P;1;10;;1749;1751;;18052;;;18646;1;1;1;1;1;1;;;+11355442;+2220715;0;1
348;46;18730;P;1;11;;1770;1769;;18052;;;18729;1;1;1;1;1;1;;;+11354144;+2218783;0;1
348;46;18731;P;1;12;;1770;1767;;18052;;;18729;1;1;1;1;1;1;;;+11354277;+2218811;0;1
348;46;18811;P;1;11;;1799;1798;;18052;;;18810;1;1;1;1;1;1;;;+11354527;+2219276;0;1
348;46;18812;P;1;12;;1799;1800;;18052;;;18810;1;1;1;1;1;1;;;+11354463;+2219404;0;1
348;46;18639;P;1;12;;1746;1744;;18052;;;18638;1;1;1;1;1;1;;;+11355192;+2221285;0;1
348;46;18640;P;1;12;;1746;1716;;18052;;;18638;1;1;1;1;1;1;;;+11355291;+2221177;0;1
348;46;18641;P;1;11;;1746;1748;;18052;;;18638;1;1;1;1;1;1;;;+11355502;+2221137;0;1
348;46;18642;P;1;12;;1746;1829;;18052;;;18638;1;1;1;1;1;1;;;+11355649;+2221205;0;1
348;46;18636;P;1;12;;1746;1744;;18052;;;18635;1;1;1;1;1;1;;;+11355088;+2221264;0;1
348;46;18637;P;1;12;;1746;1696;;18052;;;18635;1;1;1;1;1;1;;;+11355732;+2221186;0;1
348;46;19015;P;1;12;;1840;1746;;18052;;;19014;1;1;1;1;1;1;;;+11355146;+2221285;0;1
348;46;19016;P;1;11;;1840;1845;;18052;;;19014;1;1;1;1;1;1;;;+11355373;+2221373;0;0
348;46;18488;P;1;12;;1681;1673;;18052;;;18487;1;1;1;1;1;1;;;+11355367;+2215443;0;1
348;46;18489;P;1;12;;1681;1678;;18052;;;18487;1;1;1;1;1;1;;;+11355817;+2215691;0;1
348;46;18490;P;1;8;;1681;1682;;18052;;;18487;1;1;1;1;1;1;;;+11355986;+2215952;0;1
348;46;18689;P;1;12;;1720;1694;;18052;;;18688;1;1;1;1;1;1;;;+11355178;+2218710;0;1
348;46;18690;P;1;12;;1720;1884;;18052;;;18688;1;1;1;1;1;1;;;+11355119;+2218857;0;1
348;46;18814;P;1;12;;1800;1799;;18052;;;18813;1;1;1;1;1;1;;;+11354463;+2219404;0;1
348;46;18815;P;1;12;;1800;1801;;18052;;;18813;1;1;1;1;1;1;;;+11354347;+2219505;0;1
348;46;18816;P;1;12;;1800;1875;;18052;;;18813;1;1;1;1;1;1;;;+11354314;+2219589;0;1
348;46;18790;P;1;11;;1789;1788;;18052;;;18789;1;1;1;1;1;1;;;+11355375;+2219274;0;1
348;46;18791;P;1;12;;1789;1732;;18052;;;18789;1;1;1;1;1;1;;;+11355697;+2219388;0;1
348;46;18792;P;1;8;;1789;1733;;18052;;;18789;1;1;1;1;1;1;;;+11355923;+2219857;0;1
348;46;19012;P;1;12;;1723;1722;;18052;;;19011;1;1;1;1;1;1;;;+11356026;+2219498;0;1
348;46;19013;P;1;12;;1723;1694;;18052;;;19011;1;1;1;1;1;1;;;+11356621;+2219634;0;1
348;46;18513;P;1;8;;1685;1684;;18052;;;18512;1;1;1;1;1;1;;;+11354569;+2215862;0;1
348;46;18514;P;1;12;;1685;1683;;18052;;;18512;1;1;1;1;1;1;;;+11354974;+2216093;0;1
348;46;18509;P;1;8;;1683;1673;;18052;;;18508;1;1;1;1;1;1;;;+11354824;+2215379;0;1
348;46;18510;P;1;12;;1683;1685;;18052;;;18508;1;1;1;1;1;1;;;+11354974;+2216093;0;1
348;46;18511;P;1;8;;1683;1682;;18052;;;18508;1;1;1;1;1;1;;;+11355371;+2216141;0;1
348;46;18588;P;1;8;;1725;1697;;18052;;;18587;1;1;1;1;1;1;;;+11354265;+2217776;0;1
348;46;18589;P;1;10;;1725;1726;;18052;;;18587;1;1;1;1;1;1;;;+11354273;+2218326;0;1
348;46;18590;P;1;10;;1725;1727;;18052;;;18587;1;1;1;1;1;1;;;+11354499;+2218838;0;1
348;46;18633;P;1;11;;1744;1712;;18052;;;18632;1;1;1;1;1;1;;;+11354642;+2220805;0;1
348;46;18634;P;1;12;;1744;1746;;18052;;;18632;1;1;1;1;1;1;;;+11355088;+2221264;0;1
348;46;18945;P;1;11;;1825;1823;;18052;;;18944;1;1;1;1;1;1;;;+11354872;+2220506;0;1
348;46;18946;P;1;12;;1825;1712;;18052;;;18944;1;1;1;1;1;1;;;+11354784;+2220785;0;1
348;46;18546;P;1;11;;1698;1691;;18052;;;18545;1;1;1;1;1;1;;;+11353581;+2218398;0;1
348;46;18547;P;1;11;;1698;1699;;18052;;;18545;1;1;1;1;1;1;;;+11353717;+2218560;0;1
348;46;18548;P;1;12;;1698;1700;;18052;;;18545;1;1;1;1;1;1;;;+11353922;+2218851;0;1
348;46;18549;P;1;12;;1698;1701;;18052;;;18545;1;1;1;1;1;1;;;+11354048;+2219078;0;1
348;46;18758;P;1;12;;1738;1777;;18052;;;18757;1;1;1;1;1;1;;;+11355002;+2219287;0;1
348;46;18759;P;1;10;;1738;1778;;18052;;;18757;1;1;1;1;1;1;;;+11355146;+2219475;0;1
348;46;18760;P;1;10;;1738;1779;;18052;;;18757;1;1;1;1;1;1;;;+11355241;+2219602;0;1
348;46;18761;P;1;10;;1738;1780;;18052;;;18757;1;1;1;1;1;1;;;+11355296;+2219671;0;1
348;46;18762;P;1;10;;1738;1736;;18052;;;18757;1;1;1;1;1;1;;;+11355412;+2219818;0;1
348;46;18763;P;1;10;;1738;1710;;18052;;;18757;1;1;1;1;1;1;;;+11355493;+2219929;0;1
348;46;18764;P;1;10;;1738;1711;;18052;;;18757;1;1;1;1;1;1;;;+11355581;+2220038;0;1
348;46;18977;P;1;12;;1753;1752;;18052;;;18976;1;1;1;1;1;1;;;+11355515;+2220567;0;1
348;46;18978;P;1;10;;1753;1757;;18052;;;18976;1;1;1;1;1;1;;;+11355571;+2220700;0;1
348;46;18651;P;1;10;;1750;1740;;18052;;;18650;1;1;1;1;1;1;;;+11355537;+2220377;0;1
348;46;18652;P;1;12;;1750;1752;;18052;;;18650;1;1;1;1;1;1;;;+11355443;+2220630;0;1
348;46;18653;P;1;10;;1750;1749;;18052;;;18650;1;1;1;1;1;1;;;+11355379;+2220720;0;1
348;46;18984;P;1;10;;1755;1757;;18052;;;18983;1;1;1;1;1;1;;;+11355795;+2220630;0;1
348;46;18985;P;1;10;;1755;1695;;18052;;;18983;1;1;1;1;1;1;;;+11356082;+2220451;0;1
348;46;18986;P;1;10;;1755;1827;;18052;;;18983;1;1;1;1;1;1;;;+11356286;+2220258;0;1
348;46;19048;P;1;12;;1861;1695;;18052;;;19047;1;1;1;1;1;1;;;+11356274;+2220640;0;0
348;46;19049;P;1;11;;1861;1860;;18052;;;19047;1;1;1;1;1;1;;;+11356065;+2220800;0;0
348;46;19050;P;1;12;;1861;1862;;18052;;;19047;1;1;1;1;1;1;;;+11356023;+2220924;0;0
348;46;19051;P;1;11;;1861;1863;;18052;;;19047;1;1;1;1;1;1;;;+11356171;+2220907;0;0
348;46;19052;P;1;12;;1861;1864;;18052;;;19047;1;1;1;1;1;1;;;+11356375;+2220739;0;0
348;46;18406;P;1;12;;1653;1652;;18052;;;18405;1;1;1;1;1;1;;;+11357242;+2211177;0;1
348;46;18407;P;1;8;;1653;1654;;18052;;;18405;1;1;1;1;1;1;;;+11358380;+2212641;0;1
348;46;18736;P;1;11;;1772;1771;;18052;;;18735;1;1;1;1;1;1;;;+11354218;+2218972;0;1
348;46;18737;P;1;12;;1772;1774;;18052;;;18735;1;1;1;1;1;1;;;+11354333;+2219062;0;1
348;46;18821;P;1;12;;1803;1802;;18052;;;18820;1;1;1;1;1;1;;;+11354348;+2219594;0;1
348;46;18822;P;1;12;;1803;1804;;18052;;;18820;1;1;1;1;1;1;;;+11354517;+2219622;0;1
348;46;18551;P;1;12;;1701;1698;;18052;;;18550;1;1;1;1;1;1;;;+11354048;+2219078;0;1
348;46;18552;P;1;10;;1701;1702;;18052;;;18550;1;1;1;1;1;1;;;+11354167;+2219353;0;1
348;46;18459;P;1;8;;1666;1662;;18052;;;18443;1;1;1;1;1;1;;;+11356896;+2214802;0;1
348;46;18444;P;1;8;;1666;1664;;18052;;;18443;1;1;1;1;1;1;;;+11357386;+2214712;0;1
348;46;18445;P;1;12;;1666;1663;;18052;;;18443;1;1;1;1;1;1;;;+11357662;+2214825;0;1
348;46;18484;P;1;8;;1680;1673;;18052;;;18483;1;1;1;1;1;1;;;+11355837;+2215343;0;1
348;46;18485;P;1;11;;1680;1678;;18052;;;18483;1;1;1;1;1;1;;;+11356010;+2215482;0;1
348;46;18486;P;1;8;;1680;1675;;18052;;;18483;1;1;1;1;1;1;;;+11356262;+2215674;0;1
348;46;18440;P;1;8;;1663;1659;;18052;;;18439;1;1;1;1;1;1;;;+11358050;+2213595;0;1
348;46;18441;P;1;8;;1663;1665;;18052;;;18439;1;1;1;1;1;1;;;+11358013;+2214272;0;1
348;46;18442;P;1;8;;1663;1667;;18052;;;18439;1;1;1;1;1;1;;;+11357428;+2215251;0;1
348;46;18522;P;1;8;;1689;1675;;18052;;;18521;1;1;1;1;1;1;;;+11356508;+2215407;0;1
348;46;18523;P;1;11;;1689;1688;;18052;;;18521;1;1;1;1;1;1;;;+11356753;+2215703;0;1
348;46;18469;P;1;8;;1662;1657;;18052;;;18468;1;1;1;1;1;1;;;+11356896;+2214802;0;1
348;46;18470;P;1;8;;1662;1675;;18052;;;18468;1;1;1;1;1;1;;;+11356508;+2215407;0;1
348;46;18534;P;1;8;;1686;1683;;18052;;;18533;1;1;1;1;1;1;;;+11355371;+2216141;0;1
348;46;18535;P;1;8;;1686;1692;;18052;;;18533;1;1;1;1;1;1;;;+11354859;+2218544;0;1
348;46;18855;P;1;8;;1739;1810;;18052;;;18854;1;1;1;1;1;1;;;+11354859;+2219521;0;1
348;46;18856;P;1;10;;1739;1779;;18052;;;18854;1;1;1;1;1;1;;;+11355082;+2219704;0;1
348;46;18857;P;1;11;;1739;1780;;18052;;;18854;1;1;1;1;1;1;;;+11355177;+2219781;0;1
348;46;18858;P;1;10;;1739;1736;;18052;;;18854;1;1;1;1;1;1;;;+11355319;+2219901;0;1
348;46;18859;P;1;11;;1739;1710;;18052;;;18854;1;1;1;1;1;1;;;+11355427;+2219985;0;1
348;46;18860;P;1;12;;1739;1711;;18052;;;18854;1;1;1;1;1;1;;;+11355540;+2220072;0;1
348;46;18686;P;1;12;;1719;1694;;18052;;;18685;1;1;1;1;1;1;;;+11355072;+2218662;0;1
348;46;18687;P;1;12;;1719;1722;;18052;;;18685;1;1;1;1;1;1;;;+11354996;+2218788;0;1
348;46;18840;P;1;11;;1708;1809;;18052;;;18839;1;1;1;1;1;1;;;+11354872;+2219426;0;1
348;46;18841;P;1;8;;1708;1810;;18052;;;18839;1;1;1;1;1;1;;;+11354859;+2219521;0;1
348;46;18842;P;1;12;;1708;1740;;18052;;;18839;1;1;1;1;1;1;;;+11354851;+2219607;0;1
348;46;18843;P;1;11;;1708;1804;;18052;;;18839;1;1;1;1;1;1;;;+11354831;+2219719;0;1
348;46;18844;P;1;12;;1708;1805;;18052;;;18839;1;1;1;1;1;1;;;+11354813;+2219886;0;1
348;46;18845;P;1;10;;1708;1707;;18052;;;18839;1;1;1;1;1;1;;;+11354782;+2220115;0;1
348;46;18416;P;1;8;;1654;1657;;18052;;;18415;1;1;1;1;1;1;;;+11356802;+2212846;0;1
348;46;18417;P;1;8;;1654;1653;;18052;;;18415;1;1;1;1;1;1;;;+11358380;+2212641;0;1
348;46;19008;P;1;11;;1831;1830;;18052;;;19007;1;1;1;1;1;1;;;+11355380;+2221047;0;1
348;46;19009;P;1;10;;1831;1748;;18052;;;19007;1;1;1;1;1;1;;;+11355493;+2221033;0;1
348;46;19010;P;1;11;;1831;1829;;18052;;;19007;1;1;1;1;1;1;;;+11355626;+2221015;0;1
348;46;18502;P;1;8;;1673;1683;;18052;;;18501;1;1;1;1;1;1;;;+11354824;+2215379;0;1
348;46;18503;P;1;12;;1673;1681;;18052;;;18501;1;1;1;1;1;1;;;+11355367;+2215443;0;1
348;46;18504;P;1;8;;1673;1672;;18052;;;18501;1;1;1;1;1;1;;;+11355837;+2215343;0;1
348;46;18973;P;1;11;;1756;1827;;18052;;;18972;1;1;1;1;1;1;;;+11356462;+2220289;0;1
348;46;18974;P;1;10;;1756;1695;;18052;;;18972;1;1;1;1;1;1;;;+11356182;+2220546;0;1
348;46;18975;P;1;10;;1756;1758;;18052;;;18972;1;1;1;1;1;1;;;+11355869;+2220814;0;1
348;46;19044;P;1;10;;1860;1755;;18052;;;19043;1;1;1;1;1;1;;;+11355885;+2220617;0;0
348;46;19045;P;1;10;;1860;1756;;18052;;;19043;1;1;1;1;1;1;;;+11355976;+2220719;0;0
348;46;19046;P;1;11;;1860;1861;;18052;;;19043;1;1;1;1;1;1;;;+11356065;+2220800;0;0
348;46;18961;P;1;11;;1714;1824;;18052;;;18960;1;1;1;1;1;1;;;+11354907;+2220951;0;1
348;46;18962;P;1;11;;1714;1713;;18052;;;18960;1;1;1;1;1;1;;;+11355264;+2220910;0;1
348;46;18723;P;1;12;;1700;1698;;18052;;;18722;1;1;1;1;1;1;;;+11353922;+2218851;0;1
348;46;18724;P;1;12;;1700;1699;;18052;;;18722;1;1;1;1;1;1;;;+11354008;+2218804;0;1
348;46;18824;P;1;12;;1804;1803;;18052;;;18823;1;1;1;1;1;1;;;+11354517;+2219622;0;1
348;46;18825;P;1;11;;1804;1708;;18052;;;18823;1;1;1;1;1;1;;;+11354831;+2219719;0;1
348;46;18827;P;1;11;;1741;1708;;18052;;;18826;1;1;1;1;1;1;;;+11354831;+2219719;0;1
348;46;18828;P;1;11;;1741;1805;;18052;;;18826;1;1;1;1;1;1;;;+11354955;+2219789;0;1
348;46;18829;P;1;11;;1741;1806;;18052;;;18826;1;1;1;1;1;1;;;+11354994;+2219903;0;1
348;46;18830;P;1;11;;1741;1736;;18052;;;18826;1;1;1;1;1;1;;;+11355058;+2220133;0;1
348;46;18831;P;1;10;;1741;1710;;18052;;;18826;1;1;1;1;1;1;;;+11355135;+2220225;0;1
348;46;18832;P;1;12;;1741;1711;;18052;;;18826;1;1;1;1;1;1;;;+11355224;+2220335;0;1
348;46;19018;P;3;37;;1851;1656;;18052;;;19017;1;1;1;1;1;1;;;+11355406;+2213704;0;1
348;46;19020;P;1;12;;1851;1659;;18052;;;19017;1;1;1;1;1;1;;;+11356660;+2213620;0;1
348;46;18419;P;1;8;;1656;1655;;18052;;;18418;1;1;1;1;1;1;;;+11356425;+2212858;0;1
348;46;18420;P;1;8;;1656;1658;;18052;;;18418;1;1;1;1;1;1;;;+11355785;+2212983;0;1
348;46;18421;P;1;8;;1656;1659;;18052;;;18418;1;1;1;1;1;1;;;+11355767;+2213690;0;1
348;46;18422;P;1;8;;1656;1660;;18052;;;18418;1;1;1;1;1;1;;;+11355750;+2214022;0;1
348;46;18423;P;1;8;;1656;1661;;18052;;;18418;1;1;1;1;1;1;;;+11355599;+2214942;0;1
348;46;18429;P;1;8;;1659;1656;;18052;;;18428;1;1;1;1;1;1;;;+11355767;+2213690;0;1
348;46;18430;P;1;8;;1659;1657;;18052;;;18428;1;1;1;1;1;1;;;+11356835;+2213599;0;1
348;46;19019;P;1;12;;1659;1664;;18052;;;18428;1;1;1;1;1;1;;;+11357350;+2213553;0;1
348;46;18431;P;1;8;;1659;1663;;18052;;;18428;1;1;1;1;1;1;;;+11358050;+2213595;0;1
348;46;18881;P;1;11;;1815;1813;;18052;;;18880;1;1;1;1;1;1;;;+11354288;+2220040;0;1
348;46;18882;P;1;11;;1815;1709;;18052;;;18880;1;1;1;1;1;1;;;+11354888;+2220293;0;1
348;46;18716;P;1;12;;1767;1766;;18052;;;18715;1;1;1;1;1;1;;;+11354277;+2218811;0;1
348;46;18717;P;1;11;;1767;1702;;18052;;;18715;1;1;1;1;1;1;;;+11354538;+2218997;0;1
348;46;18451;P;1;8;;1660;1656;;18052;;;18450;1;1;1;1;1;1;;;+11355750;+2214022;0;1
348;46;18452;P;1;8;;1660;1668;;18052;;;18450;1;1;1;1;1;1;;;+11356282;+2213984;0;1
348;46;18453;P;1;12;;1660;1657;;18052;;;18450;1;1;1;1;1;1;;;+11356850;+2213960;0;1
348;46;18425;P;1;8;;1657;1655;;18052;;;18424;1;1;1;1;1;1;;;+11356802;+2212846;0;1
348;46;18426;P;1;8;;1657;1659;;18052;;;18424;1;1;1;1;1;1;;;+11356835;+2213599;0;1
348;46;18427;P;1;8;;1657;1662;;18052;;;18424;1;1;1;1;1;1;;;+11356896;+2214802;0;1
348;46;18601;P;1;11;;1722;1728;;18052;;;18600;1;1;1;1;1;1;;;+11354960;+2218778;0;1
348;46;18602;P;1;7;;1722;1717;;18052;;;18600;1;1;1;1;1;1;;;+11355394;+2219043;0;1
348;46;18603;P;1;12;;1722;1732;;18052;;;18600;1;1;1;1;1;1;;;+11355700;+2219275;0;1
348;46;18604;P;1;12;;1722;1733;;18052;;;18600;1;1;1;1;1;1;;;+11355953;+2219526;0;1
348;46;18605;P;1;12;;1722;1694;;18052;;;18600;1;1;1;1;1;1;;;+11356174;+2219436;0;1
348;46;18896;P;1;10;;1780;1737;;18052;;18895;;1;1;1;1;1;1;;;+11355360;+2219616;0;1
348;46;18897;P;1;10;;1780;1738;;18052;;18895;;1;1;1;1;1;1;;;+11355296;+2219671;0;1
348;46;18898;P;1;11;;1780;1739;;18052;;18895;;1;1;1;1;1;1;;;+11355177;+2219781;0;1
348;46;18899;P;1;11;;1780;1806;;18052;;18895;;1;1;1;1;1;1;;;+11355108;+2219860;18901;1
348;46;18901;P;1;12;;1780;1806;;18052;;18900;;1;1;1;1;1;1;;;+11355090;+2219868;18899;1
348;46;18902;P;1;11;;1780;1741;;18052;;18900;;1;1;1;1;1;1;;;+11355015;+2219955;0;1
348;46;18707;P;1;12;;1764;1878;;18052;;;18706;1;1;1;1;1;1;;;+11353633;+2218447;0;1
348;46;18708;P;1;11;;1764;1765;;18052;;;18706;1;1;1;1;1;1;;;+11354007;+2218567;0;1
348;46;18644;P;1;12;;1696;1746;;18052;;;18643;1;1;1;1;1;1;;;+11355732;+2221186;0;1
348;46;18645;P;1;12;;1696;1693;;18052;;;18643;1;1;1;1;1;1;;;+11355992;+2221086;0;1
348;46;18673;P;1;10;;1758;1757;;18052;;;18672;1;1;1;1;1;1;;;+11355795;+2220630;0;1
348;46;18674;P;1;10;;1758;1756;;18052;;;18672;1;1;1;1;1;1;;;+11355869;+2220814;0;1
348;46;18675;P;1;11;;1758;1759;;18052;;;18672;1;1;1;1;1;1;;;+11355909;+2220916;0;1
348;46;18676;P;1;12;;1758;1696;;18052;;;18672;1;1;1;1;1;1;;;+11355992;+2221086;0;1
348;46;18980;P;1;10;;1757;1750;;18052;;;18979;1;1;1;1;1;1;;;+11355422;+2220670;0;1
348;46;18981;P;1;10;;1757;1753;;18052;;;18979;1;1;1;1;1;1;;;+11355571;+2220700;0;1
348;46;18982;P;1;10;;1757;1754;;18052;;;18979;1;1;1;1;1;1;;;+11355795;+2220630;0;1
348;46;19032;P;1;11;;1856;1717;;18052;;;19031;1;1;1;1;1;1;;;+11355687;+2218450;0;0
348;46;19033;P;1;11;;1856;1857;;18052;;;19031;1;1;1;1;1;1;;;+11355944;+2218553;0;0
348;46;18931;P;1;12;;1821;1820;;18052;;;18930;1;1;1;1;1;1;;;+11355685;+2220175;0;1
348;46;18932;P;1;10;;1821;1740;;18052;;;18930;1;1;1;1;1;1;;;+11355537;+2220377;0;1
348;46;18703;P;1;10;;1763;1722;;18052;;;18702;1;1;1;1;1;1;;;+11355803;+2219366;0;1
348;46;18704;P;1;12;;1763;1761;;18052;;;18702;1;1;1;1;1;1;;;+11355904;+2219300;0;1
348;46;18705;P;1;11;;1763;1694;;18052;;;18702;1;1;1;1;1;1;;;+11356003;+2219203;0;1
348;46;18968;P;1;11;;1827;1695;;18052;;;18967;1;1;1;1;1;1;;;+11355952;+2220309;0;1
348;46;18969;P;1;10;;1827;1755;;18052;;;18967;1;1;1;1;1;1;;;+11356286;+2220258;0;1
348;46;18970;P;1;11;;1827;1756;;18052;;;18967;1;1;1;1;1;1;;;+11356462;+2220289;0;1
348;46;18971;P;1;11;;1827;1724;;18052;;;18967;1;1;1;1;1;1;;;+11356566;+2220182;0;1
348;46;18919;P;1;10;;1711;1737;;18052;;;18918;1;1;1;1;1;1;;;+11355756;+2219893;0;1
348;46;18920;P;1;10;;1711;1738;;18052;;;18918;1;1;1;1;1;1;;;+11355581;+2220038;0;1
348;46;18921;P;1;11;;1711;1740;;18052;;;18918;1;1;1;1;1;1;;;+11355390;+2220201;0;1
348;46;18922;P;1;12;;1711;1741;;18052;;;18918;1;1;1;1;1;1;;;+11355224;+2220335;0;1
348;46;18923;P;1;10;;1711;1707;;18052;;;18918;1;1;1;1;1;1;;;+11355098;+2220452;0;1
348;46;18874;P;1;11;;1812;1886;;18052;;;18873;1;1;1;1;1;1;;;+11354301;+2219406;0;1
348;46;18875;P;1;11;;1812;1703;;18052;;;18873;1;1;1;1;1;1;;;+11354182;+2219428;0;1
348;46;18678;P;1;12;;1726;1691;;18052;;;18677;1;1;1;1;1;1;;;+11353478;+2217940;0;1
348;46;18679;P;1;12;;1726;1760;;18052;;;18677;1;1;1;1;1;1;;;+11354014;+2218236;0;1
348;46;18680;P;1;10;;1726;1725;;18052;;;18677;1;1;1;1;1;1;;;+11354273;+2218326;0;1
348;46;18910;P;1;11;;1805;1741;;18052;;;18909;1;1;1;1;1;1;;;+11354955;+2219789;0;1
348;46;18911;P;1;12;;1805;1708;;18052;;;18909;1;1;1;1;1;1;;;+11354813;+2219886;0;1
348;46;18655;P;1;12;;1752;1750;;18052;;;18654;1;1;1;1;1;1;;;+11355443;+2220630;0;1
348;46;18656;P;1;12;;1752;1753;;18052;;;18654;1;1;1;1;1;1;;;+11355515;+2220567;0;1
348;46;18657;P;1;10;;1752;1740;;18052;;;18654;1;1;1;1;1;1;;;+11355620;+2220481;0;1
348;46;18658;P;1;10;;1752;1754;;18052;;;18654;1;1;1;1;1;1;;;+11355694;+2220421;0;1
348;46;18659;P;1;10;;1752;1695;;18052;;;18654;1;1;1;1;1;1;;;+11355895;+2220256;0;1
348;46;18660;P;1;12;;1752;1724;;18052;;;18654;1;1;1;1;1;1;;;+11356057;+2220141;0;1
348;46;18496;P;1;12;;1679;1672;;18052;;;18495;1;1;1;1;1;1;;;+11356380;+2215367;0;1
348;46;18497;P;1;11;;1679;1677;;18052;;;18495;1;1;1;1;1;1;;;+11356305;+2215474;0;1
348;46;18498;P;1;11;;1679;1680;;18052;;;18495;1;1;1;1;1;1;;;+11356182;+2215615;0;1
348;46;18499;P;1;11;;1679;1681;;18052;;;18495;1;1;1;1;1;1;;;+11355957;+2215846;0;1
348;46;18592;P;1;10;;1728;1727;;18052;;;18591;1;1;1;1;1;1;;;+11354499;+2218838;0;1
348;46;18593;P;1;10;;1728;1702;;18052;;;18591;1;1;1;1;1;1;;;+11354604;+2218938;0;1
348;46;18594;P;1;10;;1728;1729;;18052;;;18591;1;1;1;1;1;1;;;+11354839;+2218964;0;1
348;46;18595;P;1;11;;1728;1722;;18052;;;18591;1;1;1;1;1;1;;;+11354960;+2218778;0;1
348;46;18837;P;1;12;;1808;1807;;18052;;;18836;1;1;1;1;1;1;;;+11354798;+2219375;0;1
348;46;18838;P;1;11;;1808;1809;;18052;;;18836;1;1;1;1;1;1;;;+11354872;+2219426;0;1
348;46;18597;P;1;8;;1730;1692;;18052;;;18596;1;1;1;1;1;1;;;+11354859;+2218544;0;1
348;46;18598;P;1;10;;1730;1731;;18052;;;18596;1;1;1;1;1;1;;;+11354846;+2218699;0;1
348;46;18599;P;1;11;;1730;1722;;18052;;;18596;1;1;1;1;1;1;;;+11354960;+2218778;0;1
348;46;18956;P;1;11;;1712;1743;;18052;;;18955;1;1;1;1;1;1;;;+11354642;+2220805;0;1
348;46;18957;P;1;12;;1712;1825;;18052;;;18955;1;1;1;1;1;1;;;+11354784;+2220785;0;1
348;46;18958;P;1;11;;1712;1824;;18052;;;18955;1;1;1;1;1;1;;;+11354963;+2220767;0;1
348;46;18959;P;1;10;;1712;1707;;18052;;;18955;1;1;1;1;1;1;;;+11355251;+2220738;0;1
348;46;19064;P;1;12;;1782;1781;;18052;;;19063;1;1;1;1;1;1;;;+11355015;+2218985;0;1
348;46;19065;P;1;12;;1782;1784;;18052;;;19063;1;1;1;1;1;1;;;+11355303;+2219301;0;0
348;46;18733;P;1;12;;1771;1879;;18052;;;18732;1;1;1;1;1;1;;;+11354178;+2218804;0;1
348;46;18734;P;1;11;;1771;1772;;18052;;;18732;1;1;1;1;1;1;;;+11354218;+2218972;0;1
348;46;18904;P;1;10;;1779;1737;;18052;;;18903;1;1;1;1;1;1;;;+11355310;+2219559;0;1
348;46;18905;P;1;10;;1779;1738;;18052;;;18903;1;1;1;1;1;1;;;+11355241;+2219602;0;1
348;46;18906;P;1;10;;1779;1739;;18052;;;18903;1;1;1;1;1;1;;;+11355082;+2219704;0;1
348;46;18907;P;1;11;;1779;1740;;18052;;;18903;1;1;1;1;1;1;;;+11355015;+2219750;0;1
348;46;18908;P;1;11;;1779;1805;;18052;;;18903;1;1;1;1;1;1;;;+11354955;+2219789;0;1
348;46;18818;P;1;12;;1704;1703;;18052;;;18817;1;1;1;1;1;1;;;+11354211;+2219582;0;1
348;46;18819;P;1;12;;1704;1802;;18052;;;18817;1;1;1;1;1;1;;;+11354348;+2219594;0;1
348;46;18630;P;1;11;;1743;1742;;18052;;;18629;1;1;1;1;1;1;;;+11354732;+2220484;0;1
348;46;18631;P;1;11;;1743;1712;;18052;;;18629;1;1;1;1;1;1;;;+11354642;+2220805;0;1
348;46;18558;P;1;11;;1705;1703;;18052;;;18557;1;1;1;1;1;1;;;+11354246;+2219722;0;1
348;46;18559;P;1;10;;1705;1706;;18052;;;18557;1;1;1;1;1;1;;;+11354323;+2219958;0;1
348;46;18560;P;1;12;;1705;1707;;18052;;;18557;1;1;1;1;1;1;;;+11354570;+2220020;0;1
348;46;18884;P;1;11;;1816;1804;;18052;;;18883;1;1;1;1;1;1;;;+11354589;+2219636;0;1
348;46;18885;P;1;12;;1816;1817;;18052;;;18883;1;1;1;1;1;1;;;+11354549;+2219885;0;1
348;46;18627;P;1;10;;1709;1707;;18052;;;18626;1;1;1;1;1;1;;;+11354942;+2220243;0;1
348;46;18628;P;1;11;;1709;1742;;18052;;;18626;1;1;1;1;1;1;;;+11354732;+2220484;0;1
348;46;18942;P;1;11;;1823;1880;;18052;;;18941;1;1;1;1;1;1;;;+11354888;+2220293;0;1
348;46;18943;P;1;11;;1823;1742;;18052;;;18941;1;1;1;1;1;1;;;+11354872;+2220506;0;1
348;46;18437;P;1;8;;1665;1664;;18052;;;18436;1;1;1;1;1;1;;;+11357401;+2214187;0;1
348;46;18438;P;1;8;;1665;1663;;18052;;;18436;1;1;1;1;1;1;;;+11358013;+2214272;0;1
348;46;19035;P;1;12;;1858;1854;;18052;;;19034;1;1;1;1;1;1;;;+11355293;+2218615;0;0
348;46;19036;P;1;11;;1858;1717;;18052;;;19034;1;1;1;1;1;1;;;+11355568;+2218724;0;0
348;46;18887;P;1;12;;1817;1816;;18052;;;18886;1;1;1;1;1;1;;;+11354549;+2219885;0;1
348;46;18888;P;1;12;;1817;1818;;18052;;;18886;1;1;1;1;1;1;;;+11354645;+2219920;0;1
348;46;18412;P;1;11;;1655;1650;;18052;;;18411;1;1;1;1;1;1;;;+11355800;+2211975;0;1
348;46;18413;P;1;8;;1655;1656;;18052;;;18411;1;1;1;1;1;1;;;+11356425;+2212858;0;1
348;46;18414;P;1;8;;1655;1657;;18052;;;18411;1;1;1;1;1;1;;;+11356802;+2212846;0;1
348;46;18516;P;1;8;;1682;1686;;18052;;;18515;1;1;1;1;1;1;;;+11355371;+2216141;0;1
348;46;18517;P;1;8;;1682;1681;;18052;;;18515;1;1;1;1;1;1;;;+11355986;+2215952;0;1
348;46;18779;P;1;10;;1737;1779;;18052;;;18778;1;1;1;1;1;1;;;+11355310;+2219559;0;1
348;46;18781;P;1;10;;1737;1780;;18052;;;18778;1;1;1;1;1;1;;;+11355360;+2219616;0;1
348;46;18782;P;1;10;;1737;1736;;18052;;;18778;1;1;1;1;1;1;;;+11355500;+2219734;0;1
348;46;18783;P;1;10;;1737;1710;;18052;;;18778;1;1;1;1;1;1;;;+11355611;+2219822;0;1
348;46;18784;P;1;10;;1737;1711;;18052;;;18778;1;1;1;1;1;1;;;+11355756;+2219893;0;1
348;46;18754;P;1;10;;1729;1728;;18052;;;18753;1;1;1;1;1;1;;;+11354839;+2218964;0;1
348;46;18755;P;1;11;;1729;1776;;18052;;;18753;1;1;1;1;1;1;;;+11354934;+2219195;0;1
348;46;18756;P;1;12;;1729;1777;;18052;;;18753;1;1;1;1;1;1;;;+11355002;+2219287;0;1
348;46;18794;P;1;12;;1733;1722;;18052;;;18793;1;1;1;1;1;1;;;+11355953;+2219526;0;1
348;46;18795;P;1;7;;1733;1789;;18052;;;18793;1;1;1;1;1;1;;;+11355923;+2219857;0;1
348;46;18796;P;1;10;;1733;1711;;18052;;;18793;1;1;1;1;1;1;;;+11355756;+2219893;0;1
348;46;18682;P;1;10;;1717;1697;;18052;;;18681;1;1;1;1;1;1;;;+11355678;+2218376;0;1
348;46;18683;P;1;10;;1717;1761;;18052;;;18681;1;1;1;1;1;1;;;+11355468;+2218953;0;1
348;46;18684;P;1;7;;1717;1722;;18052;;;18681;1;1;1;1;1;1;;;+11355394;+2219043;0;1
348;46;18748;P;1;8;;1692;1686;;18052;;;18747;1;1;1;1;1;1;;;+11354859;+2218544;0;1
348;46;18749;P;1;10;;1692;1728;;18052;;;18747;1;1;1;1;1;1;;;+11354551;+2218864;0;1
348;46;18615;P;1;8;;1675;1672;;18052;;;18614;1;1;1;1;1;1;;;+11356508;+2215407;0;1
348;46;18616;P;1;8;;1675;1680;;18052;;;18614;1;1;1;1;1;1;;;+11356262;+2215674;0;1
348;46;18617;P;1;8;;1675;1682;;18052;;;18614;1;1;1;1;1;1;;;+11355986;+2215952;0;1
348;46;18574;P;1;7;;1697;1691;;18052;;;18573;1;1;1;1;1;1;;;+11354265;+2217776;0;1
348;46;18575;P;1;10;;1697;1717;;18052;;;18573;1;1;1;1;1;1;;;+11355678;+2218376;0;1
348;46;18576;P;1;8;;1697;1718;;18052;;;18573;1;1;1;1;1;1;;;+11356129;+2218563;0;1
348;46;18577;P;1;11;;1697;1694;;18052;;;18573;1;1;1;1;1;1;;;+11356003;+2219203;0;1
348;46;18953;P;1;11;;1826;1824;;18052;;;18952;1;1;1;1;1;1;;;+11354934;+2220855;0;1
348;46;18954;P;1;7;;1826;1713;;18052;;;18952;1;1;1;1;1;1;;;+11355264;+2220837;0;1
348;46;18433;P;1;12;;1664;1659;;18052;;;18432;1;1;1;1;1;1;;;+11357350;+2213553;0;1
348;46;18434;P;1;8;;1664;1665;;18052;;;18432;1;1;1;1;1;1;;;+11357401;+2214187;0;1
348;46;18435;P;1;8;;1664;1666;;18052;;;18432;1;1;1;1;1;1;;;+11357386;+2214712;0;1
348;46;18739;P;1;12;;1774;1772;;18052;;;18738;1;1;1;1;1;1;;;+11354333;+2219062;0;1
348;46;18740;P;1;12;;1774;1702;;18052;;;18738;1;1;1;1;1;1;;;+11354458;+2219072;0;1
348;46;18409;P;1;8;;1650;1649;;18052;;;18408;1;1;1;1;1;1;;;+11355693;+2211504;0;1
348;46;18410;P;1;11;;1650;1655;;18052;;;18408;1;1;1;1;1;1;;;+11355800;+2211975;0;1
348;46;18455;P;1;8;;1669;1661;;18052;;;18454;1;1;1;1;1;1;;;+11355599;+2214942;0;1
348;46;18456;P;1;10;;1669;1668;;18052;;;18454;1;1;1;1;1;1;;;+11356314;+2214694;0;1
348;46;18457;P;1;8;;1669;1662;;18052;;;18454;1;1;1;1;1;1;;;+11356896;+2214802;0;1
348;46;18472;P;1;8;;1667;1662;;18052;;;18471;1;1;1;1;1;1;;;+11356896;+2214802;0;1
348;46;18473;P;1;8;;1667;1663;;18052;;;18471;1;1;1;1;1;1;;;+11357428;+2215251;0;1
348;46;18474;P;1;8;;1667;1676;;18052;;;18471;1;1;1;1;1;1;;;+11357830;+2215973;0;1
348;46;18851;P;1;11;;1778;1810;;18052;;;18850;1;1;1;1;1;1;;;+11354954;+2219509;0;1
348;46;18852;P;1;10;;1778;1738;;18052;;;18850;1;1;1;1;1;1;;;+11355146;+2219475;0;1
348;46;18853;P;1;11;;1778;1881;;18052;;;18850;1;1;1;1;1;1;;;+11355202;+2219435;0;1
348;46;18542;P;1;7;;1691;1697;;18052;;;18541;1;1;1;1;1;1;;;+11354265;+2217776;0;1
348;46;18543;P;1;12;;1691;1684;;18052;;;18541;1;1;1;1;1;1;;;+11353531;+2217863;0;1
348;46;18544;P;1;11;;1691;1698;;18052;;;18541;1;1;1;1;1;1;;;+11353581;+2218398;0;1
348;46;18719;P;1;11;;1699;1698;;18052;;;18718;1;1;1;1;1;1;;;+11353717;+2218560;0;1
348;46;18720;P;1;11;;1699;1768;;18052;;;18718;1;1;1;1;1;1;;;+11353973;+2218679;0;1
348;46;18721;P;1;12;;1699;1700;;18052;;;18718;1;1;1;1;1;1;;;+11354008;+2218804;0;1
348;46;18562;P;1;12;;1707;1705;;18052;;;18561;1;1;1;1;1;1;;;+11354570;+2220020;0;1
348;46;18563;P;1;10;;1707;1708;;18052;;;18561;1;1;1;1;1;1;;;+11354782;+2220115;0;1
348;46;18564;P;1;10;;1707;1709;;18052;;;18561;1;1;1;1;1;1;;;+11354942;+2220243;0;1
348;46;18565;P;1;10;;1707;1710;;18052;;;18561;1;1;1;1;1;1;;;+11355020;+2220318;0;1
348;46;18566;P;1;10;;1707;1711;;18052;;;18561;1;1;1;1;1;1;;;+11355098;+2220452;0;1
348;46;18567;P;1;10;;1707;1712;;18052;;;18561;1;1;1;1;1;1;;;+11355251;+2220738;0;1
348;46;19041;P;1;11;;1857;1697;;18052;;;19040;1;1;1;1;1;1;;;+11355974;+2218488;0;0
348;46;19042;P;1;12;;1857;1859;;18052;;;19040;1;1;1;1;1;1;;;+11355826;+2218817;0;0
348;46;18447;P;1;12;;1668;1659;;18052;;;18446;1;1;1;1;1;1;;;+11356278;+2213738;0;1
348;46;18448;P;1;8;;1668;1660;;18052;;;18446;1;1;1;1;1;1;;;+11356282;+2213984;0;1
348;46;18449;P;1;10;;1668;1669;;18052;;;18446;1;1;1;1;1;1;;;+11356314;+2214694;0;1
348;46;18611;P;1;10;;1702;1728;;18052;;;18610;1;1;1;1;1;1;;;+11354604;+2218938;0;1
348;46;18612;P;1;12;;1702;1735;;18052;;;18610;1;1;1;1;1;1;;;+11354458;+2219072;0;1
348;46;18613;P;1;10;;1702;1701;;18052;;;18610;1;1;1;1;1;1;;;+11354167;+2219353;0;1
348;46;18847;P;1;12;;1810;1804;;18052;;;18846;1;1;1;1;1;1;;;+11354517;+2219622;0;1
348;46;18848;P;1;8;;1810;1708;;18052;;;18846;1;1;1;1;1;1;;;+11354859;+2219521;0;1
348;46;18849;P;1;11;;1810;1778;;18052;;;18846;1;1;1;1;1;1;;;+11354954;+2219509;0;1
348;46;18519;P;1;8;;1687;1682;;18052;;;18518;1;1;1;1;1;1;;;+11355986;+2215952;0;1
348;46;18520;P;1;12;;1687;1688;;18052;;;18518;1;1;1;1;1;1;;;+11356586;+2215863;0;1
348;46;18913;P;1;10;;1710;1737;;18052;;;18912;1;1;1;1;1;1;;;+11355611;+2219822;0;1
348;46;18914;P;1;10;;1710;1738;;18052;;;18912;1;1;1;1;1;1;;;+11355493;+2219929;0;1
348;46;18915;P;1;10;;1710;1740;;18052;;;18912;1;1;1;1;1;1;;;+11355297;+2220089;0;1
348;46;18916;P;1;10;;1710;1741;;18052;;;18912;1;1;1;1;1;1;;;+11355135;+2220225;0;1
348;46;18917;P;1;10;;1710;1707;;18052;;;18912;1;1;1;1;1;1;;;+11355020;+2220318;0;1
348;46;18928;P;1;11;;1820;1819;;18052;;;18927;1;1;1;1;1;1;;;+11355807;+2220059;0;1
348;46;18929;P;1;12;;1820;1821;;18052;;;18927;1;1;1;1;1;1;;;+11355685;+2220175;0;1
348;46;19060;P;1;12;;1830;1749;;18052;;;19059;1;1;1;1;1;1;;;+11355330;+2220729;0;0
348;46;19061;P;1;10;;1830;1826;;18052;;;19059;1;1;1;1;1;1;;;+11355341;+2220833;0;0
348;46;19062;P;1;11;;1830;1715;;18052;;;19059;1;1;1;1;1;1;;;+11355380;+2221047;0;1
348;46;18742;P;1;12;;1775;1701;;18052;;;18741;1;1;1;1;1;1;;;+11354093;+2219169;0;1
348;46;18743;P;1;11;;1775;1772;;18052;;;18741;1;1;1;1;1;1;;;+11354281;+2219041;0;1
348;46;18607;P;1;10;;1731;1730;;18052;;;18606;1;1;1;1;1;1;;;+11354846;+2218699;0;1
348;46;18608;P;1;10;;1731;1734;;18052;;;18606;1;1;1;1;1;1;;;+11354718;+2218823;0;1
348;46;18609;P;1;10;;1731;1702;;18052;;;18606;1;1;1;1;1;1;;;+11354604;+2218938;0;1
348;46;18808;P;1;11;;1797;1702;;18052;;;18807;1;1;1;1;1;1;;;+11354399;+2219128;0;1
348;46;18809;P;1;11;;1797;1798;;18052;;;18807;1;1;1;1;1;1;;;+11354527;+2219276;0;1
348;46;18991;P;1;11;;1748;1828;;18052;;;18990;1;1;1;1;1;1;;;+11355484;+2220975;0;1
348;46;18992;P;1;11;;1748;1746;;18052;;;18990;1;1;1;1;1;1;;;+11355502;+2221137;0;1
348;46;18579;P;1;8;;1694;1692;;18052;;;18578;1;1;1;1;1;1;;;+11354859;+2218544;0;1
348;46;18580;P;1;12;;1694;1719;;18052;;;18578;1;1;1;1;1;1;;;+11355072;+2218662;0;1
348;46;18581;P;1;12;;1694;1720;;18052;;;18578;1;1;1;1;1;1;;;+11355178;+2218710;0;1
348;46;18582;P;1;7;;1694;1717;;18052;;;18578;1;1;1;1;1;1;;;+11355511;+2218829;0;1
348;46;18583;P;1;11;;1694;1697;;18052;;;18578;1;1;1;1;1;1;;;+11356003;+2219203;0;1
348;46;18584;P;1;12;;1694;1722;;18052;;;18578;1;1;1;1;1;1;;;+11356174;+2219436;0;1
348;46;18585;P;1;12;;1694;1723;;18052;;;18578;1;1;1;1;1;1;;;+11356567;+2219629;0;1
348;46;18586;P;1;11;;1694;1724;;18052;;;18578;1;1;1;1;1;1;;;+11356566;+2220182;0;1
348;46;18537;P;1;7;;1693;1870;;18052;;;18536;1;1;1;1;1;1;;;+11356878;+2216247;0;1
348;46;18538;P;1;12;;1693;1871;;18052;;;18536;1;1;1;1;1;1;;;+11356779;+2219648;0;1
348;46;18539;P;1;10;;1693;1695;;18052;;;18536;1;1;1;1;1;1;;;+11356466;+2220831;0;1
348;46;18540;P;1;12;;1693;1696;;18052;;;18536;1;1;1;1;1;1;;;+11355992;+2221086;0;1
348;46;18998;P;1;11;;1828;1751;;18052;;;18997;1;1;1;1;1;1;;;+11355484;+2220975;0;1
348;46;18999;P;1;10;;1828;1759;;18052;;;18997;1;1;1;1;1;1;;;+11355615;+2220953;0;1
348;46;18988;P;1;10;;1751;1749;;18052;;;18987;1;1;1;1;1;1;;;+11355442;+2220715;0;1
348;46;18989;P;1;11;;1751;1828;;18052;;;18987;1;1;1;1;1;1;;;+11355484;+2220975;0;1
348;46;18662;P;1;12;;1724;1752;;18052;;;18661;1;1;1;1;1;1;;;+11356057;+2220141;0;1
348;46;18663;P;1;11;;1724;1694;;18052;;;18661;1;1;1;1;1;1;;;+11356566;+2220182;0;1
348;46;18751;P;1;10;;1734;1692;;18052;;;18750;1;1;1;1;1;1;;;+11354650;+2218771;0;1
348;46;18752;P;1;10;;1734;1729;;18052;;;18750;1;1;1;1;1;1;;;+11354839;+2218964;0;1
348;46;19001;P;1;10;;1759;1829;;18052;;;19000;1;1;1;1;1;1;;;+11355615;+2220953;0;1
348;46;19002;P;1;11;;1759;1758;;18052;;;19000;1;1;1;1;1;1;;;+11355909;+2220916;0;1
348;46;18402;P;1;8;;1649;1650;;18052;;;18401;1;1;1;1;1;1;;;+11355693;+2211504;0;1
348;46;18403;P;1;12;;1649;1651;;18052;;;18401;1;1;1;1;1;1;;;+11356820;+2210973;0;1
348;46;18404;P;1;12;;1649;1652;;18052;;;18401;1;1;1;1;1;1;;;+11357242;+2211177;0;1
348;46;18801;P;1;11;;1794;1882;;18052;;;18800;1;1;1;1;1;1;;;+11354642;+2219072;0;1
348;46;18802;P;1;12;;1794;1795;;18052;;;18800;1;1;1;1;1;1;;;+11354659;+2219154;0;1
