CID;TABCD;LCD;CLASS;TCD;STCD;ROADNUMBER;RNID;N1ID;N2ID;POL_LCD;PES_LEV
348;46;18478;L;1;4;;1677;1865;1675;18052;
348;46;18475;L;1;4;;1677;1673;1674;18052;
348;46;18461;L;1;4;;1672;1661;1675;18052;
348;46;18744;L;1;4;;1727;1692;1725;18052;
348;46;18568;L;1;4;;1713;1712;1716;18052;
348;46;19037;L;1;4;;1859;1717;1857;18052;
348;46;18553;L;1;4;;1703;1702;1705;18052;
348;46;18500;L;1;4;;1824;1711;1744;18052;
348;46;18803;L;1;4;;1776;1874;1729;18052;
348;46;19028;L;1;4;;1855;1854;1717;18052;
348;46;18924;L;1;4;;1819;1711;1820;18052;
348;46;18528;L;1;4;;1676;1690;1667;18052;
348;46;18691;L;1;4;;1762;1720;1761;18052;
348;46;18861;L;1;4;;1740;1708;1752;18052;
348;46;18936;L;1;4;;1742;1822;1824;18052;
348;46;18698;L;1;4;;1721;1722;1694;18052;
348;46;18765;L;1;4;;1781;1728;1782;18052;
348;46;19003;L;1;4;;1715;1824;1830;18052;
348;46;18870;L;1;4;;1798;1797;1811;18052;
348;46;18993;L;1;4;;1829;1757;1746;18052;
348;46;18491;L;1;4;;1678;1677;1681;18052;
348;46;19025;L;1;4;;1854;1697;1694;18052;
348;46;18933;L;1;4;;1822;1815;1742;18052;
348;46;19053;L;1;4;;1706;1705;1815;18052;
348;46;18833;L;1;4;;1796;1776;1807;18052;
348;46;18797;L;1;4;;1791;1728;1792;18052;
348;46;18771;L;1;4;;1785;1784;1786;18052;
348;46;19021;L;1;4;;1788;1785;1789;18052;
348;46;18876;L;1;4;;1813;1703;1815;18052;
348;46;18664;L;1;4;;1695;1752;1693;18052;
348;46;18774;L;1;4;;1777;1729;1779;18052;
348;46;18785;L;1;4;;1784;1777;1788;18052;
348;46;18768;L;1;4;;1783;1782;1784;18052;
348;46;18505;L;1;3;;1661;1656;1869;18052;
348;46;18889;L;1;4;;1806;1818;1740;18052;
348;46;18725;L;1;4;;1769;1885;1766;18052;
348;46;19056;L;1;4;;1786;1736;1737;18052;
348;46;18712;L;1;4;;1766;1765;1767;18052;
348;46;18669;L;1;4;;1754;1752;1757;18052;
348;46;18524;L;1;4;;1688;1689;1690;18052;
348;46;18709;L;1;4;;1765;1764;1766;18052;
348;46;18694;L;1;4;;1761;1717;1763;18052;
348;46;18618;L;1;4;;1736;1722;1709;18052;
348;46;18646;L;1;4;;1749;1712;1751;18052;
348;46;18729;L;1;4;;1770;1769;1767;18052;
348;46;18810;L;1;4;;1799;1798;1800;18052;
348;46;18638;L;1;4;;1746;1744;1829;18052;
348;46;18635;L;1;3;;1746;1744;1696;18052;
348;46;19014;L;1;4;;1840;1746;1845;18052;
348;46;18487;L;1;4;;1681;1673;1682;18052;
348;46;18688;L;1;4;;1720;1694;1884;18052;
348;46;18813;L;1;4;;1800;1799;1875;18052;
348;46;18789;L;1;4;;1789;1788;1733;18052;
348;46;19011;L;1;4;;1723;1722;1694;18052;
348;46;18512;L;1;4;;1685;1684;1683;18052;
348;46;18508;L;1;4;;1683;1673;1682;18052;
348;46;18587;L;1;3;;1725;1697;1727;18052;
348;46;18632;L;1;4;;1744;1712;1746;18052;
348;46;18944;L;1;4;;1825;1823;1712;18052;
348;46;18545;L;1;4;;1698;1691;1701;18052;
348;46;18757;L;1;4;;1738;1777;1711;18052;
348;46;18976;L;1;4;;1753;1752;1757;18052;
348;46;18650;L;1;4;;1750;1740;1749;18052;
348;46;18983;L;1;4;;1755;1757;1827;18052;
348;46;19047;L;1;4;;1861;1695;1864;18052;
348;46;18405;L;1;4;;1653;1652;1654;18052;
348;46;18735;L;1;4;;1772;1771;1774;18052;
348;46;18820;L;1;4;;1803;1802;1804;18052;
348;46;18550;L;1;4;;1701;1698;1702;18052;
348;46;18443;L;1;4;;1666;1662;1663;18052;
348;46;18483;L;1;4;;1680;1673;1675;18052;
348;46;18439;L;1;4;;1663;1659;1667;18052;
348;46;18521;L;1;4;;1689;1675;1688;18052;
348;46;18468;L;1;4;;1662;1657;1675;18052;
348;46;18533;L;1;4;;1686;1683;1692;18052;
348;46;18854;L;1;4;;1739;1810;1711;18052;
348;46;18685;L;1;4;;1719;1694;1722;18052;
348;46;18839;L;1;4;;1708;1809;1707;18052;
348;46;18415;L;1;4;;1654;1657;1653;18052;
348;46;19007;L;1;4;;1831;1830;1829;18052;
348;46;18501;L;1;4;;1673;1683;1672;18052;
348;46;18972;L;1;4;;1756;1827;1758;18052;
348;46;19043;L;1;4;;1860;1755;1861;18052;
348;46;18960;L;1;4;;1714;1824;1713;18052;
348;46;18722;L;1;4;;1700;1698;1699;18052;
348;46;18823;L;1;4;;1804;1803;1708;18052;
348;46;18826;L;1;4;;1741;1708;1711;18052;
348;46;19017;L;1;4;;1851;1656;1659;18052;
348;46;18418;L;1;4;;1656;1655;1661;18052;
348;46;18428;L;1;4;;1659;1656;1663;18052;
348;46;18880;L;1;4;;1815;1813;1709;18052;
348;46;18715;L;1;4;;1767;1766;1702;18052;
348;46;18450;L;1;4;;1660;1656;1657;18052;
348;46;18424;L;1;3;;1657;1655;1662;18052;
348;46;18600;L;1;3;;1722;1728;1694;18052;
348;46;18894;L;1;4;;1780;1737;1741;18052;
348;46;18706;L;1;4;;1764;1878;1765;18052;
348;46;18643;L;1;3;;1696;1746;1693;18052;
348;46;18672;L;1;4;;1758;1757;1696;18052;
348;46;18979;L;1;4;;1757;1750;1754;18052;
348;46;19031;L;1;4;;1856;1717;1857;18052;
348;46;18930;L;1;4;;1821;1820;1740;18052;
348;46;18702;L;1;4;;1763;1722;1694;18052;
348;46;18967;L;1;4;;1827;1695;1724;18052;
348;46;18918;L;1;4;;1711;1737;1707;18052;
348;46;18873;L;1;4;;1812;1886;1703;18052;
348;46;18677;L;1;4;;1726;1691;1725;18052;
348;46;18909;L;1;4;;1805;1741;1708;18052;
348;46;18654;L;1;4;;1752;1750;1724;18052;
348;46;18495;L;1;4;;1679;1672;1681;18052;
348;46;18591;L;1;3;;1728;1727;1722;18052;
348;46;18836;L;1;4;;1808;1807;1809;18052;
348;46;18596;L;1;4;;1730;1692;1722;18052;
348;46;18955;L;1;4;;1712;1743;1707;18052;
348;46;19063;L;1;4;;1782;1781;1784;18052;
348;46;18732;L;1;4;;1771;1879;1772;18052;
348;46;18903;L;1;4;;1779;1737;1805;18052;
348;46;18817;L;1;4;;1704;1703;1802;18052;
348;46;18629;L;1;4;;1743;1742;1712;18052;
348;46;18557;L;1;4;;1705;1703;1707;18052;
348;46;18883;L;1;4;;1816;1804;1817;18052;
348;46;18626;L;1;4;;1709;1707;1742;18052;
348;46;18941;L;1;4;;1823;1880;1742;18052;
348;46;18436;L;1;4;;1665;1664;1663;18052;
348;46;19034;L;1;4;;1858;1854;1717;18052;
348;46;18886;L;1;4;;1817;1816;1818;18052;
348;46;18411;L;1;4;;1655;1650;1657;18052;
348;46;18515;L;1;4;;1682;1686;1681;18052;
348;46;18778;L;1;4;;1737;1779;1711;18052;
348;46;18753;L;1;4;;1729;1728;1777;18052;
348;46;18793;L;1;4;;1733;1722;1711;18052;
348;46;18681;L;1;4;;1717;1697;1722;18052;
348;46;18747;L;1;4;;1692;1686;1728;18052;
348;46;18614;L;1;4;;1675;1672;1682;18052;
348;46;18573;L;1;3;;1697;1691;1694;18052;
348;46;18952;L;1;4;;1826;1824;1713;18052;
348;46;18432;L;1;4;;1664;1659;1666;18052;
348;46;18738;L;1;4;;1774;1772;1702;18052;
348;46;18408;L;1;4;;1650;1649;1655;18052;
348;46;18454;L;1;3;;1669;1661;1662;18052;
348;46;18471;L;1;3;;1667;1662;1676;18052;
348;46;18850;L;1;4;;1778;1810;1881;18052;
348;46;18541;L;1;4;;1691;1697;1698;18052;
348;46;18718;L;1;4;;1699;1698;1700;18052;
348;46;18561;L;1;4;;1707;1705;1712;18052;
348;46;19040;L;1;4;;1857;1697;1859;18052;
348;46;18446;L;1;4;;1668;1659;1669;18052;
348;46;18610;L;1;4;;1702;1728;1701;18052;
348;46;18846;L;1;4;;1810;1804;1778;18052;
348;46;18518;L;1;4;;1687;1682;1688;18052;
348;46;18912;L;1;4;;1710;1737;1707;18052;
348;46;18927;L;1;4;;1820;1819;1821;18052;
348;46;19059;L;1;4;;1830;1749;1715;18052;
348;46;18741;L;1;4;;1775;1701;1772;18052;
348;46;18606;L;1;4;;1731;1730;1702;18052;
348;46;18807;L;1;4;;1797;1702;1798;18052;
348;46;18990;L;1;4;;1748;1828;1746;18052;
348;46;18578;L;1;4;;1694;1692;1724;18052;
348;46;18536;L;1;3;;1693;1870;1696;18052;
348;46;18997;L;1;4;;1828;1751;1759;18052;
348;46;18987;L;1;4;;1751;1749;1828;18052;
348;46;18661;L;1;4;;1724;1752;1694;18052;
348;46;18750;L;1;4;;1734;1692;1729;18052;
348;46;19000;L;1;4;;1759;1829;1758;18052;
348;46;18401;L;1;4;;1649;1650;1652;18052;
348;46;18800;L;1;4;;1794;1882;1795;18052;
