CID;LID;NID;NAME;NCOMMENT
499;1;6274726;亚洲;
499;1;6274727;中国;
499;1;6274728;江苏省;
499;1;3557021;常州市;
499;1;5658438;淮安市;
499;1;6330352;连云港市;
499;1;2866115;南京市;
499;1;1959853;南通市;
499;1;1525767;苏州市;
499;1;6330325;宿迁市;
499;1;6302166;泰州市;
499;1;872542;无锡市;
499;1;559921;徐州市;
499;1;6330335;盐城市;
499;1;4565438;扬州市;
499;1;4258107;镇江市;
499;1;1568589;Ｃ０４８;
499;1;1568588;金清路;
499;1;1568386;东城大道;
499;1;4258110;Ｇ１０４;
499;1;559976;Ｓ２５２;
499;1;560008;Ｇ１０４（旧）;
499;1;560225;汉源大道;
499;1;616322;上坝;
499;1;5346180;Ｘ２０３;
499;1;616323;柳集立交桥;
499;1;560030;桃山路;
499;1;559984;Ｇ３１０;
499;1;2869931;余家大路;
499;1;3137556;双石路;
499;1;3137516;南京绕城高速公路;
499;1;2867648;帕威尔路;
499;1;3137595;乾德路;
499;1;3137554;临川街;
499;1;3137555;吴墅路;
499;1;2867652;Ｓ３３７;
499;1;2867653;桂园西路;
499;1;2867654;Ｘ４２２;
499;1;5335194;Ｘ２０２;
499;1;4593805;王集路;
499;1;4593806;金桥西路;
499;1;4593831;罗庄;
499;1;4593800;扬泰公路;
499;1;560226;长安大道;
499;1;559973;Ｇ２０６;
499;1;560023;杨山路;
499;1;560027;驮蓝山路;
499;1;560007;长安路;
499;1;560118;汉风路;
499;1;560078;丽水路;
499;1;560079;昆仑大道;
499;1;560019;郭庄路;
499;1;560261;和平大道;
499;1;2867784;洪武路;
499;1;2866157;白下路;
499;1;4258195;中山东路;
499;1;2868157;户部街;
499;1;2866625;金箔路;
499;1;3137557;翠文路;
499;1;2866627;天印大道;
499;1;2867888;竹山路;
499;1;2868428;莱茵达路;
499;1;2867685;浦泗路;
499;1;2866893;泰冯路;
499;1;2884793;龙泰路;
499;1;2912928;创业路;
499;1;2912925;高新路;
499;1;2912931;宁六路;
499;1;2866986;上元大街;
499;1;2866276;双龙大道;
499;1;2866988;同夏路;
499;1;2868955;淮滨路;
499;1;2868958;东新南路;
499;1;2912927;万安东路;
499;1;2867153;万安北路;
499;1;2867151;万安西路;
499;1;1904744;湘太路;
499;1;1531139;凤阳路;
499;1;1904743;湘洲路;
499;1;6330384;沈海高速公路连云港段;
499;1;6330351;灌南出入口;
499;1;6330362;岚山西路;
499;1;6330326;Ｓ３２４;
499;1;6330354;灌云服务区;
499;1;6323897;Ｇ２０４;
499;1;6330321;淮连高速公路;
499;1;6330355;新坝中线;
499;1;6330380;连霍高速公路;
499;1;6330334;Ｓ３２３;
499;1;6330356;东海浦南服务区;
499;1;6330357;连云港北收费站;
499;1;6330358;罗阳出入口;
499;1;6330382;长深高速公路;
499;1;6330359;青欢线;
499;1;6330383;赣马服务区;
499;1;6330361;海头出入口;
499;1;1904725;常台高速公路;
499;1;1531852;申嘉湖高速公路;
499;1;1567946;苏通大桥服务区（沈海高速公路）;
499;1;1535308;Ｓ２２７;
499;1;1533842;Ｇ３１８;
499;1;1904728;沪渝高速公路;
499;1;1904729;周湖线;
499;1;1531391;江陵东路;
499;1;1533846;白洋湖服务区;
499;1;1567941;绕城南线;
499;1;1531071;吴东路;
499;1;1531103;独墅湖大道;
499;1;5181738;京沪高速公路;
499;1;1531760;太阳路;
499;1;1533852;阳澄西湖服务区;
499;1;1533853;阳澄湖收费站;
499;1;1567940;绕城北线;
499;1;1904730;新世纪大道;
499;1;1567832;常嘉高速公路;
499;1;2969194;Ｘ３０２;
499;1;3641340;常合高速公路;
499;1;1567944;Ｓ３３８（沈海高速公路）;
499;1;1567945;Ｓ２２３（沈海高速公路）;
499;1;6330386;京沪高速公路宿迁段;
499;1;6330385;丁河街;
499;1;6330329;潼阳出入口;
499;1;6330327;沭阳服务区;
499;1;6330328;Ｓ２４５;
499;1;1960128;城北大道;
499;1;1960146;海五线;
499;1;1960577;集美路;
499;1;1960578;树西路;
499;1;1959938;城港路;
499;1;1960135;兴泰路;
499;1;1960134;菓园路;
499;1;1960065;芦泾路;
499;1;1959943;永兴路;
499;1;1568626;弇山西路;
499;1;1568484;Ｓ３３９;
499;1;1568687;朝阳西路;
499;1;1568772;合兴西路;
499;1;1568672;柏庐南路;
499;1;3620442;人民中路;
499;1;1568773;跃进路;
499;1;1568404;朝阳中路;
499;1;1904747;黑龙江中路;
499;1;1534513;珠江南路;
499;1;1568774;车站路;
499;1;3619915;长江南路;
499;1;1960515;通宁大道高架;
499;1;1959944;黄海路;
499;1;1959940;碳素路;
499;1;1959945;长泰路;
499;1;1568623;沪宜公路;
499;1;2239640;Ｇ２０４（旧）;
499;1;1568620;县府西街;
499;1;2239599;环城北路;
499;1;5153420;环城西路;
499;1;5153423;环城东路;
499;1;1959972;北濠桥路;
499;1;1568574;亭林路;
499;1;1568577;柏庐中路;
499;1;1568553;昆北路;
499;1;1959936;越江路;
499;1;1942468;江堤路;
499;1;1959935;外环西路;
499;1;3631890;长江北路;
499;1;2234324;通港路;
499;1;1960594;Ｇ２０４辅路;
499;1;1960595;华能路;
499;1;5332242;Ｇ２０５;
499;1;5154028;军营西路;
499;1;5333223;宁连高速公路;
499;1;5434453;黄河西路;
499;1;5154033;王杨路;
499;1;6302159;Ｘ３０６;
499;1;5153991;宁连公路;
499;1;5154006;淮阴西绕城;
499;1;3137513;天门大道;
499;1;3137508;长兴大街;
499;1;1592150;东环路;
499;1;1532519;北环东路;
499;1;1568174;葑谊街;
499;1;1531097;东振路;
499;1;1534903;金鸡湖大道;
499;1;1534228;金鸡湖路;
499;1;1532304;中新路;
499;1;1531802;现代大道;
499;1;1534231;娄门路;
499;1;5154010;柯山路;
499;1;5154117;Ｓ３２５;
499;1;5154044;淮涟路;
499;1;5154041;翔宇大道;
499;1;5181747;Ｓ２３７;
499;1;5154042;深圳东路;
499;1;5154043;水渡口大道;
499;1;2867327;雄州东路;
499;1;3137497;东大路;
499;1;4258178;学府路;
499;1;2868763;Ｘ０２１;
499;1;2913014;杨新路;
499;1;2913015;园西路;
499;1;3137520;沪陕高速公路;
499;1;2869975;宁洛高速公路;
499;1;2913012;乙烯路;
499;1;3137558;青芦线;
499;1;2868765;龙扬路;
499;1;2868766;龙腾路;
499;1;5154011;西安北路;
499;1;5154019;淮海西路;
499;1;560054;环城路;
499;1;560235;夹河街;
499;1;560000;黄河南路;
499;1;560012;黄河北路;
499;1;560001;铜沛路;
499;1;5154014;延安西路;
499;1;5333465;上海路;
499;1;5154022;大治西路;
499;1;5154025;健康西路;
499;1;560044;西安南路;
499;1;560035;苏堤南路;
499;1;560010;明珠路;
499;1;560052;王陵路;
499;1;560011;建国西路;
499;1;560227;Ｙ５５２;
499;1;5154134;北京南路;
499;1;4258180;振兴路;
499;1;616324;三堡立交桥;
499;1;560021;城东大道;
499;1;5153978;淮徐高速公路;
499;1;616325;佟村;
499;1;560080;兴镇北路;
499;1;5154138;北京北路;
499;1;560228;赣江路;
499;1;4628702;解放南路;
499;1;5154122;长江西路;
499;1;560061;淮河东路;
499;1;5434395;黄河东路;
499;1;560063;海河西路;
499;1;560064;欣欣路;
499;1;5243090;运河西路;
499;1;5154139;卫校路;
499;1;5331562;北京西路;
499;1;560060;彭祖路;
499;1;5299259;解放西路;
499;1;5154135;河南西路;
499;1;560095;庆丰路;
499;1;559996;东三环路;
499;1;1959960;世纪大道;
499;1;4258174;纬一路;
499;1;560020;黄长公路;
499;1;1960103;营船港西路;
499;1;1960020;振兴东路;
499;1;2866423;中央路;
499;1;6330350;Ｓ３２６;
499;1;5153992;王兴服务区;
499;1;5153993;机场收费站;
499;1;5153994;蒋庵服务区;
499;1;5153997;炎黄大道;
499;1;5153902;盐徐高速公路;
499;1;5289622;Ｘ１０２;
499;1;5153967;泗阳成子湖服务区;
499;1;2868747;老山服务区;
499;1;2912930;江永线;
499;1;3137521;仪新线;
499;1;2884774;宁合高速公路;
499;1;3137526;宁乌公路;
499;1;2868934;三桥服务区;
499;1;2880191;绕城高速公路;
499;1;3137517;宁芜高速公路;
499;1;2870233;丹阳大道;
499;1;2866520;机场高速公路;
499;1;2912907;印湖路;
499;1;2869173;湖山路;
499;1;6330405;宁杭高速公路;
499;1;2884805;开城路;
499;1;3753924;沪蓉高速公路;
499;1;2866495;宁镇公路;
499;1;2868730;服务区;
499;1;6330398;江北沿江;
499;1;6330399;宁扬高速公路;
499;1;6302235;Ｘ３０４;
499;1;3137531;冶六线;
499;1;2912954;南京支线;
499;1;2869902;中和桥路;
499;1;5335397;釜山服务区;
499;1;5153971;Ｓ３１２;
499;1;5153972;盱眙服务区;
499;1;5153973;铁山寺收费站;
499;1;5153974;新扬高速公路;
499;1;5153975;Ｓ１２１;
499;1;5153976;洪泽湖服务区;
499;1;5153977;瑞特大道;
499;1;2912929;宁连高速公路南京段;
499;1;3137524;新程线;
499;1;2868757;潘家花园服务区;
499;1;3137525;马玉线;
499;1;1535316;城北西路;
499;1;5289668;Ｘ１０１;
499;1;1532514;苏虞张公路;
499;1;1533676;阳澄北湖服务区;
499;1;1535848;湘石路;
499;1;1567952;绕城东线;
499;1;1567954;沪常高速公路;
499;1;1904726;正仪枢纽;
499;1;4874413;Ｘ１０３;
499;1;1530952;孙武路;
499;1;1904727;同黎线;
499;1;1904704;吴淞江路;
499;1;1532508;Ｓ２３０;
499;1;1535877;吴中大道;
499;1;1533689;太湖服务区;
499;1;1567953;绕城西南线;
499;1;1530996;苏福路;
499;1;1533692;太湖大道;
499;1;1567955;无锡支线;
499;1;2233435;长平路;
499;1;2912989;江山大道;
499;1;2866420;凤台南路;
499;1;2868890;铁心桥服务区;
499;1;2866151;安德门大街;
499;1;2870104;石杨路;
499;1;3585562;光华路;
499;1;2884780;东环服务区;
499;1;2866494;宁杭公路;
499;1;2912933;沪宁连接线;
499;1;6330388;盐淮高速公路;
499;1;5153981;清浦古盐河服务区;
499;1;5153982;Ｘ３０９;
499;1;559964;西北绕城高速公路;
499;1;616296;刘铜线;
499;1;559985;刘集服务区;
499;1;560217;济徐高速公路;
499;1;559986;Ｓ３２２;
499;1;559987;润新路;
499;1;560171;４５６镇道;
499;1;560251;大彭路;
499;1;560207;文化路;
499;1;616326;大西线;
499;1;559988;三环北路;
499;1;559989;西三环路;
499;1;559990;襄王北路;
499;1;559991;平山北路;
499;1;559992;天齐北路;
499;1;559993;华润路;
499;1;559994;殷庄路;
499;1;559995;煤港路;
499;1;4258185;电力路;
499;1;4258198;梦溪路;
499;1;4258204;斜桥街;
499;1;4258186;解放路;
499;1;4258205;第一楼街;
499;1;4258206;青云门;
499;1;1533258;金山路;
499;1;1531445;金枫南路;
499;1;2866212;中山路;
499;1;2867863;洪武北路;
499;1;2867813;太平北路;
499;1;2866397;汉府街;
499;1;2866180;龙蟠中路;
499;1;2869700;黄埔路;
499;1;2869701;清溪路;
499;1;4258158;中山西路;
499;1;1531877;灵天路;
499;1;4258160;朱方路;
499;1;4258134;檀山路;
499;1;4258203;黄山北路;
499;1;560085;Ｇ３１１;
499;1;560087;郝台村;
499;1;560205;刘新庄;
499;1;560206;汉何路;
499;1;560005;南三环路;
499;1;6330014;Ｘ３０８;
499;1;560006;金山南路;
499;1;3585491;泰山路;
499;1;560129;御景路;
499;1;559997;湖西路;
499;1;559999;矿山路;
499;1;560002;襄王南路;
499;1;560237;云飞路;
499;1;560004;九里山西路;
499;1;560017;时代大道;
499;1;4258117;Ｇ３１２;
499;1;895689;高浪路高架;
499;1;895828;高浪路高架Ｇ３１２上匝道;
499;1;895695;金城东路高架;
499;1;895744;金城东路高架Ｇ３１２入口匝道;
499;1;1535266;绕城高速公路Ｇ３１２入口匝道;
499;1;3753938;奔里线;
499;1;3618413;人民东路;
499;1;3585419;奔卜路;
499;1;3585543;腾龙路;
499;1;3585322;中吴大道;
499;1;3753939;常金大桥;
499;1;3641341;龙江路高架;
499;1;3585319;湖滨路;
499;1;3585507;东龙路;
499;1;3641730;淹城中路;
499;1;3585421;武宜北路;
499;1;3753941;龙城大桥;
499;1;3753942;阳湖大桥;
499;1;3753922;凤凰南路;
499;1;3753921;青洋大桥;
499;1;4258132;团山路;
499;1;4258141;上河路;
499;1;4874403;Ｓ２４３;
499;1;4258133;润兴路;
499;1;4874405;扬溧高速公路;
499;1;4258135;九华山路;
499;1;4258136;金谷东路;
499;1;4258137;镇荣公路;
499;1;4258125;沪宁高速公路;
499;1;4258138;沿江公路;
499;1;4258139;谷阳大道;
499;1;4258283;瑞山东路;
499;1;4258140;广园路;
499;1;1568370;沿沪大道;
499;1;1568373;徐公桥路;
499;1;876360;北环路;
499;1;874414;江海西路;
499;1;1232729;北兴塘大桥;
499;1;874153;Ｓ３４２;
499;1;873338;钱威路;
499;1;895357;张姆泾;
499;1;895610;振石路;
499;1;872753;凤翔路;
499;1;875042;惠山大道;
499;1;874149;通江大道;
499;1;3585511;长虹东路;
499;1;3585422;常武北路;
499;1;3753943;焦阳线;
499;1;3585512;星火南路;
499;1;3585423;夏城北路;
499;1;3585594;青洋南路;
499;1;6274474;Ｓ２３２;
499;1;3585473;东环线;
499;1;6297537;Ｘ３０３;
499;1;1904749;金筑街;
499;1;1534971;浒莲路;
499;1;1535096;苇城中路;
499;1;1568437;寰庆路;
499;1;1535094;古城南路;
499;1;1568463;阳光西路;
499;1;1568516;前进西路;
499;1;1904814;Ｘ１０３（古城路）;
499;1;1535089;新南西路;
499;1;1568065;中华园西路;
499;1;1904815;Ｇ３１２互通;
499;1;895325;机场快速路;
499;1;874154;金城东路;
499;1;874283;新光路;
499;1;895679;锡新二路;
499;1;874155;高浪东路;
499;1;895587;吴都路;
499;1;2521165;新华路;
499;1;876483;具区路;
499;1;1232645;羊北路;
499;1;895319;缘溪道;
499;1;874474;蠡湖大道;
499;1;876368;五湖大道;
499;1;895308;立信大道;
499;1;876370;贡湖大道;
499;1;873968;南湖大道;
499;1;876384;菱湖大道;
499;1;2913036;美亚路;
499;1;2867692;仙隐北路;
499;1;2884753;仙新路;
499;1;2913033;学海路;
499;1;2869966;九乡河西路;
499;1;2913034;齐民北路;
499;1;2913035;七乡河大道;
499;1;2866834;浦珠北路;
499;1;4258218;新马路;
499;1;2866806;南京长江大桥;
499;1;2912963;浦东路;
499;1;2912964;柳洲南路;
499;1;2912961;浦珠南路;
499;1;2866900;万寿路;
499;1;3137560;浦珠中路;
499;1;3137561;双城路;
499;1;2866896;珍珠街;
499;1;3641364;滆湖东路;
499;1;1568367;新南东路;
499;1;1904750;南亚路;
499;1;1568376;黄浦江中路;
499;1;4258190;古城路;
499;1;1568361;新南中路;
499;1;1567988;江浦中路;
499;1;1568802;小澞河路;
499;1;1568364;万嘉路;
499;1;2884747;玄武大道;
499;1;2868125;红山路;
499;1;2866165;花园路;
499;1;5434530;樱花路;
499;1;2867085;太龙路;
499;1;1568494;震川西路;
499;1;1568681;震川中路;
499;1;1568610;江浦路;
499;1;1568613;鹿城路;
499;1;1568633;白马泾路;
499;1;5322495;人民北路;
499;1;1568689;樾阁南街;
499;1;2870187;Ｇ３１２北侧;
499;1;1567956;娄江快速路;
499;1;1568284;娄江快速路Ｇ３１２北侧出口匝道;
499;1;2870180;绕城公路西侧;
499;1;2870197;绕城公路西侧Ｇ３１２北侧入口匝道;
499;1;1535726;Ｇ３１２东侧;
499;1;1530936;环太湖高速公路;
499;1;1539815;环太湖高速公路Ｇ３１２东侧入口匝道;
499;1;3585354;Ｇ３１２南侧;
499;1;3641440;龙江路高架Ｇ３１２南侧入口匝道;
499;1;3641403;龙江路高架西侧;
499;1;3641445;龙江路高架西侧Ｇ３１２南侧入口匝道;
499;1;1568328;娄江快速路Ｇ３１２南侧出口匝道;
499;1;2870147;绕城公路东侧;
499;1;2870201;绕城公路东侧Ｇ３１２南侧入口匝道;
499;1;2870202;绕城公路西侧Ｇ３１２南侧入口匝道;
499;1;1530935;Ｇ３１２苏州段;
499;1;1567926;通锡高速公路;
499;1;1904751;Ｇ３１２（旧）;
499;1;1532509;华通路;
499;1;1531050;金枫路;
499;1;4874471;长江路;
499;1;1904817;金筑街（城北西路）;
499;1;1904752;西环路高架（城北西路）;
499;1;1567980;鹿山路（城北西路）;
499;1;1567981;苏虞张公路（城北东路）;
499;1;1567983;广济北路（城北东路）;
499;1;1904755;江乾路（城北东路）;
499;1;1567985;齐门北大街（城北东路）;
499;1;1904818;苏州北枢纽;
499;1;1904756;跨阳路（娄江大道）;
499;1;1531826;唯胜路;
499;1;1532522;新城路;
499;1;872555;Ｇ３１２无锡段;
499;1;876478;西北湾;
499;1;874144;石门路;
499;1;895585;沪宜高速公路;
499;1;876393;钱皋路;
499;1;874147;广石路;
499;1;874156;经一路;
499;1;873636;锡澄路;
499;1;874150;锡港路;
499;1;1232646;华夏北路;
499;1;874152;春笋路;
499;1;873640;锡甘线;
499;1;872819;海力士一意法路;
499;1;874295;新锡路;
499;1;876422;新洲路;
499;1;1232647;金沙路;
499;1;1535728;Ｇ３１２西侧;
499;1;1567835;环太湖高速公路Ｇ３１２西侧入口匝道;
499;1;1904848;Ｇ３１２至Ｓ２２７;
499;1;4258286;Ｇ３１２至前北村;
499;1;4258287;前北村;
499;1;5266092;长江东路;
499;1;5154099;淮海北路;
499;1;5154114;承德北路;
499;1;5154130;翔宇北道;
499;1;5154106;南昌路;
499;1;895641;孙安路;
499;1;2870082;金马路;
499;1;4258159;戴家门路;
499;1;4258182;润州路;
499;1;4258291;桃西路;
499;1;4258183;中山北路;
499;1;4258243;迎江路;
499;1;4874474;宝塔路;
499;1;872634;旺庄路;
499;1;1532634;竹园路;
499;1;1532635;狮山路;
499;1;1532636;何山路;
499;1;1530969;马运路;
499;1;1532638;鹿山路;
499;1;4593692;祥园路;
499;1;4593825;北辅道;
499;1;4565447;新都南路;
499;1;4593808;雅典娜路;
499;1;5154165;鞠通路;
499;1;5154119;香港路;
499;1;560229;新都家园;
499;1;1534982;嵩山路;
499;1;4258221;黄山路;
499;1;3585327;长江中路;
499;1;1568414;昆太路;
499;1;1568408;前进东路;
499;1;1568411;同丰西路;
499;1;1959982;姚港路;
499;1;1959991;紫琅路;
499;1;1959961;洪江路;
499;1;1959959;跃龙南路;
499;1;1959986;崇川路;
499;1;1960547;长江中路高架;
499;1;3585325;龙城大道;
499;1;3585568;清潭西路;
499;1;3585437;怀德中路;
499;1;3585323;星园路;
499;1;3585439;勤业路;
499;1;3585445;关河西路;
499;1;3585611;飞龙路;
499;1;6327264;宁通高速公路;
499;1;4593801;龙城路;
499;1;2870010;宁洛高速公路南京段;
499;1;2912909;Ｘ０１９;
499;1;2868718;燕西线;
499;1;2867973;栖霞大道;
499;1;2884845;二桥连线;
499;1;1960138;Ｘ２０８;
499;1;1960486;沈海高速公路;
499;1;1960139;Ｘ２０７;
499;1;2521154;南通支线;
499;1;3137530;沪陕高速公路南京段;
499;1;2868109;汤泉服务区;
499;1;2868110;江星桥线;
499;1;2868111;杰海服务区;
499;1;2866152;绕城公路;
499;1;4565442;Ｘ２０４;
499;1;2869563;龙池服务区;
499;1;3137532;冶东线;
499;1;2912991;浦口大道;
499;1;2868114;华山服务区;
499;1;1960516;沈海高速公路南通段;
499;1;1959874;苏通大桥服务区;
499;1;4593036;Ｓ３３６;
499;1;1959868;通沪大道;
499;1;1959862;先锋服务区;
499;1;1959301;外环北路;
499;1;6330412;凤王路;
499;1;1959934;蒲黄线;
499;1;1960078;如皋服务区;
499;1;6302170;Ｓ３３４;
499;1;1960521;小康路;
499;1;4593817;启扬高速公路;
499;1;6330423;Ｓ２２１;
499;1;560142;楚韵路;
499;1;560257;商聚路;
499;1;4258279;经五路;
499;1;560022;响山路;
499;1;560096;广山路;
499;1;560025;洞山路;
499;1;560026;蟠桃山路;
499;1;560028;荆卫路;
499;1;560029;螺山路;
499;1;560164;徐钢路;
499;1;560031;庙山路;
499;1;1534998;通达路;
499;1;1567825;兴郭路;
499;1;1535872;郭新东路;
499;1;2231707;东方大道;
499;1;4258124;Ｓ１２２;
499;1;2913010;靶场路;
499;1;2884812;东郊小镇;
499;1;2913011;向孟路;
499;1;2868064;苜蓿园大街;
499;1;2869988;童卫路;
499;1;2868740;胜利村路;
499;1;2868202;灵谷寺路;
499;1;2868742;顾家营路;
499;1;2869992;环陵路;
499;1;2866858;宁芝路;
499;1;2913229;泰盈路;
499;1;4593789;文昌东路;
499;1;4649494;运河北路;
499;1;4593793;沙湾中路;
499;1;4593605;秦邮路;
499;1;2868729;Ｓ１２３;
499;1;2884754;天禄大道;
499;1;2870037;白沟路;
499;1;1568056;凤里街;
499;1;1535064;淞北路;
499;1;1531836;苏虹东路;
499;1;1535063;港田路;
499;1;1531801;苏胜路;
499;1;1535056;方洲路;
499;1;1534268;钟园路;
499;1;3137596;高旺桥;
499;1;3594547;团结路;
499;1;2913009;五合路;
499;1;2867146;雨山路;
499;1;2866500;公园北路;
499;1;2867147;文德西路;
499;1;2876964;文昌路;
499;1;5153988;建湖九龙口服务区;
499;1;5153987;楚州车桥服务区;
499;1;1568175;暨南大道;
499;1;1959074;Ｓ２２３;
499;1;1960015;通盛南路;
499;1;1960131;通常汽渡;
499;1;1960551;源兴路;
499;1;1960018;景兴路;
499;1;1960019;和兴东路;
499;1;1960550;复兴东路;
499;1;1535148;晓市路;
499;1;1532733;通园路;
499;1;1568109;墅浦路;
499;1;1532736;松涛街;
499;1;1532737;星塘街;
499;1;1532739;凌港路;
499;1;1532740;彩虹路;
499;1;1532741;甫澄北路;
499;1;1232725;城南路（迎宾路）;
499;1;4258266;机场路;
499;1;895622;尹水路;
499;1;5434392;珠江路;
499;1;2866503;金沙江东街;
499;1;2867554;应天大街;
499;1;2869948;雨润大街;
499;1;2866418;河西大街;
499;1;2866154;奥体大街;
499;1;2868001;梦都大街;
499;1;2868261;兴隆大街;
499;1;4258157;南徐路;
499;1;4258163;黄山南路;
499;1;4258216;北府路;
499;1;1534619;Ｓ２２４;
499;1;1568425;金茂路;
499;1;1545015;春晖路;
499;1;1568417;萧林东路;
499;1;1568418;金浦路;
499;1;1568419;翠薇西路;
499;1;1568422;城北路;
499;1;1680544;迎宾东路;
499;1;1568424;鑫茂路;
499;1;3641608;创业中路;
499;1;3585618;太湖西路;
499;1;3585623;河海西路;
499;1;3641374;汉江西路;
499;1;3585457;辽河路;
499;1;5462186;嫩江路;
499;1;895690;锡沪路;
499;1;872635;学前东路;
499;1;874796;上马墩路;
499;1;3585559;金鸡西路;
499;1;3753944;夏雷路;
499;1;1232704;孙安路（长江东路）;
499;1;873763;薛典路;
499;1;1568392;新乐路;
499;1;1568395;圣祥西路;
499;1;1568398;第二大道;
499;1;1568399;衡山路;
499;1;1568400;庆丰西路;
499;1;1568401;合兴路;
499;1;1568388;锦商路;
499;1;1568391;锦东路;
499;1;1904819;百胜路;
499;1;1960584;新地北路;
499;1;2521155;新地东路;
499;1;1960586;Ｓ２２５;
499;1;1960105;新地南路;
499;1;3585515;黄河中路;
499;1;3585516;华山中路;
499;1;3585449;通江中路;
499;1;5154210;城西路;
499;1;5271463;解放东路;
499;1;5154213;清浦路;
499;1;5300362;人民南路;
499;1;1531428;南环西路;
499;1;1531419;桐泾南路;
499;1;1534923;西环路;
499;1;2161505;复兴路;
499;1;874322;县前西街;
499;1;1535403;绕城高速公路内圈;
499;1;1535439;绕城高速公路内圈Ｓ２２７入口匝道;
499;1;1535386;绕城高速公路外圈;
499;1;1535436;绕城高速公路外圈Ｓ２２７入口匝道;
499;1;1904762;白荡湖特大桥;
499;1;1534179;阳澄湖东路;
499;1;1534181;春申湖东路;
499;1;1535133;康元路;
499;1;1535134;富元路;
499;1;1567997;渭泾塘路;
499;1;6330407;金荡路;
499;1;1567995;莫城街;
499;1;1533855;锡太公路;
499;1;1534589;苏虹西路;
499;1;1531079;东进路;
499;1;1531080;东吴南路;
499;1;5285219;交通路;
499;1;1533954;相城大道;
499;1;1531141;澄林路;
499;1;5154146;漕运东路;
499;1;5154234;杏园路;
499;1;5154096;淮海东路;
499;1;1535158;永康路;
499;1;1534926;油车路;
499;1;1533206;北门街路;
499;1;1533207;瓜泾西路;
499;1;1533208;花港路;
499;1;1535159;交通南路;
499;1;6330408;吴变大道;
499;1;1535898;胜信路;
499;1;1568830;芦荡路;
499;1;1535161;笠泽路;
499;1;1535597;东环路高架;
499;1;1531199;郭新西路;
499;1;1532342;润元路;
499;1;1904760;南界泾路;
499;1;1534180;嘉元路;
499;1;1534182;广登路;
499;1;1532516;齐门北大街;
499;1;1904758;渭西路;
499;1;1904759;辛庄大道;
499;1;1904757;羊辛线;
499;1;873575;Ｓ２２８;
499;1;895603;八文路;
499;1;1232648;河张线;
499;1;895669;锡东一线;
499;1;895670;泉山路;
499;1;873818;锡沙路;
499;1;872807;广瑞路;
499;1;872733;江海东路;
499;1;1232705;江海东路（广瑞路）;
499;1;1546768;友谊北路;
499;1;876452;东亭北路;
499;1;876471;金桥南路;
499;1;895682;青石西路;
499;1;876469;锡澄南路;
499;1;872662;兴源北路;
499;1;895613;五河新村小学;
499;1;1904820;震川西路（人民中路）;
499;1;5154227;漕运西路;
499;1;1959950;通富北路;
499;1;1959980;城山路;
499;1;1959984;工农南路;
499;1;1959992;园林路;
499;1;2521156;通启公路;
499;1;872937;老锡澄路;
499;1;6330414;锡沪西路;
499;1;1232650;锡玉线;
499;1;876470;金惠路;
499;1;1568002;苏福路（福东路）;
499;1;1534938;昆仑山路;
499;1;3585619;秦岭路;
499;1;872856;中南路;
499;1;876426;震泽路;
499;1;895310;观山路;
499;1;872786;高浪路;
499;1;1534960;大通路;
499;1;1232652;周新路;
499;1;874473;金石路;
499;1;2891629;金城路;
499;1;1568504;Ｃ４６４;
499;1;1535807;迎宾西路;
499;1;3585537;滆湖西路;
499;1;3641350;延政西大道;
499;1;3641653;虹西路;
499;1;3585317;长虹西路;
499;1;3585553;人民西路;
499;1;3641606;南街;
499;1;560041;韩山路;
499;1;560009;二环西路;
499;1;876363;鼋渚路;
499;1;874769;蠡溪路;
499;1;872871;双虹路;
499;1;872864;鸿桥路;
499;1;874596;隐秀路;
499;1;874601;梁溪路;
499;1;874575;建筑东路;
499;1;876386;华新北路;
499;1;1232706;新安大桥（运河西路）;
499;1;895604;南湖园路;
499;1;876357;环太湖公路;
499;1;875761;陆马公路;
499;1;872917;梁湖路;
499;1;1232654;姚湾立交;
499;1;1232655;独月路;
499;1;886073;香雪路;
499;1;1531390;江陵西路;
499;1;1534917;天鹅荡路;
499;1;1531443;东山大道;
499;1;1533257;玉山路;
499;1;1534972;灵山路;
499;1;1532140;子胥路;
499;1;1534973;新峰路;
499;1;1534295;时进路;
499;1;1532141;吉祥路;
499;1;1534937;古村路;
499;1;1534981;刘庄路;
499;1;1534441;木东路;
499;1;1904764;胥江北路;
499;1;1534980;乐园南路;
499;1;1904706;木胥路;
499;1;876427;清晏路;
499;1;876428;华谊路;
499;1;876388;净慧西道;
499;1;876389;净慧东道;
499;1;1568000;邓尉山路;
499;1;1568001;福东路;
499;1;6330421;福窿路;
499;1;1532564;藏胥路;
499;1;1532565;石胥路;
499;1;1531467;铁师路;
499;1;1531104;南环路高架;
499;1;1535503;滨河路;
499;1;1568016;文化南路;
499;1;1531146;友新路;
499;1;1535498;石湖西路;
499;1;1532829;宝带西路;
499;1;872787;山水东路;
499;1;1232663;震泽大桥;
499;1;876375;锡南路;
499;1;1232656;瑞景路;
499;1;895684;华清大道;
499;1;2866158;中山南路;
499;1;560239;苏堤路;
499;1;5154217;和平路;
499;1;895703;青年路;
499;1;2866206;雨花西路;
499;1;2866220;长乐路;
499;1;2866989;升州路;
499;1;4718813;淮海路;
499;1;1534974;胥渔村;
499;1;1532139;胥进路;
499;1;1533901;东欣路;
499;1;3585530;武南路;
499;1;3585504;东方东路;
499;1;3641596;戚月路;
499;1;3641598;省庄大道;
499;1;3641597;Ｘ２１２;
499;1;3585597;武澄西路;
499;1;4668504;人民路;
499;1;1534966;长旺路;
499;1;1531625;南环东路;
499;1;1568007;金砖路;
499;1;1531059;竹辉路;
499;1;1533719;十全街;
499;1;1533448;十梓街;
499;1;1531160;干将东路;
499;1;1531009;景德路;
499;1;1533723;西北街;
499;1;1535547;北环快速路;
499;1;1904766;苏站西路;
499;1;1568006;城北东路;
499;1;1533882;阳澄湖西路;
499;1;4626523;解放北路;
499;1;616340;徐州市法律援助中心;
499;1;560045;建国东路;
499;1;560275;徐州市粮食局;
499;1;560102;大马路;
499;1;4874500;华山路;
499;1;560098;泉新路;
499;1;5154088;南京路;
499;1;5154111;银川路;
499;1;3585452;河海东路;
499;1;3585517;晋陵北路;
499;1;3585518;秀山路;
499;1;3585626;龙业路;
499;1;5153905;Ｓ２３６;
499;1;5154129;葡萄路;
499;1;4593807;竣业路;
499;1;5154050;承恩大道;
499;1;5154053;枚皋中路;
499;1;5154054;城西北路;
499;1;5154046;楚州大道;
499;1;5154049;镇淮楼东路;
499;1;5153903;华西路;
499;1;4258148;长番路;
499;1;4258152;千禧路;
499;1;4258154;盛丹路;
499;1;1531563;建林路;
499;1;1532928;塔园路;
499;1;2884837;闽江路;
499;1;616302;钱江路;
499;1;560048;珠江西路;
499;1;4593802;新都北路;
499;1;5154077;承德南路;
499;1;560032;复兴北路;
499;1;560115;彭城路;
499;1;560039;民主南路;
499;1;5154303;汪廷珍路;
499;1;5154060;健康东路;
499;1;5154063;珠海路;
499;1;5154064;深圳路;
499;1;5154065;厦门路;
499;1;5154066;青岛路;
499;1;5154069;海口路;
499;1;5154070;汕头路;
499;1;5154300;铁云路;
499;1;4258165;丁卯桥路;
499;1;4258166;运河路;
499;1;4258271;镇大公路;
499;1;4258200;塔山路;
499;1;4258296;丁卯花园;
499;1;4258167;谷阳路;
499;1;4258168;健力宝路;
499;1;4258169;经八路;
499;1;4258170;经十二路;
499;1;4258292;刘家村;
499;1;4258270;金港大道;
499;1;1959964;濠南路;
499;1;5154074;淮海南路;
499;1;4258171;天桥路;
499;1;4258131;官塘桥路;
499;1;4258172;南门外大街;
499;1;3557027;Ｓ２３９;
499;1;3641600;罗汤线;
499;1;3753945;满嘉线;
499;1;4258111;Ｓ３４０;
499;1;3641604;Ｇ３１２（奔卜路）;
499;1;3585604;金牛西路;
499;1;895870;兴源中路;
499;1;1545275;清扬路;
499;1;1232634;通扬南路;
499;1;873233;南长街;
499;1;875098;城南路;
499;1;1232657;团结大道;
499;1;872729;二泉东路;
499;1;4593707;江阳西路;
499;1;4593845;华扬西路;
499;1;4593689;扬力路;
499;1;4593691;开发西路;
499;1;4258215;华家;
499;1;4258156;南徐大道;
499;1;4593683;润扬中路;
499;1;4565454;文昌西路;
499;1;4593696;兴城西路;
499;1;4593675;文汇西路;
499;1;4593677;同泰路;
499;1;4593678;京华城路;
499;1;4258294;镇扬汽渡;
499;1;4565444;Ｓ２４４;
499;1;4565455;扬子江北路;
499;1;4593728;姚大线;
499;1;4593725;文昌中路;
499;1;4593710;四望亭路;
499;1;4593726;念四桥路;
499;1;4593712;平山堂西路;
499;1;4593717;司徒庙路;
499;1;4593727;江平东路;
499;1;4593718;蜀岗西路;
499;1;4593694;扬子江南路;
499;1;4593709;江阳中路;
499;1;4593722;吴州西路;
499;1;4593700;扬子江中路;
499;1;4593723;兴城东路;
499;1;4593724;文汇东路;
499;1;4593699;秋雨东路;
499;1;2867818;西康路;
499;1;2866459;汉口西路;
499;1;2870027;宁夏路;
499;1;5288722;大同路;
499;1;5154109;杭州路;
499;1;5154085;合肥路;
499;1;1519506;向阳路;
499;1;895333;永乐东路;
499;1;876408;槐古路;
499;1;1545708;青石路;
499;1;1567836;汾湖路;
499;1;5125816;Ｘ３０５;
499;1;5154220;大庆路;
499;1;3585526;西湖路;
499;1;3585528;武南西路;
499;1;3585513;夏城路;
499;1;3641609;环湖北路;
499;1;3585520;湖滨大道;
499;1;3585318;淹城路;
499;1;3585521;凤林路;
499;1;3753946;武宜路;
499;1;3585523;凤栖路;
499;1;3585311;常武路;
499;1;560241;西苑中路;
499;1;560034;矿山东路;
499;1;560103;苏堤北路;
499;1;616304;同昌西路;
499;1;5154251;三亚路;
499;1;5154256;大连路;
499;1;6330348;Ｓ３２７;
499;1;5154118;Ｙ４３２;
499;1;5154110;河畔路;
499;1;5331769;广州路;
499;1;5154091;飞耀路;
499;1;4626589;运河东路;
499;1;4593833;茱萸湾路;
499;1;4593832;万福路;
499;1;5246442;迎宾大道;
499;1;5154092;科技街;
499;1;5154093;鸿海路;
499;1;5334555;城东路;
499;1;1232707;通江大道（江海东路）;
499;1;872738;凤宾路;
499;1;1232658;金丰路;
499;1;1531411;通江路;
499;1;1531409;角胜路;
499;1;6330425;通吕公路;
499;1;1960526;江海大道高架;
499;1;1959859;通宁大道;
499;1;3585582;北大街;
499;1;1960069;工农北路;
499;1;1959948;国强路;
499;1;1959861;通京大道;
499;1;6330419;运河村;
499;1;1533495;南园南路;
499;1;1531145;福星路;
499;1;1531008;盘胥路;
499;1;1960038;启秀路;
499;1;1960130;东寺路;
499;1;895615;龙光路;
499;1;872988;五爱路;
499;1;6330418;香榭街;
499;1;1960141;南通客运码头;
499;1;1959969;孩儿巷南路;
499;1;3753914;丫河路;
499;1;3641731;淹城北路;
499;1;4258214;官驸路;
499;1;4258228;八公洞路;
499;1;4258161;御桥港路;
499;1;4258162;庄泉路;
499;1;4258164;竹林路;
499;1;3585555;华昌路;
499;1;1959974;濠东路;
499;1;1959978;太平支路;
499;1;2866903;工农路;
499;1;3585505;五一路;
499;1;1959976;世伦路;
499;1;1959977;太平路;
499;1;876413;马巷路;
499;1;2868127;太新路;
499;1;2866412;和燕路;
499;1;2867096;兴武路;
499;1;3137597;五号路;
499;1;1568453;翠薇东路;
499;1;1568456;黄浦江北路;
499;1;1568460;宋家港路;
499;1;1568450;青阳北路;
499;1;1568457;新浦路;
499;1;5322244;富士康路;
499;1;1568434;萧林中路;
499;1;1568440;北门路;
499;1;1568443;紫竹路;
499;1;1568444;柏庐北路;
499;1;1568447;汉浦路;
499;1;1568822;白渔潭路;
499;1;1568678;中华园路;
499;1;1568629;马鞍山中路;
499;1;2868336;郑和中路;
499;1;3137563;三汊河桥;
499;1;2866553;建宁西路;
499;1;2897420;南惠路;
499;1;3585431;南沟村;
499;1;3585434;创新一路;
499;1;3585435;怀德南路;
499;1;3613039;龙江中路;
499;1;3585592;茶花路;
499;1;3753947;东海路（通江北路）;
499;1;3585450;龙锦路;
499;1;3604488;太湖东路;
499;1;3641594;汉江东路;
499;1;3585458;新四路;
499;1;875544;友谊中路;
499;1;895611;庄桥路;
499;1;1232643;阳山大道;
499;1;1232644;盛岸路支线上跨桥;
499;1;1568569;新杨东路;
499;1;874375;二泉中路;
499;1;1568479;Ｓ３４３;
499;1;1534620;兴浦中路;
499;1;1904823;白石中路;
499;1;3137534;机场连接线;
499;1;2866222;龙蟠南路;
499;1;2868230;紫荆花路;
499;1;3585637;玉兰路;
499;1;1232662;航发路;
499;1;1232709;太湖大道高架（江海南路）;
499;1;874727;旺庄东路;
499;1;1535837;映月二路（阳光西路）;
499;1;1533098;星明街;
499;1;1535651;星港街;
499;1;1533100;淞江路;
499;1;1532776;星湖街;
499;1;1533102;敦煌路;
499;1;1533103;车斜路;
499;1;1533105;星华街;
499;1;1568469;阳光中路;
499;1;1568472;致威路;
499;1;1568464;映月二路;
499;1;1535092;江浦南路;
499;1;3753925;常合高速公路常州段;
499;1;3557031;常州芙蓉服务区;
499;1;3641351;金沙大道;
499;1;3557026;Ｓ２４０;
499;1;3753923;揽月路;
499;1;3641338;江宜高速公路;
499;1;3753926;淹城服务区;
499;1;895418;庆源大道;
499;1;876342;高塍服务区;
499;1;1232693;常漕路;
499;1;1568289;太新路（太仓港南疏港高速公路）;
499;1;1568288;陆璜线（太仓港南疏港高速公路）;
499;1;5154002;双沟收费站;
499;1;5154003;明祖陵服务区;
499;1;5154004;盱眙收费站;
499;1;5154005;八仙台服务区;
499;1;1535792;陈家潭;
499;1;2870014;丁家;
499;1;2866679;空港路;
499;1;2868281;天元西路;
499;1;2866521;宁高高速公路;
499;1;3137535;双高路;
499;1;2913007;和凤西路;
499;1;3137536;芝沙线;
499;1;2868724;石臼湖服务区;
499;1;2868725;金牛南路;
499;1;2913008;天生桥路;
499;1;1531154;甫澄中路;
499;1;4258143;Ｘ００１;
499;1;4258144;兴园路;
499;1;2884800;高上线;
499;1;2884804;天和路;
499;1;2884801;万泰路;
499;1;2884802;宝善寺路;
499;1;2884864;大定林;
499;1;2884854;丹青路;
499;1;560152;共建路;
499;1;560121;奎山路;
499;1;560188;徐州电子技术研究所;
499;1;560173;铜电家园;
499;1;560174;好来花园;
499;1;4593687;维扬路;
499;1;4593737;大学南路;
499;1;2879897;龙西路;
499;1;1534991;吴中西路;
499;1;1535856;绕城高速公路内圈Ｘ１０１入口匝道;
499;1;1535858;绕城高速公路外圈Ｘ１０１入口匝道;
499;1;5154150;淮河路;
499;1;4593788;扬子路;
499;1;2912969;保双路;
499;1;3137500;宁芜公路;
499;1;1533671;春光路;
499;1;1904824;青龙街（Ｘ１０１（旧））;
499;1;1568023;康阳路;
499;1;1531314;中市路;
499;1;4706254;新星路;
499;1;4593834;京杭北路;
499;1;3585671;新安路;
499;1;4258277;环湖路;
499;1;4565456;扬菱线;
499;1;4593787;扬子南路;
499;1;4593747;友谊路;
499;1;4593763;盐阜西路;
499;1;4593786;堡城路;
499;1;4593746;大虹桥路;
499;1;4593759;梅岭西路;
499;1;4593753;漕河西路;
499;1;4593748;邗沟路;
499;1;4593785;平山堂东路;
499;1;1960560;富民港路;
499;1;1960000;新开南路;
499;1;1960032;新景路;
499;1;1959997;通盛大道;
499;1;1960007;振兴西路;
499;1;1960557;常青路;
499;1;1959999;通富南路;
499;1;1568730;黑龙江北路;
499;1;1568618;青阳中路;
499;1;1568694;樾河北路;
499;1;1568695;顺帆北路;
499;1;1568698;金沙江北路;
499;1;1568701;洞庭湖北路;
499;1;3585620;太湖中路;
499;1;1568703;夏驾北路;
499;1;1568792;富春江路;
499;1;1568734;蓬溪中路;
499;1;4593714;邗江北路;
499;1;1535915;绕城高速公路Ｘ１０３入口匝道;
499;1;1535917;绕城高速公路内圈Ｘ１０３入口匝道;
499;1;1535918;绕城高速公路外圈Ｘ１０３入口匝道;
499;1;4593830;Ｘ２０１;
499;1;4593713;润扬北路;
499;1;4593679;真州北路;
499;1;1535812;旗南村;
499;1;1535824;Ｙ１０１;
499;1;4258146;镇容线;
499;1;4258145;瑞山路;
499;1;4593708;翠岗路;
499;1;4593686;新城河路;
499;1;4593684;百祥路;
499;1;2866847;宁丹公路;
499;1;2868496;佛城西路;
499;1;3137598;大石湖生态旅游度假区;
499;1;2912966;牛首大道;
499;1;3620901;春江路;
499;1;1568643;昆嘉路;
499;1;1568642;青阳南路;
499;1;1568744;樾河南路;
499;1;1568745;顺帆南路;
499;1;1568746;金沙江南路;
499;1;1568747;吴淞江南路;
499;1;1568748;洞庭湖南路;
499;1;1568768;太湖南路;
499;1;1568767;夏驾南路;
499;1;1568769;新星南路;
499;1;1568770;蓬溪南路;
499;1;5154168;韩泰北路;
499;1;4593822;Ｘ１０６;
499;1;4593794;三星路;
499;1;4593827;富佑路;
499;1;4593797;扬霍路;
499;1;4593846;沙湾北路;
499;1;1568013;青剑路;
499;1;1568046;Ｙ７０２;
499;1;1535137;庙港村;
499;1;1532832;迎宾路;
499;1;1535783;东庄路;
499;1;5154295;枚皋路;
499;1;5154143;枚乘路;
499;1;5154144;明远路;
499;1;5154145;正大路;
499;1;5154071;延安东路;
499;1;4593803;曙光路;
499;1;4593804;杭府街;
499;1;873762;薛典北路;
499;1;895640;经发五路;
499;1;876514;中通路;
499;1;875826;锡梅路;
499;1;895638;环鸿南路;
499;1;895639;锡宅路;
499;1;1535814;绕城高速公路Ｘ２０３入口匝道;
499;1;1535816;绕城高速公路内圈Ｘ２０３入口匝道;
499;1;1535817;绕城高速公路外圈Ｘ２０３入口匝道;
499;1;5154131;兴淮西路;
499;1;1535883;朝阳路;
499;1;1904771;朝阳小区;
499;1;1533955;澄阳路;
499;1;1535136;南陆线;
499;1;1535135;骑河路;
499;1;1568561;朱家湾路;
499;1;1960050;教育路;
499;1;1567854;吴淞路;
499;1;1232661;锡安线;
499;1;1232710;锡甘线（锡东大道）;
499;1;895686;锡山大道;
499;1;895872;幸福路;
499;1;1568052;盛家浜;
499;1;1534216;金堰路;
499;1;895692;润锡北路;
499;1;874469;锡士路;
499;1;874157;锡兴路;
499;1;895688;东翔路;
499;1;1568057;星龙街;
499;1;1535066;归家巷;
499;1;560249;振兴大道;
499;1;560136;荆山路;
499;1;1535819;Ｘ２０３西;
499;1;1535818;绕城高速公路Ｘ２０３西入口匝道;
499;1;1535821;Ｘ２０３西侧;
499;1;1535820;绕城高速公路Ｘ２０３西侧入口匝道;
499;1;1568795;宝昆路;
499;1;1568706;微山湖路;
499;1;1568771;蓬莱路;
499;1;1904719;澄湖路;
499;1;1568821;元丰路;
499;1;3585427;青洋路;
499;1;3585535;鸣新中路;
499;1;2867408;雨花路;
499;1;2870061;新民坊路;
499;1;2867406;雨花大桥;
499;1;1534949;中心路;
499;1;1534943;金通路;
499;1;1534950;新街;
499;1;2866372;紫金路;
499;1;2866370;光华东街;
499;1;895361;Ｘ２０４（旧）;
499;1;1232666;梅清路;
499;1;874186;东安路;
499;1;3753948;Ｓ２３２（旧）;
499;1;3641613;武南中路;
499;1;3585539;滆湖中路;
499;1;3585540;永胜路;
499;1;3641607;延政中大道;
499;1;6330225;Ｘ２０５;
499;1;3585657;Ｘ３１４;
499;1;3585519;武进大道;
499;1;3585524;阳湖路;
499;1;1568509;古城北路;
499;1;1904773;迎滨路;
499;1;1535093;萧林西路;
499;1;1531062;三香路;
499;1;2239490;虹桥路;
499;1;1959955;青年西路;
499;1;1959956;任港路;
499;1;1959953;钟秀西路;
499;1;2912959;正方中路;
499;1;2870055;东虹街;
499;1;2866226;诚信大道;
499;1;1568004;胥香路;
499;1;1904825;胥渔路;
499;1;1535944;胥市街;
499;1;3753971;南塘路（武宜南路）;
499;1;3585522;武宜南路;
499;1;3585320;武宜中路;
499;1;3585533;鸣新路;
499;1;3585508;长虹中路;
499;1;2867873;中华路;
499;1;3137564;信府河;
499;1;2884797;军师巷;
499;1;2867787;建康路;
499;1;874775;学前街;
499;1;1568630;马鞍山东路;
499;1;5331559;北京东路;
499;1;2866368;大石桥街;
499;1;1960001;中远路;
499;1;1568058;姑苏路;
499;1;1534916;环太湖大道;
499;1;1568042;银丽高尔夫别墅;
499;1;1904826;沪宁高速苏州西互通;
499;1;1535119;阳澄湖中路;
499;1;1535120;采莲路;
499;1;3585438;盛家村;
499;1;3585672;龙江南路;
499;1;3641339;龙江北路;
499;1;1959979;青年东路;
499;1;1959988;龙王桥东路;
499;1;1959967;濠北路;
499;1;1959989;钟秀东路;
499;1;2869972;漓江路;
499;1;895324;小桥湾;
499;1;3585617;巫山路;
499;1;3585621;惠山路;
499;1;2866166;北安门街;
499;1;2869750;丹凤街;
499;1;2867811;进香河路;
499;1;1535937;长亭路;
499;1;560242;大学路;
499;1;3753949;Ｘ３０２（Ｘ２１０）;
499;1;3641610;锦华路;
499;1;3585635;小叶家村;
499;1;5154238;黄河路;
499;1;4258187;东吴路;
499;1;4258194;正东路;
499;1;4258196;千秋桥街;
499;1;4258197;烈士路;
499;1;3137565;象房村路（解放南路）;
499;1;2866244;大光路;
499;1;2868585;瑞金路;
499;1;3585448;锦绣路;
499;1;3585446;通江南路;
499;1;3585477;晋陵中路;
499;1;3585500;健身北路;
499;1;3585492;惠山南路;
499;1;1534934;贡山路;
499;1;4258151;龙山路;
499;1;874770;青祁路;
499;1;2161219;红星路;
499;1;895878;锡东二线;
499;1;895877;泾安路;
499;1;1568512;Ｙ００３;
499;1;1960552;沿江路;
499;1;1532763;迎春南路;
499;1;1904775;越湖路;
499;1;1532765;石湖东路;
499;1;895625;钱胡路;
499;1;1904776;北环西路;
499;1;1535537;劳动路;
499;1;1532653;干将西路;
499;1;1532879;金门路;
499;1;1568532;迎宾中路;
499;1;1547227;友谊南路;
499;1;1534965;警民路;
499;1;1531040;春秋路;
499;1;1568564;城北中路;
499;1;1531041;苏埭路;
499;1;1904768;西塘河路;
499;1;1568476;圣祥东路;
499;1;1568383;陆丰东路;
499;1;1568720;金阳东路;
499;1;1568723;洪湖路;
499;1;1568669;南浜路;
499;1;3641689;东城路;
499;1;3753950;青龙东路（永武路）;
499;1;3641686;富民路;
499;1;4258224;健康路;
499;1;2866499;黄山岭路;
499;1;3137566;盘汪线;
499;1;2868254;五里墩;
499;1;2866198;永合路;
499;1;3137567;八采线;
499;1;2884756;汤虎线;
499;1;2884790;尧新大道;
499;1;2913000;甘家巷;
499;1;6330417;３号路;
499;1;2868820;栖霞南街;
499;1;2868821;红梅村;
499;1;2884760;软件大道;
499;1;2866365;雨花南路;
499;1;2868229;郁金香路;
499;1;2870105;紫金花路;
499;1;2867820;云南路;
499;1;3585587;博爱路;
499;1;3585586;化龙巷;
499;1;3585478;和平北路;
499;1;3641611;鹤园弄;
499;1;1568149;枫桥大街;
499;1;1904827;珠江路（枫津大街）;
499;1;1904828;长江路（枫津大街）;
499;1;4258211;长山路;
499;1;3585595;青龙东路;
499;1;3641612;青洋北路;
499;1;3585596;常郑路;
499;1;3585496;青龙西路;
499;1;3585447;飞龙东路;
499;1;3585593;虹景路;
499;1;2183585;永和路;
499;1;876073;清名路;
499;1;560072;津浦西路;
499;1;560046;复兴南路;
499;1;1530970;兴贤路;
499;1;1568825;黄浦江南路;
499;1;560201;府前路;
499;1;1959995;星湖大道;
499;1;3585503;东方西路;
499;1;3585610;新冶路;
499;1;3641592;玉龙中路;
499;1;3585679;中谢村;
499;1;3585489;昆仑路;
499;1;3585315;外环高架;
499;1;3585493;翠竹大道;
499;1;3585494;新堂路;
499;1;3585495;竹林北路;
499;1;3585498;横塘河东路;
499;1;3585425;青洋中路;
499;1;3641591;丁城路;
499;1;616333;固台集;
499;1;3641641;丽园路;
499;1;895358;春华路;
499;1;560066;淮塔东路;
499;1;1534922;迎春路;
499;1;1904829;太湖东路（迎春南路）;
499;1;1533416;苏苑街;
499;1;3753951;剑马线;
499;1;2866205;长虹路;
499;1;2866185;水西门大街;
499;1;2867552;凤台南路辅路;
499;1;2868183;集庆门大街;
499;1;1568537;华杨路;
499;1;1568531;红杨路;
499;1;3753952;夏城路（武南路）;
499;1;560254;珠江东路;
499;1;560125;康平路;
499;1;1568638;庆丰东路;
499;1;1568641;朝阳东路;
499;1;1959963;跃龙路;
499;1;3585475;南大街;
499;1;876412;新生路;
499;1;3585509;花园街;
499;1;3585552;星火北路;
499;1;616331;柳天线;
499;1;1904830;五洋路（浏昆线）;
499;1;1568578;市后街;
499;1;1568579;汉林路;
499;1;1568580;白塔路;
499;1;1904777;青阳大桥;
499;1;1568585;奣子路;
499;1;876404;通扬路;
499;1;2867909;永乐路;
499;1;895660;清名一村;
499;1;1568526;苇城北路;
499;1;1535897;建林村;
499;1;1534947;华金路;
499;1;1534959;浒杨路;
499;1;1567842;虎泉路;
499;1;1534962;青花路;
499;1;1534961;安杨路;
499;1;1535811;阳山环路;
499;1;895699;太湖大道高架;
499;1;1232711;春潮路;
499;1;1904831;木东路（尧峰路）;
499;1;1534975;东丽路;
499;1;4593693;Ｙ０１７;
499;1;1904778;新城南路;
499;1;2868322;南湖路;
499;1;2868182;所街;
499;1;1535840;浒青路;
499;1;3585482;牌楼路;
499;1;1535147;永安路;
499;1;1568101;浒牌路;
499;1;1534976;尧峰东路;
499;1;1534964;道安路;
499;1;1568019;郭新南路;
499;1;1532895;尹中路;
499;1;1904779;Ｙ１０６;
499;1;1534954;真北路;
499;1;1534956;巨华路;
499;1;1545227;苏锡路;
499;1;1534955;浒通路;
499;1;1534942;通浒路;
499;1;1534944;西唐路;
499;1;1534945;中唐路;
499;1;1534941;潇湘路;
499;1;874177;兴源南路;
499;1;3585654;青山路;
499;1;2884836;湘江路;
499;1;2866155;扬子江大道;
499;1;2867835;江东北路;
499;1;3641421;飞龙中路;
499;1;3641615;高邮湖路;
499;1;3585424;凤凰路;
499;1;3641616;河滨东路;
499;1;3585486;劳动东路;
499;1;872596;春申路;
499;1;872739;通惠中路;
499;1;2867676;汉中路;
499;1;2866401;虎踞南路;
499;1;2868095;牌楼巷;
499;1;3585476;公园路;
499;1;3585571;吊桥路;
499;1;3585442;延陵西路;
499;1;3585572;青果巷;
499;1;1904811;Ｙ６０７;
499;1;1568121;华元路;
499;1;1568008;阳澄环路;
499;1;1535124;葑亭路;
499;1;1535828;阳澄湖大道;
499;1;1568011;慈云路;
499;1;1535006;爱河桥路;
499;1;1532845;广济南路;
499;1;1531007;阊胥路;
499;1;1960126;爱心路;
499;1;1959942;大生路;
499;1;2870140;绕城公路北侧;
499;1;2870204;绕城公路北侧安德门大街入口匝道;
499;1;2870136;绕城公路南侧;
499;1;2870206;绕城公路南侧安德门大街入口匝道;
499;1;2866153;小行路;
499;1;2867772;宁双路;
499;1;2867774;徐家凹;
499;1;4593765;安康路;
499;1;4593745;泰州路;
499;1;4593758;江都路;
499;1;4593843;安林路;
499;1;2867810;安仁街;
499;1;2870043;北极西村步道;
499;1;1535130;安元路;
499;1;1535131;澄帆路;
499;1;2867777;乐山路;
499;1;2867778;燕山路;
499;1;2867779;江东中路;
499;1;2867780;庐山路;
499;1;4258248;菊花山路;
499;1;560069;坝子街;
499;1;560070;惠工西路;
499;1;3585483;白家桥引道;
499;1;3585479;延陵中路;
499;1;3585662;青龙路;
499;1;4258155;白龙山路;
499;1;1535013;白塔东路;
499;1;1531585;临顿路;
499;1;1535014;北仓街;
499;1;1535012;白塔西路;
499;1;1904798;白塘路;
499;1;1533830;南施街;
499;1;2867785;太平南路;
499;1;2867786;长白街;
499;1;1534997;白云街;
499;1;1568061;商中街;
499;1;1533789;枫津路;
499;1;3753917;白云路;
499;1;1960567;百花路;
499;1;1960061;孩儿巷北路;
499;1;1959966;濠西路;
499;1;1535023;百家巷;
499;1;1567834;北园路;
499;1;1531528;东北街;
499;1;4593697;望月路;
499;1;1568546;娄苑路;
499;1;2866163;板仓街;
499;1;2866164;龙蟠路;
499;1;1532771;宝带东路;
499;1;1531091;东吴北路;
499;1;1531100;冬青路;
499;1;1531148;福运路;
499;1;1531688;盘蠡路;
499;1;4258241;宝盖路;
499;1;4258242;伯先路;
499;1;616338;宝莲寺路;
499;1;4593730;开发东路;
499;1;4593774;江阳东路;
499;1;4593215;文峰路;
499;1;4258219;大西路;
499;1;1904780;宝通路;
499;1;1534994;天灵路;
499;1;4593839;西华门路;
499;1;2866167;后宰门街;
499;1;2913215;富贵山隧道南;
499;1;2913216;富贵山隧道北;
499;1;1535001;北摆宴街;
499;1;1535034;文萃路;
499;1;1960599;北城大桥;
499;1;1959968;钟秀中路;
499;1;2521172;北大街江海大道高架上匝道;
499;1;1960528;江海大道;
499;1;1959957;永兴大道;
499;1;3585443;西横街;
499;1;3585581;局前街;
499;1;4258249;金广路;
499;1;4258260;黄鹤山路;
499;1;4258223;黄山东路;
499;1;4593824;北辅路;
499;1;4593681;博物馆路;
499;1;4593682;国展路;
499;1;1568150;齐门路出口;
499;1;1904740;齐门外大街;
499;1;1532611;上高路;
499;1;1535523;西环路高架内圈;
499;1;1535555;西环路高架内圈北环快速路入口匝道;
499;1;1567948;太湖大道高架路;
499;1;1534584;西环路高架;
499;1;1534585;桐泾北路;
499;1;1532615;广济路;
499;1;1904846;官渎里立交;
499;1;1535552;北环快速路内圈;
499;1;1535641;东环路高架北环快速路内圈入口匝道;
499;1;1535599;东环路高架内圈;
499;1;1535642;东环路高架内圈北环快速路内圈入口匝道;
499;1;1535602;东环路高架外圈;
499;1;1535680;东环路高架外圈北环快速路内圈入口匝道;
499;1;1568038;广济北路;
499;1;1568069;北环快速路内圈广济北路出口匝道;
499;1;1532610;齐门路;
499;1;1535690;北环快速路内圈齐门路出口匝道;
499;1;1535693;北环快速路内圈桐泾北路下匝道;
499;1;1535557;西环路高架北环快速路内圈入口匝道;
499;1;1535556;西环路高架内圈北环快速路内圈入口匝道;
499;1;1535511;西环路高架外圈;
499;1;1535558;西环路高架外圈北环快速路内圈入口匝道;
499;1;1535549;北环快速路外圈;
499;1;1535804;北环快速路外圈齐门路出口匝道;
499;1;1535695;北环快速路外圈桐泾北路下匝道;
499;1;1535554;西环路高架内圈北环快速路外圈入口匝道;
499;1;1535561;西环路高架外圈北环快速路外圈入口匝道;
499;1;5154245;御花园Ａ区;
499;1;2867812;成贤街;
499;1;2867814;南京市教育局;
499;1;2867817;虎踞路;
499;1;2867819;宁海路;
499;1;5331564;天津路;
499;1;1568543;恒盛路;
499;1;1568542;玉杨路;
499;1;2868154;北门桥;
499;1;4593754;北门外大街;
499;1;4593761;史可法西路;
499;1;1960582;北市街;
499;1;1960575;西市街;
499;1;3585615;北太平桥路;
499;1;3585614;关河中路;
499;1;2866184;北圩路;
499;1;2866316;凤凰东街;
499;1;2867823;汉中门大街;
499;1;2866186;清凉门大街;
499;1;2870045;北沿路;
499;1;2869537;宏运大道;
499;1;2870046;文靖西路;
499;1;2866483;北苑西路;
499;1;2870047;华飞路;
499;1;2866481;华电东路;
499;1;3585613;北直街;
499;1;3585585;东横街;
499;1;1959965;北朱家园路;
499;1;560269;奔腾大道;
499;1;1535504;南环路高架南侧;
499;1;1535505;南环路高架南侧滨河路入口匝道;
499;1;1535939;邓尉路;
499;1;4258295;滨水路;
499;1;4258267;江山名洲;
499;1;4258252;润阳东路;
499;1;1535083;槟榔路;
499;1;1532410;玲珑街;
499;1;1533826;凤鸣街;
499;1;1535019;玻纤路;
499;1;1535020;虎丘路;
499;1;1568151;莲花新村;
499;1;4593703;七里甸路;
499;1;1568152;元和公园;
499;1;1535128;春申湖中路;
499;1;1535129;建元路;
499;1;4593743;彩衣街;
499;1;4593742;北柳巷;
499;1;4593741;国庆路;
499;1;4593755;漕河东路;
499;1;4593750;史可法路;
499;1;4593756;五台山路;
499;1;2866190;草场门大街;
499;1;2867833;锦江路;
499;1;2912955;龙园路;
499;1;2866182;石头城;
499;1;3585578;松涛路;
499;1;6330415;老常锡路;
499;1;3585641;飞北路;
499;1;3585590;星港路;
499;1;2866193;察哈尔路;
499;1;2866944;热河南路;
499;1;2867839;虎踞北路;
499;1;1904781;北浩弄;
499;1;1535008;上塘街;
499;1;2866203;白鹭洲公园;
499;1;2867850;常府街;
499;1;4593809;长春路;
499;1;4593823;唐城遗址;
499;1;4258268;Ｘ２１０;
499;1;4258153;茅以升大道;
499;1;3753936;长虹东路北侧;
499;1;3641508;青洋路高架东侧;
499;1;3753937;青洋路高架东侧长虹东路北侧入口匝道;
499;1;3641346;长虹路高架;
499;1;3641455;长虹路高架长虹西路出口匝道;
499;1;3641496;长虹路高架常武北路出口匝道;
499;1;3585510;常武中路;
499;1;3641493;长虹路高架常武中路出口匝道;
499;1;3585335;湖滨路东侧;
499;1;3641459;长虹路高架湖滨路东侧出口匝道;
499;1;3585338;湖滨路西侧;
499;1;3641457;长虹路高架湖滨路西侧出口匝道;
499;1;3641359;青洋路高架;
499;1;3641528;青洋路高架长虹路高架入口匝道;
499;1;3641512;青洋路高架西侧;
499;1;3641520;青洋路高架西侧长虹路高架入口匝道;
499;1;3641492;长虹路高架武宜北路出口匝道;
499;1;3641489;长虹路高架武宜中路出口匝道;
499;1;3641724;长虹路高架夏城北路出口匝道;
499;1;3641499;夏城中路;
499;1;3641500;长虹路高架夏城中路出口匝道;
499;1;3641466;淹城北路东侧;
499;1;3641734;长虹路高架淹城北路东侧出口匝道;
499;1;3641461;淹城北路西侧;
499;1;3641735;长虹路高架淹城北路西侧出口匝道;
499;1;3641347;龙江路南延高架;
499;1;3641515;长虹路高架北侧;
499;1;3641518;青洋路高架东侧长虹路高架北侧入口匝道;
499;1;3641524;青洋路高架西侧长虹路高架北侧入口匝道;
499;1;3641453;长虹路高架南侧;
499;1;3641514;青洋路高架东侧长虹路高架南侧入口匝道;
499;1;3641720;青洋路高架西侧长虹路高架南侧入口匝道;
499;1;3641454;长虹路高架长虹西路入口匝道;
499;1;3585341;长虹西路北侧;
499;1;3641446;龙江路南延高架长虹西路北侧入口匝道;
499;1;3585343;长虹西路南侧;
499;1;3641452;长虹路高架南侧长虹西路南侧入口匝道;
499;1;3641470;龙江路南延高架长虹西路南侧入口匝道;
499;1;886110;快速内环内圈;
499;1;886287;快速内环内圈长江北路西侧上匝道;
499;1;1568185;长江路太湖大道高架路上匝道;
499;1;1568186;长江路东侧;
499;1;1568345;太湖大道高架路长江路东侧上匝道;
499;1;3585414;长江中路东侧;
499;1;3585673;外环高架长江中路东侧入口匝道;
499;1;3585411;长江中路西侧;
499;1;3585412;外环高架长江中路西侧入口匝道;
499;1;1535052;长乐街;
499;1;1535055;会心街;
499;1;1535054;琼姬路;
499;1;2867874;来燕路;
499;1;2867875;江宁路;
499;1;3753928;长深高速公路常州段;
499;1;3557135;白袁路;
499;1;3557146;天目湖服务区;
499;1;3557145;平陵西路;
499;1;4258118;Ｓ２４１;
499;1;3137523;长深高速公路南京段;
499;1;2912974;白袁线;
499;1;2869901;江宁服务区;
499;1;2912972;连香公路;
499;1;2869899;常溧路;
499;1;2867576;停车区;
499;1;2869898;东庐山服务区;
499;1;2884852;六合服务区;
499;1;3137522;冶竹线;
499;1;1232691;长深高速公路无锡段;
499;1;876338;宜兴太湖服务区;
499;1;876335;丰张线;
499;1;1904805;长塔路;
499;1;1960549;恒东路;
499;1;1533498;长吴路;
499;1;3137509;翔凤路;
499;1;3137510;宝象路;
499;1;3137511;宁桥南路;
499;1;3137512;江陈线;
499;1;560126;长兴路;
499;1;1533868;长阳街;
499;1;2912943;常合高速公路南京段;
499;1;2912944;沿宁溧路;
499;1;1567970;常合高速公路苏州段;
499;1;1904731;常海线;
499;1;895591;常合高速公路无锡段;
499;1;1232700;锡澄线;
499;1;876225;华陆路;
499;1;4258265;常合高速公路镇江段;
499;1;4258109;东湖南路;
499;1;3641494;长虹路高架常武北路入口匝道;
499;1;3753977;龙城大桥北;
499;1;3585546;广电中路;
499;1;3585549;定安中路;
499;1;3585556;聚湖东路;
499;1;3753978;龙城大桥南;
499;1;3641498;长虹路高架常武中路入口匝道;
499;1;3137594;钞库街;
499;1;1568658;三巷路;
499;1;1568635;富华路;
499;1;1568661;盛晞路;
499;1;1904807;车郭路;
499;1;1535048;东延路;
499;1;2867377;晨光路;
499;1;2912932;土城头路;
499;1;2870050;双桥门;
499;1;3137547;晨光路北侧;
499;1;3137548;龙蟠南路晨光路北侧入口匝道;
499;1;2913165;晨光路西侧;
499;1;2913166;机场路晨光路西侧入口匝道;
499;1;5154216;河南东路;
499;1;2866228;弘景大道;
499;1;2867881;水阁路;
499;1;2869973;将军大道;
499;1;2867883;清水亭西路;
499;1;2867884;苏源大道;
499;1;2912960;九龙湖路;
499;1;2867887;清水亭东路;
499;1;1535327;绕城高速公路城北西路入口匝道;
499;1;1535441;绕城高速公路内圈城北西路入口匝道;
499;1;1535443;绕城高速公路外圈城北西路入口匝道;
499;1;1535319;城北西路北侧;
499;1;1535325;绕城高速公路城北西路北侧入口匝道;
499;1;1535322;城北西路南侧;
499;1;1535326;绕城高速公路城北西路南侧入口匝道;
499;1;5154284;Ｓ２３５;
499;1;5154178;徐杨路;
499;1;5154179;和顺路;
499;1;5154180;集贤路;
499;1;2870051;城河北路;
499;1;2866943;郑和北路;
499;1;3137569;方家营路;
499;1;1904709;城际路;
499;1;1568095;虎池路;
499;1;6330397;半站路;
499;1;1232633;清名东路;
499;1;1960049;桃坞路;
499;1;2521160;浴海温泉;
499;1;1959983;段家坝路;
499;1;5154294;运河街;
499;1;1960573;城闸路;
499;1;2870052;程阁老巷;
499;1;1904832;蠡明街（蠡苑路）;
499;1;1567860;澄和路;
499;1;1904718;长蠡路;
499;1;1568160;苏蠡路;
499;1;1904742;蓬西北路;
499;1;876411;崇宁路;
499;1;560230;富春路;
499;1;1535906;创苑路;
499;1;872655;坊前路;
499;1;1533883;春申湖西路;
499;1;1535117;永方路;
499;1;872730;春阳路;
499;1;895741;金城东路高架春阳路上匝道;
499;1;895735;太湖大道高架春阳路上匝道;
499;1;1534928;翠坊街;
499;1;1531047;中市街;
499;1;1531049;翠坊南路;
499;1;1535058;翠园路;
499;1;1535062;津梁街;
499;1;1539914;右岸街;
499;1;1531841;华池街;
499;1;1535081;北小庄;
499;1;1535061;万盛街;
499;1;895865;大成路;
499;1;4593740;大东门街;
499;1;4593739;汶河北路;
499;1;2866246;御道街;
499;1;5154082;韩泰路;
499;1;560053;民主北路;
499;1;3585485;大明路;
499;1;2912936;卡子门大街高架;
499;1;2870070;象房村路;
499;1;2867911;秦虹路;
499;1;3585484;延陵东路;
499;1;2913148;大明路北侧;
499;1;2913149;卡子门大街高架大明路北侧入口匝道;
499;1;2867101;大桥北路;
499;1;3137498;柳洲路;
499;1;2868332;大桥南路;
499;1;2867681;建宁路;
499;1;3137477;大桥南路辅路;
499;1;2870073;新民路;
499;1;560233;下淀路;
499;1;1959941;港闸路;
499;1;895385;万顺道;
499;1;1232665;信成道;
499;1;895409;冯甲里;
499;1;5154149;大同东路;
499;1;4258244;双井路;
499;1;4593738;大学北路;
499;1;5154158;学院路;
499;1;5333480;清河路;
499;1;1531058;带城桥路;
499;1;2876567;凤凰街;
499;1;1531061;道前街;
499;1;560265;德政路;
499;1;560277;绿苑花园;
499;1;616341;汉景大道;
499;1;560278;德政路至城东大道;
499;1;616310;东丰路;
499;1;1535871;高板桥;
499;1;1568808;楠梓路;
499;1;1568805;新竹路;
499;1;1568814;第三大道;
499;1;1568811;第一大道;
499;1;3585570;广化街;
499;1;3585499;潞城大道;
499;1;2884842;丁家桥;
499;1;2866448;湖南路;
499;1;2866773;新模范马路;
499;1;2870084;童家巷;
499;1;4258281;丁卯桥路至纬五路;
499;1;4258176;纬五路;
499;1;2870054;鼎新路;
499;1;2868194;建邺路;
499;1;3585548;定安西路;
499;1;3585550;降子路;
499;1;2866259;定淮门大街;
499;1;2867920;郑和南路;
499;1;2913038;定林路;
499;1;3585647;东宝路;
499;1;1535003;东大街;
499;1;1535024;西二路;
499;1;1535002;书院巷;
499;1;3585444;新市路;
499;1;3641539;青洋路高架东方西路入口匝道;
499;1;3585470;丽华北路;
499;1;616312;民祥路;
499;1;616311;黄山新村邮政支局;
499;1;4593744;东关街;
499;1;2869995;秣周中路;
499;1;4593775;东花园东路;
499;1;4593736;汤汪路;
499;1;4593773;施井路;
499;1;1535750;东环路高架内圈东环路上匝道;
499;1;1535605;东环路高架外圈东环路上匝道;
499;1;1568356;独墅湖大道东环路东侧入口匝道;
499;1;1535711;东环路东侧;
499;1;1535712;东环路高架外圈东环路东侧上匝道;
499;1;1535704;北环快速路内圈东环路高架入口匝道;
499;1;1535705;北环快速路外圈东环路高架入口匝道;
499;1;1568192;独墅湖大道东环路高架入口匝道;
499;1;1568282;独墅湖大道东环路高架出口匝道;
499;1;1568201;独墅湖大道北侧;
499;1;1568202;独墅湖大道北侧东环路高架入口匝道;
499;1;1568213;独墅湖大道北侧东环路高架出口匝道;
499;1;1568193;独墅湖大道南侧;
499;1;1568194;独墅湖大道南侧东环路高架入口匝道;
499;1;1532743;杨枝塘路;
499;1;1568195;东环路高架东侧;
499;1;1568359;独墅湖大道南;
499;1;1568358;独墅湖大道南东环路高架东侧入口匝道;
499;1;1535735;北环快速路内圈东环路高架内圈入口匝道;
499;1;1535640;北环快速路外圈东环路高架内圈出口匝道;
499;1;1535600;东环路高架内圈东环路下匝道;
499;1;1535619;东环路内圈;
499;1;1535620;东环路高架内圈东环路内圈下匝道;
499;1;1535709;东环路西侧;
499;1;1535708;东环路高架内圈东环路西侧下匝道;
499;1;1535782;北环快速路东环路高架外圈入口匝道;
499;1;1535776;北环快速路内圈东环路高架外圈入口匝道;
499;1;1535646;北环快速路外圈东环路高架外圈入口匝道;
499;1;1535710;东环路高架外圈东环路东侧下匝道;
499;1;1535607;东环路高架外圈金鸡湖大道出口匝道;
499;1;1535603;东环路高架外圈杨枝塘路出口匝道;
499;1;1568203;东环路高架西侧;
499;1;1568207;独墅湖大道东环路高架西侧入口匝道;
499;1;1535627;东环路高架内圈东环路内圈上匝道;
499;1;1531076;东汇路;
499;1;1904784;塘坊湾桥;
499;1;1904713;江宇路;
499;1;3641629;东经１２０路;
499;1;3585602;新堂北路;
499;1;2866274;东南大学路;
499;1;872707;新明路;
499;1;876506;春鑫路;
499;1;875637;芙蓉三路;
499;1;872702;东亭南路;
499;1;874370;春新中路;
499;1;872705;东亭中路;
499;1;1960129;东通线;
499;1;1960051;观东街;
499;1;1960123;振先路;
499;1;4258251;滨江大道;
499;1;4258191;禹山路;
499;1;4258189;江滨路;
499;1;895693;新华路高架;
499;1;895851;新华路高架东翔路上匝道;
499;1;895662;胶南路;
499;1;1534999;东兴路;
499;1;1568031;石莲街;
499;1;1535011;东中市;
499;1;1535010;汤家巷;
499;1;1533296;中街路;
499;1;1904797;觅渡桥;
499;1;1904785;苏苑东街;
499;1;560097;金桥路;
499;1;3585481;桃园路;
499;1;1568407;震川东路;
499;1;1568652;同丰东路;
499;1;1568644;南河路;
499;1;1568666;精成路;
499;1;1568217;东环路高架独墅湖大道入口匝道;
499;1;1568283;独墅湖大道南东环路高架入口匝道;
499;1;1568220;东环路高架东侧独墅湖大道入口匝道;
499;1;1568208;东环路高架西侧独墅湖大道入口匝道;
499;1;1568225;独墅湖大道通园路出口匝道;
499;1;1568226;独墅湖大道星港街出口匝道;
499;1;1568228;独墅湖大道星湖街出口匝道;
499;1;1568229;星湖街东侧;
499;1;1568355;独墅湖大道星湖街东侧出口匝道;
499;1;1568216;东环路高架独墅湖大道北侧出口匝道;
499;1;1568221;东环路高架东侧独墅湖大道北侧出口匝道;
499;1;1568833;独墅湖大道辅路;
499;1;1568218;东环路高架东侧独墅湖大道南侧入口匝道;
499;1;1568231;独墅湖大道南侧星湖街出口匝道;
499;1;4593767;渡江路;
499;1;4593771;南通东路;
499;1;4593766;甘泉路;
499;1;4593734;渡江南路;
499;1;4672611;临江路;
499;1;4593777;连运西路;
499;1;1959962;青年中路;
499;1;1535050;沙浜路;
499;1;2521152;二号路;
499;1;1960133;石桥路;
499;1;2521153;江通线;
499;1;560014;二环北路;
499;1;560130;马场湖西路;
499;1;560116;湖中路;
499;1;560234;平山南路;
499;1;2870067;湖北路;
499;1;616332;二零六线;
499;1;895612;柏庄路;
499;1;876450;华夏中路;
499;1;1568049;三家村;
499;1;1533816;钟南街;
499;1;1535067;青丘街;
499;1;895687;坊城大道;
499;1;895748;坊城大道金城东路高架上匝道;
499;1;895749;坊城大道东侧;
499;1;895750;金城东路高架坊城大道东侧上匝道;
499;1;874410;新芳路;
499;1;560127;纺织东路;
499;1;616321;小叮当幼儿园;
499;1;560104;煤建一街;
499;1;3641635;玉龙南路;
499;1;3585501;永宁北路;
499;1;3585502;竹林南路;
499;1;3641420;龙江路高架飞龙中路入口匝道;
499;1;5154250;威海路;
499;1;5154273;珠海东路;
499;1;5154147;丰登路;
499;1;5154148;清江电机路;
499;1;2870056;丰富路;
499;1;2870057;石鼓路;
499;1;2870058;秣陵路;
499;1;560274;风华南路;
499;1;560132;风化街;
499;1;560131;立德路;
499;1;560122;玉带西街;
499;1;1534008;枫桥路;
499;1;1568155;寒山别院;
499;1;1535007;寒山寺景区;
499;1;1535027;烽火路;
499;1;1535035;葑春街;
499;1;1535036;环府路;
499;1;1535037;文和路;
499;1;1533463;葑门路;
499;1;1531601;莫邪路;
499;1;1533798;葑亭大道;
499;1;1535123;双马街;
499;1;1535122;扬东路;
499;1;1904705;戈港街;
499;1;2866318;龙园南路;
499;1;1531060;滚绣坊;
499;1;1904833;临顿路（建新巷）;
499;1;1904813;定慧寺巷;
499;1;3641662;河东街;
499;1;4258275;凤凰山路;
499;1;2884834;凤凰西街;
499;1;2868103;湛江路;
499;1;3641646;凤林北路;
499;1;3585531;鸣新西路;
499;1;1532408;苏虹中路;
499;1;560067;凤鸣路;
499;1;2866536;凤台路;
499;1;2913050;应天大街高架北侧;
499;1;2913095;应天大街高架北侧凤台路入口匝道;
499;1;2912940;应天大街高架;
499;1;2867855;集庆路;
499;1;2913082;凤台路东侧;
499;1;2913083;应天大街高架凤台路东侧入口匝道;
499;1;2913045;应天大街高架南侧;
499;1;2913085;应天大街高架南侧凤台路东侧入口匝道;
499;1;2866322;凤台路辅路;
499;1;3137600;集庆门医院;
499;1;3137601;达来花苑;
499;1;3137602;西关头;
499;1;2913081;凤台路西侧;
499;1;2913087;应天大街高架凤台路西侧入口匝道;
499;1;2913096;应天大街高架北侧凤台路西侧入口匝道;
499;1;3137599;华燕大酒店;
499;1;2912999;青一村;
499;1;886169;凤翔路西侧;
499;1;886106;快速内环外圈;
499;1;886172;快速内环外圈凤翔路西侧入口匝道;
499;1;895685;凤翔南路;
499;1;873550;惠钱路;
499;1;895398;古华山路;
499;1;1232667;盛岸路;
499;1;876454;赵巷上;
499;1;1232668;梓旺一路;
499;1;2866334;福建路;
499;1;2912998;新门口;
499;1;2868015;铁路北街;
499;1;560037;福顺路;
499;1;560112;富国街;
499;1;4593850;福缘南巷;
499;1;886262;辅仁路西侧;
499;1;886266;快速内环内圈辅仁路西侧上匝道;
499;1;1960559;新开北路;
499;1;2866369;傅厚岗;
499;1;2870059;高楼门;
499;1;2867546;富贵山隧道;
499;1;3137603;富贵山庄;
499;1;3137604;白马高尔夫俱乐部;
499;1;560113;立达路;
499;1;1532840;仓街;
499;1;1532843;银泰路;
499;1;4593768;汶河南路;
499;1;560253;华夏路;
499;1;4258274;岗子下路;
499;1;4258273;鸿鹤桥路;
499;1;1534977;皋峰路;
499;1;3753913;高家路;
499;1;895792;机场快速路高浪东路上匝道;
499;1;895829;高浪路高架Ｇ３１２下匝道;
499;1;895790;高浪路高架机场快速路上匝道;
499;1;895596;机场快速路东侧;
499;1;895799;高浪路高架机场快速路东侧上匝道;
499;1;895593;机场快速路西侧;
499;1;895791;高浪路高架机场快速路西侧上匝道;
499;1;895762;金城东路高架高浪路高架下匝道;
499;1;895694;金城路高架;
499;1;895760;金城路高架高浪路高架下匝道;
499;1;895758;金城路高架北侧;
499;1;895767;金城路高架北侧高浪路高架下匝道;
499;1;895691;泰伯大道;
499;1;895830;高浪路高架泰伯大道下匝道;
499;1;895833;泰伯大道北侧;
499;1;895834;高浪路高架泰伯大道北侧下匝道;
499;1;895839;高浪路高架锡沪路下匝道;
499;1;895835;高浪路高架锡山大道下匝道;
499;1;895825;锡绅路;
499;1;895826;高浪路高架锡绅路下匝道;
499;1;895761;高浪路高架北侧;
499;1;895798;高浪路高架北侧机场快速路上匝道;
499;1;895804;高浪路高架北侧机场快速路西侧上匝道;
499;1;895794;高浪路高架南侧;
499;1;895805;高浪路高架南侧机场快速路西侧上匝道;
499;1;895753;高浪路高架西侧;
499;1;895766;金城东路高架高浪路高架西侧下匝道;
499;1;4593749;高桥路;
499;1;4593752;竹西路;
499;1;4593762;史可法东路;
499;1;4593760;梅岭东路;
499;1;2521169;工农北路江海大道高架上匝道;
499;1;1960527;幸余路;
499;1;1959985;啬园路;
499;1;895623;工运路;
499;1;1568634;拱辰路;
499;1;2866364;共青团路;
499;1;2868055;雨花北路;
499;1;2884841;共青团路至雨花西路;
499;1;3137571;饮马桥;
499;1;886253;贡湖大道东侧;
499;1;886255;快速内环外圈贡湖大道东侧入口匝道;
499;1;2870060;箍桶巷;
499;1;2869673;马道街;
499;1;4258207;桃花坞路;
499;1;4258208;花山路;
499;1;873386;通惠西路;
499;1;4258253;经三路;
499;1;4258175;纬三路;
499;1;4258293;中煤电子研究所;
499;1;4258179;宗泽路;
499;1;2912997;鼓楼地下立交;
499;1;3585598;关河东路;
499;1;3585589;小东门路;
499;1;3585441;怀德北路;
499;1;3585612;健身路;
499;1;3641621;太平桥路;
499;1;1535112;官渎路;
499;1;1904707;苏站东路;
499;1;2870062;管家桥;
499;1;2866484;华侨路;
499;1;1568713;光电路;
499;1;2868060;南华巷;
499;1;2870207;绕城公路光华路入口匝道;
499;1;3585563;兰陵北路;
499;1;3585467;晋陵南路;
499;1;3585564;和平中路;
499;1;3585469;龙游南路;
499;1;2868065;友谊河路;
499;1;3585547;广电东路;
499;1;3641658;广电路;
499;1;3641661;兴隆街;
499;1;3641622;广电西路;
499;1;3585440;劳动西路;
499;1;1534587;西汇路;
499;1;1904767;太东公路;
499;1;1535106;平河路;
499;1;1535118;黄蠡路;
499;1;1535801;北环快速路内圈广济路入口匝道;
499;1;1531185;石路步行街;
499;1;1539762;广建路;
499;1;6330394;广靖高速公路泰州段;
499;1;6302175;西环南路;
499;1;6302176;广陵服务区;
499;1;4593769;广陵路;
499;1;4672539;皮市街;
499;1;874405;广南路;
499;1;895714;太湖大道广南路上匝道;
499;1;895616;苏巷路;
499;1;895411;尤岸里;
499;1;895618;五寸桥;
499;1;895617;江海新村;
499;1;895875;广益路;
499;1;886290;广南路东侧;
499;1;886291;快速内环内圈广南路东侧上匝道;
499;1;886119;广南路南侧;
499;1;886206;快速内环内圈广南路南侧上匝道;
499;1;886298;快速内环内圈广瑞路入口匝道;
499;1;1232713;锦绣路（石狮路）;
499;1;895619;新西桥;
499;1;2868080;虎踞关;
499;1;2868081;龙蟠里;
499;1;2868082;拉萨路;
499;1;1568032;杏林街;
499;1;3585463;桂花路;
499;1;3585464;棕榈路;
499;1;560100;津浦东路;
499;1;1960548;江通路;
499;1;1960564;国胜路;
499;1;560158;海河路;
499;1;560271;海鸥路;
499;1;4593751;黄金坝路;
499;1;4593685;邗江中路;
499;1;5154261;韩泰南路;
499;1;5154266;新东南科技园;
499;1;560238;峨眉路;
499;1;3641375;龙江路高架汉江西路入口匝道;
499;1;3641593;汉江中路;
499;1;2870063;汉口路;
499;1;2868100;清江路;
499;1;3596513;浦江路;
499;1;2868105;莫愁湖西路;
499;1;1960062;西寺路;
499;1;1534986;支英街;
499;1;560151;云东二道;
499;1;2866413;中央北路;
499;1;2884759;永济大道;
499;1;3137605;红山森林动物园;
499;1;1960572;河东北路;
499;1;1960569;河东路;
499;1;1960568;永怡路;
499;1;3753955;薛冶线;
499;1;3585625;河海中路;
499;1;560114;河清路;
499;1;2913188;荷包套北侧;
499;1;2913189;龙蟠中路荷包套北侧上匝道;
499;1;4593784;荷花池路;
499;1;4593770;南通西路;
499;1;2866421;黑龙江路;
499;1;2866422;钟阜路;
499;1;2868140;南瑞路;
499;1;2868141;金贸大街;
499;1;2870064;恒嘉路;
499;1;2870065;红山支路;
499;1;2913037;恒山路;
499;1;1535097;环庆路;
499;1;1567838;横山路;
499;1;1567839;文化北路;
499;1;3753956;东郊路;
499;1;3585573;横兴路;
499;1;3585574;西瀛里;
499;1;3585480;红梅路;
499;1;2912996;华电西路;
499;1;2868144;十字街;
499;1;2913118;宏光路南侧;
499;1;2913103;龙蟠南路东侧;
499;1;2913120;龙蟠南路东侧宏光路南侧入口匝道;
499;1;5154308;宏恒路;
499;1;1535797;宏业路;
499;1;1535798;群星一路;
499;1;2870170;双龙大道东侧;
499;1;3137542;双龙大道东侧宏运大道入口匝道;
499;1;1904834;大同江路;
499;1;1568603;虹祺路;
499;1;5154177;淮安中欣国际实验学校;
499;1;895334;大池路;
499;1;895621;金城西路;
499;1;874956;梁清路;
499;1;874586;建筑路;
499;1;874950;中南西路;
499;1;874588;望山路;
499;1;2870066;侯家桥;
499;1;2866757;罗廊路;
499;1;2866990;莫愁路;
499;1;2868662;后标营路;
499;1;876410;后西溪;
499;1;895785;厚鸿路;
499;1;895696;金城快速路;
499;1;895789;金城快速路厚鸿路上匝道;
499;1;895787;金城路高架厚鸿路上匝道;
499;1;560043;煤建路;
499;1;560042;万达兴路;
499;1;2868179;云南北路;
499;1;3641458;长虹路高架湖滨路东侧入口匝道;
499;1;3641456;长虹路高架湖滨路西侧入口匝道;
499;1;1568498;湖滨南路;
499;1;1568497;硕士路;
499;1;1568501;马鞍山西路;
499;1;1232653;湖滨商业街;
499;1;560050;湖东路;
499;1;560049;金山东路;
499;1;2869164;科宁路;
499;1;2869166;天元东路;
499;1;2866451;湖西街;
499;1;1567843;金储街;
499;1;1568102;虎殿路;
499;1;1904789;金业街;
499;1;1535102;虎阜路;
499;1;1535104;蒲庵路;
499;1;2866455;模范中路;
499;1;2912995;虎踞北路辅路;
499;1;2869990;古林公园;
499;1;2884849;南京市察哈尔路小学;
499;1;2866463;虎踞南路辅路;
499;1;3137606;拉萨路小学;
499;1;2867566;汉西门大街;
499;1;1535103;山塘街;
499;1;1535564;西环路高架西侧;
499;1;1567841;西环路高架西侧虎泉路上匝道;
499;1;1532598;自由路;
499;1;4258112;沪宁高速公路镇江段;
499;1;4258114;仙人山服务区;
499;1;4258116;双牌韦家;
499;1;4258119;窦庄服务区;
499;1;2912994;陵东路;
499;1;2912947;太阳城路;
499;1;3753927;沪蓉高速公路常州段;
499;1;3557034;芳茂山服务区;
499;1;3137537;沪蓉高速公路南京段;
499;1;2868207;黄栗墅服务区;
499;1;1232695;沪蓉高速公路无锡段;
499;1;874646;锡澄高速公路;
499;1;874644;堰玉路;
499;1;1960520;沪陕高速公路南通段;
499;1;1960597;叠石桥收费站;
499;1;1959867;德海线;
499;1;1959869;麒麟停车区;
499;1;1959870;包临路;
499;1;1959871;吕北公路;
499;1;1960518;东汇线;
499;1;1960519;汇大线;
499;1;2521162;崇启大桥服务区;
499;1;1904737;沪青平公路;
499;1;1534729;震泽出入口;
499;1;1534730;松桃线;
499;1;1534731;平望服务区;
499;1;1534732;平望出入口;
499;1;1904736;松汾线;
499;1;1539917;汾湖大道;
499;1;4258202;小米山路;
499;1;2866478;花神大道;
499;1;2866479;秦淮路;
499;1;1535057;旺墩路;
499;1;1535059;沈浒路;
499;1;2866429;华电路;
499;1;874176;华清路;
499;1;1232733;震泽路（华清大道）;
499;1;1232732;高浪路（华清大道）;
499;1;1232731;大通路（华清大道）;
499;1;1232669;梁东路;
499;1;895369;华清大桥东匝道;
499;1;3585628;华山北路;
499;1;1534953;如意路;
499;1;560159;华泰路;
499;1;876449;华夏南路;
499;1;895732;太湖大道高架华夏南路上匝道;
499;1;1534957;华阳路;
499;1;1568560;优比路;
499;1;1568122;织锦路;
499;1;4258284;华园路;
499;1;3753957;怀德桥;
499;1;3585646;勤业南路;
499;1;1534989;淮海街;
499;1;1539792;灵岩街;
499;1;560240;夹河西街;
499;1;560145;永安南路;
499;1;560090;古黄河服务区;
499;1;560091;Ｓ２５１;
499;1;560092;天虹大道;
499;1;560093;睢宁高作服务区;
499;1;1533295;淮阳路;
499;1;876409;绿塔路;
499;1;1535000;南摆宴街;
499;1;4258276;征润州路;
499;1;4258278;一泉路;
499;1;560258;天目路;
499;1;2868246;仙林大道;
499;1;2868247;紫金山庄;
499;1;1567844;环太湖高速公路Ｇ３１２东侧出口匝道;
499;1;1539885;环太湖高速公路Ｇ３１２西侧出口匝道;
499;1;1567845;绕城高速公路内圈环太湖高速公路入口匝道;
499;1;1567846;绕城高速公路外圈环太湖高速公路入口匝道;
499;1;1535391;绕城高速公路匝道南;
499;1;1539898;环太湖高速公路绕城高速公路匝道南入口匝道;
499;1;1960127;中心河路;
499;1;1960068;兴隆路;
499;1;4258261;林隐路;
499;1;4593783;扬州市蓝天学校;
499;1;4593826;上方寺路;
499;1;1535896;蠡方路;
499;1;1568826;玉溪中路;
499;1;1568473;圣祥中路;
499;1;616314;黄山大道;
499;1;6330411;民祥园路;
499;1;4258217;黄山西路;
499;1;1232727;黄巷立交;
499;1;1232641;江海路西匝道;
499;1;1232637;快速内环东;
499;1;1535060;天宝街;
499;1;1535076;胜天路;
499;1;1535179;金塔路;
499;1;1535075;西洲路;
499;1;1568111;惠成街;
499;1;1568112;车渔村;
499;1;872933;惠河路;
499;1;874691;青山支路;
499;1;886186;惠钱路南侧;
499;1;886105;快速内环;
499;1;886185;快速内环惠钱路南侧入口匝道;
499;1;1232670;北惠路;
499;1;3585655;安莉芳路;
499;1;895824;机场快速路Ｇ３１２下匝道;
499;1;895793;高浪路高架机场快速路下匝道;
499;1;895802;高浪路高架北侧机场快速路下匝道;
499;1;895795;高浪路高架南侧机场快速路下匝道;
499;1;895809;机场快速路吴都路下匝道;
499;1;895811;吴都路南侧;
499;1;895813;机场快速路吴都路南侧下匝道;
499;1;895814;机场快速路新华路下匝道;
499;1;895816;新华路南侧;
499;1;895819;机场快速路新华路南侧下匝道;
499;1;895820;新梅路;
499;1;895821;机场快速路新梅路下匝道;
499;1;895861;新梅路北侧;
499;1;895860;机场快速路新梅路北侧下匝道;
499;1;895327;锡勤路;
499;1;895806;机场快速路北侧;
499;1;895808;高浪路高架北侧机场快速路北侧下匝道;
499;1;895797;高浪路高架机场快速路东侧下匝道;
499;1;886096;泰山路北侧;
499;1;895598;机场快速路东侧泰山路北侧出口匝道;
499;1;895801;高浪路高架机场快速路西侧下匝道;
499;1;895803;高浪路高架北侧机场快速路西侧下匝道;
499;1;895859;高浪路高架南侧机场快速路西侧下匝道;
499;1;886089;锡新二路南侧;
499;1;895601;机场快速路西侧锡新二路南侧出口匝道;
499;1;886101;新光路南侧;
499;1;895597;机场快速路西侧新光路南侧出口匝道;
499;1;2913154;卡子门大街高架南侧;
499;1;2913156;卡子门大街高架南侧机场路入口匝道;
499;1;2870208;绕城公路机场路入口匝道;
499;1;2913138;玉兰路东侧;
499;1;2913140;机场路玉兰路东侧出口匝道;
499;1;2913135;紫荆花路南侧;
499;1;2913137;机场路紫荆花路南侧出口匝道;
499;1;2913151;机场路北侧;
499;1;2913153;机场路北侧卡子门大街高架出口匝道;
499;1;2913157;普天路;
499;1;2913159;机场路北侧普天路出口匝道;
499;1;2903437;机场路东侧;
499;1;886114;金城东路北侧;
499;1;886113;机场路东侧金城东路北侧出口匝道;
499;1;2913133;机场路东侧软件大道出口匝道;
499;1;1568106;吉庆街;
499;1;1568107;西大街;
499;1;1568108;侍其巷;
499;1;1532142;胥口东大街;
499;1;2866532;吉印大道;
499;1;2868316;仙鹤街;
499;1;3137607;万达广场西地贰街区;
499;1;2868320;云锦路;
499;1;2868323;文体路;
499;1;5154307;大砖桥村;
499;1;560218;济徐高速公路徐州段;
499;1;616291;欢凤线;
499;1;560219;敬安停车区;
499;1;560220;沛县南收费站;
499;1;560221;Ｓ３２１;
499;1;560222;大沙河服务区;
499;1;560279;人民家园;
499;1;2866554;江边路;
499;1;2866551;热河路;
499;1;3641676;建设路;
499;1;3753958;长虹东路（建设南路）;
499;1;3641675;政和路;
499;1;876403;建业路;
499;1;2866787;莫愁湖东路;
499;1;2870068;王府大街;
499;1;1232671;盛新大桥;
499;1;1232636;快速内环西;
499;1;1232702;快速内环西建筑路上匝道;
499;1;876484;建筑西路;
499;1;3641671;宋剑路;
499;1;3641665;工业大道;
499;1;3641668;今创路;
499;1;4258225;山门口街;
499;1;876366;学前西路;
499;1;4258239;南纬二路;
499;1;4258240;纬六路;
499;1;1960066;船闸西路;
499;1;2868359;金沙江西街;
499;1;4593776;江都南路;
499;1;2521171;江海大道高架北大街下匝道;
499;1;2521170;江海大道高架工农路下匝道;
499;1;2521168;江海大道高架江海大道下匝道;
499;1;2521167;江海大道高架通京大道下匝道;
499;1;1960588;通宁大道高架江海大道高架入口匝道;
499;1;6330401;长江北路高架;
499;1;1960530;江海大道高架北侧;
499;1;1960531;通宁大道高架东侧;
499;1;1960589;江海大道高架北侧通宁大道高架东侧出口匝道;
499;1;1232734;凤宾路（江海西路）;
499;1;1232639;江海东路辅路;
499;1;895716;江海南路;
499;1;895722;太湖大道高架江海南路入口匝道;
499;1;895718;太湖大道高架北侧;
499;1;895723;太湖大道高架北侧江海南路入口匝道;
499;1;886164;江海西路南侧;
499;1;895866;快速内环内圈江海西路南侧入口匝道;
499;1;886165;快速内环外圈江海西路南侧入口匝道;
499;1;1539900;泾陵路;
499;1;1568834;仲英大道;
499;1;4593849;孙庄;
499;1;1904711;江乾路;
499;1;1568104;平海路;
499;1;1904714;花锦村;
499;1;2866572;江山大街;
499;1;2870209;绕城公路北侧江山大街入口匝道;
499;1;2870145;江山大街绕城公路南侧入口匝道;
499;1;2912976;江山路;
499;1;2866892;浦洲路;
499;1;2868735;江苏路;
499;1;2870069;牯岭路;
499;1;3137472;老菜市;
499;1;2913044;大方巷;
499;1;2866855;山西路;
499;1;1960587;孙家园上;
499;1;1960570;江通北路;
499;1;1535107;江星路;
499;1;1535109;平川路;
499;1;4593735;联谊路;
499;1;4593688;完美路;
499;1;1904712;江宙路;
499;1;1904715;幸福村;
499;1;2868498;胜太西路;
499;1;2912952;将军庙;
499;1;3137572;湖南路（马台街）;
499;1;2870085;司背后;
499;1;2866604;节制闸路;
499;1;2912988;清水塘路;
499;1;2913167;节制闸路南侧;
499;1;2913101;龙蟠南路西侧;
499;1;2913169;龙蟠南路西侧节制闸路南侧入口匝道;
499;1;873034;县前东街;
499;1;560243;解放路至黄河西路;
499;1;560065;奎淮路;
499;1;1535087;界浦路;
499;1;1567847;刁巷村;
499;1;1533774;强胜路;
499;1;895738;金城东路高架金城东路上匝道;
499;1;895769;金城路高架金城东路上匝道;
499;1;895840;新华路高架金城东路上匝道;
499;1;1232730;通锡高速公路（锡太公路）;
499;1;1232672;景云立交;
499;1;873055;新阳路;
499;1;895329;新韵北路;
499;1;873639;锡东大道;
499;1;1232714;厚鸿路（锡太公路）;
499;1;886210;快速内环外圈金城东路北侧上匝道;
499;1;895743;金城东路高架Ｇ３１２出口匝道;
499;1;895740;金城东路高架春华路下匝道;
499;1;895742;金城东路高架春阳路下匝道;
499;1;895747;金城东路高架坊城大道下匝道;
499;1;895751;金城东路高架坊城大道东侧下匝道;
499;1;895752;金城东路高架高浪路高架上匝道;
499;1;895754;金城东路高架高浪路高架西侧上匝道;
499;1;895737;金城东路高架金城东路下匝道;
499;1;1232745;锡太公路（金城路高架）;
499;1;1232743;新华路高架（金城路高架）;
499;1;1232744;新韵北路（金城路高架）;
499;1;895745;金城东路高架北侧;
499;1;895746;金城东路高架北侧Ｇ３１２出口匝道;
499;1;895755;金城东路高架南侧;
499;1;895756;金城东路高架南侧高浪路高架上匝道;
499;1;895862;高浪路高架东侧;
499;1;895863;金城东路高架南侧高浪路高架东侧上匝道;
499;1;895788;金城快速路厚鸿路下匝道;
499;1;895757;金城路高架高浪路高架上匝道;
499;1;895763;金城路高架高浪路高架北侧上匝道;
499;1;895786;金城路高架厚鸿路下匝道;
499;1;895768;金城路高架金城东路下匝道;
499;1;895783;金城路高架锡东大道下匝道;
499;1;895771;金城路高架新华路高架下匝道;
499;1;895772;新华路高架东侧;
499;1;895773;金城路高架新华路高架东侧下匝道;
499;1;895777;金城路高架新韵北路下匝道;
499;1;895779;新韵北路东侧;
499;1;895781;金城路高架新韵北路东侧下匝道;
499;1;895759;金城路高架北侧高浪路高架上匝道;
499;1;895764;金城路高架东侧;
499;1;895765;金城路高架东侧高浪路高架上匝道;
499;1;886249;金城湾路西侧;
499;1;886251;快速内环内圈金城湾路西侧上匝道;
499;1;1568086;西环路高架金储街上匝道;
499;1;560134;金川路;
499;1;560161;景观路;
499;1;2870071;金川门外街;
499;1;2870072;护城河南路;
499;1;1567840;金枫南路至珠江南路;
499;1;616334;金港路;
499;1;560273;可恋庄村;
499;1;895643;金水路;
499;1;616336;金港路至Ｇ２０６;
499;1;1535608;东环路高架内圈金鸡湖大道入口匝道;
499;1;1535830;绕城高速公路金鸡湖大道入口匝道;
499;1;1535831;绕城高速公路内圈金鸡湖大道入口匝道;
499;1;1535832;绕城高速公路外圈金鸡湖大道入口匝道;
499;1;1535833;金鸡湖大道北侧;
499;1;1535834;绕城高速公路金鸡湖大道北侧入口匝道;
499;1;1535836;金鸡湖大道南侧;
499;1;1535835;绕城高速公路金鸡湖大道南侧入口匝道;
499;1;1535040;星州街;
499;1;1533820;星海街;
499;1;1533838;星汉街;
499;1;1568594;金鸡路;
499;1;2912987;四川路;
499;1;2913203;金贸大街西侧;
499;1;2913204;新模范马路金贸大街西侧上匝道;
499;1;1535546;西环路高架内圈金门路上匝道;
499;1;1535544;西环路高架外圈金门路上匝道;
499;1;1531450;南新路;
499;1;1535886;金门路至枫桥路;
499;1;3585606;金牛东路;
499;1;3585605;金牛中路;
499;1;3585607;金牛北路;
499;1;2868462;中和村;
499;1;2884833;金沙井;
499;1;1568051;茶坞浜;
499;1;1904790;花苑路;
499;1;1568139;金胜路;
499;1;1535070;兴浦路;
499;1;1531800;胜浦路;
499;1;895614;金石东路;
499;1;1904710;金星路;
499;1;1568161;南庄路;
499;1;1535049;东宏路;
499;1;1534263;新昌路;
499;1;2868668;金燕路;
499;1;2866805;幕府西路;
499;1;2870075;燕江路;
499;1;560094;铜山路;
499;1;616313;文化教育体育局;
499;1;560204;铁路卫生监督所;
499;1;3753920;锦云路;
499;1;2868477;四牌楼;
499;1;4593842;京杭南路;
499;1;1567959;上海绕城高速公路;
499;1;1533022;阳澄湖服务区;
499;1;1533023;苏州工业园收费站;
499;1;5153900;京沪高速公路淮安段;
499;1;5378238;Ｘ３０１;
499;1;5153901;淮安六洞服务区;
499;1;5153906;淮阴川星服务区;
499;1;1232697;京沪高速公路无锡段;
499;1;874648;梅村服务区;
499;1;875703;堰桥服务区;
499;1;875706;澄杨路;
499;1;875707;滨江中路;
499;1;559922;京沪高速公路徐州段;
499;1;560280;潼阳收费站;
499;1;616295;红花埠立交;
499;1;559923;新沂服务区;
499;1;4565459;京沪高速公路扬州段;
499;1;4593604;高邮龙奔服务区;
499;1;4593606;Ｓ３３２;
499;1;4593607;宝应范水服务区;
499;1;4593608;宝应大道;
499;1;4593695;站南路;
499;1;4593676;真州中路;
499;1;4258209;京畿路;
499;1;4258199;京口路;
499;1;4258247;石马湾路;
499;1;560212;京台高速公路徐州段;
499;1;559965;贾汪青山泉服务区;
499;1;616292;江柳线;
499;1;886241;经贸路东侧;
499;1;886243;快速内环外圈经贸路东侧上匝道;
499;1;4258255;经七路;
499;1;4258254;南纬三路;
499;1;4258229;南纬四路;
499;1;4258272;纬八路;
499;1;4258269;经十四路;
499;1;2912979;营苑北路;
499;1;2912980;神农路;
499;1;3585569;荆川路;
499;1;616300;荆马河路;
499;1;560252;荆马河南路;
499;1;1568645;景王路;
499;1;560016;九里山东路;
499;1;2870031;文澜路;
499;1;2913177;酒精厂路南侧;
499;1;2913178;龙蟠中路酒精厂路南侧上匝道;
499;1;1535017;旧学前;
499;1;3585583;小河沿;
499;1;3641623;聚湖路;
499;1;3137471;军农路;
499;1;2913150;卡子门大街高架大明路北侧出口匝道;
499;1;2913145;软件大道南侧;
499;1;2913147;卡子门大街高架软件大道南侧出口匝道;
499;1;2913141;映山红路南侧;
499;1;2913142;卡子门大街高架映山红路南侧出口匝道;
499;1;2913162;卡子门大街高架北侧;
499;1;2913164;机场路东侧卡子门大街高架北侧入口匝道;
499;1;2912986;卡子门大街高架辅路;
499;1;4593731;运河南路;
499;1;5154291;跨铁路大桥;
499;1;5154289;科技街至鸿海路;
499;1;2866680;空港北路;
499;1;2870077;空港西路;
499;1;874043;空港二路;
499;1;895636;空港六路;
499;1;2870078;空港南路;
499;1;1904722;跨阳路;
499;1;1568020;娄江大道;
499;1;1232687;快速内环南;
499;1;1232736;快速内环东金城东路高架出口匝道;
499;1;1232738;快速内环南快速内环东入口匝道;
499;1;1232740;快速内环东内圈;
499;1;1232741;快速内环东内圈太湖大道高架出口匝道;
499;1;886168;凤翔路东侧;
499;1;886167;快速内环内圈凤翔路东侧出口匝道;
499;1;886256;快速内环内圈贡湖大道东侧出口匝道;
499;1;876464;后张巷路;
499;1;886301;快速内环内圈后张巷路出口匝道;
499;1;886188;惠钱路北侧;
499;1;886192;快速内环内圈惠钱路北侧出口匝道;
499;1;895728;快速内环内圈江海南路下匝道;
499;1;886166;快速内环内圈江海西路南侧出口匝道;
499;1;886209;快速内环内圈金城东路北侧下匝道;
499;1;1232742;快速内环内圈金城东路高架出口匝道;
499;1;886244;快速内环内圈经贸路东侧下匝道;
499;1;886245;蠡湖隧道东侧;
499;1;886247;快速内环内圈蠡湖隧道东侧下匝道;
499;1;886211;梁清路南侧;
499;1;886214;快速内环内圈梁清路南侧下匝道;
499;1;886268;南长街西侧;
499;1;886271;快速内环内圈南长街西侧下匝道;
499;1;873420;盛岸东路;
499;1;886305;快速内环内圈盛岸东路出口匝道;
499;1;1558486;太湖大道北侧;
499;1;886128;快速内环内圈太湖大道北侧出口匝道;
499;1;1558485;太湖大道南侧;
499;1;886129;快速内环内圈太湖大道南侧出口匝道;
499;1;886272;塘南路东侧;
499;1;886275;快速内环内圈塘南路东侧出口匝道;
499;1;886148;通江大道东侧;
499;1;886150;快速内环内圈通江大道东侧出口匝道;
499;1;886228;望山路南侧;
499;1;886227;快速内环内圈望山路南侧下匝道;
499;1;886154;锡澄公路西侧;
499;1;886198;快速内环内圈锡澄公路西侧下匝道;
499;1;886141;锡港路北侧;
499;1;886200;快速内环内圈锡港路北侧下匝道;
499;1;886135;锡沪东路北侧;
499;1;886202;快速内环内圈锡沪东路北侧下匝道;
499;1;886284;兴源路东侧;
499;1;886283;快速内环内圈兴源路东侧出口匝道;
499;1;886258;运河西路西侧;
499;1;886261;快速内环内圈运河西路西侧下匝道;
499;1;886219;中南西路南侧;
499;1;886221;快速内环内圈中南西路南侧下匝道;
499;1;1232739;快速内环南机场快速路出口匝道;
499;1;1232747;快速内环南快速内环东出口匝道;
499;1;886289;长江北路西侧;
499;1;886288;快速内环外圈长江北路西侧下匝道;
499;1;886267;快速内环外圈辅仁路西侧下匝道;
499;1;886121;广南路北侧;
499;1;886208;快速内环外圈广南路北侧下匝道;
499;1;886292;快速内环外圈广南路东侧下匝道;
499;1;886197;惠河路北侧;
499;1;886196;快速内环外圈惠河路北侧出口匝道;
499;1;895592;机场快速路西侧快速内环外圈入口匝道;
499;1;886297;江海东路北侧;
499;1;886296;快速内环外圈江海东路北侧出口匝道;
499;1;895868;江海西路北侧;
499;1;895867;快速内环外圈江海西路北侧出口匝道;
499;1;886252;快速内环外圈金城湾路西侧下匝道;
499;1;886240;蠡湖大道西侧;
499;1;886239;快速内环外圈蠡湖大道西侧出口匝道;
499;1;886248;快速内环外圈蠡湖隧道东侧下匝道;
499;1;886215;青莲路北侧;
499;1;886217;快速内环外圈青莲路北侧下匝道;
499;1;886180;盛岸东路北侧;
499;1;886183;快速内环外圈盛岸东路北侧出口匝道;
499;1;886151;快速内环外圈通江大道出口匝道;
499;1;886152;快速内环外圈通江大道东侧出口匝道;
499;1;886309;快速内环外圈锡港路出口匝道;
499;1;886304;快速内环外圈兴源北路出口匝道;
499;1;874862;兴源路;
499;1;886280;快速内环外圈兴源路出口匝道;
499;1;886282;快速内环外圈兴源路东侧出口匝道;
499;1;886278;兴源路西侧;
499;1;886281;快速内环外圈兴源路西侧出口匝道;
499;1;886132;学前东路北侧;
499;1;886205;快速内环外圈学前东路北侧下匝道;
499;1;886229;隐秀路北侧;
499;1;886232;快速内环外圈隐秀路北侧下匝道;
499;1;886222;快速内环外圈中南西路南侧下匝道;
499;1;1232638;锡龙路;
499;1;560167;奎淮路至共建路;
499;1;3753918;新龙路;
499;1;3585648;宝丰河路;
499;1;616317;鲲鹏路;
499;1;616316;站西高架路;
499;1;616319;站北路;
499;1;2866684;永庆巷;
499;1;2884829;来凤街;
499;1;2884830;双塘路;
499;1;2870107;瞻园路;
499;1;3585472;圩墩路;
499;1;1535539;西环路高架内圈劳动路上匝道;
499;1;3585565;清潭路;
499;1;3585566;劳动中路;
499;1;2870087;水佐岗;
499;1;3137473;四卫头;
499;1;3137573;老宁栖路;
499;1;2912958;东方路;
499;1;2868515;松花江西街;
499;1;2868517;月安街;
499;1;2913072;乐山路东侧;
499;1;2913075;应天大街高架乐山路东侧入口匝道;
499;1;2913070;乐山路西侧;
499;1;2913074;应天大街高架乐山路西侧入口匝道;
499;1;1904791;泯江路;
499;1;2884838;川江街;
499;1;886236;蠡湖大道东侧;
499;1;886238;快速内环内圈蠡湖大道东侧入口匝道;
499;1;1568043;蠡塘路;
499;1;1568130;莲心路;
499;1;1568126;渔泾路;
499;1;3641626;武青路;
499;1;2870081;丽景路;
499;1;876465;丽新路;
499;1;886302;快速内环外圈丽新路入口匝道;
499;1;3641711;顺园路;
499;1;2866697;利源北路;
499;1;2866698;胜太路;
499;1;2868534;董村路;
499;1;2866700;利源南路;
499;1;2866701;高湖路;
499;1;2866703;利源中路;
499;1;560214;连霍高速公路徐州段;
499;1;559963;京台高速公路;
499;1;559983;曹林服务区;
499;1;560245;毕庄服务区;
499;1;559975;邵楼服务区;
499;1;616293;塔双立交桥;
499;1;559977;Ｓ２５０;
499;1;560246;议堂服务区;
499;1;560215;陇海大道;
499;1;559980;港头服务区;
499;1;616294;新沂西收费站;
499;1;559982;Ｓ２４９;
499;1;6330402;新扬高速;
499;1;4593778;连运中路;
499;1;876383;章村里;
499;1;1232673;梅园立交;
499;1;1232674;粱溪大桥;
499;1;886213;快速内环外圈梁清路南侧上匝道;
499;1;886299;快速内环内圈梁溪路南侧入口匝道;
499;1;895624;胜利小区;
499;1;3753973;Ｓ３４０（创新一路）;
499;1;876485;清源路;
499;1;1904808;浏昆线;
499;1;1568619;五洋路;
499;1;1535018;留园路;
499;1;3641365;龙城大道高架;
499;1;3641583;青龙西路北侧;
499;1;3641585;龙城大道高架青龙西路北侧出口匝道;
499;1;3641580;青龙西路南侧;
499;1;3641581;龙城大道高架青龙西路南侧出口匝道;
499;1;3641578;青洋路高架龙城大道高架入口匝道;
499;1;3641571;青洋路高架东侧龙城大道高架入口匝道;
499;1;3641572;青洋路高架东侧２;
499;1;3641573;青洋路高架东侧龙城大道高架入口匝道２;
499;1;3641560;龙城大道高架青洋路高架西侧入口匝道;
499;1;3641586;新堂北路南侧;
499;1;3641587;龙城大道高架新堂北路南侧出口匝道;
499;1;3641370;天目山路;
499;1;3641542;龙城大道高架北侧;
499;1;3641577;青洋路高架龙城大道高架北侧入口匝道;
499;1;3641570;青洋路高架东侧龙城大道高架北侧入口匝道;
499;1;3641547;青洋路高架西侧龙城大道高架北侧入口匝道;
499;1;3641540;龙城大道高架南侧;
499;1;3641548;青洋路高架龙城大道高架南侧入口匝道;
499;1;3641569;青洋路高架东侧龙城大道高架南侧入口匝道;
499;1;3641552;青洋路高架西侧龙城大道高架南侧入口匝道;
499;1;3641555;青洋路高架西侧２;
499;1;3641557;青洋路高架西侧龙城大道高架南侧入口匝道２;
499;1;3641558;青洋路高架西侧３;
499;1;3641559;青洋路高架西侧龙城大道高架南侧入口匝道３;
499;1;2884783;龙华路;
499;1;3641441;龙江路高架Ｇ３１２南侧出口匝道;
499;1;3641423;龙江路高架飞龙中路出口匝道;
499;1;3641377;龙江路高架汉江西路出口匝道;
499;1;3641429;龙江路高架勤业路出口匝道;
499;1;3641382;龙江路高架外环高架出口匝道;
499;1;3585391;外环高架北侧;
499;1;3641417;外环高架北侧龙江路高架入口匝道;
499;1;3585382;外环高架南侧;
499;1;3641414;外环高架南侧龙江路高架入口匝道;
499;1;3585368;星园路北侧;
499;1;3641430;龙江路高架星园路北侧出口匝道;
499;1;3585365;星园路南侧;
499;1;3641433;龙江路高架星园路南侧出口匝道;
499;1;3641426;龙江路高架运河路出口匝道;
499;1;3585362;中吴大道北侧;
499;1;3641434;龙江路高架中吴大道北侧出口匝道;
499;1;3585359;中吴大道南侧;
499;1;3641437;龙江路高架中吴大道南侧出口匝道;
499;1;3641384;龙江路高架东侧;
499;1;3641385;龙江路高架东侧外环高架出口匝道;
499;1;3641415;外环高架北侧龙江路高架东侧入口匝道;
499;1;3641721;龙江路高架东侧外环高架南侧出口匝道;
499;1;3641412;外环高架南侧龙江路高架东侧入口匝道;
499;1;3641438;龙江路高架西侧Ｇ３１２出口匝道;
499;1;3641722;龙江路高架西侧外环高架出口匝道;
499;1;3641402;龙江路高架西侧外环高架北侧入口匝道;
499;1;3641723;龙江路高架西侧外环高架南侧出口匝道;
499;1;3641451;长虹路高架龙江路南延高架出口匝道;
499;1;3641447;龙江路南延高架长虹西路北侧出口匝道;
499;1;3641471;龙江路南延高架长虹西路南侧出口匝道;
499;1;3641487;龙江路南延高架武南西路出口匝道;
499;1;3641479;延政西大道北侧;
499;1;3641480;龙江路南延高架延政西大道北侧出口匝道;
499;1;3641481;龙江路南延高架延政西大道北侧入口匝道;
499;1;3641483;延政西大道南侧;
499;1;3641486;龙江路南延高架延政西大道南侧出口匝道;
499;1;3641475;龙江路南延高架东侧;
499;1;3641478;龙江路南延高架东侧龙江南路出口匝道;
499;1;3641473;龙江路南延高架西侧;
499;1;3641474;龙江路南延高架西侧龙江南路出口匝道;
499;1;3641444;龙江路高架龙江南路入口匝道;
499;1;3641476;龙江路南延高架东侧龙江南路入口匝道;
499;1;3641477;龙江路南延高架西侧龙江南路入口匝道;
499;1;2868574;太平门路;
499;1;2868576;锁金北路;
499;1;3137574;黄家圩;
499;1;2913191;龙蟠路南侧;
499;1;2913192;龙蟠中路龙蟠路南侧上匝道;
499;1;2913127;双桥门北侧;
499;1;2913129;龙蟠南路双桥门北侧出口匝道;
499;1;2913126;应天大街高架北侧龙蟠南路入口匝道;
499;1;2913218;龙蟠南路应天大街高架南侧出口匝道;
499;1;2913121;永乐路北侧;
499;1;3137550;龙蟠南路永乐路北侧出口匝道;
499;1;2913171;龙蟠南路东侧节制闸路南侧出口匝道;
499;1;2913112;应天大街高架龙蟠南路东侧入口匝道;
499;1;2913114;应天大街高架北侧龙蟠南路东侧入口匝道;
499;1;2913113;应天大街高架南侧龙蟠南路东侧入口匝道;
499;1;2913123;永乐路南侧;
499;1;2913125;龙蟠南路东侧永乐路南侧出口匝道;
499;1;3137481;龙蟠南路辅路;
499;1;2913119;龙蟠南路西侧宏光路南侧出口匝道;
499;1;2913108;应天大街高架龙蟠南路西侧入口匝道;
499;1;2913109;应天大街高架北侧龙蟠南路西侧入口匝道;
499;1;2913110;应天大街高架南侧龙蟠南路西侧入口匝道;
499;1;2913190;龙蟠中路荷包套北侧下匝道;
499;1;2913179;龙蟠中路酒精厂路南侧下匝道;
499;1;2913193;龙蟠中路龙蟠路南侧下匝道;
499;1;2913182;瑞金路北侧;
499;1;2913184;龙蟠中路瑞金路北侧下匝道;
499;1;2913172;扇骨营路北侧;
499;1;2913176;龙蟠中路扇骨营路北侧下匝道;
499;1;2913194;新模范马路南侧;
499;1;2913196;龙蟠中路新模范马路南侧出口匝道;
499;1;2913185;中山东路南侧;
499;1;2913187;龙蟠中路中山东路南侧下匝道;
499;1;2870005;施尔美整形美容医院;
499;1;3137538;荷包套;
499;1;2866736;龙蟠中路辅路;
499;1;1960059;校西路;
499;1;2866742;龙园东路;
499;1;3137608;郑淮路（凤凰东街）;
499;1;2868594;龙园北路;
499;1;1568300;娄江快速路娄江大道入口匝道;
499;1;1568245;娄江大道北侧;
499;1;1568336;娄江快速路娄江大道北侧入口匝道;
499;1;1568236;娄江快速路娄江大道出口匝道;
499;1;1568290;娄江快速路星港街出口匝道;
499;1;1567957;至和西路高架;
499;1;1568240;至和西路高架娄江快速路入口匝道;
499;1;1568254;至和西路高架北侧;
499;1;1568311;至和西路高架北侧娄江快速路上匝道;
499;1;1568323;至和西路高架东侧;
499;1;1568309;至和西路高架东侧娄江快速路入口匝道;
499;1;1568067;娄江快速路北侧;
499;1;1568066;娄江快速路北侧Ｇ３１２入口匝道;
499;1;1568068;娄江快速路北侧星港街出口匝道;
499;1;1568071;娄江快速路南侧;
499;1;1568072;娄江快速路南侧娄江大道出口匝道;
499;1;1568073;娄江快速路南侧星港街出口匝道;
499;1;1568334;至和西路高架娄江快速路南侧入口匝道;
499;1;1568260;至和西路高架西侧;
499;1;1568303;至和西路高架西侧娄江快速路南侧入口匝道;
499;1;1568075;娄江快速路外圈;
499;1;1568074;东环路高架娄江快速路外圈入口匝道;
499;1;1568076;东环路高架内圈娄江快速路外圈入口匝道;
499;1;1568077;东环路高架外圈娄江快速路外圈入口匝道;
499;1;1568247;娄江快速路西侧;
499;1;1568248;娄江快速路西侧娄江大道出口匝道;
499;1;1904792;娄门桥东南匝道;
499;1;1904793;玉城大桥;
499;1;1568382;孔巷路;
499;1;1568379;陆丰西路;
499;1;1568182;太湖大道高架路北侧;
499;1;1568340;太湖大道高架路北侧鹿山路上匝道;
499;1;1568082;西环路高架西侧鹿山路入口匝道;
499;1;1568176;鹿山路南侧;
499;1;1568293;太湖大道高架路鹿山路南侧上匝道;
499;1;1568339;太湖大道高架路南侧;
499;1;1568295;太湖大道高架路南侧鹿山路南侧上匝道;
499;1;2866758;朝天宫西街;
499;1;616328;螺山路至长安大道;
499;1;3585577;麻巷;
499;1;1568513;苇城南路;
499;1;560055;马场湖路;
499;1;560123;天齐南路;
499;1;3137576;中华路（军师巷）;
499;1;2868205;马群新街;
499;1;2912984;神马路;
499;1;1568298;太湖大道高架路马运路上匝道;
499;1;616297;茅黄线;
499;1;616298;新铜线;
499;1;1534978;茅蓬路;
499;1;1904835;藏胥路（东欣田武路）;
499;1;5154191;枚乘东路;
499;1;5154298;通甫路;
499;1;5154196;高教园区中心公园;
499;1;5154188;后黄;
499;1;5154309;枚皋路至正大路;
499;1;1534993;湄长路;
499;1;1534992;吴中东路;
499;1;560071;祥和路;
499;1;560109;徐州市网球中心;
499;1;560110;吴庄路;
499;1;560210;孟南路;
499;1;560165;孟西巷;
499;1;1960571;棉机路;
499;1;560138;小赵庄;
499;1;616308;民富路;
499;1;2866778;明故宫路;
499;1;2884818;明陵路;
499;1;2884816;植物园路;
499;1;2884819;植物园南路;
499;1;2884820;明陵路至植物园路;
499;1;5154200;月季花园;
499;1;3585532;农贸街;
499;1;3753980;淹城南路;
499;1;2866781;模范西路;
499;1;3137577;明瓦廊;
499;1;2870026;秣周东路;
499;1;2868493;桥后;
499;1;1531102;南门路;
499;1;1904794;竹辉桥;
499;1;1568832;糖坊湾支路;
499;1;2866796;墨香路;
499;1;2866802;幕府东路;
499;1;2912978;水吉路;
499;1;2870009;象山小学;
499;1;1904840;富春江路（西湖路）;
499;1;1568704;太湖北路;
499;1;5154299;许庄;
499;1;895664;化肥桥;
499;1;886270;快速内环外圈南长街西侧上匝道;
499;1;1568222;独墅湖大道南侧南环东路下匝道;
499;1;1535512;南环路高架内圈;
499;1;1535587;南环路高架内圈南环东路上匝道;
499;1;1535475;友新高架西侧;
499;1;1535530;友新高架西侧南环路高架入口匝道;
499;1;1904738;友新路高架;
499;1;1535508;南环路高架北侧;
499;1;1535507;鑫苑路;
499;1;1535509;南环路高架北侧鑫苑路出口匝道;
499;1;1535713;南环路高架内圈南园南路下匝道;
499;1;1539855;南环路高架内圈盘蠡路下匝道;
499;1;1535516;南环路高架内圈西环路高架出口匝道;
499;1;1535526;西环路高架内圈南环路高架内圈入口匝道;
499;1;1535527;友新高架西侧南环路高架内圈入口匝道;
499;1;1535518;南环路高架外圈;
499;1;1535715;南环路高架外圈南湄长路下匝道;
499;1;1535586;南环路高架外圈南环东路下匝道;
499;1;1535717;南环路高架外圈西环路高架东侧入口匝道;
499;1;1535529;友新高架西侧南环路高架外圈入口匝道;
499;1;2912970;南京支线至中和桥路;
499;1;4258220;南门大街;
499;1;1531638;盘门路;
499;1;1904796;南园桥;
499;1;2912977;南浦路至江山路;
499;1;2866833;南浦路;
499;1;2868707;许府巷;
499;1;2913212;南瑞路东侧;
499;1;2913213;新模范马路南瑞路东侧上匝道;
499;1;1960574;南市街;
499;1;4593772;徐凝门大街;
499;1;4258227;五里村;
499;1;1533509;南园北路;
499;1;1535719;南环路高架内圈南园南路上匝道;
499;1;2870211;绕城公路东侧宁杭公路入口匝道;
499;1;2870212;绕城公路西侧宁杭公路入口匝道;
499;1;6302167;宁通高速公路泰州段;
499;1;6330390;泰州大道;
499;1;6302122;江安出入口;
499;1;6302168;宣堡服务区;
499;1;6330391;盐靖高速公路;
499;1;6302173;孤山北路;
499;1;4565439;宁通高速公路扬州段;
499;1;6302146;Ｓ３３３;
499;1;4565441;仪征服务区;
499;1;4565443;扬州市区出口;
499;1;4565449;正谊服务区;
499;1;3137539;宁芜高速公路南京段;
499;1;2868770;清修服务区;
499;1;2912967;江大线;
499;1;2912968;滨江路;
499;1;3137501;江宁镇桥;
499;1;3137502;二十四号支路;
499;1;3137503;绿洲路;
499;1;3137613;地勘新苑;
499;1;3137614;江苏省审计厅（江苏路）;
499;1;1567848;南环路高架外圈盘蠡路上匝道;
499;1;895317;盘龙路;
499;1;876362;山水西路;
499;1;1232716;羊北路（具区路）;
499;1;1904800;新市桥;
499;1;560176;金工路;
499;1;560264;蟠桃山南路;
499;1;3641636;泡桐路;
499;1;3641683;段前路;
499;1;560133;马市街;
499;1;560270;琵琶路;
499;1;2870088;琵琶巷;
499;1;2870089;乌衣巷;
499;1;2870090;平江府路;
499;1;1535105;清塘路;
499;1;3753969;平陵大桥;
499;1;1535115;平齐路;
499;1;1535031;平桥直街;
499;1;1535004;乌鹊桥路;
499;1;1568037;平泉路;
499;1;4593840;平山路;
499;1;4593841;蜀岗东路;
499;1;4593812;园林村;
499;1;1535114;平四路;
499;1;1535022;桃花桥路;
499;1;2912993;葡园路;
499;1;2913052;应天大街高架北侧葡园路入口匝道;
499;1;2913049;应天大街高架南侧葡园路入口匝道;
499;1;1904801;Ｙ６０５;
499;1;1535802;北环快速路内圈齐门路入口匝道;
499;1;1535724;北环快速路外圈齐门路上匝道;
499;1;1904841;苏站东路（齐门外大街）;
499;1;1960525;启扬高速公路南通段;
499;1;1960523;白米服务区;
499;1;2296605;Ｇ３２８;
499;1;4593820;启扬高速公路扬州段;
499;1;4593819;吉兴南路;
499;1;4593847;江都双沟服务区;
499;1;4593821;丁伙收费站;
499;1;6330344;Ｓ２３３;
499;1;4258289;前北村至瑞山东路;
499;1;1904843;绣衣大桥（绣衣路）;
499;1;1568688;樾阁北街;
499;1;1904842;绣衣大桥（柏庐中路）;
499;1;1568725;前进中路;
499;1;1568724;绣衣路;
499;1;1568692;珠江北路;
499;1;873333;盛岸西路;
499;1;873335;钱荣路;
499;1;1232675;钱威路辅路;
499;1;2870091;文安街;
499;1;2884825;秦虹路至节制闸路;
499;1;2870039;秦虹南路;
499;1;2913130;应天大街高架北侧秦虹南路入口匝道;
499;1;876407;勤学路;
499;1;3641428;龙江路高架勤业路入口匝道;
499;1;3585580;星湖路;
499;1;3753915;青莲路;
499;1;5154171;青龙湖路;
499;1;3641584;龙城大道高架青龙西路北侧入口匝道;
499;1;3641582;龙城大道高架青龙西路南侧入口匝道;
499;1;1959981;蒋家坝村;
499;1;895711;太湖大道青年路入口匝道;
499;1;1960091;莘园路;
499;1;1535068;龙潭路;
499;1;2913207;青石村;
499;1;1568655;Ｃ０４５;
499;1;1568559;万安路;
499;1;3641527;青洋路高架长虹路高架出口匝道;
499;1;3641516;长虹路高架北侧青洋路高架入口匝道;
499;1;3641538;青洋路高架东方西路出口匝道;
499;1;3641563;青洋路高架龙城大道高架出口匝道;
499;1;3641574;青洋路高架龙城大道高架南侧出口匝道;
499;1;3641529;青洋路高架人民东路出口匝道;
499;1;3641537;青洋路高架中吴大道北侧出口匝道;
499;1;3641533;青洋路高架中吴大道南侧出口匝道;
499;1;3753931;长虹东路南侧;
499;1;3753933;青洋路高架东侧长虹东路南侧出口匝道;
499;1;3641517;长虹路高架北侧青洋路高架东侧入口匝道;
499;1;3641725;青洋路高架东侧长虹路高架南侧出口匝道;
499;1;3641509;长虹路高架南侧青洋路高架东侧入口匝道;
499;1;3641562;青洋路高架东侧龙城大道高架出口匝道;
499;1;3641543;龙城大道高架北侧青洋路高架东侧入口匝道;
499;1;3641541;龙城大道高架南侧青洋路高架东侧入口匝道;
499;1;3641526;青洋路高架西侧长虹路高架出口匝道;
499;1;3641522;长虹路高架北侧青洋路高架西侧入口匝道;
499;1;3641513;长虹路高架南侧青洋路高架西侧入口匝道;
499;1;3641546;青洋路高架西侧龙城大道高架出口匝道;
499;1;3641545;龙城大道高架北侧青洋路高架西侧入口匝道;
499;1;3641544;龙城大道高架南侧青洋路高架西侧入口匝道;
499;1;3641575;青洋路高架中;
499;1;3641576;青洋路高架中龙城大道高架出口匝道;
499;1;3641579;青洋路高架青洋中路入口匝道;
499;1;3641565;青洋中路东侧;
499;1;3641566;青洋路高架青洋中路东侧入口匝道;
499;1;2870024;九竹路;
499;1;1568741;黑龙江南路;
499;1;1568115;琼姬墩路;
499;1;1568116;金鸡墩别墅;
499;1;1568117;金鸡湖花园;
499;1;4593698;秋雨西路;
499;1;1535265;绕城高速公路Ｇ３１２出口匝道;
499;1;1535914;绕城高速公路Ｘ１０３出口匝道;
499;1;1567850;绕城高速公路Ｘ２０３出口匝道;
499;1;1567851;绕城高速公路Ｘ２０３西出口匝道;
499;1;1567852;绕城高速公路Ｘ２０３西侧出口匝道;
499;1;1535318;绕城高速公路城北西路出口匝道;
499;1;1535321;绕城高速公路城北西路北侧出口匝道;
499;1;1535323;绕城高速公路城北西路南侧出口匝道;
499;1;1539886;绕城高速公路金鸡湖大道出口匝道;
499;1;1539887;绕城高速公路金鸡湖大道北侧出口匝道;
499;1;1539888;绕城高速公路金鸡湖大道南侧出口匝道;
499;1;1535279;绕城高速公路人民路出口匝道;
499;1;1534929;苏福公路;
499;1;1535242;绕城高速公路苏福公路出口匝道;
499;1;1532738;苏同黎公路;
499;1;1535354;绕城高速公路苏同黎公路出口匝道;
499;1;1535297;绕城高速公路苏虞张公路出口匝道;
499;1;1535300;苏虞张公路东侧;
499;1;1535301;绕城高速公路苏虞张公路东侧出口匝道;
499;1;1535298;苏虞张公路西侧;
499;1;1535299;绕城高速公路苏虞张公路西侧出口匝道;
499;1;1535229;绕城高速公路孙武路出口匝道;
499;1;1535261;绕城高速公路太湖大道出口匝道;
499;1;1535252;绕城高速公路太湖大道北侧出口匝道;
499;1;1535254;绕城高速公路太湖大道南侧出口匝道;
499;1;1535849;绕城高速公路湘石路出口匝道;
499;1;1533497;友新高架;
499;1;1535471;友新高架绕城高速公路出口匝道;
499;1;1535473;友新高架东侧;
499;1;1535474;友新高架东侧绕城高速公路出口匝道;
499;1;1535734;友新高架西侧绕城高速公路入口匝道;
499;1;1532244;越秀路;
499;1;1535214;绕城高速公路越秀路出口匝道;
499;1;1535438;绕城高速公路内圈Ｓ２２７出口匝道;
499;1;1535857;绕城高速公路内圈Ｘ１０１出口匝道;
499;1;1535916;绕城高速公路内圈Ｘ１０３出口匝道;
499;1;1539889;绕城高速公路内圈Ｘ２０３出口匝道;
499;1;1535440;绕城高速公路内圈城北西路出口匝道;
499;1;1539890;绕城高速公路内圈环太湖高速公路出口匝道;
499;1;1539891;绕城高速公路内圈金鸡湖大道出口匝道;
499;1;1535426;绕城高速公路内圈人民路出口匝道;
499;1;1535412;绕城高速公路内圈苏福公路出口匝道;
499;1;1535452;绕城高速公路内圈苏同黎公路出口匝道;
499;1;1535433;绕城高速公路内圈苏虞张公路出口匝道;
499;1;1535408;绕城高速公路内圈孙武路出口匝道;
499;1;1535418;绕城高速公路内圈太湖大道出口匝道;
499;1;1535850;绕城高速公路内圈湘石路出口匝道;
499;1;1535470;友新高架绕城高速公路内圈出口匝道;
499;1;1535402;绕城高速公路内圈越秀路出口匝道;
499;1;1535437;绕城高速公路外圈Ｓ２２７出口匝道;
499;1;1535859;绕城高速公路外圈Ｘ１０１出口匝道;
499;1;1535919;绕城高速公路外圈Ｘ１０３出口匝道;
499;1;1539892;绕城高速公路外圈Ｘ２０３出口匝道;
499;1;1535442;绕城高速公路外圈城北西路出口匝道;
499;1;1539893;绕城高速公路外圈环太湖高速公路出口匝道;
499;1;1539895;环太湖高速公路匝道北;
499;1;1539896;绕城高速公路外圈环太湖高速公路匝道北出口匝道;
499;1;1539894;绕城高速公路外圈金鸡湖大道出口匝道;
499;1;1535389;绕城高速公路匝道中;
499;1;1535390;绕城高速公路外圈绕城高速公路匝道中出口匝道;
499;1;1535423;绕城高速公路外圈人民路出口匝道;
499;1;1535413;绕城高速公路外圈苏福公路出口匝道;
499;1;1535454;绕城高速公路外圈苏同黎公路出口匝道;
499;1;1535434;绕城高速公路外圈苏虞张公路出口匝道;
499;1;1535409;绕城高速公路外圈孙武路出口匝道;
499;1;1535415;绕城高速公路外圈太湖大道出口匝道;
499;1;1535851;绕城高速公路外圈湘石路出口匝道;
499;1;1535477;友新高架绕城高速公路外圈出口匝道;
499;1;1535405;绕城高速公路外圈越秀路出口匝道;
499;1;1535383;绕城高速公路匝道北侧;
499;1;1535384;绕城高速公路匝道北侧苏同黎公路出口匝道;
499;1;1567853;绕城高速公路匝道北侧吴淞路出口匝道;
499;1;2870177;绕城公路光华路出口匝道;
499;1;2870154;绕城公路北侧安德门大街出口匝道;
499;1;2870155;安德门大街东侧;
499;1;2870156;绕城公路北侧安德门大街东侧出口匝道;
499;1;2870157;安德门大街西侧;
499;1;2870158;绕城公路北侧安德门大街西侧出口匝道;
499;1;2870141;绕城公路北侧江东中路出口匝道;
499;1;2870164;卡子门大街东侧;
499;1;2870165;绕城公路北侧卡子门大街东侧出口匝道;
499;1;2870168;双龙大道西侧;
499;1;2870172;绕城公路北侧双龙大道西侧出口匝道;
499;1;2870150;绕城公路北侧雨润大街出口匝道;
499;1;2870191;绕城公路东侧Ｇ３１２北侧出口匝道;
499;1;2870186;绕城公路东侧Ｇ３１２南侧出口匝道;
499;1;2870179;绕城公路东侧宁杭公路出口匝道;
499;1;2870162;绕城公路南侧安德门大街出口匝道;
499;1;2870135;绕城公路南侧江东中路出口匝道;
499;1;2870174;绕城公路南侧双龙大道东侧出口匝道;
499;1;2870169;绕城公路南侧双龙大道西侧出口匝道;
499;1;2870148;绕城公路南侧雨润大街出口匝道;
499;1;2870190;绕城公路西侧Ｇ３１２南侧出口匝道;
499;1;2870181;绕城公路西侧宁杭公路出口匝道;
499;1;2913225;郑淮路;
499;1;2868905;白云亭路;
499;1;3137474;人和街;
499;1;3641532;青洋路高架人民东路入口匝道;
499;1;1535280;绕城高速公路人民路入口匝道;
499;1;1535427;绕城高速公路内圈人民路入口匝道;
499;1;1535424;绕城高速公路外圈人民路入口匝道;
499;1;3641530;青洋路高架人民中路入口匝道;
499;1;3641531;青洋路高架人民中路出口匝道;
499;1;873384;蓉湖北路;
499;1;873387;蓉湖南路;
499;1;2903433;机场路西侧;
499;1;2913134;机场路西侧软件大道入口匝道;
499;1;2868777;雨花大道;
499;1;2913146;卡子门大街高架软件大道南侧入口匝道;
499;1;2913183;龙蟠中路瑞金路北侧上匝道;
499;1;4258285;丁甸;
499;1;1960558;瑞兴路;
499;1;1960014;姜竹线;
499;1;4593837;润扬北路至邗江北路;
499;1;1534920;若水路;
499;1;1535150;雪堂街;
499;1;2869689;萨家湾;
499;1;2870092;三牌楼大街;
499;1;1904716;三新路;
499;1;2870093;三元巷;
499;1;895847;山河路;
499;1;895849;新华路高架山河路上匝道;
499;1;895626;南泉南路;
499;1;2913174;龙蟠中路扇骨营路北侧上匝道;
499;1;560256;学苑路;
499;1;1960036;通州路;
499;1;875375;振奋路;
499;1;6330416;塔影苑;
499;1;1904858;沈海高速公路苏州段;
499;1;1904857;四通南路;
499;1;1904854;太仓沙溪服务区;
499;1;1904855;通港西路;
499;1;6330420;苏州中路;
499;1;6330336;沈海高速公路盐城段;
499;1;6330337;东台服务区;
499;1;6330338;西成公路;
499;1;6330339;大丰服务区;
499;1;6330340;南翔西路;
499;1;6330341;盐城开发区出入口;
499;1;6330342;Ｓ３３１;
499;1;6330343;射阳服务区;
499;1;6330345;Ｓ３２９;
499;1;6330346;滨海服务区;
499;1;6330347;Ｓ３２８;
499;1;6330349;响水服务区;
499;1;2884821;慧质阁;
499;1;1535074;吴浦路;
499;1;1535072;吴胜路;
499;1;2869534;胜太东路;
499;1;886306;快速内环外圈盛岸东路入口匝道;
499;1;886182;快速内环内圈盛岸东路北侧入口匝道;
499;1;886307;盛岸东路南侧;
499;1;886308;快速内环外圈盛岸东路南侧入口匝道;
499;1;1232717;石门路（盛岸路）;
499;1;1232676;钱桥大道;
499;1;1535005;望星街北堍;
499;1;1568084;十字洋桥;
499;1;1568083;北环快速路外圈十字洋桥上匝道;
499;1;1535501;友新高架东侧石湖西路上匝道;
499;1;1535500;友新高架西侧石湖西路上匝道;
499;1;4593764;盐阜东路;
499;1;1960004;通甲路;
499;1;1960553;新胜路;
499;1;895627;书院弄;
499;1;874832;通运路;
499;1;2869532;天元中路;
499;1;2869533;西门子路;
499;1;3137541;枫彩园;
499;1;2870214;绕城公路北侧双龙大道东侧入口匝道;
499;1;2870215;绕城公路南侧双龙大道东侧入口匝道;
499;1;3137544;双龙大道东侧燕西线下匝道;
499;1;3137543;双龙大道西侧宏运大道出口匝道;
499;1;3137545;金阳东街南侧;
499;1;3137546;双龙大道西侧金阳东街南侧下匝道;
499;1;2870216;绕城公路南侧双龙大道西侧入口匝道;
499;1;2913128;龙蟠南路双桥门北侧入口匝道;
499;1;2884831;彩霞街;
499;1;2521149;双通线;
499;1;2868995;茶南大街;
499;1;1539786;水香街;
499;1;2913042;水佑岗;
499;1;1535025;司前街;
499;1;2870094;四平路;
499;1;1533810;文景路;
499;1;1568147;宋庄路;
499;1;1568120;至和东路;
499;1;560099;云龙山隧道;
499;1;560276;苏堤路至和平路;
499;1;1535467;绕城高速公路苏福公路入口匝道;
499;1;1535411;绕城高速公路内圈苏福公路入口匝道;
499;1;1535414;苏福公路绕城高速公路外圈入口匝道;
499;1;1535043;苏华路;
499;1;1535044;星兰街;
499;1;1535046;星阳街;
499;1;1533836;星都街;
499;1;1535045;星原街;
499;1;1531848;苏惠路;
499;1;1904721;苏慕路;
499;1;1535042;苏茜路;
499;1;1533866;锦溪街;
499;1;1535362;绕城高速公路苏同黎公路入口匝道;
499;1;1535453;绕城高速公路内圈苏同黎公路入口匝道;
499;1;1535455;绕城高速公路外圈苏同黎公路入口匝道;
499;1;1535355;苏同黎公路东侧;
499;1;1535361;绕城高速公路苏同黎公路东侧入口匝道;
499;1;1535041;苏桐路;
499;1;1531860;苏绣路;
499;1;1535304;绕城高速公路苏虞张公路入口匝道;
499;1;1535432;绕城高速公路内圈苏虞张公路入口匝道;
499;1;1535435;绕城高速公路外圈苏虞张公路入口匝道;
499;1;1535145;东二环路;
499;1;1567998;卫渭路;
499;1;1533886;新阳大道;
499;1;1535143;尚湖大道;
499;1;1567999;西塘公路;
499;1;1535302;绕城高速公路苏虞张公路东侧入口匝道;
499;1;1535303;绕城高速公路苏虞张公路西侧入口匝道;
499;1;1535231;绕城高速公路孙武路入口匝道;
499;1;1535407;绕城高速公路内圈孙武路入口匝道;
499;1;1535410;绕城高速公路外圈孙武路入口匝道;
499;1;4593835;台扬路;
499;1;895715;太湖大道长江北路下匝道;
499;1;895704;太湖大道青年路出口匝道;
499;1;1535262;绕城高速公路太湖大道入口匝道;
499;1;1535417;绕城高速公路内圈太湖大道入口匝道;
499;1;1535416;绕城高速公路外圈太湖大道入口匝道;
499;1;875539;塘南路;
499;1;895713;太湖大道塘南路出口匝道;
499;1;895707;太湖大道通杨路出口匝道;
499;1;895705;太湖大道运河东路出口匝道;
499;1;895709;太湖大道运河西路出口匝道;
499;1;886126;快速内环外圈太湖大道北侧入口匝道;
499;1;1535259;绕城高速公路太湖大道北侧入口匝道;
499;1;895869;太湖大道辅路;
499;1;1232746;江海南路西;
499;1;895734;太湖大道高架春华路下匝道;
499;1;895736;太湖大道高架春阳路下匝道;
499;1;895729;太湖大道高架华夏南路下匝道;
499;1;895730;华夏南路西侧;
499;1;895731;太湖大道高架华夏南路西侧下匝道;
499;1;895717;太湖大道高架江海南路出口匝道;
499;1;895726;太湖大道高架快速内环外圈入口匝道;
499;1;895719;太湖大道高架北侧江海南路出口匝道;
499;1;1568184;太湖大道高架路长江路下匝道;
499;1;1568179;太湖大道高架路鹿山路下匝道;
499;1;1568191;太湖大道高架路马运路下匝道;
499;1;1568141;联港路;
499;1;1568142;广东街;
499;1;1568188;太湖大道高架路北侧长江路东侧下匝道;
499;1;1568342;鹿山路北侧;
499;1;1568183;太湖大道高架路北侧鹿山路北侧下匝道;
499;1;1568291;太湖大道高架路南侧鹿山路下匝道;
499;1;886127;快速内环外圈太湖大道南侧入口匝道;
499;1;1535256;绕城高速公路太湖大道南侧入口匝道;
499;1;1533931;夏莲路;
499;1;3753974;世茂香槟湖;
499;1;2868816;仙尧路;
499;1;3137615;十月军校;
499;1;2884815;天文路;
499;1;895831;高浪路高架泰伯大道上匝道;
499;1;886098;泰山路南侧;
499;1;895599;机场快速路西侧泰山路南侧入口匝道;
499;1;3585436;塘门路;
499;1;895712;太湖大道塘南路入口匝道;
499;1;886274;快速内环外圈塘南路东侧入口匝道;
499;1;1535021;桃花坞大街;
499;1;6330409;同昌东路;
499;1;616306;海河东路;
499;1;1568026;鸟字圩;
499;1;2869165;科建路;
499;1;2869167;新亭东路;
499;1;2869169;文靖路;
499;1;2912953;候焦路;
499;1;1534043;亭平路;
499;1;1568128;亭融街;
499;1;1568127;唯文路;
499;1;1960554;沙家头圩;
499;1;2521164;小海枢纽;
499;1;1960546;通启路;
499;1;1960555;通沪大道高架;
499;1;873551;吴桥西路;
499;1;1232718;吴桥东路（通惠西路）;
499;1;886147;快速内环内圈通江大道东侧入口匝道;
499;1;895873;通江大道辅道;
499;1;886146;通江大道西侧;
499;1;886149;快速内环内圈通江大道西侧入口匝道;
499;1;886145;快速内环外圈通江大道西侧入口匝道;
499;1;2521166;通京大道江海大道高架上匝道;
499;1;1960591;通京大道辅路;
499;1;2521159;沿海高速公路;
499;1;2521178;南通市天福园;
499;1;1960544;通宁大道高架通宁大道上匝道;
499;1;1960541;通宁大道高架城北大道下匝道;
499;1;2521174;通宁大道高架南侧城北大道下匝道;
499;1;2521175;城北大道北侧;
499;1;2521176;通宁大道高架城北大道北侧下匝道;
499;1;1960536;通宁大道高架江海大道高架出口匝道;
499;1;2521177;通宁大道高架通宁大道下匝道;
499;1;1960539;通宁大道高架幸余路下匝道;
499;1;1960542;永福路;
499;1;1960545;通宁大道高架永福路下匝道;
499;1;1960537;通宁大道高架永兴大道下匝道;
499;1;1960533;通宁大道高架西侧;
499;1;1960590;江海大道高架北侧通宁大道高架西侧入口匝道;
499;1;1960583;姜张路;
499;1;895584;通锡高速公路无锡段;
499;1;895871;新鸿路;
499;1;895581;宛山荡服务区;
499;1;1232701;三联路;
499;1;895683;通扬北路;
499;1;895858;太湖大道通扬路上匝道;
499;1;6330410;五爱社区居委会;
499;1;1568693;杉欣路;
499;1;1535739;北环快速路内圈桐泾北路上匝道;
499;1;1535740;北环快速路外圈桐泾北路上匝道;
499;1;1534009;西园路;
499;1;1534012;胥江路;
499;1;2913160;土城头路北侧;
499;1;2913161;机场路土城头路北侧入口匝道;
499;1;3585413;外环高架长江中路西侧出口匝道;
499;1;3641726;外环高架华山中路出口匝道;
499;1;3641378;龙江路高架外环高架入口匝道;
499;1;3641396;龙江路高架东侧外环高架入口匝道;
499;1;3585677;出入口;
499;1;3641399;龙江路高架外环高架北侧入口匝道;
499;1;3641401;龙江路高架东侧外环高架北侧入口匝道;
499;1;3641380;龙江路高架外环高架南侧入口匝道;
499;1;3641394;龙江路高架东侧外环高架南侧入口匝道;
499;1;3641407;外环高架南侧１;
499;1;3641408;龙江路高架东侧外环高架南侧１入口匝道;
499;1;1568558;超英西路;
499;1;2867154;网板路;
499;1;2866257;电建路;
499;1;895629;夏家边村;
499;1;886223;望山路北侧;
499;1;886225;快速内环外圈望山路北侧上匝道;
499;1;1568009;金陵东路;
499;1;4593711;兴扬路;
499;1;4258282;康泰花园;
499;1;1568525;Ｙ００２;
499;1;1568522;苇城路;
499;1;1568521;仁和路;
499;1;2884828;文昌巷;
499;1;2912950;文德东路;
499;1;2912949;河滨路;
499;1;2912951;白云巷;
499;1;2867175;文德路;
499;1;1960055;文峰支路;
499;1;1568028;金益四村;
499;1;1568029;文和桥;
499;1;2870096;土山路;
499;1;2870097;文苑路;
499;1;2870098;学林路;
499;1;2870032;仙境路;
499;1;2913078;文体路东侧;
499;1;2913079;应天大街高架文体路东侧入口匝道;
499;1;560144;文亭街;
499;1;1904806;东方村;
499;1;1535790;迎湖路;
499;1;895810;机场快速路吴都路上匝道;
499;1;1232680;吴都路南匝道;
499;1;895812;机场快速路吴都路南侧上匝道;
499;1;1535030;吴趋坊;
499;1;1535009;西中市;
499;1;1567855;绕城高速公路吴淞路入口匝道;
499;1;1568022;普惠路;
499;1;1904822;东吴南路（越湖路）;
499;1;1534442;苏旺路;
499;1;1534443;龙翔路;
499;1;1534444;致能大道;
499;1;1904821;南湖路（越湖路）;
499;1;1535932;吴中大道北侧;
499;1;1535931;友新高架东侧吴中大道北侧上匝道;
499;1;4593829;吴州东路;
499;1;4593721;扬圩线;
499;1;873615;五爱北路;
499;1;1232703;快速内环南五湖大道上匝道;
499;1;876505;方庙路;
499;1;1535032;五卅路;
499;1;3641488;龙江路南延高架武南西路入口匝道;
499;1;3585588;武青北路;
499;1;3641490;长虹路高架武宜北路入口匝道;
499;1;3641491;长虹路高架武宜中路入口匝道;
499;1;2870038;西城路;
499;1;2913039;怡康街;
499;1;1535741;北环快速路内圈西环路高架入口匝道;
499;1;1535781;南环路高架外圈西环路高架入口匝道;
499;1;1534074;路北村;
499;1;1535562;西环路高架东侧;
499;1;1567859;西环路高架东侧虎泉路下匝道;
499;1;1567858;虎泉路东侧;
499;1;1567857;西环路高架东侧虎泉路东侧下匝道;
499;1;1568081;西环路高架东侧鹿山路出口匝道;
499;1;1535779;北环快速路内圈西环路高架内圈入口匝道;
499;1;1535780;北环快速路外圈西环路高架内圈入口匝道;
499;1;1535541;西环路高架内圈干将西路下匝道;
499;1;1535538;西环路高架内圈劳动路下匝道;
499;1;1535778;北环快速路西环路高架外圈入口匝道;
499;1;1535744;北环快速路内圈西环路高架外圈入口匝道;
499;1;1535745;北环快速路外圈西环路高架外圈入口匝道;
499;1;1535545;西环路高架外圈金门路下匝道;
499;1;1535777;南环路高架西环路高架外圈入口匝道;
499;1;1535748;南环路高架内圈西环路高架外圈入口匝道;
499;1;1535749;南环路高架外圈西环路高架外圈入口匝道;
499;1;1535535;西环路高架外圈竹园路下匝道;
499;1;3641630;西太湖路;
499;1;1535196;坝头;
499;1;3585576;早科坊;
499;1;3585474;杨柳巷;
499;1;1568162;闻钟苑;
499;1;3585575;西直街;
499;1;886199;快速内环外圈锡澄公路西侧上匝道;
499;1;895782;金城路高架锡东大道上匝道;
499;1;895412;鸿山北路;
499;1;1232677;伯窦河大桥;
499;1;895326;新韵南路;
499;1;886201;快速内环外圈锡港路北侧上匝道;
499;1;886203;快速内环外圈锡沪东路北侧上匝道;
499;1;895650;兴昌路;
499;1;874191;东盛路;
499;1;876499;东廊路;
499;1;895413;鸿山路;
499;1;895675;周思桥;
499;1;895842;锡群路;
499;1;895844;新华路高架锡群路上匝道;
499;1;895836;高浪路高架锡山大道上匝道;
499;1;895845;新华路高架锡山大道上匝道;
499;1;895827;高浪路高架锡士路上匝道;
499;1;886091;锡新二路北侧;
499;1;895600;机场快速路东侧锡新二路北侧入口匝道;
499;1;895739;金城东路高架锡兴路上匝道;
499;1;560147;下坝头;
499;1;1568491;下塘路;
499;1;3641501;长虹路高架夏城北路入口匝道;
499;1;3641503;长虹路高架夏城中路入口匝道;
499;1;3641631;延政东大道;
499;1;1904783;夏家浜路;
499;1;2884853;龙其线;
499;1;2912948;紫气路;
499;1;3137584;港电路;
499;1;2869380;恒广路;
499;1;2870101;尧佳路;
499;1;895852;先锋东路;
499;1;895864;先锋东路至新华路高架;
499;1;895837;先锋中路;
499;1;895838;高浪路高架先锋中路上匝道;
499;1;1567829;相王路;
499;1;1535845;绕城高速公路湘石路入口匝道;
499;1;1535846;绕城高速公路内圈湘石路入口匝道;
499;1;1535847;绕城高速公路外圈湘石路入口匝道;
499;1;1904770;湘太路至常台高速公路;
499;1;5154240;翔宇大道至南昌路;
499;1;3137586;中和桥;
499;1;2870076;象房西路;
499;1;1567856;金尚路;
499;1;1568053;北浜;
499;1;1535947;蒋浜;
499;1;2867268;新港大道;
499;1;3137587;仙新路（港电路）;
499;1;2869378;惠中路;
499;1;886103;新光路北侧;
499;1;895595;机场快速路东侧新光路北侧入口匝道;
499;1;895815;机场快速路新华路上匝道;
499;1;895855;新华路高架新华路上匝道;
499;1;895850;新华路高架东翔路下匝道;
499;1;895841;新华路高架金城东路下匝道;
499;1;895774;金城路高架金城路高架上匝道;
499;1;895848;新华路高架山河路下匝道;
499;1;895843;新华路高架锡群路下匝道;
499;1;895846;新华路高架锡山大道下匝道;
499;1;895853;新华路高架先锋东路下匝道;
499;1;895856;兴越路;
499;1;895775;新华路高架西侧;
499;1;895776;金城路高架新华路高架西侧上匝道;
499;1;895817;机场快速路新华路南侧上匝道;
499;1;1904809;新华路至新城路;
499;1;1960561;诚兴路;
499;1;1960094;长江村;
499;1;3753919;新庆路;
499;1;3137588;长干桥;
499;1;2913205;新模范马路金贸大街西侧下匝道;
499;1;2913214;新模范马路南瑞路东侧下匝道;
499;1;2913198;中央路东侧;
499;1;2913202;新模范马路中央路东侧出口匝道;
499;1;3137540;康藏路;
499;1;2913217;新模范马路辅路;
499;1;2913197;龙蟠中路新模范马路南侧入口匝道;
499;1;3641589;新堂北路北侧;
499;1;3641590;龙城大道高架新堂北路北侧入口匝道;
499;1;3641588;龙城大道高架新堂路南侧入口匝道;
499;1;3641634;竹林西路;
499;1;616299;刘郭线;
499;1;895832;高浪路高架新锡路上匝道;
499;1;876431;东坝头;
499;1;6330406;四季庄;
499;1;6330403;踢球山停车区;
499;1;6330404;Ｘ０２４;
499;1;895778;金城路高架新韵北路上匝道;
499;1;895328;锡贤路;
499;1;895661;土山湾;
499;1;895780;金城路高架新韵北路东侧上匝道;
499;1;895419;锡鸿路;
499;1;895665;张塘桥;
499;1;3137478;新庄立交桥;
499;1;3137480;和谐路;
499;1;1232681;信诚道;
499;1;1232686;兴昌南路匝道;
499;1;1232685;江海路北匝道;
499;1;1232684;前进路;
499;1;895651;学前东路南匝道;
499;1;895652;瑞江花园;
499;1;1535071;浪花苑;
499;1;1535073;亭南路;
499;1;6330395;旭明路;
499;1;6330396;双厍路;
499;1;1534634;北青公路;
499;1;1534636;双和路;
499;1;1534637;北苑路;
499;1;1534638;螯峰路;
499;1;886303;快速内环内圈兴源北路入口匝道;
499;1;886277;快速内环内圈兴源路西侧入口匝道;
499;1;886279;快速内环外圈兴源路西侧入口匝道;
499;1;874696;旺庄老街;
499;1;1568227;星港街独墅湖大道入口匝道;
499;1;1568354;独墅湖大道星港街入口匝道;
499;1;1568087;娄江快速路北侧星港街入口匝道;
499;1;1904850;星红路;
499;1;1959994;军山村;
499;1;1568353;独墅湖大道星湖街入口匝道;
499;1;1568234;星湖街独墅湖大道北侧入口匝道;
499;1;1568360;星湖街娄江大道入口匝道;
499;1;1568163;金园里;
499;1;1904845;跨澄路;
499;1;1568351;独墅湖大道星湖街东侧入口匝道;
499;1;1568252;娄江快速路星湖街东侧入口匝道;
499;1;1568330;娄江快速路西侧星湖街东侧入口匝道;
499;1;1568114;星湖街至惠成街;
499;1;3641431;龙江路高架星园路北侧入口匝道;
499;1;3641432;龙江路高架星园路南侧入口匝道;
499;1;1535047;高和路;
499;1;1960540;通宁大道高架幸余路上匝道;
499;1;1904810;东欣田武路;
499;1;5154287;黄岗;
499;1;3585466;宣陈路;
499;1;3585560;中吴大道（旧）;
499;1;2867642;永锦路;
499;1;886204;快速内环内圈学前东路北侧上匝道;
499;1;876367;振新路;
499;1;1535028;学士街;
499;1;1535029;胥门路;
499;1;1960563;学田南路;
499;1;3641737;外环高架淹城北路东侧入口匝道;
499;1;3641738;长虹路高架淹城北路西侧入口匝道;
499;1;3585487;古槐路;
499;1;3753966;青洋中路（延陵东路）;
499;1;3641484;龙江路南延高架延政西大道南侧入口匝道;
499;1;2870100;盐仓桥;
499;1;2870049;盐仓桥东街;
499;1;3557141;扬溧高速公路常州段;
499;1;4258122;荣炳服务区;
499;1;3641354;Ｘ００２;
499;1;3557143;长荡湖服务区;
499;1;4565451;扬溧高速公路扬州段;
499;1;4874418;内环南路;
499;1;4258121;扬溧高速公路镇江段;
499;1;4258126;丹徒出入口;
499;1;2913231;应天大街高架扬子江大道入口匝道;
499;1;2913060;应天大街高架南侧扬子江大道入口匝道;
499;1;3137617;金陵江滨酒店;
499;1;2870034;下圩村;
499;1;2913056;扬子江大道东侧;
499;1;2913064;应天大街高架扬子江大道东侧入口匝道;
499;1;2913062;应天大街高架南侧扬子江大道东侧入口匝道;
499;1;2913065;扬子江大道西侧;
499;1;2913067;应天大街高架扬子江大道西侧入口匝道;
499;1;2913068;应天大街高架北侧扬子江大道西侧入口匝道;
499;1;4593848;扬子南路至江平东路;
499;1;2867352;羊皮巷;
499;1;1535822;扬帆路;
499;1;1535943;缤特力路;
499;1;560146;杨家路;
499;1;1535604;东环路高架内圈杨枝塘路入口匝道;
499;1;2884832;洋珠巷;
499;1;1535026;养育巷;
499;1;2869344;金尧路;
499;1;2912946;恒飞路;
499;1;2870103;颐和路;
499;1;1535015;因果巷;
499;1;5154237;淮安体校;
499;1;616303;银山路;
499;1;886231;快速内环内圈隐秀路北侧上匝道;
499;1;2867368;桃园居小区;
499;1;2867364;应天大街辅路;
499;1;2913084;应天大街高架凤台路东侧出口匝道;
499;1;2913086;应天大街高架凤台路西侧出口匝道;
499;1;2913073;应天大街高架乐山路东侧出口匝道;
499;1;2913071;应天大街高架乐山路西侧出口匝道;
499;1;2913117;龙蟠南路应天大街高架入口匝道;
499;1;2913080;应天大街高架文体路东侧出口匝道;
499;1;2913055;应天大街高架扬子江大道出口匝道;
499;1;2913092;雨花西路东侧;
499;1;2913094;应天大街高架雨花西路东侧出口匝道;
499;1;2913076;云锦路东侧;
499;1;2913077;应天大街高架云锦路东侧出口匝道;
499;1;2913089;中山南路西侧;
499;1;2913090;应天大街高架中山南路西侧出口匝道;
499;1;2912992;黄家杨;
499;1;2913088;应天大街高架北侧凤台路东侧出口匝道;
499;1;2913221;龙蟠南路应天大街高架北侧上匝道;
499;1;2913107;龙蟠南路东侧应天大街高架北侧入口匝道;
499;1;2913106;龙蟠南路西侧应天大街高架北侧入口匝道;
499;1;2913051;应天大街高架北侧葡园路出口匝道;
499;1;2913063;应天大街高架北侧扬子江大道出口匝道;
499;1;2913097;凤台南路西侧;
499;1;2913098;应天大街高架南侧凤台南路西侧出口匝道;
499;1;2913219;龙蟠南路应天大街高架南侧上匝道;
499;1;2913100;龙蟠南路应天大街高架南侧入口匝道;
499;1;2913104;龙蟠南路东侧应天大街高架南侧入口匝道;
499;1;2913102;龙蟠南路西侧应天大街高架南侧入口匝道;
499;1;2913047;应天大街高架南侧葡园路出口匝道;
499;1;2913131;应天大街高架南侧秦虹南路出口匝道;
499;1;2913054;应天大街高架南侧扬子江大道出口匝道;
499;1;2913058;应天大街高架南侧扬子江大道东侧出口匝道;
499;1;3137590;蒋王庙路;
499;1;1535754;南环路高架内圈迎春路上匝道;
499;1;1534996;兴吴路;
499;1;1960543;通宁大道高架永福路上匝道;
499;1;2913122;龙蟠南路永乐路北侧入口匝道;
499;1;2913124;龙蟠南路西侧永乐路南侧入口匝道;
499;1;6330422;永乐西路;
499;1;6330426;永为路;
499;1;3585658;永宁路;
499;1;1960538;通宁大道高架永兴大道上匝道;
499;1;2884826;游府西街;
499;1;2884827;延龄巷;
499;1;1535480;绕城高速公路友新高架入口匝道;
499;1;1535482;绕城高速公路内圈友新高架入口匝道;
499;1;1535481;绕城高速公路外圈友新高架入口匝道;
499;1;1535531;南环路高架内圈友新高架东侧出口匝道;
499;1;1535528;南环路高架外圈友新高架东侧出口匝道;
499;1;1535479;绕城高速公路友新高架东侧入口匝道;
499;1;1535502;友新高架东侧石湖西路下匝道;
499;1;1535478;绕城高速公路友新高架西侧入口匝道;
499;1;1535499;友新高架西侧石湖西路下匝道;
499;1;1535933;友新高架西侧吴中大道北侧下匝道;
499;1;1904739;南石湖新邨;
499;1;3137591;南京支线（中和桥路）;
499;1;895733;太湖大道高架友谊南路上匝道;
499;1;1567958;至和西路;
499;1;2867407;雨花东路;
499;1;3137592;雨花大桥（雨花东路）;
499;1;2869616;普德路;
499;1;2913093;应天大街高架雨花西路东侧入口匝道;
499;1;2870217;绕城公路雨润大街入口匝道;
499;1;2870218;绕城公路北侧雨润大街入口匝道;
499;1;2870219;绕城公路南侧雨润大街入口匝道;
499;1;3137618;油坊桥立交桥;
499;1;616315;玉湖路;
499;1;2913139;机场路玉兰路东侧入口匝道;
499;1;3585640;瀛平路;
499;1;1568034;青年城;
499;1;2913041;沅江街;
499;1;6330413;南湖中路;
499;1;1535215;绕城高速公路越秀路入口匝道;
499;1;1535404;绕城高速公路内圈越秀路入口匝道;
499;1;1535406;绕城高速公路外圈越秀路入口匝道;
499;1;3137593;福园街;
499;1;2913220;应天大街高架云锦路东侧入口匝道;
499;1;4593790;陈庄;
499;1;895710;太湖大道运河东路入口匝道;
499;1;6330424;开源大桥;
499;1;3641425;龙江路高架运河路北侧入口匝道;
499;1;3585609;连吕线;
499;1;895708;太湖大道运河西路入口匝道;
499;1;1232651;新安大桥;
499;1;1232689;高浪大桥南匝道;
499;1;1232635;周新东路;
499;1;873874;华清大桥西匝道;
499;1;895421;开源大桥北匝道;
499;1;1232690;蓉湖大桥;
499;1;886260;快速内环外圈运河西路西侧上匝道;
499;1;2870080;东牌楼;
499;1;616320;站东路;
499;1;2869662;汉江路;
499;1;616337;振兴大道至可恋庄村;
499;1;5154202;杜家庄;
499;1;4258226;梦溪园巷;
499;1;2869666;城河南路;
499;1;3137621;郑和路;
499;1;2884817;琵琶湖;
499;1;1568146;珠泾路;
499;1;1568264;至和西路北侧;
499;1;1568313;至和西路高架至和西路北侧入口匝道;
499;1;1568304;娄江快速路至和西路高架入口匝道;
499;1;1568306;娄江快速路北侧至和西路高架入口匝道;
499;1;1568258;至和西路南侧;
499;1;1568312;至和西路高架至和西路南侧下匝道;
499;1;1568335;至和西路高架西;
499;1;1568307;娄江快速路北侧至和西路高架西入口匝道;
499;1;2870099;中华东门;
499;1;2870110;中华西门;
499;1;1568060;流虹路;
499;1;2913186;龙蟠中路中山东路南侧上匝道;
499;1;2913091;应天大街高架中山南路西侧入口匝道;
499;1;1568140;中胜路;
499;1;1568166;春耀路;
499;1;3753916;邹傅路;
499;1;3641729;庄基路;
499;1;3753970;梅港桥;
499;1;3641435;龙江路高架中吴大道北侧入口匝道;
499;1;3641535;青洋路高架中吴大道北侧入口匝道;
499;1;3753912;中吴大道辅路;
499;1;3641436;龙江路高架中吴大道南侧入口匝道;
499;1;3641536;青洋路高架中吴大道南侧入口匝道;
499;1;2869733;北崮山路;
499;1;1960034;和兴路;
499;1;2913200;新模范马路中央路东侧入口匝道;
499;1;2867506;橡胶厂路;
499;1;1904723;钟慧路;
499;1;4593844;茱萸路;
499;1;1568740;珠江中路;
499;1;560259;珠山西路;
499;1;3641692;竹林东路;
499;1;1535536;西环路高架外圈竹园路上匝道;
499;1;1535039;庄先湾路;
499;1;560260;子房北路;
499;1;1568062;子胥路至胥市街;
499;1;2913136;机场路紫荆花路南侧入口匝道;
499;1;1960152;山水路;
499;1;3137476;紫竹林;
499;1;1568059;走马塘路;
499;1;1904812;姑苏西路;
499;1;4258290;左湖路;
