CID;TABCD;LCD;INT_CID;INT_TABCD;INT_LCD
522;32;1883;522;32;1999
522;32;1999;522;32;1883
522;32;1884;522;32;3887
522;32;3887;522;32;1884
522;32;1885;522;32;1937
522;32;1937;522;32;1885
522;32;116;522;32;777
522;32;777;522;32;942
522;32;942;522;32;1302
522;32;1302;522;32;4873
522;32;4873;522;32;116
522;32;1323;522;32;1364
522;32;1364;522;32;4878
522;32;4878;522;32;1323
522;32;751;522;32;943
522;32;943;522;32;4879
522;32;4879;522;32;5339
522;32;5339;522;32;751
522;32;4805;522;32;5116
522;32;5116;522;32;4805
522;32;945;522;32;1007
522;32;1007;522;32;945
522;32;40;522;32;863
522;32;863;522;32;1086
522;32;1086;522;32;1088
522;32;1088;522;32;40
522;32;110;522;32;209
522;32;209;522;32;786
522;32;786;522;32;1089
522;32;1089;522;32;110
522;32;667;522;32;951
522;32;951;522;32;1090
522;32;1090;522;32;667
522;32;1091;522;32;4196
522;32;4196;522;32;4198
522;32;4198;522;32;1091
522;32;210;522;32;296
522;32;296;522;32;1092
522;32;1092;522;32;210
522;32;1313;522;32;1351
522;32;1351;522;32;1313
522;32;1367;522;32;4466
522;32;4466;522;32;1367
522;32;1094;522;32;1432
522;32;1432;522;32;1094
522;32;1771;522;32;3395
522;32;3395;522;32;1771
522;32;1772;522;32;4642
522;32;4642;522;32;1772
522;32;1082;522;32;1085
522;32;1085;522;32;1082
522;32;1402;522;32;1404
522;32;1404;522;32;1402
522;32;1406;522;32;3946
522;32;3946;522;32;1406
522;32;1008;522;32;1407
522;32;1407;522;32;4574
522;32;4574;522;32;1008
522;32;1003;522;32;1413
522;32;1413;522;32;1997
522;32;1997;522;32;1003
522;32;1414;522;32;1854
522;32;1854;522;32;1414
522;32;5314;522;32;5315
522;32;5315;522;32;5314
522;32;50;522;32;141
522;32;141;522;32;829
522;32;829;522;32;1202
522;32;1202;522;32;1411
522;32;1411;522;32;5321
522;32;5321;522;32;50
522;32;19;522;32;1198
522;32;1198;522;32;1203
522;32;1203;522;32;1410
522;32;1410;522;32;19
522;32;3283;522;32;3285
522;32;3285;522;32;3283
522;32;3286;522;32;3310
522;32;3310;522;32;3286
522;32;400;522;32;3287
522;32;3287;522;32;400
522;32;475;522;32;3288
522;32;3288;522;32;475
522;32;3289;522;32;4975
522;32;4975;522;32;3289
522;32;1251;522;32;5194
522;32;5194;522;32;5325
522;32;5325;522;32;1251
522;32;754;522;32;934
522;32;934;522;32;1252
522;32;1252;522;32;5345
522;32;5345;522;32;754
522;32;1253;522;32;1360
522;32;1360;522;32;1253
522;32;2189;522;32;2191
522;32;2191;522;32;3226
522;32;3226;522;32;2189
522;32;3228;522;32;5027
522;32;5027;522;32;3228
522;32;2186;522;32;3231
522;32;3231;522;32;2186
522;32;746;522;32;3234
522;32;3234;522;32;746
522;32;3251;522;32;3254
522;32;3254;522;32;3251
522;32;2205;522;32;2207
522;32;2207;522;32;3252
522;32;3252;522;32;2205
522;32;2215;522;32;2217
522;32;2217;522;32;3245
522;32;3245;522;32;2215
522;32;2212;522;32;2218
522;32;2218;522;32;2212
522;32;2208;522;32;2210
522;32;2210;522;32;2208
522;32;4874;522;32;4876
522;32;4876;522;32;4874
522;32;1193;522;32;4877
522;32;4877;522;32;1193
522;32;992;522;32;996
522;32;996;522;32;992
522;32;991;522;32;1472
522;32;1472;522;32;2098
522;32;2098;522;32;991
522;32;967;522;32;2083
522;32;2083;522;32;2085
522;32;2085;522;32;967
522;32;966;522;32;1238
522;32;1238;522;32;5077
522;32;5077;522;32;966
522;32;933;522;32;1246
522;32;1246;522;32;933
522;32;122;522;32;808
522;32;808;522;32;932
522;32;932;522;32;122
522;32;53;522;32;552
522;32;552;522;32;817
522;32;817;522;32;931
522;32;931;522;32;53
522;32;5011;522;32;5014
522;32;5014;522;32;5011
522;32;968;522;32;1001
522;32;1001;522;32;968
522;32;1232;522;32;1682
522;32;1682;522;32;2006
522;32;2006;522;32;2008
522;32;2008;522;32;1232
522;32;758;522;32;874
522;32;874;522;32;1683
522;32;1683;522;32;5343
522;32;5343;522;32;758
522;32;1230;522;32;1245
522;32;1245;522;32;1687
522;32;1687;522;32;1230
522;32;86;522;32;869
522;32;869;522;32;1689
522;32;1689;522;32;86
522;32;5016;522;32;5265
522;32;5265;522;32;5016
522;32;51;522;32;87
522;32;87;522;32;89
522;32;89;522;32;827
522;32;827;522;32;1690
522;32;1690;522;32;51
522;32;21;522;32;90
522;32;90;522;32;550
522;32;550;522;32;875
522;32;875;522;32;21
522;32;127;522;32;865
522;32;865;522;32;1111
522;32;1111;522;32;1575
522;32;1575;522;32;3439
522;32;3439;522;32;4669
522;32;4669;522;32;4671
522;32;4671;522;32;127
522;32;1354;522;32;1555
522;32;1555;522;32;3441
522;32;3441;522;32;5240
522;32;5240;522;32;1354
522;32;36;522;32;855
522;32;855;522;32;864
522;32;864;522;32;3443
522;32;3443;522;32;3445
522;32;3445;522;32;36
522;32;106;522;32;290
522;32;290;522;32;794
522;32;794;522;32;3448
522;32;3448;522;32;106
522;32;289;522;32;1119
522;32;1119;522;32;1121
522;32;1121;522;32;3450
522;32;3450;522;32;289
522;32;1127;522;32;1503
522;32;1503;522;32;3451
522;32;3451;522;32;5073
522;32;5073;522;32;1127
522;32;288;522;32;292
522;32;292;522;32;3452
522;32;3452;522;32;3454
522;32;3454;522;32;5347
522;32;5347;522;32;288
522;32;984;522;32;3455
522;32;3455;522;32;984
522;32;988;522;32;1042
522;32;1042;522;32;3462
522;32;3462;522;32;988
522;32;989;522;32;3463
522;32;3463;522;32;989
522;32;990;522;32;3465
522;32;3465;522;32;3480
522;32;3480;522;32;990
522;32;1022;522;32;1097
522;32;1097;522;32;3389
522;32;3389;522;32;3466
522;32;3466;522;32;1022
522;32;1719;522;32;3380
522;32;3380;522;32;1719
522;32;1902;522;32;1904
522;32;1904;522;32;4596
522;32;4596;522;32;4850
522;32;4850;522;32;1902
522;32;1653;522;32;1655
522;32;1655;522;32;1905
522;32;1905;522;32;1653
522;32;1906;522;32;4616
522;32;4616;522;32;1906
522;32;1013;522;32;1907
522;32;1907;522;32;1013
522;32;1908;522;32;4619
522;32;4619;522;32;1908
522;32;1909;522;32;4564
522;32;4564;522;32;1909
522;32;1910;522;32;1912
522;32;1912;522;32;4646
522;32;4646;522;32;1910
522;32;3894;522;32;3944
522;32;3944;522;32;3894
522;32;3896;522;32;3945
522;32;3945;522;32;3896
522;32;4523;522;32;4525
522;32;4525;522;32;4523
522;32;4526;522;32;4644
522;32;4644;522;32;4526
522;32;2195;522;32;2197
522;32;2197;522;32;2195
522;32;2198;522;32;3238
522;32;3238;522;32;2198
522;32;2199;522;32;2201
522;32;2201;522;32;2199
522;32;1925;522;32;1936
522;32;1936;522;32;1925
522;32;1865;522;32;1867
522;32;1867;522;32;1938
522;32;1938;522;32;1940
522;32;1940;522;32;1865
522;32;2097;522;32;2113
522;32;2113;522;32;2097
522;32;2105;522;32;2111
522;32;2111;522;32;2105
522;32;2115;522;32;2118
522;32;2118;522;32;2115
522;32;2192;522;32;2194
522;32;2194;522;32;2192
522;32;3256;522;32;3331
522;32;3331;522;32;3346
522;32;3346;522;32;3256
522;32;3332;522;32;3334
522;32;3334;522;32;3332
522;32;3335;522;32;3366
522;32;3366;522;32;3335
522;32;3336;522;32;3364
522;32;3364;522;32;3336
522;32;3337;522;32;3339
522;32;3339;522;32;3337
522;32;1033;522;32;3367
522;32;3367;522;32;1033
522;32;3352;522;32;3354
522;32;3354;522;32;3368
522;32;3368;522;32;3352
522;32;3369;522;32;3376
522;32;3376;522;32;3382
522;32;3382;522;32;3369
522;32;1713;522;32;3392
522;32;3392;522;32;4637
522;32;4637;522;32;1713
522;32;45;522;32;62
522;32;62;522;32;1057
522;32;1057;522;32;45
522;32;1059;522;32;4356
522;32;4356;522;32;1059
522;32;1061;522;32;5162
522;32;5162;522;32;1061
522;32;1062;522;32;1386
522;32;1386;522;32;1062
522;32;3429;522;32;3431
522;32;3431;522;32;3429
522;32;1458;522;32;3456
522;32;3456;522;32;1458
522;32;3457;522;32;4354
522;32;4354;522;32;3457
522;32;3458;522;32;4346
522;32;4346;522;32;4348
522;32;4348;522;32;3458
522;32;3459;522;32;4340
522;32;4340;522;32;3459
522;32;3460;522;32;4371
522;32;4371;522;32;3460
522;32;1044;522;32;3461
522;32;3461;522;32;1044
522;32;3385;522;32;3464
522;32;3464;522;32;3385
522;32;3409;522;32;3411
522;32;3411;522;32;3467
522;32;3467;522;32;3409
522;32;3417;522;32;3468
522;32;3468;522;32;3417
522;32;3469;522;32;3473
522;32;3473;522;32;3469
522;32;3379;522;32;3470
522;32;3470;522;32;3379
522;32;3377;522;32;3387
522;32;3387;522;32;3377
522;32;3378;522;32;3407
522;32;3407;522;32;3378
522;32;3418;522;32;3420
522;32;3420;522;32;3418
522;32;3421;522;32;3423
522;32;3423;522;32;3421
522;32;4572;522;32;4576
522;32;4576;522;32;4572
522;32;4577;522;32;4592
522;32;4592;522;32;4577
522;32;976;522;32;4578
522;32;4578;522;32;976
522;32;4579;522;32;4600
522;32;4600;522;32;4579
522;32;1373;522;32;1433
522;32;1433;522;32;1373
522;32;1435;522;32;4651
522;32;4651;522;32;1435
522;32;1787;522;32;1913
522;32;1913;522;32;1915
522;32;1915;522;32;1787
522;32;1788;522;32;4517
522;32;4517;522;32;1788
522;32;1239;522;32;1248
522;32;1248;522;32;1239
522;32;5187;522;32;5195
522;32;5195;522;32;5187
522;32;1243;522;32;1829
522;32;1829;522;32;1243
522;32;1244;522;32;1813
522;32;1813;522;32;1244
522;32;2066;522;32;2095
522;32;2095;522;32;2066
522;32;1468;522;32;1473
522;32;1473;522;32;2109
522;32;2109;522;32;1468
522;32;1474;522;32;2120
522;32;2120;522;32;1474
522;32;1262;522;32;1475
522;32;1475;522;32;5324
522;32;5324;522;32;1262
522;32;2071;522;32;2119
522;32;2119;522;32;2071
522;32;3388;522;32;5229
522;32;5229;522;32;3388
522;32;3391;522;32;3481
522;32;3481;522;32;3391
522;32;3393;522;32;4470
522;32;4470;522;32;3393
522;32;3396;522;32;3398
522;32;3398;522;32;3396
522;32;3399;522;32;3401
522;32;3401;522;32;3399
522;32;3373;522;32;3384
522;32;3384;522;32;3373
522;32;2086;522;32;2088
522;32;2088;522;32;2086
522;32;4890;522;32;4914
522;32;4914;522;32;4890
522;32;2131;522;32;4989
522;32;4989;522;32;2131
522;32;2074;522;32;2123
522;32;2123;522;32;2074
522;32;2070;522;32;2106
522;32;2106;522;32;2070
522;32;2063;522;32;2065
522;32;2065;522;32;2063
522;32;2067;522;32;2101
522;32;2101;522;32;2067
522;32;2060;522;32;2062
522;32;2062;522;32;2060
522;32;3908;522;32;3924
522;32;3924;522;32;3908
522;32;3926;522;32;3930
522;32;3930;522;32;3926
522;32;1892;522;32;1894
522;32;1894;522;32;3927
522;32;3927;522;32;1892
522;32;2202;522;32;2204
522;32;2204;522;32;2202
522;32;1887;522;32;3921
522;32;3921;522;32;1887
522;32;3905;522;32;3907
522;32;3907;522;32;3905
522;32;5133;522;32;5137
522;32;5137;522;32;5147
522;32;5147;522;32;5133
522;32;1012;522;32;4617
522;32;4617;522;32;1012
522;32;973;522;32;978
522;32;978;522;32;4595
522;32;4595;522;32;973
522;32;1656;522;32;4853
522;32;4853;522;32;1656
522;32;4598;522;32;4605
522;32;4605;522;32;4598
522;32;4599;522;32;4610
522;32;4610;522;32;4599
522;32;4491;522;32;4530
522;32;4530;522;32;4491
522;32;1372;522;32;4492
522;32;4492;522;32;1372
522;32;5215;522;32;5216
522;32;5216;522;32;5215
522;32;3931;522;32;4908
522;32;4908;522;32;3931
522;32;3933;522;32;4924
522;32;4924;522;32;3933
522;32;4469;522;32;4499
522;32;4499;522;32;4469
522;32;4493;522;32;4500
522;32;4500;522;32;4493
522;32;4502;522;32;4504
522;32;4504;522;32;4502
522;32;4424;522;32;4426
522;32;4426;522;32;5153
522;32;5153;522;32;4424
522;32;956;522;32;4427
522;32;4427;522;32;956
522;32;4428;522;32;4467
522;32;4467;522;32;4428
522;32;4429;522;32;4528
522;32;4528;522;32;4429
522;32;4420;522;32;4422
522;32;4422;522;32;4420
522;32;3911;522;32;5251
522;32;5251;522;32;3911
522;32;3904;522;32;3912
522;32;3912;522;32;3904
522;32;1382;522;32;1387
522;32;1387;522;32;1382
522;32;1729;522;32;3347
522;32;3347;522;32;1729
522;32;1034;522;32;3363
522;32;3363;522;32;1034
522;32;1035;522;32;3372
522;32;3372;522;32;1035
522;32;1030;522;32;1038
522;32;1038;522;32;1030
522;32;5154;522;32;5156
522;32;5156;522;32;5335
522;32;5335;522;32;5154
522;32;4380;522;32;4416
522;32;4416;522;32;4380
522;32;4386;522;32;4417
522;32;4417;522;32;4386
522;32;4392;522;32;4418
522;32;4418;522;32;5213
522;32;5213;522;32;4392
522;32;5066;522;32;5067
522;32;5067;522;32;5066
522;32;4620;522;32;4627
522;32;4627;522;32;4620
522;32;4621;522;32;4623
522;32;4623;522;32;4621
522;32;4514;522;32;4516
522;32;4516;522;32;4519
522;32;4519;522;32;4514
522;32;4360;522;32;4369
522;32;4369;522;32;4360
522;32;4361;522;32;4363
522;32;4363;522;32;4361
522;32;495;522;32;4148
522;32;4148;522;32;495
522;32;499;522;32;4149
522;32;4149;522;32;499
522;32;1150;522;32;4150
522;32;4150;522;32;5245
522;32;5245;522;32;1150
522;32;3440;522;32;4052
522;32;4052;522;32;4054
522;32;4054;522;32;3440
522;32;429;522;32;4055
522;32;4055;522;32;4795
522;32;4795;522;32;429
522;32;38;522;32;146
522;32;146;522;32;397
522;32;397;522;32;858
522;32;858;522;32;38
522;32;67;522;32;145
522;32;145;522;32;1141
522;32;1141;522;32;67
522;32;492;522;32;4075
522;32;4075;522;32;4077
522;32;4077;522;32;492
522;32;109;522;32;144
522;32;144;522;32;302
522;32;302;522;32;792
522;32;792;522;32;109
522;32;8;522;32;147
522;32;147;522;32;231
522;32;231;522;32;4676
522;32;4676;522;32;4678
522;32;4678;522;32;8
522;32;9;522;32;155
522;32;155;522;32;240
522;32;240;522;32;4679
522;32;4679;522;32;9
522;32;168;522;32;253
522;32;253;522;32;1145
522;32;1145;522;32;4680
522;32;4680;522;32;168
522;32;93;522;32;866
522;32;866;522;32;4681
522;32;4681;522;32;4683
522;32;4683;522;32;93
522;32;148;522;32;393
522;32;393;522;32;1580
522;32;1580;522;32;1582
522;32;1582;522;32;148
522;32;461;522;32;1606
522;32;1606;522;32;4058
522;32;4058;522;32;461
522;32;4049;522;32;4672
522;32;4672;522;32;4674
522;32;4674;522;32;4049
522;32;132;522;32;4675
522;32;4675;522;32;4794
522;32;4794;522;32;132
522;32;1693;522;32;1695
522;32;1695;522;32;1693
522;32;1696;522;32;3794
522;32;3794;522;32;1696
522;32;164;522;32;1697
522;32;1697;522;32;1699
522;32;1699;522;32;164
522;32;340;522;32;4106
522;32;4106;522;32;340
522;32;301;522;32;1124
522;32;1124;522;32;301
522;32;300;522;32;1493
522;32;1493;522;32;300
522;32;299;522;32;4312
522;32;4312;522;32;299
522;32;39;522;32;4303
522;32;4303;522;32;39
522;32;1457;522;32;4331
522;32;4331;522;32;1457
522;32;4332;522;32;4345
522;32;4345;522;32;4332
522;32;3703;522;32;4342
522;32;4342;522;32;3703
522;32;3712;522;32;4343
522;32;4343;522;32;3712
522;32;1456;522;32;3711
522;32;3711;522;32;1456
522;32;3713;522;32;3716
522;32;3716;522;32;3713
522;32;369;522;32;1510
522;32;1510;522;32;3449
522;32;3449;522;32;369
522;32;1511;522;32;4104
522;32;4104;522;32;1511
522;32;68;522;32;4078
522;32;4078;522;32;68
522;32;478;522;32;4079
522;32;4079;522;32;478
522;32;4080;522;32;4082
522;32;4082;522;32;4943
522;32;4943;522;32;4080
522;32;1492;522;32;4088
522;32;4088;522;32;4090
522;32;4090;522;32;1492
522;32;295;522;32;4091
522;32;4091;522;32;4311
522;32;4311;522;32;295
522;32;2865;522;32;2867
522;32;2867;522;32;2869
522;32;2869;522;32;2871
522;32;2871;522;32;2873
522;32;2873;522;32;2865
522;32;1134;522;32;1491
522;32;1491;522;32;5040
522;32;5040;522;32;1134
522;32;294;522;32;1135
522;32;1135;522;32;294
522;32;4072;522;32;4074
522;32;4074;522;32;4072
522;32;4980;522;32;4982
522;32;4982;522;32;4980
522;32;4973;522;32;4983
522;32;4983;522;32;4973
522;32;4985;522;32;4986
522;32;4986;522;32;4985
522;32;4960;522;32;4962
522;32;4962;522;32;4960
522;32;3541;522;32;3564
522;32;3564;522;32;3541
522;32;599;522;32;1098
522;32;1098;522;32;1357
522;32;1357;522;32;3565
522;32;3565;522;32;599
522;32;3412;522;32;3414
522;32;3414;522;32;3412
522;32;5043;522;32;5045
522;32;5045;522;32;5043
522;32;4495;522;32;4641
522;32;4641;522;32;4495
522;32;1923;522;32;4643
522;32;4643;522;32;1923
522;32;4032;522;32;4034
522;32;4034;522;32;4032
522;32;4035;522;32;4043
522;32;4043;522;32;4035
522;32;4790;522;32;5234
522;32;5234;522;32;4790
522;32;1225;522;32;3612
522;32;3612;522;32;3614
522;32;3614;522;32;1225
522;32;1224;522;32;4758
522;32;4758;522;32;4951
522;32;4951;522;32;1224
522;32;328;522;32;329
522;32;329;522;32;730
522;32;730;522;32;1226
522;32;1226;522;32;328
522;32;3760;522;32;3762
522;32;3762;522;32;3760
522;32;3763;522;32;3765
522;32;3765;522;32;3763
522;32;3753;522;32;3758
522;32;3758;522;32;3980
522;32;3980;522;32;3753
522;32;3619;522;32;3621
522;32;3621;522;32;3759
522;32;3759;522;32;3619
522;32;3679;522;32;3681
522;32;3681;522;32;3679
522;32;3644;522;32;3683
522;32;3683;522;32;3644
522;32;3684;522;32;4778
522;32;4778;522;32;3684
522;32;4142;522;32;4146
522;32;4146;522;32;4142
522;32;3529;522;32;3533
522;32;3533;522;32;3529
522;32;3530;522;32;3544
522;32;3544;522;32;3530
522;32;4868;522;32;4869
522;32;4869;522;32;4868
522;32;5036;522;32;5038
522;32;5038;522;32;5036
522;32;3955;522;32;3957
522;32;3957;522;32;3955
522;32;184;522;32;274
522;32;274;522;32;3958
522;32;3958;522;32;184
522;32;4086;522;32;4105
522;32;4105;522;32;4086
522;32;37;522;32;131
522;32;131;522;32;856
522;32;856;522;32;958
522;32;958;522;32;37
522;32;130;522;32;1138
522;32;1138;522;32;1140
522;32;1140;522;32;130
522;32;107;522;32;129
522;32;129;522;32;793
522;32;793;522;32;107
522;32;2679;522;32;3133
522;32;3133;522;32;2679
522;32;1129;522;32;1137
522;32;1137;522;32;1129
522;32;1130;522;32;4071
522;32;4071;522;32;5089
522;32;5089;522;32;1130
522;32;3961;522;32;3963
522;32;3963;522;32;3992
522;32;3992;522;32;3961
522;32;185;522;32;276
522;32;276;522;32;3964
522;32;3964;522;32;185
522;32;560;522;32;878
522;32;878;522;32;3502
522;32;3502;522;32;4757
522;32;4757;522;32;560
522;32;1153;522;32;1159
522;32;1159;522;32;3993
522;32;3993;522;32;3995
522;32;3995;522;32;1153
522;32;387;522;32;1154
522;32;1154;522;32;387
522;32;390;522;32;1155
522;32;1155;522;32;390
522;32;4116;522;32;4118
522;32;4118;522;32;4894
522;32;4894;522;32;4116
522;32;1594;522;32;4895
522;32;4895;522;32;1594
522;32;4294;522;32;4896
522;32;4896;522;32;4294
522;32;1799;522;32;4299
522;32;4299;522;32;4859
522;32;4859;522;32;1799
522;32;1634;522;32;1636
522;32;1636;522;32;4042
522;32;4042;522;32;1634
522;32;1637;522;32;1638
522;32;1638;522;32;1637
522;32;1877;522;32;1879
522;32;1879;522;32;1958
522;32;1958;522;32;1960
522;32;1960;522;32;1877
522;32;1932;522;32;1961
522;32;1961;522;32;1932
522;32;1944;522;32;1957
522;32;1957;522;32;1944
522;32;3498;522;32;4886
522;32;4886;522;32;3498
522;32;3493;522;32;4740
522;32;4740;522;32;3493
522;32;3494;522;32;3599
522;32;3599;522;32;3494
522;32;553;522;32;3495
522;32;3495;522;32;553
522;32;173;522;32;1628
522;32;1628;522;32;1630
522;32;1630;522;32;173
522;32;172;522;32;261
522;32;261;522;32;407
522;32;407;522;32;172
522;32;161;522;32;248
522;32;248;522;32;327
522;32;327;522;32;526
522;32;526;522;32;1627
522;32;1627;522;32;161
522;32;474;522;32;3640
522;32;3640;522;32;3643
522;32;3643;522;32;474
522;32;3648;522;32;3691
522;32;3691;522;32;3648
522;32;1107;522;32;3649
522;32;3649;522;32;3651
522;32;3651;522;32;1107
522;32;748;522;32;3309
522;32;3309;522;32;748
522;32;378;522;32;438
522;32;438;522;32;854
522;32;854;522;32;1143
522;32;1143;522;32;378
522;32;371;522;32;439
522;32;439;522;32;622
522;32;622;522;32;371
522;32;234;522;32;236
522;32;236;522;32;1271
522;32;1271;522;32;234
522;32;1272;522;32;4940
522;32;4940;522;32;4942
522;32;4942;522;32;1272
522;32;1274;522;32;4926
522;32;4926;522;32;1274
522;32;96;522;32;608
522;32;608;522;32;620
522;32;620;522;32;5223
522;32;5223;522;32;5225
522;32;5225;522;32;96
522;32;621;522;32;645
522;32;645;522;32;621
522;32;623;522;32;3446
522;32;3446;522;32;623
522;32;473;522;32;3524
522;32;3524;522;32;473
522;32;1520;522;32;1522
522;32;1522;522;32;1528
522;32;1528;522;32;1520
522;32;1523;522;32;1666
522;32;1666;522;32;1523
522;32;2663;522;32;2665
522;32;2665;522;32;2663
522;32;126;522;32;1477
522;32;1477;522;32;126
522;32;1478;522;32;1485
522;32;1485;522;32;1478
522;32;1480;522;32;3326
522;32;3326;522;32;1480
522;32;3625;522;32;3627
522;32;3627;522;32;3625
522;32;3628;522;32;3630
522;32;3630;522;32;3628
522;32;1260;522;32;2214
522;32;2214;522;32;1260
522;32;322;522;32;457
522;32;457;522;32;1532
522;32;1532;522;32;1534
522;32;1534;522;32;322
522;32;345;522;32;1535
522;32;1535;522;32;1537
522;32;1537;522;32;345
522;32;3083;522;32;3087
522;32;3087;522;32;3083
522;32;3081;522;32;3085
522;32;3085;522;32;3081
522;32;1233;522;32;1818
522;32;1818;522;32;1233
522;32;1816;522;32;1819
522;32;1819;522;32;1816
522;32;1810;522;32;1812
522;32;1812;522;32;1820
522;32;1820;522;32;1810
522;32;2887;522;32;2903
522;32;2903;522;32;2905
522;32;2905;522;32;2907
522;32;2907;522;32;2887
522;32;4300;522;32;4305
522;32;4305;522;32;4300
522;32;2883;522;32;2915
522;32;2915;522;32;2917
522;32;2917;522;32;2883
522;32;2875;522;32;2877
522;32;2877;522;32;2879
522;32;2879;522;32;2881
522;32;2881;522;32;2875
522;32;741;522;32;1558
522;32;1558;522;32;4107
522;32;4107;522;32;4109
522;32;4109;522;32;741
522;32;1136;522;32;1288
522;32;1288;522;32;1289
522;32;1289;522;32;1136
522;32;742;522;32;1125
522;32;1125;522;32;742
522;32;743;522;32;1494
522;32;1494;522;32;1593
522;32;1593;522;32;743
522;32;744;522;32;1798
522;32;1798;522;32;4313
522;32;4313;522;32;744
522;32;1054;522;32;4304
522;32;4304;522;32;1054
522;32;4581;522;32;4845
522;32;4845;522;32;4846
522;32;4846;522;32;4581
522;32;1394;522;32;1396
522;32;1396;522;32;1394
522;32;1398;522;32;5164
522;32;5164;522;32;1398
522;32;1399;522;32;1895
522;32;1895;522;32;1399
522;32;212;522;32;1546
522;32;1546;522;32;1548
522;32;1548;522;32;212
522;32;538;522;32;1549
522;32;1549;522;32;1551
522;32;1551;522;32;538
522;32;1657;522;32;1659
522;32;1659;522;32;4585
522;32;4585;522;32;4587
522;32;4587;522;32;1657
522;32;4568;522;32;4573
522;32;4573;522;32;4568
522;32;1009;522;32;4569
522;32;4569;522;32;1009
522;32;5041;522;32;5042
522;32;5042;522;32;5041
522;32;1660;522;32;5169
522;32;5169;522;32;5171
522;32;5171;522;32;1660
522;32;688;522;32;1881
522;32;1881;522;32;2056
522;32;2056;522;32;688
522;32;690;522;32;772
522;32;772;522;32;3817
522;32;3817;522;32;690
522;32;1861;522;32;1863
522;32;1863;522;32;1861
522;32;1864;522;32;2015
522;32;2015;522;32;1864
522;32;5121;522;32;5123
522;32;5123;522;32;5121
522;32;2393;522;32;2403
522;32;2403;522;32;2393
522;32;2397;522;32;2401
522;32;2401;522;32;2397
522;32;529;522;32;1209
522;32;1209;522;32;1212
522;32;1212;522;32;529
522;32;530;522;32;1517
522;32;1517;522;32;1519
522;32;1519;522;32;530
522;32;505;522;32;531
522;32;531;522;32;533
522;32;533;522;32;911
522;32;911;522;32;505
522;32;2355;522;32;2357
522;32;2357;522;32;2359
522;32;2359;522;32;2355
522;32;2361;522;32;2363
522;32;2363;522;32;2365
522;32;2365;522;32;2367
522;32;2367;522;32;2361
522;32;3622;522;32;3624
522;32;3624;522;32;3622
522;32;2150;522;32;2154
522;32;2154;522;32;2150
522;32;3447;522;32;4068
522;32;4068;522;32;4070
522;32;4070;522;32;3447
522;32;3415;522;32;3424
522;32;3424;522;32;3415
522;32;201;522;32;285
522;32;285;522;32;1429
522;32;1429;522;32;5118
522;32;5118;522;32;201
522;32;824;522;32;876
522;32;876;522;32;916
522;32;916;522;32;920
522;32;920;522;32;1430
522;32;1430;522;32;824
522;32;708;522;32;710
522;32;710;522;32;909
522;32;909;522;32;708
522;32;453;522;32;711
522;32;711;522;32;713
522;32;713;522;32;4764
522;32;4764;522;32;453
522;32;5079;522;32;5183
522;32;5183;522;32;5079
522;32;1249;522;32;5185
522;32;5185;522;32;1249
522;32;4007;522;32;4009
522;32;4009;522;32;4007
522;32;412;522;32;4010
522;32;4010;522;32;412
522;32;190;522;32;195
522;32;195;522;32;1073
522;32;1073;522;32;1075
522;32;1075;522;32;190
522;32;449;522;32;4166
522;32;4166;522;32;449
522;32;198;522;32;1174
522;32;1174;522;32;5072
522;32;5072;522;32;198
522;32;197;522;32;782
522;32;782;522;32;197
522;32;1650;522;32;4448
522;32;4448;522;32;1650
522;32;1292;522;32;1294
522;32;1294;522;32;4170
522;32;4170;522;32;4172
522;32;4172;522;32;1292
522;32;1179;522;32;1295
522;32;1295;522;32;1179
522;32;112;522;32;695
522;32;695;522;32;783
522;32;783;522;32;1296
522;32;1296;522;32;112
522;32;191;522;32;411
522;32;411;522;32;844
522;32;844;522;32;191
522;32;192;522;32;1171
522;32;1171;522;32;1173
522;32;1173;522;32;192
522;32;193;522;32;781
522;32;781;522;32;193
522;32;497;522;32;4831
522;32;4831;522;32;497
522;32;1218;522;32;4445
522;32;4445;522;32;1218
522;32;977;522;32;4453
522;32;4453;522;32;977
522;32;386;522;32;585
522;32;585;522;32;1668
522;32;1668;522;32;4688
522;32;4688;522;32;4690
522;32;4690;522;32;386
522;32;12;522;32;189
522;32;189;522;32;280
522;32;280;522;32;4691
522;32;4691;522;32;4693
522;32;4693;522;32;12
522;32;171;522;32;188
522;32;188;522;32;259
522;32;259;522;32;171
522;32;170;522;32;257
522;32;257;522;32;385
522;32;385;522;32;170
522;32;158;522;32;187
522;32;187;522;32;244
522;32;244;522;32;961
522;32;961;522;32;158
522;32;4003;522;32;4694
522;32;4694;522;32;4696
522;32;4696;522;32;4003
522;32;410;522;32;4002
522;32;4002;522;32;410
522;32;413;522;32;416
522;32;416;522;32;651
522;32;651;522;32;413
522;32;312;522;32;735
522;32;735;522;32;1328
522;32;1328;522;32;312
522;32;26;522;32;305
522;32;305;522;32;311
522;32;311;522;32;4779
522;32;4779;522;32;4781
522;32;4781;522;32;26
522;32;315;522;32;821
522;32;821;522;32;1102
522;32;1102;522;32;1423
522;32;1423;522;32;315
522;32;314;522;32;3674
522;32;3674;522;32;314
522;32;3983;522;32;3985
522;32;3985;522;32;3983
522;32;358;522;32;611
522;32;611;522;32;358
522;32;359;522;32;618
522;32;618;522;32;359
522;32;489;522;32;660
522;32;660;522;32;489
522;32;360;522;32;366
522;32;366;522;32;427
522;32;427;522;32;360
522;32;686;522;32;770
522;32;770;522;32;1217
522;32;1217;522;32;3802
522;32;3802;522;32;686
522;32;834;522;32;1782
522;32;1782;522;32;3803
522;32;3803;522;32;3805
522;32;3805;522;32;834
522;32;5295;522;32;5311
522;32;5311;522;32;5295
522;32;5302;522;32;5306
522;32;5306;522;32;5302
522;32;5307;522;32;5310
522;32;5310;522;32;5307
522;32;2184;522;32;5085
522;32;5085;522;32;2184
522;32;2161;522;32;2163
522;32;2163;522;32;4891
522;32;4891;522;32;2161
522;32;3291;522;32;3296
522;32;3296;522;32;3291
522;32;1670;522;32;3292
522;32;3292;522;32;1670
522;32;3279;522;32;3293
522;32;3293;522;32;3279
522;32;2261;522;32;2263
522;32;2263;522;32;2261
522;32;14;522;32;527
522;32;527;522;32;14
522;32;78;522;32;160
522;32;160;522;32;246
522;32;246;522;32;903
522;32;903;522;32;78
522;32;250;522;32;1207
522;32;1207;522;32;1344
522;32;1344;522;32;250
522;32;162;522;32;513
522;32;513;522;32;515
522;32;515;522;32;162
522;32;470;522;32;4038
522;32;4038;522;32;470
522;32;140;522;32;326
522;32;326;522;32;1591
522;32;1591;522;32;5092
522;32;5092;522;32;140
522;32;3357;522;32;3359
522;32;3359;522;32;3357
522;32;7;522;32;899
522;32;899;522;32;7
522;32;482;522;32;900
522;32;900;522;32;482
522;32;895;522;32;4751
522;32;4751;522;32;895
522;32;602;522;32;1443
522;32;1443;522;32;1445
522;32;1445;522;32;4815
522;32;4815;522;32;602
522;32;1446;522;32;3282
522;32;3282;522;32;1446
522;32;1447;522;32;1449
522;32;1449;522;32;1447
522;32;108;522;32;790
522;32;790;522;32;953
522;32;953;522;32;108
522;32;4119;522;32;4800
522;32;4800;522;32;4119
522;32;297;522;32;954
522;32;954;522;32;5337
522;32;5337;522;32;297
522;32;226;522;32;1370
522;32;1370;522;32;226
522;32;957;522;32;1019
522;32;1019;522;32;957
522;32;5281;522;32;5283
522;32;5283;522;32;5281
522;32;5284;522;32;5287
522;32;5287;522;32;5284
522;32;1331;522;32;5241
522;32;5241;522;32;1331
522;32;575;522;32;1286
522;32;1286;522;32;1333
522;32;1333;522;32;575
522;32;2993;522;32;2995
522;32;2995;522;32;2997
522;32;2997;522;32;2999
522;32;2999;522;32;2993
522;32;5060;522;32;5062
522;32;5062;522;32;5060
522;32;1196;522;32;1219
522;32;1219;522;32;1318
522;32;1318;522;32;1196
522;32;4434;522;32;4440
522;32;4440;522;32;4434
522;32;1122;522;32;4093
522;32;4093;522;32;1122
522;32;2057;522;32;3841
522;32;3841;522;32;3850
522;32;3850;522;32;2057
522;32;3851;522;32;3872
522;32;3872;522;32;3851
522;32;776;522;32;3852
522;32;3852;522;32;776
522;32;3853;522;32;3862
522;32;3862;522;32;3853
522;32;3829;522;32;3854
522;32;3854;522;32;3829
522;32;3820;522;32;3855
522;32;3855;522;32;3820
522;32;838;522;32;3856
522;32;3856;522;32;3858
522;32;3858;522;32;838
522;32;3873;522;32;3875
522;32;3875;522;32;3873
522;32;308;522;32;1109
522;32;1109;522;32;1115
522;32;1115;522;32;308
522;32;1600;522;32;3442
522;32;3442;522;32;1600
522;32;2231;522;32;3139
522;32;3139;522;32;2231
522;32;5;522;32;92
522;32;92;522;32;568
522;32;568;522;32;716
522;32;716;522;32;963
522;32;963;522;32;4667
522;32;4667;522;32;4783
522;32;4783;522;32;5218
522;32;5218;522;32;5
522;32;6;522;32;376
522;32;376;522;32;381
522;32;381;522;32;4668
522;32;4668;522;32;6
522;32;5200;522;32;5203
522;32;5203;522;32;5207
522;32;5207;522;32;5200
522;32;5201;522;32;5289
522;32;5289;522;32;5201
522;32;49;522;32;165
522;32;165;522;32;831
522;32;831;522;32;5202
522;32;5202;522;32;49
522;32;5197;522;32;5206
522;32;5206;522;32;5197
522;32;134;522;32;309
522;32;309;522;32;389
522;32;389;522;32;4045
522;32;4045;522;32;134
522;32;149;522;32;391
522;32;391;522;32;395
522;32;395;522;32;435
522;32;435;522;32;149
522;32;135;522;32;1342
522;32;1342;522;32;135
522;32;1577;522;32;1579
522;32;1579;522;32;4046
522;32;4046;522;32;1577
522;32;307;522;32;441
522;32;441;522;32;451
522;32;451;522;32;546
522;32;546;522;32;307
522;32;426;522;32;1450
522;32;1450;522;32;1452
522;32;1452;522;32;426
522;32;2893;522;32;2895
522;32;2895;522;32;2919
522;32;2919;522;32;2893
522;32;2885;522;32;2909
522;32;2909;522;32;2885
522;32;830;522;32;3788
522;32;3788;522;32;3790
522;32;3790;522;32;830
522;32;3791;522;32;3793
522;32;3793;522;32;3791
522;32;1162;522;32;3996
522;32;3996;522;32;5115
522;32;5115;522;32;1162
522;32;2961;522;32;2963
522;32;2963;522;32;2961
522;32;2957;522;32;2959
522;32;2959;522;32;2957
522;32;5246;522;32;5247
522;32;5247;522;32;5246
522;32;1151;522;32;5248
522;32;5248;522;32;1151
522;32;4208;522;32;4210
522;32;4210;522;32;4208
522;32;4205;522;32;4207
522;32;4207;522;32;4205
522;32;74;522;32;115
522;32;115;522;32;137
522;32;137;522;32;74
522;32;465;522;32;913
522;32;913;522;32;465
522;32;76;522;32;3960
522;32;3960;522;32;76
522;32;342;522;32;929
522;32;929;522;32;1157
522;32;1157;522;32;342
522;32;151;522;32;174
522;32;174;522;32;466
522;32;466;522;32;151
522;32;2165;522;32;2167
522;32;2167;522;32;2165
522;32;2168;522;32;3483
522;32;3483;522;32;2168
522;32;206;522;32;1674
522;32;1674;522;32;2169
522;32;2169;522;32;206
522;32;344;522;32;1071
522;32;1071;522;32;344
522;32;590;522;32;1072
522;32;1072;522;32;590
522;32;159;522;32;3999
522;32;3999;522;32;4001
522;32;4001;522;32;5046
522;32;5046;522;32;159
522;32;1163;522;32;5112
522;32;5112;522;32;1163
522;32;1160;522;32;3969
522;32;3969;522;32;1160
522;32;815;522;32;1228
522;32;1228;522;32;3484
522;32;3484;522;32;3486
522;32;3486;522;32;815
522;32;4039;522;32;4041
522;32;4041;522;32;4039
522;32;1929;522;32;1931
522;32;1931;522;32;1952
522;32;1952;522;32;1954
522;32;1954;522;32;1929
522;32;1934;522;32;1967
522;32;1967;522;32;1934
522;32;1871;522;32;1926
522;32;1926;522;32;1928
522;32;1928;522;32;1871
522;32;3013;522;32;3017
522;32;3017;522;32;3019
522;32;3019;522;32;3021
522;32;3021;522;32;3023
522;32;3023;522;32;3033
522;32;3033;522;32;3013
522;32;2050;522;32;3809
522;32;3809;522;32;5047
522;32;5047;522;32;2050
522;32;3848;522;32;3876
522;32;3876;522;32;3848
522;32;3877;522;32;3879
522;32;3879;522;32;3877
522;32;3839;522;32;3843
522;32;3843;522;32;5083
522;32;5083;522;32;3839
522;32;5032;522;32;5051
522;32;5051;522;32;5032
522;32;1220;522;32;3844
522;32;3844;522;32;1220
522;32;3845;522;32;3847
522;32;3847;522;32;3845
522;32;157;522;32;384
522;32;384;522;32;436
522;32;436;522;32;157
522;32;156;522;32;242
522;32;242;522;32;1583
522;32;1583;522;32;1585
522;32;1585;522;32;156
522;32;3867;522;32;3869
522;32;3869;522;32;3867
522;32;186;522;32;232
522;32;232;522;32;960
522;32;960;522;32;3972
522;32;3972;522;32;186
522;32;4971;522;32;5081
522;32;5081;522;32;5082
522;32;5082;522;32;4971
522;32;3129;522;32;3137
522;32;3137;522;32;3129
522;32;10;522;32;580
522;32;580;522;32;1587
522;32;1587;522;32;4685
522;32;4685;522;32;4687
522;32;4687;522;32;10
522;32;169;522;32;255
522;32;255;522;32;1586
522;32;1586;522;32;169
522;32;581;522;32;1079
522;32;1079;522;32;581
522;32;582;522;32;4156
522;32;4156;522;32;582
522;32;583;522;32;846
522;32;846;522;32;583
522;32;1329;522;32;3653
522;32;3653;522;32;1329
522;32;472;522;32;1622
522;32;1622;522;32;3521
522;32;3521;522;32;472
522;32;1421;522;32;3522
522;32;3522;522;32;1421
522;32;13;522;32;320
522;32;320;522;32;408
522;32;408;522;32;4698
522;32;4698;522;32;4701
522;32;4701;522;32;13
522;32;15;522;32;517
522;32;517;522;32;519
522;32;519;522;32;1389
522;32;1389;522;32;15
522;32;16;522;32;634
522;32;634;522;32;1183
522;32;1183;522;32;16
522;32;17;522;32;1645
522;32;1645;522;32;1647
522;32;1647;522;32;17
522;32;18;522;32;163
522;32;163;522;32;251
522;32;251;522;32;18
522;32;593;522;32;1208
522;32;1208;522;32;1525
522;32;1525;522;32;593
522;32;22;522;32;557
522;32;557;522;32;1436
522;32;1436;522;32;22
522;32;28;522;32;561
522;32;561;522;32;28
522;32;23;522;32;319
522;32;319;522;32;1774
522;32;1774;522;32;4767
522;32;4767;522;32;23
522;32;24;522;32;316
522;32;316;522;32;402
522;32;402;522;32;4768
522;32;4768;522;32;4770
522;32;4770;522;32;24
522;32;25;522;32;180
522;32;180;522;32;268
522;32;268;522;32;4775
522;32;4775;522;32;4777
522;32;4777;522;32;25
522;32;2447;522;32;2449
522;32;2449;522;32;2447
522;32;2221;522;32;2223
522;32;2223;522;32;2225
522;32;2225;522;32;2221
522;32;2287;522;32;2291
522;32;2291;522;32;2287
522;32;2285;522;32;2295
522;32;2295;522;32;2285
522;32;2415;522;32;2427
522;32;2427;522;32;2415
522;32;2411;522;32;2425
522;32;2425;522;32;2411
522;32;2265;522;32;2267
522;32;2267;522;32;2265
522;32;2271;522;32;2277
522;32;2277;522;32;2279
522;32;2279;522;32;2271
522;32;2237;522;32;2243
522;32;2243;522;32;2237
522;32;2233;522;32;2245
522;32;2245;522;32;2249
522;32;2249;522;32;2251
522;32;2251;522;32;2233
522;32;2325;522;32;2327
522;32;2327;522;32;2329
522;32;2329;522;32;2325
522;32;2431;522;32;2439
522;32;2439;522;32;2431
522;32;2435;522;32;2441
522;32;2441;522;32;2435
522;32;2433;522;32;2437
522;32;2437;522;32;2433
522;32;2343;522;32;2345
522;32;2345;522;32;2347
522;32;2347;522;32;2343
522;32;2349;522;32;2351
522;32;2351;522;32;2353
522;32;2353;522;32;2349
522;32;2239;522;32;2241
522;32;2241;522;32;2253
522;32;2253;522;32;2239
522;32;2255;522;32;2257
522;32;2257;522;32;2259
522;32;2259;522;32;2255
522;32;2405;522;32;2407
522;32;2407;522;32;2409
522;32;2409;522;32;2405
522;32;2331;522;32;2333
522;32;2333;522;32;2335
522;32;2335;522;32;2331
522;32;2337;522;32;2339
522;32;2339;522;32;2341
522;32;2341;522;32;2337
522;32;2369;522;32;2371
522;32;2371;522;32;2373
522;32;2373;522;32;2369
522;32;2311;522;32;2319
522;32;2319;522;32;2311
522;32;2299;522;32;2301
522;32;2301;522;32;2303
522;32;2303;522;32;2299
522;32;2307;522;32;2309
522;32;2309;522;32;2307
522;32;2413;522;32;2423
522;32;2423;522;32;2413
522;32;2273;522;32;2281
522;32;2281;522;32;2273
522;32;2269;522;32;2275
522;32;2275;522;32;2269
522;32;2235;522;32;2247
522;32;2247;522;32;2235
522;32;2289;522;32;2293
522;32;2293;522;32;2289
522;32;2395;522;32;2399
522;32;2399;522;32;2395
522;32;2443;522;32;2445
522;32;2445;522;32;2443
522;32;2321;522;32;2323
522;32;2323;522;32;2321
522;32;2305;522;32;2313
522;32;2313;522;32;2305
522;32;2227;522;32;2229
522;32;2229;522;32;2227
522;32;2377;522;32;2379
522;32;2379;522;32;2381
522;32;2381;522;32;2383
522;32;2383;522;32;2385
522;32;2385;522;32;2387
522;32;2387;522;32;2389
522;32;2389;522;32;2377
522;32;2315;522;32;2317
522;32;2317;522;32;2315
522;32;4308;522;32;4652
522;32;4652;522;32;4308
522;32;3595;522;32;3730
522;32;3730;522;32;3595
522;32;1101;522;32;3721
522;32;3721;522;32;3731
522;32;3731;522;32;1101
522;32;5052;522;32;5054
522;32;5054;522;32;5052
522;32;4544;522;32;4554
522;32;4554;522;32;4544
522;32;1823;522;32;4899
522;32;4899;522;32;1823
522;32;4900;522;32;4902
522;32;4902;522;32;4900
522;32;766;522;32;1830
522;32;1830;522;32;766
522;32;4897;522;32;5259
522;32;5259;522;32;4897
522;32;3806;522;32;4013
522;32;4013;522;32;3806
522;32;3807;522;32;3859
522;32;3859;522;32;3807
522;32;833;522;32;1643
522;32;1643;522;32;5312
522;32;5312;522;32;833
522;32;1644;522;32;1700
522;32;1700;522;32;4012
522;32;4012;522;32;1644
522;32;832;522;32;1783
522;32;1783;522;32;3798
522;32;3798;522;32;5304
522;32;5304;522;32;832
522;32;3800;522;32;4723
522;32;4723;522;32;3800
522;32;626;522;32;947
522;32;947;522;32;626
522;32;948;522;32;4192
522;32;4192;522;32;948
522;32;1824;522;32;1826
522;32;1826;522;32;1824
522;32;213;522;32;3667
522;32;3667;522;32;3669
522;32;3669;522;32;213
522;32;539;522;32;541
522;32;541;522;32;3670
522;32;3670;522;32;539
522;32;2453;522;32;2465
522;32;2465;522;32;2453
522;32;2461;522;32;2473
522;32;2473;522;32;2461
522;32;2451;522;32;2477
522;32;2477;522;32;2479
522;32;2479;522;32;3141
522;32;3141;522;32;2451
522;32;2463;522;32;2475
522;32;2475;522;32;2463
522;32;121;522;32;596
522;32;596;522;32;809
522;32;809;522;32;1671
522;32;1671;522;32;1673
522;32;1673;522;32;121
522;32;52;522;32;597
522;32;597;522;32;816
522;32;816;522;32;1675
522;32;1675;522;32;52
522;32;2455;522;32;2469
522;32;2469;522;32;2455
522;32;2457;522;32;2467
522;32;2467;522;32;2457
522;32;2459;522;32;2471
522;32;2471;522;32;2459
522;32;5254;522;32;5258
522;32;5258;522;32;5254
522;32;2024;522;32;2026
522;32;2026;522;32;2024
522;32;5255;522;32;5262
522;32;5262;522;32;5255
522;32;549;522;32;1227
522;32;1227;522;32;549
522;32;2587;522;32;2589
522;32;2589;522;32;2587
522;32;2581;522;32;2591
522;32;2591;522;32;2603
522;32;2603;522;32;2605
522;32;2605;522;32;2607
522;32;2607;522;32;2581
522;32;2583;522;32;2585
522;32;2585;522;32;2599
522;32;2599;522;32;2601
522;32;2601;522;32;2583
522;32;2593;522;32;2595
522;32;2595;522;32;2597
522;32;2597;522;32;2593
522;32;4588;522;32;4602
522;32;4602;522;32;4588
522;32;113;522;32;4603
522;32;4603;522;32;113
522;32;4604;522;32;4607
522;32;4607;522;32;4604
522;32;1916;522;32;1918
522;32;1918;522;32;4511
522;32;4511;522;32;4513
522;32;4513;522;32;1916
522;32;4505;522;32;4507
522;32;4507;522;32;4505
522;32;4508;522;32;4510
522;32;4510;522;32;4508
522;32;1538;522;32;1552
522;32;1552;522;32;1538
522;32;183;522;32;272
522;32;272;522;32;1539
522;32;1539;522;32;183
522;32;4200;522;32;4237
522;32;4237;522;32;4200
522;32;1572;522;32;4238
522;32;4238;522;32;1572
522;32;4239;522;32;4258
522;32;4258;522;32;4239
522;32;4240;522;32;4242
522;32;4242;522;32;4262
522;32;4262;522;32;4264
522;32;4264;522;32;4240
522;32;124;522;32;175
522;32;175;522;32;177
522;32;177;522;32;804
522;32;804;522;32;124
522;32;176;522;32;203
522;32;203;522;32;286
522;32;286;522;32;176
522;32;264;522;32;317
522;32;317;522;32;820
522;32;820;522;32;264
522;32;178;522;32;266
522;32;266;522;32;650
522;32;650;522;32;178
522;32;181;522;32;214
522;32;214;522;32;216
522;32;216;522;32;181
522;32;182;522;32;543
522;32;543;522;32;545
522;32;545;522;32;182
522;32;1543;522;32;1545
522;32;1545;522;32;4771
522;32;4771;522;32;4773
522;32;4773;522;32;1543
522;32;3663;522;32;3665
522;32;3665;522;32;4774
522;32;4774;522;32;3663
522;32;179;522;32;732
522;32;732;522;32;734
522;32;734;522;32;179
522;32;2793;522;32;2797
522;32;2797;522;32;2799
522;32;2799;522;32;2793
522;32;2781;522;32;2785
522;32;2785;522;32;2787
522;32;2787;522;32;2803
522;32;2803;522;32;2781
522;32;418;522;32;4963
522;32;4963;522;32;418
522;32;419;522;32;756
522;32;756;522;32;419
522;32;420;522;32;501
522;32;501;522;32;420
522;32;2657;522;32;2659
522;32;2659;522;32;2657
522;32;2641;522;32;2643
522;32;2643;522;32;2655
522;32;2655;522;32;2661
522;32;2661;522;32;2641
522;32;2783;522;32;2789
522;32;2789;522;32;2791
522;32;2791;522;32;2795
522;32;2795;522;32;2783
522;32;2645;522;32;2647
522;32;2647;522;32;2651
522;32;2651;522;32;2645
522;32;2649;522;32;2653
522;32;2653;522;32;2649
522;32;2779;522;32;2801
522;32;2801;522;32;2805
522;32;2805;522;32;2779
522;32;4176;522;32;4178
522;32;4178;522;32;4176
522;32;4179;522;32;4248
522;32;4248;522;32;4179
522;32;4180;522;32;4222
522;32;4222;522;32;4180
522;32;668;522;32;4181
522;32;4181;522;32;668
522;32;4182;522;32;4199
522;32;4199;522;32;4182
522;32;4183;522;32;4184
522;32;4184;522;32;4183
522;32;1565;522;32;1568
522;32;1568;522;32;1565
522;32;1569;522;32;4223
522;32;4223;522;32;4225
522;32;4225;522;32;1569
522;32;669;522;32;671
522;32;671;522;32;1570
522;32;1570;522;32;669
522;32;1571;522;32;4201
522;32;4201;522;32;1571
522;32;398;522;32;399
522;32;399;522;32;431
522;32;431;522;32;398
522;32;60;522;32;805
522;32;805;522;32;60
522;32;55;522;32;63
522;32;63;522;32;819
522;32;819;522;32;55
522;32;348;522;32;884
522;32;884;522;32;348
522;32;2533;522;32;2543
522;32;2543;522;32;2533
522;32;2529;522;32;2537
522;32;2537;522;32;2529
522;32;2531;522;32;2539
522;32;2539;522;32;2531
522;32;2535;522;32;2541
522;32;2541;522;32;2535
522;32;211;522;32;403
522;32;403;522;32;714
522;32;714;522;32;211
522;32;69;522;32;404
522;32;404;522;32;535
522;32;535;522;32;537
522;32;537;522;32;69
522;32;349;522;32;3635
522;32;3635;522;32;3637
522;32;3637;522;32;349
522;32;5142;522;32;5148
522;32;5148;522;32;5142
522;32;4542;522;32;4546
522;32;4546;522;32;4542
522;32;4533;522;32;4547
522;32;4547;522;32;4533
522;32;4329;522;32;4548
522;32;4548;522;32;5035
522;32;5035;522;32;4329
522;32;1180;522;32;1322
522;32;1322;522;32;1180
522;32;4137;522;32;4838
522;32;4838;522;32;5024
522;32;5024;522;32;4137
522;32;5056;522;32;5057
522;32;5057;522;32;5056
522;32;586;522;32;1076
522;32;1076;522;32;1078
522;32;1078;522;32;586
522;32;44;522;32;587
522;32;587;522;32;845
522;32;845;522;32;1291
522;32;1291;522;32;44
522;32;2080;522;32;2082
522;32;2082;522;32;2080
522;32;2077;522;32;2079
522;32;2079;522;32;2077
522;32;430;522;32;1601
522;32;1601;522;32;4796
522;32;4796;522;32;430
522;32;1576;522;32;4048
522;32;4048;522;32;1576
522;32;1730;522;32;4697
522;32;4697;522;32;1730
522;32;591;522;32;843
522;32;843;522;32;591
522;32;1919;522;32;3405
522;32;3405;522;32;1919
522;32;1920;522;32;1922
522;32;1922;522;32;1920
522;32;630;522;32;1640
522;32;1640;522;32;5103
522;32;5103;522;32;630
522;32;633;522;32;1648
522;32;1648;522;32;633
522;32;2283;522;32;2297
522;32;2297;522;32;2283
522;32;4728;522;32;4730
522;32;4730;522;32;4728
522;32;4731;522;32;4733
522;32;4733;522;32;4731
522;32;554;522;32;556
522;32;556;522;32;3506
522;32;3506;522;32;3510
522;32;3510;522;32;554
522;32;3491;522;32;3508
522;32;3508;522;32;3491
522;32;3298;522;32;3300
522;32;3300;522;32;3298
522;32;205;522;32;3301
522;32;3301;522;32;205
522;32;4785;522;32;4792
522;32;4792;522;32;4785
522;32;2417;522;32;2419
522;32;2419;522;32;2421
522;32;2421;522;32;2429
522;32;2429;522;32;2417
522;32;3756;522;32;4744
522;32;4744;522;32;3756
522;32;4745;522;32;4761
522;32;4761;522;32;4745
522;32;3519;522;32;3608
522;32;3608;522;32;3519
522;32;3605;522;32;3609
522;32;3609;522;32;5096
522;32;5096;522;32;3605
522;32;3979;522;32;4786
522;32;4786;522;32;3979
522;32;3752;522;32;3768
522;32;3768;522;32;3752
522;32;1513;522;32;3754
522;32;3754;522;32;1513
522;32;324;522;32;914
522;32;914;522;32;4957
522;32;4957;522;32;324
522;32;138;522;32;323
522;32;323;522;32;4953
522;32;4953;522;32;138
522;32;3499;522;32;3501
522;32;3501;522;32;3499
522;32;3239;522;32;3241
522;32;3241;522;32;3239
522;32;3247;522;32;3258
522;32;3258;522;32;3247
522;32;3248;522;32;4978
522;32;4978;522;32;3248
522;32;47;522;32;520
522;32;520;522;32;522
522;32;522;522;32;841
522;32;841;522;32;47
522;32;523;522;32;1168
522;32;1168;522;32;523
522;32;524;522;32;779
522;32;779;522;32;524
522;32;4665;522;32;4736
522;32;4736;522;32;4665
522;32;516;522;32;1633
522;32;1633;522;32;1641
522;32;1641;522;32;516
522;32;4659;522;32;4724
522;32;4724;522;32;4659
522;32;3860;522;32;4660
522;32;4660;522;32;3860
522;32;701;522;32;4661
522;32;4661;522;32;701
522;32;4020;522;32;4662
522;32;4662;522;32;4020
522;32;4027;522;32;4663
522;32;4663;522;32;4027
522;32;2921;522;32;2923
522;32;2923;522;32;2921
522;32;672;522;32;4124
522;32;4124;522;32;4126
522;32;4126;522;32;672
522;32;673;522;32;4254
522;32;4254;522;32;4256
522;32;4256;522;32;673
522;32;675;522;32;1598
522;32;1598;522;32;4269
522;32;4269;522;32;675
522;32;676;522;32;4278
522;32;4278;522;32;676
522;32;677;522;32;1142
522;32;1142;522;32;677
522;32;1732;522;32;4316
522;32;4316;522;32;1732
522;32;1733;522;32;5151
522;32;5151;522;32;1733
522;32;4243;522;32;4271
522;32;4271;522;32;4273
522;32;4273;522;32;4243
522;32;4244;522;32;4280
522;32;4280;522;32;4244
522;32;2569;522;32;2577
522;32;2577;522;32;2569
522;32;2565;522;32;2575
522;32;2575;522;32;2565
522;32;2567;522;32;2573
522;32;2573;522;32;2567
522;32;2571;522;32;2579
522;32;2579;522;32;2571
522;32;1680;522;32;1990
522;32;1990;522;32;1992
522;32;1992;522;32;1680
522;32;1002;522;32;1846
522;32;1846;522;32;1993
522;32;1993;522;32;1995
522;32;1995;522;32;1002
522;32;727;522;32;3581
522;32;3581;522;32;727
522;32;3574;522;32;3582
522;32;3582;522;32;3574
522;32;486;522;32;3583
522;32;3583;522;32;486
522;32;3573;522;32;3577
522;32;3577;522;32;3573
522;32;487;522;32;3578
522;32;3578;522;32;3589
522;32;3589;522;32;487
522;32;600;522;32;641
522;32;641;522;32;600
522;32;601;522;32;726
522;32;726;522;32;601
522;32;355;522;32;603
522;32;603;522;32;605
522;32;605;522;32;355
522;32;337;522;32;502
522;32;502;522;32;4974
522;32;4974;522;32;337
522;32;335;522;32;338
522;32;338;522;32;335
522;32;339;522;32;1484
522;32;1484;522;32;339
522;32;351;522;32;867
522;32;867;522;32;3320
522;32;3320;522;32;3325
522;32;3325;522;32;351
522;32;476;522;32;1610
522;32;1610;522;32;476
522;32;167;522;32;860
522;32;860;522;32;4939
522;32;4939;522;32;167
522;32;423;522;32;4059
522;32;4059;522;32;423
522;32;154;522;32;238
522;32;238;522;32;859
522;32;859;522;32;154
522;32;659;522;32;663
522;32;663;522;32;659
522;32;612;522;32;658
522;32;658;522;32;612
522;32;3340;522;32;3371
522;32;3371;522;32;3340
522;32;3341;522;32;3749
522;32;3749;522;32;5059
522;32;5059;522;32;3341
522;32;1028;522;32;3750
522;32;3750;522;32;1028
522;32;4096;522;32;4098
522;32;4098;522;32;4096
522;32;4099;522;32;4102
522;32;4102;522;32;4099
522;32;1781;522;32;3342
522;32;3342;522;32;1781
522;32;3329;522;32;3344
522;32;3344;522;32;3329
522;32;5293;522;32;5303
522;32;5303;522;32;5293
522;32;3514;522;32;3601
522;32;3601;522;32;5087
522;32;5087;522;32;3514
522;32;3504;522;32;3517
522;32;3517;522;32;3504
522;32;3513;522;32;3518
522;32;3518;522;32;3513
522;32;4127;522;32;4202
522;32;4202;522;32;4127
522;32;4128;522;32;4257
522;32;4257;522;32;4128
522;32;4129;522;32;4131
522;32;4131;522;32;4129
522;32;1029;522;32;4334
522;32;4334;522;32;1029
522;32;3700;522;32;4335
522;32;4335;522;32;3700
522;32;4336;522;32;4338
522;32;4338;522;32;4336
522;32;1791;522;32;4252
522;32;4252;522;32;1791
522;32;4230;522;32;4253
522;32;4253;522;32;4230
522;32;5070;522;32;5071
522;32;5071;522;32;5070
522;32;1790;522;32;4122
522;32;4122;522;32;1790
522;32;4123;522;32;4227
522;32;4227;522;32;4229
522;32;4229;522;32;4123
522;32;506;522;32;508
522;32;508;522;32;1529
522;32;1529;522;32;1531
522;32;1531;522;32;506
522;32;4219;522;32;4221
522;32;4221;522;32;4219
522;32;646;522;32;4064
522;32;4064;522;32;646
522;32;372;522;32;4065
522;32;4065;522;32;4067
522;32;4067;522;32;372
522;32;373;522;32;795
522;32;795;522;32;5120
522;32;5120;522;32;373
522;32;647;522;32;1506
522;32;1506;522;32;647
522;32;4476;522;32;4480
522;32;4480;522;32;4476
522;32;4481;522;32;4484
522;32;4484;522;32;4481
522;32;4485;522;32;4488
522;32;4488;522;32;4485
522;32;4463;522;32;4489
522;32;4489;522;32;4463
522;32;702;522;32;839
522;32;839;522;32;1181
522;32;1181;522;32;1298
522;32;1298;522;32;702
522;32;1189;522;32;1191
522;32;1191;522;32;1189
522;32;1194;522;32;3880
522;32;3880;522;32;1194
522;32;1841;522;32;1843
522;32;1843;522;32;2029
522;32;2029;522;32;1841
522;32;768;522;32;1780
522;32;1780;522;32;1844
522;32;1844;522;32;768
522;32;1832;522;32;2018
522;32;2018;522;32;2020
522;32;2020;522;32;1832
522;32;1833;522;32;2028
522;32;2028;522;32;1833
522;32;1214;522;32;1834
522;32;1834;522;32;1214
522;32;2124;522;32;2127
522;32;2127;522;32;2124
522;32;2126;522;32;2130
522;32;2130;522;32;2126
522;32;2132;522;32;2138
522;32;2138;522;32;2132
522;32;1971;522;32;2133
522;32;2133;522;32;1971
522;32;1974;522;32;2134
522;32;2134;522;32;1974
522;32;1979;522;32;2135
522;32;2135;522;32;1979
522;32;1850;522;32;1996
522;32;1996;522;32;1850
522;32;1857;522;32;1998
522;32;1998;522;32;1857
522;32;2000;522;32;3884
522;32;3884;522;32;3886
522;32;3886;522;32;2000
522;32;1602;522;32;1604
522;32;1604;522;32;1602
522;32;3077;522;32;3079
522;32;3079;522;32;3077
522;32;3037;522;32;3039
522;32;3039;522;32;3037
522;32;760;522;32;2009
522;32;2009;522;32;760
522;32;1837;522;32;2010
522;32;2010;522;32;1837
522;32;1848;522;32;2011
522;32;2011;522;32;1848
522;32;1851;522;32;2012
522;32;2012;522;32;1851
522;32;1222;522;32;2013
522;32;2013;522;32;1222
522;32;5063;522;32;5065
522;32;5065;522;32;5063
522;32;1049;522;32;1051
522;32;1051;522;32;4390
522;32;4390;522;32;1049
522;32;1366;522;32;4399
522;32;4399;522;32;1366
522;32;4403;522;32;4413
522;32;4413;522;32;4403
522;32;4404;522;32;4419
522;32;4419;522;32;4404
522;32;1046;522;32;4378
522;32;4378;522;32;1046
522;32;1047;522;32;4384
522;32;4384;522;32;1047
522;32;791;522;32;4944
522;32;4944;522;32;4946
522;32;4946;522;32;791
522;32;1018;522;32;4494
522;32;4494;522;32;1018
522;32;3883;522;32;3891
522;32;3891;522;32;3883
522;32;3892;522;32;3915
522;32;3915;522;32;3892
522;32;3893;522;32;3903
522;32;3903;522;32;3893
522;32;1377;522;32;4538
522;32;4538;522;32;1377
522;32;1374;522;32;1381
522;32;1381;522;32;1374
522;32;1371;522;32;4468
522;32;4468;522;32;1371
522;32;696;522;32;753
522;32;753;522;32;1305
522;32;1305;522;32;696
522;32;1309;522;32;1315
522;32;1315;522;32;1309
522;32;5138;522;32;5143
522;32;5143;522;32;5138
522;32;4558;522;32;4560
522;32;4560;522;32;4558
522;32;4561;522;32;4563
522;32;4563;522;32;4561
522;32;4462;522;32;4536
522;32;4536;522;32;4462
522;32;1888;522;32;3831
522;32;3831;522;32;1888
522;32;1955;522;32;3835
522;32;3835;522;32;1955
522;32;1703;522;32;2155
522;32;2155;522;32;2157
522;32;2157;522;32;1703
522;32;1704;522;32;1706
522;32;1706;522;32;1704
522;32;4349;522;32;4351
522;32;4351;522;32;4349
522;32;4352;522;32;4368
522;32;4368;522;32;4352
522;32;46;522;32;82
522;32;82;522;32;842
522;32;842;522;32;4835
522;32;4835;522;32;5069
522;32;5069;522;32;46
522;32;1170;522;32;4836
522;32;4836;522;32;1170
522;32;84;522;32;114
522;32;114;522;32;780
522;32;780;522;32;1393
522;32;1393;522;32;4837
522;32;4837;522;32;84
522;32;752;522;32;872
522;32;872;522;32;4839
522;32;4839;522;32;752
522;32;4444;522;32;4840
522;32;4840;522;32;5025
522;32;5025;522;32;4444
522;32;4452;522;32;4841
522;32;4841;522;32;4452
522;32;4842;522;32;4844
522;32;4844;522;32;4842
522;32;330;522;32;331
522;32;331;522;32;330
522;32;343;522;32;4005
522;32;4005;522;32;343
522;32;4211;522;32;4213
522;32;4213;522;32;4211
522;32;4214;522;32;4216
522;32;4216;522;32;4214
522;32;4191;522;32;4217
522;32;4217;522;32;4191
522;32;1215;522;32;5267
522;32;5267;522;32;1215
522;32;5271;522;32;5299
522;32;5299;522;32;5271
522;32;5272;522;32;5274
522;32;5274;522;32;5272
522;32;3259;522;32;3261
522;32;3261;522;32;3259
522;32;3262;522;32;3264
522;32;3264;522;32;3262
522;32;3657;522;32;3666
522;32;3666;522;32;3657
522;32;1815;522;32;2002
522;32;2002;522;32;1815
522;32;1809;522;32;2003
522;32;2003;522;32;1809
522;32;1161;522;32;3998
522;32;3998;522;32;5114
522;32;5114;522;32;1161
522;32;4326;522;32;4992
522;32;4992;522;32;4326
522;32;840;522;32;1185
522;32;1185;522;32;1187
522;32;1187;522;32;1276
522;32;1276;522;32;840
522;32;940;522;32;1004
522;32;1004;522;32;940
522;32;750;522;32;939
522;32;939;522;32;5341
522;32;5341;522;32;750
522;32;117;522;32;775
522;32;775;522;32;938
522;32;938;522;32;117
522;32;48;522;32;835
522;32;835;522;32;937
522;32;937;522;32;48
522;32;1319;522;32;1889
522;32;1889;522;32;1319
522;32;1320;522;32;1777
522;32;1777;522;32;1320
522;32;1678;522;32;1982
522;32;1982;522;32;1678
522;32;1688;522;32;2027
522;32;2027;522;32;1688
522;32;2553;522;32;2555
522;32;2555;522;32;2553
522;32;2695;522;32;2699
522;32;2699;522;32;2707
522;32;2707;522;32;2695
522;32;2689;522;32;2697
522;32;2697;522;32;2701
522;32;2701;522;32;2703
522;32;2703;522;32;2705
522;32;2705;522;32;2689
522;32;2941;522;32;2949
522;32;2949;522;32;2941
522;32;2935;522;32;2939
522;32;2939;522;32;2951
522;32;2951;522;32;2935
522;32;2943;522;32;2945
522;32;2945;522;32;2953
522;32;2953;522;32;2943
522;32;1314;522;32;1786
522;32;1786;522;32;1314
522;32;1352;522;32;4626
522;32;4626;522;32;1352
522;32;4624;522;32;4628
522;32;4628;522;32;4624
522;32;2709;522;32;2751
522;32;2751;522;32;2709
522;32;2715;522;32;2717
522;32;2717;522;32;2739
522;32;2739;522;32;2741
522;32;2741;522;32;2715
522;32;2723;522;32;2735
522;32;2735;522;32;2747
522;32;2747;522;32;3147
522;32;3147;522;32;2723
522;32;969;522;32;972
522;32;972;522;32;969
522;32;2719;522;32;2733
522;32;2733;522;32;2745
522;32;2745;522;32;2719
522;32;2711;522;32;2713
522;32;2713;522;32;2721
522;32;2721;522;32;2753
522;32;2753;522;32;2711
522;32;2967;522;32;2969
522;32;2969;522;32;2967
522;32;2965;522;32;2989
522;32;2989;522;32;2991
522;32;2991;522;32;2965
522;32;2973;522;32;2975
522;32;2975;522;32;2973
522;32;2971;522;32;2979
522;32;2979;522;32;2971
522;32;2729;522;32;2731
522;32;2731;522;32;2729
522;32;2977;522;32;2981
522;32;2981;522;32;2983
522;32;2983;522;32;2985
522;32;2985;522;32;2987
522;32;2987;522;32;2977
522;32;2727;522;32;2737
522;32;2737;522;32;2749
522;32;2749;522;32;2727
522;32;1775;522;32;3434
522;32;3434;522;32;1775
522;32;4913;522;32;5211
522;32;5211;522;32;4913
522;32;4863;522;32;4864
522;32;4864;522;32;4863
522;32;479;522;32;1335
522;32;1335;522;32;479
522;32;1336;522;32;1343
522;32;1343;522;32;1336
522;32;1339;522;32;1341
522;32;1341;522;32;1339
522;32;382;522;32;1338
522;32;1338;522;32;382
522;32;3795;522;32;4719
522;32;4719;522;32;3795
522;32;3783;522;32;3796
522;32;3796;522;32;3783
522;32;2033;522;32;2035
522;32;2035;522;32;2033
522;32;432;522;32;2036
522;32;2036;522;32;432
522;32;2030;522;32;2032
522;32;2032;522;32;2030
522;32;1614;522;32;1616
522;32;1616;522;32;1614
522;32;862;522;32;1617
522;32;1617;522;32;4175
522;32;4175;522;32;862
522;32;3900;522;32;3902
522;32;3902;522;32;3900
522;32;5177;522;32;5179
522;32;5179;522;32;5177
522;32;1896;522;32;1898
522;32;1898;522;32;5165
522;32;5165;522;32;5167
522;32;5167;522;32;1896
522;32;4193;522;32;4195
522;32;4195;522;32;4321
522;32;4321;522;32;4193
522;32;4965;522;32;4968
522;32;4968;522;32;4965
522;32;4187;522;32;4190
522;32;4190;522;32;4187
522;32;111;522;32;699
522;32;699;522;32;784
522;32;784;522;32;4186
522;32;4186;522;32;111
522;32;2046;522;32;2048
522;32;2048;522;32;2046
522;32;1855;522;32;2049
522;32;2049;522;32;1855
522;32;2043;522;32;2045
522;32;2045;522;32;2043
522;32;3268;522;32;4931
522;32;4931;522;32;3268
522;32;334;522;32;4932
522;32;4932;522;32;334
522;32;4473;522;32;4475
522;32;4475;522;32;4473
522;32;1211;522;32;1216
522;32;1216;522;32;1211
522;32;3003;522;32;3007
522;32;3007;522;32;3003
522;32;4325;522;32;4459
522;32;4459;522;32;4325
522;32;5097;522;32;5099
522;32;5099;522;32;5097
522;32;1490;522;32;4094
522;32;4094;522;32;1490
522;32;120;522;32;812
522;32;812;522;32;1827
522;32;1827;522;32;120
522;32;4400;522;32;4412
522;32;4412;522;32;4400
522;32;606;522;32;3586
522;32;3586;522;32;606
522;32;200;522;32;871
522;32;871;522;32;917
522;32;917;522;32;3593
522;32;3593;522;32;200
522;32;3594;522;32;3733
522;32;3733;522;32;3594
522;32;4314;522;32;4871
522;32;4871;522;32;4314
522;32;3538;522;32;3551
522;32;3551;522;32;3538
522;32;202;522;32;1104
522;32;1104;522;32;202
522;32;3534;522;32;3536
522;32;3536;522;32;3534
522;32;3537;522;32;3547
522;32;3547;522;32;3537
522;32;3001;522;32;3011
522;32;3011;522;32;3001
522;32;3005;522;32;3009
522;32;3009;522;32;3005
522;32;3512;522;32;4741
522;32;4741;522;32;3512
522;32;4265;522;32;4289
522;32;4289;522;32;4265
522;32;4274;522;32;4290
522;32;4290;522;32;4274
522;32;4282;522;32;4291
522;32;4291;522;32;4282
522;32;4283;522;32;4285
522;32;4285;522;32;4287
522;32;4287;522;32;4283
522;32;5074;522;32;5075
522;32;5075;522;32;5074
522;32;4132;522;32;4261
522;32;4261;522;32;4132
522;32;4133;522;32;4270
522;32;4270;522;32;4133
522;32;4134;522;32;4279
522;32;4279;522;32;4134
522;32;54;522;32;559
522;32;559;522;32;818
522;32;818;522;32;924
522;32;924;522;32;4752
522;32;4752;522;32;4754
522;32;4754;522;32;54
522;32;886;522;32;4755
522;32;4755;522;32;886
522;32;883;522;32;4756
522;32;4756;522;32;883
522;32;2617;522;32;2627
522;32;2627;522;32;2631
522;32;2631;522;32;2617
522;32;2609;522;32;2613
522;32;2613;522;32;2625
522;32;2625;522;32;2633
522;32;2633;522;32;2639
522;32;2639;522;32;3123
522;32;3123;522;32;3125
522;32;3125;522;32;2609
522;32;123;522;32;806
522;32;806;522;32;925
522;32;925;522;32;1278
522;32;1278;522;32;1345
522;32;1345;522;32;123
522;32;2509;522;32;2511
522;32;2511;522;32;2509
522;32;2507;522;32;2527
522;32;2527;522;32;2507
522;32;2495;522;32;2517
522;32;2517;522;32;2495
522;32;2611;522;32;2615
522;32;2615;522;32;2611
522;32;1619;522;32;4748
522;32;4748;522;32;1619
522;32;480;522;32;4750
522;32;4750;522;32;5109
522;32;5109;522;32;480
522;32;2497;522;32;2513
522;32;2513;522;32;2497
522;32;2493;522;32;2523
522;32;2523;522;32;2493
522;32;2505;522;32;2525
522;32;2525;522;32;2505
522;32;2763;522;32;2767
522;32;2767;522;32;2763
522;32;2755;522;32;2771
522;32;2771;522;32;2777
522;32;2777;522;32;2755
522;32;679;522;32;755
522;32;755;522;32;926
522;32;926;522;32;5028
522;32;5028;522;32;679
522;32;2757;522;32;2759
522;32;2759;522;32;2765
522;32;2765;522;32;2773
522;32;2773;522;32;2757
522;32;680;522;32;1439
522;32;1439;522;32;680
522;32;353;522;32;683
522;32;683;522;32;1277
522;32;1277;522;32;4816
522;32;4816;522;32;353
522;32;2619;522;32;2621
522;32;2621;522;32;2629
522;32;2629;522;32;2619
522;32;2761;522;32;2769
522;32;2769;522;32;2775
522;32;2775;522;32;2761
522;32;2623;522;32;2635
522;32;2635;522;32;2637
522;32;2637;522;32;2623
522;32;5078;522;32;5080
522;32;5080;522;32;5078
522;32;4375;522;32;4395
522;32;4395;522;32;4375
522;32;150;522;32;3976
522;32;3976;522;32;150
522;32;41;522;32;698
522;32;698;522;32;847
522;32;847;522;32;1625
522;32;1625;522;32;41
522;32;2861;522;32;2863
522;32;2863;522;32;2861
522;32;1807;522;32;1989
522;32;1989;522;32;1807
522;32;363;522;32;1497
522;32;1497;522;32;1499
522;32;1499;522;32;363
522;32;5275;522;32;5277
522;32;5277;522;32;5275
522;32;887;522;32;889
522;32;889;522;32;887
522;32;11;522;32;890
522;32;890;522;32;11
522;32;4553;522;32;4557
522;32;4557;522;32;4553
522;32;2481;522;32;2491
522;32;2491;522;32;2481
522;32;2485;522;32;2487
522;32;2487;522;32;2485
522;32;2483;522;32;2489
522;32;2489;522;32;2483
522;32;4391;522;32;4409
522;32;4409;522;32;4411
522;32;4411;522;32;4391
522;32;3425;522;32;3427
522;32;3427;522;32;3425
522;32;4018;522;32;4727
522;32;4727;522;32;4018
522;32;4015;522;32;5106
522;32;5106;522;32;4015
522;32;4017;522;32;4030
522;32;4030;522;32;4017
522;32;4379;522;32;4407
522;32;4407;522;32;4379
522;32;4385;522;32;4408
522;32;4408;522;32;4385
522;32;5134;522;32;5136
522;32;5136;522;32;5134
522;32;3221;522;32;3223
522;32;3223;522;32;3221
522;32;3093;522;32;3095
522;32;3095;522;32;3093
522;32;3089;522;32;3091
522;32;3091;522;32;3089
522;32;1969;522;32;1981
522;32;1981;522;32;1969
522;32;1970;522;32;1984
522;32;1984;522;32;1970
522;32;1438;522;32;1442
522;32;1442;522;32;2172
522;32;2172;522;32;2174
522;32;2174;522;32;1438
522;32;747;522;32;2176
522;32;2176;522;32;747
522;32;464;522;32;2177
522;32;2177;522;32;2179
522;32;2179;522;32;464
522;32;4611;522;32;4613
522;32;4613;522;32;4611
522;32;5126;522;32;5132
522;32;5132;522;32;5126
522;32;5124;522;32;5128
522;32;5128;522;32;5124
522;32;3819;522;32;3828
522;32;3828;522;32;3819
522;32;594;522;32;828
522;32;828;522;32;594
522;32;767;522;32;5298
522;32;5298;522;32;767
522;32;3505;522;32;3600
522;32;3600;522;32;3505
522;32;3490;522;32;3598
522;32;3598;522;32;3490
522;32;1025;522;32;1027
522;32;1027;522;32;1464
522;32;1464;522;32;4823
522;32;4823;522;32;1025
522;32;1460;522;32;1466
522;32;1466;522;32;3698
522;32;3698;522;32;1460
522;32;3305;522;32;4814
522;32;4814;522;32;3305
522;32;3281;522;32;3306
522;32;3306;522;32;3281
522;32;807;522;32;3307
522;32;3307;522;32;807
522;32;3973;522;32;3977
522;32;3977;522;32;3973
522;32;1482;522;32;3315
522;32;3315;522;32;1482
522;32;2375;522;32;2391
522;32;2391;522;32;2375
522;32;73;522;32;3952
522;32;3952;522;32;3954
522;32;3954;522;32;73
522;32;1415;522;32;2040
522;32;2040;522;32;1415
522;32;1416;522;32;2042
522;32;2042;522;32;1416
522;32;5316;522;32;5318
522;32;5318;522;32;5316
522;32;1158;522;32;3966
522;32;3966;522;32;1158
522;32;705;522;32;707
522;32;707;522;32;1514
522;32;1514;522;32;1516
522;32;1516;522;32;705
522;32;4226;522;32;4234
522;32;4234;522;32;4226
522;32;1566;522;32;4233
522;32;4233;522;32;1566
522;32;3639;522;32;3662
522;32;3662;522;32;3639
522;32;1167;522;32;1188
522;32;1188;522;32;1167
522;32;4153;522;32;4155
522;32;4155;522;32;4153
522;32;1852;522;32;2039
522;32;2039;522;32;1852
522;32;1417;522;32;5320
522;32;5320;522;32;1417
522;32;118;522;32;142
522;32;142;522;32;769
522;32;769;522;32;1418
522;32;1418;522;32;118
522;32;3049;522;32;3069
522;32;3069;522;32;3049
522;32;3057;522;32;3059
522;32;3059;522;32;3057
522;32;1795;522;32;1847
522;32;1847;522;32;1795
522;32;3047;522;32;3071
522;32;3071;522;32;3047
522;32;3041;522;32;3075
522;32;3075;522;32;3041
522;32;3043;522;32;3073
522;32;3073;522;32;3043
522;32;5100;522;32;5102
522;32;5102;522;32;5100
522;32;3348;522;32;3350
522;32;3350;522;32;3348
522;32;5159;522;32;5161
522;32;5161;522;32;5159
522;32;2141;522;32;2143
522;32;2143;522;32;2141
522;32;1024;522;32;3694
522;32;3694;522;32;4822
522;32;4822;522;32;1024
522;32;1066;522;32;3695
522;32;3695;522;32;1066
522;32;43;522;32;785
522;32;785;522;32;4021
522;32;4021;522;32;5090
522;32;5090;522;32;43
522;32;217;522;32;306
522;32;306;522;32;217
522;32;4964;522;32;4979
522;32;4979;522;32;4964
522;32;2925;522;32;2927
522;32;2927;522;32;2925
522;32;1206;522;32;1589
522;32;1589;522;32;1206
522;32;512;522;32;1590
522;32;1590;522;32;512
522;32;636;522;32;1205
522;32;1205;522;32;1667
522;32;1667;522;32;3949
522;32;3949;522;32;636
522;32;509;522;32;511
522;32;511;522;32;637
522;32;637;522;32;509
522;32;119;522;32;136
522;32;136;522;32;119
522;32;325;522;32;928
522;32;928;522;32;3224
522;32;3224;522;32;325
522;32;458;522;32;3951
522;32;3951;522;32;458
522;32;664;522;32;1117
522;32;1117;522;32;664
522;32;362;522;32;428
522;32;428;522;32;1118
522;32;1118;522;32;362
522;32;3720;522;32;3742
522;32;3742;522;32;3720
522;32;1868;522;32;1870
522;32;1870;522;32;1873
522;32;1873;522;32;1868
522;32;1880;522;32;1964
522;32;1964;522;32;1966
522;32;1966;522;32;1880
522;32;1874;522;32;1876
522;32;1876;522;32;1949
522;32;1949;522;32;1951
522;32;1951;522;32;1874
522;32;1941;522;32;1943
522;32;1943;522;32;1948
522;32;1948;522;32;5094
522;32;5094;522;32;1941
522;32;35;522;32;95
522;32;95;522;32;853
522;32;853;522;32;5222
522;32;5222;522;32;35
522;32;42;522;32;861
522;32;861;522;32;42
522;32;814;522;32;1242
522;32;1242;522;32;814
522;32;56;522;32;564
522;32;564;522;32;822
522;32;822;522;32;964
522;32;964;522;32;56
522;32;2549;522;32;3145
522;32;3145;522;32;2549
522;32;823;522;32;1425
522;32;1425;522;32;823
522;32;356;522;32;572
522;32;572;522;32;851
522;32;851;522;32;356
522;32;615;522;32;852
522;32;852;522;32;1287
522;32;1287;522;32;615
522;32;625;522;32;848
522;32;848;522;32;4164
522;32;4164;522;32;625
522;32;2503;522;32;2515
522;32;2515;522;32;2503
522;32;2499;522;32;2521
522;32;2521;522;32;2499
522;32;2501;522;32;2519
522;32;2519;522;32;2501
522;32;2557;522;32;2559
522;32;2559;522;32;2561
522;32;2561;522;32;2557
522;32;2545;522;32;2547
522;32;2547;522;32;2545
522;32;2551;522;32;2563
522;32;2563;522;32;2551
522;32;731;522;32;1542
522;32;1542;522;32;731
522;32;4157;522;32;4159
522;32;4159;522;32;4157
522;32;1785;522;32;1945
522;32;1945;522;32;1963
522;32;1963;522;32;1785
522;32;685;522;32;759
522;32;759;522;32;685
522;32;3025;522;32;3029
522;32;3029;522;32;3035
522;32;3035;522;32;3135
522;32;3135;522;32;3025
522;32;3015;522;32;3027
522;32;3027;522;32;3031
522;32;3031;522;32;3015
522;32;1858;522;32;1860
522;32;1860;522;32;1858
522;32;1455;522;32;1462
522;32;1462;522;32;3702
522;32;3702;522;32;1455
522;32;3704;522;32;3709
522;32;3709;522;32;3704
522;32;3699;522;32;3707
522;32;3707;522;32;3699
522;32;1069;522;32;3708
522;32;3708;522;32;1069
522;32;1068;522;32;1461
522;32;1461;522;32;1068
522;32;1067;522;32;3697
522;32;3697;522;32;1067
522;32;2835;522;32;2837
522;32;2837;522;32;2841
522;32;2841;522;32;2857
522;32;2857;522;32;3131
522;32;3131;522;32;2835
522;32;4820;522;32;5237
522;32;5237;522;32;4820
522;32;2180;522;32;3276
522;32;3276;522;32;2180
522;32;3127;522;32;3143
522;32;3143;522;32;3127
522;32;3101;522;32;3103
522;32;3103;522;32;3105
522;32;3105;522;32;3107
522;32;3107;522;32;3101
522;32;59;522;32;3269
522;32;3269;522;32;3271
522;32;3271;522;32;59
522;32;3606;522;32;4950
522;32;4950;522;32;3606
522;32;2691;522;32;2693
522;32;2693;522;32;2691
522;32;2929;522;32;2955
522;32;2955;522;32;2929
522;32;3673;522;32;3678
522;32;3678;522;32;3673
522;32;565;522;32;567
522;32;567;522;32;570
522;32;570;522;32;1105
522;32;1105;522;32;3675
522;32;3675;522;32;565
522;32;1166;522;32;1299
522;32;1299;522;32;1301
522;32;1301;522;32;1166
522;32;4437;522;32;4439
522;32;4439;522;32;4437
522;32;332;522;32;662
522;32;662;522;32;332
522;32;4167;522;32;4169
522;32;4169;522;32;4167
522;32;4520;522;32;4522
522;32;4522;522;32;4520
522;32;4160;522;32;4163
522;32;4163;522;32;4160
522;32;103;522;32;293
522;32;293;522;32;919
522;32;919;522;32;1099
522;32;1099;522;32;103
522;32;104;522;32;354
522;32;354;522;32;610
522;32;610;522;32;798
522;32;798;522;32;104
522;32;97;522;32;105
522;32;105;522;32;796
522;32;796;522;32;5226
522;32;5226;522;32;97
522;32;810;522;32;1229
522;32;1229;522;32;810
522;32;125;522;32;563
522;32;563;522;32;656
522;32;656;522;32;802
522;32;802;522;32;125
522;32;2681;522;32;2683
522;32;2683;522;32;2685
522;32;2685;522;32;2687
522;32;2687;522;32;2681
522;32;2725;522;32;2743
522;32;2743;522;32;2725
522;32;2671;522;32;2675
522;32;2675;522;32;2671
522;32;617;522;32;797
522;32;797;522;32;617
522;32;789;522;32;1562
522;32;1562;522;32;1564
522;32;1564;522;32;4810
522;32;4810;522;32;789
522;32;771;522;32;3814
522;32;3814;522;32;771
522;32;2667;522;32;2669
522;32;2669;522;32;2673
522;32;2673;522;32;2677
522;32;2677;522;32;2667
522;32;640;522;32;974
522;32;974;522;32;640
522;32;642;522;32;3719
522;32;3719;522;32;642
522;32;4806;522;32;4808
522;32;4808;522;32;4806
522;32;1561;522;32;4809
522;32;4809;522;32;1561
522;32;424;522;32;628
522;32;628;522;32;5107
522;32;5107;522;32;424
522;32;1973;522;32;1985
522;32;1985;522;32;1973
522;32;1977;522;32;1986
522;32;1986;522;32;1977
522;32;1199;522;32;1665
522;32;1665;522;32;1199
522;32;3272;522;32;3275
522;32;3275;522;32;3272
522;32;4589;522;32;4591
522;32;4591;522;32;4589
522;32;5172;522;32;5174
522;32;5174;522;32;5172
522;32;1169;522;32;1392
522;32;1392;522;32;1169
522;32;1890;522;32;4436
522;32;4436;522;32;1890
522;32;4372;522;32;4377
522;32;4377;522;32;4372
522;32;1838;522;32;1840
522;32;1840;522;32;2021
522;32;2021;522;32;1838
522;32;5129;522;32;5131
522;32;5131;522;32;5129
522;32;1100;522;32;1358
522;32;1358;522;32;3734
522;32;3734;522;32;1100
522;32;868;522;32;921
522;32;921;522;32;868
522;32;219;522;32;922
522;32;922;522;32;4821
522;32;4821;522;32;219
522;32;2849;522;32;2853
522;32;2853;522;32;2849
522;32;2855;522;32;2859
522;32;2859;522;32;2855
522;32;2839;522;32;2843
522;32;2843;522;32;2845
522;32;2845;522;32;2847
522;32;2847;522;32;2851
522;32;2851;522;32;2839
522;32;443;522;32;720
522;32;720;522;32;443
522;32;1792;522;32;4277
522;32;4277;522;32;1792
522;32;4266;522;32;4286
522;32;4286;522;32;4266
522;32;571;522;32;574
522;32;574;522;32;1426
522;32;1426;522;32;571
522;32;654;522;32;757
522;32;757;522;32;654
522;32;857;522;32;3746
522;32;3746;522;32;857
522;32;2931;522;32;2933
522;32;2933;522;32;2931
522;32;2817;522;32;2823
522;32;2823;522;32;2817
522;32;2897;522;32;2899
522;32;2899;522;32;2901
522;32;2901;522;32;2897
522;32;2889;522;32;2913
522;32;2913;522;32;2889
522;32;2891;522;32;2911
522;32;2911;522;32;2891
522;32;3097;522;32;3099
522;32;3099;522;32;3097
522;32;3055;522;32;3063
522;32;3063;522;32;3055
522;32;3045;522;32;3061
522;32;3061;522;32;3045
522;32;3051;522;32;3067
522;32;3067;522;32;3051
522;32;3053;522;32;3065
522;32;3065;522;32;3053
522;32;2831;522;32;2833
522;32;2833;522;32;2831
522;32;2807;522;32;2813
522;32;2813;522;32;2807
522;32;2815;522;32;2825
522;32;2825;522;32;2827
522;32;2827;522;32;2815
522;32;2937;522;32;2947
522;32;2947;522;32;2937
522;32;3109;522;32;3111
522;32;3111;522;32;3113
522;32;3113;522;32;3115
522;32;3115;522;32;3109
522;32;2809;522;32;2811
522;32;2811;522;32;2809
522;32;3117;522;32;3119
522;32;3119;522;32;3121
522;32;3121;522;32;3117
522;32;2819;522;32;2821
522;32;2821;522;32;2829
522;32;2829;522;32;2819
522;32;270;522;32;542
522;32;542;522;32;270
522;32;3631;522;32;3633
522;32;3633;522;32;3631
522;32;3615;522;32;3634
522;32;3634;522;32;3615
522;32;719;522;32;1621
522;32;1621;522;32;719
522;32;1802;522;32;3824
522;32;3824;522;32;1802
522;32;3822;522;32;3863
522;32;3863;522;32;3822
522;32;3823;522;32;3870
522;32;3870;522;32;3823
522;32;3717;522;32;4339
522;32;4339;522;32;3717
522;32;94;522;32;577
522;32;577;522;32;5219
522;32;5219;522;32;5221
522;32;5221;522;32;94
522;32;218;522;32;1662
522;32;1662;522;32;218
522;32;380;522;32;442
522;32;442;522;32;717
522;32;717;522;32;380
522;32;3692;522;32;4782
522;32;4782;522;32;3692
522;32;3687;522;32;3689
522;32;3689;522;32;3687
522;32;736;522;32;3690
522;32;3690;522;32;736
522;32;4267;522;32;4318
522;32;4318;522;32;4267
522;32;3316;522;32;3319
522;32;3319;522;32;3316
522;32;3322;522;32;3747
522;32;3747;522;32;3322
522;32;3323;522;32;3728
522;32;3728;522;32;3323
522;32;3327;522;32;3745
522;32;3745;522;32;3327
522;32;3815;522;32;3827
522;32;3827;522;32;3815
522;32;503;522;32;4813
522;32;4813;522;32;503
522;32;4110;522;32;4112
522;32;4112;522;32;4947
522;32;4947;522;32;4110
522;32;4113;522;32;4115
522;32;4115;522;32;4113
522;32;1080;522;32;1624
522;32;1624;522;32;1080
522;32;1899;522;32;1901
522;32;1901;522;32;4582
522;32;4582;522;32;4584
522;32;4584;522;32;1899
522;32;377;522;32;578
522;32;578;522;32;1554
522;32;1554;522;32;377
522;32;613;522;32;1065
522;32;1065;522;32;613
522;32;321;522;32;455
522;32;455;522;32;534
522;32;534;522;32;5231
522;32;5231;522;32;321
522;32;3740;522;32;4827
522;32;4827;522;32;3740
522;32;3724;522;32;4819
522;32;4819;522;32;3724
522;32;4716;522;32;4718
522;32;4718;522;32;4716
522;32;4720;522;32;4722
522;32;4722;522;32;4720
522;32;3780;522;32;3782
522;32;3782;522;32;3780
522;32;4713;522;32;4715
522;32;4715;522;32;4713
522;32;3777;522;32;3779
522;32;3779;522;32;3777
522;32;704;522;32;1707
522;32;1707;522;32;4709
522;32;4709;522;32;4711
522;32;4711;522;32;704
522;32;3770;522;32;3772
522;32;3772;522;32;3770
522;32;607;522;32;616
522;32;616;522;32;607
522;32;368;522;32;374
522;32;374;522;32;368
522;32;367;522;32;1507
522;32;1507;522;32;367
522;32;4355;522;32;4367
522;32;4367;522;32;4355
522;32;3402;522;32;3404
522;32;3404;522;32;3402
522;32;3737;522;32;3739
522;32;3739;522;32;3737
