CID;LID;NID;NAME;NCOMMENT
522;1;1;亚洲;
522;1;2;中国;
522;1;1311;北京;
522;1;3;北京市;
522;1;3240;３０２市道;
522;1;1655;黄马路;
522;1;1662;西环南路;
522;1;1673;西店;
522;1;1286;京哈高速公路;
522;1;915;四方桥;
522;1;916;五方桥;
522;1;3421;厚金路;
522;1;1284;高碑店路;
522;1;1541;京密路;
522;1;1036;三元桥;
522;1;1581;Ｙ１０５;
522;1;1037;四元桥;
522;1;1038;广顺南大街;
522;1;1341;酒仙桥北路;
522;1;1040;五元桥;
522;1;1313;首都机场高速公路;
522;1;2190;京平高速公路;
522;1;1353;天北路;
522;1;1494;顺平路;
522;1;990;六环;
522;1;1496;顺沙路;
522;1;1538;白马路;
522;1;137;香河园路;
522;1;1033;东直门北大街;
522;1;586;新东路;
522;1;1366;九棵树东路;
522;1;1361;北苑南路;
522;1;1367;颐瑞中二路;
522;1;1491;张采路;
522;1;1369;京福路;
522;1;1980;青马路;
522;1;3607;西毓顺路;
522;1;1373;旧忠路;
522;1;179;永定门外大街;
522;1;341;木樨园桥;
522;1;2416;永定门东滨河路;
522;1;503;永定路;
522;1;91;莲石东路辅路;
522;1;1083;田村路;
522;1;1799;北太平路;
522;1;1287;复兴路;
522;1;2702;阜石路;
522;1;1331;卢沟桥南路;
522;1;3278;大灰厂东路;
522;1;1223;京港澳高速公路;
522;1;1131;五环;
522;1;1759;Ｇ１０８;
522;1;3178;京昆路;
522;1;702;京原路;
522;1;1088;石景山路;
522;1;1779;Ｘ０１９;
522;1;1780;莲石西路;
522;1;1781;芦井路;
522;1;3545;白庙;
522;1;1757;卢沟桥北路;
522;1;1783;石景山区台京学校;
522;1;1309;莲石东路;
522;1;108;鲁谷路;
522;1;1769;Ｇ１０９;
522;1;1788;上苇甸路;
522;1;1770;三家店东街;
522;1;1587;军温路;
522;1;1775;金顶西街;
522;1;1785;广宁路;
522;1;1773;金顶北路;
522;1;1771;石门路;
522;1;1772;黑石头路;
522;1;3489;Ｇ１辅路;
522;1;3164;垡头街;
522;1;3518;郎辛庄路;
522;1;162;化工路;
522;1;3422;影视城路;
522;1;909;宛平桥;
522;1;1575;琉陶路;
522;1;1576;窦店服务区;
522;1;3258;房窑路;
522;1;1578;京深路;
522;1;1579;大于路;
522;1;957;梨园桥;
522;1;956;阎村桥;
522;1;1328;拱辰北大街;
522;1;934;京良桥;
522;1;1330;周口店路;
522;1;24;京开高速公路;
522;1;1552;Ｇ１０６;
522;1;806;西红门南桥;
522;1;1553;大礼路收费站;
522;1;3423;大广高速公路;
522;1;1554;梨花桥收费站;
522;1;1555;薛营收费站;
522;1;1556;庞各庄收费站;
522;1;1557;三融收费站;
522;1;1558;天宫院收费站;
522;1;1421;服务区;
522;1;936;双源桥;
522;1;1474;海北路;
522;1;1559;金华寺收费站;
522;1;1324;金星桥;
522;1;7;京藏高速公路;
522;1;1497;德胜门桥（德胜门外大街）;
522;1;243;上清桥;
522;1;1842;新康路（德胜门外大街）;
522;1;801;马甸桥;
522;1;245;健翔桥;
522;1;1319;北沙滩桥;
522;1;1130;科荟路;
522;1;975;通顺路;
522;1;1683;京榆旧线;
522;1;3449;外环线;
522;1;1453;滨河北路;
522;1;1684;徐尹路;
522;1;3435;任李路;
522;1;1686;龙塘路;
522;1;1280;京津高速公路;
522;1;2007;小耕垡;
522;1;1990;牛堡屯跨渠桥;
522;1;1982;t马路;
522;1;1543;顺密路;
522;1;1745;左堤路;
522;1;938;滨河路;
522;1;1765;新桥南大街;
522;1;1767;城子大街;
522;1;1766;双峪路;
522;1;1665;东环南路;
522;1;1660;博兴路;
522;1;3316;同济南路;
522;1;1737;阎东路;
522;1;1233;京周路;
522;1;1741;辛北路;
522;1;1726;紫元立交桥;
522;1;1727;大件路;
522;1;1397;良坨路;
522;1;1762;石龙北路;
522;1;1764;冯石路;
522;1;1761;石龙南路;
522;1;1763;石龙西路;
522;1;1336;Ｓ２１０;
522;1;1809;温泉路;
522;1;1513;北安河路;
522;1;3314;航材大道;
522;1;1072;温阳路;
522;1;3313;白家疃路;
522;1;1818;沙阳路;
522;1;130;北清路;
522;1;3446;翠湖北路;
522;1;212;安四路;
522;1;2199;龙泉公墓;
522;1;1495;立汤路;
522;1;6;安立路;
522;1;1013;中东路;
522;1;1340;太平庄北街;
522;1;1015;七北路;
522;1;1016;定泗路;
522;1;1838;水库路;
522;1;1836;昌崔路;
522;1;3580;水库南路;
522;1;3389;Ｇ１１０辅线;
522;1;3562;上清桥（１１０辅线）;
522;1;1848;南羊路;
522;1;3563;永泰庄北路（１１０辅线）;
522;1;3564;小营西路（１１０辅线）;
522;1;3565;中东路（１１０辅线）;
522;1;3566;建材城西路（１１０辅线）;
522;1;3567;西二旗北路（１１０辅线）;
522;1;3568;同成街（１１０辅线）;
522;1;3569;回龙观西大街（Ｇ６辅路）;
522;1;3571;牛北路（Ｇ６辅路）;
522;1;3572;定泗路（Ｇ６辅路）;
522;1;3573;沙阳路（Ｇ６辅路）;
522;1;3574;百沙路（Ｇ６辅路）;
522;1;1499;白浮泉路;
522;1;1830;南环西路;
522;1;1841;京银路;
522;1;1820;温南路;
522;1;1821;水南路;
522;1;1832;南环路;
522;1;1831;西环路;
522;1;1833;东环路;
522;1;2179;宋梁路;
522;1;3191;京塘路;
522;1;2180;通胡路;
522;1;944;通燕高速公路;
522;1;1603;Ｙ５６１;
522;1;1069;机场北线高速公路;
522;1;3297;法信府前街;
522;1;3281;机场东路;
522;1;1601;光明南街;
522;1;1602;右堤路;
522;1;165;京良路;
522;1;1422;京开路;
522;1;3199;长周路;
522;1;3461;Ｘ０４０;
522;1;1219;芦求北路;
522;1;1220;樊羊路;
522;1;1221;欣宁街;
522;1;1736;顾八路;
522;1;1723;大窦路;
522;1;1582;月华大街;
522;1;1584;京港澳高速公路（京周路）;
522;1;3323;昊天大街;
522;1;1701;黄良路;
522;1;3322;良坨大街;
522;1;3273;月华大街（良坨大街）;
522;1;1725;阎吕路;
522;1;3298;顺西路（西外街）;
522;1;3447;百葛路;
522;1;1329;百沙路;
522;1;979;火寺路;
522;1;1827;西外街;
522;1;1823;顺西路;
522;1;1825;站前北街;
522;1;3462;Ｇ６辅路;
522;1;993;上庄路;
522;1;1732;良三路;
522;1;1225;长青路;
522;1;3378;贺照云;
522;1;2274;长杨路;
522;1;1728;良常路;
522;1;3463;提香草堂;
522;1;1588;铺大路;
522;1;1995;潞西路;
522;1;1364;九棵树西路;
522;1;1999;张台路;
522;1;1768;水闸北路;
522;1;1675;通马路;
522;1;1988;九德路;
522;1;3182;垛子村;
522;1;3528;富壁路;
522;1;1078;建国路;
522;1;3551;新建村;
522;1;1682;新华北路;
522;1;2181;芙蓉东路;
522;1;2184;潞邑西路;
522;1;1850;Ｘ０１４;
522;1;1354;Ｘ０２５;
522;1;2005;奥申博;
522;1;3324;台湖大街;
522;1;2003;东下营;
522;1;2139;顺于路;
522;1;3299;Ｙ８１４;
522;1;1334;Ｘ０２０;
522;1;2117;回南路;
522;1;1009;黄平路;
522;1;1994;马大路;
522;1;3287;大杜社小学;
522;1;3393;昌平区七里渠中心小学;
522;1;3531;京包路;
522;1;1810;稻香湖路;
522;1;994;永澄北路;
522;1;995;永翔北路;
522;1;996;永丰路;
522;1;997;永嘉北路;
522;1;998;永泽北路;
522;1;999;友谊路;
522;1;3465;顺义区后沙峪镇政府;
522;1;2110;龙禧二街;
522;1;2115;百嘉城;
522;1;2106;文华路;
522;1;1003;育知路;
522;1;1004;育知东路;
522;1;1502;京新高速公路;
522;1;2191;平沿路;
522;1;2159;顺平辅线;
522;1;2099;Ｙ４０４;
522;1;3363;店上;
522;1;3303;太平庄中街;
522;1;2101;单家村;
522;1;2053;青年路;
522;1;11;朝阳路;
522;1;1143;姚家园路;
522;1;10;朝阳北路;
522;1;456;安德路;
522;1;1318;德胜门外大街;
522;1;5;安定门外大街;
522;1;36;鼓楼外大街;
522;1;51;安定路;
522;1;3468;北三环东路;
522;1;421;安慧桥;
522;1;519;健安东路;
522;1;420;北土城东路;
522;1;520;安苑路;
522;1;2204;安定门东大街;
522;1;4;安定门内大街;
522;1;208;和平里西街;
522;1;1140;和平里东街;
522;1;239;交道口东大街;
522;1;488;国子监街;
522;1;347;安定门桥;
522;1;419;安贞桥;
522;1;489;青年沟路;
522;1;1458;安定门西大街;
522;1;1424;旧鼓楼大街;
522;1;1480;安乐林路;
522;1;200;蒲黄榆路;
522;1;1481;景泰路;
522;1;375;慧忠路;
522;1;1129;大屯路;
522;1;1529;来广营西路;
522;1;2251;清林路;
522;1;1391;安宁庄东路;
522;1;1388;小营西路;
522;1;1915;安宁庄路;
522;1;1389;上地东路;
522;1;1337;１１０辅线;
522;1;1390;安宁庄西路;
522;1;1917;西二旗中路;
522;1;1403;安翔北路;
522;1;1118;昌平路;
522;1;1120;北辰西路;
522;1;1242;惠新东街;
522;1;1239;北苑路;
522;1;1241;惠新西街;
522;1;2034;奥林东路;
522;1;2888;奥林西路;
522;1;2796;五环内圈;
522;1;2898;五环内圈奥林西路入口匝道;
522;1;2032;奥体中路;
522;1;35;北辰路;
522;1;3338;八大处路;
522;1;3334;苹果园南路;
522;1;1080;香山南路;
522;1;1790;永引渠南路;
522;1;3332;八角西街;
522;1;3333;八角北路;
522;1;1876;巴沟路;
522;1;26;蓝靛厂北路;
522;1;599;万泉河路;
522;1;1875;万柳中路;
522;1;1828;昌盛路;
522;1;3478;温北路;
522;1;1691;顺安南路;
522;1;2027;白桥大街;
522;1;60;广渠门内大街;
522;1;2028;广渠门北里;
522;1;1444;东花市大街;
522;1;2229;白云观街;
522;1;1203;莲花池东路;
522;1;2227;广安门北滨河路;
522;1;1204;白云观街北里;
522;1;1205;复兴门外大街;
522;1;164;白云路;
522;1;3469;真武庙路四条;
522;1;1935;白纸坊东街;
522;1;98;右安门内大街;
522;1;190;菜市口大街;
522;1;1896;白纸坊西街;
522;1;1404;广安门南街;
522;1;1895;南菜园街;
522;1;1904;百万庄大街;
522;1;435;三里河路;
522;1;1912;阜成门北大街;
522;1;293;展览馆路;
522;1;1903;北礼士路;
522;1;2050;百子湾路;
522;1;1144;东三环中路辅路;
522;1;3470;广百中路;
522;1;544;西大望路;
522;1;1442;东四环中路辅路;
522;1;2051;石门东路;
522;1;1869;板井路;
522;1;1378;西四环北路辅路;
522;1;711;紫竹院路;
522;1;1870;远大中路;
522;1;3471;正福寺路;
522;1;3160;梆子井北路;
522;1;1855;东管头街;
522;1;2492;菜户营南路;
522;1;1812;聂各庄路;
522;1;2011;北长街;
522;1;2010;西华门大街;
522;1;1298;景山前街;
522;1;1123;北辰东路;
522;1;399;北四环中路辅路;
522;1;928;安华桥;
522;1;333;北辰桥;
522;1;2659;四环外圈;
522;1;2735;四环外圈北辰西路入口匝道;
522;1;1125;北土城西路;
522;1;1126;民族园路;
522;1;3186;国家体育场北路;
522;1;2013;北池子大街;
522;1;1147;东华门大街;
522;1;1148;五四大街;
522;1;110;北蜂窝路;
522;1;874;北蜂窝中路;
522;1;875;会城门东路;
522;1;155;北河沿大街;
522;1;1149;地安门东大街;
522;1;3480;北湖渠路;
522;1;1053;北四环东路辅路;
522;1;2044;姜庄路;
522;1;700;辛店路;
522;1;2080;来广营新北路;
522;1;3145;高润高尔夫俱乐部;
522;1;1445;北花市大街;
522;1;187;崇文门东大街;
522;1;1669;北环东路;
522;1;1668;荣华中路;
522;1;1693;东环北路;
522;1;1697;北环西路;
522;1;1696;西环北路;
522;1;1857;北京西站南路;
522;1;64;广安路;
522;1;1859;广莲路;
522;1;1206;丽泽路;
522;1;3144;中铁工程大厦;
522;1;1858;马连道南街;
522;1;1351;北京站东街;
522;1;8;北京站街;
522;1;1111;二环;
522;1;1443;北京站西街;
522;1;175;建国门内大街;
522;1;21;阜成门外大街;
522;1;638;西直门外大街;
522;1;3549;富通大厦;
522;1;16;车公庄大街;
522;1;1907;西直门外南路;
522;1;445;玉泉路;
522;1;1248;西四环中路辅路;
522;1;198;北太平庄路;
522;1;462;北三环中路辅路;
522;1;3190;太阳宫南街;
522;1;1238;安贞路;
522;1;1243;育慧南路;
522;1;615;学院路;
522;1;616;花园路;
522;1;1522;北洼路;
522;1;19;阜成路;
522;1;1376;玲珑路;
522;1;1407;北纬路;
522;1;1406;虎坊路;
522;1;1183;天桥南大街;
522;1;2719;北坞村路;
522;1;2649;四环内圈;
522;1;2720;四环内圈北坞村路入口匝道;
522;1;1253;四环;
522;1;1400;玉泉山路;
522;1;1085;闵庄路;
522;1;1899;北线阁街;
522;1;678;广安门内大街;
522;1;1900;核桃园东街;
522;1;1231;北辛安路;
522;1;376;北新华街;
522;1;185;前门西大街;
522;1;553;西长安街;
522;1;3071;北兴路;
522;1;3073;五环内圈北兴路入口匝道;
522;1;2798;五环外圈;
522;1;3074;五环外圈北兴路入口匝道;
522;1;3250;兴旺路;
522;1;1638;兴华大街;
522;1;2906;北苑东路;
522;1;2910;五环内圈匝道;
522;1;2911;五环内圈匝道北苑东路入口匝道;
522;1;3473;广来路;
522;1;1010;红军营南路;
522;1;2908;北苑东路西侧;
522;1;3135;五环外圈北苑东路西侧入口匝道;
522;1;2903;五环外圈北苑路入口匝道;
522;1;1011;春华路;
522;1;1054;新华西街;
522;1;1335;京通快速公路;
522;1;1362;翠屏西路;
522;1;1363;通朝大街;
522;1;1412;辟才胡同;
522;1;143;太平桥大街;
522;1;192;西单北大街;
522;1;1681;新华东街;
522;1;2176;滨河南路;
522;1;3474;潞阳桥西路;
522;1;1456;滨河中路;
522;1;2177;通胡大街;
522;1;1457;运河东大街;
522;1;2030;冰窖口胡同;
522;1;197;新街口外大街;
522;1;93;博大路;
522;1;663;东马路;
522;1;1460;南四环东路辅路;
522;1;1515;红坊路;
522;1;3391;大兴太和中学;
522;1;3192;泰河路;
522;1;3520;采后路;
522;1;1993;福源路;
522;1;3519;三支路;
522;1;104;彩和坊路;
522;1;687;海淀南路;
522;1;1464;北四环西路辅路;
522;1;2306;二环外圈;
522;1;2493;二环外圈菜户营南路入口匝道;
522;1;248;玉泉营桥;
522;1;249;菜户营桥;
522;1;2499;菜户营南路东侧;
522;1;2501;菜户营南路东侧丽泽路出口匝道;
522;1;2456;右安门东滨河路;
522;1;550;骡马市大街;
522;1;549;南横东街;
522;1;2450;菜市口大街东侧;
522;1;2295;二环内圈;
522;1;2453;二环内圈菜市口大街东侧入口匝道;
522;1;2458;菜市口大街西侧;
522;1;2460;二环内圈菜市口大街西侧入口匝道;
522;1;1897;菜园街;
522;1;676;枣林前街;
522;1;1748;草桥东路;
522;1;1593;南四环中路辅路;
522;1;1484;南三环西路辅路;
522;1;1749;镇国寺北街;
522;1;3475;民族园西路;
522;1;1829;南环东路;
522;1;762;长春桥路;
522;1;27;蓝靛厂南路;
522;1;1379;西三环北路辅路;
522;1;100;长椿街;
522;1;679;宣武门西大街;
522;1;3555;南宫新苑小区;
522;1;3539;佃起村;
522;1;2021;朝外市场街;
522;1;2020;日坛北路;
522;1;15;朝阳门外大街;
522;1;134;东大桥路;
522;1;469;南三里屯路;
522;1;2057;东三环北路;
522;1;471;团结湖路;
522;1;472;金台西路;
522;1;473;水碓子东路;
522;1;260;金台路;
522;1;495;甜水园东街;
522;1;259;红领巾桥;
522;1;2054;十里堡路;
522;1;525;平房路;
522;1;1449;定福庄路;
522;1;3150;管庄路;
522;1;1450;东高路;
522;1;1451;物资学院路;
522;1;1536;朝阳公园路;
522;1;1257;朝阳公园南路;
522;1;96;亮马桥路;
522;1;1256;团结湖北五条;
522;1;1349;东四环北路辅路;
522;1;1259;甜水园街;
522;1;381;延静里中街;
522;1;1044;高碑店北路;
522;1;524;兴隆西街;
522;1;1198;三间房东路;
522;1;2130;双桥东路;
522;1;2206;朝阳门北大街;
522;1;71;工人体育场北路;
522;1;12;朝阳门北小街;
522;1;13;朝阳门内大街;
522;1;47;东四十条;
522;1;205;东四南大街;
522;1;1516;朝阳门桥;
522;1;2207;朝阳门南大街;
522;1;432;金宝街;
522;1;14;朝阳门南小街;
522;1;1441;东总布胡同;
522;1;3556;南竹杆胡同;
522;1;3200;吉市口东路;
522;1;2890;朝阳区奥运村乡人大;
522;1;2894;五环由朝阳区奥运村乡人大至奥林西路入口匝道;
522;1;1914;西直门南大街;
522;1;497;文兴东街;
522;1;52;车公庄西路;
522;1;437;紫竹院南路;
522;1;1910;首都体育馆南路;
522;1;2016;晨光街;
522;1;1151;霞公府街;
522;1;1155;东安门大街;
522;1;44;成府路;
522;1;387;中关村北大街;
522;1;516;清华南路;
522;1;388;中关村东路;
522;1;517;荷清路;
522;1;771;成寿寺路;
522;1;1447;南三环东路辅路;
522;1;3604;成寿寺中路;
522;1;3605;方庄南路;
522;1;3606;成仪路;
522;1;3603;横一条;
522;1;3500;城北街;
522;1;1471;程庄路;
522;1;1751;正阳大街;
522;1;1800;卢沟桥路;
522;1;1470;丰体南路;
522;1;2349;二环外圈崇文门东大街入口匝道;
522;1;546;崇文门内大街;
522;1;547;东便门桥;
522;1;202;崇文门外大街;
522;1;627;天坛路;
522;1;1518;西花市大街;
522;1;1428;崇文门西大街;
522;1;142;台基厂大街;
522;1;1816;宋家庄;
522;1;1350;翠微路;
522;1;888;万寿路;
522;1;886;万寿路东街;
522;1;887;玉渊潭南路;
522;1;883;莲花池西路;
522;1;884;太平东路;
522;1;1383;大成路;
522;1;147;小屯路;
522;1;1384;青塔西路;
522;1;3426;柏村;
522;1;924;来广营桥;
522;1;3427;榆垡南收费站;
522;1;3428;榆垡路;
522;1;2553;三环;
522;1;923;望和桥;
522;1;3416;偏桥收费站;
522;1;3429;京承路收费站;
522;1;925;黄港桥;
522;1;2257;小汤山服务区;
522;1;927;酸枣岭桥;
522;1;1539;Ｓ３３０;
522;1;1540;北台路;
522;1;3417;怀柔桥;
522;1;3430;Ｓ２２７;
522;1;2194;密三路;
522;1;3406;水辛路;
522;1;3407;辛沙路;
522;1;3418;Ｙ４０１;
522;1;3419;程各庄桥;
522;1;3410;沙太路;
522;1;3411;马北路;
522;1;3413;金山岭收费站;
522;1;3600;大红门路;
522;1;178;南苑路;
522;1;1462;南三环中路辅路;
522;1;3612;大红门东前街;
522;1;3544;南顶路;
522;1;3599;大红门西路;
522;1;73;马家堡东路;
522;1;3540;射击场路;
522;1;3541;张郭庄村;
522;1;3542;二七厂路;
522;1;3179;燕房路;
522;1;3141;前朱各庄;
522;1;3477;大窦路（旧）;
522;1;1294;大柳树路;
522;1;1295;大慧寺路;
522;1;402;学院南路;
522;1;3296;大鲁店北路;
522;1;3352;五环内圈大鲁店北路入口匝道;
522;1;1678;双桥西路;
522;1;2122;马家湾村;
522;1;2885;林萃路;
522;1;3342;大屯路隧道;
522;1;3343;科学园南里中街;
522;1;774;大羊坊路;
522;1;1348;东三环南路辅路;
522;1;1972;十八里店庄稼院生态园;
522;1;1973;东四环南路辅路;
522;1;1960;小武基路;
522;1;1957;周家庄路;
522;1;1333;吕营大街;
522;1;1978;大羊坊路至东南郊灌渠;
522;1;1971;东南郊灌渠;
522;1;1884;丹棱街;
522;1;600;苏州街;
522;1;602;中关村大街;
522;1;601;海淀中街;
522;1;3202;苏家坨;
522;1;1843;德胜门东大街;
522;1;149;德胜门内大街;
522;1;1109;地安门西大街;
522;1;1110;新街口东街;
522;1;802;德胜门桥;
522;1;1414;新康路;
522;1;457;黄寺大街;
522;1;3121;德胜门西大街;
522;1;3122;二环外圈德胜门西大街上匝道;
522;1;365;西直门桥;
522;1;3543;德贤路;
522;1;312;刘家窑桥;
522;1;1716;旧宫西路;
522;1;1425;地安门外大街;
522;1;413;美术馆后街;
522;1;37;地安门内大街;
522;1;338;景山后街;
522;1;1426;鼓楼东大街;
522;1;194;西四北大街;
522;1;3479;西黄城根北街;
522;1;521;前海西街;
522;1;1385;靛厂路;
522;1;53;万丰路;
522;1;3346;鼎成路东侧;
522;1;3345;五环内圈鼎成路东侧入口匝道;
522;1;2924;五环外圈匝道;
522;1;3347;五环外圈匝道鼎成路东侧入口匝道;
522;1;1949;定安路;
522;1;1950;刘家窑路;
522;1;156;南河沿大街;
522;1;494;王府井大街;
522;1;2967;东坝路;
522;1;2971;五环内圈东坝路入口匝道;
522;1;2968;五环外圈东坝路入口匝道;
522;1;1145;青年北路;
522;1;3481;楼梓庄路;
522;1;528;东五环;
522;1;2066;蒋台村路;
522;1;174;东长安街;
522;1;3207;广场西侧路;
522;1;3364;广场东侧路;
522;1;2012;南池子大街;
522;1;117;正义路;
522;1;1752;东大街;
522;1;74;丰台北路;
522;1;1207;丰管路;
522;1;1023;建国门外大街;
522;1;1024;光华路;
522;1;204;东单北大街;
522;1;1156;东单三条;
522;1;1153;校尉胡同;
522;1;1854;西三环南路辅路;
522;1;3394;万泉寺南里;
522;1;2029;北羊市口街;
522;1;539;南花市大街;
522;1;1667;荣京东街;
522;1;1671;文化园东路;
522;1;3445;京沪高速公路;
522;1;1664;荣昌东街;
522;1;3482;北堤中路;
522;1;1692;东环中路;
522;1;3483;东皇城根南街;
522;1;2015;亮果厂胡同;
522;1;3025;五环内圈东马路入口匝道;
522;1;733;小红门路;
522;1;1201;东渠路;
522;1;3557;旧宫桥;
522;1;92;三台山路;
522;1;1670;荣华北路;
522;1;1979;华凯苑;
522;1;1179;武基路;
522;1;1969;老君堂中路;
522;1;3484;嘉创路;
522;1;3486;经海一路;
522;1;3485;经海二路;
522;1;3487;大羊坊北桥;
522;1;1968;东渠路至老君堂中路;
522;1;206;东四北大街;
522;1;207;雍和宫大街;
522;1;3214;东四环南路辅路至十里河音乐幼儿园;
522;1;1976;十里河音乐幼儿园;
522;1;124;东四西大街;
522;1;708;灯市口大街;
522;1;408;东直门南小街;
522;1;3337;东土城路;
522;1;504;和平里北街;
522;1;3114;二环外圈东直门北大街上匝道;
522;1;70;东直门外大街;
522;1;17;东直门北小街;
522;1;1427;东直门内大街;
522;1;499;北新桥三条;
522;1;585;东直门桥;
522;1;2205;东直门南大街;
522;1;587;三里屯路;
522;1;1290;动物园路;
522;1;1292;高粱桥斜街;
522;1;1377;恩济西街;
522;1;196;新街口北大街;
522;1;349;东直门;
522;1;589;东四十条桥;
522;1;351;建国门桥;
522;1;353;广渠门桥;
522;1;354;光明桥;
522;1;355;左安门桥;
522;1;356;玉蜓桥;
522;1;357;永定门桥;
522;1;1190;陶然桥;
522;1;360;广安门桥;
522;1;361;天宁寺桥;
522;1;529;复兴门桥;
522;1;363;阜成门桥;
522;1;3398;长椿街西侧;
522;1;3399;长椿街西侧二环出口匝道;
522;1;3351;西直门外大街北侧;
522;1;3350;西直门外大街北侧二环入口匝道;
522;1;2496;菜户营南路西侧;
522;1;2503;菜户营南路西侧二环内圈入口匝道;
522;1;2451;二环内圈菜市口大街东侧出口匝道;
522;1;2459;二环内圈菜市口大街西侧出口匝道;
522;1;2348;二环内圈崇文门东大街出口匝道;
522;1;2314;德胜门外大街东侧;
522;1;2316;德胜门外大街东侧二环内圈入口匝道;
522;1;3120;二环内圈东直门北大街下匝道;
522;1;2374;光明桥北侧;
522;1;2376;二环内圈光明桥北侧出口匝道;
522;1;2377;光明桥南侧;
522;1;2382;二环内圈光明桥南侧出口匝道;
522;1;2515;广安门桥北侧;
522;1;2516;二环内圈广安门桥北侧出口匝道;
522;1;2511;广安门桥南侧;
522;1;2512;二环内圈广安门桥南侧出口匝道;
522;1;2351;二环内圈广渠门北里出口匝道;
522;1;2356;广渠门内大街北侧;
522;1;2357;二环内圈广渠门内大街北侧出口匝道;
522;1;2364;广渠门桥南侧;
522;1;2366;二环内圈广渠门桥南侧出口匝道;
522;1;2317;建国门桥北侧;
522;1;2322;二环内圈建国门桥北侧出口匝道;
522;1;2324;建国门桥南侧;
522;1;2328;二环内圈建国门桥南侧出口匝道;
522;1;2419;二环内圈景泰路下匝道;
522;1;2529;莲花池东路二环内圈入口匝道;
522;1;2532;莲花池东路北侧;
522;1;2533;莲花池东路北侧二环内圈入口匝道;
522;1;2530;莲花池东路南侧;
522;1;2531;莲花池东路南侧二环内圈入口匝道;
522;1;2435;陶然桥东侧;
522;1;2436;二环内圈陶然桥东侧出口匝道;
522;1;2440;陶然桥西侧;
522;1;2446;二环内圈陶然桥西侧出口匝道;
522;1;2331;通惠河北路高速公路１;
522;1;2332;二环内圈通惠河北路高速公路１出口匝道;
522;1;2333;通惠河北路高速公路２;
522;1;2334;二环内圈通惠河北路高速公路２出口匝道;
522;1;2335;通惠河北路高速公路３;
522;1;2336;二环内圈通惠河北路高速公路３出口匝道;
522;1;2337;通惠河北路高速公路４;
522;1;2338;二环内圈通惠河北路高速公路４出口匝道;
522;1;2343;通惠河北路高速公路南侧;
522;1;2344;通惠河北路高速公路南侧二环内圈出口匝道;
522;1;2352;通惠河北路高速公路西侧;
522;1;2353;二环内圈通惠河北路高速公路西侧入口匝道;
522;1;2298;西外大街北侧;
522;1;2299;西外大街北侧二环内圈入口匝道;
522;1;2504;鸭子桥路;
522;1;2505;二环内圈鸭子桥路下匝道;
522;1;2413;永定门东街;
522;1;2423;二环内圈永定门东街出口匝道;
522;1;2427;永定门西街;
522;1;2442;二环内圈永定门西街出口匝道;
522;1;2461;右安门东街;
522;1;2462;二环内圈右安门东街出入口匝道;
522;1;2467;二环内圈右安门内大街出口匝道;
522;1;2399;玉蜓桥西侧;
522;1;2400;二环内圈玉蜓桥西侧出口匝道;
522;1;625;左安门内大街;
522;1;2388;二环内圈左安门内大街出口匝道;
522;1;2389;左安门桥东侧;
522;1;2390;二环内圈左安门桥东侧出口匝道;
522;1;2396;左安门西滨河路;
522;1;2397;二环内圈左安门西滨河路出口匝道;
522;1;2375;二环外圈光明桥北侧出口匝道;
522;1;2524;二环外圈广安门桥北侧出口匝道;
522;1;2526;二环外圈广安门桥南侧出口匝道;
522;1;2358;广渠门外大街北侧;
522;1;2360;二环外圈广渠门外大街北侧出口匝道;
522;1;2362;广渠门外大街南侧;
522;1;2363;二环外圈广渠门外大街南侧出口匝道;
522;1;2320;二环外圈建国门桥北侧出口匝道;
522;1;2326;二环外圈建国门桥南侧出口匝道;
522;1;2370;劲松路;
522;1;2381;二环外圈劲松路出口匝道;
522;1;2508;二环外圈丽泽路下匝道;
522;1;3171;丽泽路北侧;
522;1;3172;二环外圈丽泽路北侧出口匝道;
522;1;2540;莲花池东路北侧二环外圈入口匝道;
522;1;2410;蒲黄榆路辅路;
522;1;2412;二环外圈蒲黄榆路辅路出口匝道;
522;1;2401;蒲黄榆路西侧;
522;1;2402;二环外圈蒲黄榆路西侧出口匝道;
522;1;2439;二环外圈陶然桥东侧下匝道;
522;1;2330;通惠河北路高速公路;
522;1;2346;二环外圈通惠河北路高速公路出口匝道;
522;1;2307;西外大街北侧二环外圈入口匝道;
522;1;2312;西直门桥西;
522;1;2311;西外大街由二环外圈至西直门桥西入口匝道;
522;1;2425;二环外圈永定门东滨河路下匝道;
522;1;2463;二环外圈右安门东滨河路下匝道;
522;1;2489;玉林东路;
522;1;2490;二环外圈玉林东路下匝道;
522;1;2394;玉蜓桥东侧;
522;1;2405;二环外圈玉蜓桥东侧出口匝道;
522;1;2082;二环至左安门西滨河路;
522;1;1888;二龙闸路;
522;1;1887;昆明湖东路;
522;1;2164;二纬路;
522;1;3466;航站楼联络线;
522;1;3499;六经路;
522;1;3401;首都机场集团公司;
522;1;1643;丰葆路;
522;1;3233;郭公庄小学;
522;1;3230;丰台东路;
522;1;1645;南四环西路辅路;
522;1;3234;樊羊路至汾庄;
522;1;3235;汾庄;
522;1;1598;方庄东路;
522;1;1953;左安路;
522;1;1448;紫芳路;
522;1;1446;方庄路;
522;1;769;芳古路;
522;1;311;蒲方路;
522;1;121;芳园西路;
522;1;1521;酒仙桥路;
522;1;1644;环三路;
522;1;556;丰盛胡同;
522;1;2548;三环内圈;
522;1;2549;三环内圈丰台北路入口匝道;
522;1;2556;三环外圈;
522;1;2558;三环外圈丰台北路入口匝道;
522;1;2550;丰台北路北侧;
522;1;3124;三环丰台北路北侧入口匝道;
522;1;2551;三环内圈丰台北路北侧入口匝道;
522;1;2559;三环外圈丰台北路北侧入口匝道;
522;1;1634;丰台北路辅路;
522;1;2552;丰台北路南侧;
522;1;2554;三环丰台北路南侧入口匝道;
522;1;2555;三环内圈丰台北路南侧入口匝道;
522;1;2557;三环外圈丰台北路南侧入口匝道;
522;1;3590;造甲街;
522;1;1708;丰台南路;
522;1;1709;右安路;
522;1;2651;西四环南路辅路;
522;1;3592;丰台南路至丰台东路;
522;1;1750;丰台西路;
522;1;1637;丽泽路（丰台北路）;
522;1;2247;三环（丰台北路）;
522;1;2657;丰体南路北;
522;1;2658;四环内圈丰体南路北入口匝道;
522;1;2648;丰体南路北侧;
522;1;2672;丰体南路辅路;
522;1;2673;丰体南路北侧丰体南路辅路出口匝道;
522;1;2650;四环内圈丰体南路北侧入口匝道;
522;1;2674;丰体南路北侧西四环南路辅路出口匝道;
522;1;2675;丰体南路北侧匝道;
522;1;2676;丰体南路北侧匝道丰体南路辅路出口匝道;
522;1;2654;丰体南路南;
522;1;2656;四环内圈丰体南路南入口匝道;
522;1;2660;丰体南路南侧;
522;1;2671;四环内圈丰体南路南侧入口匝道;
522;1;2665;四环外圈丰体南路南侧入口匝道;
522;1;2185;龙旺庄一区;
522;1;2187;芙蓉东路至六环;
522;1;1688;府前东街;
522;1;2156;府前西街;
522;1;2157;新顺南大街;
522;1;2158;府前中街;
522;1;323;府右街;
522;1;31;文津街;
522;1;555;灵境胡同;
522;1;1420;阜安西路;
522;1;2071;溪阳东路;
522;1;1419;望京街;
522;1;651;阜通西大街;
522;1;654;宏泰西街;
522;1;440;定慧桥;
522;1;684;西翠路;
522;1;441;八里庄桥;
522;1;28;平安里西大街;
522;1;20;阜成门内大街;
522;1;193;西四南大街;
522;1;144;赵登禹路;
522;1;1410;阜成门南大街;
522;1;1062;广宁伯街;
522;1;1440;武定侯街;
522;1;1523;南礼士路;
522;1;2826;五环内圈阜石路入口匝道;
522;1;2812;五环外圈阜石路入口匝道;
522;1;443;杨庄东街;
522;1;444;阜石桥;
522;1;3615;砂石场路;
522;1;2707;阜石路北侧;
522;1;3126;四环内圈阜石路北侧入口匝道;
522;1;2718;四环外圈阜石路北侧入口匝道;
522;1;2825;五环内圈阜石路北侧入口匝道;
522;1;2813;五环外圈阜石路北侧入口匝道;
522;1;2705;阜石路南侧;
522;1;2711;四环阜石路南侧入口匝道;
522;1;2712;四环内圈阜石路南侧入口匝道;
522;1;2713;四环外圈阜石路南侧入口匝道;
522;1;2830;五环内圈阜石路南侧入口匝道;
522;1;2811;五环外圈阜石路南侧入口匝道;
522;1;650;阜通东大街;
522;1;2060;阜安路;
522;1;2059;花家地南街;
522;1;1418;花家地街;
522;1;748;望京西路;
522;1;3558;白云路（复兴门外大街）;
522;1;382;羊坊店路;
522;1;2610;复兴路北侧;
522;1;2611;三环内圈复兴路北侧入口匝道;
522;1;2613;三环外圈复兴路北侧入口匝道;
522;1;2607;复兴路南侧;
522;1;2609;三环内圈复兴路南侧入口匝道;
522;1;2615;三环外圈复兴路南侧入口匝道;
522;1;1411;复兴门北大街;
522;1;172;复兴门内大街;
522;1;428;宣武门内大街;
522;1;427;闹市口大街;
522;1;1894;复兴门南大街;
522;1;383;西便门外大街;
522;1;2224;西便门桥;
522;1;106;三里河东路;
522;1;3530;李天路;
522;1;1273;岗山路;
522;1;2088;首都机场辅路;
522;1;3467;机场南路;
522;1;2049;双家坟;
522;1;1285;广渠路;
522;1;3387;高梁桥路;
522;1;3490;北展北街;
522;1;1479;革新南路;
522;1;135;工人体育场东路;
522;1;1731;拱辰大街;
522;1;1730;良乡中路;
522;1;1729;拱辰南大街;
522;1;49;交道口南大街;
522;1;1139;安德里北街;
522;1;2248;鼓楼外大街辅路;
522;1;1423;鼓楼西大街;
522;1;2129;东小井;
522;1;2255;石各庄路;
522;1;1947;光彩路;
522;1;1948;南四环中路;
522;1;1526;建国门北大街;
522;1;592;秀水北街;
522;1;1689;光明北街;
522;1;1690;中山东街;
522;1;82;光明路;
522;1;623;幸福大街;
522;1;3125;二环内圈光明桥北侧入口匝道;
522;1;2378;二环内圈光明桥南侧入口匝道;
522;1;2379;二环外圈光明桥南侧入口匝道;
522;1;2217;光明桥至广渠门桥;
522;1;566;马连道路;
522;1;562;太平桥路;
522;1;564;六里桥;
522;1;65;广安门外大街;
522;1;2228;真武庙路;
522;1;2518;广安门北街;
522;1;2522;二环内圈广安门北街入口匝道;
522;1;1866;广安门车站西街;
522;1;1861;红莲南路;
522;1;1891;手帕口南街;
522;1;891;白广路;
522;1;892;牛街;
522;1;893;教子胡同;
522;1;2225;广安门南滨河路;
522;1;1934;右安门西街;
522;1;2520;广安门桥北;
522;1;2519;二环内圈广安门桥北入口匝道;
522;1;2517;二环内圈广安门桥北侧入口匝道;
522;1;2525;二环外圈广安门桥北侧入口匝道;
522;1;2513;二环内圈广安门桥南侧入口匝道;
522;1;2527;二环外圈广安门桥南侧入口匝道;
522;1;186;前门东大街;
522;1;1860;南蜂窝路;
522;1;1784;高井路;
522;1;1787;金顶街;
522;1;2218;广渠门北滨河路;
522;1;61;广渠门外大街;
522;1;672;广渠门南滨河路;
522;1;97;华威南路;
522;1;2024;潘家园路;
522;1;2026;劲松南路;
522;1;2354;广渠门桥北侧;
522;1;2355;二环内圈广渠门桥北侧入口匝道;
522;1;2368;二环内圈广渠门桥南侧入口匝道;
522;1;2365;二环外圈广渠门桥南侧入口匝道;
522;1;2938;广顺北大街;
522;1;2940;五环外圈广顺北大街入口匝道;
522;1;1530;来广营北路;
522;1;653;宏昌路;
522;1;655;河荫中路;
522;1;656;利泽中街;
522;1;657;望京北路;
522;1;3508;广外路;
522;1;1892;红居南街;
522;1;2072;广泽路;
522;1;2074;慧谷根园;
522;1;2073;利泽东街;
522;1;2637;国贸桥北侧;
522;1;2640;三环内圈国贸桥北侧入口匝道;
522;1;2638;三环外圈国贸桥北侧入口匝道;
522;1;2641;国贸桥南侧;
522;1;2642;三环内圈国贸桥南侧入口匝道;
522;1;2647;三环外圈国贸桥南侧入口匝道;
522;1;1654;南中轴路;
522;1;690;海淀大街;
522;1;1885;善缘街;
522;1;1886;海淀东一街;
522;1;145;旱河路;
522;1;1084;杏石口路;
522;1;2092;北平里;
522;1;1141;北三环东路辅路;
522;1;505;和平里南街;
522;1;448;和平里中街;
522;1;643;双清路;
522;1;987;黑龙潭路;
522;1;3379;黑山扈路;
522;1;1929;黑龙潭路至永丰路;
522;1;3149;黑泉路;
522;1;2037;龙岗路;
522;1;1844;永泰庄北路;
522;1;3095;香山路;
522;1;1392;马连洼北路;
522;1;3491;平顶山;
522;1;3602;顺八条;
522;1;3502;红居北街;
522;1;1889;红居街;
522;1;1868;嘉莲苑;
522;1;988;后厂村路;
522;1;1846;西二旗北路;
522;1;1020;上地西路;
522;1;1610;湖光北街;
522;1;2069;南湖北路;
522;1;1609;湖光中街;
522;1;3493;南湖西园南路;
522;1;2045;南湖南路;
522;1;58;珠市口西大街;
522;1;2075;望花路;
522;1;634;花园北路;
522;1;2031;花园东路;
522;1;398;龙翔路;
522;1;2143;花园三街;
522;1;3237;榆阳路;
522;1;2145;林荫路;
522;1;2141;开发街;
522;1;3274;花园西街;
522;1;1177;南磨房路;
522;1;3492;王村路;
522;1;730;槐房路;
522;1;1477;南苑西路;
522;1;1646;槐房西路;
522;1;1647;西红门路;
522;1;1743;长于路;
522;1;1395;苏庄东街;
522;1;3198;良乡东区十六号路;
522;1;3196;于管营;
522;1;1700;芦求路;
522;1;1703;天贵街;
522;1;1704;天水街;
522;1;1656;西三路;
522;1;1589;三太路;
522;1;3241;黄马路至３０２市道;
522;1;1431;外馆斜街;
522;1;3037;黄亦路;
522;1;3069;五环内圈黄亦路入口匝道;
522;1;3038;五环外圈黄亦路入口匝道;
522;1;3403;鹿四路;
522;1;1648;团河路;
522;1;3039;顺新街;
522;1;132;回龙观东大街;
522;1;1338;文华东路;
522;1;2112;科星西路;
522;1;3559;回龙观东大街至龙锦二街;
522;1;3553;龙锦二街;
522;1;2111;龙锦三街;
522;1;1007;回龙观西大街;
522;1;1002;育知西路;
522;1;1438;文华西路;
522;1;3554;Ｙ９０８;
522;1;2281;景盛中街;
522;1;1991;张凤路;
522;1;1981;马朱路;
522;1;1987;史村;
522;1;3588;t马路至马大路;
522;1;1356;货运北路;
522;1;1316;机场货运路;
522;1;3242;塔河村;
522;1;1275;京承高速公路;
522;1;1267;机场第二高速公路;
522;1;3248;岗山收费站;
522;1;1269;石各村路;
522;1;3245;北京绿色印象高尔夫俱乐部;
522;1;3246;腾龙幼儿园;
522;1;3247;金盏桥;
522;1;2173;四纬路;
522;1;3369;和平街;
522;1;1964;白庄;
522;1;1699;科创五街;
522;1;3498;科创东三街;
522;1;1482;嘉和路;
522;1;1483;嘉园路;
522;1;188;马家堡西路;
522;1;2095;建材城东路;
522;1;2094;建材城中路;
522;1;2096;贺家村;
522;1;1845;建材城西路;
522;1;374;国贸桥;
522;1;2282;京通辅路;
522;1;258;四惠桥;
522;1;2125;双桥路;
522;1;3548;建国路辅路;
522;1;2208;建国门南大街;
522;1;1160;通惠河北路;
522;1;3587;明城墙遗址公园;
522;1;2323;二环内圈建国门桥北侧入口匝道;
522;1;2319;二环外圈建国门桥北侧入口匝道;
522;1;2329;二环内圈建国门桥南侧入口匝道;
522;1;2327;二环外圈建国门桥南侧入口匝道;
522;1;2019;日坛路;
522;1;256;建华南路;
522;1;2067;将台东路;
522;1;2063;将台路;
522;1;1195;角门路;
522;1;3594;瑞丽江畔;
522;1;729;马家堡路;
522;1;1789;金顶北街;
522;1;3494;永引渠北路;
522;1;1909;金融大街;
522;1;3516;金星路;
522;1;1154;金鱼胡同;
522;1;3340;金榆桥至首都机场辅路;
522;1;3341;金榆桥;
522;1;2202;金盏南路;
522;1;2201;星河园林;
522;1;1271;金盏路;
522;1;3370;东窑路;
522;1;2372;二环外圈劲松路入口匝道;
522;1;1172;劲松中街;
522;1;2820;晋元桥立交;
522;1;2821;阜石路南侧晋元桥立交出口匝道;
522;1;3376;康张路;
522;1;949;清河桥;
522;1;1320;小营桥;
522;1;951;西三旗桥;
522;1;952;回龙观桥;
522;1;953;史各庄桥;
522;1;954;定泗桥;
522;1;1045;百葛桥;
522;1;1498;百葛服务区;
522;1;1501;科技园收费站;
522;1;1500;昌平南环收费站;
522;1;1849;政府街西路;
522;1;1503;陈庄收费站;
522;1;1504;南口收费站;
522;1;1505;居庸山庄;
522;1;1506;居庸关长城;
522;1;1507;八达岭水关长城;
522;1;1508;詹天佑纪念馆;
522;1;1509;八达岭长城收费站;
522;1;3253;八达岭联线;
522;1;166;Ｇ１０７;
522;1;908;大井桥;
522;1;907;岳各庄桥;
522;1;1721;京港澳高速公路至大于路;
522;1;3261;Ｓ２７４;
522;1;3371;东马各庄桥;
522;1;3372;普合二桥;
522;1;918;施园桥;
522;1;1570;郎府停车场停车区;
522;1;3259;郎府大街;
522;1;3260;觅西路;
522;1;913;大羊坊桥;
522;1;911;分钟寺桥;
522;1;912;十八里店桥;
522;1;3442;t小路;
522;1;1488;采林路;
522;1;914;马驹桥;
522;1;1332;马驹桥服务区;
522;1;3444;河大路;
522;1;3443;永乐停车区;
522;1;1561;菜户营桥（菜户营南路）;
522;1;3373;宏都东路;
522;1;807;马家楼桥;
522;1;3431;玉泉营出口;
522;1;1564;翁麻路;
522;1;3148;大礼路;
522;1;1566;小加路;
522;1;1567;庞安路;
522;1;1473;魏永路;
522;1;3560;庆丰路;
522;1;1563;清源路;
522;1;1475;宏福东路;
522;1;1476;京良东桥;
522;1;2628;三环外圈京密路入口匝道;
522;1;2754;四环内圈京密路入口匝道;
522;1;2744;四环外圈京密路入口匝道;
522;1;2748;京密路西侧;
522;1;3127;四环内圈京密路西侧入口匝道;
522;1;2963;五环京密路西侧入口匝道;
522;1;2964;五环内圈京密路西侧入口匝道;
522;1;2965;五环外圈京密路西侧入口匝道;
522;1;3441;Ｓ３０２（津蓟高速公路）;
522;1;2256;吴各庄路;
522;1;2192;木燕路;
522;1;3436;北务服务区;
522;1;3265;孙三路;
522;1;2195;崔杏路;
522;1;2196;平三路;
522;1;2197;杨稻路;
522;1;2198;北部货运通道;
522;1;3438;宝平路（津蓟高速公路）;
522;1;3439;盘山收费站（津蓟高速公路）;
522;1;3263;武兴路;
522;1;970;土桥新桥;
522;1;2792;四环内圈京通快速公路入口匝道;
522;1;2783;四环外圈京通快速公路入口匝道;
522;1;2780;四环外圈匝道;
522;1;2781;四环外圈匝道京通快速公路入口匝道;
522;1;3374;华贸东路;
522;1;3546;晋商博物馆;
522;1;530;远通桥;
522;1;937;双会桥;
522;1;2767;京通快速公路北;
522;1;2779;四环外圈京通快速公路北入口匝道;
522;1;2770;京通快速公路北侧;
522;1;2793;四环内圈京通快速公路北侧入口匝道;
522;1;2976;五环京通快速公路北侧入口匝道;
522;1;2995;五环内圈京通快速公路北侧入口匝道;
522;1;2981;五环外圈京通快速公路北侧入口匝道;
522;1;2977;远通桥立交;
522;1;2980;远通桥立交由京通快速公路北侧至五环外圈入口匝道;
522;1;2776;京通快速公路南;
522;1;2777;四环内圈京通快速公路南入口匝道;
522;1;2759;京通快速公路南侧;
522;1;2987;京通快速公路南侧建国路出口匝道;
522;1;2791;四环内圈京通快速公路南侧入口匝道;
522;1;2992;五环京通快速公路南侧入口匝道;
522;1;2994;五环内圈京通快速公路南侧入口匝道;
522;1;2993;五环外圈京通快速公路南侧入口匝道;
522;1;2989;京通快速公路南侧匝道;
522;1;2990;京通快速公路南侧匝道建国路出口匝道;
522;1;3616;上地南路;
522;1;3617;上地五街;
522;1;1623;上地八街;
522;1;3618;唐家岭;
522;1;3268;停车区;
522;1;1840;南涧路;
522;1;3434;延庆站;
522;1;1851;黑龙庙桥;
522;1;1852;下营收费站;
522;1;3405;昌赤路;
522;1;2258;Ｘ００６;
522;1;1297;景山东街;
522;1;1299;吉安所右巷;
522;1;1304;恭俭胡同;
522;1;406;景山西街;
522;1;2424;二环外圈景泰路上匝道;
522;1;458;警备东路;
522;1;1712;新华路;
522;1;1711;警备西路;
522;1;1710;五爱屯东街;
522;1;796;静安西街;
522;1;1435;左家庄东街;
522;1;1992;周神路;
522;1;3536;群芳南街;
522;1;1679;运河西大街;
522;1;3335;东风南路;
522;1;2061;酒仙桥南路;
522;1;2062;三街坊;
522;1;3211;旧宫东路;
522;1;3495;迎宾路;
522;1;1715;南场路;
522;1;1081;巨山路;
522;1;2142;花园四街;
522;1;189;开阳路;
522;1;3610;凯旋大街;
522;1;3611;嘉瑞通小区;
522;1;3581;良乡东路;
522;1;3582;北关东路;
522;1;3007;康化路内侧;
522;1;3010;五环内圈康化路内侧入口匝道;
522;1;3509;康营中街;
522;1;3511;孙河派出所;
522;1;3510;康营中街至京密路;
522;1;720;科技大道;
522;1;604;科学院南路;
522;1;1097;北三环西路辅路;
522;1;76;知春路;
522;1;302;火器营桥;
522;1;1101;新建宫门路;
522;1;2133;顺黄路;
522;1;3161;红军营路;
522;1;2084;北苑桥;
522;1;1873;蓝靛厂路;
522;1;1872;蓝靛厂中路;
522;1;305;车道沟桥;
522;1;1380;远大路;
522;1;1874;老营房路;
522;1;3353;五环内圈老君堂中路入口匝道;
522;1;1970;西贝书法幼儿园;
522;1;3355;老君堂中路外侧;
522;1;3354;五环内圈老君堂中路外侧入口匝道;
522;1;2500;菜户营南路东侧丽泽路入口匝道;
522;1;2497;菜户营南路西侧丽泽路入口匝道;
522;1;2236;丽泽路辅路;
522;1;3377;三路居小学校;
522;1;1865;丽泽路至广安门外大街;
522;1;2076;利泽东二路;
522;1;2079;屏翠东路;
522;1;1430;利泽西街;
522;1;2046;利泽中二路;
522;1;2048;屏翠西路;
522;1;2047;溪阳中路;
522;1;1386;莲宝路;
522;1;1387;西三环中路辅路;
522;1;2541;二环内圈莲花池东路出口匝道;
522;1;2534;二环外圈莲花池东路出口匝道;
522;1;569;莲花桥;
522;1;2535;二环外圈莲花池东路北侧出口匝道;
522;1;2223;莲花池东路辅路;
522;1;112;羊坊店西路;
522;1;2536;二环外圈莲花池东路南侧出口匝道;
522;1;2685;四环内圈莲花池西路入口匝道;
522;1;2701;四环外圈莲花池西路入口匝道;
522;1;1308;沙窝桥;
522;1;2592;莲花池西路北侧;
522;1;2595;三环内圈莲花池西路北侧入口匝道;
522;1;2581;三环内圈匝道;
522;1;2594;三环内圈匝道莲花池西路北侧入口匝道;
522;1;2597;三环外圈匝道;
522;1;2601;三环外圈匝道莲花池西路北侧入口匝道;
522;1;2684;四环内圈莲花池西路北侧入口匝道;
522;1;2221;莲花池西路辅路;
522;1;2222;电气化大厦;
522;1;2578;莲花池西路南侧;
522;1;2584;三环内圈匝道莲花池西路南侧入口匝道;
522;1;2604;三环外圈莲花池西路南侧入口匝道;
522;1;2605;三环外圈匝道莲花池西路南侧入口匝道;
522;1;2801;五环内圈莲石东路入口匝道;
522;1;2810;五环外圈莲石东路入口匝道;
522;1;903;衙门口桥;
522;1;2694;莲石东路北侧;
522;1;2802;五环内圈莲石东路北侧入口匝道;
522;1;2807;五环外圈莲石东路北侧入口匝道;
522;1;660;鲁谷大街;
522;1;2686;莲石东路南侧;
522;1;2688;莲石东路南侧四环入口匝道;
522;1;2687;四环内圈莲石东路南侧入口匝道;
522;1;2691;四环外圈莲石东路南侧入口匝道;
522;1;2800;五环内圈莲石东路南侧入口匝道;
522;1;2690;莲石东路南侧西四环中路辅路入口匝道;
522;1;3129;莲石东路南侧匝道;
522;1;3130;莲石东路南侧匝道西四环中路辅路出口匝道;
522;1;2808;莲石西路南侧;
522;1;2809;五环外圈莲石西路南侧入口匝道;
522;1;1735;良三路至京良路;
522;1;3496;南宫南路;
522;1;2107;良庄西街;
522;1;1847;同成街;
522;1;2887;五环外圈林萃路入口匝道;
522;1;1639;林校北路;
522;1;391;林业大学北路;
522;1;1116;学清路;
522;1;2146;天竺苑;
522;1;3595;临泓路;
522;1;3596;春泽路;
522;1;3598;临泓路至南苑路;
522;1;1434;柳芳北街;
522;1;1433;西坝河南路;
522;1;113;柳林馆路;
522;1;225;南六环;
522;1;1592;博兴三路出口;
522;1;1591;三东路出口;
522;1;966;南大红门桥;
522;1;965;磁各庄桥;
522;1;963;天水桥;
522;1;962;砖楼桥;
522;1;961;葫芦垡桥;
522;1;960;古兰东桥;
522;1;3276;西六环;
522;1;3277;千灵山收费站;
522;1;227;北六环;
522;1;3344;庄户人家;
522;1;3448;百善北加油站;
522;1;982;顺沙桥;
522;1;981;小汤山桥;
522;1;226;东六环;
522;1;3275;洼子;
522;1;973;小堡;
522;1;972;三惠桥;
522;1;3450;北火垡村;
522;1;2171;五纬路;
522;1;2569;六里桥北侧;
522;1;2570;三环内圈六里桥北侧入口匝道;
522;1;2572;三环外圈六里桥北侧入口匝道;
522;1;2573;六里桥南侧;
522;1;2575;三环内圈六里桥南侧入口匝道;
522;1;2116;龙锦苑一区;
522;1;3280;和谐家园二区;
522;1;1835;龙水路;
522;1;1837;宁馨苑;
522;1;3476;龙潭东路;
522;1;2022;龙潭路;
522;1;621;天坛东路;
522;1;2023;夕照寺街;
522;1;2175;Ｘ００８;
522;1;2109;龙禧三街;
522;1;3529;皮村路;
522;1;1758;刘庄子;
522;1;3501;Ｇ４辅路;
522;1;1776;芦草园胡同;
522;1;59;珠市口东大街;
522;1;1777;前门东小街;
522;1;3076;芦花路;
522;1;3081;五环内圈芦花路入口匝道;
522;1;3077;五环外圈芦花路入口匝道;
522;1;1702;天河西路;
522;1;703;鲁谷东街;
522;1;1092;吴家村路;
522;1;3285;潞苑二街;
522;1;3527;潞苑北大街;
522;1;3523;辛疃路;
522;1;3522;潞苑二街至丛林庄西路;
522;1;3521;丛林庄西路;
522;1;191;宣武门外大街;
522;1;532;南新华街;
522;1;1393;东北旺中路;
522;1;715;梅市口路;
522;1;3331;煤市街;
522;1;2014;美术馆东街;
522;1;518;大佛寺东街;
522;1;3380;贾家坟;
522;1;2470;二环内圈南菜园街入口匝道;
522;1;2009;南长街;
522;1;1713;南大红门路;
522;1;3608;南苑东路;
522;1;1374;南小街南路;
522;1;1375;万源北路;
522;1;3601;榴乡路;
522;1;3497;王庄村;
522;1;1405;南横西街;
522;1;2070;河荫西路;
522;1;2068;南湖中园二条;
522;1;1834;创新路;
522;1;693;月坛南街;
522;1;1902;月坛北街;
522;1;55;关东店北街;
522;1;1707;南西路;
522;1;1898;南线阁街;
522;1;3503;振兴东路;
522;1;3609;公所胡同;
522;1;1653;南苑路辅路;
522;1;459;龙和路;
522;1;3131;五环内圈南中轴路入口匝道;
522;1;3056;五环外圈南中轴路入口匝道;
522;1;3042;南中轴路东侧;
522;1;3062;五环内圈南中轴路东侧入口匝道;
522;1;3066;五环外圈南中轴路东侧入口匝道;
522;1;3045;南中轴路西侧;
522;1;3063;五环内圈南中轴路西侧入口匝道;
522;1;3064;五环外圈南中轴路西侧入口匝道;
522;1;3512;闹市口北街;
522;1;1813;聂各庄东路;
522;1;3460;牛北路;
522;1;3532;上承路;
522;1;1215;农场路;
522;1;1746;吴庄子;
522;1;1019;农大南路;
522;1;900;圆明园西路;
522;1;133;信息路;
522;1;1254;农展馆南路;
522;1;2944;五环内圈屏翠西路入口匝道;
522;1;2408;二环外圈蒲黄榆路入口匝道;
522;1;2409;二环外圈蒲黄榆路辅路入口匝道;
522;1;1188;祈年大街;
522;1;1187;前门大街;
522;1;2261;前门东路;
522;1;3284;北芦草园胡同;
522;1;1436;人大会堂西路;
522;1;3579;双林南路;
522;1;151;清华东路;
522;1;1919;清华西路;
522;1;1102;颐和园路;
522;1;1663;荣昌西街;
522;1;3022;五环外圈荣华北路入口匝道;
522;1;1666;荣华南路;
522;1;1695;荣京西街;
522;1;1694;西环中路;
522;1;3505;三海子东路;
522;1;3504;凉水河一街;
522;1;213;北三环;
522;1;116;万泉河快速路;
522;1;811;蓟门桥;
522;1;214;东三环;
522;1;817;亮马桥;
522;1;818;长虹桥;
522;1;3402;景华街;
522;1;543;双井桥;
522;1;1173;劲松桥;
522;1;821;潘家园桥;
522;1;1170;华威桥;
522;1;215;南三环;
522;1;721;柳村路;
522;1;216;西三环;
522;1;598;丽泽桥;
522;1;251;新兴桥;
522;1;287;航天桥;
522;1;2562;丰台北路北侧三环出口匝道;
522;1;2567;丰台北路南侧三环出口匝道;
522;1;2621;万泉河快速路东侧;
522;1;2622;万泉河快速路东侧三环出口匝道;
522;1;140;三环辅路;
522;1;235;西三环辅路;
522;1;760;紫竹桥;
522;1;761;魏公村路;
522;1;232;北三环辅路;
522;1;80;霄云路;
522;1;3506;西土城路;
522;1;793;樱花园西街;
522;1;794;樱花园东街;
522;1;795;七圣路;
522;1;233;东三环辅路;
522;1;775;松榆南路;
522;1;234;南三环辅路;
522;1;2565;丰台北路三环内圈出口匝道;
522;1;2564;丰台北路北侧三环内圈出口匝道;
522;1;2566;丰台北路南侧三环内圈出口匝道;
522;1;2612;三环内圈复兴路北侧出口匝道;
522;1;2608;三环内圈复兴路南侧出口匝道;
522;1;3134;三环内圈国贸桥北侧出口匝道;
522;1;2644;三环内圈国贸桥南侧出口匝道;
522;1;2582;三环内圈莲花池东路南侧出口匝道;
522;1;2590;莲花池西路北;
522;1;2591;三环内圈莲花池西路北入口匝道;
522;1;2585;莲花池西路南;
522;1;2586;三环内圈莲花池西路南出口匝道;
522;1;2587;莲花池西路中;
522;1;2589;三环内圈莲花池西路中出口匝道;
522;1;2571;三环内圈六里桥北侧出口匝道;
522;1;2574;三环内圈六里桥南侧出口匝道;
522;1;2632;三环内圈香河园路出口匝道;
522;1;2618;三环内圈紫竹院路出口匝道;
522;1;2583;莲花池东路南侧三环内圈匝道出口匝道;
522;1;2593;莲花池西路北侧三环内圈匝道出口匝道;
522;1;2560;丰台北路三环外圈出口匝道;
522;1;2561;丰台北路北侧三环外圈出口匝道;
522;1;2568;丰台北路南侧三环外圈出口匝道;
522;1;2614;三环外圈复兴路北侧出口匝道;
522;1;2616;三环外圈复兴路南侧出口匝道;
522;1;2639;三环外圈国贸桥北侧出口匝道;
522;1;2645;三环外圈国贸桥南侧出口匝道;
522;1;2625;三环外圈京密路出口匝道;
522;1;3137;三环外圈莲花池西路出口匝道;
522;1;2599;三环外圈莲花池西路北出口匝道;
522;1;2603;三环外圈莲花池西路南入口匝道;
522;1;2602;三环外圈莲花池西路中出口匝道;
522;1;2577;三环外圈六里桥南侧出口匝道;
522;1;2598;莲花池西路北侧三环外圈匝道出口匝道;
522;1;2606;莲花池西路南侧三环外圈匝道出口匝道;
522;1;2055;新源街;
522;1;1599;文化园西路;
522;1;3018;三台山路东侧;
522;1;3020;五环外圈三台山路东侧入口匝道;
522;1;3032;三台山路西侧;
522;1;3033;五环内圈三台山路西侧入口匝道;
522;1;3034;五环内圈匝道三台山路西侧入口匝道;
522;1;3507;博兴六路;
522;1;1659;三太路至博兴路;
522;1;1022;上地七街;
522;1;3290;唐家岭路;
522;1;1021;上地三街;
522;1;2854;上河沿路;
522;1;2855;五环内圈上河沿路入口匝道;
522;1;1755;上庄大街;
522;1;1756;田村山南路;
522;1;1819;双横路;
522;1;3111;四环内圈十八里店桥入口匝道;
522;1;3128;四环外圈十八里店桥上匝道;
522;1;1401;石板房南路;
522;1;3291;农大小区北区;
522;1;3091;五环内圈石景山路入口匝道;
522;1;1230;古城大街;
522;1;1600;银河大街;
522;1;3088;石景山路北侧;
522;1;3089;五环内圈石景山路北侧入口匝道;
522;1;2155;石门街;
522;1;3330;手帕口北街;
522;1;3404;北皋中心小学;
522;1;2091;康营小区;
522;1;1314;东苇路;
522;1;2244;中苇沟;
522;1;2631;三环内圈首都机场高速公路入口匝道;
522;1;2627;三环外圈首都机场高速公路入口匝道;
522;1;2746;四环外圈首都机场高速公路入口匝道;
522;1;2966;五环外圈首都机场高速公路入口匝道;
522;1;1315;首都机场路;
522;1;945;大山桥;
522;1;946;北皋桥;
522;1;948;温榆桥;
522;1;2162;首都机场宾馆;
522;1;1911;增光路;
522;1;2058;曙光西路;
522;1;1264;双龙路;
522;1;2127;双桥中路;
522;1;2124;舒君宾馆;
522;1;1687;顺通路;
522;1;2056;顺源街;
522;1;217;北四环;
522;1;834;中关村一桥;
522;1;835;学院桥;
522;1;218;东四环;
522;1;842;朝阳公园桥;
522;1;219;南四环;
522;1;342;大红门桥;
522;1;220;西四环;
522;1;597;丰北桥;
522;1;853;四季青桥;
522;1;800;四海桥;
522;1;2740;四环北辰东路出口匝道;
522;1;2662;丰台南路南侧;
522;1;2663;丰台南路南侧四环出口匝道;
522;1;2708;阜石路北侧四环出口匝道;
522;1;2756;四环京密路出口匝道;
522;1;3138;京通快速公路四环入口匝道;
522;1;3139;京通快速公路北侧四环入口匝道;
522;1;3140;京通快速公路南侧四环入口匝道;
522;1;2680;莲花池西路南侧四环出口匝道;
522;1;2773;通惠河北路高速公路北侧;
522;1;2774;通惠河北路高速公路北侧四环出口匝道;
522;1;2724;万泉河快速路西侧;
522;1;2727;万泉河快速路西侧四环出口匝道;
522;1;139;四环辅路;
522;1;229;东四环辅路;
522;1;739;窑洼湖桥;
522;1;3614;南四环辅路;
522;1;719;科兴路;
522;1;231;西四环辅路;
522;1;3589;北四环辅路;
522;1;798;万泉河桥;
522;1;754;志新东路;
522;1;750;惠新东桥;
522;1;2741;四环内圈北辰东路出口匝道;
522;1;2667;四环内圈丰体南路出口匝道;
522;1;2666;丰体南路北侧四环内圈出口匝道;
522;1;2668;丰体南路南侧四环内圈出口匝道;
522;1;2703;阜石路四环内圈出口匝道;
522;1;2709;阜石路北侧四环内圈出口匝道;
522;1;2715;阜石路南侧四环内圈出口匝道;
522;1;3117;四环内圈健翔桥出口匝道;
522;1;2747;四环内圈京密路出口匝道;
522;1;2750;京密路东侧;
522;1;2751;四环内圈京密路东侧出口匝道;
522;1;2749;四环内圈京密路西侧出口匝道;
522;1;2768;四环内圈京通快速公路北出口匝道;
522;1;2772;京通快速公路北侧四环内圈出口匝道;
522;1;2762;京通快速公路南侧四环内圈出口匝道;
522;1;2699;四环内圈莲花池西路北出口匝道;
522;1;2679;莲花池西路南侧四环内圈出口匝道;
522;1;2700;莲石东路北侧四环内圈出口匝道;
522;1;2766;四环内圈四惠桥出口匝道;
522;1;2697;四环内圈西四环中路辅路出口匝道;
522;1;2763;四环内圈匝道;
522;1;2769;四环内圈匝道四惠桥出口匝道;
522;1;2742;四环外圈北辰东路出口匝道;
522;1;2737;四环外圈北辰桥出口匝道;
522;1;2721;四环外圈北坞村路出口匝道;
522;1;2733;四环外圈彩和坊路出口匝道;
522;1;2664;丰体南路南侧四环外圈出口匝道;
522;1;2722;芙蓉北路;
522;1;2723;四环外圈芙蓉北路出口匝道;
522;1;2710;阜石路北侧四环外圈出口匝道;
522;1;2716;阜石路南侧四环外圈出口匝道;
522;1;2752;四环外圈京密路出口匝道;
522;1;2755;四环外圈京密路东侧出口匝道;
522;1;2758;京通快速公路四环外圈出口匝道;
522;1;2782;京通快速公路北侧四环外圈出口匝道;
522;1;2778;四环外圈京通快速公路南出口匝道;
522;1;2760;京通快速公路南侧四环外圈出口匝道;
522;1;2696;莲花池西路南侧四环外圈出口匝道;
522;1;2693;四环外圈莲石东路出口匝道;
522;1;2695;莲石东路北侧四环外圈出口匝道;
522;1;2784;四环外圈四惠桥入口匝道;
522;1;2786;四惠桥东北侧;
522;1;2787;四环外圈四惠桥东北侧入口匝道;
522;1;2025;松榆北路;
522;1;3300;武圣庙小学;
522;1;1408;太平街;
522;1;2098;立水桥北路;
522;1;3328;太阳宫北街;
522;1;1416;太阳宫中路;
522;1;1346;太阳宫路;
522;1;2264;太阳宫中路辅路;
522;1;2445;二环内圈陶然桥东侧入口匝道;
522;1;2447;二环内圈陶然桥西侧入口匝道;
522;1;2449;二环外圈陶然桥西侧上匝道;
522;1;1936;陶然亭路;
522;1;81;体育馆路;
522;1;622;体育馆西路;
522;1;3513;新源大街;
522;1;1466;南纬路;
522;1;1705;韩园子;
522;1;1797;五景桥东街;
522;1;3311;枫香路;
522;1;3535;通胡南路;
522;1;3534;北运河新堤路;
522;1;2785;四环外圈通惠河北路高速公路入口匝道;
522;1;2788;通惠河北路高速公路北;
522;1;2790;四环外圈通惠河北路高速公路北入口匝道;
522;1;2123;通马路至双桥西路;
522;1;1551;Ｇ１０２;
522;1;1055;耿庄桥;
522;1;942;丁各庄桥;
522;1;1550;白庙收费站;
522;1;3525;疃里大街;
522;1;1432;安华路;
522;1;122;万红西街;
522;1;897;苏州桥;
522;1;1325;稻香园桥;
522;1;899;肖家河桥;
522;1;2731;四环内圈万泉河快速路东侧入口匝道;
522;1;2879;万泉河快速路东侧五环入口匝道;
522;1;2881;五环内圈万泉河快速路东侧入口匝道;
522;1;2880;五环外圈万泉河快速路东侧入口匝道;
522;1;3115;万泉河快速路东侧圆明园西路出口匝道;
522;1;2729;四环内圈万泉河快速路西侧入口匝道;
522;1;3133;万泉河快速路西侧万泉河路下匝道;
522;1;2726;万泉河快速路西侧万泉河桥入口匝道;
522;1;2873;万泉河快速路西侧五环入口匝道;
522;1;2867;五环内圈万泉河快速路西侧入口匝道;
522;1;2862;五环外圈万泉河快速路西侧入口匝道;
522;1;509;太平路;
522;1;510;朱各庄路;
522;1;1883;万寿寺路;
522;1;386;中关村南大街;
522;1;2077;望京东路;
522;1;2033;文学馆路;
522;1;1649;五爱屯西街;
522;1;860;平房桥;
522;1;1617;观音堂东加油站;
522;1;3385;康化桥;
522;1;3451;羊坊路出口;
522;1;223;南五环;
522;1;864;亦庄桥;
522;1;1615;麋鹿苑加油站;
522;1;1613;志远西桥;
522;1;865;敬贤桥;
522;1;1616;金星加油站;
522;1;1213;京良公路;
522;1;224;西五环;
522;1;3452;正白旗路;
522;1;870;杏石口桥;
522;1;871;香泉桥;
522;1;1095;厢红旗路;
522;1;221;北五环;
522;1;856;林翠桥;
522;1;857;仰山桥;
522;1;1619;望京服务区;
522;1;2828;阜石路北侧五环出口匝道;
522;1;2822;阜石路南侧五环出口匝道;
522;1;2948;五环京密路出口匝道;
522;1;2958;五环京密路东侧出口匝道;
522;1;2975;京通快速公路南侧五环出口匝道;
522;1;2795;莲石东路南侧五环出口匝道;
522;1;2803;莲石西路北侧;
522;1;2805;莲石西路北侧五环出口匝道;
522;1;2836;杏石口桥南侧;
522;1;2840;五环杏石口桥南侧出口匝道;
522;1;2900;五环内圈安立路出口匝道;
522;1;2889;五环内圈奥林西路出口匝道;
522;1;3072;五环内圈北兴路出口匝道;
522;1;2907;五环内圈北苑东路出口匝道;
522;1;2919;北苑东路东;
522;1;2920;五环内圈北苑东路东入口匝道;
522;1;2917;北苑东路东侧;
522;1;2918;五环内圈北苑东路东侧出口匝道;
522;1;2912;北苑东路西;
522;1;2913;五环内圈北苑东路西出口匝道;
522;1;2909;五环内圈北苑东路西侧出口匝道;
522;1;2914;北苑东路中;
522;1;2915;五环内圈北苑东路中出口匝道;
522;1;2902;五环内圈北苑路出口匝道;
522;1;3356;五环内圈大鲁店北路出口匝道;
522;1;3357;大鲁店北路北侧;
522;1;3358;五环内圈大鲁店北路北侧出口匝道;
522;1;3359;大鲁店北路南侧;
522;1;3360;五环内圈大鲁店北路南侧出口匝道;
522;1;2969;五环内圈东坝路出口匝道;
522;1;2829;阜石路北侧五环内圈出口匝道;
522;1;2814;阜石路南侧五环内圈出口匝道;
522;1;2939;五环内圈广顺北大街出口匝道;
522;1;2945;五环内圈京密路出口匝道;
522;1;2959;五环内圈京密路东侧出口匝道;
522;1;2982;五环内圈京通快速公路出口匝道;
522;1;2983;京通快速公路北侧五环内圈出口匝道;
522;1;2985;京通快速公路南侧五环内圈出口匝道;
522;1;2797;莲石东路南侧五环内圈出口匝道;
522;1;2806;莲石西路北侧五环内圈出口匝道;
522;1;2886;五环内圈林萃路出口匝道;
522;1;3079;五环内圈芦花路出口匝道;
522;1;3084;五环内圈芦求北路出口匝道;
522;1;3057;五环内圈南中轴路出口匝道;
522;1;3053;南中轴路东;
522;1;3059;五环内圈南中轴路东出口匝道;
522;1;3058;五环内圈南中轴路东侧出口匝道;
522;1;3049;南中轴路西;
522;1;3061;五环内圈南中轴路西入口匝道;
522;1;3068;五环内圈南中轴路西侧出口匝道;
522;1;3051;南中轴路中;
522;1;3060;五环内圈南中轴路中出口匝道;
522;1;3119;五环内圈三台山路出口匝道;
522;1;3026;三台山路东;
522;1;3027;五环内圈三台山路东出口匝道;
522;1;3023;五环内圈三台山路东侧出口匝道;
522;1;3030;三台山路西;
522;1;3031;五环内圈三台山路西入口匝道;
522;1;3035;五环内圈三台山路西侧出口匝道;
522;1;3028;三台山路中;
522;1;3029;五环内圈三台山路中出口匝道;
522;1;3040;五环内圈顺新街出口匝道;
522;1;2946;五元桥立交;
522;1;2947;五环内圈五元桥立交出口匝道;
522;1;2851;香泉环岛;
522;1;2852;五环内圈香泉环岛出口匝道;
522;1;2832;五环内圈香山南路出口匝道;
522;1;2837;五环内圈杏石口桥南侧出口匝道;
522;1;2884;五环内圈中关村北大街出口匝道;
522;1;3075;五环外圈北兴路出口匝道;
522;1;2921;五环外圈北苑东路出口匝道;
522;1;2923;五环外圈北苑东路东出口匝道;
522;1;2929;五环外圈北苑东路东侧出口匝道;
522;1;2932;五环外圈北苑东路西出口匝道;
522;1;2937;五环外圈北苑东路西侧出口匝道;
522;1;2931;五环外圈北苑东路中出口匝道;
522;1;2904;五环外圈北苑路出口匝道;
522;1;2972;五环外圈东坝路出口匝道;
522;1;2827;阜石路北侧五环外圈出口匝道;
522;1;2823;阜石路南侧五环外圈出口匝道;
522;1;2941;五环外圈广顺北大街出口匝道;
522;1;3070;五环外圈黄亦路出口匝道;
522;1;2962;五环外圈京密路出口匝道;
522;1;2949;京密路北侧;
522;1;2951;五环外圈京密路北侧出口匝道;
522;1;2956;京密路东;
522;1;2957;五环外圈京密路东出口匝道;
522;1;2974;京通快速公路南侧五环外圈出口匝道;
522;1;3003;康化路;
522;1;3004;五环外圈康化路出口匝道;
522;1;3008;五环外圈康化路内侧出口匝道;
522;1;3005;康化路外侧;
522;1;3006;五环外圈康化路外侧出口匝道;
522;1;2935;来广营西路北侧;
522;1;2936;五环外圈来广营西路北侧出口匝道;
522;1;2933;来广营西路南侧;
522;1;2934;五环外圈来广营西路南侧出口匝道;
522;1;2799;莲石东路南侧五环外圈出口匝道;
522;1;2804;莲石西路北侧五环外圈出口匝道;
522;1;2895;五环外圈林萃路出口匝道;
522;1;3173;林萃路东侧;
522;1;3174;五环外圈林萃路东侧出口匝道;
522;1;3080;五环外圈芦花路出口匝道;
522;1;3048;五环外圈南中轴路出口匝道;
522;1;3054;五环外圈南中轴路东入口匝道;
522;1;3065;五环外圈南中轴路东侧出口匝道;
522;1;3050;五环外圈南中轴路西出口匝道;
522;1;3067;五环外圈南中轴路西侧出口匝道;
522;1;3052;五环外圈南中轴路中出口匝道;
522;1;3019;五环外圈三台山路东侧出口匝道;
522;1;3036;五环外圈三台山路西侧出口匝道;
522;1;3092;五环外圈石景山路出口匝道;
522;1;2952;首都机场高速公路中;
522;1;2954;五环外圈首都机场高速公路中出口匝道;
522;1;2882;万泉河快速路东侧五环外圈出口匝道;
522;1;2872;万泉河快速路西侧五环外圈出口匝道;
522;1;3096;五环外圈香山路出口匝道;
522;1;3097;香山路东侧;
522;1;3101;五环外圈香山路东侧出口匝道;
522;1;3099;香山路西侧;
522;1;3100;五环外圈香山路西侧出口匝道;
522;1;2834;五环外圈香山南路出口匝道;
522;1;3105;五环外圈厢红旗路出口匝道;
522;1;2866;肖家河桥立交（万泉河快速路西侧方向）;
522;1;2865;五环外圈肖家河桥立交往万泉河快速路西侧方向出口匝道;
522;1;2841;五环外圈杏石口桥南侧出口匝道;
522;1;2871;五环外圈圆明园西路出口匝道;
522;1;2925;顾家庄桥立交;
522;1;2926;五环外圈匝道顾家庄桥立交出口匝道;
522;1;2817;阜石路南侧五景桥东街出口匝道;
522;1;3090;五环内圈五景桥东街入口匝道;
522;1;2961;五元桥立交由五环内圈至京密路东侧出口匝道;
522;1;2284;物资学院路至新华北路;
522;1;2285;市场北街;
522;1;33;西安门大街;
522;1;3515;西黄城根南街;
522;1;1901;西便门内大街;
522;1;1621;弘燕东路;
522;1;1959;西大望南路;
522;1;1961;弘燕南一路;
522;1;3236;西大望南路至十里河音乐幼儿园;
522;1;150;西什库大街;
522;1;1113;大红罗厂街;
522;1;560;西四东大街;
522;1;2653;四环内圈西四环南路辅路入口匝道;
522;1;2682;莲花池西路南侧西四环中路辅路出口匝道;
522;1;3107;西四环中路辅路东侧;
522;1;3109;莲花池西路南侧西四环中路辅路东侧入口匝道;
522;1;3576;西土城路辅路;
522;1;3575;西直门北大街辅路;
522;1;102;西直门内大街;
522;1;683;新街口南大街;
522;1;2305;二环内圈西外大街出口匝道;
522;1;1622;紫竹桥（紫竹院路）;
522;1;3386;北京天文馆;
522;1;2078;东辛店;
522;1;2086;溪阳东路至京密路;
522;1;2634;香河园路东侧;
522;1;2635;三环内圈香河园路东侧入口匝道;
522;1;2633;香河园路西侧;
522;1;2636;三环内圈香河园路西侧入口匝道;
522;1;2853;五环外圈香泉环岛入口匝道;
522;1;3318;碧云寺路;
522;1;1806;厢白旗;
522;1;2833;五环内圈香山南路入口匝道;
522;1;2835;五环外圈香山南路入口匝道;
522;1;1803;北京射击馆;
522;1;3104;五环内圈厢红旗路入口匝道;
522;1;3103;五环外圈厢红旗路入口匝道;
522;1;1956;宣颐公园;
522;1;2266;小屯路辅路;
522;1;2040;小营东路;
522;1;2039;小营路;
522;1;2041;育慧北路;
522;1;3329;小营北路;
522;1;2876;肖家河桥立交西;
522;1;2878;五环内圈肖家河桥立交西入口匝道;
522;1;3526;丛林庄东路;
522;1;3578;新德街;
522;1;1030;新源南路;
522;1;1031;东直门外斜街;
522;1;1680;新华南路;
522;1;1913;新苑街;
522;1;3336;星火西路;
522;1;3319;常润路;
522;1;2845;五环杏石口桥入口匝道;
522;1;2844;五环内圈杏石口桥入口匝道;
522;1;2846;五环外圈杏石口桥入口匝道;
522;1;2842;杏石口桥北侧;
522;1;2849;五环外圈杏石口桥北侧入口匝道;
522;1;2848;五环外圈杏石口桥南侧入口匝道;
522;1;184;宣武门东大街;
522;1;2545;二环内圈宣武门西大街入口匝道;
522;1;2241;宣武门西大街辅路;
522;1;1624;西直门（西直门北大街）;
522;1;1625;明光桥（西土城路）;
522;1;1626;蓟门桥（西土城路）;
522;1;327;学知桥;
522;1;3577;学院路辅路;
522;1;581;皂君庙路;
522;1;582;四道口路;
522;1;583;西直门北大街;
522;1;2509;二环外圈鸭子桥路上匝道;
522;1;3201;杨林出口路;
522;1;3561;马连洼西路;
522;1;2280;北京大学;
522;1;1920;同庆街;
522;1;1922;大有庄大街;
522;1;1808;青龙桥东街;
522;1;2008;永安路;
522;1;2415;二环内圈永定门东街上匝道;
522;1;2429;永定门内大街;
522;1;2444;二环内圈永定门内大街入口匝道;
522;1;2422;二环内圈永定门外大街入口匝道;
522;1;1652;永定门外大街辅路;
522;1;2431;永定门西滨河路;
522;1;2432;二环外圈永定门西滨河路上匝道;
522;1;1627;丰润东路;
522;1;3320;宝盛东路;
522;1;3153;金顶山路;
522;1;3147;刘娘府路;
522;1;2457;二环外圈右安门东滨河路上匝道;
522;1;1485;右安门外大街;
522;1;1940;万博苑;
522;1;2277;清芷园;
522;1;1942;陶然亭公园;
522;1;2471;右安门内大街东侧;
522;1;2472;二环内圈右安门内大街东侧入口匝道;
522;1;2480;右安门内大街西１;
522;1;2481;二环内圈右安门内大街西１入口匝道;
522;1;2478;右安门内大街西２;
522;1;2479;二环内圈右安门内大街西２入口匝道;
522;1;2476;右安门内大街西３;
522;1;2477;二环内圈右安门内大街西３入口匝道;
522;1;2473;右安门内大街西侧;
522;1;2483;二环内圈右安门内大街西侧入口匝道;
522;1;2482;右安门桥西;
522;1;2486;二环内圈匝道;
522;1;2488;二环内圈匝道右安门桥西入口匝道;
522;1;2465;二环外圈右安门外大街上匝道;
522;1;2211;右安门西滨河路;
522;1;3321;玉林里;
522;1;2485;右安门西滨河路北侧;
522;1;2487;二环内圈匝道右安门西滨河路北侧入口匝道;
522;1;2491;二环外圈玉林东路上匝道;
522;1;3094;五环内圈玉泉山路入口匝道;
522;1;2395;二环内圈玉蜓桥东侧入口匝道;
522;1;2403;二环外圈玉蜓桥东侧入口匝道;
522;1;2042;育慧东路;
522;1;2108;龙禧一街;
522;1;2267;圆明园西路辅路;
522;1;3537;云景东路;
522;1;3538;群芳中二街;
522;1;3547;云景南大街;
522;1;3533;玉桥中路;
522;1;1754;张仪村路;
522;1;54;张自忠路;
522;1;400;志新路;
522;1;394;志新西路;
522;1;2097;贺村新村;
522;1;2105;中东路至Ｙ４０４;
522;1;513;双榆树北路;
522;1;515;中关村南路;
522;1;1826;中山南大街;
522;1;1824;中山西街;
522;1;1924;中直东路;
522;1;1925;畅春园;
522;1;1927;中直东路至颐和园路;
522;1;3613;长阳路;
522;1;1226;云岗路;
522;1;2619;三环外圈紫竹院路入口匝道;
522;1;2391;左安门桥西侧;
522;1;2393;二环内圈左安门桥西侧入口匝道;
522;1;2398;二环内圈左安门西滨河路入口匝道;
522;1;2271;护城河;
522;1;3086;五环外圈左堤路入口匝道;
