CID;TABCD;LCD;NEG_OFF_LCD;POS_OFF_LCD
522;32;1883;;1884
522;32;1884;1883;1885
522;32;1885;1884;
522;32;942;;1363
522;32;1363;942;1364
522;32;1364;1363;943
522;32;943;1364;
522;32;1088;;1089
522;32;1089;1088;1090
522;32;1090;1089;1091
522;32;1091;1090;1092
522;32;1092;1091;1093
522;32;1093;1092;1351
522;32;1351;1093;1367
522;32;1367;1351;1094
522;32;1094;1367;1095
522;32;1095;1094;1771
522;32;1771;1095;1772
522;32;1772;1771;1773
522;32;1773;1772;
522;32;1084;;1085
522;32;1085;1084;1086
522;32;1086;1085;
522;32;1404;;1405
522;32;1405;1404;1406
522;32;1406;1405;1407
522;32;1407;1406;
522;32;3881;;1413
522;32;1413;3881;1414
522;32;1414;1413;5314
522;32;5314;1414;
522;32;1411;;1410
522;32;1410;1411;
522;32;3285;;3286
522;32;3286;3285;3287
522;32;3287;3286;3288
522;32;3288;3287;3289
522;32;3289;3288;
522;32;5325;;1252
522;32;1252;5325;1253
522;32;1253;1252;
522;32;2188;;2189
522;32;2189;2188;
522;32;3226;;3227
522;32;3227;3226;3228
522;32;3228;3227;3229
522;32;3229;3228;3230
522;32;3230;3229;3231
522;32;3231;3230;3232
522;32;3232;3231;3233
522;32;3233;3232;3234
522;32;3234;3233;3235
522;32;3235;3234;
522;32;3250;;3251
522;32;3251;3250;3252
522;32;3252;3251;
522;32;2217;;2218
522;32;2218;2217;
522;32;2207;;2208
522;32;2208;2207;
522;32;2210;;2211
522;32;2211;2210;2212
522;32;2212;2211;
522;32;4876;;4877
522;32;4877;4876;4878
522;32;4878;4877;4879
522;32;4879;4878;5116
522;32;5116;4879;
522;32;4873;;4874
522;32;4874;4873;
522;32;5005;;1763
522;32;1763;5005;1764
522;32;1764;1763;1765
522;32;1765;1764;1766
522;32;1766;1765;1767
522;32;1767;1766;992
522;32;992;1767;991
522;32;991;992;967
522;32;967;991;966
522;32;966;967;965
522;32;965;966;935
522;32;935;965;934
522;32;934;935;
522;32;1745;;1746
522;32;1746;1745;5014
522;32;5014;1746;1747
522;32;1747;5014;1748
522;32;1748;1747;1749
522;32;1749;1748;1750
522;32;1750;1749;1751
522;32;1751;1750;1752
522;32;1752;1751;968
522;32;968;1752;5015
522;32;5015;968;1573
522;32;1573;5015;1232
522;32;1232;1573;874
522;32;874;1232;
522;32;865;;1354
522;32;1354;865;864
522;32;864;1354;290
522;32;290;864;289
522;32;289;290;1127
522;32;1127;289;288
522;32;288;1127;
522;32;1904;;1905
522;32;1905;1904;1906
522;32;1906;1905;1907
522;32;1907;1906;1908
522;32;1908;1907;1909
522;32;1909;1908;1910
522;32;1910;1909;
522;32;3942;;3943
522;32;3943;3942;3944
522;32;3944;3943;3945
522;32;3945;3944;3946
522;32;3946;3945;
522;32;4525;;4526
522;32;4526;4525;
522;32;2197;;2198
522;32;2198;2197;2199
522;32;2199;2198;
522;32;1936;;1937
522;32;1937;1936;1938
522;32;1938;1937;
522;32;2113;;2112
522;32;2112;2113;2111
522;32;2111;2112;2115
522;32;2115;2111;2116
522;32;2116;2115;
522;32;2194;;2195
522;32;2195;2194;
522;32;2191;;2192
522;32;2192;2191;
522;32;3331;;3332
522;32;3332;3331;
522;32;3254;;3255
522;32;3255;3254;3256
522;32;3256;3255;
522;32;3334;;3335
522;32;3335;3334;3336
522;32;3336;3335;3337
522;32;3337;3336;
522;32;3366;;3367
522;32;3367;3366;3368
522;32;3368;3367;3369
522;32;3369;3368;
522;32;4637;;4638
522;32;4638;4637;
522;32;1057;;1059
522;32;1059;1057;1060
522;32;1060;1059;1061
522;32;1061;1060;1062
522;32;1062;1061;1063
522;32;1063;1062;1713
522;32;1713;1063;
522;32;3431;;5243
522;32;5243;3431;
522;32;3454;;3455
522;32;3455;3454;3456
522;32;3456;3455;3457
522;32;3457;3456;3458
522;32;3458;3457;3459
522;32;3459;3458;3460
522;32;3460;3459;3461
522;32;3461;3460;3462
522;32;3462;3461;3463
522;32;3463;3462;3464
522;32;3464;3463;3465
522;32;3465;3464;3466
522;32;3466;3465;3467
522;32;3467;3466;3468
522;32;3468;3467;3469
522;32;3469;3468;3470
522;32;3470;3469;3471
522;32;3471;3470;
522;32;3376;;3377
522;32;3377;3376;3378
522;32;3378;3377;3379
522;32;3379;3378;3380
522;32;3380;3379;
522;32;3420;;3421
522;32;3421;3420;
522;32;4576;;4577
522;32;4577;4576;4578
522;32;4578;4577;4579
522;32;4579;4578;
522;32;1432;;1433
522;32;1433;1432;1434
522;32;1434;1433;1435
522;32;1435;1434;1787
522;32;1787;1435;1788
522;32;1788;1787;1789
522;32;1789;1788;
522;32;1238;;1239
522;32;1239;1238;5195
522;32;5195;1239;1240
522;32;1240;5195;1241
522;32;1241;1240;1243
522;32;1243;1241;1244
522;32;1244;1243;1245
522;32;1245;1244;
522;32;2094;;2095
522;32;2095;2094;2096
522;32;2096;2095;2097
522;32;2097;2096;2098
522;32;2098;2097;
522;32;1472;;1473
522;32;1473;1472;1474
522;32;1474;1473;1475
522;32;1475;1474;
522;32;2118;;2119
522;32;2119;2118;2120
522;32;2120;2119;
522;32;3387;;3388
522;32;3388;3387;3389
522;32;3389;3388;3390
522;32;3390;3389;3391
522;32;3391;3390;3392
522;32;3392;3391;3393
522;32;3393;3392;3394
522;32;3394;3393;3395
522;32;3395;3394;3396
522;32;3396;3395;
522;32;3398;;3399
522;32;3399;3398;
522;32;3382;;3383
522;32;3383;3382;3384
522;32;3384;3383;3385
522;32;3385;3384;
522;32;2085;;2086
522;32;2086;2085;4914
522;32;4914;2086;
522;32;4988;;4989
522;32;4989;4988;5186
522;32;5186;4989;5187
522;32;5187;5186;5188
522;32;5188;5187;
522;32;2073;;2074
522;32;2074;2073;
522;32;2069;;2070
522;32;2070;2069;2071
522;32;2071;2070;
522;32;2065;;2066
522;32;2066;2065;2067
522;32;2067;2066;
522;32;2062;;2063
522;32;2063;2062;
522;32;3924;;3925
522;32;3925;3924;3926
522;32;3926;3925;3927
522;32;3927;3926;
522;32;2201;;2202
522;32;2202;2201;
522;32;3921;;3922
522;32;3922;3921;3908
522;32;3908;3922;3907
522;32;3907;3908;
522;32;5133;;4616
522;32;4616;5133;4617
522;32;4617;4616;
522;32;4594;;4595
522;32;4595;4594;4596
522;32;4596;4595;4597
522;32;4597;4596;
522;32;4853;;4598
522;32;4598;4853;4599
522;32;4599;4598;4600
522;32;4600;4599;
522;32;4491;;4492
522;32;4492;4491;5215
522;32;5215;4492;
522;32;3930;;3931
522;32;3931;3930;
522;32;3933;;3934
522;32;3934;3933;3935
522;32;3935;3934;3936
522;32;3936;3935;3937
522;32;3937;3936;
522;32;4498;;4499
522;32;4499;4498;4500
522;32;4500;4499;4501
522;32;4501;4500;4502
522;32;4502;4501;
522;32;4426;;4427
522;32;4427;4426;4428
522;32;4428;4427;4429
522;32;4429;4428;4430
522;32;4430;4429;
522;32;4422;;4423
522;32;4423;4422;4424
522;32;4424;4423;
522;32;3911;;3912
522;32;3912;3911;3913
522;32;3913;3912;
522;32;1384;;1385
522;32;1385;1384;1386
522;32;1386;1385;1387
522;32;1387;1386;
522;32;1729;;1032
522;32;1032;1729;1033
522;32;1033;1032;1034
522;32;1034;1033;1035
522;32;1035;1034;1036
522;32;1036;1035;1037
522;32;1037;1036;1038
522;32;1038;1037;1039
522;32;1039;1038;1040
522;32;1040;1039;1041
522;32;1041;1040;5154
522;32;5154;1041;
522;32;4528;;4529
522;32;4529;4528;4530
522;32;4530;4529;4531
522;32;4531;4530;
522;32;4415;;4416
522;32;4416;4415;4417
522;32;4417;4416;4418
522;32;4418;4417;
522;32;4646;;4647
522;32;4647;4646;5067
522;32;5067;4647;
522;32;3480;;3481
522;32;3481;3480;
522;32;3407;;3408
522;32;3408;3407;3409
522;32;3409;3408;
522;32;4619;;4620
522;32;4620;4619;4621
522;32;4621;4620;
522;32;4516;;4517
522;32;4517;4516;
522;32;4359;;4360
522;32;4360;4359;4361
522;32;4361;4360;
522;32;4148;;4149
522;32;4149;4148;4150
522;32;4150;4149;
522;32;4054;;4055
522;32;4055;4054;4056
522;32;4056;4055;
522;32;397;;491
522;32;491;397;145
522;32;145;491;492
522;32;492;145;144
522;32;144;492;
522;32;4678;;4679
522;32;4679;4678;4680
522;32;4680;4679;4681
522;32;4681;4680;
522;32;148;;460
522;32;460;148;231
522;32;231;460;
522;32;147;;461
522;32;461;147;146
522;32;146;461;
522;32;4674;;4675
522;32;4675;4674;4676
522;32;4676;4675;
522;32;1695;;1696
522;32;1696;1695;1697
522;32;1697;1696;
522;32;302;;340
522;32;340;302;301
522;32;301;340;300
522;32;300;301;299
522;32;299;300;39
522;32;39;299;45
522;32;45;39;
522;32;4331;;4332
522;32;4332;4331;
522;32;4342;;4343
522;32;4343;4342;4345
522;32;4345;4343;4346
522;32;4346;4345;
522;32;3711;;3712
522;32;3712;3711;3713
522;32;3713;3712;
522;32;1510;;1511
522;32;1511;1510;
522;32;4077;;4078
522;32;4078;4077;4079
522;32;4079;4078;4080
522;32;4080;4079;
522;32;4090;;4091
522;32;4091;4090;
522;32;2873;;
522;32;5040;;1135
522;32;1135;5040;
522;32;4074;;4075
522;32;4075;4074;
522;32;4982;;4983
522;32;4983;4982;4984
522;32;4984;4983;4985
522;32;4985;4984;
522;32;4959;;4960
522;32;4960;4959;
522;32;3563;;3564
522;32;3564;3563;3565
522;32;3565;3564;
522;32;3411;;3412
522;32;3412;3411;
522;32;5045;;3364
522;32;3364;5045;
522;32;4640;;4641
522;32;4641;4640;4642
522;32;4642;4641;4643
522;32;4643;4642;4644
522;32;4644;4643;
522;32;4034;;4035
522;32;4035;4034;4036
522;32;4036;4035;
522;32;5233;;5234
522;32;5234;5233;
522;32;3611;;3612
522;32;3612;3611;
522;32;1224;;1225
522;32;1225;1224;1226
522;32;1226;1225;
522;32;3762;;3763
522;32;3763;3762;
522;32;3758;;3759
522;32;3759;3758;3760
522;32;3760;3759;
522;32;5228;;5229
522;32;5229;5228;
522;32;3681;;3682
522;32;3682;3681;3683
522;32;3683;3682;3684
522;32;3684;3683;
522;32;4139;;4140
522;32;4140;4139;4141
522;32;4141;4140;4142
522;32;4142;4141;4143
522;32;4143;4142;
522;32;3528;;3529
522;32;3529;3528;3530
522;32;3530;3529;3531
522;32;3531;3530;
522;32;4869;;3487
522;32;3487;4869;
522;32;3346;;3347
522;32;3347;3346;5036
522;32;5036;3347;
522;32;3957;;3958
522;32;3958;3957;
522;32;4085;;4086
522;32;4086;4085;4087
522;32;4087;4086;4088
522;32;4088;4087;
522;32;958;;130
522;32;130;958;129
522;32;129;130;
522;32;2679;;
522;32;1129;;1130
522;32;1130;1129;1131
522;32;1131;1130;1132
522;32;1132;1131;1133
522;32;1133;1132;1134
522;32;1134;1133;
522;32;3963;;3964
522;32;3964;3963;
522;32;878;;879
522;32;879;878;880
522;32;880;879;881
522;32;881;880;
522;32;1153;;1154
522;32;1154;1153;1155
522;32;1155;1154;
522;32;4893;;4894
522;32;4894;4893;4895
522;32;4895;4894;4896
522;32;4896;4895;4858
522;32;4858;4896;4859
522;32;4859;4858;
522;32;1636;;1637
522;32;1637;1636;
522;32;1960;;1961
522;32;1961;1960;
522;32;1957;;1958
522;32;1958;1957;
522;32;4885;;4886
522;32;4886;4885;
522;32;3493;;3494
522;32;3494;3493;3495
522;32;3495;3494;3496
522;32;3496;3495;
522;32;1630;;1631
522;32;1631;1630;
522;32;173;;261
522;32;261;173;
522;32;1627;;1628
522;32;1628;1627;
522;32;3643;;3644
522;32;3644;3643;3645
522;32;3645;3644;
522;32;3647;;3648
522;32;3648;3647;3649
522;32;3649;3648;
522;32;3309;;3310
522;32;3310;3309;3311
522;32;3311;3310;
522;32;438;;439
522;32;439;438;
522;32;1140;;1266
522;32;1266;1140;1141
522;32;1141;1266;1271
522;32;1271;1141;1272
522;32;1272;1271;1273
522;32;1273;1272;1274
522;32;1274;1273;
522;32;620;;621
522;32;621;620;622
522;32;622;621;623
522;32;623;622;1137
522;32;1137;623;1138
522;32;1138;1137;
522;32;3524;;3525
522;32;3525;3524;3526
522;32;3526;3525;
522;32;1522;;1523
522;32;1523;1522;
522;32;2663;;
522;32;1477;;1478
522;32;1478;1477;1480
522;32;1480;1478;
522;32;3627;;3628
522;32;3628;3627;
522;32;2215;;2214
522;32;2214;2215;
522;32;1534;;1535
522;32;1535;1534;
522;32;3083;;
522;32;3085;;
522;32;1818;;1819
522;32;1819;1818;1820
522;32;1820;1819;1821
522;32;1821;1820;
522;32;2887;;
522;32;4299;;4300
522;32;4300;4299;4301
522;32;4301;4300;
522;32;2915;;
522;32;2879;;
522;32;1557;;1558
522;32;1558;1557;
522;32;67;;68
522;32;68;67;71
522;32;71;68;
522;32;1289;;741
522;32;741;1289;742
522;32;742;741;743
522;32;743;742;744
522;32;744;743;1054
522;32;1054;744;1055
522;32;1055;1054;62
522;32;62;1055;
522;32;4846;;1396
522;32;1396;4846;1397
522;32;1397;1396;1398
522;32;1398;1397;1399
522;32;1399;1398;1402
522;32;1402;1399;
522;32;1548;;1549
522;32;1549;1548;
522;32;1655;;1656
522;32;1656;1655;1657
522;32;1657;1656;
522;32;4568;;4569
522;32;4569;4568;5042
522;32;5042;4569;
522;32;1659;;1660
522;32;1660;1659;5041
522;32;5041;1660;
522;32;4051;;4052
522;32;4052;4051;
522;32;688;;689
522;32;689;688;690
522;32;690;689;
522;32;1863;;1864
522;32;1864;1863;1865
522;32;1865;1864;
522;32;3899;;5123
522;32;5123;3899;
522;32;723;;724
522;32;724;723;
522;32;2393;;
522;32;89;;90
522;32;90;89;
522;32;2401;;
522;32;529;;530
522;32;530;529;531
522;32;531;530;
522;32;2357;;
522;32;2363;;
522;32;3621;;3622
522;32;3622;3621;
522;32;2149;;2150
522;32;2150;2149;2151
522;32;2151;2150;
522;32;3445;;3446
522;32;3446;3445;3447
522;32;3447;3446;3448
522;32;3448;3447;3449
522;32;3449;3448;3450
522;32;3450;3449;3451
522;32;3451;3450;3452
522;32;3452;3451;
522;32;3414;;3415
522;32;3415;3414;
522;32;5118;;1430
522;32;1430;5118;
522;32;710;;711
522;32;711;710;
522;32;4889;;4890
522;32;4890;4889;5183
522;32;5183;4890;5184
522;32;5184;5183;5185
522;32;5185;5184;
522;32;4009;;4010
522;32;4010;4009;
522;32;195;;350
522;32;350;195;445
522;32;445;350;447
522;32;447;445;448
522;32;448;447;449
522;32;449;448;198
522;32;198;449;467
522;32;467;198;197
522;32;197;467;498
522;32;498;197;499
522;32;499;498;500
522;32;500;499;1649
522;32;1649;500;1650
522;32;1650;1649;1651
522;32;1651;1650;1652
522;32;1652;1651;1653
522;32;1653;1652;
522;32;4172;;4173
522;32;4173;4172;
522;32;1294;;1295
522;32;1295;1294;1296
522;32;1296;1295;
522;32;191;;341
522;32;341;191;192
522;32;192;341;346
522;32;346;192;193
522;32;193;346;495
522;32;495;193;1096
522;32;1096;495;496
522;32;496;1096;497
522;32;497;496;1218
522;32;1218;497;977
522;32;977;1218;978
522;32;978;977;
522;32;4690;;4691
522;32;4691;4690;
522;32;171;;257
522;32;257;171;
522;32;187;;188
522;32;188;187;189
522;32;189;188;
522;32;4693;;4694
522;32;4694;4693;
522;32;172;;409
522;32;409;172;410
522;32;410;409;468
522;32;468;410;259
522;32;259;468;
522;32;280;;412
522;32;412;280;190
522;32;190;412;411
522;32;411;190;
522;32;2867;;
522;32;413;;469
522;32;469;413;312
522;32;312;469;311
522;32;311;312;
522;32;315;;415
522;32;415;315;314
522;32;314;415;416
522;32;416;314;
522;32;3982;;3983
522;32;3983;3982;
522;32;358;;488
522;32;488;358;359
522;32;359;488;489
522;32;489;359;360
522;32;360;489;
522;32;3802;;3803
522;32;3803;3802;
522;32;5295;;5296
522;32;5296;5295;
522;32;5306;;5307
522;32;5307;5306;5308
522;32;5308;5307;
522;32;2183;;5085
522;32;5085;2183;
522;32;4891;;3291
522;32;3291;4891;3292
522;32;3292;3291;3293
522;32;3293;3292;
522;32;2263;;
522;32;526;;1638
522;32;1638;526;527
522;32;527;1638;
522;32;161;;246
522;32;246;161;
522;32;1344;;162
522;32;162;1344;470
522;32;470;162;248
522;32;248;470;
522;32;5092;;327
522;32;327;5092;
522;32;3354;;3355
522;32;3355;3354;3356
522;32;3356;3355;3357
522;32;3357;3356;
522;32;1324;;898
522;32;898;1324;899
522;32;899;898;900
522;32;900;899;
522;32;895;;896
522;32;896;895;897
522;32;897;896;
522;32;1445;;1446
522;32;1446;1445;1447
522;32;1447;1446;
522;32;5008;;5009
522;32;5009;5008;5010
522;32;5010;5009;5011
522;32;5011;5010;
522;32;1365;;5012
522;32;5012;1365;953
522;32;953;5012;4800
522;32;4800;953;954
522;32;954;4800;
522;32;5337;;5013
522;32;5013;5337;1350
522;32;1350;5013;955
522;32;955;1350;956
522;32;956;955;226
522;32;226;956;4801
522;32;4801;226;957
522;32;957;4801;1734
522;32;1734;957;1735
522;32;1735;1734;1736
522;32;1736;1735;1737
522;32;1737;1736;1738
522;32;1738;1737;1739
522;32;1739;1738;1740
522;32;1740;1739;1741
522;32;1741;1740;4996
522;32;4996;1741;4997
522;32;4997;4996;4998
522;32;4998;4997;4999
522;32;4999;4998;5000
522;32;5000;4999;5001
522;32;5001;5000;5002
522;32;5002;5001;5003
522;32;5003;5002;5004
522;32;5004;5003;
522;32;5283;;5327
522;32;5327;5283;5284
522;32;5284;5327;5285
522;32;5285;5284;
522;32;5280;;5281
522;32;5281;5280;
522;32;5190;;5191
522;32;5191;5190;5192
522;32;5192;5191;5193
522;32;5193;5192;5194
522;32;5194;5193;
522;32;4883;;4882
522;32;4882;4883;2100
522;32;2100;4882;2101
522;32;2101;2100;2102
522;32;2102;2101;2105
522;32;2105;2102;2106
522;32;2106;2105;2109
522;32;2109;2106;
522;32;1331;;1333
522;32;1333;1331;
522;32;2993;;
522;32;5062;;1196
522;32;1196;5062;
522;32;4432;;4433
522;32;4433;4432;4434
522;32;4434;4433;
522;32;1121;;1122
522;32;1122;1121;1124
522;32;1124;1122;1125
522;32;1125;1124;
522;32;4994;;4995
522;32;4995;4994;
522;32;3850;;3851
522;32;3851;3850;3852
522;32;3852;3851;3853
522;32;3853;3852;3854
522;32;3854;3853;3855
522;32;3855;3854;3856
522;32;3856;3855;
522;32;3872;;3873
522;32;3873;3872;
522;32;4892;;3567
522;32;3567;4892;3568
522;32;3568;3567;3569
522;32;3569;3568;
522;32;3359;;3362
522;32;3362;3359;3363
522;32;3363;3362;5043
522;32;5043;3363;
522;32;4671;;4672
522;32;4672;4671;
522;32;1109;;1110
522;32;1110;1109;1111
522;32;1111;1110;
522;32;3439;;3440
522;32;3440;3439;3441
522;32;3441;3440;3442
522;32;3442;3441;3443
522;32;3443;3442;
522;32;3139;;
522;32;4667;;4668
522;32;4668;4667;4669
522;32;4669;4668;
522;32;5199;;5204
522;32;5204;5199;5200
522;32;5200;5204;5201
522;32;5201;5200;5202
522;32;5202;5201;
522;32;5206;;5207
522;32;5207;5206;5208
522;32;5208;5207;
522;32;389;;390
522;32;390;389;391
522;32;391;390;
522;32;135;;134
522;32;134;135;
522;32;4045;;4046
522;32;4046;4045;
522;32;451;;452
522;32;452;451;308
522;32;308;452;493
522;32;493;308;309
522;32;309;493;
522;32;1449;;1450
522;32;1450;1449;
522;32;2893;;
522;32;2909;;
522;32;3790;;3791
522;32;3791;3790;
522;32;3995;;3996
522;32;3996;3995;
522;32;2961;;
522;32;2957;;
522;32;5247;;5248
522;32;5248;5247;4208
522;32;4208;5248;4207
522;32;4207;4208;
522;32;115;;465
522;32;465;115;76
522;32;76;465;342
522;32;342;76;466
522;32;466;342;78
522;32;78;466;
522;32;2167;;2168
522;32;2168;2167;2169
522;32;2169;2168;
522;32;1071;;1072
522;32;1072;1071;1073
522;32;1073;1072;
522;32;160;;159
522;32;159;160;
522;32;5112;;3969
522;32;3969;5112;3970
522;32;3970;3969;
522;32;3486;;4868
522;32;4868;3486;
522;32;4041;;4042
522;32;4042;4041;4043
522;32;4043;4042;
522;32;3992;;3993
522;32;3993;3992;
522;32;1931;;1932
522;32;1932;1931;1933
522;32;1933;1932;1934
522;32;1934;1933;
522;32;1925;;4798
522;32;4798;1925;1926
522;32;1926;4798;
522;32;1928;;1929
522;32;1929;1928;
522;32;3985;;3988
522;32;3988;3985;3989
522;32;3989;3988;3990
522;32;3990;3989;
522;32;3021;;
522;32;5047;;2053
522;32;2053;5047;2054
522;32;2054;2053;2055
522;32;2055;2054;2056
522;32;2056;2055;2057
522;32;2057;2056;
522;32;3875;;3876
522;32;3876;3875;3877
522;32;3877;3876;
522;32;3839;;3840
522;32;3840;3839;5048
522;32;5048;3840;
522;32;5051;;3841
522;32;3841;5051;
522;32;3843;;3844
522;32;3844;3843;3845
522;32;3845;3844;
522;32;158;;157
522;32;157;158;242
522;32;242;157;
522;32;3866;;3867
522;32;3867;3866;
522;32;5046;;761
522;32;761;5046;244
522;32;244;761;
522;32;384;;385
522;32;385;384;386
522;32;386;385;
522;32;960;;961
522;32;961;960;
522;32;4970;;4971
522;32;4971;4970;
522;32;3129;;
522;32;4683;;4684
522;32;4684;4683;4685
522;32;4685;4684;
522;32;169;;471
522;32;471;169;253
522;32;253;471;
522;32;1585;;1586
522;32;1586;1585;1587
522;32;1587;1586;
522;32;4687;;4688
522;32;4688;4687;
522;32;170;;255
522;32;255;170;
522;32;580;;581
522;32;581;580;582
522;32;582;581;583
522;32;583;582;
522;32;1328;;1329
522;32;1329;1328;
522;32;3521;;3522
522;32;3522;3521;
522;32;5;26;6
522;32;6;5;127
522;32;127;6;8
522;32;8;127;9
522;32;9;8;1145
522;32;1145;9;93
522;32;93;1145;10
522;32;10;93;1668
522;32;1668;10;12
522;32;12;1668;13
522;32;13;12;14
522;32;14;13;15
522;32;15;14;16
522;32;16;15;17
522;32;17;16;18
522;32;18;17;19
522;32;19;18;1208
522;32;1208;19;1209
522;32;1209;1208;20
522;32;20;1209;21
522;32;21;20;22
522;32;22;21;28
522;32;28;22;23
522;32;23;28;24
522;32;24;23;25
522;32;25;24;26
522;32;26;25;5
522;32;2449;;
522;32;2223;;
522;32;2403;;
522;32;2355;;
522;32;2361;;
522;32;2261;;
522;32;2231;;
522;32;3137;;
522;32;2287;;
522;32;2295;;
522;32;2415;;
522;32;2411;;
522;32;2265;;
522;32;2271;;
522;32;2279;;
522;32;2237;;
522;32;2245;;
522;32;2325;;
522;32;2431;;
522;32;2435;;
522;32;2433;;
522;32;2343;;
522;32;2349;;
522;32;2249;;
522;32;2251;;
522;32;2253;;
522;32;2255;;
522;32;2257;;
522;32;2267;;
522;32;2221;;
522;32;2405;;
522;32;2331;;
522;32;2337;;
522;32;2365;;
522;32;2371;;
522;32;2311;;
522;32;2299;;
522;32;2301;;
522;32;2307;;
522;32;2285;;
522;32;2423;;
522;32;2427;;
522;32;2273;;
522;32;2275;;
522;32;2235;;
522;32;2241;;
522;32;2293;;
522;32;2407;;
522;32;2395;;
522;32;2443;;
522;32;2321;;
522;32;2313;;
522;32;2347;;
522;32;2259;;
522;32;2227;;
522;32;2229;;
522;32;2335;;
522;32;2367;;
522;32;2389;;
522;32;2317;;
522;32;4307;;4308
522;32;4308;4307;
522;32;3730;;3731
522;32;3731;3730;
522;32;5052;;4543
522;32;4543;5052;4544
522;32;4544;4543;
522;32;4899;;4900
522;32;4900;4899;
522;32;1829;;1830
522;32;1830;1829;4897
522;32;4897;1830;
522;32;4902;;4903
522;32;4903;4902;
522;32;3805;;3806
522;32;3806;3805;3807
522;32;3807;3806;
522;32;1643;;1644
522;32;1644;1643;1645
522;32;1645;1644;
522;32;5310;;5311
522;32;5311;5310;5312
522;32;5312;5311;
522;32;3798;;3799
522;32;3799;3798;3800
522;32;3800;3799;
522;32;947;;948
522;32;948;947;
522;32;1823;;1824
522;32;1824;1823;
522;32;3483;;3484
522;32;3484;3483;
522;32;3669;;3670
522;32;3670;3669;
522;32;2453;;
522;32;2461;;
522;32;3141;;
522;32;2451;;
522;32;2463;;
522;32;1673;;1674
522;32;1674;1673;1675
522;32;1675;1674;
522;32;2455;;
522;32;2457;;
522;32;2459;;
522;32;5258;;5259
522;32;5259;5258;5260
522;32;5260;5259;
522;32;2023;;2024
522;32;2024;2023;
522;32;5253;;5254
522;32;5254;5253;5255
522;32;5255;5254;5256
522;32;5256;5255;
522;32;5262;;5263
522;32;5263;5262;
522;32;2160;;2161
522;32;2161;2160;
522;32;1246;;596
522;32;596;1246;597
522;32;597;596;1227
522;32;1227;597;
522;32;2587;;
522;32;2603;;
522;32;2581;;
522;32;2605;;
522;32;2607;;
522;32;1670;;1671
522;32;1671;1670;
522;32;2585;;
522;32;2601;;
522;32;2593;;
522;32;4602;;4603
522;32;4603;4602;4604
522;32;4604;4603;4605
522;32;4605;4604;
522;32;4607;;4608
522;32;4608;4607;
522;32;4513;;4514
522;32;4514;4513;
522;32;4507;;4508
522;32;4508;4507;
522;32;4510;;4511
522;32;4511;4510;
522;32;1537;;1538
522;32;1538;1537;1539
522;32;1539;1538;
522;32;4236;;4237
522;32;4237;4236;4238
522;32;4238;4237;4239
522;32;4239;4238;4240
522;32;4240;4239;
522;32;175;;472
522;32;472;175;176
522;32;176;472;473
522;32;473;176;264
522;32;264;473;178
522;32;178;264;
522;32;4777;;4778
522;32;4778;4777;4779
522;32;4779;4778;
522;32;268;;181
522;32;181;268;182
522;32;182;181;
522;32;4773;;4774
522;32;4774;4773;4775
522;32;4775;4774;
522;32;266;;179
522;32;179;266;474
522;32;474;179;180
522;32;180;474;
522;32;2797;;
522;32;2781;;
522;32;5018;;5019
522;32;5019;5018;5020
522;32;5020;5019;418
522;32;418;5020;419
522;32;419;418;799
522;32;799;419;420
522;32;420;799;475
522;32;475;420;177
522;32;177;475;
522;32;2657;;
522;32;2661;;
522;32;2795;;
522;32;2783;;
522;32;2651;;
522;32;2653;;
522;32;2655;;
522;32;2805;;
522;32;2779;;
522;32;4178;;4179
522;32;4179;4178;4180
522;32;4180;4179;4181
522;32;4181;4180;4182
522;32;4182;4181;4183
522;32;4183;4182;
522;32;1568;;1569
522;32;1569;1568;1570
522;32;1570;1569;1571
522;32;1571;1570;1572
522;32;1572;1571;4184
522;32;4184;1572;
522;32;399;;400
522;32;400;399;60
522;32;60;400;463
522;32;463;60;1368
522;32;1368;463;63
522;32;63;1368;348
522;32;348;63;328
522;32;328;348;
522;32;2533;;
522;32;2537;;
522;32;2531;;
522;32;2541;;
522;32;4770;;4771
522;32;4771;4770;
522;32;402;;403
522;32;403;402;404
522;32;404;403;
522;32;4766;;4767
522;32;4767;4766;4768
522;32;4768;4767;
522;32;329;;349
522;32;349;329;316
522;32;316;349;
522;32;5146;;5147
522;32;5147;5146;5148
522;32;5148;5147;
522;32;4546;;4547
522;32;4547;4546;4548
522;32;4548;4547;
522;32;4136;;1323
522;32;1323;4136;1322
522;32;1322;1323;4137
522;32;4137;1322;
522;32;3651;;5057
522;32;5057;3651;
522;32;5056;;3653
522;32;3653;5056;5241
522;32;5241;3653;
522;32;1692;;1693
522;32;1693;1692;
522;32;585;;586
522;32;586;585;587
522;32;587;586;
522;32;1075;;1076
522;32;1076;1075;
522;32;2082;;2083
522;32;2083;2082;
522;32;2079;;2080
522;32;2080;2079;
522;32;2076;;2077
522;32;2077;2076;
522;32;1579;;1580
522;32;1580;1579;
522;32;132;;429
522;32;429;132;1144
522;32;1144;429;430
522;32;430;1144;131
522;32;131;430;
522;32;4794;;4795
522;32;4795;4794;4796
522;32;4796;4795;1754
522;32;1754;4796;
522;32;1575;;1576
522;32;1576;1575;1577
522;32;1577;1576;
522;32;4447;;4448
522;32;4448;4447;4449
522;32;4449;4448;4450
522;32;4450;4449;
522;32;3787;;3788
522;32;3788;3787;
522;32;1730;;589
522;32;589;1730;590
522;32;590;589;591
522;32;591;590;1731
522;32;1731;591;
522;32;1918;;1919
522;32;1919;1918;1920
522;32;1920;1919;
522;32;5103;;633
522;32;633;5103;634
522;32;634;633;
522;32;1915;;1916
522;32;1916;1915;
522;32;2289;;
522;32;2297;;
522;32;2291;;
522;32;4730;;4731
522;32;4731;4730;
522;32;552;;553
522;32;553;552;554
522;32;554;553;
522;32;3508;;3509
522;32;3509;3508;3510
522;32;3510;3509;
522;32;3300;;3301
522;32;3301;3300;3302
522;32;3302;3301;3303
522;32;3303;3302;
522;32;4792;;4791
522;32;4791;4792;4790
522;32;4790;4791;4789
522;32;4789;4790;
522;32;2421;;
522;32;4744;;4745
522;32;4745;4744;
522;32;3608;;3609
522;32;3609;3608;
522;32;1436;;908
522;32;908;1436;909
522;32;909;908;910
522;32;910;909;911
522;32;911;910;
522;32;4785;;4786
522;32;4786;4785;4787
522;32;4787;4786;
522;32;3752;;3753
522;32;3753;3752;3754
522;32;3754;3753;3755
522;32;3755;3754;3756
522;32;3756;3755;
522;32;2417;;
522;32;2419;;
522;32;2425;;
522;32;2413;;
522;32;2429;;
522;32;556;;557
522;32;557;556;
522;32;914;;913
522;32;913;914;
522;32;138;;137
522;32;137;138;
522;32;3498;;3499
522;32;3499;3498;
522;32;1545;;1546
522;32;1546;1545;
522;32;3241;;3245
522;32;3245;3241;3247
522;32;3247;3245;3248
522;32;3248;3247;
522;32;522;;523
522;32;523;522;524
522;32;524;523;1180
522;32;1180;524;
522;32;4736;;4737
522;32;4737;4736;
522;32;4733;;4734
522;32;4734;4733;
522;32;515;;516
522;32;516;515;517
522;32;517;516;
522;32;4659;;4660
522;32;4660;4659;4661
522;32;4661;4660;4662
522;32;4662;4661;4663
522;32;4663;4662;4664
522;32;4664;4663;4665
522;32;4665;4664;
522;32;2269;;
522;32;2281;;
522;32;2277;;
522;32;519;;520
522;32;520;519;
522;32;2923;;
522;32;671;;672
522;32;672;671;673
522;32;673;672;674
522;32;674;673;675
522;32;675;674;676
522;32;676;675;677
522;32;677;676;1732
522;32;1732;677;1733
522;32;1733;1732;
522;32;669;;668
522;32;668;669;667
522;32;667;668;
522;32;3604;;5096
522;32;5096;3604;
522;32;4242;;4243
522;32;4243;4242;4244
522;32;4244;4243;4245
522;32;4245;4244;
522;32;2569;;
522;32;2565;;
522;32;2573;;
522;32;2579;;
522;32;1992;;1993
522;32;1993;1992;
522;32;4904;;3580
522;32;3580;4904;3581
522;32;3581;3580;3582
522;32;3582;3581;3583
522;32;3583;3582;
522;32;3577;;3578
522;32;3578;3577;
522;32;599;;600
522;32;600;599;601
522;32;601;600;603
522;32;603;601;
522;32;726;;727
522;32;727;726;728
522;32;728;727;
522;32;337;;338
522;32;338;337;339
522;32;339;338;351
522;32;351;339;
522;32;4540;;4541
522;32;4541;4540;4542
522;32;4542;4541;5054
522;32;5054;4542;
522;32;1608;;1609
522;32;1609;1608;1610
522;32;1610;1609;5082
522;32;5082;1610;
522;32;168;;477
522;32;477;168;476
522;32;476;477;167
522;32;167;476;
522;32;155;;421
522;32;421;155;422
522;32;422;421;423
522;32;423;422;238
522;32;238;423;
522;32;660;;659
522;32;659;660;658
522;32;658;659;
522;32;3339;;3340
522;32;3340;3339;3341
522;32;3341;3340;
522;32;3749;;3750
522;32;3750;3749;
522;32;4098;;4099
522;32;4099;4098;
522;32;5059;;3342
522;32;3342;5059;3343
522;32;3343;3342;3344
522;32;3344;3343;
522;32;5302;;5303
522;32;5303;5302;5304
522;32;5304;5303;
522;32;5087;;3602
522;32;3602;5087;
522;32;4303;;4304
522;32;4304;4303;4305
522;32;4305;4304;
522;32;3517;;3518
522;32;3518;3517;3519
522;32;3519;3518;
522;32;4126;;4127
522;32;4127;4126;4128
522;32;4128;4127;4129
522;32;4129;4128;
522;32;4256;;4257
522;32;4257;4256;4258
522;32;4258;4257;
522;32;4334;;4335
522;32;4335;4334;4336
522;32;4336;4335;
522;32;4252;;4253
522;32;4253;4252;4254
522;32;4254;4253;
522;32;5071;;4122
522;32;4122;5071;4123
522;32;4123;4122;4124
522;32;4124;4123;
522;32;1528;;1529
522;32;1529;1528;
522;32;4221;;4222
522;32;4222;4221;4223
522;32;4223;4222;
522;32;4247;;4248
522;32;4248;4247;4249
522;32;4249;4248;4250
522;32;4250;4249;
522;32;4063;;4064
522;32;4064;4063;4065
522;32;4065;4064;
522;32;371;;372
522;32;372;371;5120
522;32;5120;372;
522;32;644;;645
522;32;645;644;646
522;32;646;645;647
522;32;647;646;
522;32;4479;;4480
522;32;4480;4479;4481
522;32;4481;4480;
522;32;4488;;4489
522;32;4489;4488;
522;32;701;;702
522;32;702;701;
522;32;1191;;1193
522;32;1193;1191;1194
522;32;1194;1193;1195
522;32;1195;1194;5060
522;32;5060;1195;
522;32;1843;;1844
522;32;1844;1843;
522;32;1832;;1833
522;32;1833;1832;1834
522;32;1834;1833;
522;32;1468;;1469
522;32;1469;1468;2122
522;32;2122;1469;2123
522;32;2123;2122;2124
522;32;2124;2123;
522;32;2129;;2130
522;32;2130;2129;2131
522;32;2131;2130;2132
522;32;2132;2131;2133
522;32;2133;2132;2134
522;32;2134;2133;2135
522;32;2135;2134;2136
522;32;2136;2135;
522;32;2126;;2127
522;32;2127;2126;
522;32;1995;;1996
522;32;1996;1995;1997
522;32;1997;1996;1998
522;32;1998;1997;1999
522;32;1999;1998;2000
522;32;2000;1999;
522;32;3886;;3887
522;32;3887;3886;
522;32;1600;;1601
522;32;1601;1600;1602
522;32;1602;1601;
522;32;3077;;
522;32;3037;;
522;32;2008;;2009
522;32;2009;2008;2010
522;32;2010;2009;2011
522;32;2011;2010;2012
522;32;2012;2011;2013
522;32;2013;2012;2014
522;32;2014;2013;5063
522;32;5063;2014;
522;32;1051;;1052
522;32;1052;1051;1366
522;32;1366;1052;1053
522;32;1053;1366;
522;32;4402;;4403
522;32;4403;4402;4404
522;32;4404;4403;
522;32;1044;;1045
522;32;1045;1044;1046
522;32;1046;1045;1047
522;32;1047;1046;1048
522;32;1048;1047;1049
522;32;1049;1048;
522;32;4942;;4943
522;32;4943;4942;4944
522;32;4944;4943;
522;32;234;;478
522;32;478;234;1288
522;32;1288;478;
522;32;4104;;4105
522;32;4105;4104;4106
522;32;4106;4105;4107
522;32;4107;4106;
522;32;5216;;4493
522;32;4493;5216;4494
522;32;4494;4493;4495
522;32;4495;4494;4496
522;32;4496;4495;
522;32;3890;;3891
522;32;3891;3890;3892
522;32;3892;3891;3893
522;32;3893;3892;3894
522;32;3894;3893;
522;32;3896;;3897
522;32;3897;3896;
522;32;3915;;3916
522;32;3916;3915;5251
522;32;5251;3916;
522;32;1377;;1378
522;32;1378;1377;1381
522;32;1381;1378;
522;32;1382;;1370
522;32;1370;1382;1371
522;32;1371;1370;1372
522;32;1372;1371;1373
522;32;1373;1372;1374
522;32;1374;1373;
522;32;1305;;1306
522;32;1306;1305;1307
522;32;1307;1306;1349
522;32;1349;1307;1308
522;32;1308;1349;1309
522;32;1309;1308;1310
522;32;1310;1309;
522;32;5138;;4560
522;32;4560;5138;4561
522;32;4561;4560;5066
522;32;5066;4561;4650
522;32;4650;5066;4651
522;32;4651;4650;
522;32;4536;;4537
522;32;4537;4536;4538
522;32;4538;4537;
522;32;1887;;3831
522;32;3831;1887;3834
522;32;3834;3831;3835
522;32;3835;3834;3836
522;32;3836;3835;5083
522;32;5083;3836;
522;32;2157;;2158
522;32;2158;2157;
522;32;1702;;1703
522;32;1703;1702;1704
522;32;1704;1703;
522;32;4351;;4352
522;32;4352;4351;
522;32;4348;;4349
522;32;4349;4348;
522;32;4835;;4836
522;32;4836;4835;4837
522;32;4837;4836;4838
522;32;4838;4837;4839
522;32;4839;4838;4840
522;32;4840;4839;4841
522;32;4841;4840;4842
522;32;4842;4841;
522;32;5069;;331
522;32;331;5069;
522;32;4696;;4697
522;32;4697;4696;4698
522;32;4698;4697;
522;32;903;;407
522;32;407;903;408
522;32;408;407;
522;32;4701;;4702
522;32;4702;4701;
522;32;4704;;4705
522;32;4705;4704;
522;32;2239;;
522;32;2233;;
522;32;2247;;
522;32;2243;;
522;32;320;;343
522;32;343;320;80
522;32;80;343;344
522;32;344;80;82
522;32;82;344;
522;32;4118;;4119
522;32;4119;4118;5070
522;32;5070;4119;
522;32;4213;;4214
522;32;4214;4213;
522;32;4216;;4217
522;32;4217;4216;4218
522;32;4218;4217;4219
522;32;4219;4218;
522;32;4210;;4211
522;32;4211;4210;
522;32;1582;;1583
522;32;1583;1582;
522;32;149;;393
522;32;393;149;
522;32;5265;;5266
522;32;5266;5265;5267
522;32;5267;5266;
522;32;5270;;5271
522;32;5271;5270;5272
522;32;5272;5271;
522;32;4001;;4002
522;32;4002;4001;4003
522;32;4003;4002;
522;32;3261;;3262
522;32;3262;3261;
522;32;3258;;3259
522;32;3259;3258;
522;32;3655;;3656
522;32;3656;3655;3657
522;32;3657;3656;3658
522;32;3658;3657;
522;32;1173;;1174
522;32;1174;1173;
522;32;2002;;2003
522;32;2003;2002;2006
522;32;2006;2003;
522;32;3998;;3999
522;32;3999;3998;
522;32;5114;;5115
522;32;5115;5114;
522;32;4991;;4992
522;32;4992;4991;
522;32;4655;;4656
522;32;4656;4655;4657
522;32;4657;4656;
522;32;2283;;
522;32;1183;;1184
522;32;1184;1183;1185
522;32;1185;1184;
522;32;4027;;4028
522;32;4028;4027;
522;32;2789;;
522;32;5347;;984
522;32;984;5347;985
522;32;985;984;1355
522;32;1355;985;986
522;32;986;1355;987
522;32;987;986;988
522;32;988;987;989
522;32;989;988;990
522;32;990;989;1097
522;32;1097;990;1714
522;32;1714;1097;1715
522;32;1715;1714;1716
522;32;1716;1715;5210
522;32;5210;1716;1717
522;32;1717;5210;1718
522;32;1718;1717;1719
522;32;1719;1718;1720
522;32;1720;1719;1721
522;32;1721;1720;1722
522;32;1722;1721;1723
522;32;1723;1722;1724
522;32;1724;1723;1725
522;32;1725;1724;1728
522;32;1728;1725;
522;32;5345;;1360
522;32;1360;5345;933
522;32;933;1360;932
522;32;932;933;4804
522;32;4804;932;931
522;32;931;4804;
522;32;2059;;2060
522;32;2060;2059;
522;32;5339;;4805
522;32;4805;5339;944
522;32;944;4805;945
522;32;945;944;1757
522;32;1757;945;1758
522;32;1758;1757;1759
522;32;1759;1758;1760
522;32;1760;1759;1761
522;32;1761;1760;
522;32;5341;;938
522;32;938;5341;1362
522;32;1362;938;937
522;32;937;1362;
522;32;1708;;1709
522;32;1709;1708;940
522;32;940;1709;1361
522;32;1361;940;939
522;32;939;1361;
522;32;1318;;1319
522;32;1319;1318;1320
522;32;1320;1319;1712
522;32;1712;1320;1710
522;32;1710;1712;5022
522;32;5022;1710;1711
522;32;1711;5022;
522;32;5343;;1231
522;32;1231;5343;1230
522;32;1230;1231;86
522;32;86;1230;5016
522;32;5016;86;87
522;32;87;5016;875
522;32;875;87;
522;32;1753;;4860
522;32;4860;1753;1755
522;32;1755;4860;1756
522;32;1756;1755;1677
522;32;1677;1756;1678
522;32;1678;1677;1679
522;32;1679;1678;1680
522;32;1680;1679;1681
522;32;1681;1680;1682
522;32;1682;1681;1683
522;32;1683;1682;1684
522;32;1684;1683;1687
522;32;1687;1684;1688
522;32;1688;1687;1689
522;32;1689;1688;1690
522;32;1690;1689;
522;32;2555;;
522;32;2707;;
522;32;2689;;
522;32;2701;;
522;32;2949;;
522;32;2951;;
522;32;2953;;
522;32;1312;;1313
522;32;1313;1312;1314
522;32;1314;1313;1315
522;32;1315;1314;4799
522;32;4799;1315;4626
522;32;4626;4799;4627
522;32;4627;4626;4628
522;32;4628;4627;4629
522;32;4629;4628;5021
522;32;5021;4629;4630
522;32;4630;5021;4631
522;32;4631;4630;4632
522;32;4632;4631;4633
522;32;4633;4632;4634
522;32;4634;4633;4635
522;32;4635;4634;4909
522;32;4909;4635;4910
522;32;4910;4909;4855
522;32;4855;4910;
522;32;4571;;4572
522;32;4572;4571;4573
522;32;4573;4572;4574
522;32;4574;4573;
522;32;4844;;4845
522;32;4845;4844;
522;32;2751;;
522;32;2739;;
522;32;2735;;
522;32;330;;83
522;32;83;330;84
522;32;84;83;5023
522;32;5023;84;5024
522;32;5024;5023;872
522;32;872;5024;5025
522;32;5025;872;969
522;32;969;5025;77
522;32;77;969;1394
522;32;1394;77;
522;32;2733;;
522;32;2753;;
522;32;2969;;
522;32;2991;;
522;32;2973;;
522;32;2971;;
522;32;2729;;
522;32;2981;;
522;32;2749;;
522;32;2985;;
522;32;2989;;
522;32;2987;;
522;32;2983;;
522;32;5329;;5330
522;32;5330;5329;5331
522;32;5331;5330;5332
522;32;5332;5331;5333
522;32;5333;5332;5334
522;32;5334;5333;5335
522;32;5335;5334;
522;32;3434;;3435
522;32;3435;3434;4911
522;32;4911;3435;3436
522;32;3436;4911;4912
522;32;4912;3436;5211
522;32;5211;4912;
522;32;4864;;3475
522;32;3475;4864;3476
522;32;3476;3475;3477
522;32;3477;3476;3478
522;32;3478;3477;
522;32;3473;;3474
522;32;3474;3473;4913
522;32;4913;3474;4802
522;32;4802;4913;4863
522;32;4863;4802;
522;32;5032;;5033
522;32;5033;5032;
522;32;1335;;1336
522;32;1336;1335;
522;32;1341;;1342
522;32;1342;1341;1343
522;32;1343;1342;
522;32;274;;382
522;32;382;274;479
522;32;479;382;185
522;32;185;479;
522;32;1338;;1339
522;32;1339;1338;
522;32;2329;;
522;32;3793;;3794
522;32;3794;3793;3795
522;32;3795;3794;3796
522;32;3796;3795;
522;32;2035;;2036
522;32;2036;2035;
522;32;2032;;2033
522;32;2033;2032;
522;32;1616;;1617
522;32;1617;1616;
522;32;3902;;3903
522;32;3903;3902;3904
522;32;3904;3903;3905
522;32;3905;3904;4908
522;32;4908;3905;4924
522;32;4924;4908;5177
522;32;5177;4924;
522;32;1894;;1895
522;32;1895;1894;1896
522;32;1896;1895;
522;32;4195;;4196
522;32;4196;4195;
522;32;4965;;4190
522;32;4190;4965;4191
522;32;4191;4190;4192
522;32;4192;4191;4193
522;32;4193;4192;
522;32;4186;;4187
522;32;4187;4186;4188
522;32;4188;4187;
522;32;2048;;2049
522;32;2049;2048;2050
522;32;2050;2049;
522;32;2045;;2046
522;32;2046;2045;
522;32;4048;;4049
522;32;4049;4048;
522;32;1854;;1855
522;32;1855;1854;
522;32;4931;;4932
522;32;4932;4931;
522;32;4475;;4476
522;32;4476;4475;4477
522;32;4477;4476;
522;32;1211;;1212
522;32;1212;1211;
522;32;2091;;2092
522;32;2092;2091;
522;32;1265;;1264
522;32;1264;1265;1263
522;32;1263;1264;1262
522;32;1262;1263;
522;32;3007;;
522;32;4459;;5099
522;32;5099;4459;
522;32;5097;;4460
522;32;4460;5097;
522;32;1954;;1955
522;32;1955;1954;
522;32;1503;;1490
522;32;1490;1503;1491
522;32;1491;1490;1492
522;32;1492;1491;1493
522;32;1493;1492;1494
522;32;1494;1493;
522;32;1826;;1827
522;32;1827;1826;
522;32;4398;;4399
522;32;4399;4398;4400
522;32;4400;4399;
522;32;3585;;3586
522;32;3586;3585;3587
522;32;3587;3586;
522;32;3593;;3594
522;32;3594;3593;3595
522;32;3595;3594;
522;32;5150;;5151
522;32;5151;5150;5152
522;32;5152;5151;5153
522;32;5153;5152;
522;32;4311;;4312
522;32;4312;4311;4313
522;32;4313;4312;4314
522;32;4314;4313;
522;32;4871;;4315
522;32;4315;4871;4316
522;32;4316;4315;
522;32;4294;;4295
522;32;4295;4294;4296
522;32;4296;4295;
522;32;201;;200
522;32;200;201;
522;32;3550;;3551
522;32;3551;3550;3552
522;32;3552;3551;
522;32;203;;202
522;32;202;203;285
522;32;285;202;
522;32;3536;;3537
522;32;3537;3536;3538
522;32;3538;3537;
522;32;3011;;
522;32;3847;;3848
522;32;3848;3847;
522;32;3009;;
522;32;3546;;3547
522;32;3547;3546;3548
522;32;3548;3547;
522;32;5140;;5141
522;32;5141;5140;5142
522;32;5142;5141;5143
522;32;5143;5142;5144
522;32;5144;5143;
522;32;2399;;
522;32;2397;;
522;32;549;;550
522;32;550;549;
522;32;4739;;4740
522;32;4740;4739;4741
522;32;4741;4740;4742
522;32;4742;4741;
522;32;3512;;3513
522;32;3513;3512;3514
522;32;3514;3513;3515
522;32;3515;3514;
522;32;4289;;4290
522;32;4290;4289;4291
522;32;4291;4290;4292
522;32;4292;4291;
522;32;4273;;4274
522;32;4274;4273;4287
522;32;4287;4274;4275
522;32;4275;4287;
522;32;5074;;1597
522;32;1597;5074;1598
522;32;1598;1597;
522;32;4131;;4132
522;32;4132;4131;4133
522;32;4133;4132;4134
522;32;4134;4133;4135
522;32;4135;4134;
522;32;4269;;4270
522;32;4270;4269;4271
522;32;4271;4270;
522;32;1452;;1453
522;32;1453;1452;
522;32;2445;;
522;32;2439;;
522;32;559;;560
522;32;560;559;561
522;32;561;560;1774
522;32;1774;561;
522;32;2437;;
522;32;4754;;4755
522;32;4755;4754;4756
522;32;4756;4755;4757
522;32;4757;4756;4758
522;32;4758;4757;4759
522;32;4759;4758;
522;32;2441;;
522;32;2617;;
522;32;2639;;
522;32;1345;;924
522;32;924;1345;
522;32;2509;;
522;32;2507;;
522;32;2517;;
522;32;2615;;
522;32;4747;;4748
522;32;4748;4747;4749
522;32;4749;4748;4750
522;32;4750;4749;4751
522;32;4751;4750;4752
522;32;4752;4751;
522;32;2497;;
522;32;2523;;
522;32;2525;;
522;32;2763;;
522;32;2777;;
522;32;926;;925
522;32;925;926;
522;32;2765;;
522;32;2773;;
522;32;679;;680
522;32;680;679;1277
522;32;1277;680;1278
522;32;1278;1277;
522;32;2621;;
522;32;2619;;
522;32;2625;;
522;32;2761;;
522;32;2623;;
522;32;3123;;
522;32;5027;;5028
522;32;5028;5027;
522;32;2775;;
522;32;2088;;5080
522;32;5080;2088;
522;32;4395;;4396
522;32;4396;4395;
522;32;3975;;3976
522;32;3976;3975;
522;32;698;;699
522;32;699;698;
522;32;2863;;
522;32;4093;;4094
522;32;4094;4093;4095
522;32;4095;4094;4096
522;32;4096;4095;
522;32;1989;;1990
522;32;1990;1989;
522;32;1496;;1497
522;32;1497;1496;
522;32;4483;;4484
522;32;4484;4483;4485
522;32;4485;4484;4486
522;32;4486;4485;
522;32;5274;;5275
522;32;5275;5274;
522;32;5277;;5278
522;32;5278;5277;
522;32;1551;;1552
522;32;1552;1551;
522;32;1420;;1421
522;32;1421;1420;1422
522;32;1422;1421;1423
522;32;1423;1422;
522;32;5081;;1613
522;32;1613;5081;1614
522;32;1614;1613;
522;32;889;;890
522;32;890;889;
522;32;1004;1777;4803
522;32;4803;1004;1778
522;32;1778;4803;1779
522;32;1779;1778;1003
522;32;1003;1779;1002
522;32;1002;1003;1001
522;32;1001;1002;1000
522;32;1000;1001;999
522;32;999;1000;4861
522;32;4861;999;998
522;32;998;4861;997
522;32;997;998;996
522;32;996;997;995
522;32;995;996;4918
522;32;4918;995;4919
522;32;4919;4918;4920
522;32;4920;4919;4921
522;32;4921;4920;4922
522;32;4922;4921;5029
522;32;5029;4922;4923
522;32;4923;5029;4915
522;32;4915;4923;4916
522;32;4916;4915;282
522;32;282;4916;278
522;32;278;282;228
522;32;228;278;227
522;32;227;228;1775
522;32;1775;227;1022
522;32;1022;1775;5030
522;32;5030;1022;1021
522;32;1021;5030;1020
522;32;1020;1021;1019
522;32;1019;1020;1018
522;32;1018;1019;1017
522;32;1017;1018;1015
522;32;1015;1017;1014
522;32;1014;1015;1776
522;32;1776;1014;1352
522;32;1352;1776;1013
522;32;1013;1352;1012
522;32;1012;1013;1011
522;32;1011;1012;1010
522;32;1010;1011;1009
522;32;1009;1010;1008
522;32;1008;1009;1007
522;32;1007;1008;5031
522;32;5031;1007;1006
522;32;1006;5031;1777
522;32;1777;1006;1004
522;32;4552;;4553
522;32;4553;4552;4554
522;32;4554;4553;
522;32;2481;;
522;32;2485;;
522;32;2489;;
522;32;5213;;4419
522;32;4419;5213;4420
522;32;4420;4419;
522;32;4411;;4412
522;32;4412;4411;4413
522;32;4413;4412;
522;32;3427;;3428
522;32;3428;3427;3429
522;32;3429;3428;
522;32;4726;;4727
522;32;4727;4726;4728
522;32;4728;4727;
522;32;4015;;4016
522;32;4016;4015;4017
522;32;4017;4016;4018
522;32;4018;4017;
522;32;4563;;4564
522;32;4564;4563;4565
522;32;4565;4564;4566
522;32;4566;4565;
522;32;4406;;4407
522;32;4407;4406;4408
522;32;4408;4407;4409
522;32;4409;4408;
522;32;4067;;4068
522;32;4068;4067;
522;32;5134;;4204
522;32;4204;5134;4205
522;32;4205;4204;
522;32;2184;;2185
522;32;2185;2184;2186
522;32;2186;2185;
522;32;3295;;3296
522;32;3296;3295;3297
522;32;3297;3296;3298
522;32;3298;3297;
522;32;3220;;3221
522;32;3221;3220;
522;32;3095;;
522;32;3089;;
522;32;1969;;1970
522;32;1970;1969;1971
522;32;1971;1970;
522;32;1438;;1439
522;32;1439;1438;1440
522;32;1440;1439;
522;32;2174;;2175
522;32;2175;2174;2176
522;32;2176;2175;2177
522;32;2177;2176;
522;32;746;;747
522;32;747;746;748
522;32;748;747;
522;32;4610;;4611
522;32;4611;4610;
522;32;5126;;4614
522;32;4614;5126;
522;32;4613;;5124
522;32;5124;4613;
522;32;3817;;3818
522;32;3818;3817;3819
522;32;3819;3818;3820
522;32;3820;3819;
522;32;505;;506
522;32;506;505;
522;32;1780;;594
522;32;594;1780;593
522;32;593;594;
522;32;5298;;5299
522;32;5299;5298;5300
522;32;5300;5299;
522;32;1214;;1215
522;32;1215;1214;1216
522;32;1216;1215;
522;32;3504;;3505
522;32;3505;3504;3506
522;32;3506;3505;
522;32;3598;;3599
522;32;3599;3598;3600
522;32;3600;3599;3601
522;32;3601;3600;
522;32;1781;;1464
522;32;1464;1781;1465
522;32;1465;1464;1466
522;32;1466;1465;
522;32;3883;;3884
522;32;3884;3883;
522;32;3305;;3306
522;32;3306;3305;3307
522;32;3307;3306;
522;32;4953;;4954
522;32;4954;4953;
522;32;3972;;3973
522;32;3973;3972;
522;32;3977;;150
522;32;150;3977;490
522;32;490;150;395
522;32;395;490;
522;32;4071;;4072
522;32;4072;4071;
522;32;4070;;5089
522;32;5089;4070;
522;32;1482;;1483
522;32;1483;1482;1484
522;32;1484;1483;1485
522;32;1485;1484;
522;32;2375;;
522;32;3618;;3619
522;32;3619;3618;
522;32;3954;;3955
522;32;3955;3954;
522;32;3960;;3961
522;32;3961;3960;
522;32;5315;;1415
522;32;1415;5315;1416
522;32;1416;1415;5316
522;32;5316;1416;
522;32;5287;;5288
522;32;5288;5287;5289
522;32;5289;5288;5290
522;32;5290;5289;
522;32;3501;;3502
522;32;3502;3501;
522;32;5077;;5078
522;32;5078;5077;5079
522;32;5079;5078;
522;32;1157;;1158
522;32;1158;1157;1159
522;32;1159;1158;
522;32;1519;;1520
522;32;1520;1519;
522;32;1516;;1517
522;32;1517;1516;
522;32;4229;;4230
522;32;4230;4229;4231
522;32;4231;4230;
522;32;4225;;4226
522;32;4226;4225;4227
522;32;4227;4226;
522;32;4233;;4234
522;32;4234;4233;
522;32;1633;;1634
522;32;1634;1633;
522;32;3423;;3424
522;32;3424;3423;3425
522;32;3425;3424;
522;32;3417;;3418
522;32;3418;3417;
522;32;3637;;3638
522;32;3638;3637;3639
522;32;3639;3638;3640
522;32;3640;3639;
522;32;1187;;1188
522;32;1188;1187;1189
522;32;1189;1188;
522;32;4152;;4153
522;32;4153;4152;
522;32;2017;;2018
522;32;2018;2017;
522;32;3624;;3625
522;32;3625;3624;
522;32;2038;;2039
522;32;2039;2038;2040
522;32;2040;2039;
522;32;1531;;1532
522;32;1532;1531;
522;32;5318;;1417
522;32;1417;5318;
522;32;5320;;1418
522;32;1418;5320;5321
522;32;5321;1418;
522;32;432;;433
522;32;433;432;142
522;32;142;433;141
522;32;141;142;
522;32;2026;;2027
522;32;2027;2026;2028
522;32;2028;2027;2029
522;32;2029;2028;2030
522;32;2030;2029;
522;32;3069;;
522;32;3057;;
522;32;1846;;1847
522;32;1847;1846;1848
522;32;1848;1847;
522;32;3071;;
522;32;3041;;
522;32;3073;;
522;32;3047;;
522;32;211;;5102
522;32;5102;211;
522;32;713;;714
522;32;714;713;
522;32;3350;;3351
522;32;3351;3350;3352
522;32;3352;3351;
522;32;5038;;3348
522;32;3348;5038;
522;32;5156;;1042
522;32;1042;5156;5157
522;32;5157;1042;5158
522;32;5158;5157;5159
522;32;5159;5158;
522;32;707;;708
522;32;708;707;
522;32;2143;;2144
522;32;2144;2143;2145
522;32;2145;2144;2146
522;32;2146;2145;2147
522;32;2147;2146;
522;32;3694;;3695
522;32;3695;3694;
522;32;1291;;1292
522;32;1292;1291;
522;32;4020;;4021
522;32;4021;4020;
522;32;5136;;5137
522;32;5137;5136;
522;32;305;;306
522;32;306;305;307
522;32;307;306;
522;32;4831;;4832
522;32;4832;4831;4833
522;32;4833;4832;
522;32;4623;;4624
522;32;4624;4623;
522;32;4978;;4979
522;32;4979;4978;4980
522;32;4980;4979;
522;32;2927;;
522;32;1699;;1700
522;32;1700;1699;
522;32;2319;;
522;32;165;;164
522;32;164;165;251
522;32;251;164;
522;32;2323;;
522;32;5161;;5162
522;32;5162;5161;
522;32;1589;;1590
522;32;1590;1589;1591
522;32;1591;1590;
522;32;636;;637
522;32;637;636;
522;32;136;;324
522;32;324;136;325
522;32;325;324;326
522;32;326;325;
522;32;4956;;4957
522;32;4957;4956;
522;32;3223;;3224
522;32;3224;3223;
522;32;457;;458
522;32;458;457;323
522;32;323;458;119
522;32;119;323;
522;32;5245;;5246
522;32;5246;5245;
522;32;4058;;4059
522;32;4059;4058;4060
522;32;4060;4059;4061
522;32;4061;4060;
522;32;3279;;5242
522;32;5242;3279;3281
522;32;3281;5242;3282
522;32;3282;3281;3283
522;32;3283;3282;
522;32;1117;;1118
522;32;1118;1117;1119
522;32;1119;1118;
522;32;3742;;3743
522;32;3743;3742;
522;32;3951;;3952
522;32;3952;3951;
522;32;4005;;4006
522;32;4006;4005;4007
522;32;4007;4006;
522;32;1870;;1871
522;32;1871;1870;
522;32;1867;;1868
522;32;1868;1867;
522;32;3017;;
522;32;1879;;1880
522;32;1880;1879;1881
522;32;1881;1880;
522;32;1873;;1874
522;32;1874;1873;
522;32;1876;;1877
522;32;1877;1876;
522;32;1951;;1952
522;32;1952;1951;
522;32;1948;;1949
522;32;1949;1948;
522;32;1947;;5094
522;32;5094;1947;
522;32;876;56;1103
522;32;1103;876;35
522;32;35;1103;1143
522;32;1143;35;36
522;32;36;1143;37
522;32;37;36;38
522;32;38;37;42
522;32;42;38;1146
522;32;1146;42;40
522;32;40;1146;41
522;32;41;40;44
522;32;44;41;1148
522;32;1148;44;1149
522;32;1149;1148;46
522;32;46;1149;47
522;32;47;46;1276
522;32;1276;47;43
522;32;43;1276;1181
522;32;1181;43;48
522;32;48;1181;1782
522;32;1782;48;1783
522;32;1783;1782;49
522;32;49;1783;50
522;32;50;49;51
522;32;51;50;1242
522;32;1242;51;1228
522;32;1228;1242;52
522;32;52;1228;53
522;32;53;52;54
522;32;54;53;55
522;32;55;54;317
522;32;317;55;1102
522;32;1102;317;56
522;32;56;1102;876
522;32;2469;;
522;32;2477;;
522;32;2549;;
522;32;814;827;815
522;32;815;814;816
522;32;816;815;817
522;32;817;816;818
522;32;818;817;819
522;32;819;818;820
522;32;820;819;821
522;32;821;820;822
522;32;822;821;823
522;32;823;822;824
522;32;824;823;851
522;32;851;824;852
522;32;852;851;853
522;32;853;852;854
522;32;854;853;855
522;32;855;854;856
522;32;856;855;858
522;32;858;856;859
522;32;859;858;860
522;32;860;859;861
522;32;861;860;862
522;32;862;861;863
522;32;863;862;848
522;32;848;863;847
522;32;847;848;846
522;32;846;847;845
522;32;845;846;844
522;32;844;845;843
522;32;843;844;842
522;32;842;843;841
522;32;841;842;840
522;32;840;841;785
522;32;785;840;839
522;32;839;785;838
522;32;838;839;835
522;32;835;838;834
522;32;834;835;833
522;32;833;834;832
522;32;832;833;831
522;32;831;832;830
522;32;830;831;829
522;32;829;830;828
522;32;828;829;827
522;32;827;828;814
522;32;2473;;
522;32;2471;;
522;32;2475;;
522;32;2535;;
522;32;2529;;
522;32;2571;;
522;32;2575;;
522;32;2493;;
522;32;2503;;
522;32;2499;;
522;32;2501;;
522;32;2483;;
522;32;2487;;
522;32;2561;;
522;32;2545;;
522;32;2495;;
522;32;2505;;
522;32;2465;;
522;32;2467;;
522;32;2479;;
522;32;2539;;
522;32;2543;;
522;32;2567;;
522;32;2577;;
522;32;2551;;
522;32;2511;;
522;32;2515;;
522;32;2521;;
522;32;2519;;
522;32;2491;;
522;32;2513;;
522;32;2527;;
522;32;730;;731
522;32;731;730;732
522;32;732;731;
522;32;1784;;902
522;32;902;1784;650
522;32;650;902;651
522;32;651;650;652
522;32;652;651;
522;32;4155;;4156
522;32;4156;4155;4157
522;32;4157;4156;
522;32;1785;;685
522;32;685;1785;686
522;32;686;685;
522;32;3013;;
522;32;3029;;
522;32;3031;;
522;32;1857;;1858
522;32;1858;1857;
522;32;1860;;1861
522;32;1861;1860;
522;32;3571;;3572
522;32;3572;3571;3573
522;32;3573;3572;3574
522;32;3574;3573;3575
522;32;3575;3574;
522;32;3702;;3703
522;32;3703;3702;3704
522;32;3704;3703;
522;32;3706;;3707
522;32;3707;3706;3708
522;32;3708;3707;3709
522;32;3709;3708;
522;32;1460;;1461
522;32;1461;1460;1462
522;32;1462;1461;
522;32;3697;;3698
522;32;3698;3697;3699
522;32;3699;3698;3700
522;32;3700;3699;
522;32;2835;;
522;32;5236;;5237
522;32;5237;5236;
522;32;2179;;2180
522;32;2180;2179;2181
522;32;2181;2180;
522;32;3371;;3372
522;32;3372;3371;3373
522;32;3373;3372;3374
522;32;3374;3373;
522;32;3127;;
522;32;3143;;
522;32;1499;;1500
522;32;1500;1499;5073
522;32;5073;1500;
522;32;3105;;
522;32;1260;;1259
522;32;1259;1260;59
522;32;59;1259;462
522;32;462;59;464
522;32;464;462;398
522;32;398;464;
522;32;3101;;
522;32;4145;;4146
522;32;4146;4145;
522;32;4504;;4505
522;32;4505;4504;
522;32;4950;;4951
522;32;4951;4950;
522;32;3605;;3606
522;32;3606;3605;
522;32;4321;;4322
522;32;4322;4321;4323
522;32;4323;4322;4324
522;32;4324;4323;4325
522;32;4325;4324;4326
522;32;4326;4325;4327
522;32;4327;4326;4328
522;32;4328;4327;4329
522;32;4329;4328;
522;32;2559;;
522;32;2553;;
522;32;2691;;
522;32;2955;;
522;32;866;;1147
522;32;1147;866;208
522;32;208;1147;209
522;32;209;208;979
522;32;979;209;210
522;32;210;979;980
522;32;980;210;981
522;32;981;980;1786
522;32;1786;981;982
522;32;982;1786;1353
522;32;1353;982;
522;32;4533;;4534
522;32;4534;4533;
522;32;3672;;3673
522;32;3673;3672;3674
522;32;3674;3673;3675
522;32;3675;3674;
522;32;4175;;4176
522;32;4176;4175;
522;32;1301;;1302
522;32;1302;1301;
522;32;4452;;4453
522;32;4453;4452;
522;32;4442;;4443
522;32;4443;4442;4444
522;32;4444;4443;4445
522;32;4445;4444;
522;32;4439;;4440
522;32;4440;4439;
522;32;662;;663
522;32;663;662;664
522;32;664;663;665
522;32;665;664;
522;32;3237;;3238
522;32;3238;3237;3239
522;32;3239;3238;
522;32;4166;;4167
522;32;4167;4166;
522;32;2204;;2205
522;32;2205;2204;
522;32;1922;;1923
522;32;1923;1922;
522;32;5292;;5293
522;32;5293;5292;
522;32;4455;;4456
522;32;4456;4455;4457
522;32;4457;4456;
522;32;4519;;4520
522;32;4520;4519;
522;32;1912;;1913
522;32;1913;1912;
522;32;4163;;4164
522;32;4164;4163;
522;32;103;917;104
522;32;104;103;105
522;32;105;104;106
522;32;106;105;107
522;32;107;106;109
522;32;109;107;1136
522;32;1136;109;108
522;32;108;1136;110
522;32;110;108;111
522;32;111;110;112
522;32;112;111;114
522;32;114;112;116
522;32;116;114;117
522;32;117;116;1217
522;32;1217;117;5203
522;32;5203;1217;118
522;32;118;5203;869
522;32;869;118;120
522;32;120;869;1229
522;32;1229;120;121
522;32;121;1229;122
522;32;122;121;123
522;32;123;122;124
522;32;124;123;125
522;32;125;124;126
522;32;126;125;917
522;32;917;126;103
522;32;2683;;
522;32;2591;;
522;32;2647;;
522;32;2705;;
522;32;3147;;
522;32;2727;;
522;32;2713;;
522;32;2611;;
522;32;2725;;
522;32;2671;;
522;32;786;789;784
522;32;784;786;783
522;32;783;784;782
522;32;782;783;781
522;32;781;782;780
522;32;780;781;779
522;32;779;780;778
522;32;778;779;777
522;32;777;778;776
522;32;776;777;775
522;32;775;776;772
522;32;772;775;771
522;32;771;772;770
522;32;770;771;769
522;32;769;770;768
522;32;768;769;767
522;32;767;768;803
522;32;803;767;766
522;32;766;803;812
522;32;812;766;811
522;32;811;812;810
522;32;810;811;809
522;32;809;810;808
522;32;808;809;807
522;32;807;808;806
522;32;806;807;805
522;32;805;806;804
522;32;804;805;802
522;32;802;804;870
522;32;870;802;871
522;32;871;870;293
522;32;293;871;798
522;32;798;293;797
522;32;797;798;796
522;32;796;797;795
522;32;795;796;794
522;32;794;795;793
522;32;793;794;792
522;32;792;793;791
522;32;791;792;790
522;32;790;791;789
522;32;789;790;786
522;32;2685;;
522;32;2597;;
522;32;2595;;
522;32;2599;;
522;32;2641;;
522;32;2645;;
522;32;2643;;
522;32;3133;;
522;32;2693;;
522;32;2697;;
522;32;2695;;
522;32;2719;;
522;32;2723;;
522;32;2715;;
522;32;2633;;
522;32;2609;;
522;32;2637;;
522;32;2717;;
522;32;2635;;
522;32;2721;;
522;32;2687;;
522;32;2681;;
522;32;2665;;
522;32;2677;;
522;32;2589;;
522;32;2667;;
522;32;2649;;
522;32;2659;;
522;32;2699;;
522;32;2703;;
522;32;2709;;
522;32;2737;;
522;32;2731;;
522;32;2711;;
522;32;2631;;
522;32;2627;;
522;32;2629;;
522;32;2741;;
522;32;2745;;
522;32;4557;;4558
522;32;4558;4557;
522;32;5090;;4024
522;32;4024;5090;4025
522;32;4025;4024;
522;32;1298;;1299
522;32;1299;1298;
522;32;640;;641
522;32;641;640;642
522;32;642;641;
522;32;140;;174
522;32;174;140;
522;32;1525;;1526
522;32;1526;1525;
522;32;5100;;212
522;32;212;5100;213
522;32;213;212;214
522;32;214;213;
522;32;3489;;3490
522;32;3490;3489;3491
522;32;3491;3490;
522;32;4363;;4364
522;32;4364;4363;4365
522;32;4365;4364;
522;32;4934;;4935
522;32;4935;4934;4936
522;32;4936;4935;4937
522;32;4937;4936;
522;32;4926;;4927
522;32;4927;4926;4928
522;32;4928;4927;4929
522;32;4929;4928;
522;32;1560;;4806
522;32;4806;1560;1561
522;32;1561;4806;1562
522;32;1562;1561;
522;32;4808;;4809
522;32;4809;4808;4810
522;32;4810;4809;
522;32;5065;;2015
522;32;2015;5065;
522;32;2345;;
522;32;2351;;
522;32;2353;;
522;32;3765;;3766
522;32;3766;3765;
522;32;628;;629
522;32;629;628;630
522;32;630;629;
522;32;1981;;1982
522;32;1982;1981;
522;32;5035;;4549
522;32;4549;5035;4462
522;32;4462;4549;4463
522;32;4463;4462;4466
522;32;4466;4463;4467
522;32;4467;4466;4468
522;32;4468;4467;4469
522;32;4469;4468;4470
522;32;4470;4469;
522;32;1973;;1974
522;32;1974;1973;
522;32;1984;;1985
522;32;1985;1984;1986
522;32;1986;1985;1987
522;32;1987;1986;5104
522;32;5104;1987;
522;32;1665;;1666
522;32;1666;1665;1667
522;32;1667;1666;
522;32;1976;;1977
522;32;1977;1976;1978
522;32;1978;1977;1979
522;32;1979;1978;
522;32;163;;5106
522;32;5106;163;5107
522;32;5107;5106;
522;32;1205;;1206
522;32;1206;1205;1207
522;32;1207;1206;
522;32;424;;250
522;32;250;424;
522;32;4973;;4974
522;32;4974;4973;4975
522;32;4975;4974;4976
522;32;4976;4975;
522;32;3275;;3276
522;32;3276;3275;3277
522;32;3277;3276;
522;32;5072;;1177
522;32;1177;5072;1178
522;32;1178;1177;1179
522;32;1179;1178;
522;32;5164;;5165
522;32;5165;5164;
522;32;4587;;4588
522;32;4588;4587;4589
522;32;4589;4588;
522;32;4591;;4592
522;32;4592;4591;
522;32;5174;;5175
522;32;5175;5174;5176
522;32;5176;5175;
522;32;2743;;
522;32;1389;;1390
522;32;1390;1389;1391
522;32;1391;1390;1392
522;32;1392;1391;1393
522;32;1393;1392;
522;32;2747;;
522;32;1888;;1889
522;32;1889;1888;1890
522;32;1890;1889;1891
522;32;1891;1890;1892
522;32;1892;1891;
522;32;4436;;4437
522;32;4437;4436;
522;32;972;;973
522;32;973;972;971
522;32;971;973;113
522;32;113;971;975
522;32;975;113;976
522;32;976;975;1742
522;32;1742;976;1743
522;32;1743;1742;1744
522;32;1744;1743;
522;32;4371;;4372
522;32;4372;4371;4375
522;32;4375;4372;
522;32;1836;;1837
522;32;1837;1836;1838
522;32;1838;1837;
522;32;4169;;4170
522;32;4170;4169;
522;32;5128;;5129
522;32;5129;5128;
522;32;1604;;1605
522;32;1605;1604;1606
522;32;1606;1605;
522;32;206;;205
522;32;205;206;426
522;32;426;205;5109
522;32;5109;426;
522;32;950;;951
522;32;951;950;
522;32;3540;;3541
522;32;3541;3540;
522;32;916;;1357
522;32;1357;916;919
522;32;919;1357;1358
522;32;1358;919;921
522;32;921;1358;922
522;32;922;921;
522;32;2675;;
522;32;2853;;
522;32;2855;;
522;32;2851;;
522;32;3131;;
522;32;2673;;
522;32;3145;;
522;32;2669;;
522;32;2841;;
522;32;2839;;
522;32;2843;;
522;32;920;;974
522;32;974;920;1098
522;32;1098;974;1099
522;32;1099;1098;1100
522;32;1100;1099;1101
522;32;1101;1100;
522;32;480;;481
522;32;481;480;443
522;32;443;481;482
522;32;482;443;286
522;32;286;482;
522;32;3560;;3561
522;32;3561;3560;
522;32;2042;;2043
522;32;2043;2042;
522;32;1162;;232
522;32;232;1162;
522;32;151;;1163
522;32;1163;151;
522;32;4277;;4278
522;32;4278;4277;4279
522;32;4279;4278;4280
522;32;4280;4279;4281
522;32;4281;4280;4282
522;32;4282;4281;4283
522;32;4283;4282;
522;32;4285;;4286
522;32;4286;4285;
522;32;4198;;4199
522;32;4199;4198;4200
522;32;4200;4199;4201
522;32;4201;4200;4202
522;32;4202;4201;
522;32;1564;;1565
522;32;1565;1564;1566
522;32;1566;1565;1790
522;32;1790;1566;1791
522;32;1791;1790;1792
522;32;1792;1791;
522;32;1425;;1426
522;32;1426;1425;
522;32;4389;;4390
522;32;4390;4389;4391
522;32;4391;4390;4392
522;32;4392;4391;4393
522;32;4393;4392;
522;32;1966;;1967
522;32;1967;1966;
522;32;1963;;1964
522;32;1964;1963;
522;32;272;;184
522;32;184;272;
522;32;4082;;4083
522;32;4083;4082;
522;32;1442;;1443
522;32;1443;1442;
522;32;1840;;1841
522;32;1841;1840;
522;32;1151;296;753
522;32;753;1151;752
522;32;752;753;1793
522;32;1793;752;751
522;32;751;1793;1219
522;32;1219;751;1220
522;32;1220;1219;1221
522;32;1221;1220;750
522;32;750;1221;759
522;32;759;750;1794
522;32;1794;759;5196
522;32;5196;1794;5197
522;32;5197;5196;1222
522;32;1222;5197;1795
522;32;1795;1222;760
522;32;760;1795;1796
522;32;1796;760;758
522;32;758;1796;1233
522;32;1233;758;1234
522;32;1234;1233;1235
522;32;1235;1234;1236
522;32;1236;1235;754
522;32;754;1236;755
522;32;755;754;3269
522;32;3269;755;756
522;32;756;3269;333
522;32;333;756;757
522;32;757;333;867
522;32;867;757;857
522;32;857;867;868
522;32;868;857;1797
522;32;1797;868;292
522;32;292;1797;294
522;32;294;292;295
522;32;295;294;1798
522;32;1798;295;1799
522;32;1799;1798;297
522;32;297;1799;1142
522;32;1142;297;1800
522;32;1800;1142;296
522;32;296;1800;1151
522;32;2801;;
522;32;2791;;
522;32;2933;;
522;32;2941;;
522;32;2967;;
522;32;2757;;
522;32;2769;;
522;32;2817;;
522;32;2875;;
522;32;2865;;
522;32;3081;;
522;32;2883;;
522;32;2897;;
522;32;2895;;
522;32;2889;;
522;32;2885;;
522;32;2891;;
522;32;2877;;
522;32;2997;;
522;32;2995;;
522;32;2999;;
522;32;2959;;
522;32;2803;;
522;32;2785;;
522;32;2921;;
522;32;2929;;
522;32;2943;;
522;32;2975;;
522;32;2977;;
522;32;2979;;
522;32;2755;;
522;32;2771;;
522;32;2861;;
522;32;3091;;
522;32;3097;;
522;32;3059;;
522;32;3063;;
522;32;3061;;
522;32;3067;;
522;32;3075;;
522;32;3065;;
522;32;3135;;
522;32;3023;;
522;32;3019;;
522;32;3027;;
522;32;3033;;
522;32;3025;;
522;32;3039;;
522;32;2931;;
522;32;2831;;
522;32;2807;;
522;32;2815;;
522;32;2859;;
522;32;3087;;
522;32;2899;;
522;32;2901;;
522;32;2907;;
522;32;2913;;
522;32;2919;;
522;32;2911;;
522;32;2881;;
522;32;2963;;
522;32;2799;;
522;32;2793;;
522;32;2925;;
522;32;3079;;
522;32;2947;;
522;32;2935;;
522;32;2939;;
522;32;2965;;
522;32;3001;;
522;32;3005;;
522;32;3003;;
522;32;2917;;
522;32;2905;;
522;32;2759;;
522;32;2767;;
522;32;2871;;
522;32;2869;;
522;32;3093;;
522;32;3049;;
522;32;3055;;
522;32;3043;;
522;32;3051;;
522;32;3045;;
522;32;3053;;
522;32;3015;;
522;32;3035;;
522;32;3107;;
522;32;2937;;
522;32;2857;;
522;32;2849;;
522;32;3111;;
522;32;3113;;
522;32;3115;;
522;32;2811;;
522;32;3121;;
522;32;2845;;
522;32;2819;;
522;32;2847;;
522;32;2903;;
522;32;2787;;
522;32;3103;;
522;32;3271;;3272
522;32;3272;3271;3273
522;32;3273;3272;
522;32;276;;387
522;32;387;276;186
522;32;186;387;
522;32;2945;;
522;32;3665;;3666
522;32;3666;3665;3667
522;32;3667;3666;
522;32;3879;;3880
522;32;3880;3879;
522;32;4848;;4849
522;32;4849;4848;4850
522;32;4850;4849;
522;32;4030;;4031
522;32;4031;4030;4032
522;32;4032;4031;
522;32;270;;483
522;32;483;270;183
522;32;183;483;
522;32;3630;;3631
522;32;3631;3630;
522;32;3633;;3634
522;32;3634;3633;3635
522;32;3635;3634;
522;32;69;;345
522;32;345;69;73
522;32;73;345;74
522;32;74;73;
522;32;1801;;1619
522;32;1619;1801;1620
522;32;1620;1619;1621
522;32;1621;1620;1622
522;32;1622;1621;
522;32;1802;;1166
522;32;1166;1802;1167
522;32;1167;1166;1168
522;32;1168;1167;1169
522;32;1169;1168;1170
522;32;1170;1169;1171
522;32;1171;1170;
522;32;3822;;3823
522;32;3823;3822;3824
522;32;3824;3823;
522;32;3870;;3869
522;32;3869;3870;
522;32;537;;538
522;32;538;537;539
522;32;539;538;
522;32;4338;;4339
522;32;4339;4338;4340
522;32;4340;4339;
522;32;3715;;3716
522;32;3716;3715;3717
522;32;3717;3716;
522;32;2020;;2021
522;32;2021;2020;
522;32;4038;;4039
522;32;4039;4038;
522;32;1943;;1944
522;32;1944;1943;1945
522;32;1945;1944;
522;32;1940;;1941
522;32;1941;1940;
522;32;1850;;1851
522;32;1851;1850;1852
522;32;1852;1851;
522;32;1113;;1114
522;32;1114;1113;1115
522;32;1115;1114;
522;32;545;;546
522;32;546;545;
522;32;2583;;
522;32;2613;;
522;32;3125;;
522;32;541;;542
522;32;542;541;543
522;32;543;542;
522;32;5221;;5222
522;32;5222;5221;5223
522;32;5223;5222;
522;32;5218;;5219
522;32;5219;5218;
522;32;716;;1662
522;32;1662;716;717
522;32;717;1662;
522;32;4781;;4782
522;32;4782;4781;4783
522;32;4783;4782;
522;32;2225;;
522;32;567;;1107
522;32;1107;567;568
522;32;568;1107;
522;32;964;;1105
522;32;1105;964;1106
522;32;1106;1105;963
522;32;963;1106;
522;32;3689;;3690
522;32;3690;3689;3691
522;32;3691;3690;3692
522;32;3692;3691;
522;32;4264;;4265
522;32;4265;4264;4266
522;32;4266;4265;4267
522;32;4267;4266;
522;32;4318;;4829
522;32;4829;4318;4319
522;32;4319;4829;
522;32;4260;;4261
522;32;4261;4260;4262
522;32;4262;4261;
522;32;3966;;3967
522;32;3967;3966;
522;32;2557;;
522;32;2563;;
522;32;2833;;
522;32;3318;;3319
522;32;3319;3318;3320
522;32;3320;3319;3321
522;32;3321;3320;3322
522;32;3322;3321;3323
522;32;3323;3322;
522;32;2809;;
522;32;2813;;
522;32;4986;;3313
522;32;3313;4986;3314
522;32;3314;3313;3315
522;32;3315;3314;3316
522;32;3316;3315;
522;32;3119;;
522;32;3117;;
522;32;3745;;3746
522;32;3746;3745;3747
522;32;3747;3746;
522;32;625;;626
522;32;626;625;
522;32;3809;;3812
522;32;3812;3809;3813
522;32;3813;3812;3814
522;32;3814;3813;3815
522;32;3815;3814;
522;32;503;;602
522;32;602;503;683
522;32;683;602;
522;32;4813;;4814
522;32;4814;4813;4815
522;32;4815;4814;4816
522;32;4816;4815;
522;32;3862;;3863
522;32;3863;3862;3864
522;32;3864;3863;
522;32;4112;;4113
522;32;4113;4112;
522;32;4946;;4947
522;32;4947;4946;4948
522;32;4948;4947;
522;32;4109;;4110
522;32;4110;4109;
522;32;1455;;1456
522;32;1456;1455;1457
522;32;1457;1456;1458
522;32;1458;1457;
522;32;2837;;
522;32;1160;;1161
522;32;1161;1160;
522;32;1593;;1594
522;32;1594;1593;5075
522;32;5075;1594;
522;32;5131;;5132
522;32;5132;5131;
522;32;1812;;1813
522;32;1813;1812;
522;32;5239;;5240
522;32;5240;5239;
522;32;1078;;1079
522;32;1079;1078;1080
522;32;1080;1079;1081
522;32;1081;1080;1082
522;32;1082;1081;
522;32;1901;;1902
522;32;1902;1901;
522;32;4584;;4585
522;32;4585;4584;
522;32;1898;;1899
522;32;1899;1898;
522;32;4581;;4582
522;32;4582;4581;
522;32;3733;;3734
522;32;3734;3733;
522;32;380;;381
522;32;381;380;
522;32;441;;442
522;32;442;441;
522;32;376;;377
522;32;377;376;378
522;32;378;377;
522;32;1554;;1555
522;32;1555;1554;
522;32;4159;;4828
522;32;4828;4159;4160
522;32;4160;4828;4161
522;32;4161;4160;
522;32;1624;;1625
522;32;1625;1624;
522;32;3686;;3687
522;32;3687;3686;
522;32;1065;;1066
522;32;1066;1065;1067
522;32;1067;1066;1068
522;32;1068;1067;1069
522;32;1069;1068;1803
522;32;1803;1069;
522;32;1807;;1808
522;32;1808;1807;1809
522;32;1809;1808;1810
522;32;1810;1809;
522;32;1815;;1816
522;32;1816;1815;
522;32;4967;;4968
522;32;4968;4967;
522;32;654;;334
522;32;334;654;335
522;32;335;334;655
522;32;655;335;656
522;32;656;655;
522;32;2823;;
522;32;2821;;
522;32;2827;;
522;32;2825;;
522;32;2829;;
522;32;1640;;1641
522;32;1641;1640;
522;32;455;;322
522;32;322;455;
522;32;5231;;535
522;32;535;5231;
522;32;533;;534
522;32;534;533;
522;32;2447;;
522;32;319;;453
522;32;453;319;321
522;32;321;453;
522;32;4761;;4762
522;32;4762;4761;4763
522;32;4763;4762;4764
522;32;4764;4763;
522;32;362;;363
522;32;363;362;364
522;32;364;363;
522;32;92;;94
522;32;94;92;95
522;32;95;94;96
522;32;96;95;97
522;32;97;96;427
522;32;427;97;428
522;32;428;427;
522;32;5225;;5226
522;32;5226;5225;
522;32;574;;575
522;32;575;574;576
522;32;576;575;577
522;32;577;576;578
522;32;578;577;
522;32;2409;;
522;32;3979;;3980
522;32;3980;3979;
522;32;883;;884
522;32;884;883;
522;32;886;;887
522;32;887;886;
522;32;4472;;4473
522;32;4473;4472;
522;32;4962;;4963
522;32;4963;4962;4964
522;32;4964;4963;
522;32;695;;1150
522;32;1150;695;696
522;32;696;1150;
522;32;3719;;4827
522;32;4827;3719;3720
522;32;3720;4827;3721
522;32;3721;3720;3722
522;32;3722;3721;3724
522;32;3724;3722;3725
522;32;3725;3724;3726
522;32;3726;3725;3727
522;32;3727;3726;3728
522;32;3728;3727;
522;32;4939;;4940
522;32;4940;4939;
522;32;154;;484
522;32;484;154;236
522;32;236;484;
522;32;156;;240
522;32;240;156;
522;32;3948;;3949
522;32;3949;3948;
522;32;4718;;4719
522;32;4719;4718;4720
522;32;4720;4719;
522;32;2327;;
522;32;3782;;3783
522;32;3783;3782;3784
522;32;3784;3783;3785
522;32;3785;3784;
522;32;2339;;
522;32;1198;;1199
522;32;1199;1198;
522;32;2333;;
522;32;1202;;1203
522;32;1203;1202;
522;32;2341;;
522;32;4715;;4716
522;32;4716;4715;
522;32;3779;;3780
522;32;3780;3779;
522;32;1027;;1028
522;32;1028;1027;1029
522;32;1029;1028;1030
522;32;1030;1029;1804
522;32;1804;1030;
522;32;4101;;4102
522;32;4102;4101;4906
522;32;4906;4102;
522;32;3264;;3265
522;32;3265;3264;
522;32;3267;;3268
522;32;3268;3267;
522;32;2359;;
522;32;4711;;4712
522;32;4712;4711;4713
522;32;4713;4712;
522;32;3772;;3773
522;32;3773;3772;3774
522;32;3774;3773;3775
522;32;3775;3774;3776
522;32;3776;3775;3777
522;32;3777;3776;
522;32;704;;705
522;32;705;704;
522;32;2373;;
522;32;2381;;
522;32;2379;;
522;32;2377;;
522;32;2383;;
522;32;2387;;
522;32;2369;;
522;32;1706;;1707
522;32;1707;1706;
522;32;4707;;4708
522;32;4708;4707;4709
522;32;4709;4708;
522;32;2385;;
522;32;3768;;3769
522;32;3769;3768;3770
522;32;3770;3769;
522;32;2391;;
522;32;353;;431
522;32;431;353;501
522;32;501;431;502
522;32;502;501;
522;32;3109;;
522;32;3325;;3326
522;32;3326;3325;3327
522;32;3327;3326;3328
522;32;3328;3327;3329
522;32;3329;3328;
522;32;2305;;
522;32;2315;;
522;32;1805;;719
522;32;719;1805;720
522;32;720;719;7
522;32;7;720;11
522;32;11;7;721
522;32;721;11;
522;32;4115;;4116
522;32;4116;4115;
522;32;4383;;4384
522;32;4384;4383;4385
522;32;4385;4384;4386
522;32;4386;4385;4387
522;32;4387;4386;
522;32;4377;;4378
522;32;4378;4377;4379
522;32;4379;4378;4380
522;32;4380;4379;4381
522;32;4381;4380;
522;32;219;;1024
522;32;1024;219;1025
522;32;1025;1024;
522;32;4819;;4820
522;32;4820;4819;4821
522;32;4821;4820;4822
522;32;4822;4821;4823
522;32;4823;4822;
522;32;1428;;1429
522;32;1429;1428;
522;32;3533;;3534
522;32;3534;3533;
522;32;3660;;3661
522;32;3661;3660;3662
522;32;3662;3661;3663
522;32;3663;3662;
522;32;1541;;1542
522;32;1542;1541;1543
522;32;1543;1542;
522;32;5179;;5180
522;32;5180;5179;5181
522;32;5181;5180;5182
522;32;5182;5181;
522;32;5171;;5172
522;32;5172;5171;
522;32;5167;;5168
522;32;5168;5167;5169
522;32;5169;5168;
522;32;1513;;1514
522;32;1514;1513;
522;32;1286;;1287
522;32;1287;1286;
522;32;3677;;3678
522;32;3678;3677;3679
522;32;3679;3678;
522;32;734;;735
522;32;735;734;736
522;32;736;735;
522;32;2171;;2172
522;32;2172;2171;
522;32;435;;436
522;32;436;435;
522;32;216;;217
522;32;217;216;218
522;32;218;217;
522;32;3614;;3615
522;32;3615;3614;3616
522;32;3616;3615;
522;32;2153;;2154
522;32;2154;2153;2155
522;32;2155;2154;
522;32;3543;;3544
522;32;3544;3543;
522;32;2163;;2164
522;32;2164;2163;2165
522;32;2165;2164;
522;32;928;;929
522;32;929;928;
522;32;605;;606
522;32;606;605;607
522;32;607;606;608
522;32;608;607;
522;32;373;;374
522;32;374;373;
522;32;366;;367
522;32;367;366;368
522;32;368;367;369
522;32;369;368;
522;32;1506;;1507
522;32;1507;1506;1508
522;32;1508;1507;
522;32;4354;;4355
522;32;4355;4354;4356
522;32;4356;4355;4357
522;32;4357;4356;
522;32;4367;;4368
522;32;4368;4367;4369
522;32;4369;4368;
522;32;610;;611
522;32;611;610;612
522;32;612;611;613
522;32;613;612;
522;32;356;;485
522;32;485;356;355
522;32;355;485;487
522;32;487;355;486
522;32;486;487;354
522;32;354;486;
522;32;615;;616
522;32;616;615;617
522;32;617;616;618
522;32;618;617;332
522;32;332;618;
522;32;570;;571
522;32;571;570;572
522;32;572;571;
522;32;3589;;3590
522;32;3590;3589;3591
522;32;3591;3590;
522;32;3404;;3405
522;32;3405;3404;
522;32;3401;;3402
522;32;3402;3401;
522;32;3736;;3737
522;32;3737;3736;
522;32;3739;;3740
522;32;3740;3739;
522;32;3826;;3827
522;32;3827;3826;3828
522;32;3828;3827;3829
522;32;3829;3828;
522;32;5324;;1261
522;32;1261;5324;1248
522;32;1248;1261;1249
522;32;1249;1248;1250
522;32;1250;1249;1251
522;32;1251;1250;
522;32;5121;;3900
522;32;3900;5121;
522;32;511;;512
522;32;512;511;513
522;32;513;512;
522;32;508;;509
522;32;509;508;
522;32;4012;;4013
522;32;4013;4012;
522;32;2547;;
522;32;563;;1104
522;32;1104;563;564
522;32;564;1104;565
522;32;565;564;
522;32;3858;;3859
522;32;3859;3858;3860
522;32;3860;3859;
522;32;1647;;1648
522;32;1648;1647;
522;32;2303;;
522;32;2309;;
522;32;4652;;4653
522;32;4653;4652;
522;32;4722;;4723
522;32;4723;4722;4724
522;32;4724;4723;
522;32;3099;;
522;32;2138;;2139
522;32;2139;2138;2140
522;32;2140;2139;2141
522;32;2141;2140;
522;32;4522;;4523
522;32;4523;4522;
