CID;TABCD;LCD;CLASS;TCD;STCD;ROADNUMBER;RNID;N1ID;N2ID;POL_LCD;PES_LEV
522;32;1882;L;1;3;;3240;1655;1662;1348;
522;32;941;L;1;1;G1;1286;915;916;1348;
522;32;1087;L;1;2;G101;1541;1036;1581;1348;
522;32;1083;L;1;4;G101;137;1033;1541;1348;
522;32;1403;L;1;2;G103;1366;1361;990;1348;
522;32;1408;L;1;2;G104;1369;1980;3607;1348;
522;32;1409;L;1;2;G104;179;341;2416;1348;
522;32;3284;L;1;4;G106;503;91;1083;1348;
522;32;1247;L;1;2;G107;1331;3278;1223;1348;
522;32;2187;L;1;2;G108;1759;3178;702;1348;
522;32;3225;L;1;2;G108;702;1759;1088;1348;
522;32;3249;L;1;2;G109;1769;1788;1770;1348;
522;32;2216;L;1;2;G109;1775;1785;1773;1348;
522;32;2206;L;1;2;G109;1770;1769;1771;1348;
522;32;2209;L;1;2;G109;1771;1770;1773;1348;
522;32;4875;L;1;3;;3489;3164;3518;1348;
522;32;4872;L;1;3;;3489;915;3164;1348;
522;32;930;L;1;1;G4;1223;3422;909;1348;
522;32;85;L;1;1;G45;24;1552;806;1348;
522;32;287;L;1;1;G6;7;1497;243;1348;
522;32;1903;L;1;3;S201;975;1683;3449;1348;
522;32;3941;L;1;3;S202;1491;1280;1366;1348;
522;32;4524;L;1;3;S203;1543;1745;1538;1348;
522;32;2196;L;1;3;S205;938;1765;1767;1348;
522;32;1935;L;1;4;S206;1662;1665;1660;1348;
522;32;2110;L;1;3;S208;1737;1233;1741;1348;
522;32;2193;L;1;3;S209;1762;1764;1765;1348;
522;32;2190;L;1;3;S209;1761;702;1763;1348;
522;32;3330;L;1;3;S210;1336;1587;1809;1348;
522;32;3253;L;1;3;S210;1587;1769;1513;1348;
522;32;3333;L;1;3;S210;1809;1336;3314;1348;
522;32;3365;L;1;3;S210;1072;1809;1818;1348;
522;32;4636;L;1;3;S213;212;1496;2199;1348;
522;32;1056;L;1;3;S213;1495;6;1496;1348;
522;32;3430;L;1;3;X037;1838;1836;3580;1348;
522;32;3453;L;1;3;S216;3389;3562;1848;1348;
522;32;3375;L;1;3;S218;1820;1072;7;1348;
522;32;3419;L;1;3;S222;1832;1831;1833;1348;
522;32;4575;L;1;3;S229;2179;3191;1683;1348;
522;32;1431;L;1;3;S305;1494;1541;1603;1348;
522;32;1237;L;1;3;S315;165;1223;1422;1348;
522;32;2093;L;1;3;S317;1233;1736;1223;1348;
522;32;1471;L;1;3;S317;1582;1584;3323;1348;
522;32;2117;L;1;3;S319;1397;1737;3273;1348;
522;32;3386;L;1;3;S321;1496;1820;3298;1348;
522;32;3397;L;1;3;S321;1827;1823;1825;1348;
522;32;3381;L;1;3;S324;1818;1072;3462;1348;
522;32;2084;L;1;4;S328;1732;1328;1225;1348;
522;32;4987;L;1;3;X001;3199;990;1223;1348;
522;32;2072;L;1;4;X003;1728;990;1701;1348;
522;32;2068;L;1;4;X006;1725;1233;1397;1348;
522;32;2064;L;1;4;X007;1723;1579;1727;1348;
522;32;2061;L;1;4;X008;1579;3463;1723;1348;
522;32;3923;L;1;4;X010;1588;1995;1364;1348;
522;32;2200;L;1;3;X011;1767;938;1768;1348;
522;32;3920;L;1;4;X011;1995;1675;1988;1348;
522;32;4615;L;1;4;X012;1684;3528;990;1348;
522;32;4851;L;1;4;X013;1683;1078;2179;1348;
522;32;4490;L;1;4;X014;1850;1354;979;1348;
522;32;3928;L;1;4;X015;1999;1588;2005;1348;
522;32;4497;L;1;4;X019;2139;3299;1831;1348;
522;32;4425;L;1;4;X020;1334;2117;1541;1348;
522;32;4421;L;1;4;X020;2117;1009;1334;1348;
522;32;3910;L;1;4;X020;1994;1334;3287;1348;
522;32;1383;L;1;4;S327;1016;3462;1069;1348;
522;32;1031;L;1;4;X023;130;1513;3531;1348;
522;32;4527;L;1;4;X025;1354;1334;1541;1348;
522;32;4414;L;1;4;X025;2110;2115;2106;1348;
522;32;4645;L;1;4;X031;3449;975;3281;1348;
522;32;3479;L;1;4;X032;1329;3462;1496;1348;
522;32;3406;L;1;4;X034;1821;1820;3389;1348;
522;32;4618;L;1;4;X201;3435;975;2191;1348;
522;32;4515;L;1;4;X203;1602;2159;1494;1348;
522;32;4358;L;1;4;Y404;2099;3363;3303;1348;
522;32;4147;L;1;4;Y462;2053;11;1143;1348;
522;32;4053;L;1;4;;456;1318;5;1348;
522;32;396;L;1;3;;51;3468;421;1348;
522;32;4677;L;1;3;;2204;4;1033;1348;
522;32;230;L;1;4;;4;239;2204;1348;
522;32;229;L;1;3;;5;347;419;1348;
522;32;4673;L;1;3;;1458;1424;4;1348;
522;32;1694;L;1;4;;1480;179;200;1348;
522;32;298;L;1;3;;6;421;1495;1348;
522;32;4330;L;1;4;;1391;1388;1915;1348;
522;32;4341;L;1;4;;1915;1389;1337;1348;
522;32;3710;L;1;4;;1390;1388;1917;1348;
522;32;1509;L;1;4;;1403;1118;1120;1348;
522;32;4076;L;1;4;;520;51;1242;1348;
522;32;4089;L;1;4;;2034;1130;1529;1348;
522;32;2872;L;7;0;;;2888;2796;1348;
522;32;5039;L;1;4;;2888;1130;1131;1348;
522;32;4073;L;1;4;;2032;35;51;1348;
522;32;4981;L;1;4;;3338;3334;1080;1348;
522;32;4958;L;1;4;;3332;1088;3333;1348;
522;32;3562;L;1;4;;1876;26;599;1348;
522;32;3410;L;1;4;X030;1499;3389;1828;1348;
522;32;5044;L;1;4;;3313;3478;1809;1348;
522;32;4639;L;1;4;S335;1538;3423;1543;1348;
522;32;4033;L;1;4;;2027;60;2028;1348;
522;32;5232;L;1;3;;2229;1203;2227;1348;
522;32;3610;L;1;4;;1204;1205;164;1348;
522;32;1223;L;1;4;;164;1203;1205;1348;
522;32;3761;L;1;4;;1935;98;190;1348;
522;32;3757;L;1;4;;1896;1404;98;1348;
522;32;5227;L;1;4;;3447;990;1496;1348;
522;32;3680;L;1;4;;1904;435;1912;1348;
522;32;4138;L;1;4;;2050;1144;3470;1348;
522;32;3527;L;1;4;;1869;1378;711;1348;
522;32;4867;L;1;4;;3160;1855;2492;1348;
522;32;3345;L;1;4;;1513;1587;1812;1348;
522;32;3956;L;1;4;;2011;2010;1298;1348;
522;32;4084;L;1;4;;1123;399;1130;1348;
522;32;221;L;1;4;;35;928;333;1348;
522;32;2678;L;7;0;;;1120;2659;1348;
522;32;1128;L;1;4;;1120;1125;1130;1348;
522;32;3962;L;1;4;;2013;1147;1148;1348;
522;32;877;L;1;4;;110;1203;1287;1348;
522;32;1152;L;1;4;;155;1147;1149;1348;
522;32;4857;L;1;4;;3480;1053;1131;1348;
522;32;1635;L;1;4;;1445;1444;187;1348;
522;32;1959;L;1;4;;1669;1668;1693;1348;
522;32;1956;L;1;4;;1697;1696;1668;1348;
522;32;4884;L;1;4;;1857;64;1859;1348;
522;32;3492;L;1;4;;1857;1206;3144;1348;
522;32;1629;L;1;4;;1351;8;1111;1348;
522;32;166;L;1;4;;8;1443;175;1348;
522;32;1626;L;1;4;;1443;187;8;1348;
522;32;3641;L;1;4;;1903;21;638;1348;
522;32;3308;L;1;4;;1799;445;1248;1348;
522;32;437;L;1;4;;198;462;1125;1348;
522;32;1139;L;1;4;;420;35;3190;1348;
522;32;619;L;1;4;;1125;615;35;1348;
522;32;3523;L;1;4;;1522;19;711;1348;
522;32;1521;L;1;4;;1407;1406;1183;1348;
522;32;2662;L;7;0;;;2719;2649;1348;
522;32;1476;L;1;4;;2719;1253;1400;1348;
522;32;3626;L;1;4;;1899;678;1900;1348;
522;32;2213;L;1;3;;1231;2702;1088;1348;
522;32;1533;L;1;4;;376;185;553;1348;
522;32;3082;L;7;0;;;3071;2796;1348;
522;32;3084;L;7;0;;;3071;2798;1348;
522;32;1817;L;1;4;;3071;1131;1422;1348;
522;32;2886;L;7;0;;;2906;2910;1348;
522;32;4297;L;1;4;;2906;1131;3473;1348;
522;32;2914;L;7;0;;;2908;2798;1348;
522;32;2878;L;7;0;;;1239;2798;1348;
522;32;1556;L;1;4;S213;1239;1053;375;1348;
522;32;66;L;1;4;S213;1239;420;1053;1348;
522;32;737;L;1;3;S213;1239;1253;1495;1348;
522;32;1395;L;1;2;G103;1361;1054;1366;1348;
522;32;1547;L;1;4;;1412;143;192;1348;
522;32;1654;L;1;4;;1453;975;1681;1348;
522;32;4567;L;1;4;;2176;3191;3474;1348;
522;32;1658;L;1;4;;1456;2177;3474;1348;
522;32;4050;L;1;4;;2030;197;1318;1348;
522;32;687;L;1;4;;93;663;1460;1348;
522;32;1862;L;1;4;;1660;3391;1662;1348;
522;32;5122;L;1;4;;3520;1993;3519;1348;
522;32;722;L;1;4;;104;687;1464;1348;
522;32;2392;L;7;0;;;2492;2306;1348;
522;32;88;L;1;3;;2492;248;249;1348;
522;32;2400;L;7;0;;;2499;1206;1348;
522;32;528;L;1;4;;190;2456;550;1348;
522;32;2356;L;7;0;;;2450;2295;1348;
522;32;2362;L;7;0;;;2458;2295;1348;
522;32;3620;L;1;4;;1897;1896;676;1348;
522;32;2148;L;1;4;;1748;1593;1484;1348;
522;32;3444;L;1;3;;1118;801;243;1348;
522;32;3413;L;1;4;;1828;1499;1829;1348;
522;32;5117;L;1;4;;762;27;1379;1348;
522;32;709;L;1;4;;100;678;679;1348;
522;32;4888;L;1;3;;1225;990;1330;1348;
522;32;4008;L;1;4;;2021;2020;15;1348;
522;32;194;L;1;4;;10;134;975;1348;
522;32;4171;L;1;4;;1536;1257;96;1348;
522;32;1293;L;1;4;;1257;1256;1349;1348;
522;32;281;L;1;3;;11;15;944;1348;
522;32;4689;L;1;3;;2206;71;15;1348;
522;32;258;L;1;4;;12;13;47;1348;
522;32;277;L;1;4;;13;205;1516;1348;
522;32;4692;L;1;3;;2207;1516;432;1348;
522;32;260;L;1;4;;14;175;13;1348;
522;32;279;L;1;3;;15;1516;11;1348;
522;32;2866;L;7;0;;;2890;2888;1348;
522;32;310;L;1;4;;16;435;1914;1348;
522;32;414;L;1;4;;52;1376;435;1348;
522;32;3981;L;1;4;;2016;1151;1155;1348;
522;32;357;L;1;4;;44;387;615;1348;
522;32;3801;L;1;4;;771;1460;1447;1348;
522;32;5294;L;1;4;;3604;3605;771;1348;
522;32;5305;L;1;4;;3606;3603;771;1348;
522;32;5084;L;1;4;;3500;1331;1757;1348;
522;32;3290;L;1;3;;1471;1751;1223;1348;
522;32;2262;L;7;0;;;187;2306;1348;
522;32;525;L;1;4;;187;546;547;1348;
522;32;245;L;1;4;;546;187;175;1348;
522;32;247;L;1;4;;202;627;546;1348;
522;32;5091;L;1;4;;1428;142;202;1348;
522;32;3353;L;1;4;;3446;1072;1810;1348;
522;32;1326;L;1;4;;1350;1287;888;1348;
522;32;1325;L;1;4;;1350;883;1287;1348;
522;32;1444;L;1;4;;1383;147;1248;1348;
522;32;5006;L;1;1;G45;3423;3426;924;1348;
522;32;5336;L;1;1;G45;3423;924;3416;1348;
522;32;5282;L;1;4;;3600;178;1462;1348;
522;32;5279;L;1;4;;3599;73;178;1348;
522;32;5189;L;1;4;X019;3278;990;1330;1348;
522;32;2099;L;1;3;S326;1727;3179;1233;1348;
522;32;1330;L;1;4;;1294;1295;402;1348;
522;32;2992;L;7;0;;;3296;2796;1348;
522;32;5061;L;1;4;;3296;162;1131;1348;
522;32;4431;L;1;4;;3296;1280;1678;1348;
522;32;1120;L;1;4;;1129;1118;1239;1348;
522;32;4993;L;1;4;;3342;3343;1129;1348;
522;32;3849;L;1;4;;774;663;1348;1348;
522;32;3871;L;1;4;;1978;774;1971;1348;
522;32;3566;L;1;4;;1884;600;602;1348;
522;32;3361;L;1;4;;1810;3446;3478;1348;
522;32;4670;L;1;3;;1843;149;1424;1348;
522;32;1108;L;1;4;;149;1109;1111;1348;
522;32;3438;L;1;3;;1318;802;801;1348;
522;32;3138;L;7;0;;;3121;2306;1348;
522;32;4666;L;1;3;;3121;365;149;1348;
522;32;5198;L;1;3;;3543;1131;312;1348;
522;32;5205;L;1;1;;3543;1131;3544;1348;
522;32;388;L;1;4;;1149;1425;413;1348;
522;32;224;L;1;4;;37;338;1149;1348;
522;32;4044;L;1;4;;1425;1149;1426;1348;
522;32;450;L;1;4;;1109;194;1425;1348;
522;32;1448;L;1;4;;1385;1248;53;1348;
522;32;2892;L;7;0;;;3346;2796;1348;
522;32;2908;L;7;0;;;3346;2924;1348;
522;32;3789;L;1;4;;1949;1462;1950;1348;
522;32;3994;L;1;4;;1155;156;494;1348;
522;32;2960;L;7;0;;;2967;2796;1348;
522;32;2956;L;7;0;;;2967;2798;1348;
522;32;4206;L;1;4;;2967;1145;3481;1348;
522;32;75;L;1;3;;174;3207;546;1348;
522;32;2166;L;1;4;;1752;1751;74;1348;
522;32;1070;L;1;4;;134;1023;15;1348;
522;32;762;L;1;4;;204;175;432;1348;
522;32;3968;L;1;4;;1156;494;204;1348;
522;32;3485;L;1;4;;1855;1854;3394;1348;
522;32;4040;L;1;4;;1444;2029;2027;1348;
522;32;3991;L;1;4;;1147;2012;156;1348;
522;32;1930;L;1;4;;1693;1667;1671;1348;
522;32;1924;L;1;4;;1665;1662;1664;1348;
522;32;1927;L;1;4;;1692;1664;1667;1348;
522;32;3987;L;1;4;;3483;1155;1149;1348;
522;32;3020;L;7;0;;;663;2796;1348;
522;32;2052;L;1;4;;663;733;1201;1348;
522;32;3874;L;1;4;;1971;1979;1179;1348;
522;32;5049;L;1;4;;1201;3484;663;1348;
522;32;3842;L;1;4;;1968;1201;1969;1348;
522;32;241;L;1;4;;206;205;207;1348;
522;32;3865;L;1;4;;3214;1973;1976;1348;
522;32;243;L;1;4;;205;432;124;1348;
522;32;383;L;1;4;;47;206;2206;1348;
522;32;959;L;1;4;;124;494;205;1348;
522;32;4969;L;1;4;;3337;2204;504;1348;
522;32;3128;L;7;0;;;1033;2306;1348;
522;32;4682;L;1;3;;1033;2204;70;1348;
522;32;254;L;1;4;;17;1427;2204;1348;
522;32;1584;L;1;4;;1427;207;585;1348;
522;32;4686;L;1;3;;2205;70;71;1348;
522;32;256;L;1;4;;408;47;1427;1348;
522;32;579;L;1;4;;70;585;2057;1348;
522;32;1327;L;1;4;;1290;16;1292;1348;
522;32;3520;L;1;4;;1377;19;1376;1348;
522;32;4;L;2;1;;1111;;;1348;
522;32;2448;L;7;0;;;1111;3398;1348;
522;32;2222;L;7;0;;;1111;3351;1348;
522;32;2402;L;7;0;;;2295;2496;1348;
522;32;2354;L;7;0;;;2295;2450;1348;
522;32;2360;L;7;0;;;2295;2458;1348;
522;32;2260;L;7;0;;;2295;187;1348;
522;32;2230;L;7;0;;;2295;2314;1348;
522;32;3136;L;7;0;;;2295;1033;1348;
522;32;2286;L;7;0;;;2295;2374;1348;
522;32;2294;L;7;0;;;2295;2377;1348;
522;32;2414;L;7;0;;;2295;2515;1348;
522;32;2410;L;7;0;;;2295;2511;1348;
522;32;2264;L;7;0;;;2295;2028;1348;
522;32;2270;L;7;0;;;2295;2356;1348;
522;32;2278;L;7;0;;;2295;2364;1348;
522;32;2236;L;7;0;;;2295;2317;1348;
522;32;2244;L;7;0;;;2295;2324;1348;
522;32;2324;L;7;0;;;2295;1481;1348;
522;32;2430;L;7;0;;;2295;1203;1348;
522;32;2434;L;7;0;;;2295;2532;1348;
522;32;2432;L;7;0;;;2295;2530;1348;
522;32;2342;L;7;0;;;2295;2435;1348;
522;32;2348;L;7;0;;;2295;2440;1348;
522;32;2248;L;7;0;;;2295;2331;1348;
522;32;2250;L;7;0;;;2295;2333;1348;
522;32;2252;L;7;0;;;2295;2335;1348;
522;32;2254;L;7;0;;;2295;2337;1348;
522;32;2256;L;7;0;;;2295;2343;1348;
522;32;2266;L;7;0;;;2295;2352;1348;
522;32;2220;L;7;0;;;2295;2298;1348;
522;32;2404;L;7;0;;;2295;2504;1348;
522;32;2330;L;7;0;;;2295;2413;1348;
522;32;2336;L;7;0;;;2295;2427;1348;
522;32;2364;L;7;0;;;2295;2461;1348;
522;32;2370;L;7;0;;;2295;98;1348;
522;32;2310;L;7;0;;;2295;2399;1348;
522;32;2298;L;7;0;;;2295;625;1348;
522;32;2300;L;7;0;;;2295;2389;1348;
522;32;2306;L;7;0;;;2295;2396;1348;
522;32;2284;L;7;0;;;2306;2374;1348;
522;32;2422;L;7;0;;;2306;2515;1348;
522;32;2426;L;7;0;;;2306;2511;1348;
522;32;2272;L;7;0;;;2306;2358;1348;
522;32;2274;L;7;0;;;2306;2362;1348;
522;32;2234;L;7;0;;;2306;2317;1348;
522;32;2240;L;7;0;;;2306;2324;1348;
522;32;2292;L;7;0;;;2306;2370;1348;
522;32;2406;L;7;0;;;2306;1206;1348;
522;32;2394;L;7;0;;;2306;3171;1348;
522;32;2442;L;7;0;;;2306;2532;1348;
522;32;2320;L;7;0;;;2306;2410;1348;
522;32;2312;L;7;0;;;2306;2401;1348;
522;32;2346;L;7;0;;;2306;2435;1348;
522;32;2258;L;7;0;;;2306;2330;1348;
522;32;2226;L;7;0;;;2306;2298;1348;
522;32;2228;L;7;0;;;2306;2312;1348;
522;32;2334;L;7;0;;;2306;2416;1348;
522;32;2366;L;7;0;;;2306;2456;1348;
522;32;2388;L;7;0;;;2306;2489;1348;
522;32;2316;L;7;0;;;2306;2394;1348;
522;32;4306;L;1;4;;2082;1111;2396;1348;
522;32;3729;L;1;4;;1888;1887;599;1348;
522;32;4539;L;1;4;;2164;3466;3499;1348;
522;32;4898;L;1;4;;1220;1643;3233;1348;
522;32;1828;L;1;4;;1220;165;3230;1348;
522;32;4901;L;1;4;;3234;1220;3235;1348;
522;32;3804;L;1;4;;1598;1447;1953;1348;
522;32;1642;L;1;4;;1446;1447;1111;1348;
522;32;5309;L;1;4;;3605;3606;1447;1348;
522;32;3797;L;1;4;;769;1447;2396;1348;
522;32;946;L;1;4;;121;1253;1521;1348;
522;32;1822;L;1;4;;1643;1220;1644;1348;
522;32;3482;L;1;4;;1207;1752;2553;1348;
522;32;3668;L;1;4;;556;143;192;1348;
522;32;2452;L;7;0;;;74;2548;1348;
522;32;2460;L;7;0;;;74;2556;1348;
522;32;3140;L;7;0;;;2550;2553;1348;
522;32;2450;L;7;0;;;2550;2548;1348;
522;32;2462;L;7;0;;;2550;2556;1348;
522;32;1672;L;1;3;;1634;1253;2553;1348;
522;32;2454;L;7;0;;;2552;2553;1348;
522;32;2456;L;7;0;;;2552;2548;1348;
522;32;2458;L;7;0;;;2552;2556;1348;
522;32;5257;L;1;4;;3230;3590;1484;1348;
522;32;2022;L;1;4;;1708;1645;1709;1348;
522;32;5252;L;1;4;;1708;2651;1220;1348;
522;32;5261;L;1;4;;3592;1708;3230;1348;
522;32;2159;L;1;4;;1750;1800;1471;1348;
522;32;595;L;1;1;;1470;1223;1637;1348;
522;32;2586;L;7;0;;;2657;2649;1348;
522;32;2602;L;7;0;;;2648;2672;1348;
522;32;2580;L;7;0;;;2648;2649;1348;
522;32;2604;L;7;0;;;2648;2651;1348;
522;32;2606;L;7;0;;;2675;2672;1348;
522;32;1669;L;1;3;;2672;1471;1253;1348;
522;32;2584;L;7;0;;;2654;2649;1348;
522;32;2600;L;7;0;;;2660;2649;1348;
522;32;2592;L;7;0;;;2660;2659;1348;
522;32;4601;L;1;4;;2181;2177;1683;1348;
522;32;4606;L;1;4;;2187;2181;990;1348;
522;32;4512;L;1;4;;1688;1601;2159;1348;
522;32;4506;L;1;4;;2156;1823;2157;1348;
522;32;4509;L;1;4;;2158;2157;1601;1348;
522;32;1536;L;1;4;;323;553;31;1348;
522;32;4235;L;1;4;;1420;1038;2071;1348;
522;32;263;L;1;3;;19;440;435;1348;
522;32;4776;L;1;3;;1912;363;28;1348;
522;32;267;L;1;4;;20;363;193;1348;
522;32;4772;L;1;3;;1410;1062;363;1348;
522;32;265;L;1;3;;21;435;363;1348;
522;32;2796;L;7;0;;;2702;2796;1348;
522;32;2780;L;7;0;;;2702;2798;1348;
522;32;262;L;1;1;;2702;990;440;1348;
522;32;2656;L;7;0;;;2707;2649;1348;
522;32;2660;L;7;0;;;2707;2659;1348;
522;32;2794;L;7;0;;;2707;2796;1348;
522;32;2782;L;7;0;;;2707;2798;1348;
522;32;2650;L;7;0;;;2705;1253;1348;
522;32;2652;L;7;0;;;2705;2649;1348;
522;32;2654;L;7;0;;;2705;2659;1348;
522;32;2804;L;7;0;;;2705;2796;1348;
522;32;2778;L;7;0;;;2705;2798;1348;
522;32;4177;L;1;4;;650;1053;2060;1348;
522;32;1567;L;1;4;;651;748;2060;1348;
522;32;61;L;1;3;;1287;445;3558;1348;
522;32;2532;L;7;0;;;2610;2548;1348;
522;32;2536;L;7;0;;;2610;2556;1348;
522;32;2530;L;7;0;;;2607;2548;1348;
522;32;2540;L;7;0;;;2607;2556;1348;
522;32;4769;L;1;3;;1411;529;1062;1348;
522;32;401;L;1;3;;172;529;428;1348;
522;32;4765;L;1;3;;1894;383;529;1348;
522;32;64;L;1;3;;1205;106;529;1348;
522;32;5145;L;1;4;S214;3528;975;3530;1348;
522;32;5034;L;1;4;;1273;3466;2088;1348;
522;32;1321;L;1;4;;1284;2049;1078;1348;
522;32;5055;L;1;4;;3387;638;3490;1348;
522;32;3650;L;1;4;;1292;3490;1295;1348;
522;32;1691;L;1;4;;1479;73;179;1348;
522;32;584;L;1;4;;71;589;2057;1348;
522;32;1074;L;1;4;;135;15;71;1348;
522;32;2081;L;1;4;;1328;1582;1223;1348;
522;32;2078;L;1;4;;1731;1730;1582;1348;
522;32;2075;L;1;4;;1729;1578;1730;1348;
522;32;1578;L;1;4;;1426;1425;49;1348;
522;32;222;L;1;4;;36;1458;928;1348;
522;32;4793;L;1;4;;2248;1458;928;1348;
522;32;1574;L;1;4;X019;1423;802;1425;1348;
522;32;4446;L;1;4;;3150;11;2129;1348;
522;32;3786;L;1;4;;1947;1948;1462;1348;
522;32;588;L;1;4;;1024;1526;544;1348;
522;32;1917;L;1;3;;1689;1688;1453;1348;
522;32;632;L;1;4;;82;623;1111;1348;
522;32;1914;L;1;3;;1601;1494;1688;1348;
522;32;2288;L;7;0;;;2374;2295;1348;
522;32;2296;L;7;0;;;2377;2295;1348;
522;32;2290;L;7;0;;;2377;2306;1348;
522;32;4729;L;1;4;;2217;354;353;1348;
522;32;551;L;1;4;;64;2553;566;1348;
522;32;3507;L;1;4;;64;562;566;1348;
522;32;3299;L;1;4;;64;2651;564;1348;
522;32;4788;L;1;3;;2227;65;2228;1348;
522;32;2420;L;7;0;;;2518;2295;1348;
522;32;4743;L;1;3;;2518;678;679;1348;
522;32;3607;L;1;4;;1866;1861;1891;1348;
522;32;907;L;1;4;;678;360;190;1348;
522;32;4784;L;1;3;;2225;65;249;1348;
522;32;3751;L;1;4;;1404;1934;678;1348;
522;32;2416;L;7;0;;;2520;2295;1348;
522;32;2418;L;7;0;;;2515;2295;1348;
522;32;2424;L;7;0;;;2515;2306;1348;
522;32;2412;L;7;0;;;2511;2295;1348;
522;32;2428;L;7;0;;;2511;2306;1348;
522;32;555;L;1;4;;65;566;360;1348;
522;32;912;L;1;4;;3364;186;174;1348;
522;32;225;L;1;4;;3207;185;174;1348;
522;32;3497;L;1;4;;1859;1857;1860;1348;
522;32;1544;L;1;4;;1062;1411;143;1348;
522;32;3240;L;1;3;;1785;1784;2702;1348;
522;32;521;L;1;4;;1285;1144;1284;1348;
522;32;4735;L;1;3;;2218;61;547;1348;
522;32;4732;L;1;3;;2028;60;547;1348;
522;32;514;L;1;4;;60;202;1111;1348;
522;32;4658;L;1;3;;672;1446;61;1348;
522;32;2268;L;7;0;;;2354;2295;1348;
522;32;2280;L;7;0;;;2364;2295;1348;
522;32;2276;L;7;0;;;2364;2306;1348;
522;32;518;L;1;4;;61;1111;1144;1348;
522;32;2922;L;7;0;;;2938;2798;1348;
522;32;670;L;1;4;;2938;651;1530;1348;
522;32;666;L;1;4;;1038;651;1541;1348;
522;32;5095;L;1;4;;3508;1892;1866;1348;
522;32;4241;L;1;4;;2072;2071;2074;1348;
522;32;2568;L;7;0;;;2637;2548;1348;
522;32;2564;L;7;0;;;2637;2556;1348;
522;32;2572;L;7;0;;;2641;2548;1348;
522;32;2578;L;7;0;;;2641;2556;1348;
522;32;1991;L;1;3;;1474;1422;1654;1348;
522;32;3579;L;1;4;;690;600;602;1348;
522;32;3576;L;1;4;;1886;1885;602;1348;
522;32;598;L;1;4;;687;599;602;1348;
522;32;725;L;1;4;;601;687;1464;1348;
522;32;336;L;1;4;;145;1083;1131;1348;
522;32;5053;L;1;4;;3466;3467;2164;1348;
522;32;1607;L;1;4;;504;5;3337;1348;
522;32;252;L;1;4;;1140;2204;1141;1348;
522;32;237;L;1;4;;208;2204;1141;1348;
522;32;657;L;1;4;;517;44;387;1348;
522;32;3338;L;1;3;;987;1809;3379;1348;
522;32;3748;L;1;4;;1929;987;996;1348;
522;32;4097;L;1;4;;3149;2037;1844;1348;
522;32;5058;L;1;4;;3379;987;3095;1348;
522;32;5301;L;1;4;;3603;3606;1447;1348;
522;32;5086;L;1;4;;3502;1858;1889;1348;
522;32;4302;L;1;4;;1010;6;2906;1348;
522;32;3516;L;1;4;;1861;566;1866;1348;
522;32;4125;L;1;4;;653;2938;655;1348;
522;32;4255;L;1;4;;654;2938;1420;1348;
522;32;4333;L;1;4;;988;996;1846;1348;
522;32;4251;L;1;4;;1610;748;2938;1348;
522;32;4121;L;1;4;;1609;3493;2938;1348;
522;32;1527;L;1;4;;1406;1407;58;1348;
522;32;4220;L;1;4;;1418;1541;651;1348;
522;32;4246;L;1;4;;2059;1541;651;1348;
522;32;4062;L;1;4;;634;615;2031;1348;
522;32;5119;L;1;4;;2031;1125;399;1348;
522;32;643;L;1;4;;616;462;1253;1348;
522;32;4478;L;1;4;;2143;3237;2145;1348;
522;32;4487;L;1;4;;3274;2145;1353;1348;
522;32;700;L;1;4;;97;672;2553;1348;
522;32;1190;L;1;4;;162;1177;3296;1348;
522;32;1842;L;1;4;;730;1477;1593;1348;
522;32;1831;L;1;4;;1646;1647;1593;1348;
522;32;2121;L;1;3;S316;1701;1233;1743;1348;
522;32;2128;L;1;3;S316;1701;3198;1422;1348;
522;32;2125;L;1;3;S316;1701;3196;1743;1348;
522;32;1994;L;1;3;S322;1655;1654;990;1348;
522;32;3885;L;1;3;;3241;1655;3240;1348;
522;32;1599;L;1;4;;457;1318;1431;1348;
522;32;3076;L;7;0;;;3037;2796;1348;
522;32;3036;L;7;0;;;3037;2798;1348;
522;32;2007;L;1;4;S329;3037;1422;3403;1348;
522;32;1050;L;1;4;;132;2106;1009;1348;
522;32;4401;L;1;4;;3559;132;3553;1348;
522;32;1043;L;1;4;;1007;3462;2106;1348;
522;32;4941;L;1;4;;1242;420;1053;1348;
522;32;233;L;1;4;;1241;420;1053;1348;
522;32;4103;L;1;4;;375;1120;1239;1348;
522;32;5214;L;1;4;X014;979;1850;3554;1348;
522;32;3888;L;1;3;S303;1982;2281;1991;1348;
522;32;3914;L;1;4;;3588;1982;1994;1348;
522;32;1375;L;1;4;;1356;1316;1069;1348;
522;32;1369;L;1;1;;1069;1016;1356;1348;
522;32;1304;L;1;1;S51;1267;1131;3248;1348;
522;32;4559;L;1;3;S225;3281;3530;1494;1348;
522;32;4535;L;1;4;;1316;1353;1356;1348;
522;32;3833;L;1;4;X303;3484;1995;1201;1348;
522;32;2156;L;1;4;;1482;1483;188;1348;
522;32;1701;L;1;4;;1483;1253;1484;1348;
522;32;4350;L;1;4;;2095;2094;2096;1348;
522;32;4347;L;1;4;;1845;1337;2094;1348;
522;32;4834;L;1;3;;1078;374;2282;1348;
522;32;5068;L;1;4;;3548;374;1335;1348;
522;32;4695;L;1;3;;1526;432;351;1348;
522;32;405;L;1;3;;175;546;351;1348;
522;32;4699;L;1;3;;2208;351;1160;1348;
522;32;2238;L;7;0;;;2317;2295;1348;
522;32;2232;L;7;0;;;2317;2306;1348;
522;32;2246;L;7;0;;;2324;2295;1348;
522;32;2242;L;7;0;;;2324;2306;1348;
522;32;79;L;1;3;;1023;1111;374;1348;
522;32;4117;L;1;4;;2044;3480;3493;1348;
522;32;4212;L;1;4;;2067;2066;2063;1348;
522;32;4215;L;1;4;;2063;2067;1541;1348;
522;32;4209;L;1;4;;2066;2967;2067;1348;
522;32;1581;L;1;4;;239;49;206;1348;
522;32;392;L;1;4;;49;1149;239;1348;
522;32;5268;L;1;4;;1195;1422;73;1348;
522;32;4000;L;1;4;;432;204;1526;1348;
522;32;3260;L;1;4;;1789;1787;3494;1348;
522;32;3257;L;1;4;;1787;1785;1773;1348;
522;32;3654;L;1;4;;1909;172;20;1348;
522;32;1172;L;1;4;;260;11;10;1348;
522;32;2001;L;1;4;;3516;3250;1422;1348;
522;32;3997;L;1;4;;1154;1153;204;1348;
522;32;5113;L;1;4;;1154;1153;494;1348;
522;32;4990;L;1;4;;3340;3341;2088;1348;
522;32;4654;L;1;4;;2202;2201;1271;1348;
522;32;2282;L;7;0;;;2370;2306;1348;
522;32;1182;L;1;4;;2370;1111;2553;1348;
522;32;4026;L;1;4;;2026;672;1348;1348;
522;32;2788;L;7;0;;;2820;2705;1348;
522;32;5346;L;1;1;G6;7;243;3376;1348;
522;32;5344;L;1;1;G4;1223;909;564;1348;
522;32;2058;L;1;4;;1721;1223;1579;1348;
522;32;5338;L;1;1;G1;1286;916;3261;1348;
522;32;5340;L;1;1;G2;3445;913;911;1348;
522;32;936;L;1;1;G2;3445;3442;913;1348;
522;32;1317;L;1;1;;1280;1131;3444;1348;
522;32;5342;L;1;1;;24;806;1561;1348;
522;32;1676;L;1;3;S215;1422;1564;248;1348;
522;32;2554;L;7;0;;;1541;2556;1348;
522;32;2706;L;7;0;;;1541;2649;1348;
522;32;2688;L;7;0;;;1541;2659;1348;
522;32;2700;L;7;0;;;2748;2649;1348;
522;32;2948;L;7;0;;;2748;1131;1348;
522;32;2950;L;7;0;;;2748;2796;1348;
522;32;2952;L;7;0;;;2748;2798;1348;
522;32;4625;L;1;1;S32;2190;3423;3441;1348;
522;32;4570;L;1;2;G103;3191;3263;970;1348;
522;32;4843;L;1;3;;2282;1078;1361;1348;
522;32;2750;L;7;0;;;1335;2649;1348;
522;32;2738;L;7;0;;;1335;2659;1348;
522;32;2734;L;7;0;;;1335;2780;1348;
522;32;81;L;1;1;;1335;1078;1361;1348;
522;32;2732;L;7;0;;;2767;2659;1348;
522;32;2752;L;7;0;;;2770;2649;1348;
522;32;2968;L;7;0;;;2770;1131;1348;
522;32;2990;L;7;0;;;2770;2796;1348;
522;32;2972;L;7;0;;;2770;2798;1348;
522;32;2970;L;7;0;;;2770;2977;1348;
522;32;2728;L;7;0;;;2776;2649;1348;
522;32;2980;L;7;0;;;2759;1078;1348;
522;32;2748;L;7;0;;;2759;2649;1348;
522;32;2984;L;7;0;;;2759;1131;1348;
522;32;2988;L;7;0;;;2759;2796;1348;
522;32;2986;L;7;0;;;2759;2798;1348;
522;32;2982;L;7;0;;;2989;1078;1348;
522;32;5017;L;1;1;G7;1502;1131;1841;1348;
522;32;4862;L;1;2;G7;1841;1849;1850;1348;
522;32;5209;L;1;4;;3486;1201;1699;1348;
522;32;1334;L;1;4;;1297;1298;1299;1348;
522;32;1340;L;1;4;;338;1304;1299;1348;
522;32;273;L;1;4;;1298;2011;2013;1348;
522;32;1337;L;1;4;;406;1298;338;1348;
522;32;2328;L;7;0;;;1481;2306;1348;
522;32;3792;L;1;4;;1481;1950;2413;1348;
522;32;2034;L;1;4;;458;1712;178;1348;
522;32;2031;L;1;4;;1711;1710;1712;1348;
522;32;1615;L;1;4;;796;1435;1141;1348;
522;32;3901;L;1;4;X007;1988;1992;3536;1348;
522;32;1893;L;1;3;;1364;1588;1679;1348;
522;32;4194;L;1;4;;1341;1521;1541;1348;
522;32;4189;L;1;4;;1521;3335;1341;1348;
522;32;4185;L;1;4;;2061;1349;2062;1348;
522;32;2047;L;1;4;;3211;3495;733;1348;
522;32;2044;L;1;4;;1716;1715;3495;1348;
522;32;4047;L;1;4;;1424;1423;1458;1348;
522;32;1853;L;1;4;;1373;1369;3211;1348;
522;32;4930;L;1;4;;1081;1790;1084;1348;
522;32;4474;L;1;4;;2141;2145;2142;1348;
522;32;1210;L;1;4;;189;188;2456;1348;
522;32;5326;L;1;4;X001;3610;1579;1582;1348;
522;32;3006;L;7;0;;;3007;2796;1348;
522;32;5098;L;1;4;;3509;2088;3511;1348;
522;32;4458;L;1;4;;3510;3509;1541;1348;
522;32;1953;L;1;4;;1699;1692;3484;1348;
522;32;1489;L;1;4;;1130;7;1239;1348;
522;32;1825;L;1;4;;720;1644;1645;1348;
522;32;4397;L;1;4;;2112;1009;2111;1348;
522;32;3584;L;1;4;;604;1097;1464;1348;
522;32;3592;L;1;4;;1887;302;1888;1348;
522;32;5149;L;1;4;;1530;1529;2117;1348;
522;32;4310;L;1;4;;1529;2034;3161;1348;
522;32;4870;L;1;4;;1529;3161;2938;1348;
522;32;4293;L;1;4;;2080;3480;1529;1348;
522;32;283;L;1;4;;26;27;302;1348;
522;32;3549;L;1;4;;1873;1378;26;1348;
522;32;284;L;1;3;;27;441;26;1348;
522;32;3535;L;1;4;;1872;1380;1873;1348;
522;32;3010;L;7;0;;;1969;2796;1348;
522;32;3846;L;1;4;;1969;1970;1971;1348;
522;32;3008;L;7;0;;;3355;2796;1348;
522;32;3545;L;1;4;;1874;1378;26;1348;
522;32;5139;L;1;4;X023;3530;2088;975;1348;
522;32;2398;L;7;0;;;1206;2499;1348;
522;32;2396;L;7;0;;;1206;2496;1348;
522;32;547;L;1;4;;1206;74;2492;1348;
522;32;4738;L;1;4;;2236;1854;249;1348;
522;32;3511;L;1;4;;1865;1206;65;1348;
522;32;4288;L;1;4;;2076;2071;2079;1348;
522;32;4272;L;1;4;;2073;2072;2079;1348;
522;32;1595;L;1;4;;1430;700;2938;1348;
522;32;4130;L;1;4;;2046;655;2048;1348;
522;32;4268;L;1;4;;656;2938;2072;1348;
522;32;1451;L;1;4;;1386;53;1387;1348;
522;32;2444;L;7;0;;;1203;2295;1348;
522;32;2438;L;7;0;;;1203;2306;1348;
522;32;558;L;1;1;;1203;569;679;1348;
522;32;2436;L;7;0;;;2532;2306;1348;
522;32;4753;L;1;3;;2223;569;361;1348;
522;32;2440;L;7;0;;;2530;2306;1348;
522;32;2616;L;7;0;;;883;2649;1348;
522;32;2638;L;7;0;;;883;2659;1348;
522;32;1347;L;1;1;;883;1308;569;1348;
522;32;2508;L;7;0;;;2592;2548;1348;
522;32;2506;L;7;0;;;2592;2581;1348;
522;32;2516;L;7;0;;;2592;2597;1348;
522;32;2614;L;7;0;;;2592;2649;1348;
522;32;4746;L;1;3;;2221;1248;569;1348;
522;32;2496;L;7;0;;;2578;2581;1348;
522;32;2522;L;7;0;;;2578;2556;1348;
522;32;2524;L;7;0;;;2578;2597;1348;
522;32;2762;L;7;0;;;1309;2796;1348;
522;32;2776;L;7;0;;;1309;2798;1348;
522;32;1346;L;1;1;;1309;903;1308;1348;
522;32;2764;L;7;0;;;2694;2796;1348;
522;32;2772;L;7;0;;;2694;2798;1348;
522;32;678;L;1;3;;91;1131;1248;1348;
522;32;2620;L;7;0;;;2686;1253;1348;
522;32;2618;L;7;0;;;2686;2649;1348;
522;32;2624;L;7;0;;;2686;2659;1348;
522;32;2760;L;7;0;;;2686;2796;1348;
522;32;2622;L;7;0;;;2686;1248;1348;
522;32;3122;L;7;0;;;3129;1248;1348;
522;32;5026;L;1;1;;1780;702;1131;1348;
522;32;2774;L;7;0;;;2808;2798;1348;
522;32;2087;L;1;4;;1735;1732;3496;1348;
522;32;4394;L;1;4;;2107;1847;132;1348;
522;32;3974;L;1;4;;2015;155;413;1348;
522;32;697;L;1;4;;96;2057;1349;1348;
522;32;2862;L;7;0;;;2885;2798;1348;
522;32;4092;L;1;4;;2885;1129;2037;1348;
522;32;1988;L;1;4;;1639;1638;1422;1348;
522;32;1495;L;1;4;;391;643;1116;1348;
522;32;4482;L;1;4;;2145;2146;3237;1348;
522;32;5273;L;1;4;;3595;73;3596;1348;
522;32;5276;L;1;4;;3598;3595;178;1348;
522;32;1550;L;1;4;;555;192;323;1348;
522;32;1419;L;1;4;;1376;1378;1379;1348;
522;32;1612;L;1;4;;1434;504;1435;1348;
522;32;888;L;1;4;;113;1287;887;1348;
522;32;993;L;2;1;;990;;;1348;
522;32;4551;L;1;4;;3499;2171;2164;1348;
522;32;2480;L;7;0;;;2569;2548;1348;
522;32;2484;L;7;0;;;2569;2556;1348;
522;32;2488;L;7;0;;;2573;2548;1348;
522;32;5212;L;1;4;X025;3553;2106;1009;1348;
522;32;4410;L;1;4;;2111;2106;3280;1348;
522;32;3426;L;1;3;;1835;1829;1836;1348;
522;32;4725;L;1;4;;3476;625;354;1348;
522;32;4014;L;1;4;;2022;621;3476;1348;
522;32;4562;L;1;3;S332;1686;3281;1602;1348;
522;32;4405;L;1;4;;2109;3462;2106;1348;
522;32;4066;L;1;4;;398;2031;1118;1348;
522;32;4203;L;1;4;;3481;3529;2967;1348;
522;32;2182;L;1;4;;1757;1758;702;1348;
522;32;3294;L;1;4;;1800;3501;2651;1348;
522;32;2219;L;1;4;;1776;59;1777;1348;
522;32;3094;L;7;0;;;3076;2796;1348;
522;32;3088;L;7;0;;;3076;2798;1348;
522;32;1968;L;1;4;;1700;1353;1701;1348;
522;32;1437;L;1;4;;660;703;1088;1348;
522;32;2173;L;1;4;;703;1092;1088;1348;
522;32;745;L;1;4;;108;702;445;1348;
522;32;4609;L;1;4;;2184;1683;3285;1348;
522;32;5125;L;1;4;;3527;3523;990;1348;
522;32;4612;L;1;4;;3522;3285;3521;1348;
522;32;3816;L;1;4;;1333;1460;774;1348;
522;32;504;L;1;4;;550;191;532;1348;
522;32;592;L;1;4;;73;1593;1190;1348;
522;32;5297;L;1;4;;729;1593;1484;1348;
522;32;1213;L;1;4;;188;1593;1484;1348;
522;32;3503;L;1;4;;566;1861;65;1348;
522;32;3597;L;1;4;;1858;562;3502;1348;
522;32;1463;L;1;3;;1392;3379;1020;1348;
522;32;3882;L;1;3;S226;1981;1982;1655;1348;
522;32;3304;L;1;4;;715;147;1248;1348;
522;32;4952;L;1;4;;3331;185;58;1348;
522;32;3971;L;1;4;;2014;124;413;1348;
522;32;394;L;1;4;;413;2014;1149;1348;
522;32;4069;L;1;4;;1126;1120;35;1348;
522;32;5088;L;1;4;;3475;1118;1120;1348;
522;32;1481;L;1;4;;1085;1080;2719;1348;
522;32;2374;L;7;0;;;1895;2295;1348;
522;32;3617;L;1;4;;1895;249;1896;1348;
522;32;3953;L;1;4;;2009;553;2010;1348;
522;32;3959;L;1;4;;2012;174;1147;1348;
522;32;5313;L;1;2;G104;1713;3607;3608;1348;
522;32;5286;L;1;4;;3544;3600;1460;1348;
522;32;3500;L;1;4;;1860;1859;1203;1348;
522;32;5076;L;1;4;;3496;1223;1225;1348;
522;32;1156;L;1;4;;156;174;1147;1348;
522;32;1518;L;1;4;;549;190;1406;1348;
522;32;1515;L;1;4;;1405;98;190;1348;
522;32;4228;L;1;4;;2069;1609;2070;1348;
522;32;4224;L;1;4;;2045;651;1609;1348;
522;32;4232;L;1;4;;2068;748;2045;1348;
522;32;1632;L;1;4;;539;60;1444;1348;
522;32;3422;L;1;3;;1829;1834;1835;1348;
522;32;3416;L;1;3;;1830;3389;1831;1348;
522;32;3636;L;1;4;;1523;1205;21;1348;
522;32;1186;L;1;4;;1177;1348;162;1348;
522;32;4151;L;1;4;;469;55;71;1348;
522;32;2016;L;1;4;;1707;1422;1646;1348;
522;32;3623;L;1;4;;1898;676;678;1348;
522;32;2037;L;1;4;;1374;3503;1713;1348;
522;32;1530;L;1;4;;532;58;185;1348;
522;32;5317;L;1;2;G104;3608;1713;3609;1348;
522;32;5319;L;1;2;G104;178;3609;179;1348;
522;32;128;L;1;4;;1653;458;341;1348;
522;32;2025;L;1;4;;1477;1709;1710;1348;
522;32;3068;L;7;0;;;1654;2796;1348;
522;32;3056;L;7;0;;;1654;2798;1348;
522;32;1845;L;1;3;S228;1654;1655;3037;1348;
522;32;3070;L;7;0;;;3042;2796;1348;
522;32;3040;L;7;0;;;3042;2798;1348;
522;32;3072;L;7;0;;;3045;2796;1348;
522;32;3046;L;7;0;;;3045;2798;1348;
522;32;5101;L;1;4;;3512;172;143;1348;
522;32;712;L;1;4;;427;679;172;1348;
522;32;3349;L;1;4;;1813;1812;1072;1348;
522;32;5037;L;1;4;;1812;1513;1813;1348;
522;32;5155;L;1;4;X024;3460;3531;3532;1348;
522;32;706;L;1;4;;892;676;678;1348;
522;32;2142;L;1;4;;1215;1745;1331;1348;
522;32;3693;L;1;4;;1019;900;133;1348;
522;32;1290;L;1;4;;1254;2057;1256;1348;
522;32;4019;L;1;4;;2024;672;2553;1348;
522;32;5135;L;1;4;;3529;3481;3528;1348;
522;32;304;L;1;4;;28;1111;194;1348;
522;32;4830;L;1;4;;525;11;1267;1348;
522;32;4622;L;1;4;;2191;3435;2190;1348;
522;32;4977;L;1;4;;3334;2702;3338;1348;
522;32;2926;L;7;0;;;2048;2796;1348;
522;32;1698;L;1;4;;311;200;1446;1348;
522;32;2318;L;7;0;;;200;2306;1348;
522;32;152;L;1;4;;200;312;1111;1348;
522;32;2322;L;7;0;;;2410;2306;1348;
522;32;5160;L;1;4;X024;1015;3532;1495;1348;
522;32;1588;L;1;4;;1188;627;1428;1348;
522;32;635;L;1;4;;1187;627;59;1348;
522;32;459;L;1;4;;186;185;142;1348;
522;32;4955;L;1;4;;2261;59;186;1348;
522;32;3222;L;1;4;;1777;3284;186;1348;
522;32;456;L;1;4;;185;376;186;1348;
522;32;5244;L;1;4;;1145;1143;2967;1348;
522;32;4057;L;1;4;;489;5;3423;1348;
522;32;3278;L;1;4;;1384;1223;91;1348;
522;32;1116;L;1;4;;151;643;1129;1348;
522;32;3741;L;1;4;;1919;1102;387;1348;
522;32;3950;L;1;4;;1436;185;553;1348;
522;32;4004;L;1;4;;2019;1023;2020;1348;
522;32;1869;L;1;4;;1664;1663;1665;1348;
522;32;1866;L;1;4;;1663;1662;1664;1348;
522;32;3016;L;7;0;;;1670;2798;1348;
522;32;1878;L;1;4;;1670;1669;663;1348;
522;32;1872;L;1;4;;1666;1663;1667;1348;
522;32;1875;L;1;4;;1668;1667;1669;1348;
522;32;1950;L;1;4;;1667;1666;1692;1348;
522;32;1946;L;1;4;;1695;1694;1666;1348;
522;32;5093;L;1;4;;3505;3504;1694;1348;
522;32;29;L;2;1;;2553;;;1348;
522;32;2468;L;7;0;;;2553;2550;1348;
522;32;2476;L;7;0;;;2553;2552;1348;
522;32;2548;L;7;0;;;2553;2621;1348;
522;32;34;L;2;2;;140;;;1348;
522;32;2472;L;7;0;;;2548;74;1348;
522;32;2470;L;7;0;;;2548;2550;1348;
522;32;2474;L;7;0;;;2548;2552;1348;
522;32;2534;L;7;0;;;2548;2610;1348;
522;32;2528;L;7;0;;;2548;2607;1348;
522;32;2570;L;7;0;;;2548;2637;1348;
522;32;2574;L;7;0;;;2548;2641;1348;
522;32;2492;L;7;0;;;2548;2530;1348;
522;32;2502;L;7;0;;;2548;2590;1348;
522;32;2498;L;7;0;;;2548;2585;1348;
522;32;2500;L;7;0;;;2548;2587;1348;
522;32;2482;L;7;0;;;2548;2569;1348;
522;32;2486;L;7;0;;;2548;2573;1348;
522;32;2560;L;7;0;;;2548;137;1348;
522;32;2544;L;7;0;;;2548;711;1348;
522;32;2494;L;7;0;;;2581;2530;1348;
522;32;2504;L;7;0;;;2581;2592;1348;
522;32;2464;L;7;0;;;2556;74;1348;
522;32;2466;L;7;0;;;2556;2550;1348;
522;32;2478;L;7;0;;;2556;2552;1348;
522;32;2538;L;7;0;;;2556;2610;1348;
522;32;2542;L;7;0;;;2556;2607;1348;
522;32;2566;L;7;0;;;2556;2637;1348;
522;32;2576;L;7;0;;;2556;2641;1348;
522;32;2550;L;7;0;;;2556;1541;1348;
522;32;2510;L;7;0;;;2556;883;1348;
522;32;2514;L;7;0;;;2556;2590;1348;
522;32;2520;L;7;0;;;2556;2585;1348;
522;32;2518;L;7;0;;;2556;2587;1348;
522;32;2490;L;7;0;;;2556;2573;1348;
522;32;2512;L;7;0;;;2597;2592;1348;
522;32;2526;L;7;0;;;2597;2578;1348;
522;32;729;L;1;4;;106;1205;21;1348;
522;32;648;L;1;3;;435;1205;638;1348;
522;32;4154;L;1;4;;587;71;2055;1348;
522;32;684;L;1;4;;92;1599;1460;1348;
522;32;3012;L;7;0;;;3018;2798;1348;
522;32;3028;L;7;0;;;3032;2796;1348;
522;32;3030;L;7;0;;;3032;2910;1348;
522;32;1856;L;1;4;;1589;1655;3507;1348;
522;32;1859;L;1;4;;1659;1589;1660;1348;
522;32;3570;L;1;4;;1885;104;1464;1348;
522;32;3701;L;1;4;;1389;1388;1022;1348;
522;32;3705;L;1;4;;1022;3290;1389;1348;
522;32;1459;L;1;3;;1021;1020;1389;1348;
522;32;3696;L;1;4;;1020;133;988;1348;
522;32;2834;L;7;0;;;2854;2796;1348;
522;32;5235;L;1;4;;2854;1102;900;1348;
522;32;2178;L;1;4;;1755;1088;2702;1348;
522;32;3370;L;1;4;;993;987;1819;1348;
522;32;3126;L;7;0;;;912;2649;1348;
522;32;3142;L;7;0;;;912;2659;1348;
522;32;1498;L;1;4;;1401;1116;1130;1348;
522;32;3104;L;7;0;;;1088;2796;1348;
522;32;58;L;1;3;;1088;1231;445;1348;
522;32;3100;L;7;0;;;3088;2796;1348;
522;32;4144;L;1;4;;2051;1285;2050;1348;
522;32;4503;L;1;4;;2155;1831;1823;1348;
522;32;4949;L;1;4;;3330;360;1203;1348;
522;32;3603;L;1;4;;1891;1866;360;1348;
522;32;4320;L;1;4;;2088;1521;1273;1348;
522;32;2558;L;7;0;;;1313;2548;1348;
522;32;2552;L;7;0;;;1313;2556;1348;
522;32;2690;L;7;0;;;1313;2659;1348;
522;32;2954;L;7;0;;;1313;2798;1348;
522;32;207;L;1;1;S12;1313;1111;1315;1348;
522;32;4532;L;1;4;;1315;1273;2162;1348;
522;32;3671;L;1;4;;1910;19;638;1348;
522;32;4174;L;1;4;;2058;1141;1053;1348;
522;32;1300;L;1;3;;1264;544;1253;1348;
522;32;4451;L;1;4;;2130;1078;11;1348;
522;32;4441;L;1;4;;2125;3489;11;1348;
522;32;4438;L;1;4;;1678;2124;3296;1348;
522;32;661;L;1;4;;643;388;243;1348;
522;32;3236;L;1;3;;1766;1765;1784;1348;
522;32;4165;L;1;4;;473;10;1143;1348;
522;32;2203;L;1;3;;1768;1767;1769;1348;
522;32;1921;L;1;4;;1691;1453;1538;1348;
522;32;5291;L;1;4;;3602;3601;3603;1348;
522;32;4454;L;1;4;;2133;938;1541;1348;
522;32;4518;L;1;3;;2159;1602;1745;1348;
522;32;1911;L;1;3;S201;1687;3449;1494;1348;
522;32;4162;L;1;4;;2056;2055;2057;1348;
522;32;98;L;2;1;;1253;;;1348;
522;32;2682;L;7;0;;;1253;1123;1348;
522;32;2590;L;7;0;;;1253;2662;1348;
522;32;2646;L;7;0;;;1253;2707;1348;
522;32;2704;L;7;0;;;1253;1541;1348;
522;32;3146;L;7;0;;;1253;1335;1348;
522;32;2726;L;7;0;;;1253;2770;1348;
522;32;2712;L;7;0;;;1253;2759;1348;
522;32;2610;L;7;0;;;1253;2578;1348;
522;32;2724;L;7;0;;;1253;2773;1348;
522;32;2670;L;7;0;;;1253;2724;1348;
522;32;27;L;2;2;;139;;;1348;
522;32;2684;L;7;0;;;2649;1123;1348;
522;32;2596;L;7;0;;;2649;1470;1348;
522;32;2594;L;7;0;;;2649;2648;1348;
522;32;2598;L;7;0;;;2649;2660;1348;
522;32;2640;L;7;0;;;2649;2702;1348;
522;32;2644;L;7;0;;;2649;2707;1348;
522;32;2642;L;7;0;;;2649;2705;1348;
522;32;3132;L;7;0;;;2649;245;1348;
522;32;2692;L;7;0;;;2649;1541;1348;
522;32;2696;L;7;0;;;2649;2750;1348;
522;32;2694;L;7;0;;;2649;2748;1348;
522;32;2718;L;7;0;;;2649;2767;1348;
522;32;2722;L;7;0;;;2649;2770;1348;
522;32;2714;L;7;0;;;2649;2759;1348;
522;32;2632;L;7;0;;;2649;2590;1348;
522;32;2608;L;7;0;;;2649;2578;1348;
522;32;2636;L;7;0;;;2649;2694;1348;
522;32;2716;L;7;0;;;2649;258;1348;
522;32;2634;L;7;0;;;2649;1248;1348;
522;32;2720;L;7;0;;;2763;258;1348;
522;32;2686;L;7;0;;;2659;1123;1348;
522;32;2680;L;7;0;;;2659;333;1348;
522;32;2664;L;7;0;;;2659;2719;1348;
522;32;2676;L;7;0;;;2659;104;1348;
522;32;2588;L;7;0;;;2659;2660;1348;
522;32;2666;L;7;0;;;2659;2722;1348;
522;32;2648;L;7;0;;;2659;2707;1348;
522;32;2658;L;7;0;;;2659;2705;1348;
522;32;2698;L;7;0;;;2659;1541;1348;
522;32;2702;L;7;0;;;2659;2750;1348;
522;32;2708;L;7;0;;;2659;1335;1348;
522;32;2736;L;7;0;;;2659;2770;1348;
522;32;2730;L;7;0;;;2659;2776;1348;
522;32;2710;L;7;0;;;2659;2759;1348;
522;32;2630;L;7;0;;;2659;2578;1348;
522;32;2626;L;7;0;;;2659;1309;1348;
522;32;2628;L;7;0;;;2659;2694;1348;
522;32;2740;L;7;0;;;258;2659;1348;
522;32;2744;L;7;0;;;2786;2659;1348;
522;32;4556;L;1;4;;2173;3499;3281;1348;
522;32;4023;L;1;4;;2025;2553;544;1348;
522;32;1297;L;1;3;;775;1348;544;1348;
522;32;639;L;1;4;;600;599;1464;1348;
522;32;139;L;1;4;;142;186;174;1348;
522;32;1524;L;1;4;;1408;1190;1407;1348;
522;32;196;L;1;4;;143;3512;20;1348;
522;32;3488;L;1;4;;562;1206;64;1348;
522;32;4362;L;1;4;;3303;2099;2098;1348;
522;32;4933;L;1;4;;3328;3423;1541;1348;
522;32;4925;L;1;4;;3190;420;1541;1348;
522;32;1559;L;1;4;;1416;1141;1053;1348;
522;32;4807;L;1;4;;2264;1433;1053;1348;
522;32;5064;L;1;4;S329;3192;3403;1660;1348;
522;32;2344;L;7;0;;;2435;2295;1348;
522;32;2350;L;7;0;;;2440;2295;1348;
522;32;2352;L;7;0;;;2440;2306;1348;
522;32;3764;L;1;4;;1936;190;1408;1348;
522;32;627;L;1;4;;81;621;623;1348;
522;32;1980;L;1;4;X030;1353;1700;1422;1348;
522;32;4465;L;1;4;X030;1353;2088;1496;1348;
522;32;1972;L;1;4;;1703;1702;1701;1348;
522;32;1983;L;1;4;;1702;1700;1422;1348;
522;32;1664;L;1;4;;1183;1466;627;1348;
522;32;1975;L;1;4;;1704;1705;1701;1348;
522;32;5105;L;1;4;;621;1111;81;1348;
522;32;1204;L;1;4;;627;1187;202;1348;
522;32;249;L;1;4;;627;81;202;1348;
522;32;4972;L;1;4;;1083;3338;440;1348;
522;32;3274;L;1;4;;1756;1797;445;1348;
522;32;1176;L;1;4;;1259;260;1257;1348;
522;32;5163;L;1;4;;1363;1361;1679;1348;
522;32;4586;L;1;3;;2177;1456;3311;1348;
522;32;4590;L;1;3;;2180;3311;2179;1348;
522;32;5173;L;1;4;X004;3535;3534;2179;1348;
522;32;2742;L;7;0;;;2330;2659;1348;
522;32;1388;L;1;1;;2330;353;258;1348;
522;32;2746;L;7;0;;;2788;2659;1348;
522;32;1886;L;1;3;;1675;3484;1588;1348;
522;32;4435;L;1;4;;2123;1675;1678;1348;
522;32;970;L;1;1;G1;944;1335;1551;1348;
522;32;4370;L;1;4;;1847;1337;2107;1348;
522;32;1835;L;1;4;;1648;1422;1647;1348;
522;32;4168;L;1;4;;1256;1143;1257;1348;
522;32;5127;L;1;4;;3525;3521;3523;1348;
522;32;1603;L;1;4;;1431;457;5;1348;
522;32;425;L;1;4;;53;74;888;1348;
522;32;949;L;1;4;;122;121;1541;1348;
522;32;3539;L;1;4;;1875;762;1876;1348;
522;32;915;L;1;1;;116;897;900;1348;
522;32;2674;L;7;0;;;2621;2649;1348;
522;32;2852;L;7;0;;;2621;1131;1348;
522;32;2854;L;7;0;;;2621;2796;1348;
522;32;2850;L;7;0;;;2621;2798;1348;
522;32;3130;L;7;0;;;2621;900;1348;
522;32;2672;L;7;0;;;2724;2649;1348;
522;32;3144;L;7;0;;;2724;599;1348;
522;32;2668;L;7;0;;;2724;798;1348;
522;32;2840;L;7;0;;;2724;1131;1348;
522;32;2838;L;7;0;;;2724;2796;1348;
522;32;2842;L;7;0;;;2724;2798;1348;
522;32;918;L;1;3;;599;762;1102;1348;
522;32;199;L;1;4;;888;883;19;1348;
522;32;3559;L;1;4;;1883;1379;386;1348;
522;32;2041;L;1;4;;1375;1713;1715;1348;
522;32;143;L;1;4;;494;1155;124;1348;
522;32;5110;L;1;4;;494;174;1156;1348;
522;32;4276;L;1;4;;657;1430;2073;1348;
522;32;4284;L;1;4;;2077;2073;2071;1348;
522;32;4197;L;1;4;;1419;1541;653;1348;
522;32;1563;L;1;4;;748;1053;1430;1348;
522;32;1424;L;1;4;;761;1379;386;1348;
522;32;4388;L;1;4;;2106;1847;3460;1348;
522;32;1965;L;1;4;;1671;1670;1693;1348;
522;32;1962;L;1;4;;1599;1696;1670;1348;
522;32;271;L;1;4;;31;323;2011;1348;
522;32;4081;L;1;4;;2033;1242;3423;1348;
522;32;1441;L;1;4;;1092;703;147;1348;
522;32;1839;L;1;4;;1649;1647;1477;1348;
522;32;873;L;2;1;S50;1131;;;1348;
522;32;2800;L;7;0;;;1131;2707;1348;
522;32;2790;L;7;0;;;1131;2705;1348;
522;32;2932;L;7;0;;;1131;1541;1348;
522;32;2940;L;7;0;;;1131;2750;1348;
522;32;2966;L;7;0;;;1131;2759;1348;
522;32;2756;L;7;0;;;1131;2686;1348;
522;32;2768;L;7;0;;;1131;2803;1348;
522;32;2816;L;7;0;;;1131;2836;1348;
522;32;2874;L;7;0;;;2796;6;1348;
522;32;2864;L;7;0;;;2796;2888;1348;
522;32;3080;L;7;0;;;2796;3071;1348;
522;32;2882;L;7;0;;;2796;2906;1348;
522;32;2896;L;7;0;;;2796;2919;1348;
522;32;2894;L;7;0;;;2796;2917;1348;
522;32;2888;L;7;0;;;2796;2912;1348;
522;32;2884;L;7;0;;;2796;2908;1348;
522;32;2890;L;7;0;;;2796;2914;1348;
522;32;2876;L;7;0;;;2796;1239;1348;
522;32;2996;L;7;0;;;2796;3296;1348;
522;32;2994;L;7;0;;;2796;3357;1348;
522;32;2998;L;7;0;;;2796;3359;1348;
522;32;2958;L;7;0;;;2796;2967;1348;
522;32;2802;L;7;0;;;2796;2707;1348;
522;32;2784;L;7;0;;;2796;2705;1348;
522;32;2920;L;7;0;;;2796;2938;1348;
522;32;2928;L;7;0;;;2796;1541;1348;
522;32;2942;L;7;0;;;2796;2750;1348;
522;32;2974;L;7;0;;;2796;1335;1348;
522;32;2976;L;7;0;;;2796;2770;1348;
522;32;2978;L;7;0;;;2796;2759;1348;
522;32;2754;L;7;0;;;2796;2686;1348;
522;32;2770;L;7;0;;;2796;2803;1348;
522;32;2860;L;7;0;;;2796;2885;1348;
522;32;3090;L;7;0;;;2796;3076;1348;
522;32;3096;L;7;0;;;2796;1219;1348;
522;32;3058;L;7;0;;;2796;1654;1348;
522;32;3062;L;7;0;;;2796;3053;1348;
522;32;3060;L;7;0;;;2796;3042;1348;
522;32;3066;L;7;0;;;2796;3049;1348;
522;32;3074;L;7;0;;;2796;3045;1348;
522;32;3064;L;7;0;;;2796;3051;1348;
522;32;3134;L;7;0;;;2796;92;1348;
522;32;3022;L;7;0;;;2796;3026;1348;
522;32;3018;L;7;0;;;2796;3018;1348;
522;32;3026;L;7;0;;;2796;3030;1348;
522;32;3032;L;7;0;;;2796;3032;1348;
522;32;3024;L;7;0;;;2796;3028;1348;
522;32;3038;L;7;0;;;2796;3039;1348;
522;32;2930;L;7;0;;;2796;2946;1348;
522;32;2830;L;7;0;;;2796;2851;1348;
522;32;2806;L;7;0;;;2796;1080;1348;
522;32;2814;L;7;0;;;2796;2836;1348;
522;32;2858;L;7;0;;;2796;387;1348;
522;32;3086;L;7;0;;;2798;3071;1348;
522;32;2898;L;7;0;;;2798;2906;1348;
522;32;2900;L;7;0;;;2798;2919;1348;
522;32;2906;L;7;0;;;2798;2917;1348;
522;32;2912;L;7;0;;;2798;2912;1348;
522;32;2918;L;7;0;;;2798;2908;1348;
522;32;2910;L;7;0;;;2798;2914;1348;
522;32;2880;L;7;0;;;2798;1239;1348;
522;32;2962;L;7;0;;;2798;2967;1348;
522;32;2798;L;7;0;;;2798;2707;1348;
522;32;2792;L;7;0;;;2798;2705;1348;
522;32;2924;L;7;0;;;2798;2938;1348;
522;32;3078;L;7;0;;;2798;3037;1348;
522;32;2946;L;7;0;;;2798;1541;1348;
522;32;2934;L;7;0;;;2798;2949;1348;
522;32;2938;L;7;0;;;2798;2956;1348;
522;32;2964;L;7;0;;;2798;2759;1348;
522;32;3000;L;7;0;;;2798;3003;1348;
522;32;3004;L;7;0;;;2798;3007;1348;
522;32;3002;L;7;0;;;2798;3005;1348;
522;32;2916;L;7;0;;;2798;2935;1348;
522;32;2904;L;7;0;;;2798;2933;1348;
522;32;2758;L;7;0;;;2798;2686;1348;
522;32;2766;L;7;0;;;2798;2803;1348;
522;32;2870;L;7;0;;;2798;2885;1348;
522;32;2868;L;7;0;;;2798;3173;1348;
522;32;3092;L;7;0;;;2798;3076;1348;
522;32;3048;L;7;0;;;2798;1654;1348;
522;32;3054;L;7;0;;;2798;3053;1348;
522;32;3042;L;7;0;;;2798;3042;1348;
522;32;3050;L;7;0;;;2798;3049;1348;
522;32;3044;L;7;0;;;2798;3045;1348;
522;32;3052;L;7;0;;;2798;3051;1348;
522;32;3014;L;7;0;;;2798;3018;1348;
522;32;3034;L;7;0;;;2798;3032;1348;
522;32;3106;L;7;0;;;2798;1088;1348;
522;32;2936;L;7;0;;;2798;2952;1348;
522;32;2856;L;7;0;;;2798;2621;1348;
522;32;2848;L;7;0;;;2798;2724;1348;
522;32;3110;L;7;0;;;2798;3095;1348;
522;32;3112;L;7;0;;;2798;3097;1348;
522;32;3114;L;7;0;;;2798;3099;1348;
522;32;2810;L;7;0;;;2798;1080;1348;
522;32;3120;L;7;0;;;2798;1095;1348;
522;32;2844;L;7;0;;;2798;2866;1348;
522;32;2818;L;7;0;;;2798;2836;1348;
522;32;2846;L;7;0;;;2798;900;1348;
522;32;2902;L;7;0;;;2924;2925;1348;
522;32;2786;L;7;0;;;1797;2705;1348;
522;32;3102;L;7;0;;;1797;2796;1348;
522;32;3270;L;1;4;;1797;1088;1131;1348;
522;32;275;L;1;4;;1148;2013;494;1348;
522;32;2944;L;7;0;;;2946;2750;1348;
522;32;3664;L;1;4;;1440;1410;143;1348;
522;32;3878;L;1;4;;1179;1971;162;1348;
522;32;4847;L;1;3;;2284;1451;1682;1348;
522;32;4029;L;1;4;;2023;2022;60;1348;
522;32;269;L;1;4;;33;193;323;1348;
522;32;3629;L;1;4;;1901;1900;679;1348;
522;32;3632;L;1;4;;383;1894;1205;1348;
522;32;70;L;1;3;;553;192;3207;1348;
522;32;1618;L;1;4;;684;1248;19;1348;
522;32;1164;L;1;4;;544;1621;11;1348;
522;32;3821;L;1;4;;1959;1960;1621;1348;
522;32;3868;L;1;4;;3236;1959;1976;1348;
522;32;536;L;1;4;;192;553;556;1348;
522;32;4337;L;1;4;;1846;988;1337;1348;
522;32;3714;L;1;4;;1917;1915;1846;1348;
522;32;2019;L;1;4;;1647;1646;1648;1348;
522;32;4037;L;1;4;;1518;202;2029;1348;
522;32;1942;L;1;4;;1696;1695;1599;1348;
522;32;1939;L;1;4;;1694;1660;1695;1348;
522;32;1849;L;1;4;;1656;1655;1374;1348;
522;32;1112;L;1;4;;150;33;1109;1348;
522;32;544;L;1;4;;194;560;1109;1348;
522;32;2582;L;7;0;;;2651;2649;1348;
522;32;2612;L;7;0;;;1248;2578;1348;
522;32;3124;L;7;0;;;3107;2578;1348;
522;32;540;L;1;4;;193;556;560;1348;
522;32;5220;L;1;4;;3576;402;615;1348;
522;32;5217;L;1;3;;3575;365;402;1348;
522;32;715;L;1;4;;102;365;683;1348;
522;32;4780;L;1;3;;1914;28;365;1348;
522;32;2224;L;7;0;;;638;2295;1348;
522;32;566;L;1;3;;638;386;365;1348;
522;32;962;L;1;1;;638;1622;365;1348;
522;32;3688;L;1;4;;1907;435;1914;1348;
522;32;4263;L;1;4;;2071;1420;2078;1348;
522;32;4317;L;1;4;;2086;2071;1541;1348;
522;32;4259;L;1;4;;2047;2938;1420;1348;
522;32;3965;L;1;4;;1151;156;494;1348;
522;32;2556;L;7;0;;;2634;2548;1348;
522;32;2562;L;7;0;;;2633;2548;1348;
522;32;2832;L;7;0;;;2851;2798;1348;
522;32;3317;L;1;4;;3095;3318;1102;1348;
522;32;2808;L;7;0;;;1080;2796;1348;
522;32;2812;L;7;0;;;1080;2798;1348;
522;32;3312;L;1;4;;1080;3338;3095;1348;
522;32;3118;L;7;0;;;1095;2796;1348;
522;32;3116;L;7;0;;;1095;2798;1348;
522;32;3744;L;1;4;;1095;1400;3095;1348;
522;32;624;L;1;4;;80;2057;1349;1348;
522;32;3811;L;1;4;;733;663;1957;1348;
522;32;406;L;1;4;;147;3501;91;1348;
522;32;4812;L;1;4;;2266;3501;91;1348;
522;32;3861;L;1;4;;1960;774;1973;1348;
522;32;4111;L;1;4;;2040;2039;2041;1348;
522;32;4945;L;1;4;;2039;1053;3329;1348;
522;32;4108;L;1;4;;1388;1239;2039;1348;
522;32;1454;L;1;4;;1388;1389;1337;1348;
522;32;2836;L;7;0;;;2876;2796;1348;
522;32;5111;L;1;4;;1153;1156;1154;1348;
522;32;1592;L;1;4;;700;1239;1430;1348;
522;32;5130;L;1;4;;3523;3525;3526;1348;
522;32;1811;L;1;4;;1221;3071;165;1348;
522;32;5238;L;1;4;;3578;197;1318;1348;
522;32;1077;L;1;4;;586;71;137;1348;
522;32;1900;L;1;3;;1682;1681;1683;1348;
522;32;4583;L;1;3;;1681;1680;1456;1348;
522;32;1897;L;1;3;;1680;1679;1681;1348;
522;32;4580;L;1;3;;1054;1361;1680;1348;
522;32;3732;L;1;4;;1101;1887;798;1348;
522;32;379;L;1;4;;196;102;3121;1348;
522;32;440;L;1;4;;683;28;102;1348;
522;32;375;L;1;4;;197;3121;462;1348;
522;32;1553;L;1;4;;1414;197;1318;1348;
522;32;4158;L;1;4;;2055;587;1031;1348;
522;32;1623;L;1;4;;1030;586;2057;1348;
522;32;3685;L;1;4;;1913;1910;435;1348;
522;32;1064;L;1;4;;133;387;1623;1348;
522;32;1806;L;1;4;;1638;1639;3071;1348;
522;32;1814;L;1;4;X754;3250;3516;3071;1348;
522;32;4966;L;1;4;;3336;1143;3335;1348;
522;32;653;L;1;4;;1084;1131;1378;1348;
522;32;2822;L;7;0;;;870;1131;1348;
522;32;2820;L;7;0;;;870;2796;1348;
522;32;2826;L;7;0;;;870;2798;1348;
522;32;2824;L;7;0;;;2842;2798;1348;
522;32;2828;L;7;0;;;2836;2798;1348;
522;32;1639;L;1;4;;623;82;60;1348;
522;32;454;L;1;4;;184;428;532;1348;
522;32;5230;L;1;4;;428;184;553;1348;
522;32;532;L;1;4;;191;550;184;1348;
522;32;2446;L;7;0;;;679;2295;1348;
522;32;318;L;1;4;;679;1894;191;1348;
522;32;4760;L;1;3;;2241;2518;100;1348;
522;32;361;L;1;4;;1116;151;243;1348;
522;32;91;L;1;1;;615;1624;151;1348;
522;32;5224;L;1;3;;3577;1125;399;1348;
522;32;573;L;1;4;;402;386;197;1348;
522;32;2408;L;7;0;;;2504;2306;1348;
522;32;3978;L;1;3;;2504;2225;1404;1348;
522;32;882;L;1;4;;382;1203;1287;1348;
522;32;885;L;1;4;;112;1203;1287;1348;
522;32;4471;L;1;4;;3201;1313;2145;1348;
522;32;4961;L;1;4;;443;3333;3334;1348;
522;32;694;L;1;4;;1143;1442;1131;1348;
522;32;3596;L;1;4;;1102;1464;3561;1348;
522;32;4938;L;1;4;;794;1141;420;1348;
522;32;235;L;1;4;;793;1141;420;1348;
522;32;239;L;1;4;;207;239;2204;1348;
522;32;3947;L;1;4;;2008;1406;1183;1348;
522;32;4717;L;1;3;;2416;179;200;1348;
522;32;2326;L;7;0;;;2413;2295;1348;
522;32;3781;L;1;4;;2413;2429;621;1348;
522;32;2338;L;7;0;;;2429;2295;1348;
522;32;1197;L;1;4;;2429;1111;1466;1348;
522;32;2332;L;7;0;;;179;2295;1348;
522;32;1201;L;1;4;;1652;341;2431;1348;
522;32;2340;L;7;0;;;2431;2306;1348;
522;32;4714;L;1;3;;2431;73;179;1348;
522;32;3778;L;1;4;;2427;1408;2429;1348;
522;32;1026;L;1;4;;996;1392;1627;1348;
522;32;4100;L;1;4;;1844;1337;3320;1348;
522;32;3263;L;1;4;;3494;3153;3147;1348;
522;32;3266;L;1;4;;1790;3147;1081;1348;
522;32;2358;L;7;0;;;2456;2306;1348;
522;32;4710;L;1;3;;2456;1485;1190;1348;
522;32;3771;L;1;4;;2461;98;1408;1348;
522;32;703;L;1;4;;98;2456;676;1348;
522;32;2372;L;7;0;;;2471;2295;1348;
522;32;2380;L;7;0;;;2480;2295;1348;
522;32;2378;L;7;0;;;2478;2295;1348;
522;32;2376;L;7;0;;;2476;2295;1348;
522;32;2382;L;7;0;;;2473;2295;1348;
522;32;2386;L;7;0;;;2482;2486;1348;
522;32;2368;L;7;0;;;1485;2306;1348;
522;32;1705;L;1;4;;1485;1484;2456;1348;
522;32;4706;L;1;3;;2211;249;1485;1348;
522;32;2384;L;7;0;;;2485;2486;1348;
522;32;3767;L;1;4;;1934;1404;98;1348;
522;32;2390;L;7;0;;;2489;2306;1348;
522;32;352;L;1;4;;445;91;1083;1348;
522;32;3108;L;7;0;;;1400;2796;1348;
522;32;3324;L;1;4;;1400;1131;3095;1348;
522;32;2304;L;7;0;;;2394;2295;1348;
522;32;2314;L;7;0;;;2394;2306;1348;
522;32;718;L;1;4;;887;1248;435;1348;
522;32;4114;L;1;4;;2042;2041;3480;1348;
522;32;4382;L;1;4;;1004;1847;2108;1348;
522;32;4376;L;1;4;;1003;1847;2108;1348;
522;32;1023;L;1;4;;900;116;1392;1348;
522;32;4818;L;1;4;;2267;1102;1392;1348;
522;32;1427;L;1;4;;1380;1378;26;1348;
522;32;3532;L;1;4;;1870;1869;1380;1348;
522;32;3659;L;1;4;;1902;435;1410;1348;
522;32;1540;L;1;4;;693;435;1410;1348;
522;32;5178;L;1;4;;3537;3536;1366;1348;
522;32;5170;L;1;4;;1457;1456;3534;1348;
522;32;5166;L;1;4;;1679;1364;1457;1348;
522;32;1512;L;1;4;;676;1404;98;1348;
522;32;1285;L;1;4;;581;402;1097;1348;
522;32;3676;L;1;4;;1911;1379;435;1348;
522;32;733;L;1;4;;293;21;1907;1348;
522;32;2170;L;1;4;;1754;3501;1092;1348;
522;32;434;L;1;4;;54;413;206;1348;
522;32;215;L;1;4;;144;20;102;1348;
522;32;3613;L;1;4;;3469;164;1894;1348;
522;32;2152;L;1;4;;1749;1422;1483;1348;
522;32;3542;L;1;4;;3471;711;1869;1348;
522;32;2162;L;1;4;;1751;1471;1752;1348;
522;32;927;L;1;4;;117;186;174;1348;
522;32;604;L;1;4;;76;602;615;1348;
522;32;370;L;1;4;;754;399;400;1348;
522;32;365;L;1;4;;400;615;1118;1348;
522;32;1505;L;1;4;;394;399;151;1348;
522;32;4353;L;1;4;X026;1013;1337;2098;1348;
522;32;4366;L;1;4;;2105;1013;2099;1348;
522;32;609;L;1;4;;387;1464;1131;1348;
522;32;347;L;1;4;;602;1097;1464;1348;
522;32;614;L;1;4;;388;1097;643;1348;
522;32;569;L;1;4;;386;638;1097;1348;
522;32;3588;L;1;4;;515;602;388;1348;
522;32;3403;L;1;3;;1690;1826;1689;1348;
522;32;3400;L;1;3;;1824;1825;1826;1348;
522;32;3735;L;1;4;;1924;599;1925;1348;
522;32;3738;L;1;4;;1927;1924;1102;1348;
522;32;3825;L;1;4;;1957;1447;774;1348;
522;32;5323;L;1;3;G107;1330;1582;3278;1348;
522;32;3898;L;1;4;;1992;3519;1988;1348;
522;32;510;L;1;4;;59;1187;202;1348;
522;32;507;L;1;4;;58;532;1187;1348;
522;32;4011;L;1;4;;1448;1446;1598;1348;
522;32;2546;L;7;0;;;711;2556;1348;
522;32;562;L;1;4;;711;1378;386;1348;
522;32;3857;L;1;4;;1953;1348;672;1348;
522;32;1646;L;1;4;;625;1111;82;1348;
522;32;2302;L;7;0;;;2391;2295;1348;
522;32;2308;L;7;0;;;2396;2295;1348;
522;32;4825;L;1;3;;2396;2271;1446;1348;
522;32;3098;L;7;0;;;1745;2798;1348;
522;32;2137;L;1;4;X202;1745;1701;1215;1348;
522;32;4521;L;1;4;X202;1745;2159;1543;1348;
