5709;1882;1883;1884;1;３０２市道;116.556840;39.746820;116.556700;39.753480
5709;1882;1884;1883;0;３０２市道;116.556700;39.753480;116.556840;39.746820
5709;1882;1884;1885;1;３０２市道;116.556700;39.753480;116.547740;39.767510
5709;1882;1885;1884;0;３０２市道;116.547740;39.767510;116.556700;39.753480
5709;1886;1888;1889;1;３０２市道;116.567050;39.805850;116.585380;39.826550
5709;1886;1889;1888;0;３０２市道;116.585380;39.826550;116.567050;39.805850
5709;1886;1889;1890;1;３０２市道;116.585380;39.826550;116.598660;39.838660
5709;1886;1890;1889;0;３０２市道;116.598660;39.838660;116.585380;39.826550
5709;1886;1890;1891;1;３０２市道;116.598660;39.838660;116.620740;39.855860
5709;1886;1891;1890;0;３０２市道;116.620740;39.855860;116.598660;39.838660
5709;1886;1891;1892;1;３０２市道;116.620740;39.855860;116.625650;39.859560
5709;1886;1892;1891;0;３０２市道;116.625650;39.859560;116.620740;39.855860
5017;5328;5329;5330;1;京新高速公路;116.327710;40.020790;116.323430;40.027030
5017;5328;5330;5329;0;京新高速公路;116.323430;40.027030;116.327710;40.020790
5017;5328;5330;5331;1;京新高速公路;116.323430;40.027030;116.314520;40.039730
5017;5328;5331;5330;0;京新高速公路;116.314520;40.039730;116.323430;40.027030
5017;5328;5331;5332;1;京新高速公路;116.314520;40.039730;116.310210;40.046200
5017;5328;5332;5331;0;京新高速公路;116.310210;40.046200;116.314520;40.039730
5017;5328;5332;5333;1;京新高速公路;116.310210;40.046200;116.303090;40.056680
5017;5328;5333;5332;0;京新高速公路;116.303090;40.056680;116.310210;40.046200
5017;5328;5333;5334;1;京新高速公路;116.303090;40.056680;116.293000;40.074180
5017;5328;5334;5333;0;京新高速公路;116.293000;40.074180;116.303090;40.056680
5017;5328;5334;5335;1;京新高速公路;116.293000;40.074180;116.276670;40.088490
5017;5328;5335;5334;0;京新高速公路;116.276670;40.088490;116.293000;40.074180
5017;3433;3434;3435;1;京新高速公路;116.213100;40.168380;116.210760;40.195730
5017;3433;3435;3434;0;京新高速公路;116.210760;40.195730;116.213100;40.168380
5017;3433;3435;4911;1;京新高速公路;116.210760;40.195730;116.206760;40.205340
5017;3433;4911;3435;0;京新高速公路;116.206760;40.205340;116.210760;40.195730
5017;3433;4911;3436;1;京新高速公路;116.206760;40.205340;116.209370;40.229300
5017;3433;3436;4911;0;京新高速公路;116.209370;40.229300;116.206760;40.205340
5017;3433;3436;4912;1;京新高速公路;116.209370;40.229300;116.183220;40.245000
5017;3433;4912;3436;0;京新高速公路;116.183220;40.245000;116.209370;40.229300
5017;3433;4912;5211;1;京新高速公路;116.183220;40.245000;116.187240;40.300810
5017;3433;5211;4912;0;京新高速公路;116.187240;40.300810;116.183220;40.245000
5017;3472;4864;3475;1;京新高速公路;115.998380;40.480580;115.989040;40.489140
5017;3472;3475;4864;0;京新高速公路;115.989040;40.489140;115.998380;40.480580
5017;3472;3475;3476;1;京新高速公路;115.989040;40.489140;115.844890;40.464240
5017;3472;3476;3475;0;京新高速公路;115.844890;40.464240;115.989040;40.489140
5017;3472;3476;3477;1;京新高速公路;115.844890;40.464240;115.785240;40.443910
5017;3472;3477;3476;0;京新高速公路;115.785240;40.443910;115.844890;40.464240
5017;3472;3477;3478;1;京新高速公路;115.785240;40.443910;115.761060;40.442530
5017;3472;3478;3477;0;京新高速公路;115.761060;40.442530;115.785240;40.443910
3888;3889;3890;3891;1;漷马路;116.564450;39.738410;116.568900;39.738480
3888;3889;3891;3890;0;漷马路;116.568900;39.738480;116.564450;39.738410
3888;3889;3891;3892;1;漷马路;116.568900;39.738480;116.588850;39.740450
3888;3889;3892;3891;0;漷马路;116.588850;39.740450;116.568900;39.738480
3888;3889;3892;3893;1;漷马路;116.588850;39.740450;116.653030;39.750710
3888;3889;3893;3892;0;漷马路;116.653030;39.750710;116.588850;39.740450
3888;3889;3893;3894;1;漷马路;116.653030;39.750710;116.690230;39.758090
3888;3889;3894;3893;0;漷马路;116.690230;39.758090;116.653030;39.750710
3888;3895;3896;3897;1;漷马路;116.689720;39.761960;116.730310;39.768630
3888;3895;3897;3896;0;漷马路;116.730310;39.768630;116.689720;39.761960
873;133;1151;296;0;五环;116.529230;39.958610;116.499650;39.999620
873;133;1151;753;1;五环;116.529230;39.958610;116.541350;39.941440
873;133;753;1151;0;五环;116.541350;39.941440;116.529230;39.958610
873;133;753;752;1;五环;116.541350;39.941440;116.544310;39.909250
873;133;752;753;0;五环;116.544310;39.909250;116.541350;39.941440
873;133;752;1793;1;五环;116.544310;39.909250;116.548120;39.887600
873;133;1793;752;0;五环;116.548120;39.887600;116.544310;39.909250
873;133;1793;751;1;五环;116.548120;39.887600;116.548620;39.869010
873;133;751;1793;0;五环;116.548620;39.869010;116.548120;39.887600
873;133;751;1219;1;五环;116.548620;39.869010;116.543770;39.845760
873;133;1219;751;0;五环;116.543770;39.845760;116.548620;39.869010
873;133;1219;1220;1;五环;116.543770;39.845760;116.527110;39.833380
873;133;1220;1219;0;五环;116.527110;39.833380;116.543770;39.845760
873;133;1220;1221;1;五环;116.527110;39.833380;116.516340;39.825300
873;133;1221;1220;0;五环;116.516340;39.825300;116.527110;39.833380
873;133;1221;750;1;五环;116.516340;39.825300;116.504250;39.819820
873;223;750;1221;0;五环;116.504250;39.819820;116.516340;39.825300
873;223;750;759;1;五环;116.504250;39.819820;116.475800;39.805630
873;223;759;750;0;五环;116.475800;39.805630;116.504250;39.819820
873;223;759;1794;1;五环;116.475800;39.805630;116.462350;39.792690
873;223;1794;759;0;五环;116.462350;39.792690;116.475800;39.805630
873;223;1794;5196;1;五环;116.462350;39.792690;116.451960;39.790780
873;223;5196;1794;0;五环;116.451960;39.790780;116.462350;39.792690
873;223;5196;5197;1;五环;116.451960;39.790780;116.431430;39.786590
873;223;5197;5196;0;五环;116.431430;39.786590;116.451960;39.790780
873;223;5197;1222;1;五环;116.431430;39.786590;116.417180;39.766520
873;223;1222;5197;0;五环;116.417180;39.766520;116.431430;39.786590
873;223;1222;1795;1;五环;116.417180;39.766520;116.401790;39.762310
873;223;1795;1222;0;五环;116.401790;39.762310;116.417180;39.766520
873;223;1795;760;1;五环;116.401790;39.762310;116.375550;39.763570
873;223;760;1795;0;五环;116.375550;39.763570;116.401790;39.762310
873;223;760;1796;1;五环;116.375550;39.763570;116.368920;39.776620
873;223;1796;760;0;五环;116.368920;39.776620;116.375550;39.763570
873;223;1796;758;1;五环;116.368920;39.776620;116.342540;39.778720
873;223;758;1796;0;五环;116.342540;39.778720;116.368920;39.776620
873;223;758;1233;1;五环;116.342540;39.778720;116.316610;39.781020
873;223;1233;758;0;五环;116.316610;39.781020;116.342540;39.778720
873;223;1233;1234;1;五环;116.316610;39.781020;116.295820;39.777200
873;223;1234;1233;0;五环;116.295820;39.777200;116.316610;39.781020
873;223;1234;1235;1;五环;116.295820;39.777200;116.268370;39.791240
873;223;1235;1234;0;五环;116.268370;39.791240;116.295820;39.777200
873;223;1235;1236;1;五环;116.268370;39.791240;116.237760;39.833020
873;223;1236;1235;0;五环;116.237760;39.833020;116.268370;39.791240
873;223;1236;754;1;五环;116.237760;39.833020;116.225290;39.845570
873;749;754;1236;0;五环;116.225290;39.845570;116.237760;39.833020
873;749;754;755;1;五环;116.225290;39.845570;116.211220;39.894440
873;749;755;754;0;五环;116.211220;39.894440;116.225290;39.845570
873;749;755;3269;1;五环;116.211220;39.894440;116.211110;39.907560
873;749;3269;755;0;五环;116.211110;39.907560;116.211220;39.894440
873;749;3269;756;1;五环;116.211110;39.907560;116.212220;39.924710
873;749;756;3269;0;五环;116.212220;39.924710;116.211110;39.907560
873;749;756;333;1;五环;116.212220;39.924710;116.211930;39.942050
873;749;333;756;0;五环;116.211930;39.942050;116.212220;39.924710
873;749;333;757;1;五环;116.211930;39.942050;116.216510;39.955290
873;749;757;333;0;五环;116.216510;39.955290;116.211930;39.942050
873;749;757;867;1;五环;116.216510;39.955290;116.222180;39.992590
873;749;867;757;0;五环;116.222180;39.992590;116.216510;39.955290
873;749;867;857;1;五环;116.222180;39.992590;116.257120;40.002960
873;749;857;867;0;五环;116.257120;40.002960;116.222180;39.992590
873;749;857;868;1;五环;116.257120;40.002960;116.287220;40.013760
873;749;868;857;0;五环;116.287220;40.013760;116.257120;40.002960
873;749;868;1797;1;五环;116.287220;40.013760;116.309720;40.017340
873;291;1797;868;0;五环;116.309720;40.017340;116.287220;40.013760
873;291;1797;5609;1;五环;116.309720;40.017340;116.327710;40.020790
873;291;5609;1797;0;五环;116.327710;40.020790;116.309720;40.017340
873;291;5609;292;1;五环;116.327710;40.020790;116.353770;40.023080
873;291;292;5609;0;五环;116.353770;40.023080;116.327710;40.020790
873;291;292;294;1;五环;116.353770;40.023080;116.384460;40.022670
873;291;294;292;0;五环;116.384460;40.022670;116.353770;40.023080
873;291;294;295;1;五环;116.384460;40.022670;116.402090;40.022500
873;291;295;294;0;五环;116.402090;40.022500;116.384460;40.022670
873;291;295;1798;1;五环;116.402090;40.022500;116.417760;40.022300
873;291;1798;295;0;五环;116.417760;40.022300;116.402090;40.022500
873;291;1798;1799;1;五环;116.417760;40.022300;116.441280;40.020600
873;291;1799;1798;0;五环;116.441280;40.020600;116.417760;40.022300
873;291;1799;297;1;五环;116.441280;40.020600;116.455760;40.016320
873;291;297;1799;0;五环;116.455760;40.016320;116.441280;40.020600
873;291;297;1142;1;五环;116.455760;40.016320;116.467140;40.015210
873;291;1142;297;0;五环;116.467140;40.015210;116.455760;40.016320
873;291;1142;1800;1;五环;116.467140;40.015210;116.485120;40.013360
873;291;1800;1142;0;五环;116.485120;40.013360;116.467140;40.015210
873;291;1800;296;1;五环;116.485120;40.013360;116.499650;39.999620
873;291;296;1800;0;五环;116.499650;39.999620;116.485120;40.013360
873;291;296;1151;1;五环;116.499650;39.999620;116.529230;39.958610
5326;2090;2091;2092;1;凯旋大街;116.096250;39.671130;116.140700;39.723230
5326;2090;2092;2091;0;凯旋大街;116.140700;39.723230;116.096250;39.671130
5326;5322;1265;1264;1;凯旋大街;116.140950;39.723360;116.147760;39.731030
5326;5322;1264;1265;0;凯旋大街;116.147760;39.731030;116.140950;39.723360
5326;5322;1264;1263;1;凯旋大街;116.147760;39.731030;116.147900;39.736240
5326;5322;1263;1264;0;凯旋大街;116.147900;39.736240;116.147760;39.731030
5326;5322;1263;1262;1;凯旋大街;116.147900;39.736240;116.155380;39.751410
5326;5322;1262;1263;0;凯旋大街;116.155380;39.751410;116.147900;39.736240
3928;3929;3930;3931;1;张台路;116.637410;39.828970;116.657990;39.828900
3928;3929;3931;3930;0;张台路;116.657990;39.828900;116.637410;39.828970
3928;3932;3933;3934;1;张台路;116.658060;39.832410;116.674140;39.831540
3928;3932;3934;3933;0;张台路;116.674140;39.831540;116.658060;39.832410
3928;3932;3934;3935;1;张台路;116.674140;39.831540;116.679010;39.834760
3928;3932;3935;3934;0;张台路;116.679010;39.834760;116.674140;39.831540
3928;3932;3935;3936;1;张台路;116.679010;39.834760;116.687600;39.838610
3928;3932;3936;3935;0;张台路;116.687600;39.838610;116.679010;39.834760
3928;3932;3936;3937;1;张台路;116.687600;39.838610;116.691560;39.848390
3928;3932;3937;3936;0;张台路;116.691560;39.848390;116.687600;39.838610
3641;3642;3643;3644;1;北礼士路;116.353040;39.923540;116.353460;39.928160
3641;3642;3644;3643;0;北礼士路;116.353460;39.928160;116.353040;39.923540
3641;3642;3644;3645;1;北礼士路;116.353460;39.928160;116.353480;39.932350
3641;3642;3645;3644;0;北礼士路;116.353480;39.932350;116.353460;39.928160
3641;3646;3647;3648;1;北礼士路;116.353490;39.932460;116.352730;39.937580
3641;3646;3648;3647;0;北礼士路;116.352730;39.937580;116.353490;39.932460
3641;3646;3648;3649;1;北礼士路;116.352730;39.937580;116.352130;39.940190
3641;3646;3649;3648;0;北礼士路;116.352130;39.940190;116.352730;39.937580
5706;1325;895;896;1;翠微路;116.302140;39.897080;116.302140;39.901030
5706;1325;896;895;0;翠微路;116.302140;39.901030;116.302140;39.897080
5706;1325;896;897;1;翠微路;116.302140;39.901030;116.302120;39.907490
5706;1325;897;896;0;翠微路;116.302120;39.907490;116.302140;39.901030
5706;1326;1324;898;1;翠微路;116.302120;39.907580;116.302130;39.908990
5706;1326;898;1324;0;翠微路;116.302130;39.908990;116.302120;39.907580
5706;1326;898;899;1;翠微路;116.302130;39.908990;116.302130;39.913010
5706;1326;899;898;0;翠微路;116.302130;39.913010;116.302130;39.908990
5706;1326;899;900;1;翠微路;116.302130;39.913010;116.295910;39.918610
5706;1326;900;899;0;翠微路;116.295910;39.918610;116.302130;39.913010
5707;5061;5062;1196;1;大鲁店北路;116.533790;39.851040;116.543770;39.845760
5707;5061;1196;5062;0;大鲁店北路;116.543770;39.845760;116.533790;39.851040
5707;4431;4432;4433;1;大鲁店北路;116.548220;39.845180;116.550240;39.845160
5707;4431;4433;4432;0;大鲁店北路;116.550240;39.845160;116.548220;39.845180
5707;4431;4433;4434;1;大鲁店北路;116.550240;39.845160;116.593070;39.848380
5707;4431;4434;4433;0;大鲁店北路;116.593070;39.848380;116.550240;39.845160
5708;5252;5253;5254;1;丰台南路;116.286270;39.840640;116.298160;39.842630
5708;5252;5254;5253;0;丰台南路;116.298160;39.842630;116.286270;39.840640
5708;5252;5254;5255;1;丰台南路;116.298160;39.842630;116.305570;39.840410
5708;5252;5255;5254;0;丰台南路;116.305570;39.840410;116.298160;39.842630
5708;5252;5255;5256;1;丰台南路;116.305570;39.840410;116.312700;39.836690
5708;5252;5256;5255;0;丰台南路;116.312700;39.836690;116.305570;39.840410
5708;2022;2023;2024;1;丰台南路;116.323590;39.830310;116.340390;39.822990
5708;2022;2024;2023;0;丰台南路;116.340390;39.822990;116.323590;39.830310
4699;4700;4701;4702;1;建国门南大街;116.435810;39.908530;116.435960;39.905410
4699;4700;4702;4701;0;建国门南大街;116.435960;39.905410;116.435810;39.908530
4699;4703;4704;4705;1;建国门南大街;116.436050;39.904960;116.436400;39.903350
4699;4703;4705;4704;0;建国门南大街;116.436400;39.903350;116.436050;39.904960
5268;5264;5265;5266;1;角门路;116.345870;39.839570;116.359130;39.840210
5268;5264;5266;5265;0;角门路;116.359130;39.840210;116.345870;39.839570
5268;5264;5266;5267;1;角门路;116.359130;39.840210;116.370980;39.843800
5268;5264;5267;5266;0;角门路;116.370980;39.843800;116.359130;39.840210
5268;5269;5270;5271;1;角门路;116.371220;39.843880;116.379780;39.845870
5268;5269;5271;5270;0;角门路;116.379780;39.845870;116.371220;39.843880
5268;5269;5271;5272;1;角门路;116.379780;39.845870;116.386480;39.845340
5268;5269;5272;5271;0;角门路;116.386480;39.845340;116.379780;39.845870
5710;2093;2094;2095;1;京周路;116.015050;39.704740;116.054500;39.712750
5710;2093;2095;2094;0;京周路;116.054500;39.712750;116.015050;39.704740
5710;2093;2095;2096;1;京周路;116.054500;39.712750;116.085840;39.718010
5710;2093;2096;2095;0;京周路;116.085840;39.718010;116.054500;39.712750
5710;2093;2096;2097;1;京周路;116.085840;39.718010;116.098910;39.720700
5710;2093;2097;2096;0;京周路;116.098910;39.720700;116.085840;39.718010
5710;2093;2097;2098;1;京周路;116.098910;39.720700;116.110280;39.722280
5710;2093;2098;2097;0;京周路;116.110280;39.722280;116.098910;39.720700
5710;5323;5324;1261;1;京周路;116.155380;39.751410;116.159750;39.757610
5710;5323;1261;5324;0;京周路;116.159750;39.757610;116.155380;39.751410
5710;5323;1261;1248;1;京周路;116.159750;39.757610;116.170470;39.771400
5710;5323;1248;1261;0;京周路;116.170470;39.771400;116.159750;39.757610
5710;5323;1248;1249;1;京周路;116.170470;39.771400;116.188800;39.789440
5710;5323;1249;1248;0;京周路;116.188800;39.789440;116.170470;39.771400
5710;5323;1249;1250;1;京周路;116.188800;39.789440;116.197340;39.808690
5710;5323;1250;1249;0;京周路;116.197340;39.808690;116.188800;39.789440
5710;5323;1250;1251;1;京周路;116.197340;39.808690;116.208930;39.843450
5710;5323;1251;1250;0;京周路;116.208930;39.843450;116.197340;39.808690
993;994;5608;1777;0;六环;116.580910;39.755930;116.630360;39.795680
993;994;5608;1004;1;六环;116.580910;39.755930;116.569280;39.751600
993;994;1004;5608;0;六环;116.569280;39.751600;116.580910;39.755930
993;994;1004;4803;1;六环;116.569280;39.751600;116.560940;39.747490
993;994;4803;1004;0;六环;116.560940;39.747490;116.569280;39.751600
993;994;4803;1778;1;六环;116.560940;39.747490;116.527830;39.742300
993;994;1778;4803;0;六环;116.527830;39.742300;116.560940;39.747490
993;994;1778;1779;1;六环;116.527830;39.742300;116.495110;39.734790
993;994;1779;1778;0;六环;116.495110;39.734790;116.527830;39.742300
993;994;1779;1003;1;六环;116.495110;39.734790;116.463280;39.726320
993;994;1003;1779;0;六环;116.463280;39.726320;116.495110;39.734790
993;994;1003;1002;1;六环;116.463280;39.726320;116.408870;39.720850
993;994;1002;1003;0;六环;116.408870;39.720850;116.463280;39.726320
993;994;1002;1001;1;六环;116.408870;39.720850;116.329670;39.700090
993;994;1001;1002;0;六环;116.329670;39.700090;116.408870;39.720850
993;994;1001;1000;1;六环;116.329670;39.700090;116.314270;39.696420
993;994;1000;1001;0;六环;116.314270;39.696420;116.329670;39.700090
993;994;1000;999;1;六环;116.314270;39.696420;116.285330;39.691450
993;994;999;1000;0;六环;116.285330;39.691450;116.314270;39.696420
993;994;999;4861;1;六环;116.285330;39.691450;116.275110;39.691090
993;994;4861;999;0;六环;116.275110;39.691090;116.285330;39.691450
993;994;4861;998;1;六环;116.275110;39.691090;116.210740;39.696200
993;994;998;4861;0;六环;116.210740;39.696200;116.275110;39.691090
993;994;998;997;1;六环;116.210740;39.696200;116.151360;39.697570
993;994;997;998;0;六环;116.151360;39.697570;116.210740;39.696200
993;994;997;996;1;六环;116.151360;39.697570;116.104620;39.700520
993;994;996;997;0;六环;116.104620;39.700520;116.151360;39.697570
993;994;996;995;1;六环;116.104620;39.700520;116.095900;39.730520
993;994;995;996;0;六环;116.095900;39.730520;116.104620;39.700520
993;994;995;4918;1;六环;116.095900;39.730520;116.102040;39.763780
993;4917;4918;995;0;六环;116.102040;39.763780;116.095900;39.730520
993;4917;4918;4919;1;六环;116.102040;39.763780;116.118000;39.789910
993;4917;4919;4918;0;六环;116.118000;39.789910;116.102040;39.763780
993;4917;4919;4920;1;六环;116.118000;39.789910;116.116750;39.838260
993;4917;4920;4919;0;六环;116.116750;39.838260;116.118000;39.789910
993;4917;4920;4921;1;六环;116.116750;39.838260;116.137820;39.860060
993;4917;4921;4920;0;六环;116.137820;39.860060;116.116750;39.838260
993;4917;4921;4922;1;六环;116.137820;39.860060;116.153630;39.892160
993;4917;4922;4921;0;六环;116.153630;39.892160;116.137820;39.860060
993;4917;4922;5029;1;六环;116.153630;39.892160;116.121970;39.931180
993;4917;5029;4922;0;六环;116.121970;39.931180;116.153630;39.892160
993;4917;5029;4923;1;六环;116.121970;39.931180;116.093600;39.989790
993;4917;4923;5029;0;六环;116.093600;39.989790;116.121970;39.931180
993;4917;4923;4915;1;六环;116.093600;39.989790;116.117880;40.047750
993;1016;4915;4923;0;六环;116.117880;40.047750;116.093600;39.989790
993;1016;4915;4916;1;六环;116.117880;40.047750;116.136270;40.062460
993;1016;4916;4915;0;六环;116.136270;40.062460;116.117880;40.047750
993;1016;4916;282;1;六环;116.136270;40.062460;116.143260;40.071770
993;1016;282;4916;0;六环;116.143260;40.071770;116.136270;40.062460
993;1016;282;278;1;六环;116.143260;40.071770;116.154960;40.096770
993;1016;278;282;0;六环;116.154960;40.096770;116.143260;40.071770
993;1016;278;228;1;六环;116.154960;40.096770;116.155410;40.127420
993;1016;228;278;0;六环;116.155410;40.127420;116.154960;40.096770
993;1016;228;227;1;六环;116.155410;40.127420;116.181830;40.164490
993;1016;227;228;0;六环;116.181830;40.164490;116.155410;40.127420
993;1016;227;1775;1;六环;116.181830;40.164490;116.213100;40.168380
993;1016;1775;227;0;六环;116.213100;40.168380;116.181830;40.164490
993;1016;1775;5607;1;六环;116.213100;40.168380;116.228460;40.169970
993;1016;5607;1775;0;六环;116.228460;40.169970;116.213100;40.168380
993;1016;5607;1022;1;六环;116.228460;40.169970;116.243140;40.171400
993;1016;1022;5607;0;六环;116.243140;40.171400;116.228460;40.169970
993;1016;1022;5030;1;六环;116.243140;40.171400;116.322690;40.174200
993;1016;5030;1022;0;六环;116.322690;40.174200;116.243140;40.171400
993;1016;5030;1021;1;六环;116.322690;40.174200;116.332660;40.171640
993;1016;1021;5030;0;六环;116.332660;40.171640;116.322690;40.174200
993;1016;1021;1020;1;六环;116.332660;40.171640;116.402430;40.158450
993;1016;1020;1021;0;六环;116.402430;40.158450;116.332660;40.171640
993;1016;1020;1019;1;六环;116.402430;40.158450;116.484680;40.155310
993;1016;1019;1020;0;六环;116.484680;40.155310;116.402430;40.158450
993;1016;1019;1018;1;六环;116.484680;40.155310;116.552790;40.145320
993;1016;1018;1019;0;六环;116.552790;40.145320;116.484680;40.155310
993;1016;1018;1017;1;六环;116.552790;40.145320;116.602550;40.142960
993;1016;1017;1018;0;六环;116.602550;40.142960;116.552790;40.145320
993;1016;1017;1015;1;六环;116.602550;40.142960;116.623950;40.113150
993;1005;1015;1017;0;六环;116.623950;40.113150;116.602550;40.142960
993;1005;1015;1014;1;六环;116.623950;40.113150;116.634010;40.079390
993;1005;1014;1015;0;六环;116.634010;40.079390;116.623950;40.113150
993;1005;1014;1776;1;六环;116.634010;40.079390;116.653410;40.054920
993;1005;1776;1014;0;六环;116.653410;40.054920;116.634010;40.079390
993;1005;1776;1352;1;六环;116.653410;40.054920;116.663530;40.036050
993;1005;1352;1776;0;六环;116.663530;40.036050;116.653410;40.054920
993;1005;1352;1013;1;六环;116.663530;40.036050;116.679360;40.010640
993;1005;1013;1352;0;六环;116.679360;40.010640;116.663530;40.036050
993;1005;1013;1012;1;六环;116.679360;40.010640;116.709460;39.987210
993;1005;1012;1013;0;六环;116.709460;39.987210;116.679360;40.010640
993;1005;1012;1011;1;六环;116.709460;39.987210;116.703550;39.948770
993;1005;1011;1012;0;六环;116.703550;39.948770;116.709460;39.987210
993;1005;1011;1010;1;六环;116.703550;39.948770;116.707540;39.928390
993;1005;1010;1011;0;六环;116.707540;39.928390;116.703550;39.948770
993;1005;1010;1009;1;六环;116.707540;39.928390;116.710480;39.886770
993;1005;1009;1010;0;六环;116.710480;39.886770;116.707540;39.928390
993;1005;1009;1008;1;六环;116.710480;39.886770;116.703360;39.867600
993;1005;1008;1009;0;六环;116.703360;39.867600;116.710480;39.886770
993;1005;1008;1007;1;六环;116.703360;39.867600;116.681780;39.838800
993;1005;1007;1008;0;六环;116.681780;39.838800;116.703360;39.867600
993;1005;1007;5031;1;六环;116.681780;39.838800;116.647580;39.810180
993;1005;5031;1007;0;六环;116.647580;39.810180;116.681780;39.838800
993;1005;5031;1006;1;六环;116.647580;39.810180;116.639490;39.803930
993;1005;1006;5031;0;六环;116.639490;39.803930;116.647580;39.810180
993;1005;1006;1777;1;六环;116.639490;39.803930;116.630360;39.795680
993;1005;1777;1006;0;六环;116.630360;39.795680;116.639490;39.803930
993;1005;1777;5608;1;六环;116.630360;39.795680;116.580910;39.755930
5712;1968;1969;1970;1;芦求路;116.293920;39.676620;116.292140;39.689890
5712;1968;1970;1969;0;芦求路;116.292140;39.689890;116.293920;39.676620
5712;1968;1970;1971;1;芦求路;116.292140;39.689890;116.290180;39.696450
5712;1968;1971;1970;0;芦求路;116.290180;39.696450;116.292140;39.689890
5712;5509;5510;5511;1;芦求路;116.291390;39.696660;116.286400;39.722690
5712;5509;5511;5510;0;芦求路;116.286400;39.722690;116.291390;39.696660
5712;5509;5511;5512;1;芦求路;116.286400;39.722690;116.280690;39.743750
5712;5509;5512;5511;0;芦求路;116.280690;39.743750;116.286400;39.722690
5712;5509;5512;5513;1;芦求路;116.280690;39.743750;116.275670;39.761820
5712;5509;5513;5512;0;芦求路;116.275670;39.761820;116.280690;39.743750
5712;5509;5513;5514;1;芦求路;116.275670;39.761820;116.273450;39.770110
5712;5509;5514;5513;0;芦求路;116.273450;39.770110;116.275670;39.761820
29;30;876;56;0;三环;116.308170;39.962220;116.310220;39.942140
29;30;876;1103;1;三环;116.308170;39.962220;116.327410;39.967290
29;30;1103;876;0;三环;116.327410;39.967290;116.308170;39.962220
29;30;1103;35;1;三环;116.327410;39.967290;116.354000;39.967680
29;30;35;1103;0;三环;116.354000;39.967680;116.327410;39.967290
29;30;35;1143;1;三环;116.354000;39.967680;116.370150;39.967880
29;30;1143;35;0;三环;116.370150;39.967880;116.354000;39.967680
29;30;1143;36;1;三环;116.370150;39.967880;116.380430;39.968190
29;30;36;1143;0;三环;116.380430;39.968190;116.370150;39.967880
29;30;36;37;1;三环;116.380430;39.968190;116.394580;39.968590
29;30;37;36;0;三环;116.394580;39.968590;116.380430;39.968190
29;30;37;38;1;三环;116.394580;39.968590;116.407480;39.968950
29;30;38;37;0;三环;116.407480;39.968950;116.394580;39.968590
29;30;38;42;1;三环;116.407480;39.968950;116.434400;39.969620
29;30;42;38;0;三环;116.434400;39.969620;116.407480;39.968950
29;30;42;1146;1;三环;116.434400;39.969620;116.443200;39.965260
29;30;1146;42;0;三环;116.443200;39.965260;116.434400;39.969620
29;30;1146;40;1;三环;116.443200;39.965260;116.453420;39.958590
29;31;40;1146;0;三环;116.453420;39.958590;116.443200;39.965260
29;31;40;41;1;三环;116.453420;39.958590;116.461740;39.949290
29;31;41;40;0;三环;116.461740;39.949290;116.453420;39.958590
29;31;41;44;1;三环;116.461740;39.949290;116.461620;39.933720
29;31;44;41;0;三环;116.461620;39.933720;116.461740;39.949290
29;31;44;1148;1;三环;116.461620;39.933720;116.461610;39.928690
29;31;1148;44;0;三环;116.461610;39.928690;116.461620;39.933720
29;31;1148;1149;1;三环;116.461610;39.928690;116.461720;39.916260
29;31;1149;1148;0;三环;116.461720;39.916260;116.461610;39.928690
29;31;1149;46;1;三环;116.461720;39.916260;116.461750;39.908340
29;31;46;1149;0;三环;116.461750;39.908340;116.461720;39.916260
29;31;46;47;1;三环;116.461750;39.908340;116.461470;39.893470
29;31;47;46;0;三环;116.461470;39.893470;116.461750;39.908340
29;31;47;1276;1;三环;116.461470;39.893470;116.461270;39.884390
29;31;1276;47;0;三环;116.461270;39.884390;116.461470;39.893470
29;31;1276;43;1;三环;116.461270;39.884390;116.461120;39.876200
29;31;43;1276;0;三环;116.461120;39.876200;116.461270;39.884390
29;31;43;1181;1;三环;116.461120;39.876200;116.461030;39.871420
29;31;1181;43;0;三环;116.461030;39.871420;116.461120;39.876200
29;31;1181;48;1;三环;116.461030;39.871420;116.454680;39.862760
29;31;48;1181;0;三环;116.454680;39.862760;116.461030;39.871420
29;31;48;1782;1;三环;116.454680;39.862760;116.445190;39.858870
29;32;1782;48;0;三环;116.445190;39.858870;116.454680;39.862760
29;32;1782;1783;1;三环;116.445190;39.858870;116.432160;39.858580
29;32;1783;1782;0;三环;116.432160;39.858580;116.445190;39.858870
29;32;1783;49;1;三环;116.432160;39.858580;116.422190;39.857500
29;32;49;1783;0;三环;116.422190;39.857500;116.432160;39.858580
29;32;49;50;1;三环;116.422190;39.857500;116.400110;39.857010
29;32;50;49;0;三环;116.400110;39.857010;116.422190;39.857500
29;32;50;51;1;三环;116.400110;39.857010;116.346470;39.849860
29;32;51;50;0;三环;116.346470;39.849860;116.400110;39.857010
29;32;51;1242;1;三环;116.346470;39.849860;116.326520;39.849690
29;33;1242;51;0;三环;116.326520;39.849690;116.346470;39.849860
29;33;1242;1228;1;三环;116.326520;39.849690;116.316880;39.858000
29;33;1228;1242;0;三环;116.316880;39.858000;116.326520;39.849690
29;33;1228;52;1;三环;116.316880;39.858000;116.312450;39.867340
29;33;52;1228;0;三环;116.312450;39.867340;116.316880;39.858000
29;33;52;53;1;三环;116.312450;39.867340;116.310740;39.884780
29;33;53;52;0;三环;116.310740;39.884780;116.312450;39.867340
29;33;53;54;1;三环;116.310740;39.884780;116.310330;39.897000
29;33;54;53;0;三环;116.310330;39.897000;116.310740;39.884780
29;33;54;55;1;三环;116.310330;39.897000;116.310280;39.907550
29;33;55;54;0;三环;116.310280;39.907550;116.310330;39.897000
29;33;55;317;1;三环;116.310280;39.907550;116.310240;39.924050
29;33;317;55;0;三环;116.310240;39.924050;116.310280;39.907550
29;33;317;1102;1;三环;116.310240;39.924050;116.310170;39.932290
29;33;1102;317;0;三环;116.310170;39.932290;116.310240;39.924050
29;33;1102;56;1;三环;116.310170;39.932290;116.310220;39.942140
29;33;56;1102;0;三环;116.310220;39.942140;116.310170;39.932290
29;33;56;876;1;三环;116.310220;39.942140;116.308170;39.962220
34;813;814;827;0;三环辅路;116.326520;39.849690;116.346470;39.849860
34;813;814;815;1;三环辅路;116.326520;39.849690;116.316880;39.858000
34;813;815;814;0;三环辅路;116.316880;39.858000;116.326520;39.849690
34;813;815;816;1;三环辅路;116.316880;39.858000;116.312450;39.867340
34;813;816;815;0;三环辅路;116.312450;39.867340;116.316880;39.858000
34;813;816;817;1;三环辅路;116.312450;39.867340;116.310740;39.884780
34;813;817;816;0;三环辅路;116.310740;39.884780;116.312450;39.867340
34;813;817;818;1;三环辅路;116.310740;39.884780;116.310330;39.897000
34;5689;818;817;0;三环辅路;116.310330;39.897000;116.310740;39.884780
34;5689;818;819;1;三环辅路;116.310330;39.897000;116.310280;39.907550
34;5689;819;818;0;三环辅路;116.310280;39.907550;116.310330;39.897000
34;5689;819;820;1;三环辅路;116.310280;39.907550;116.310240;39.924050
34;5689;820;819;0;三环辅路;116.310240;39.924050;116.310280;39.907550
34;5689;820;821;1;三环辅路;116.310240;39.924050;116.310170;39.932290
34;5690;821;820;0;三环辅路;116.310170;39.932290;116.310240;39.924050
34;5690;821;822;1;三环辅路;116.310170;39.932290;116.310220;39.942140
34;5690;822;821;0;三环辅路;116.310220;39.942140;116.310170;39.932290
34;5690;822;823;1;三环辅路;116.310220;39.942140;116.309130;39.956900
34;5690;823;822;0;三环辅路;116.309130;39.956900;116.310220;39.942140
34;5690;823;824;1;三环辅路;116.309130;39.956900;116.308170;39.962220
34;849;824;823;0;三环辅路;116.308170;39.962220;116.309130;39.956900
34;849;824;851;1;三环辅路;116.308170;39.962220;116.321330;39.967020
34;849;851;824;0;三环辅路;116.321330;39.967020;116.308170;39.962220
34;849;851;852;1;三环辅路;116.321330;39.967020;116.334230;39.967590
34;849;852;851;0;三环辅路;116.334230;39.967590;116.321330;39.967020
34;849;852;853;1;三环辅路;116.334230;39.967590;116.354000;39.967680
34;5691;853;852;0;三环辅路;116.354000;39.967680;116.334230;39.967590
34;5691;853;854;1;三环辅路;116.354000;39.967680;116.370150;39.967880
34;5691;854;853;0;三环辅路;116.370150;39.967880;116.354000;39.967680
34;5691;854;855;1;三环辅路;116.370150;39.967880;116.380430;39.968190
34;5691;855;854;0;三环辅路;116.380430;39.968190;116.370150;39.967880
34;5691;855;856;1;三环辅路;116.380430;39.968190;116.394580;39.968590
34;5691;856;855;0;三环辅路;116.394580;39.968590;116.380430;39.968190
34;5691;856;858;1;三环辅路;116.394580;39.968590;116.407480;39.968950
34;5692;858;856;0;三环辅路;116.407480;39.968950;116.394580;39.968590
34;5692;858;859;1;三环辅路;116.407480;39.968950;116.417970;39.969140
34;5692;859;858;0;三环辅路;116.417970;39.969140;116.407480;39.968950
34;5692;859;860;1;三环辅路;116.417970;39.969140;116.424800;39.969290
34;5692;860;859;0;三环辅路;116.424800;39.969290;116.417970;39.969140
34;5692;860;861;1;三环辅路;116.424800;39.969290;116.434400;39.969620
34;5692;861;860;0;三环辅路;116.434400;39.969620;116.424800;39.969290
34;5692;861;862;1;三环辅路;116.434400;39.969620;116.446850;39.962850
34;5692;862;861;0;三环辅路;116.446850;39.962850;116.434400;39.969620
34;5692;862;863;1;三环辅路;116.446850;39.962850;116.453420;39.958590
34;836;863;862;0;三环辅路;116.453420;39.958590;116.446850;39.962850
34;836;863;848;1;三环辅路;116.453420;39.958590;116.459640;39.954380
34;836;848;863;0;三环辅路;116.459640;39.954380;116.453420;39.958590
34;836;848;847;1;三环辅路;116.459640;39.954380;116.461740;39.949290
34;836;847;848;0;三环辅路;116.461740;39.949290;116.459640;39.954380
34;836;847;846;1;三环辅路;116.461740;39.949290;116.461660;39.941280
34;836;846;847;0;三环辅路;116.461660;39.941280;116.461740;39.949290
34;836;846;845;1;三环辅路;116.461660;39.941280;116.461620;39.933720
34;836;845;846;0;三环辅路;116.461620;39.933720;116.461660;39.941280
34;836;845;844;1;三环辅路;116.461620;39.933720;116.461540;39.919240
34;5693;844;845;0;三环辅路;116.461540;39.919240;116.461620;39.933720
34;5693;844;843;1;三环辅路;116.461540;39.919240;116.461850;39.913490
34;5693;843;844;0;三环辅路;116.461850;39.913490;116.461540;39.919240
34;5693;843;842;1;三环辅路;116.461850;39.913490;116.461750;39.908340
34;5693;842;843;0;三环辅路;116.461750;39.908340;116.461850;39.913490
34;5693;842;841;1;三环辅路;116.461750;39.908340;116.461470;39.893470
34;5694;841;842;0;三环辅路;116.461470;39.893470;116.461750;39.908340
34;5694;841;840;1;三环辅路;116.461470;39.893470;116.461270;39.884390
34;5694;840;841;0;三环辅路;116.461270;39.884390;116.461470;39.893470
34;5694;840;785;1;三环辅路;116.461270;39.884390;116.461120;39.876200
34;5694;785;840;0;三环辅路;116.461120;39.876200;116.461270;39.884390
34;5694;785;839;1;三环辅路;116.461120;39.876200;116.461030;39.871420
34;5694;839;785;0;三环辅路;116.461030;39.871420;116.461120;39.876200
34;5694;839;838;1;三环辅路;116.461030;39.871420;116.458720;39.866070
34;5694;838;839;0;三环辅路;116.458720;39.866070;116.461030;39.871420
34;5694;838;835;1;三环辅路;116.458720;39.866070;116.454680;39.862760
34;825;835;838;0;三环辅路;116.454680;39.862760;116.458720;39.866070
34;825;835;834;1;三环辅路;116.454680;39.862760;116.445190;39.858870
34;825;834;835;0;三环辅路;116.445190;39.858870;116.454680;39.862760
34;825;834;833;1;三环辅路;116.445190;39.858870;116.438660;39.858950
34;825;833;834;0;三环辅路;116.438660;39.858950;116.445190;39.858870
34;825;833;832;1;三环辅路;116.438660;39.858950;116.432160;39.858580
34;825;832;833;0;三环辅路;116.432160;39.858580;116.438660;39.858950
34;825;832;831;1;三环辅路;116.432160;39.858580;116.422190;39.857500
34;5695;831;832;0;三环辅路;116.422190;39.857500;116.432160;39.858580
34;5695;831;830;1;三环辅路;116.422190;39.857500;116.414190;39.857080
34;5695;830;831;0;三环辅路;116.414190;39.857080;116.422190;39.857500
34;5695;830;829;1;三环辅路;116.414190;39.857080;116.400110;39.857010
34;5695;829;830;0;三环辅路;116.400110;39.857010;116.414190;39.857080
34;5695;829;828;1;三环辅路;116.400110;39.857010;116.386810;39.857050
34;5696;828;829;0;三环辅路;116.386810;39.857050;116.400110;39.857010
34;5696;828;827;1;三环辅路;116.386810;39.857050;116.346470;39.849860
34;5696;827;828;0;三环辅路;116.346470;39.849860;116.386810;39.857050
34;5696;827;814;1;三环辅路;116.346470;39.849860;116.326520;39.849690
98;99;103;917;0;四环;116.300220;39.984680;116.284470;39.974810
98;99;103;104;1;四环;116.300220;39.984680;116.316350;39.985470
98;99;104;103;0;四环;116.316350;39.985470;116.300220;39.984680
98;99;104;105;1;四环;116.316350;39.985470;116.353480;39.986860
98;99;105;104;0;四环;116.353480;39.986860;116.316350;39.985470
98;99;105;106;1;四环;116.353480;39.986860;116.378470;39.987650
98;99;106;105;0;四环;116.378470;39.987650;116.353480;39.986860
98;99;106;107;1;四环;116.378470;39.987650;116.393800;39.988070
98;99;107;106;0;四环;116.393800;39.988070;116.378470;39.987650
98;99;107;109;1;四环;116.393800;39.988070;116.407560;39.988440
98;99;109;107;0;四环;116.407560;39.988440;116.393800;39.988070
98;99;109;1136;1;四环;116.407560;39.988440;116.417100;39.988730
98;99;1136;109;0;四环;116.417100;39.988730;116.407560;39.988440
98;99;1136;108;1;四环;116.417100;39.988730;116.442780;39.987870
98;99;108;1136;0;四环;116.442780;39.987870;116.417100;39.988730
98;99;108;110;1;四环;116.442780;39.987870;116.468900;39.971720
98;99;110;108;0;四环;116.468900;39.971720;116.442780;39.987870
98;99;110;111;1;四环;116.468900;39.971720;116.487510;39.958010
98;100;111;110;0;四环;116.487510;39.958010;116.468900;39.971720
98;100;111;112;1;四环;116.487510;39.958010;116.489840;39.933760
98;100;112;111;0;四环;116.489840;39.933760;116.487510;39.958010
98;100;112;5610;1;四环;116.489840;39.933760;116.489840;39.922930
98;100;5610;112;0;四环;116.489840;39.922930;116.489840;39.933760
98;100;5610;114;1;四环;116.489840;39.922930;116.489780;39.908140
98;100;114;5610;0;四环;116.489780;39.908140;116.489840;39.922930
98;100;114;116;1;四环;116.489780;39.908140;116.488870;39.871200
98;100;116;114;0;四环;116.488870;39.871200;116.489780;39.908140
98;100;116;117;1;四环;116.488870;39.871200;116.478430;39.842340
98;100;117;116;0;四环;116.478430;39.842340;116.488870;39.871200
98;100;117;1217;1;四环;116.478430;39.842340;116.447420;39.832210
98;101;1217;117;0;四环;116.447420;39.832210;116.478430;39.842340
98;101;1217;5203;1;四环;116.447420;39.832210;116.422960;39.832340
98;101;5203;1217;0;四环;116.422960;39.832340;116.447420;39.832210
98;101;5203;118;1;四环;116.422960;39.832340;116.401240;39.832250
98;101;118;5203;0;四环;116.401240;39.832250;116.422960;39.832340
98;101;118;869;1;四环;116.401240;39.832250;116.345830;39.831120
98;101;869;118;0;四环;116.345830;39.831120;116.401240;39.832250
98;101;869;120;1;四环;116.345830;39.831120;116.290670;39.831250
98;101;120;869;0;四环;116.290670;39.831250;116.345830;39.831120
98;101;120;1229;1;四环;116.290670;39.831250;116.283650;39.848450
98;102;1229;120;0;四环;116.283650;39.848450;116.290670;39.831250
98;102;1229;121;1;四环;116.283650;39.848450;116.283390;39.865270
98;102;121;1229;0;四环;116.283390;39.865270;116.283650;39.848450
98;102;121;122;1;四环;116.283390;39.865270;116.278070;39.875190
98;102;122;121;0;四环;116.278070;39.875190;116.283390;39.865270
98;102;122;123;1;四环;116.278070;39.875190;116.274000;39.897120
98;102;123;122;0;四环;116.274000;39.897120;116.278070;39.875190
98;102;123;124;1;四环;116.274000;39.897120;116.275180;39.924220
98;102;124;123;0;四环;116.275180;39.924220;116.274000;39.897120
98;102;124;125;1;四环;116.275180;39.924220;116.274730;39.946740
98;102;125;124;0;四环;116.274730;39.946740;116.275180;39.924220
98;102;125;126;1;四环;116.274730;39.946740;116.275360;39.969570
98;102;126;125;0;四环;116.275360;39.969570;116.274730;39.946740
98;102;126;917;1;四环;116.275360;39.969570;116.284470;39.974810
98;102;917;126;0;四环;116.284470;39.974810;116.275360;39.969570
98;102;917;103;1;四环;116.284470;39.974810;116.300220;39.984680
27;774;786;789;0;四环辅路;116.468900;39.971720;116.455010;39.980860
27;774;786;784;1;四环辅路;116.468900;39.971720;116.487510;39.958010
27;774;784;786;0;四环辅路;116.487510;39.958010;116.468900;39.971720
27;774;784;783;1;四环辅路;116.487510;39.958010;116.489840;39.933760
27;5697;783;784;0;四环辅路;116.489840;39.933760;116.487510;39.958010
27;5697;783;782;1;四环辅路;116.489840;39.933760;116.489840;39.922930
27;5697;782;783;0;四环辅路;116.489840;39.922930;116.489840;39.933760
27;5697;782;781;1;四环辅路;116.489840;39.922930;116.489900;39.915580
27;5697;781;782;0;四环辅路;116.489900;39.915580;116.489840;39.922930
27;5697;781;780;1;四环辅路;116.489900;39.915580;116.489780;39.908140
27;5697;780;781;0;四环辅路;116.489780;39.908140;116.489900;39.915580
27;5697;780;779;1;四环辅路;116.489780;39.908140;116.489780;39.893160
27;5697;779;780;0;四环辅路;116.489780;39.893160;116.489780;39.908140
27;5697;779;778;1;四环辅路;116.489780;39.893160;116.489750;39.883010
27;5698;778;779;0;四环辅路;116.489750;39.883010;116.489780;39.893160
27;5698;778;777;1;四环辅路;116.489750;39.883010;116.488870;39.871200
27;5698;777;778;0;四环辅路;116.488870;39.871200;116.489750;39.883010
27;5698;777;776;1;四环辅路;116.488870;39.871200;116.484680;39.848450
27;5698;776;777;0;四环辅路;116.484680;39.848450;116.488870;39.871200
27;5698;776;775;1;四环辅路;116.484680;39.848450;116.478430;39.842340
27;4866;775;776;0;四环辅路;116.478430;39.842340;116.484680;39.848450
27;4866;775;772;1;四环辅路;116.478430;39.842340;116.472410;39.838380
27;4866;772;775;0;四环辅路;116.472410;39.838380;116.478430;39.842340
27;4866;772;771;1;四环辅路;116.472410;39.838380;116.458930;39.833300
27;4866;771;772;0;四环辅路;116.458930;39.833300;116.472410;39.838380
27;4866;771;770;1;四环辅路;116.458930;39.833300;116.447420;39.832210
27;4866;770;771;0;四环辅路;116.447420;39.832210;116.458930;39.833300
27;4866;770;5705;1;四环辅路;116.447420;39.832210;116.422960;39.832340
27;5699;5705;770;0;四环辅路;116.422960;39.832340;116.447420;39.832210
27;5699;5705;769;1;四环辅路;116.422960;39.832340;116.401240;39.832250
27;5699;769;5705;0;四环辅路;116.401240;39.832250;116.422960;39.832340
27;5699;769;768;1;四环辅路;116.401240;39.832250;116.387060;39.831850
27;5699;768;769;0;四环辅路;116.387060;39.831850;116.401240;39.832250
27;5699;768;767;1;四环辅路;116.387060;39.831850;116.379140;39.831600
27;5699;767;768;0;四环辅路;116.379140;39.831600;116.387060;39.831850
27;5699;767;803;1;四环辅路;116.379140;39.831600;116.346310;39.831170
27;5700;803;767;0;四环辅路;116.346310;39.831170;116.379140;39.831600
27;5700;803;766;1;四环辅路;116.346310;39.831170;116.313190;39.830560
27;5700;766;803;0;四环辅路;116.313190;39.830560;116.346310;39.831170
27;5700;766;812;1;四环辅路;116.313190;39.830560;116.290670;39.831250
27;5700;812;766;0;四环辅路;116.290670;39.831250;116.313190;39.830560
27;5700;812;811;1;四环辅路;116.290670;39.831250;116.287170;39.836210
27;800;811;812;0;四环辅路;116.287170;39.836210;116.290670;39.831250
27;800;811;810;1;四环辅路;116.287170;39.836210;116.283650;39.848450
27;800;810;811;0;四环辅路;116.283650;39.848450;116.287170;39.836210
27;800;810;809;1;四环辅路;116.283650;39.848450;116.283390;39.865270
27;800;809;810;0;四环辅路;116.283390;39.865270;116.283650;39.848450
27;800;809;808;1;四环辅路;116.283390;39.865270;116.278070;39.875190
27;5701;808;809;0;四环辅路;116.278070;39.875190;116.283390;39.865270
27;5701;808;807;1;四环辅路;116.278070;39.875190;116.276380;39.880240
27;5701;807;808;0;四环辅路;116.276380;39.880240;116.278070;39.875190
27;5701;807;806;1;四环辅路;116.276380;39.880240;116.274000;39.897120
27;5701;806;807;0;四环辅路;116.274000;39.897120;116.276380;39.880240
27;5701;806;805;1;四环辅路;116.274000;39.897120;116.274100;39.907480
27;5701;805;806;0;四环辅路;116.274100;39.907480;116.274000;39.897120
27;5701;805;804;1;四环辅路;116.274100;39.907480;116.275180;39.924220
27;5702;804;805;0;四环辅路;116.275180;39.924220;116.274100;39.907480
27;5702;804;802;1;四环辅路;116.275180;39.924220;116.274730;39.946740
27;5702;802;804;0;四环辅路;116.274730;39.946740;116.275180;39.924220
27;5702;802;870;1;四环辅路;116.274730;39.946740;116.275360;39.969570
27;787;870;802;0;四环辅路;116.275360;39.969570;116.274730;39.946740
27;787;870;871;1;四环辅路;116.275360;39.969570;116.284470;39.974810
27;787;871;870;0;四环辅路;116.284470;39.974810;116.275360;39.969570
27;787;871;293;1;四环辅路;116.284470;39.974810;116.300220;39.984680
27;787;293;871;0;四环辅路;116.300220;39.984680;116.284470;39.974810
27;787;293;798;1;四环辅路;116.300220;39.984680;116.316350;39.985470
27;787;798;293;0;四环辅路;116.316350;39.985470;116.300220;39.984680
27;787;798;797;1;四环辅路;116.316350;39.985470;116.333240;39.986040
27;5703;797;798;0;四环辅路;116.333240;39.986040;116.316350;39.985470
27;5703;797;796;1;四环辅路;116.333240;39.986040;116.353480;39.986860
27;5703;796;797;0;四环辅路;116.353480;39.986860;116.333240;39.986040
27;5703;796;795;1;四环辅路;116.353480;39.986860;116.369450;39.987370
27;5703;795;796;0;四环辅路;116.369450;39.987370;116.353480;39.986860
27;5703;795;794;1;四环辅路;116.369450;39.987370;116.378470;39.987650
27;5703;794;795;0;四环辅路;116.378470;39.987650;116.369450;39.987370
27;5703;794;793;1;四环辅路;116.378470;39.987650;116.393800;39.988070
27;5703;793;794;0;四环辅路;116.393800;39.988070;116.378470;39.987650
27;5703;793;792;1;四环辅路;116.393800;39.988070;116.407560;39.988440
27;5704;792;793;0;四环辅路;116.407560;39.988440;116.393800;39.988070
27;5704;792;791;1;四环辅路;116.407560;39.988440;116.424080;39.988930
27;5704;791;792;0;四环辅路;116.424080;39.988930;116.407560;39.988440
27;5704;791;790;1;四环辅路;116.424080;39.988930;116.442780;39.987870
27;5704;790;791;0;四环辅路;116.442780;39.987870;116.424080;39.988930
27;5704;790;789;1;四环辅路;116.442780;39.987870;116.455010;39.980860
27;5704;789;790;0;四环辅路;116.455010;39.980860;116.442780;39.987870
27;5704;789;786;1;四环辅路;116.455010;39.980860;116.468900;39.971720
5714;5110;151;1163;1;王府井大街;116.411460;39.908070;116.411440;39.910490
5714;5110;1163;151;0;王府井大街;116.411440;39.910490;116.411460;39.908070
5714;143;1162;232;1;王府井大街;116.411240;39.915540;116.410820;39.924340
5714;143;232;1162;0;王府井大街;116.410820;39.924340;116.411240;39.915540
4825;4309;4652;4653;1;左安门西滨河路;116.433120;39.871990;116.439420;39.871680
4825;4309;4653;4652;0;左安门西滨河路;116.439420;39.871680;116.433120;39.871990
4825;4721;4722;4723;1;左安门西滨河路;116.421420;39.870920;116.430320;39.870910
4825;4721;4723;4722;0;左安门西滨河路;116.430320;39.870910;116.421420;39.870920
4825;4721;4723;4724;1;左安门西滨河路;116.430320;39.870910;116.439330;39.870240
4825;4721;4724;4723;0;左安门西滨河路;116.439330;39.870240;116.430320;39.870910
