CID;TABCD;LCD;INT_CID;INT_TABCD;INT_LCD
508;18;3136;508;18;3137
508;18;3137;508;18;3136
508;18;1330;508;18;1339
508;18;1339;508;18;1330
508;18;1329;508;18;1341
508;18;1341;508;18;1329
508;18;3139;508;18;3141
508;18;3141;508;18;3139
508;18;46;508;18;1132
508;18;1132;508;18;1386
508;18;1386;508;18;46
508;18;3138;508;18;3142
508;18;3142;508;18;3138
508;18;17;508;18;1347
508;18;1347;508;18;17
508;18;458;508;18;547
508;18;547;508;18;458
508;18;487;508;18;1663
508;18;1663;508;18;1665
508;18;1665;508;18;487
508;18;489;508;18;491
508;18;491;508;18;489
508;18;18821;508;18;18902
508;18;18902;508;18;18821
508;18;18809;508;18;18822
508;18;18822;508;18;18809
508;18;18799;508;18;18823
508;18;18823;508;18;18799
508;18;2818;508;18;2828
508;18;2828;508;18;3079
508;18;3079;508;18;2818
508;18;1508;508;18;2888
508;18;2888;508;18;1508
508;18;1272;508;18;1489
508;18;1489;508;18;1272
508;18;8;508;18;858
508;18;858;508;18;8
508;18;9;508;18;855
508;18;855;508;18;9
508;18;15;508;18;899
508;18;899;508;18;15
508;18;16;508;18;514
508;18;514;508;18;16
508;18;18;508;18;1284
508;18;1284;508;18;18
508;18;7752;508;18;7753
508;18;7753;508;18;7752
508;18;6444;508;18;6468
508;18;6468;508;18;6444
508;18;7898;508;18;7899
508;18;7899;508;18;7898
508;18;6454;508;18;6457
508;18;6457;508;18;6454
508;18;6572;508;18;6822
508;18;6822;508;18;7182
508;18;7182;508;18;6572
508;18;6573;508;18;6812
508;18;6812;508;18;6573
508;18;6480;508;18;6574
508;18;6574;508;18;6480
508;18;6575;508;18;6777
508;18;6777;508;18;6951
508;18;6951;508;18;6575
508;18;6576;508;18;6759
508;18;6759;508;18;6576
508;18;6202;508;18;6577
508;18;6577;508;18;6740
508;18;6740;508;18;6202
508;18;6476;508;18;6850
508;18;6850;508;18;7874
508;18;7874;508;18;6476
508;18;6852;508;18;6861
508;18;6861;508;18;6852
508;18;6853;508;18;6970
508;18;6970;508;18;6853
508;18;6874;508;18;6980
508;18;6980;508;18;6874
508;18;6877;508;18;7480
508;18;7480;508;18;6877
508;18;6856;508;18;6924
508;18;6924;508;18;6936
508;18;6936;508;18;6942
508;18;6942;508;18;6856
508;18;6484;508;18;6857
508;18;6857;508;18;7672
508;18;7672;508;18;6484
508;18;7756;508;18;7758
508;18;7758;508;18;7756
508;18;6500;508;18;6622
508;18;6622;508;18;6500
508;18;6501;508;18;6591
508;18;6591;508;18;7933
508;18;7933;508;18;6501
508;18;7896;508;18;7897
508;18;7897;508;18;7896
508;18;6464;508;18;7495
508;18;7495;508;18;6464
508;18;6555;508;18;6558
508;18;6558;508;18;7889
508;18;7889;508;18;6555
508;18;6559;508;18;6836
508;18;6836;508;18;7890
508;18;7890;508;18;6559
508;18;6560;508;18;6746
508;18;6746;508;18;6832
508;18;6832;508;18;7892
508;18;7892;508;18;6560
508;18;6561;508;18;7506
508;18;7506;508;18;6561
508;18;6534;508;18;6562
508;18;6562;508;18;6534
508;18;6469;508;18;7040
508;18;7040;508;18;6469
508;18;6471;508;18;6473
508;18;6473;508;18;6579
508;18;6579;508;18;6471
508;18;6511;508;18;6800
508;18;6800;508;18;7334
508;18;7334;508;18;6511
508;18;6494;508;18;6513
508;18;6513;508;18;6494
508;18;6514;508;18;6999
508;18;6999;508;18;7004
508;18;7004;508;18;6514
508;18;6515;508;18;6818
508;18;6818;508;18;7199
508;18;7199;508;18;6515
508;18;6516;508;18;7012
508;18;7012;508;18;6516
508;18;6517;508;18;6934
508;18;6934;508;18;7259
508;18;7259;508;18;6517
508;18;6487;508;18;6518
508;18;6518;508;18;6487
508;18;6519;508;18;6592
508;18;6592;508;18;7708
508;18;7708;508;18;6519
508;18;6520;508;18;6523
508;18;6523;508;18;7720
508;18;7720;508;18;6520
508;18;6419;508;18;6521
508;18;6521;508;18;7725
508;18;7725;508;18;6419
508;18;18710;508;18;18740
508;18;18740;508;18;18883
508;18;18883;508;18;18710
508;18;6421;508;18;6524
508;18;6524;508;18;7960
508;18;7960;508;18;6421
508;18;7749;508;18;7751
508;18;7751;508;18;7749
508;18;6550;508;18;6669
508;18;6669;508;18;6550
508;18;6552;508;18;6695
508;18;6695;508;18;6552
508;18;6530;508;18;6553
508;18;6553;508;18;6530
508;18;6554;508;18;6846
508;18;6846;508;18;6554
508;18;6548;508;18;6556
508;18;6556;508;18;6752
508;18;6752;508;18;7768
508;18;7768;508;18;6548
508;18;6859;508;18;7328
508;18;7328;508;18;7457
508;18;7457;508;18;6859
508;18;6860;508;18;7474
508;18;7474;508;18;6860
508;18;6478;508;18;6862
508;18;6862;508;18;6478
508;18;6587;508;18;6863
508;18;6863;508;18;6879
508;18;6879;508;18;6587
508;18;7028;508;18;7049
508;18;7049;508;18;7028
508;18;6405;508;18;6583
508;18;6583;508;18;6405
508;18;6539;508;18;6584
508;18;6584;508;18;6539
508;18;6585;508;18;6967
508;18;6967;508;18;7877
508;18;7877;508;18;6585
508;18;6586;508;18;6729
508;18;6729;508;18;6586
508;18;6875;508;18;6974
508;18;6974;508;18;6875
508;18;6505;508;18;6619
508;18;6619;508;18;6505
508;18;6589;508;18;6620
508;18;6620;508;18;6589
508;18;6418;508;18;6590
508;18;6590;508;18;6418
508;18;6593;508;18;6624
508;18;6624;508;18;6593
508;18;6594;508;18;6634
508;18;6634;508;18;7657
508;18;7657;508;18;6594
508;18;6474;508;18;6538
508;18;6538;508;18;6474
508;18;7059;508;18;7961
508;18;7961;508;18;7059
508;18;6540;508;18;6966
508;18;6966;508;18;6540
508;18;6541;508;18;6726
508;18;6726;508;18;6728
508;18;6728;508;18;6541
508;18;6542;508;18;6710
508;18;6710;508;18;6542
508;18;6543;508;18;6734
508;18;6734;508;18;6543
508;18;6544;508;18;6693
508;18;6693;508;18;6757
508;18;6757;508;18;6544
508;18;6527;508;18;6545
508;18;6545;508;18;6527
508;18;6262;508;18;6546
508;18;6546;508;18;6739
508;18;6739;508;18;6262
508;18;6547;508;18;7356
508;18;7356;508;18;7766
508;18;7766;508;18;6547
508;18;6528;508;18;6570
508;18;6570;508;18;6736
508;18;6736;508;18;6528
508;18;6738;508;18;6838
508;18;6838;508;18;6738
508;18;7553;508;18;7963
508;18;7963;508;18;7553
508;18;6404;508;18;6441
508;18;6441;508;18;6404
508;18;6774;508;18;6882
508;18;6882;508;18;6891
508;18;6891;508;18;6774
508;18;6775;508;18;6977
508;18;6977;508;18;6775
508;18;6776;508;18;6985
508;18;6985;508;18;6776
508;18;6778;508;18;6827
508;18;6827;508;18;6778
508;18;6779;508;18;6929
508;18;6929;508;18;6779
508;18;6772;508;18;6780
508;18;6780;508;18;6914
508;18;6914;508;18;7190
508;18;7190;508;18;6772
508;18;6718;508;18;6781
508;18;6781;508;18;6718
508;18;6782;508;18;7194
508;18;7194;508;18;6782
508;18;6783;508;18;7206
508;18;7206;508;18;6783
508;18;6784;508;18;6906
508;18;6906;508;18;6784
508;18;6785;508;18;6788
508;18;6788;508;18;6903
508;18;6903;508;18;7010
508;18;7010;508;18;7311
508;18;7311;508;18;6785
508;18;6475;508;18;7452
508;18;7452;508;18;6475
508;18;6477;508;18;6730
508;18;6730;508;18;6477
508;18;6479;508;18;6972
508;18;6972;508;18;6479
508;18;6885;508;18;7362
508;18;7362;508;18;6885
508;18;6481;508;18;6825
508;18;6825;508;18;6481
508;18;6482;508;18;6947
508;18;6947;508;18;6482
508;18;6483;508;18;6926
508;18;6926;508;18;6483
508;18;6485;508;18;6932
508;18;6932;508;18;7188
508;18;7188;508;18;7852
508;18;7852;508;18;6485
508;18;6486;508;18;7193
508;18;7193;508;18;6486
508;18;6488;508;18;6787
508;18;6787;508;18;6790
508;18;6790;508;18;6905
508;18;6905;508;18;6992
508;18;6992;508;18;7257
508;18;7257;508;18;7269
508;18;7269;508;18;7279
508;18;7279;508;18;6488
508;18;1992;508;18;2170
508;18;2170;508;18;1992
508;18;2171;508;18;2185
508;18;2185;508;18;2171
508;18;2054;508;18;2172
508;18;2172;508;18;2054
508;18;284;508;18;2173
508;18;2173;508;18;2199
508;18;2199;508;18;284
508;18;2174;508;18;2212
508;18;2212;508;18;2174
508;18;2176;508;18;2260
508;18;2260;508;18;2176
508;18;602;508;18;2177
508;18;2177;508;18;602
508;18;2178;508;18;2283
508;18;2283;508;18;2178
508;18;254;508;18;2179
508;18;2179;508;18;254
508;18;2180;508;18;2291
508;18;2291;508;18;2180
508;18;2181;508;18;2295
508;18;2295;508;18;2181
508;18;24406;508;18;25110
508;18;25110;508;18;24406
508;18;24407;508;18;24426
508;18;24426;508;18;24407
508;18;24408;508;18;24545
508;18;24545;508;18;24811
508;18;24811;508;18;24408
508;18;24409;508;18;24440
508;18;24440;508;18;24442
508;18;24442;508;18;24549
508;18;24549;508;18;24409
508;18;24410;508;18;24756
508;18;24756;508;18;24410
508;18;24411;508;18;24464
508;18;24464;508;18;24466
508;18;24466;508;18;24758
508;18;24758;508;18;24411
508;18;24412;508;18;24462
508;18;24462;508;18;24412
508;18;24413;508;18;24449
508;18;24449;508;18;24413
508;18;24415;508;18;24486
508;18;24486;508;18;24415
508;18;7794;508;18;7795
508;18;7795;508;18;7794
508;18;534;508;18;1496
508;18;1496;508;18;1609
508;18;1609;508;18;534
508;18;24460;508;18;24463
508;18;24463;508;18;24460
508;18;7329;508;18;7331
508;18;7331;508;18;7329
508;18;6493;508;18;6821
508;18;6821;508;18;6493
508;18;6495;508;18;6507
508;18;6507;508;18;7442
508;18;7442;508;18;6495
508;18;6422;508;18;6496
508;18;6496;508;18;6422
508;18;18493;508;18;18502
508;18;18502;508;18;18493
508;18;18494;508;18;18942
508;18;18942;508;18;18494
508;18;18495;508;18;18930
508;18;18930;508;18;18495
508;18;18474;508;18;18496
508;18;18496;508;18;18474
508;18;18871;508;18;18895
508;18;18895;508;18;18871
508;18;18483;508;18;18868
508;18;18868;508;18;18897
508;18;18897;508;18;18483
508;18;6417;508;18;6504
508;18;6504;508;18;6417
508;18;6506;508;18;7722
508;18;7722;508;18;6506
508;18;7934;508;18;7935
508;18;7935;508;18;7934
508;18;6410;508;18;6659
508;18;6659;508;18;6410
508;18;6411;508;18;6668
508;18;6668;508;18;7747
508;18;7747;508;18;6411
508;18;6412;508;18;6667
508;18;6667;508;18;6412
508;18;7570;508;18;7936
508;18;7936;508;18;7570
508;18;6565;508;18;7578
508;18;7578;508;18;6565
508;18;6566;508;18;6569
508;18;6569;508;18;6566
508;18;6526;508;18;6758
508;18;6758;508;18;6884
508;18;6884;508;18;6526
508;18;7552;508;18;7746
508;18;7746;508;18;7552
508;18;6529;508;18;6841
508;18;6841;508;18;6529
508;18;6531;508;18;6834
508;18;6834;508;18;6531
508;18;6532;508;18;6830
508;18;6830;508;18;6532
508;18;6533;508;18;6682
508;18;6682;508;18;6533
508;18;6205;508;18;6535
508;18;6535;508;18;6205
508;18;6445;508;18;6536
508;18;6536;508;18;6445
508;18;6707;508;18;6709
508;18;6709;508;18;7109
508;18;7109;508;18;7955
508;18;7955;508;18;6707
508;18;6711;508;18;6733
508;18;6733;508;18;6711
508;18;6712;508;18;6880
508;18;6880;508;18;6712
508;18;6713;508;18;6975
508;18;6975;508;18;6713
508;18;6714;508;18;6983
508;18;6983;508;18;6714
508;18;6715;508;18;7364
508;18;7364;508;18;6715
508;18;6716;508;18;6826
508;18;6826;508;18;6716
508;18;6717;508;18;6928
508;18;6928;508;18;6717
508;18;7185;508;18;7745
508;18;7745;508;18;7185
508;18;7770;508;18;7772
508;18;7772;508;18;7770
508;18;24533;508;18;24535
508;18;24535;508;18;24550
508;18;24550;508;18;24533
508;18;24551;508;18;24780
508;18;24780;508;18;24551
508;18;24552;508;18;24789
508;18;24789;508;18;24552
508;18;24553;508;18;24798
508;18;24798;508;18;24553
508;18;24554;508;18;24556
508;18;24556;508;18;24812
508;18;24812;508;18;24554
508;18;7773;508;18;7775
508;18;7775;508;18;7773
508;18;6415;508;18;6688
508;18;6688;508;18;7755
508;18;7755;508;18;6415
508;18;7776;508;18;7778
508;18;7778;508;18;7776
508;18;6408;508;18;7780
508;18;7780;508;18;6408
508;18;18403;508;18;18896
508;18;18896;508;18;18403
508;18;7790;508;18;7791
508;18;7791;508;18;7790
508;18;6621;508;18;7481
508;18;7481;508;18;6621
508;18;6420;508;18;7733
508;18;7733;508;18;7735
508;18;7735;508;18;7959
508;18;7959;508;18;6420
508;18;6808;508;18;6810
508;18;6810;508;18;6808
508;18;6811;508;18;6969
508;18;6969;508;18;6811
508;18;6876;508;18;6979
508;18;6979;508;18;6876
508;18;6813;508;18;6824
508;18;6824;508;18;6813
508;18;6814;508;18;7179
508;18;7179;508;18;6814
508;18;6815;508;18;6817
508;18;6817;508;18;6815
508;18;24542;508;18;25108
508;18;25108;508;18;24542
508;18;24532;508;18;24543
508;18;24543;508;18;24532
508;18;24544;508;18;24779
508;18;24779;508;18;24544
508;18;24546;508;18;24932
508;18;24932;508;18;24546
508;18;24547;508;18;24961
508;18;24961;508;18;24547
508;18;24425;508;18;24531
508;18;24531;508;18;24425
508;18;6416;508;18;7479
508;18;7479;508;18;6416
508;18;7781;508;18;7783
508;18;7783;508;18;7781
508;18;6409;508;18;7486
508;18;7486;508;18;6409
508;18;7074;508;18;7482
508;18;7482;508;18;7074
508;18;24523;508;18;25111
508;18;25111;508;18;24523
508;18;3151;508;18;3152
508;18;3152;508;18;3151
508;18;2794;508;18;2798
508;18;2798;508;18;2891
508;18;2891;508;18;2794
508;18;1320;508;18;1444
508;18;1444;508;18;1320
508;18;529;508;18;2760
508;18;2760;508;18;529
508;18;527;508;18;2880
508;18;2880;508;18;527
508;18;448;508;18;526
508;18;526;508;18;1505
508;18;1505;508;18;448
508;18;1325;508;18;3155
508;18;3155;508;18;1325
508;18;2087;508;18;3153
508;18;3153;508;18;3166
508;18;3166;508;18;2087
508;18;2748;508;18;3159
508;18;3159;508;18;2748
508;18;450;508;18;2752
508;18;2752;508;18;450
508;18;445;508;18;453
508;18;453;508;18;1464
508;18;1464;508;18;445
508;18;18593;508;18;18597
508;18;18597;508;18;18600
508;18;18600;508;18;18608
508;18;18608;508;18;18593
508;18;18601;508;18;18626
508;18;18626;508;18;18601
508;18;18603;508;18;18630
508;18;18630;508;18;18603
508;18;18604;508;18;18634
508;18;18634;508;18;18604
508;18;18605;508;18;18638
508;18;18638;508;18;18605
508;18;18606;508;18;18642
508;18;18642;508;18;18665
508;18;18665;508;18;18722
508;18;18722;508;18;18606
508;18;24723;508;18;25071
508;18;25071;508;18;24723
508;18;24738;508;18;25072
508;18;25072;508;18;24738
508;18;24749;508;18;25073
508;18;25073;508;18;24749
508;18;24837;508;18;25063
508;18;25063;508;18;25074
508;18;25074;508;18;24837
508;18;24753;508;18;25075
508;18;25075;508;18;25135
508;18;25135;508;18;24753
508;18;7797;508;18;7798
508;18;7798;508;18;7797
508;18;2420;508;18;2684
508;18;2684;508;18;2420
508;18;2678;508;18;2687
508;18;2687;508;18;2678
508;18;2688;508;18;2729
508;18;2729;508;18;2688
508;18;6644;508;18;7407
508;18;7407;508;18;7937
508;18;7937;508;18;6644
508;18;6647;508;18;7396
508;18;7396;508;18;7398
508;18;7398;508;18;6647
508;18;6648;508;18;6650
508;18;6650;508;18;7847
508;18;7847;508;18;6648
508;18;3048;508;18;3049
508;18;3049;508;18;3048
508;18;138;508;18;1202
508;18;1202;508;18;138
508;18;137;508;18;259
508;18;259;508;18;137
508;18;136;508;18;353
508;18;353;508;18;136
508;18;135;508;18;637
508;18;637;508;18;135
508;18;134;508;18;645
508;18;645;508;18;134
508;18;131;508;18;133
508;18;133;508;18;2424
508;18;2424;508;18;131
508;18;1443;508;18;1655
508;18;1655;508;18;1443
508;18;310;508;18;1634
508;18;1634;508;18;2955
508;18;2955;508;18;310
508;18;916;508;18;2079
508;18;2079;508;18;916
508;18;917;508;18;1384
508;18;1384;508;18;917
508;18;267;508;18;2886
508;18;2886;508;18;267
508;18;1645;508;18;1674
508;18;1674;508;18;1645
508;18;1646;508;18;1679
508;18;1679;508;18;1646
508;18;1647;508;18;1684
508;18;1684;508;18;1647
508;18;515;508;18;543
508;18;543;508;18;515
508;18;518;508;18;1702
508;18;1702;508;18;1704
508;18;1704;508;18;518
508;18;520;508;18;1649
508;18;1649;508;18;520
508;18;521;508;18;1456
508;18;1456;508;18;521
508;18;6819;508;18;7208
508;18;7208;508;18;6819
508;18;18457;508;18;18880
508;18;18880;508;18;18457
508;18;18449;508;18;18458
508;18;18458;508;18;18449
508;18;18451;508;18;18500
508;18;18500;508;18;18451
508;18;18504;508;18;18938
508;18;18938;508;18;18504
508;18;18465;508;18;18505
508;18;18505;508;18;18465
508;18;1101;508;18;1899
508;18;1899;508;18;1101
508;18;1793;508;18;1900
508;18;1900;508;18;1793
508;18;1113;508;18;1901
508;18;1901;508;18;1113
508;18;537;508;18;1627
508;18;1627;508;18;537
508;18;540;508;18;1469
508;18;1469;508;18;1692
508;18;1692;508;18;540
508;18;544;508;18;1661
508;18;1661;508;18;3070
508;18;3070;508;18;544
508;18;545;508;18;1697
508;18;1697;508;18;545
508;18;6105;508;18;6111
508;18;6111;508;18;6105
508;18;6106;508;18;6115
508;18;6115;508;18;6106
508;18;741;508;18;743
508;18;743;508;18;2158
508;18;2158;508;18;741
508;18;1989;508;18;1991
508;18;1991;508;18;2159
508;18;2159;508;18;1989
508;18;2008;508;18;2160
508;18;2160;508;18;2008
508;18;286;508;18;288
508;18;288;508;18;2162
508;18;2162;508;18;286
508;18;399;508;18;1402
508;18;1402;508;18;1405
508;18;1405;508;18;2163
508;18;2163;508;18;2253
508;18;2253;508;18;399
508;18;6748;508;18;7511
508;18;7511;508;18;6748
508;18;6204;508;18;6747
508;18;6747;508;18;6204
508;18;6749;508;18;7518
508;18;7518;508;18;6749
508;18;6750;508;18;7546
508;18;7546;508;18;6750
508;18;6615;508;18;7426
508;18;7426;508;18;7812
508;18;7812;508;18;6615
508;18;6103;508;18;7801
508;18;7801;508;18;6103
508;18;6104;508;18;7504
508;18;7504;508;18;6104
508;18;6094;508;18;7419
508;18;7419;508;18;6094
508;18;6089;508;18;6095
508;18;6095;508;18;6089
508;18;6092;508;18;6098
508;18;6098;508;18;6092
508;18;25064;508;18;25082
508;18;25082;508;18;25064
508;18;25065;508;18;25086
508;18;25086;508;18;25065
508;18;25066;508;18;25113
508;18;25113;508;18;25066
508;18;25054;508;18;25067
508;18;25067;508;18;25054
508;18;25050;508;18;25068
508;18;25068;508;18;25050
508;18;24511;508;18;24513
508;18;24513;508;18;25069
508;18;25069;508;18;24511
508;18;24514;508;18;25093
508;18;25093;508;18;24514
508;18;24515;508;18;24564
508;18;24564;508;18;24515
508;18;18662;508;18;18857
508;18;18857;508;18;18662
508;18;18818;508;18;18858
508;18;18858;508;18;18818
508;18;18859;508;18;18865
508;18;18865;508;18;18859
508;18;18806;508;18;18860
508;18;18860;508;18;18806
508;18;2846;508;18;2851
508;18;2851;508;18;2846
508;18;2534;508;18;2847
508;18;2847;508;18;2534
508;18;248;508;18;944
508;18;944;508;18;2848
508;18;2848;508;18;248
508;18;18774;508;18;18783
508;18;18783;508;18;18774
508;18;18780;508;18;18784
508;18;18784;508;18;18780
508;18;18536;508;18;18785
508;18;18785;508;18;18536
508;18;24609;508;18;24814
508;18;24814;508;18;24609
508;18;24610;508;18;24843
508;18;24843;508;18;24610
508;18;24611;508;18;24620
508;18;24620;508;18;24611
508;18;24612;508;18;24937
508;18;24937;508;18;24612
508;18;24613;508;18;24966
508;18;24966;508;18;24613
508;18;24614;508;18;25012
508;18;25012;508;18;24614
508;18;7271;508;18;7649
508;18;7649;508;18;7271
508;18;7014;508;18;7483
508;18;7483;508;18;7014
508;18;7272;508;18;7285
508;18;7285;508;18;7272
508;18;18429;508;18;18590
508;18;18590;508;18;18595
508;18;18595;508;18;18889
508;18;18889;508;18;18429
508;18;24451;508;18;24487
508;18;24487;508;18;24489
508;18;24489;508;18;24451
508;18;24922;508;18;24924
508;18;24924;508;18;24922
508;18;24925;508;18;25097
508;18;25097;508;18;24925
508;18;24490;508;18;24760
508;18;24760;508;18;24490
508;18;24491;508;18;24928
508;18;24928;508;18;24491
508;18;24524;508;18;24529
508;18;24529;508;18;24524
508;18;25094;508;18;25114
508;18;25114;508;18;25094
508;18;25090;508;18;25115
508;18;25115;508;18;25090
508;18;18431;508;18;18443
508;18;18443;508;18;18431
508;18;18444;508;18;18446
508;18;18446;508;18;18592
508;18;18592;508;18;18444
508;18;6765;508;18;6895
508;18;6895;508;18;6765
508;18;6766;508;18;7115
508;18;7115;508;18;6766
508;18;6767;508;18;6883
508;18;6883;508;18;6767
508;18;6768;508;18;6986
508;18;6986;508;18;6768
508;18;6770;508;18;6828
508;18;6828;508;18;6770
508;18;6771;508;18;6930
508;18;6930;508;18;7239
508;18;7239;508;18;6771
508;18;24435;508;18;24437
508;18;24437;508;18;25106
508;18;25106;508;18;24435
508;18;24438;508;18;24520
508;18;24520;508;18;24438
508;18;24439;508;18;24755
508;18;24755;508;18;24439
508;18;24521;508;18;25107
508;18;25107;508;18;24521
508;18;24526;508;18;25041
508;18;25041;508;18;24526
508;18;24563;508;18;25042
508;18;25042;508;18;24563
508;18;2252;508;18;2255
508;18;2255;508;18;2252
508;18;2192;508;18;2257
508;18;2257;508;18;2192
508;18;2203;508;18;2258
508;18;2258;508;18;2203
508;18;2216;508;18;2259
508;18;2259;508;18;2216
508;18;2226;508;18;2261
508;18;2261;508;18;2226
508;18;6623;508;18;7712
508;18;7712;508;18;6623
508;18;2402;508;18;2404
508;18;2404;508;18;3034
508;18;3034;508;18;2402
508;18;2405;508;18;2412
508;18;2412;508;18;2405
508;18;592;508;18;2200
508;18;2200;508;18;2202
508;18;2202;508;18;592
508;18;601;508;18;2204
508;18;2204;508;18;601
508;18;2205;508;18;2281
508;18;2281;508;18;2205
508;18;2206;508;18;2287
508;18;2287;508;18;2206
508;18;2501;508;18;2545
508;18;2545;508;18;2501
508;18;2546;508;18;2549
508;18;2549;508;18;2546
508;18;32;508;18;232
508;18;232;508;18;3077
508;18;3077;508;18;32
508;18;33;508;18;35
508;18;35;508;18;33
508;18;3074;508;18;3075
508;18;3075;508;18;3074
508;18;29;508;18;969
508;18;969;508;18;29
508;18;30;508;18;2515
508;18;2515;508;18;30
508;18;31;508;18;1170
508;18;1170;508;18;31
508;18;7140;508;18;7596
508;18;7596;508;18;7140
508;18;337;508;18;1419
508;18;1419;508;18;2392
508;18;2392;508;18;337
508;18;2389;508;18;2393
508;18;2393;508;18;2389
508;18;2394;508;18;2401
508;18;2401;508;18;2394
508;18;7289;508;18;7294
508;18;7294;508;18;7289
508;18;7256;508;18;7295
508;18;7295;508;18;7256
508;18;7268;508;18;7297
508;18;7297;508;18;7268
508;18;7292;508;18;7299
508;18;7299;508;18;7292
508;18;2607;508;18;2811
508;18;2811;508;18;2607
508;18;24428;508;18;25118
508;18;25118;508;18;24428
508;18;165;508;18;176
508;18;176;508;18;773
508;18;773;508;18;165
508;18;177;508;18;1100
508;18;1100;508;18;177
508;18;178;508;18;1909
508;18;1909;508;18;178
508;18;179;508;18;803
508;18;803;508;18;179
508;18;87;508;18;180
508;18;180;508;18;186
508;18;186;508;18;87
508;18;500;508;18;768
508;18;768;508;18;1370
508;18;1370;508;18;500
508;18;769;508;18;1827
508;18;1827;508;18;769
508;18;771;508;18;1852
508;18;1852;508;18;771
508;18;772;508;18;1878
508;18;1878;508;18;772
508;18;2221;508;18;2993
508;18;2993;508;18;2221
508;18;2717;508;18;3044
508;18;3044;508;18;2717
508;18;2417;508;18;2419
508;18;2419;508;18;2718
508;18;2718;508;18;2417
508;18;2707;508;18;2719
508;18;2719;508;18;2707
508;18;369;508;18;2720
508;18;2720;508;18;369
508;18;7687;508;18;7691
508;18;7691;508;18;7687
508;18;7694;508;18;7701
508;18;7701;508;18;7694
508;18;755;508;18;761
508;18;761;508;18;805
508;18;805;508;18;755
508;18;756;508;18;1795
508;18;1795;508;18;756
508;18;757;508;18;1114
508;18;1114;508;18;757
508;18;744;508;18;758
508;18;758;508;18;2183
508;18;2183;508;18;744
508;18;2218;508;18;2282
508;18;2282;508;18;2218
508;18;2232;508;18;2284
508;18;2284;508;18;2232
508;18;1993;508;18;2184
508;18;2184;508;18;1993
508;18;2053;508;18;2186
508;18;2186;508;18;2053
508;18;2166;508;18;2187
508;18;2187;508;18;2166
508;18;285;508;18;2188
508;18;2188;508;18;285
508;18;590;508;18;2189
508;18;2189;508;18;2191
508;18;2191;508;18;590
508;18;23;508;18;798
508;18;798;508;18;23
508;18;799;508;18;1072
508;18;1072;508;18;799
508;18;800;508;18;802
508;18;802;508;18;1105
508;18;1105;508;18;800
508;18;804;508;18;1109
508;18;1109;508;18;804
508;18;6915;508;18;6919
508;18;6919;508;18;7632
508;18;7632;508;18;6915
508;18;6911;508;18;7241
508;18;7241;508;18;7246
508;18;7246;508;18;6911
508;18;6907;508;18;7247
508;18;7247;508;18;6907
508;18;118;508;18;120
508;18;120;508;18;2893
508;18;2893;508;18;118
508;18;115;508;18;694
508;18;694;508;18;1129
508;18;1129;508;18;115
508;18;114;508;18;2669
508;18;2669;508;18;114
508;18;113;508;18;2869
508;18;2869;508;18;113
508;18;110;508;18;112
508;18;112;508;18;326
508;18;326;508;18;110
508;18;1781;508;18;1950
508;18;1950;508;18;1781
508;18;1951;508;18;1963
508;18;1963;508;18;1951
508;18;1952;508;18;1956
508;18;1956;508;18;1952
508;18;6941;508;18;6945
508;18;6945;508;18;6941
508;18;6871;508;18;6946
508;18;6946;508;18;6871
508;18;6949;508;18;6953
508;18;6953;508;18;6957
508;18;6957;508;18;6949
508;18;250;508;18;252
508;18;252;508;18;1430
508;18;1430;508;18;250
508;18;196;508;18;198
508;18;198;508;18;249
508;18;249;508;18;605
508;18;605;508;18;3027
508;18;3027;508;18;3029
508;18;3029;508;18;196
508;18;245;508;18;247
508;18;247;508;18;703
508;18;703;508;18;712
508;18;712;508;18;245
508;18;595;508;18;2223
508;18;2223;508;18;2225
508;18;2225;508;18;595
508;18;101;508;18;103
508;18;103;508;18;244
508;18;244;508;18;101
508;18;243;508;18;1182
508;18;1182;508;18;243
508;18;1913;508;18;1915
508;18;1915;508;18;1913
508;18;1794;508;18;1916
508;18;1916;508;18;1794
508;18;587;508;18;1407
508;18;1407;508;18;3163
508;18;3163;508;18;587
508;18;3161;508;18;3164
508;18;3164;508;18;3161
508;18;603;508;18;610
508;18;610;508;18;603
508;18;22;508;18;1904
508;18;1904;508;18;22
508;18;1906;508;18;1908
508;18;1908;508;18;1906
508;18;1764;508;18;1910
508;18;1910;508;18;1764
508;18;1777;508;18;1911
508;18;1911;508;18;1777
508;18;7723;508;18;7728
508;18;7728;508;18;7723
508;18;7729;508;18;7732
508;18;7732;508;18;7729
508;18;338;508;18;340
508;18;340;508;18;614
508;18;614;508;18;616
508;18;616;508;18;338
508;18;617;508;18;635
508;18;635;508;18;2388
508;18;2388;508;18;617
508;18;654;508;18;1473
508;18;1473;508;18;2400
508;18;2400;508;18;654
508;18;618;508;18;620
508;18;620;508;18;628
508;18;628;508;18;630
508;18;630;508;18;618
508;18;1994;508;18;2196
508;18;2196;508;18;1994
508;18;2012;508;18;2197
508;18;2197;508;18;2012
508;18;2055;508;18;2198
508;18;2198;508;18;2055
508;18;21;508;18;1095
508;18;1095;508;18;21
508;18;1071;508;18;1096
508;18;1096;508;18;1071
508;18;1097;508;18;1099
508;18;1099;508;18;1104
508;18;1104;508;18;1097
508;18;2582;508;18;2586
508;18;2586;508;18;2582
508;18;2505;508;18;2583
508;18;2583;508;18;2505
508;18;106;508;18;1176
508;18;1176;508;18;2863
508;18;2863;508;18;106
508;18;18718;508;18;18759
508;18;18759;508;18;18766
508;18;18766;508;18;18769
508;18;18769;508;18;18718
508;18;18489;508;18;18770
508;18;18770;508;18;18489
508;18;18735;508;18;18767
508;18;18767;508;18;18735
508;18;1995;508;18;2209
508;18;2209;508;18;1995
508;18;2013;508;18;2210
508;18;2210;508;18;2013
508;18;593;508;18;2213
508;18;2213;508;18;2215
508;18;2215;508;18;593
508;18;7742;508;18;7886
508;18;7886;508;18;7742
508;18;3084;508;18;3086
508;18;3086;508;18;3084
508;18;187;508;18;189
508;18;189;508;18;762
508;18;762;508;18;1362
508;18;1362;508;18;187
508;18;190;508;18;1115
508;18;1115;508;18;190
508;18;3092;508;18;3094
508;18;3094;508;18;3092
508;18;2219;508;18;2288
508;18;2288;508;18;2219
508;18;1918;508;18;3045
508;18;3045;508;18;1918
508;18;24;508;18;182
508;18;182;508;18;24
508;18;183;508;18;185
508;18;185;508;18;1106
508;18;1106;508;18;1921
508;18;1921;508;18;183
508;18;945;508;18;1420
508;18;1420;508;18;945
508;18;946;508;18;2562
508;18;2562;508;18;946
508;18;18460;508;18;18581
508;18;18581;508;18;18460
508;18;18461;508;18;18564
508;18;18564;508;18;18461
508;18;18423;508;18;18437
508;18;18437;508;18;18462
508;18;18462;508;18;18423
508;18;18944;508;18;18946
508;18;18946;508;18;18944
508;18;6629;508;18;7374
508;18;7374;508;18;6629
508;18;7375;508;18;7377
508;18;7377;508;18;7431
508;18;7431;508;18;7375
508;18;3053;508;18;3055
508;18;3055;508;18;3053
508;18;7348;508;18;7350
508;18;7350;508;18;7348
508;18;7335;508;18;7337
508;18;7337;508;18;7335
508;18;7842;508;18;7947
508;18;7947;508;18;7842
508;18;7834;508;18;7887
508;18;7887;508;18;7834
508;18;6677;508;18;6698
508;18;6698;508;18;6677
508;18;7665;508;18;7668
508;18;7668;508;18;7904
508;18;7904;508;18;7665
508;18;7434;508;18;7809
508;18;7809;508;18;7938
508;18;7938;508;18;7434
508;18;7902;508;18;7905
508;18;7905;508;18;7902
508;18;18950;508;18;18952
508;18;18952;508;18;18950
508;18;18879;508;18;18903
508;18;18903;508;18;18953
508;18;18953;508;18;18879
508;18;2106;508;18;2108
508;18;2108;508;18;2106
508;18;669;508;18;2109
508;18;2109;508;18;669
508;18;2110;508;18;2303
508;18;2303;508;18;2110
508;18;2964;508;18;2965
508;18;2965;508;18;2964
508;18;7597;508;18;7600
508;18;7600;508;18;7597
508;18;6909;508;18;6921
508;18;6921;508;18;7250
508;18;7250;508;18;6909
508;18;6910;508;18;6917
508;18;6917;508;18;6910
508;18;6760;508;18;6912
508;18;6912;508;18;6760
508;18;1662;508;18;1701
508;18;1701;508;18;1662
508;18;202;508;18;204
508;18;204;508;18;366
508;18;366;508;18;631
508;18;631;508;18;3035
508;18;3035;508;18;3037
508;18;3037;508;18;202
508;18;2705;508;18;3038
508;18;3038;508;18;2705
508;18;2724;508;18;3040
508;18;3040;508;18;3043
508;18;3043;508;18;2724
508;18;205;508;18;207
508;18;207;508;18;205
508;18;3122;508;18;3124
508;18;3124;508;18;3122
508;18;18550;508;18;18557
508;18;18557;508;18;18550
508;18;18551;508;18;18583
508;18;18583;508;18;18551
508;18;18552;508;18;18566
508;18;18566;508;18;18552
508;18;18425;508;18;18553
508;18;18553;508;18;18425
508;18;18542;508;18;18554
508;18;18554;508;18;18542
508;18;24560;508;18;24990
508;18;24990;508;18;25010
508;18;25010;508;18;24560
508;18;24602;508;18;24604
508;18;24604;508;18;25011
508;18;25011;508;18;24602
508;18;24977;508;18;25013
508;18;25013;508;18;24977
508;18;650;508;18;652
508;18;652;508;18;662
508;18;662;508;18;650
508;18;653;508;18;2382
508;18;2382;508;18;653
508;18;7652;508;18;7804
508;18;7804;508;18;7805
508;18;7805;508;18;7652
508;18;6796;508;18;7019
508;18;7019;508;18;6796
508;18;6791;508;18;6795
508;18;6795;508;18;7009
508;18;7009;508;18;6791
508;18;6873;508;18;7637
508;18;7637;508;18;6873
508;18;7128;508;18;7136
508;18;7136;508;18;7128
508;18;7138;508;18;7216
508;18;7216;508;18;7612
508;18;7612;508;18;7138
508;18;24452;508;18;24454
508;18;24454;508;18;25100
508;18;25100;508;18;24452
508;18;24455;508;18;24930
508;18;24930;508;18;24455
508;18;1653;508;18;1929
508;18;1929;508;18;1653
508;18;6627;508;18;7369
508;18;7369;508;18;6627
508;18;7370;508;18;7429
508;18;7429;508;18;7370
508;18;7371;508;18;7383
508;18;7383;508;18;7371
508;18;2616;508;18;2627
508;18;2627;508;18;2616
508;18;2617;508;18;2620
508;18;2620;508;18;2617
508;18;2618;508;18;2622
508;18;2622;508;18;2618
508;18;104;508;18;951
508;18;951;508;18;104
508;18;107;508;18;1189
508;18;1189;508;18;107
508;18;108;508;18;1185
508;18;1185;508;18;2587
508;18;2587;508;18;108
508;18;90;508;18;92
508;18;92;508;18;90
508;18;93;508;18;1148
508;18;1148;508;18;93
508;18;94;508;18;964
508;18;964;508;18;94
508;18;95;508;18;1154
508;18;1154;508;18;95
508;18;96;508;18;98
508;18;98;508;18;2512
508;18;2512;508;18;96
508;18;2541;508;18;2820
508;18;2820;508;18;2541
508;18;6683;508;18;6691
508;18;6691;508;18;6683
508;18;7016;508;18;7018
508;18;7018;508;18;7016
508;18;6793;508;18;7347
508;18;7347;508;18;7925
508;18;7925;508;18;6793
508;18;6839;508;18;6842
508;18;6842;508;18;6845
508;18;6845;508;18;6839
508;18;368;508;18;2413
508;18;2413;508;18;2415
508;18;2415;508;18;368
508;18;370;508;18;372
508;18;372;508;18;2591
508;18;2591;508;18;370
508;18;627;508;18;833
508;18;833;508;18;2365
508;18;2365;508;18;627
508;18;834;508;18;2696
508;18;2696;508;18;834
508;18;835;508;18;2702
508;18;2702;508;18;835
508;18;837;508;18;2722
508;18;2722;508;18;2727
508;18;2727;508;18;837
508;18;123;508;18;826
508;18;826;508;18;838
508;18;838;508;18;123
508;18;6257;508;18;6259
508;18;6259;508;18;6257
508;18;6249;508;18;6251
508;18;6251;508;18;6249
508;18;6253;508;18;6255
508;18;6255;508;18;6253
508;18;24536;508;18;24571
508;18;24571;508;18;24536
508;18;24572;508;18;24781
508;18;24781;508;18;24572
508;18;24573;508;18;24790
508;18;24790;508;18;24573
508;18;24574;508;18;24799
508;18;24799;508;18;24574
508;18;646;508;18;2330
508;18;2330;508;18;646
508;18;647;508;18;673
508;18;673;508;18;647
508;18;423;508;18;649
508;18;649;508;18;423
508;18;2334;508;18;2336
508;18;2336;508;18;2693
508;18;2693;508;18;2695
508;18;2695;508;18;2334
508;18;24984;508;18;24997
508;18;24997;508;18;24984
508;18;24985;508;18;24991
508;18;24991;508;18;24985
508;18;24986;508;18;25017
508;18;25017;508;18;24986
508;18;24987;508;18;25036
508;18;25036;508;18;24987
508;18;24988;508;18;25031
508;18;25031;508;18;24988
508;18;24448;508;18;24458
508;18;24458;508;18;24448
508;18;24459;508;18;25104
508;18;25104;508;18;24459
508;18;1713;508;18;1722
508;18;1722;508;18;1713
508;18;3010;508;18;3050
508;18;3050;508;18;3010
508;18;1717;508;18;1723
508;18;1723;508;18;1717
508;18;1694;508;18;1724
508;18;1724;508;18;1694
508;18;24443;508;18;24763
508;18;24763;508;18;24443
508;18;24567;508;18;24764
508;18;24764;508;18;24567
508;18;24467;508;18;24765
508;18;24765;508;18;24467
508;18;24496;508;18;24766
508;18;24766;508;18;24496
508;18;255;508;18;1408
508;18;1408;508;18;1410
508;18;1410;508;18;255
508;18;656;508;18;1411
508;18;1411;508;18;2290
508;18;2290;508;18;656
508;18;342;508;18;1413
508;18;1413;508;18;2362
508;18;2362;508;18;342
508;18;7543;508;18;7545
508;18;7545;508;18;7543
508;18;6233;508;18;6235
508;18;6235;508;18;6233
508;18;6792;508;18;6902
508;18;6902;508;18;7307
508;18;7307;508;18;6792
508;18;7308;508;18;7310
508;18;7310;508;18;7308
508;18;18424;508;18;18577
508;18;18577;508;18;18424
508;18;18426;508;18;18547
508;18;18547;508;18;18426
508;18;18427;508;18;18587
508;18;18587;508;18;18427
508;18;18428;508;18;18433
508;18;18433;508;18;18428
508;18;18778;508;18;18792
508;18;18792;508;18;18778
508;18;18535;508;18;18793
508;18;18793;508;18;18535
508;18;18653;508;18;18794
508;18;18794;508;18;18653
508;18;269;508;18;271
508;18;271;508;18;269
508;18;794;508;18;1323
508;18;1323;508;18;1690
508;18;1690;508;18;794
508;18;25;508;18;796
508;18;796;508;18;25
508;18;24057;508;18;24068
508;18;24068;508;18;24057
508;18;3128;508;18;3131
508;18;3131;508;18;3128
508;18;3130;508;18;3133
508;18;3133;508;18;3130
508;18;1526;508;18;1528
508;18;1528;508;18;1526
508;18;3125;508;18;3127
508;18;3127;508;18;3125
508;18;2710;508;18;2713
508;18;2713;508;18;2710
508;18;2714;508;18;2734
508;18;2734;508;18;2714
508;18;2715;508;18;2894
508;18;2894;508;18;2715
508;18;1605;508;18;1610
508;18;1610;508;18;1605
508;18;1447;508;18;1606
508;18;1606;508;18;1447
508;18;1607;508;18;1628
508;18;1628;508;18;1607
508;18;6207;508;18;6209
508;18;6209;508;18;6213
508;18;6213;508;18;6207
508;18;7357;508;18;7550
508;18;7550;508;18;7357
508;18;6597;508;18;6635
508;18;6635;508;18;6597
508;18;6636;508;18;6642
508;18;6642;508;18;6636
508;18;7388;508;18;7484
508;18;7484;508;18;7817
508;18;7817;508;18;7388
508;18;6631;508;18;6637
508;18;6637;508;18;6631
508;18;375;508;18;2421
508;18;2421;508;18;375
508;18;381;508;18;2679
508;18;2679;508;18;381
508;18;383;508;18;2730
508;18;2730;508;18;383
508;18;48;508;18;386
508;18;386;508;18;975
508;18;975;508;18;48
508;18;6217;508;18;6225
508;18;6225;508;18;6217
508;18;6211;508;18;6215
508;18;6215;508;18;6211
508;18;6219;508;18;6227
508;18;6227;508;18;6219
508;18;6221;508;18;6223
508;18;6223;508;18;6221
508;18;7390;508;18;7392
508;18;7392;508;18;7390
508;18;7900;508;18;7901
508;18;7901;508;18;7900
508;18;7389;508;18;7413
508;18;7413;508;18;7389
508;18;6643;508;18;7414
508;18;7414;508;18;6643
508;18;7415;508;18;7485
508;18;7485;508;18;7415
508;18;7416;508;18;7658
508;18;7658;508;18;7416
508;18;623;508;18;2723
508;18;2723;508;18;2963
508;18;2963;508;18;623
508;18;2325;508;18;2951
508;18;2951;508;18;2325
508;18;638;508;18;2329
508;18;2329;508;18;638
508;18;674;508;18;2331
508;18;2331;508;18;674
508;18;424;508;18;426
508;18;426;508;18;2332
508;18;2332;508;18;424
508;18;2333;508;18;2373
508;18;2373;508;18;2333
508;18;6755;508;18;7522
508;18;7522;508;18;6755
508;18;7530;508;18;7532
508;18;7532;508;18;7530
508;18;18675;508;18;18677
508;18;18677;508;18;18681
508;18;18681;508;18;18675
508;18;18678;508;18;18692
508;18;18692;508;18;18678
508;18;317;508;18;2658
508;18;2658;508;18;317
508;18;2655;508;18;2659
508;18;2659;508;18;2655
508;18;223;508;18;1501
508;18;1501;508;18;223
508;18;18893;508;18;18948
508;18;18948;508;18;18893
508;18;6261;508;18;6987
508;18;6987;508;18;6261
508;18;6264;508;18;7893
508;18;7893;508;18;6264
508;18;6245;508;18;6247
508;18;6247;508;18;6245
508;18;6241;508;18;6243
508;18;6243;508;18;6241
508;18;6237;508;18;6239
508;18;6239;508;18;6237
508;18;695;508;18;2680
508;18;2680;508;18;3169
508;18;3169;508;18;695
508;18;18488;508;18;18772
508;18;18772;508;18;18488
508;18;18773;508;18;18787
508;18;18787;508;18;18773
508;18;18775;508;18;18796
508;18;18796;508;18;18775
508;18;1590;508;18;1598
508;18;1598;508;18;1590
508;18;1588;508;18;1594
508;18;1594;508;18;1588
508;18;1592;508;18;1596
508;18;1596;508;18;1592
508;18;2917;508;18;2918
508;18;2918;508;18;2917
508;18;53;508;18;55
508;18;55;508;18;218
508;18;218;508;18;53
508;18;224;508;18;2989
508;18;2989;508;18;224
508;18;212;508;18;2779
508;18;2779;508;18;2783
508;18;2783;508;18;212
508;18;211;508;18;851
508;18;851;508;18;3073
508;18;3073;508;18;211
508;18;214;508;18;2787
508;18;2787;508;18;214
508;18;52;508;18;853
508;18;853;508;18;52
508;18;477;508;18;1688
508;18;1688;508;18;2931
508;18;2931;508;18;477
508;18;18683;508;18;18711
508;18;18711;508;18;18713
508;18;18713;508;18;18683
508;18;18714;508;18;18716
508;18;18716;508;18;18748
508;18;18748;508;18;18887
508;18;18887;508;18;18714
508;18;18701;508;18;18747
508;18;18747;508;18;18955
508;18;18955;508;18;18701
508;18;18734;508;18;18749
508;18;18749;508;18;18734
508;18;18750;508;18;18922
508;18;18922;508;18;18750
508;18;24663;508;18;24679
508;18;24679;508;18;24853
508;18;24853;508;18;24663
508;18;24664;508;18;24880
508;18;24880;508;18;24664
508;18;24665;508;18;24869
508;18;24869;508;18;24665
508;18;24666;508;18;24908
508;18;24908;508;18;24666
508;18;24667;508;18;24945
508;18;24945;508;18;24667
508;18;18682;508;18;18698
508;18;18698;508;18;18700
508;18;18700;508;18;18682
508;18;626;508;18;663
508;18;663;508;18;2376
508;18;2376;508;18;2378
508;18;2378;508;18;626
508;18;830;508;18;2774
508;18;2774;508;18;830
508;18;2711;508;18;2775
508;18;2775;508;18;2711
508;18;2735;508;18;2776
508;18;2776;508;18;2919
508;18;2919;508;18;2735
508;18;977;508;18;2899
508;18;2899;508;18;977
508;18;6843;508;18;7767
508;18;7767;508;18;6843
508;18;18684;508;18;18731
508;18;18731;508;18;18733
508;18;18733;508;18;18684
508;18;18490;508;18;18736
508;18;18736;508;18;18490
508;18;696;508;18;2731
508;18;2731;508;18;696
508;18;1131;508;18;2732
508;18;2732;508;18;1131
508;18;7556;508;18;7619
508;18;7619;508;18;7625
508;18;7625;508;18;7556
508;18;24651;508;18;24851
508;18;24851;508;18;24651
508;18;24652;508;18;24865
508;18;24865;508;18;24652
508;18;24653;508;18;24676
508;18;24676;508;18;24683
508;18;24683;508;18;24906
508;18;24906;508;18;24653
508;18;24654;508;18;24942
508;18;24942;508;18;24654
508;18;24655;508;18;24970
508;18;24970;508;18;24655
508;18;24583;508;18;24784
508;18;24784;508;18;24583
508;18;24584;508;18;24793
508;18;24793;508;18;24584
508;18;24585;508;18;24802
508;18;24802;508;18;24585
508;18;24586;508;18;24807
508;18;24807;508;18;24586
508;18;434;508;18;2431
508;18;2431;508;18;434
508;18;2432;508;18;2767
508;18;2767;508;18;2432
508;18;2981;508;18;2982
508;18;2982;508;18;2981
508;18;2434;508;18;2897
508;18;2897;508;18;2434
508;18;7949;508;18;7950
508;18;7950;508;18;7949
508;18;2983;508;18;2984
508;18;2984;508;18;2983
508;18;1782;508;18;1946
508;18;1946;508;18;1782
508;18;1947;508;18;1964
508;18;1964;508;18;1947
508;18;1948;508;18;1957
508;18;1957;508;18;1948
508;18;2759;508;18;2762
508;18;2762;508;18;2759
508;18;721;508;18;1147
508;18;1147;508;18;1358
508;18;1358;508;18;721
508;18;7507;508;18;7512
508;18;7512;508;18;7507
508;18;7509;508;18;7519
508;18;7519;508;18;7509
508;18;350;508;18;352
508;18;352;508;18;671
508;18;671;508;18;350
508;18;349;508;18;572
508;18;572;508;18;2312
508;18;2312;508;18;349
508;18;347;508;18;420
508;18;420;508;18;347
508;18;346;508;18;2343
508;18;2343;508;18;346
508;18;343;508;18;345
508;18;345;508;18;658
508;18;658;508;18;660
508;18;660;508;18;343
508;18;1612;508;18;1616
508;18;1616;508;18;1612
508;18;1613;508;18;1624
508;18;1624;508;18;1613
508;18;18779;508;18;18789
508;18;18789;508;18;18779
508;18;419;508;18;573
508;18;573;508;18;419
508;18;575;508;18;657
508;18;657;508;18;575
508;18;580;508;18;613
508;18;613;508;18;580
508;18;581;508;18;1418
508;18;1418;508;18;3031
508;18;3031;508;18;581
508;18;7233;508;18;7235
508;18;7235;508;18;7233
508;18;18800;508;18;18827
508;18;18827;508;18;18800
508;18;18801;508;18;18834
508;18;18834;508;18;18801
508;18;18802;508;18;18838
508;18;18838;508;18;18802
508;18;18803;508;18;18844
508;18;18844;508;18;18911
508;18;18911;508;18;18803
508;18;717;508;18;2017
508;18;2017;508;18;2841
508;18;2841;508;18;3024
508;18;3024;508;18;717
508;18;2839;508;18;2842
508;18;2842;508;18;2839
508;18;276;508;18;2843
508;18;2843;508;18;276
508;18;3100;508;18;3106
508;18;3106;508;18;3100
508;18;597;508;18;1422
508;18;1422;508;18;1477
508;18;1477;508;18;597
508;18;1423;508;18;2850
508;18;2850;508;18;1423
508;18;7873;508;18;7876
508;18;7876;508;18;7879
508;18;7879;508;18;7873
508;18;1205;508;18;1213
508;18;1213;508;18;1205
508;18;69;508;18;1207
508;18;1207;508;18;69
508;18;1208;508;18;2425
508;18;2425;508;18;1208
508;18;130;508;18;1209
508;18;1209;508;18;1431
508;18;1431;508;18;130
508;18;7108;508;18;7111
508;18;7111;508;18;7108
508;18;1212;508;18;2742
508;18;2742;508;18;2935
508;18;2935;508;18;1212
508;18;18559;508;18;18585
508;18;18585;508;18;18559
508;18;18568;508;18;18586
508;18;18586;508;18;18568
508;18;7122;508;18;7126
508;18;7126;508;18;7122
508;18;6887;508;18;7119
508;18;7119;508;18;7124
508;18;7124;508;18;6887
508;18;7523;508;18;7526
508;18;7526;508;18;7523
508;18;7527;508;18;7533
508;18;7533;508;18;7527
508;18;7529;508;18;7536
508;18;7536;508;18;7529
508;18;7943;508;18;7945
508;18;7945;508;18;7943
508;18;2409;508;18;2411
508;18;2411;508;18;2409
508;18;24504;508;18;24690
508;18;24690;508;18;24870
508;18;24870;508;18;24504
508;18;24689;508;18;24882
508;18;24882;508;18;24689
508;18;24688;508;18;24855
508;18;24855;508;18;24688
508;18;24687;508;18;24699
508;18;24699;508;18;24687
508;18;24686;508;18;24822
508;18;24822;508;18;24686
508;18;24742;508;18;24929
508;18;24929;508;18;24742
508;18;7437;508;18;7439
508;18;7439;508;18;7437
508;18;7422;508;18;7440
508;18;7440;508;18;7422
508;18;7739;508;18;7800
508;18;7800;508;18;7739
508;18;7433;508;18;7940
508;18;7940;508;18;7433
508;18;7941;508;18;7942
508;18;7942;508;18;7941
508;18;51;508;18;1474
508;18;1474;508;18;51
508;18;1140;508;18;2080
508;18;2080;508;18;2082
508;18;2082;508;18;1140
508;18;2077;508;18;2083
508;18;2083;508;18;2077
508;18;1134;508;18;2084
508;18;2084;508;18;1134
508;18;18939;508;18;18941
508;18;18941;508;18;18939
508;18;24631;508;18;24849
508;18;24849;508;18;24631
508;18;24632;508;18;24877
508;18;24877;508;18;24632
508;18;24633;508;18;24673
508;18;24673;508;18;24633
508;18;24634;508;18;24862
508;18;24862;508;18;24634
508;18;24635;508;18;24888
508;18;24888;508;18;24635
508;18;24636;508;18;24905
508;18;24905;508;18;24636
508;18;24637;508;18;24684
508;18;24684;508;18;24940
508;18;24940;508;18;24637
508;18;24638;508;18;24968
508;18;24968;508;18;24638
508;18;24605;508;18;25016
508;18;25016;508;18;24605
508;18;24606;508;18;25037
508;18;25037;508;18;24606
508;18;24607;508;18;25030
508;18;25030;508;18;24607
508;18;24598;508;18;24813
508;18;24813;508;18;24598
508;18;24599;508;18;24842
508;18;24842;508;18;24599
508;18;24600;508;18;24936
508;18;24936;508;18;24600
508;18;24601;508;18;24965
508;18;24965;508;18;24601
508;18;2816;508;18;3087
508;18;3087;508;18;3089
508;18;3089;508;18;2816
508;18;42;508;18;44
508;18;44;508;18;320
508;18;320;508;18;322
508;18;322;508;18;42
508;18;45;508;18;2671
508;18;2671;508;18;45
508;18;47;508;18;697
508;18;697;508;18;47
508;18;2338;508;18;2726
508;18;2726;508;18;2338
508;18;24712;508;18;24827
508;18;24827;508;18;24712
508;18;24713;508;18;24893
508;18;24893;508;18;24713
508;18;24714;508;18;24916
508;18;24916;508;18;24714
508;18;24715;508;18;24953
508;18;24953;508;18;24715
508;18;665;508;18;2248
508;18;2248;508;18;665
508;18;2242;508;18;2249
508;18;2249;508;18;2242
508;18;2250;508;18;2263
508;18;2263;508;18;2250
508;18;404;508;18;2251
508;18;2251;508;18;404
508;18;24619;508;18;24858
508;18;24858;508;18;24619
508;18;24624;508;18;24859
508;18;24859;508;18;24861
508;18;24861;508;18;24624
508;18;24510;508;18;25056
508;18;25056;508;18;24510
508;18;25048;508;18;25052
508;18;25052;508;18;25057
508;18;25057;508;18;25048
508;18;7037;508;18;7041
508;18;7041;508;18;7037
508;18;7038;508;18;7044
508;18;7044;508;18;7038
508;18;1532;508;18;1542
508;18;1542;508;18;1532
508;18;1536;508;18;1540
508;18;1540;508;18;1536
508;18;1534;508;18;1538
508;18;1538;508;18;1534
508;18;334;508;18;336
508;18;336;508;18;3033
508;18;3033;508;18;334
508;18;3096;508;18;3098
508;18;3098;508;18;3096
508;18;7382;508;18;7428
508;18;7428;508;18;7382
508;18;7379;508;18;7384
508;18;7384;508;18;7379
508;18;607;508;18;745
508;18;745;508;18;3023
508;18;3023;508;18;607
508;18;715;508;18;3025
508;18;3025;508;18;715
508;18;241;508;18;274
508;18;274;508;18;3026
508;18;3026;508;18;241
508;18;7537;508;18;7539
508;18;7539;508;18;7537
508;18;7540;508;18;7542
508;18;7542;508;18;7540
508;18;18432;508;18;18569
508;18;18569;508;18;18432
508;18;7423;508;18;7810
508;18;7810;508;18;7423
508;18;6632;508;18;7405
508;18;7405;508;18;7418
508;18;7418;508;18;7424
508;18;7424;508;18;6632
508;18;1294;508;18;3148
508;18;3148;508;18;1294
508;18;1296;508;18;3150
508;18;3150;508;18;1296
508;18;2670;508;18;2674
508;18;2674;508;18;2670
508;18;2736;508;18;2786
508;18;2786;508;18;2736
508;18;596;508;18;609
508;18;609;508;18;596
508;18;7716;508;18;7724
508;18;7724;508;18;7716
508;18;24706;508;18;24823
508;18;24823;508;18;24706
508;18;24707;508;18;24892
508;18;24892;508;18;24707
508;18;24708;508;18;24912
508;18;24912;508;18;24708
508;18;24709;508;18;24949
508;18;24949;508;18;24709
508;18;24710;508;18;24745
508;18;24745;508;18;24974
508;18;24974;508;18;24710
508;18;74;508;18;388
508;18;388;508;18;74
508;18;389;508;18;1399
508;18;1399;508;18;389
508;18;390;508;18;2038
508;18;2038;508;18;390
508;18;392;508;18;2045
508;18;2045;508;18;392
508;18;393;508;18;2129
508;18;2129;508;18;393
508;18;395;508;18;1120
508;18;1120;508;18;2132
508;18;2132;508;18;2135
508;18;2135;508;18;395
508;18;145;508;18;396
508;18;396;508;18;145
508;18;397;508;18;413
508;18;413;508;18;2006
508;18;2006;508;18;397
508;18;398;508;18;2246
508;18;2246;508;18;398
508;18;2115;508;18;2133
508;18;2133;508;18;2115
508;18;6601;508;18;7399
508;18;7399;508;18;6601
508;18;7400;508;18;7403
508;18;7403;508;18;7400
508;18;7068;508;18;7070
508;18;7070;508;18;7068
508;18;6596;508;18;6616
508;18;6616;508;18;6596
508;18;6087;508;18;6090
508;18;6090;508;18;7807
508;18;7807;508;18;6087
508;18;704;508;18;948
508;18;948;508;18;704
508;18;950;508;18;2502
508;18;2502;508;18;950
508;18;2753;508;18;2756
508;18;2756;508;18;2753
508;18;444;508;18;2757
508;18;2757;508;18;444
508;18;24741;508;18;24761
508;18;24761;508;18;25099
508;18;25099;508;18;24741
508;18;25096;508;18;25101
508;18;25101;508;18;25096
508;18;1745;508;18;1894
508;18;1894;508;18;1745
508;18;1749;508;18;1895
508;18;1895;508;18;1749
508;18;1896;508;18;1933
508;18;1933;508;18;1896
508;18;568;508;18;1897
508;18;1897;508;18;568
508;18;7029;508;18;7046
508;18;7046;508;18;7029
508;18;7032;508;18;7047
508;18;7047;508;18;7032
508;18;6720;508;18;6725
508;18;6725;508;18;7048
508;18;7048;508;18;6720
508;18;6704;508;18;6706
508;18;6706;508;18;6704
508;18;6665;508;18;6700
508;18;6700;508;18;6665
508;18;6701;508;18;6703
508;18;6703;508;18;6701
508;18;7186;508;18;7236
508;18;7236;508;18;7186
508;18;7560;508;18;7566
508;18;7566;508;18;7560
508;18;7561;508;18;7563
508;18;7563;508;18;7913
508;18;7913;508;18;7561
508;18;1796;508;18;2437
508;18;2437;508;18;1796
508;18;2439;508;18;2450
508;18;2450;508;18;2439
508;18;2854;508;18;2860
508;18;2860;508;18;2854
508;18;7567;508;18;7573
508;18;7573;508;18;7567
508;18;7564;508;18;7574
508;18;7574;508;18;7564
508;18;6722;508;18;7575
508;18;7575;508;18;6722
508;18;6666;508;18;7909
508;18;7909;508;18;6666
508;18;24978;508;18;24980
508;18;24980;508;18;25015
508;18;25015;508;18;24978
508;18;24992;508;18;25018
508;18;25018;508;18;24992
508;18;24998;508;18;25019
508;18;25019;508;18;24998
508;18;25002;508;18;25020
508;18;25020;508;18;25002
508;18;25021;508;18;25023
508;18;25023;508;18;25021
508;18;3144;508;18;3146
508;18;3146;508;18;3144
508;18;313;508;18;870
508;18;870;508;18;313
508;18;7338;508;18;7341
508;18;7341;508;18;7338
508;18;6266;508;18;6268
508;18;6268;508;18;6266
508;18;7891;508;18;7946
508;18;7946;508;18;7891
508;18;722;508;18;1151
508;18;1151;508;18;2459
508;18;2459;508;18;722
508;18;723;508;18;2508
508;18;2508;508;18;723
508;18;714;508;18;718
508;18;718;508;18;727
508;18;727;508;18;714
508;18;567;508;18;1392
508;18;1392;508;18;1943
508;18;1943;508;18;567
508;18;1393;508;18;1962
508;18;1962;508;18;1393
508;18;1394;508;18;1396
508;18;1396;508;18;1394
508;18;6602;508;18;6604
508;18;6604;508;18;7848
508;18;7848;508;18;6602
508;18;6608;508;18;6743
508;18;6743;508;18;6608
508;18;962;508;18;1364
508;18;1364;508;18;962
508;18;963;508;18;2478
508;18;2478;508;18;963
508;18;2920;508;18;2921
508;18;2921;508;18;2920
508;18;1155;508;18;2519
508;18;2519;508;18;1155
508;18;6598;508;18;6600
508;18;6600;508;18;7408
508;18;7408;508;18;6598
508;18;275;508;18;1425
508;18;1425;508;18;275
508;18;2925;508;18;2927
508;18;2927;508;18;2925
508;18;2926;508;18;2930
508;18;2930;508;18;2926
508;18;822;508;18;1666
508;18;1666;508;18;822
508;18;2932;508;18;2933
508;18;2933;508;18;2932
508;18;6628;508;18;6640
508;18;6640;508;18;6628
508;18;6630;508;18;7386
508;18;7386;508;18;6630
508;18;7393;508;18;7395
508;18;7395;508;18;7406
508;18;7406;508;18;7393
508;18;1524;508;18;1530
508;18;1530;508;18;1524
508;18;234;508;18;236
508;18;236;508;18;234
508;18;233;508;18;2576
508;18;2576;508;18;233
508;18;231;508;18;2600
508;18;2600;508;18;3072
508;18;3072;508;18;231
508;18;230;508;18;2595
508;18;2595;508;18;230
508;18;229;508;18;2613
508;18;2613;508;18;229
508;18;228;508;18;2635
508;18;2635;508;18;228
508;18;240;508;18;711
508;18;711;508;18;240
508;18;239;508;18;2496
508;18;2496;508;18;239
508;18;237;508;18;1181
508;18;1181;508;18;237
508;18;18658;508;18;18836
508;18;18836;508;18;18658
508;18;18814;508;18;18837
508;18;18837;508;18;18814
508;18;2835;508;18;2875
508;18;2875;508;18;2835
508;18;2614;508;18;2876
508;18;2876;508;18;2614
508;18;1438;508;18;1454
508;18;1454;508;18;2987
508;18;2987;508;18;1438
508;18;311;508;18;1455
508;18;1455;508;18;311
508;18;6806;508;18;7367
508;18;7367;508;18;6806
508;18;688;508;18;2553
508;18;2553;508;18;2996
508;18;2996;508;18;688
508;18;612;508;18;2934
508;18;2934;508;18;612
508;18;685;508;18;1429
508;18;1429;508;18;685
508;18;686;508;18;3030
508;18;3030;508;18;686
508;18;687;508;18;700
508;18;700;508;18;687
508;18;689;508;18;2560
508;18;2560;508;18;689
508;18;332;508;18;690
508;18;690;508;18;692
508;18;692;508;18;332
508;18;3108;508;18;3110
508;18;3110;508;18;3108
508;18;790;508;18;1695
508;18;1695;508;18;790
508;18;76;508;18;792
508;18;792;508;18;76
508;18;263;508;18;3168
508;18;3168;508;18;263
508;18;268;508;18;3165
508;18;3165;508;18;268
508;18;18417;508;18;18539
508;18;18539;508;18;18907
508;18;18907;508;18;18417
508;18;18520;508;18;18956
508;18;18956;508;18;18520
508;18;18525;508;18;18628
508;18;18628;508;18;18525
508;18;18527;508;18;18632
508;18;18632;508;18;18527
508;18;18528;508;18;18636
508;18;18636;508;18;18528
508;18;18529;508;18;18640
508;18;18640;508;18;18529
508;18;18530;508;18;18644
508;18;18644;508;18;18530
508;18;18531;508;18;18913
508;18;18913;508;18;18531
508;18;18485;508;18;18491
508;18;18491;508;18;18534
508;18;18534;508;18;18485
508;18;18537;508;18;18797
508;18;18797;508;18;18537
508;18;2739;508;18;2746
508;18;2746;508;18;2739
508;18;2088;508;18;2740
508;18;2740;508;18;2088
508;18;2741;508;18;2749
508;18;2749;508;18;2741
508;18;903;508;18;3064
508;18;3064;508;18;903
508;18;2952;508;18;2953
508;18;2953;508;18;2952
508;18;1650;508;18;1714
508;18;1714;508;18;1650
508;18;1651;508;18;1940
508;18;1940;508;18;3011
508;18;3011;508;18;1651
508;18;1652;508;18;1718
508;18;1718;508;18;1652
508;18;401;508;18;414
508;18;414;508;18;401
508;18;2117;508;18;2119
508;18;2119;508;18;2117
508;18;24721;508;18;24958
508;18;24958;508;18;24721
508;18;24730;508;18;24959
508;18;24959;508;18;24730
508;18;2528;508;18;2857
508;18;2857;508;18;2528
508;18;710;508;18;2529
508;18;2529;508;18;710
508;18;2471;508;18;2530
508;18;2530;508;18;2471
508;18;2470;508;18;2495
508;18;2495;508;18;2470
508;18;24824;508;18;24826
508;18;24826;508;18;24824
508;18;24717;508;18;24828
508;18;24828;508;18;24717
508;18;24726;508;18;24829
508;18;24829;508;18;24726
508;18;24830;508;18;24832
508;18;24832;508;18;24830
508;18;24833;508;18;24898
508;18;24898;508;18;24833
508;18;24834;508;18;24919
508;18;24919;508;18;24834
508;18;24835;508;18;24956
508;18;24956;508;18;24835
508;18;24836;508;18;25126
508;18;25126;508;18;25133
508;18;25133;508;18;24836
508;18;24616;508;18;24815
508;18;24815;508;18;24616
508;18;24622;508;18;24670
508;18;24670;508;18;24777
508;18;24777;508;18;24816
508;18;24816;508;18;24622
508;18;24817;508;18;25123
508;18;25123;508;18;24817
508;18;24642;508;18;24818
508;18;24818;508;18;24642
508;18;24473;508;18;24477
508;18;24477;508;18;24819
508;18;24819;508;18;24473
508;18;24503;508;18;24820
508;18;24820;508;18;25121
508;18;25121;508;18;24503
508;18;24698;508;18;24821
508;18;24821;508;18;24698
508;18;24671;508;18;24848
508;18;24848;508;18;25124
508;18;25124;508;18;24671
508;18;158;508;18;160
508;18;160;508;18;760
508;18;760;508;18;766
508;18;766;508;18;158
508;18;156;508;18;1790
508;18;1790;508;18;1792
508;18;1792;508;18;156
508;18;154;508;18;1112
508;18;1112;508;18;1971
508;18;1971;508;18;154
508;18;151;508;18;153
508;18;153;508;18;740
508;18;740;508;18;151
508;18;174;508;18;482
508;18;482;508;18;174
508;18;20;508;18;85
508;18;85;508;18;173
508;18;173;508;18;20
508;18;171;508;18;1068
508;18;1068;508;18;1070
508;18;1070;508;18;171
508;18;167;508;18;169
508;18;169;508;18;814
508;18;814;508;18;1103
508;18;1103;508;18;167
508;18;162;508;18;1079
508;18;1079;508;18;1108
508;18;1108;508;18;162
508;18;1732;508;18;1815
508;18;1815;508;18;1732
508;18;24704;508;18;24744
508;18;24744;508;18;24948
508;18;24948;508;18;24704
508;18;24722;508;18;24746
508;18;24746;508;18;24722
508;18;24737;508;18;24747
508;18;24747;508;18;24737
508;18;24748;508;18;25129
508;18;25129;508;18;24748
508;18;435;508;18;2426
508;18;2426;508;18;2766
508;18;2766;508;18;435
508;18;2768;508;18;2772
508;18;2772;508;18;2768
508;18;2340;508;18;2769
508;18;2769;508;18;2340
508;18;18467;508;18;18754
508;18;18754;508;18;18467
508;18;24752;508;18;25127
508;18;25127;508;18;24752
508;18;24444;508;18;24772
508;18;24772;508;18;24444
508;18;24445;508;18;24539
508;18;24539;508;18;24445
508;18;24557;508;18;24841
508;18;24841;508;18;24557
508;18;24558;508;18;24935
508;18;24935;508;18;24558
508;18;24559;508;18;24964
508;18;24964;508;18;24559
508;18;24561;508;18;24996
508;18;24996;508;18;24561
508;18;24562;508;18;25001
508;18;25001;508;18;24562
508;18;7267;508;18;7284
508;18;7284;508;18;7267
508;18;18418;508;18;18819
508;18;18819;508;18;18418
508;18;18905;508;18;18909
508;18;18909;508;18;18905
508;18;1218;508;18;2763
508;18;2763;508;18;1218
508;18;2372;508;18;2375
508;18;2375;508;18;2372
508;18;1219;508;18;2974
508;18;2974;508;18;1219
508;18;2975;508;18;2977
508;18;2977;508;18;2975
508;18;6641;508;18;7430
508;18;7430;508;18;6641
508;18;7387;508;18;7432
508;18;7432;508;18;7387
508;18;1439;508;18;1600
508;18;1600;508;18;1439
508;18;309;508;18;1601
508;18;1601;508;18;309
508;18;2468;508;18;2524
508;18;2524;508;18;2468
508;18;2493;508;18;2525
508;18;2525;508;18;2493
508;18;36;508;18;38
508;18;38;508;18;1178
508;18;1178;508;18;36
508;18;39;508;18;1191
508;18;1191;508;18;39
508;18;40;508;18;357
508;18;357;508;18;1187
508;18;1187;508;18;40
508;18;6652;508;18;6654
508;18;6654;508;18;6652
508;18;6655;508;18;6742
508;18;6742;508;18;6655
508;18;621;508;18;2704
508;18;2704;508;18;621
508;18;622;508;18;1416
508;18;1416;508;18;622
508;18;7092;508;18;7095
508;18;7095;508;18;7092
508;18;7083;508;18;7093
508;18;7093;508;18;7083
508;18;7827;508;18;7828
508;18;7828;508;18;7827
508;18;7082;508;18;7089
508;18;7089;508;18;7082
508;18;7087;508;18;7090
508;18;7090;508;18;7087
508;18;7084;508;18;7965
508;18;7965;508;18;7084
508;18;18571;508;18;18580
508;18;18580;508;18;18571
508;18;18575;508;18;18582
508;18;18582;508;18;18575
508;18;24052;508;18;42056
508;18;42056;508;18;24052
508;18;45052;508;18;48064
508;18;48064;508;18;45052
508;18;42052;508;18;45059
508;18;45059;508;18;42052
508;18;1506;508;18;2801
508;18;2801;508;18;1506
508;18;476;508;18;1507
508;18;1507;508;18;476
508;18;18898;508;18;18899
508;18;18899;508;18;18898
508;18;503;508;18;1075
508;18;1075;508;18;1932
508;18;1932;508;18;503
508;18;1076;508;18;1089
508;18;1089;508;18;1076
508;18;1077;508;18;1855
508;18;1855;508;18;1077
508;18;1078;508;18;1866
508;18;1866;508;18;1078
508;18;2561;508;18;2579
508;18;2579;508;18;2561
508;18;1193;508;18;2563
508;18;2563;508;18;1193
508;18;18468;508;18;18928
508;18;18928;508;18;18468
508;18;18929;508;18;18932
508;18;18932;508;18;18929
508;18;24421;508;18;24423
508;18;24423;508;18;24421
508;18;24424;508;18;24522
508;18;24522;508;18;24424
508;18;24418;508;18;24420
508;18;24420;508;18;24418
508;18;1658;508;18;1675
508;18;1675;508;18;1658
508;18;1659;508;18;1680
508;18;1680;508;18;1659
508;18;1660;508;18;1685
508;18;1685;508;18;1660
508;18;18563;508;18;18572
508;18;18572;508;18;18563
508;18;18436;508;18;18573
508;18;18573;508;18;18436
508;18;25049;508;18;25060
508;18;25060;508;18;25049
508;18;25053;508;18;25061
508;18;25061;508;18;25053
508;18;7820;508;18;7822
508;18;7822;508;18;7820
508;18;7005;508;18;7007
508;18;7007;508;18;7005
508;18;7200;508;18;7645
508;18;7645;508;18;7200
508;18;7202;508;18;7260
508;18;7260;508;18;7202
508;18;7254;508;18;7488
508;18;7488;508;18;7254
508;18;705;508;18;2565
508;18;2565;508;18;705
508;18;1356;508;18;1922
508;18;1922;508;18;1356
508;18;89;508;18;1357
508;18;1357;508;18;89
508;18;1152;508;18;1359
508;18;1359;508;18;1152
508;18;707;508;18;1360
508;18;1360;508;18;2509
508;18;2509;508;18;707
508;18;709;508;18;719
508;18;719;508;18;1172
508;18;1172;508;18;709
508;18;6679;508;18;6697
508;18;6697;508;18;6679
508;18;6680;508;18;6684
508;18;6684;508;18;6680
508;18;492;508;18;3051
508;18;3051;508;18;3052
508;18;3052;508;18;492
508;18;781;508;18;1367
508;18;1367;508;18;1369
508;18;1369;508;18;781
508;18;782;508;18;1744
508;18;1744;508;18;782
508;18;785;508;18;1941
508;18;1941;508;18;785
508;18;786;508;18;1779
508;18;1779;508;18;786
508;18;787;508;18;1719
508;18;1719;508;18;1960
508;18;1960;508;18;787
508;18;788;508;18;1954
508;18;1954;508;18;788
508;18;2072;508;18;2754
508;18;2754;508;18;2072
508;18;318;508;18;2661
508;18;2661;508;18;318
508;18;2662;508;18;2665
508;18;2665;508;18;2662
508;18;24899;508;18;24901
508;18;24901;508;18;24899
508;18;18565;508;18;18576
508;18;18576;508;18;18901
508;18;18901;508;18;18565
508;18;18546;508;18;18567
508;18;18567;508;18;18546
508;18;7060;508;18;7063
508;18;7063;508;18;7060
508;18;2610;508;18;2623
508;18;2623;508;18;2610
508;18;6868;508;18;6981
508;18;6981;508;18;6868
508;18;6962;508;18;6982
508;18;6982;508;18;6962
508;18;6984;508;18;7218
508;18;7218;508;18;6984
508;18;693;508;18;2590
508;18;2590;508;18;693
508;18;18918;508;18;18920
508;18;18920;508;18;18918
508;18;18667;508;18;18921
508;18;18921;508;18;18667
508;18;2485;508;18;2866
508;18;2866;508;18;2485
508;18;18545;508;18;18558
508;18;18558;508;18;18545
508;18;24617;508;18;24846
508;18;24846;508;18;24617
508;18;24618;508;18;24844
508;18;24844;508;18;24618
508;18;328;508;18;2589
508;18;2589;508;18;2956
508;18;2956;508;18;328
508;18;18654;508;18;18656
508;18;18656;508;18;18654
508;18;18657;508;18;18829
508;18;18829;508;18;18657
508;18;18659;508;18;18839
508;18;18839;508;18;18841
508;18;18841;508;18;18659
508;18;18660;508;18;18847
508;18;18847;508;18;18660
508;18;18661;508;18;18852
508;18;18852;508;18;18661
508;18;18648;508;18;18924
508;18;18924;508;18;18648
508;18;18472;508;18;18649
508;18;18649;508;18;18472
508;18;1938;508;18;1961
508;18;1961;508;18;1938
508;18;509;508;18;1965
508;18;1965;508;18;1967
508;18;1967;508;18;509
508;18;510;508;18;1958
508;18;1958;508;18;510
508;18;831;508;18;2898
508;18;2898;508;18;831
508;18;2603;508;18;2609
508;18;2609;508;18;2603
508;18;2630;508;18;2812
508;18;2812;508;18;2630
508;18;1177;508;18;1183
508;18;1183;508;18;2569
508;18;2569;508;18;1177
508;18;1168;508;18;2885
508;18;2885;508;18;1168
508;18;1374;508;18;2513
508;18;2513;508;18;1374
508;18;1190;508;18;2570
508;18;2570;508;18;1190
508;18;2347;508;18;2349
508;18;2349;508;18;2347
508;18;2351;508;18;3032
508;18;3032;508;18;2351
508;18;2353;508;18;2357
508;18;2357;508;18;2353
508;18;18469;508;18;18925
508;18;18925;508;18;18469
508;18;18926;508;18;18933
508;18;18933;508;18;18926
508;18;1671;508;18;1681
508;18;1681;508;18;1671
508;18;7516;508;18;7952
508;18;7952;508;18;7516
508;18;24734;508;18;24736
508;18;24736;508;18;24734
508;18;24739;508;18;25080
508;18;25080;508;18;24739
508;18;18816;508;18;18848
508;18;18848;508;18;18816
508;18;18849;508;18;18863
508;18;18863;508;18;18849
508;18;18804;508;18;18850
508;18;18850;508;18;18804
508;18;501;508;18;1746
508;18;1746;508;18;501
508;18;24981;508;18;25028
508;18;25028;508;18;24981
508;18;7105;508;18;7107
508;18;7107;508;18;7105
508;18;2636;508;18;2640
508;18;2640;508;18;2937
508;18;2937;508;18;2636
508;18;2644;508;18;2938
508;18;2938;508;18;2644
508;18;2631;508;18;2639
508;18;2639;508;18;2631
508;18;25130;508;18;25132
508;18;25132;508;18;25130
508;18;2651;508;18;2656
508;18;2656;508;18;2666
508;18;2666;508;18;2651
508;18;7219;508;18;7222
508;18;7222;508;18;7219
508;18;7170;508;18;7226
508;18;7226;508;18;7170
508;18;24623;508;18;24847
508;18;24847;508;18;24623
508;18;24625;508;18;24904
508;18;24904;508;18;24625
508;18;24626;508;18;24939
508;18;24939;508;18;24626
508;18;7280;508;18;7291
508;18;7291;508;18;7280
508;18;7282;508;18;7317
508;18;7317;508;18;7282
508;18;24497;508;18;24769
508;18;24769;508;18;24497
508;18;24468;508;18;24770
508;18;24770;508;18;24468
508;18;24568;508;18;24771
508;18;24771;508;18;24568
508;18;24537;508;18;24773
508;18;24773;508;18;24537
508;18;24774;508;18;24782
508;18;24782;508;18;24774
508;18;24775;508;18;24791
508;18;24791;508;18;24775
508;18;24776;508;18;24800
508;18;24800;508;18;24776
508;18;6955;508;18;6964
508;18;6964;508;18;7363
508;18;7363;508;18;6955
508;18;6927;508;18;6958
508;18;6958;508;18;6927
508;18;146;508;18;2136
508;18;2136;508;18;146
508;18;292;508;18;2137
508;18;2137;508;18;292
508;18;1980;508;18;2140
508;18;2140;508;18;2153
508;18;2153;508;18;1980
508;18;1988;508;18;2141
508;18;2141;508;18;1988
508;18;1983;508;18;2041
508;18;2041;508;18;1983
508;18;1984;508;18;2123
508;18;2123;508;18;1984
508;18;150;508;18;1985
508;18;1985;508;18;150
508;18;1986;508;18;2145
508;18;2145;508;18;1986
508;18;1987;508;18;2152
508;18;2152;508;18;1987
508;18;2456;508;18;2853
508;18;2853;508;18;2456
508;18;1625;508;18;1630
508;18;1630;508;18;1625
508;18;765;508;18;1856
508;18;1856;508;18;1858
508;18;1858;508;18;765
508;18;1787;508;18;1859
508;18;1859;508;18;1787
508;18;1860;508;18;1968
508;18;1968;508;18;1860
508;18;511;508;18;739
508;18;739;508;18;2040
508;18;2040;508;18;511
508;18;1976;508;18;2042
508;18;2042;508;18;1976
508;18;2056;508;18;2113
508;18;2113;508;18;2056
508;18;2057;508;18;2235
508;18;2235;508;18;2057
508;18;2023;508;18;2048
508;18;2048;508;18;2023
508;18;296;508;18;1119
508;18;1119;508;18;2049
508;18;2049;508;18;296
508;18;1738;508;18;1848
508;18;1848;508;18;1738
508;18;1849;508;18;1851
508;18;1851;508;18;1849
508;18;1757;508;18;1853
508;18;1853;508;18;1757
508;18;1772;508;18;1854
508;18;1854;508;18;1772
508;18;18479;508;18;18487
508;18;18487;508;18;18689
508;18;18689;508;18;18479
508;18;2916;508;18;3060
508;18;3060;508;18;2916
508;18;3056;508;18;3058
508;18;3058;508;18;3056
508;18;2070;508;18;2089
508;18;2089;508;18;2070
508;18;2750;508;18;3059
508;18;3059;508;18;2750
508;18;2302;508;18;2307
508;18;2307;508;18;2302
508;18;409;508;18;2309
508;18;2309;508;18;409
508;18;2007;508;18;2154
508;18;2154;508;18;2007
508;18;2029;508;18;2155
508;18;2155;508;18;2029
508;18;290;508;18;2156
508;18;2156;508;18;290
508;18;6685;508;18;6687
508;18;6687;508;18;6685
508;18;2313;508;18;2326
508;18;2326;508;18;2313
508;18;640;508;18;2314
508;18;2314;508;18;640
508;18;1934;508;18;1936
508;18;1936;508;18;1942
508;18;1942;508;18;1934
508;18;1780;508;18;1937
508;18;1937;508;18;1780
508;18;278;508;18;608
508;18;608;508;18;278
508;18;302;508;18;1381
508;18;1381;508;18;2059
508;18;2059;508;18;302
508;18;75;508;18;301
508;18;301;508;18;75
508;18;298;508;18;1398
508;18;1398;508;18;298
508;18;295;508;18;2127
508;18;2127;508;18;295
508;18;147;508;18;293
508;18;293;508;18;147
508;18;291;508;18;2149
508;18;2149;508;18;291
508;18;1842;508;18;1844
508;18;1844;508;18;1842
508;18;1786;508;18;1845
508;18;1845;508;18;1786
508;18;1737;508;18;1834
508;18;1834;508;18;1737
508;18;812;508;18;1835
508;18;1835;508;18;1837
508;18;1837;508;18;812
508;18;1756;508;18;1839
508;18;1839;508;18;1756
508;18;1771;508;18;1840
508;18;1840;508;18;1771
508;18;1882;508;18;1884
508;18;1884;508;18;1882
508;18;1789;508;18;1885
508;18;1885;508;18;1789
508;18;1886;508;18;1970
508;18;1970;508;18;1886
508;18;1873;508;18;3017
508;18;3017;508;18;1873
508;18;1740;508;18;1874
508;18;1874;508;18;1740
508;18;1875;508;18;1877
508;18;1877;508;18;1875
508;18;1759;508;18;1879
508;18;1879;508;18;1759
508;18;1774;508;18;1880
508;18;1880;508;18;1774
508;18;2020;508;18;2036
508;18;2036;508;18;2020
508;18;2024;508;18;2126
508;18;2126;508;18;2024
508;18;2028;508;18;2148
508;18;2148;508;18;2028
508;18;1867;508;18;1869
508;18;1869;508;18;1867
508;18;1788;508;18;1870
508;18;1870;508;18;1788
508;18;1871;508;18;1969
508;18;1969;508;18;1871
508;18;1977;508;18;2124
508;18;2124;508;18;1977
508;18;2003;508;18;2125
508;18;2125;508;18;2003
508;18;2114;508;18;2130
508;18;2130;508;18;2114
508;18;1733;508;18;1820
508;18;1820;508;18;1733
508;18;84;508;18;1821
508;18;1821;508;18;84
508;18;1067;508;18;1822
508;18;1822;508;18;1067
508;18;1739;508;18;1823
508;18;1823;508;18;1739
508;18;813;508;18;1824
508;18;1824;508;18;1862
508;18;1862;508;18;813
508;18;1758;508;18;1864
508;18;1864;508;18;1758
508;18;1773;508;18;1865
508;18;1865;508;18;1773
508;18;584;508;18;2301
508;18;2301;508;18;2939
508;18;2939;508;18;584
508;18;408;508;18;586
508;18;586;508;18;408
508;18;1979;508;18;2146
508;18;2146;508;18;1979
508;18;2005;508;18;2147
508;18;2147;508;18;2005
508;18;2356;508;18;2998
508;18;2998;508;18;2356
508;18;6990;508;18;7013
508;18;7013;508;18;6990
508;18;7008;508;18;7015
508;18;7015;508;18;7008
508;18;6798;508;18;6899
508;18;6899;508;18;7929
508;18;7929;508;18;6798
508;18;1090;508;18;1092
508;18;1092;508;18;1090
508;18;508;508;18;1093
508;18;1093;508;18;1783
508;18;1783;508;18;1785
508;18;1785;508;18;508
508;18;810;508;18;1806
508;18;1806;508;18;1808
508;18;1808;508;18;810
508;18;1754;508;18;1810
508;18;1810;508;18;1754
508;18;1769;508;18;1811
508;18;1811;508;18;1769
508;18;1728;508;18;1730
508;18;1730;508;18;1891
508;18;1891;508;18;1728
508;18;82;508;18;1804
508;18;1804;508;18;82
508;18;1065;508;18;1805
508;18;1805;508;18;1065
508;18;738;508;18;2032
508;18;2032;508;18;738
508;18;733;508;18;2033
508;18;2033;508;18;733
508;18;1118;508;18;1973
508;18;1973;508;18;1975
508;18;1975;508;18;2034
508;18;2034;508;18;1118
508;18;1999;508;18;2035
508;18;2035;508;18;1999
508;18;809;508;18;1826
508;18;1826;508;18;809
508;18;1753;508;18;1828
508;18;1828;508;18;1753
508;18;1768;508;18;1829
508;18;1829;508;18;1768
508;18;1082;508;18;1731
508;18;1731;508;18;1082
508;18;83;508;18;1083
508;18;1083;508;18;83
508;18;1066;508;18;1084
508;18;1084;508;18;1066
508;18;1085;508;18;1087
508;18;1087;508;18;1085
508;18;633;508;18;643
508;18;643;508;18;661
508;18;661;508;18;633
508;18;2275;508;18;2300
508;18;2300;508;18;2275
508;18;2265;508;18;2276
508;18;2276;508;18;2265
508;18;407;508;18;2277
508;18;2277;508;18;407
508;18;6721;508;18;7086
508;18;7086;508;18;6721
508;18;7582;508;18;7585
508;18;7585;508;18;7582
508;18;2318;508;18;2320
508;18;2320;508;18;2318
508;18;2100;508;18;2321
508;18;2321;508;18;2100
508;18;18702;508;18;18704
508;18;18704;508;18;18702
508;18;18693;508;18;18705
508;18;18705;508;18;18693
508;18;18706;508;18;18758
508;18;18758;508;18;18706
508;18;18707;508;18;18762
508;18;18762;508;18;18707
508;18;2264;508;18;2271
508;18;2271;508;18;2264
508;18;405;508;18;2272
508;18;2272;508;18;405
508;18;1406;508;18;2273
508;18;2273;508;18;1406
508;18;149;508;18;1978
508;18;1978;508;18;149
508;18;148;508;18;2004
508;18;2004;508;18;148
508;18;144;508;18;2116
508;18;2116;508;18;144
508;18;143;508;18;2240
508;18;2240;508;18;143
508;18;142;508;18;2237
508;18;2237;508;18;142
508;18;1705;508;18;1712
508;18;1712;508;18;1705
508;18;1709;508;18;1716
508;18;1716;508;18;1709
508;18;1693;508;18;1710
508;18;1710;508;18;1693
508;18;18680;508;18;18686
508;18;18686;508;18;18680
508;18;18687;508;18;18691
508;18;18691;508;18;18687
508;18;2537;508;18;2539
508;18;2539;508;18;2537
508;18;2497;508;18;2540
508;18;2540;508;18;2497
508;18;2236;508;18;2239
508;18;2239;508;18;2236
508;18;2498;508;18;2500
508;18;2500;508;18;2498
508;18;2504;508;18;2566
508;18;2566;508;18;2504
508;18;1153;508;18;2489
508;18;2489;508;18;1153
508;18;2490;508;18;2492
508;18;2492;508;18;2511
508;18;2511;508;18;2490
508;18;1173;508;18;2494
508;18;2494;508;18;1173
508;18;18470;508;18;18473
508;18;18473;508;18;18808
508;18;18808;508;18;18470
508;18;2940;508;18;2941
508;18;2941;508;18;2940
508;18;2514;508;18;2574
508;18;2574;508;18;2514
508;18;2598;508;18;2626
508;18;2626;508;18;2598
508;18;2594;508;18;2628
508;18;2628;508;18;2594
508;18;2455;508;18;2507
508;18;2507;508;18;2455
508;18;2467;508;18;2480
508;18;2480;508;18;2510
508;18;2510;508;18;2467
508;18;125;508;18;127
508;18;127;508;18;2339
508;18;2339;508;18;125
508;18;122;508;18;2709
508;18;2709;508;18;122
508;18;24588;508;18;24839
508;18;24839;508;18;24588
508;18;24589;508;18;24933
508;18;24933;508;18;24589
508;18;24590;508;18;24962
508;18;24962;508;18;24590
508;18;51062;508;18;51070
508;18;51070;508;18;51062
508;18;18620;508;18;18631
508;18;18631;508;18;18620
508;18;1309;508;18;3134
508;18;3134;508;18;1309
508;18;25087;508;18;25089
508;18;25089;508;18;25087
508;18;1760;508;18;1762
508;18;1762;508;18;1760
508;18;502;508;18;1750
508;18;1750;508;18;1752
508;18;1752;508;18;502
508;18;2474;508;18;2482
508;18;2482;508;18;2474
508;18;2473;508;18;2536
508;18;2536;508;18;2473
508;18;7823;508;18;7825
508;18;7825;508;18;7823
508;18;6835;508;18;6847
508;18;6847;508;18;6835
508;18;24450;508;18;24494
508;18;24494;508;18;24450
508;18;24495;508;18;24759
508;18;24759;508;18;24495
508;18;24498;508;18;24786
508;18;24786;508;18;24498
508;18;24499;508;18;24795
508;18;24795;508;18;25120
508;18;25120;508;18;24499
508;18;24500;508;18;24804
508;18;24804;508;18;24500
508;18;24505;508;18;24909
508;18;24909;508;18;24505
508;18;24506;508;18;24946
508;18;24946;508;18;24506
508;18;24507;508;18;24972
508;18;24972;508;18;24507
508;18;24509;508;18;25006
508;18;25006;508;18;24509
508;18;7101;508;18;7104
508;18;7104;508;18;7101
508;18;24672;508;18;24876
508;18;24876;508;18;24672
508;18;24674;508;18;24863
508;18;24863;508;18;24674
508;18;24646;508;18;24675
508;18;24675;508;18;24889
508;18;24889;508;18;24646
508;18;1618;508;18;1629
508;18;1629;508;18;1618
508;18;261;508;18;2094
508;18;2094;508;18;261
508;18;260;508;18;2098
508;18;2098;508;18;260
508;18;258;508;18;670
508;18;670;508;18;258
508;18;257;508;18;2304
508;18;2304;508;18;257
508;18;256;508;18;411
508;18;411;508;18;416
508;18;416;508;18;256
508;18;24657;508;18;24681
508;18;24681;508;18;24886
508;18;24886;508;18;24657
508;18;24658;508;18;24868
508;18;24868;508;18;24658
508;18;24659;508;18;24907
508;18;24907;508;18;24659
508;18;24660;508;18;24944
508;18;24944;508;18;24660
508;18;3118;508;18;3120
508;18;3120;508;18;3118
508;18;433;508;18;2429
508;18;2429;508;18;433
508;18;421;508;18;642
508;18;642;508;18;421
508;18;24469;508;18;24540
508;18;24540;508;18;24469
508;18;24470;508;18;24785
508;18;24785;508;18;24470
508;18;24471;508;18;24794
508;18;24794;508;18;24471
508;18;24472;508;18;24803
508;18;24803;508;18;24472
508;18;7052;508;18;7054
508;18;7054;508;18;7056
508;18;7056;508;18;7052
508;18;18622;508;18;18639
508;18;18639;508;18;18622
508;18;1200;508;18;2060
508;18;2060;508;18;1200
508;18;1198;508;18;1201
508;18;1201;508;18;2092
508;18;2092;508;18;1198
508;18;668;508;18;1203
508;18;1203;508;18;668
508;18;314;508;18;316
508;18;316;508;18;2646
508;18;2646;508;18;2648
508;18;2648;508;18;314
508;18;2649;508;18;2652
508;18;2652;508;18;2649
508;18;6937;508;18;7744
508;18;7744;508;18;6937
508;18;7673;508;18;7675
508;18;7675;508;18;7673
508;18;24902;508;18;24921
508;18;24921;508;18;24902
508;18;1267;508;18;1487
508;18;1487;508;18;1267
508;18;732;508;18;1117
508;18;1117;508;18;732
508;18;1638;508;18;3001
508;18;3001;508;18;1638
508;18;1642;508;18;3006
508;18;3006;508;18;1642
508;18;6831;508;18;6848
508;18;6848;508;18;6831
508;18;6802;508;18;7344
508;18;7344;508;18;6802
508;18;7342;508;18;7345
508;18;7345;508;18;7342
508;18;24593;508;18;24840
508;18;24840;508;18;24593
508;18;1437;508;18;1633
508;18;1633;508;18;1437
508;18;325;508;18;2673
508;18;2673;508;18;325
508;18;1130;508;18;2675
508;18;2675;508;18;1130
508;18;25044;508;18;25078
508;18;25078;508;18;25044
508;18;24724;508;18;25008
508;18;25008;508;18;25079
508;18;25079;508;18;24724
508;18;25083;508;18;25136
508;18;25136;508;18;25083
508;18;24994;508;18;25003
508;18;25003;508;18;24994
508;18;25004;508;18;25032
508;18;25032;508;18;25004
508;18;25007;508;18;25047
508;18;25047;508;18;25007
508;18;480;508;18;1667
508;18;1667;508;18;480
508;18;15060;508;18;24056
508;18;24056;508;18;15060
508;18;12052;508;18;24064
508;18;24064;508;18;12052
508;18;505;508;18;507
508;18;507;508;18;570
508;18;570;508;18;764
508;18;764;508;18;505
508;18;1552;508;18;1556
508;18;1556;508;18;1552
508;18;1554;508;18;1558
508;18;1558;508;18;1554
508;18;493;508;18;495
508;18;495;508;18;493
508;18;496;508;18;1063
508;18;1063;508;18;496
508;18;497;508;18;499
508;18;499;508;18;807
508;18;807;508;18;497
508;18;65;508;18;67
508;18;67;508;18;439
508;18;439;508;18;441
508;18;441;508;18;65
508;18;57;508;18;59
508;18;59;508;18;57
508;18;78;508;18;80
508;18;80;508;18;1800
508;18;1800;508;18;78
508;18;71;508;18;355
508;18;355;508;18;71
508;18;1564;508;18;1566
508;18;1566;508;18;1564
508;18;1560;508;18;1568
508;18;1568;508;18;1560
508;18;1562;508;18;1570
508;18;1570;508;18;1562
508;18;1378;508;18;1622
508;18;1622;508;18;1378
508;18;1512;508;18;1520
508;18;1520;508;18;1512
508;18;1516;508;18;1522
508;18;1522;508;18;1516
508;18;1514;508;18;1518
508;18;1518;508;18;1514
508;18;1546;508;18;1550
508;18;1550;508;18;1546
508;18;1544;508;18;1548
508;18;1548;508;18;1544
508;18;7859;508;18;7864
508;18;7864;508;18;7859
508;18;1574;508;18;1578
508;18;1578;508;18;1574
508;18;1576;508;18;1582
508;18;1582;508;18;1576
508;18;1572;508;18;1580
508;18;1580;508;18;1572
508;18;24430;508;18;24432
508;18;24432;508;18;24430
508;18;24433;508;18;24447
508;18;24447;508;18;24433
508;18;24434;508;18;25103
508;18;25103;508;18;24434
508;18;24751;508;18;24920
508;18;24920;508;18;24751
508;18;24913;508;18;24915
508;18;24915;508;18;24913
508;18;24719;508;18;24917
508;18;24917;508;18;24719
508;18;24728;508;18;24918
508;18;24918;508;18;24728
508;18;1476;508;18;1482
508;18;1482;508;18;1476
508;18;904;508;18;1644
508;18;1644;508;18;904
508;18;736;508;18;3005
508;18;3005;508;18;736
508;18;24694;508;18;24910
508;18;24910;508;18;24694
508;18;24703;508;18;24911
508;18;24911;508;18;24703
508;18;18817;508;18;18853
508;18;18853;508;18;18817
508;18;18854;508;18;18864
508;18;18864;508;18;18854
508;18;18805;508;18;18855
508;18;18855;508;18;18805
508;18;18618;508;18;18627
508;18;18627;508;18;18618
508;18;402;508;18;2118
508;18;2118;508;18;402
508;18;403;508;18;2245
508;18;2245;508;18;403
508;18;24993;508;18;25035
508;18;25035;508;18;24993
508;18;25029;508;18;25038
508;18;25038;508;18;25029
508;18;6823;508;18;6996
508;18;6996;508;18;6823
508;18;6997;508;18;7001
508;18;7001;508;18;6997
508;18;7277;508;18;7313
508;18;7313;508;18;7277
508;18;1142;508;18;2076
508;18;2076;508;18;1142
508;18;1135;508;18;1144
508;18;1144;508;18;1135
508;18;24718;508;18;24894
508;18;24894;508;18;24718
508;18;24720;508;18;24954
508;18;24954;508;18;24720
508;18;7240;508;18;7244
508;18;7244;508;18;7240
508;18;18845;508;18;18867
508;18;18867;508;18;18870
508;18;18870;508;18;18845
508;18;7620;508;18;7622
508;18;7622;508;18;7620
508;18;7707;508;18;7714
508;18;7714;508;18;7707
508;18;1672;508;18;1686
508;18;1686;508;18;1672
508;18;2241;508;18;2244
508;18;2244;508;18;2241
508;18;7402;508;18;7409
508;18;7409;508;18;7659
508;18;7659;508;18;7402
508;18;2599;508;18;2619
508;18;2619;508;18;2599
508;18;18543;508;18;18548
508;18;18548;508;18;18543
508;18;2014;508;18;2016
508;18;2016;508;18;2014
508;18;6933;508;18;6938
508;18;6938;508;18;6933
508;18;3112;508;18;3114
508;18;3114;508;18;3112
508;18;2454;508;18;2458
508;18;2458;508;18;2454
508;18;2877;508;18;2879
508;18;2879;508;18;2877
508;18;24643;508;18;24850
508;18;24850;508;18;24643
508;18;24478;508;18;24852
508;18;24852;508;18;24478
508;18;24644;508;18;24878
508;18;24878;508;18;24644
508;18;24680;508;18;24879
508;18;24879;508;18;24680
508;18;24692;508;18;24883
508;18;24883;508;18;24692
508;18;24479;508;18;24885
508;18;24885;508;18;24479
508;18;24645;508;18;24864
508;18;24864;508;18;24645
508;18;24481;508;18;24866
508;18;24866;508;18;24481
508;18;24682;508;18;24867
508;18;24867;508;18;24682
508;18;24693;508;18;24871
508;18;24871;508;18;24693
508;18;7829;508;18;7849
508;18;7849;508;18;7829
508;18;24577;508;18;24783
508;18;24783;508;18;24577
508;18;24578;508;18;24792
508;18;24792;508;18;24578
508;18;24579;508;18;24801
508;18;24801;508;18;24579
508;18;24580;508;18;24806
508;18;24806;508;18;24580
508;18;25024;508;18;25033
508;18;25033;508;18;25024
508;18;6961;508;18;6973
508;18;6973;508;18;6961
508;18;7831;508;18;7832
508;18;7832;508;18;7831
508;18;2009;508;18;2052
508;18;2052;508;18;2009
508;18;24700;508;18;24702
508;18;24702;508;18;24891
508;18;24891;508;18;24700
508;18;24727;508;18;24895
508;18;24895;508;18;24727
508;18;333;508;18;701
508;18;701;508;18;333
508;18;129;508;18;429
508;18;429;508;18;431
508;18;431;508;18;129
508;18;128;508;18;2692
508;18;2692;508;18;128
508;18;2296;508;18;2346
508;18;2346;508;18;2296
508;18;6867;508;18;6971
508;18;6971;508;18;6867
508;18;6976;508;18;7217
508;18;7217;508;18;6976
508;18;18541;508;18;18578
508;18;18578;508;18;18541
508;18;24628;508;18;24938
508;18;24938;508;18;24628
508;18;24629;508;18;24967
508;18;24967;508;18;24629
508;18;808;508;18;1802
508;18;1802;508;18;808
508;18;362;508;18;2645
508;18;2645;508;18;2958
508;18;2958;508;18;362
508;18;2097;508;18;2105
508;18;2105;508;18;2097
508;18;354;508;18;2099
508;18;2099;508;18;354
508;18;438;508;18;2102
508;18;2102;508;18;438
508;18;24483;508;18;24943
508;18;24943;508;18;24483
508;18;24484;508;18;24971
508;18;24971;508;18;24484
508;18;7314;508;18;7316
508;18;7316;508;18;7314
508;18;2093;508;18;2104
508;18;2104;508;18;2093
508;18;1196;508;18;3003
508;18;3003;508;18;1196
508;18;666;508;18;2299
508;18;2299;508;18;666
508;18;639;508;18;672
508;18;672;508;18;639
508;18;18621;508;18;18635
508;18;18635;508;18;18621
508;18;1670;508;18;1676
508;18;1676;508;18;1670
508;18;6872;508;18;6925
508;18;6925;508;18;6872
508;18;18730;508;18;18741
508;18;18741;508;18;18743
508;18;18743;508;18;18730
508;18;18666;508;18;18744
508;18;18744;508;18;18666
508;18;7210;508;18;7261
508;18;7261;508;18;7210
508;18;6991;508;18;7262
508;18;7262;508;18;6991
508;18;6881;508;18;7215
508;18;7215;508;18;6881
508;18;7096;508;18;7964
508;18;7964;508;18;7096
508;18;6661;508;18;6696
508;18;6696;508;18;6661
508;18;18671;508;18;18696
508;18;18696;508;18;18914
508;18;18914;508;18;18671
508;18;18674;508;18;18738
508;18;18738;508;18;18674
508;18;2923;508;18;2924
508;18;2924;508;18;2923
508;18;968;508;18;2573
508;18;2573;508;18;968
508;18;18670;508;18;18709
508;18;18709;508;18;18670
508;18;18697;508;18;18739
508;18;18739;508;18;18697
508;18;341;508;18;2297
508;18;2297;508;18;2367
508;18;2367;508;18;341
508;18;18669;508;18;18945
508;18;18945;508;18;18669
508;18;18723;508;18;18915
508;18;18915;508;18;18723
508;18;1169;508;18;2575
508;18;2575;508;18;1169
508;18;2960;508;18;2961
508;18;2961;508;18;2960
508;18;329;508;18;2580
508;18;2580;508;18;329
508;18;2442;508;18;2446
508;18;2446;508;18;2442
508;18;2703;508;18;2882
508;18;2882;508;18;2703
508;18;2337;508;18;2701
508;18;2701;508;18;2337
508;18;829;508;18;2341
508;18;2341;508;18;829
508;18;2416;508;18;2706
508;18;2706;508;18;2416
508;18;24417;508;18;24429
508;18;24429;508;18;24417
508;18;18811;508;18;18813
508;18;18813;508;18;18811
508;18;18815;508;18;18842
508;18;18842;508;18;18815
508;18;18810;508;18;18826
508;18;18826;508;18;18810
508;18;18614;508;18;18721
508;18;18721;508;18;18614
508;18;24695;508;18;24947
508;18;24947;508;18;24695
508;18;24696;508;18;24973
508;18;24973;508;18;24696
508;18;2967;508;18;2968
508;18;2968;508;18;2967
508;18;7359;508;18;7464
508;18;7464;508;18;7359
508;18;7456;508;18;7467
508;18;7467;508;18;7456
508;18;7446;508;18;7470
508;18;7470;508;18;7446
508;18;7458;508;18;7471
508;18;7471;508;18;7458
508;18;7447;508;18;7449
508;18;7449;508;18;7453
508;18;7453;508;18;7455
508;18;7455;508;18;7447
508;18;7325;508;18;7476
508;18;7476;508;18;7325
508;18;7324;508;18;7445
508;18;7445;508;18;7324
508;18;2969;508;18;2970
508;18;2970;508;18;2969
508;18;6890;508;18;6894
508;18;6894;508;18;6890
508;18;24538;508;18;24576
508;18;24576;508;18;24538
508;18;1451;508;18;1453
508;18;1453;508;18;1451
508;18;1449;508;18;1617
508;18;1617;508;18;1449
508;18;1727;508;18;1799
508;18;1799;508;18;1727
508;18;1064;508;18;1801
508;18;1801;508;18;1064
508;18;1186;508;18;2571
508;18;2571;508;18;1186
508;18;18510;508;18;18890
508;18;18890;508;18;18510
508;18;1698;508;18;1700
508;18;1700;508;18;1698
508;18;6674;508;18;6676
508;18;6676;508;18;6674
508;18;6660;508;18;6670
508;18;6670;508;18;6660
508;18;18623;508;18;18643
508;18;18643;508;18;18623
508;18;18694;508;18;18717
508;18;18717;508;18;18694
508;18;6801;508;18;7340
508;18;7340;508;18;6801
508;18;1611;508;18;1621
508;18;1621;508;18;1611
508;18;18719;508;18;18763
508;18;18763;508;18;18719
508;18;7131;508;18;7152
508;18;7152;508;18;7131
508;18;3002;508;18;3007
508;18;3007;508;18;3002
508;18;18843;508;18;18862
508;18;18862;508;18;18843
508;18;24595;508;18;24963
508;18;24963;508;18;24595
508;18;24649;508;18;24969
508;18;24969;508;18;24649
508;18;1216;508;18;2972
508;18;2972;508;18;1216
508;18;24648;508;18;24941
508;18;24941;508;18;24648
508;18;24594;508;18;24934
508;18;24934;508;18;24594
508;18;2978;508;18;2979
508;18;2979;508;18;2978
508;18;54052;508;18;57068
508;18;57068;508;18;54052
508;18;6893;508;18;7214
508;18;7214;508;18;6893
508;18;24950;508;18;24952
508;18;24952;508;18;24950
508;18;24729;508;18;24955
508;18;24955;508;18;24729
508;18;208;508;18;2895
508;18;2895;508;18;208
508;18;24731;508;18;24733
508;18;24733;508;18;24731
508;18;7174;508;18;7229
508;18;7229;508;18;7174
