CID;LID;NID;NAME;NCOMMENT
508;1;248829;亚洲;
508;1;248830;中国;
508;1;249788;辽宁省;
508;1;263319;鞍山市;
508;1;263594;朝阳市;
508;1;20511;大连市;
508;1;199290;抚顺市;
508;1;263584;阜新市;
508;1;263557;葫芦岛市;
508;1;263549;锦州市;
508;1;263527;辽阳市;
508;1;263544;盘锦市;
508;1;141471;沈阳市;
508;1;263569;铁岭市;
508;1;263535;营口市;
508;1;141831;Ｇ１０１沈阳段;
508;1;175813;兴光街;
508;1;141755;叶家窝堡;
508;1;141751;郭三线;
508;1;141752;叶苗线;
508;1;141753;秀大线;
508;1;141754;叶元线;
508;1;141771;Ｇ１０２沈阳段;
508;1;141833;Ｘ７２３;
508;1;163716;中央街;
508;1;175706;新蔡线;
508;1;141774;金梁线;
508;1;141725;Ｓ１０６;
508;1;141775;Ｓ３１４;
508;1;140990;Ｇ３０４;
508;1;142136;北环路;
508;1;141770;辽河大街;
508;1;141721;Ｓ１０７;
508;1;141778;四法线;
508;1;141779;李诺线;
508;1;142139;观泉路（榆林大街）;
508;1;142140;裕农路（辉山大街）;
508;1;145956;沈北路（辉山大街）;
508;1;175710;杭州东路;
508;1;140960;沈新路;
508;1;175815;沙岭路;
508;1;140958;洪湖一街;
508;1;175816;七号街;
508;1;144015;沈阳绕城高速公路;
508;1;141841;松花湖街;
508;1;140954;抚仙湖街;
508;1;141238;巢湖街;
508;1;175711;沧海路;
508;1;140957;洪湖二街;
508;1;199342;新华大街;
508;1;199343;临江路西段;
508;1;219737;抚顺城路;
508;1;199440;新城路中段;
508;1;167963;新鲁高速公路;
508;1;175379;辽中环线高速公路;
508;1;146105;长深高速公路;
508;1;141910;新民服务区;
508;1;141313;沈于线;
508;1;175700;沈阳绕城高速公路北段;
508;1;142177;红星路;
508;1;163313;沈哈高速公路;
508;1;146035;丹阜高速公路;
508;1;143738;道义南大街;
508;1;142673;沈新公路;
508;1;175701;沈阳绕城高速公路东段;
508;1;140767;沈丹高速公路;
508;1;132634;沈吉高速公路;
508;1;140717;东陵路;
508;1;141824;沈抚大道;
508;1;175702;沈阳绕城高速公路南段;
508;1;175699;沈海高速公路;
508;1;146017;沈营路;
508;1;141281;沈苏西路;
508;1;175703;沈阳绕城高速公路西段;
508;1;141204;沈辽路;
508;1;153704;京哈高速公路;
508;1;20575;Ｇ２０１大连段;
508;1;21402;前黄线;
508;1;20586;孤山大街;
508;1;21994;小平岛路;
508;1;20584;鹤大线;
508;1;20534;福明线;
508;1;21539;三环大街（迎宾大街）;
508;1;20539;青四线;
508;1;20639;长江路;
508;1;20550;黄河路;
508;1;21881;白银山洞;
508;1;20621;西安路;
508;1;87891;港湾广场;
508;1;20601;万岁街;
508;1;63598;联合路;
508;1;20602;东北路;
508;1;20603;长春路;
508;1;20604;新开路;
508;1;20739;兴业街;
508;1;53230;友好街;
508;1;20710;胜利广场;
508;1;20711;上海路;
508;1;20543;香周路;
508;1;20612;胜利路;
508;1;53154;中山路;
508;1;20629;疏港路;
508;1;20598;高尔基路;
508;1;20605;三元街;
508;1;21890;新希望花园;
508;1;20600;太原街;
508;1;20724;纪念街;
508;1;21885;红枫路;
508;1;87826;碧流河大桥;
508;1;86490;五一路;
508;1;87892;辽渔建设集团混凝土公司;
508;1;21888;关东路;
508;1;21889;汤普森幼儿园;
508;1;87827;砬河路;
508;1;87828;八南线;
508;1;20565;八一路;
508;1;20592;河北线;
508;1;87824;盖亮线;
508;1;87825;杨大线;
508;1;21975;唐南线;
508;1;20532;杨清线;
508;1;20533;皮莲线;
508;1;20545;华东路;
508;1;20623;松江路;
508;1;20546;华北路;
508;1;20624;千山路;
508;1;20625;中华西路;
508;1;20635;风华路;
508;1;20580;黄浦路;
508;1;20594;火炬路;
508;1;263652;凌南路;
508;1;42620;解放路;
508;1;21263;滨海东路;
508;1;20617;滨海中路;
508;1;20728;石葵路;
508;1;20619;昆明街;
508;1;20569;南山路;
508;1;20620;武汉街;
508;1;86491;和平路;
508;1;20564;金兴路;
508;1;199410;西三街;
508;1;199424;西一路;
508;1;20582;金湾路;
508;1;21882;旅顺南路;
508;1;21883;新城大街;
508;1;21884;金川家园;
508;1;21217;张前线;
508;1;20631;东方路;
508;1;20632;玉山路;
508;1;20633;西北路;
508;1;20634;山东路;
508;1;20729;滨海西路;
508;1;65847;会展路;
508;1;21202;凌水路;
508;1;20640;数码路;
508;1;20596;西南路;
508;1;20627;南沙街;
508;1;21891;沿河街;
508;1;20643;铁山西路;
508;1;20560;国防路;
508;1;21978;瑞泽苑广场;
508;1;21209;龙江路;
508;1;20628;西山街;
508;1;20630;海口路;
508;1;20692;周山街;
508;1;20693;促进路;
508;1;21448;香海街;
508;1;87890;中山广场;
508;1;20597;星海广场;
508;1;21966;星辰街;
508;1;20733;珠江路;
508;1;52855;北京街;
508;1;20606;五惠路;
508;1;141175;胜利北街;
508;1;141022;小西路;
508;1;142242;民族北街;
508;1;141183;北二马路;
508;1;142255;同泽北街;
508;1;141036;北四马路;
508;1;141037;北五马路;
508;1;141033;和平北大街;
508;1;142266;八经街;
508;1;141042;北三经街;
508;1;142267;北二经街;
508;1;140751;青年大街;
508;1;151966;杏林街;
508;1;263339;Ｇ２０２;
508;1;263343;汤析线;
508;1;263353;鞍蛤线;
508;1;263340;Ｇ２０２南段;
508;1;263346;四方台路;
508;1;263344;南环线;
508;1;263345;旧堡路;
508;1;263341;Ｇ２０２中段;
508;1;263347;交通路;
508;1;263349;人民路;
508;1;263348;南环;
508;1;263342;Ｇ２０２北段;
508;1;263350;鞍郑路;
508;1;263351;腾达大道;
508;1;263352;大郑台学校;
508;1;20547;Ｇ２０２大连段;
508;1;21377;辽南大街;
508;1;20566;夏金线;
508;1;87832;刘大线（双十路）;
508;1;87833;华北线（国泰路）;
508;1;21911;海皮线（海皮路）;
508;1;22008;小坨子;
508;1;21351;南山路（世纪路中段）;
508;1;20518;红松线;
508;1;20520;瓦交线;
508;1;20572;关李线;
508;1;20521;城八线;
508;1;20573;复红线;
508;1;20524;松沙线;
508;1;20574;南仙线;
508;1;141945;Ｇ２０２沈阳段;
508;1;141731;沈半线;
508;1;141949;大来线;
508;1;263365;大孙线;
508;1;87884;亚细亚度假村;
508;1;63709;龙山路;
508;1;87835;禄马加油站;
508;1;199344;高山路;
508;1;199331;高上线;
508;1;199351;双阳南路;
508;1;199293;葛布北街;
508;1;199339;靖宇街;
508;1;199341;宁远街;
508;1;199355;师范高等专科学校;
508;1;219742;双阳街;
508;1;199350;顺城区长春学校;
508;1;20680;虹城路;
508;1;21904;营城东路;
508;1;87838;姚砬线;
508;1;20557;虹港路;
508;1;20637;迎客路;
508;1;20556;张前路;
508;1;21454;逸林街;
508;1;21993;都市庭院;
508;1;21392;圣林路;
508;1;21361;龙安路;
508;1;21356;东纬路（虹港路）;
508;1;21357;松江路（虹港路）;
508;1;20626;南关岭路;
508;1;20542;东北快速路;
508;1;21897;九三路;
508;1;21225;马栏北街;
508;1;21236;同庆街;
508;1;263404;解放西路;
508;1;263374;建国南路;
508;1;263357;兴盛南路;
508;1;263371;铁西九道街;
508;1;263372;铁西六道街;
508;1;263373;铁西三道街;
508;1;21216;营顺路;
508;1;21365;迎金路;
508;1;21900;旅顺北路;
508;1;87839;小曲线;
508;1;87841;滨海公路（营平路）;
508;1;87814;大盐线;
508;1;219726;前大路;
508;1;199299;前三线;
508;1;199294;沈环北线;
508;1;263648;国奥街;
508;1;87842;东门立交桥;
508;1;21503;民主街;
508;1;21906;金钻路;
508;1;87843;胜星桥;
508;1;21914;茂田巷;
508;1;263407;创业街;
508;1;263384;园林路;
508;1;263383;中华南路;
508;1;20558;姚家路;
508;1;21481;滨海公路;
508;1;20638;南林路;
508;1;21903;营城西路;
508;1;87844;前牧城驿村;
508;1;87830;辛水路;
508;1;21902;营平路;
508;1;21898;启明路;
508;1;199297;Ｇ２０２抚顺段;
508;1;199308;长春屯村;
508;1;219758;玉山息园;
508;1;199301;詹白线;
508;1;219759;石灰窑子;
508;1;219760;土高线;
508;1;199296;铁长线;
508;1;199305;瓦北线;
508;1;199306;北夏线;
508;1;199307;长岭街;
508;1;219761;瓦子窑村;
508;1;263512;Ｇ２０２至泉东一街;
508;1;263399;泉东一街;
508;1;141834;Ｇ２０３沈阳段;
508;1;175825;天王北街;
508;1;153707;Ｘ４６４;
508;1;141741;Ｓ１０５;
508;1;175716;南外环路（边门南街）;
508;1;145963;晓东街（边门街）;
508;1;145964;中心路（中心街）;
508;1;175717;政府路（中心街）;
508;1;141745;修孔线;
508;1;141746;沙北线;
508;1;141747;康辽线;
508;1;142360;沈康高速公路;
508;1;146010;候三家子村;
508;1;175755;康平出口;
508;1;142362;Ｇ２０３;
508;1;175754;樱桃沟村;
508;1;144121;法库服务区;
508;1;168005;平康高速公路;
508;1;141758;Ｇ３０４沈阳段;
508;1;141760;松木堡村;
508;1;141839;城新线;
508;1;141821;浑南中路;
508;1;141761;佟陈线;
508;1;145966;机场路;
508;1;141763;营祝线;
508;1;140997;飞云路;
508;1;153708;汇泉东路;
508;1;140995;孤家子路;
508;1;145967;马三家中街;
508;1;141767;后三线;
508;1;141768;东环路;
508;1;141769;大新线;
508;1;163003;Ｇ１０２;
508;1;141838;天坛南街;
508;1;140926;长青南街;
508;1;141944;天成街;
508;1;140935;朗云街;
508;1;140936;朗日街;
508;1;175836;朗明街;
508;1;199389;千金路;
508;1;199388;新抚路;
508;1;199392;新抚斜路;
508;1;199390;十二道街;
508;1;199391;九道街;
508;1;199372;七道街;
508;1;199373;五道街;
508;1;199374;三道街;
508;1;263458;曙光路;
508;1;263455;双山路;
508;1;263499;太平街;
508;1;263462;龙家街;
508;1;263457;健身路;
508;1;263474;建国东路;
508;1;263465;生产街;
508;1;20587;Ｇ３０５大连段;
508;1;21915;三环大街;
508;1;20591;北土线;
508;1;20590;崔桂线;
508;1;140871;工农路;
508;1;140625;东北大马路;
508;1;140872;观泉路;
508;1;140865;辽沈二街;
508;1;140866;北海街;
508;1;140867;新生二街;
508;1;140868;东辽街;
508;1;140869;东站街;
508;1;140870;东建街;
508;1;20669;辽河中路;
508;1;20647;松岚街;
508;1;20650;湾里街;
508;1;87845;芳源街;
508;1;21916;迎宾大街;
508;1;86466;Ｇ３０５;
508;1;21917;鹤大高速公路;
508;1;163083;文化路;
508;1;140882;南五马路;
508;1;140917;万柳塘路;
508;1;140648;保安寺街;
508;1;141439;三好街;
508;1;140580;五爱街;
508;1;141105;小南街;
508;1;141096;大南街;
508;1;175724;苏黑线;
508;1;263653;青年南大街;
508;1;141464;苏赵线;
508;1;146062;苏家岗子村;
508;1;153757;塔东路;
508;1;143154;新秀街;
508;1;146016;浑南西路;
508;1;146121;三义街;
508;1;133390;中央大街;
508;1;140989;沈辽西路;
508;1;142189;六号街;
508;1;142190;四号街;
508;1;140984;昆明湖街;
508;1;146060;奉达花园别墅;
508;1;140986;燕塞湖街;
508;1;141788;金龙湖街;
508;1;141787;吉力湖街;
508;1;20726;胜利东路;
508;1;21478;山林街;
508;1;20727;友好路;
508;1;221251;Ｓ１０４;
508;1;199334;皇家极地海洋世界;
508;1;199292;高阳路;
508;1;199322;沈通线;
508;1;199336;葛布大桥;
508;1;199356;方北线;
508;1;199357;西葛村;
508;1;199358;葛布前街;
508;1;141372;北四东路;
508;1;141180;兴华北街;
508;1;142228;振工街;
508;1;141181;云峰北街;
508;1;141182;兴工北街;
508;1;140999;Ｓ１０９;
508;1;142157;阳光路;
508;1;153709;绿色阳光食品物流园区;
508;1;141002;沈大公路;
508;1;141003;乔松路;
508;1;142179;Ｓ１０９（微山湖街）;
508;1;141842;开发大路;
508;1;142202;云海路;
508;1;141008;林海路;
508;1;21927;皮长高速公路;
508;1;20519;申复线;
508;1;87822;普兰店服务区;
508;1;21972;兴唐线;
508;1;168119;新梨线;
508;1;151646;中华路;
508;1;141043;十一纬路;
508;1;140659;民族南街;
508;1;140657;同泽南街;
508;1;142249;南宁南街;
508;1;140696;南京北街;
508;1;20699;大盐路;
508;1;20698;源泉路;
508;1;21937;汇泉路;
508;1;87697;振兴路;
508;1;20660;金马路;
508;1;21386;前盐路;
508;1;21933;佳宝路;
508;1;87846;马大线;
508;1;21919;大窑湾疏港路;
508;1;87821;港九路;
508;1;21973;汽车码头出入口;
508;1;21297;黄海中路;
508;1;21362;国泰路;
508;1;263391;鞍千路;
508;1;263386;千山中路;
508;1;263459;深沟路;
508;1;263497;樱山路;
508;1;263498;鞍山市千山法庭;
508;1;263495;越岭路;
508;1;263489;深峪路;
508;1;263392;千山东路;
508;1;263395;Ｓ３１６;
508;1;263393;七调线;
508;1;263394;解放东路;
508;1;199404;安城街;
508;1;219727;临江路东段;
508;1;199437;顺城路;
508;1;219728;新城路东段;
508;1;199443;裕城路;
508;1;142313;安达路;
508;1;146027;绥化东街;
508;1;140749;北站路;
508;1;142305;肇东街;
508;1;199378;安康街;
508;1;199352;东林路;
508;1;219729;浑河南路中段;
508;1;199436;公园五路;
508;1;199435;凤翔路;
508;1;263428;安乐街;
508;1;263423;常青街;
508;1;263409;山南街;
508;1;263429;烈士山街;
508;1;20752;安阳街;
508;1;21239;七七街;
508;1;20714;鲁迅路;
508;1;199320;安泽街;
508;1;199327;古城子路;
508;1;199313;丹东路;
508;1;263366;鞍刘路;
508;1;263480;鞍辽路;
508;1;263453;胜利北路;
508;1;263482;洪海加油站;
508;1;263481;灵山路;
508;1;263368;钢西路;
508;1;263385;西环路;
508;1;263400;鞍隆线;
508;1;263403;小英线;
508;1;263514;鞍千路至齐南街;
508;1;263500;齐南街;
508;1;218553;鞍山路;
508;1;199324;康平街;
508;1;199319;海城街;
508;1;20734;中长街;
508;1;20708;中长东五街;
508;1;263361;鞍腾路;
508;1;263335;沈营线;
508;1;263510;鞍腾路至创业街;
508;1;263402;鞍下线;
508;1;263401;下上线;
508;1;162884;光荣街;
508;1;142273;三纬路;
508;1;142269;十纬路;
508;1;141045;八纬路;
508;1;142271;七纬路;
508;1;87870;中化道达尔加油站;
508;1;20661;金泉路;
508;1;142291;八王寺街;
508;1;140700;天后宫路;
508;1;142292;甘泉路;
508;1;142270;北一经街;
508;1;142308;白龙江街;
508;1;141299;宁山东路;
508;1;142314;燕山路;
508;1;175730;白山东路;
508;1;140542;黄河北大街;
508;1;140543;陵北街;
508;1;141410;白山路;
508;1;175751;丁香湖路;
508;1;140539;西江街;
508;1;153711;怒江北街;
508;1;140541;长江北街;
508;1;65166;莲花山路;
508;1;86661;长兴街;
508;1;20730;五四路;
508;1;140830;白塔路;
508;1;141060;广宜街;
508;1;141062;德增街;
508;1;141061;小北街;
508;1;142290;大北街;
508;1;21247;白玉街;
508;1;21246;玉光街;
508;1;20608;延安路;
508;1;21248;解放街;
508;1;142327;百花山路;
508;1;142329;蔷薇河街;
508;1;263331;保安路;
508;1;262079;沈大高速公路;
508;1;263355;新城路;
508;1;140676;保工北街;
508;1;140677;建设中路;
508;1;140681;塔湾街;
508;1;140678;北四中路;
508;1;140679;北三中路;
508;1;140680;北二中路;
508;1;141192;保工南街;
508;1;141193;沈辽中路;
508;1;141194;南十三路;
508;1;141195;南十一路;
508;1;141196;南八中路;
508;1;141197;南六中路;
508;1;142272;北八马路;
508;1;141047;市府大路;
508;1;141039;北九马路;
508;1;140861;北边城路;
508;1;142345;双拥路;
508;1;140858;大北关街;
508;1;141252;小什字街;
508;1;21494;北斗街;
508;1;21492;职工街;
508;1;20715;五五路;
508;1;20712;港湾街;
508;1;21495;荣民街;
508;1;21496;荣泰街;
508;1;141179;北二东路;
508;1;142274;二纬路;
508;1;142265;南宁北街;
508;1;141218;北二西路;
508;1;144131;四十八巷;
508;1;141221;卫工北街;
508;1;140537;重工北街;
508;1;263650;重工北街４０巷;
508;1;141220;肇工北街;
508;1;141225;景星北街;
508;1;21473;北岗街;
508;1;20740;双兴街;
508;1;21244;兆麟街;
508;1;140627;珠林路;
508;1;140621;望花南街;
508;1;153817;沈阳仪表科学研究院;
508;1;153813;吉祥一路;
508;1;140623;合作街;
508;1;140622;机校街;
508;1;142215;北滑翔路;
508;1;141209;腾飞一街;
508;1;141211;凌空一街;
508;1;141210;凌空二街;
508;1;20744;水仙街;
508;1;20742;民政街;
508;1;21235;民权街;
508;1;140748;北陵大街;
508;1;263656;青年北大街;
508;1;140744;泰山路;
508;1;140745;崇山中路;
508;1;142219;北三东路;
508;1;141026;南三经街;
508;1;141044;九纬路;
508;1;140750;哈尔滨路;
508;1;141048;铁岭路;
508;1;140532;北三西路;
508;1;142212;齐贤北街;
508;1;142213;兴顺街;
508;1;21502;北山路;
508;1;141059;北顺城路;
508;1;141095;朝阳街;
508;1;142247;太原北街;
508;1;141353;北四西路;
508;1;140615;北塔街;
508;1;142162;柳条湖街;
508;1;140611;崇山东路;
508;1;153809;护国法轮寺;
508;1;199353;北台五街;
508;1;243335;永安路;
508;1;199427;永宁街;
508;1;199426;北台一街;
508;1;199421;南台五街;
508;1;199354;东一路;
508;1;21548;北羊线;
508;1;21922;羊革线;
508;1;140689;北一东路;
508;1;175762;颂工街;
508;1;175767;北一东路北侧;
508;1;175768;北一东路北侧兴工北街出口匝道;
508;1;140682;北一西路;
508;1;141215;丹霍公路;
508;1;140684;北一中路;
508;1;142229;沈阳路航工程技术学校;
508;1;141853;十九巷;
508;1;141295;敬宾街;
508;1;199314;北镇街;
508;1;199325;锦州路;
508;1;219735;雷锋路西段;
508;1;142289;北中街路;
508;1;141076;正阳街;
508;1;20665;本溪街;
508;1;20649;黄海西路;
508;1;142257;滨堤路;
508;1;141282;胜利南街;
508;1;153716;南堤西路;
508;1;140781;南京南街;
508;1;141440;长白东路;
508;1;21267;滨海北路;
508;1;21266;华乐街;
508;1;21268;海之韵公园;
508;1;21264;虎滩路;
508;1;21270;滨海路;
508;1;87847;姜家沟;
508;1;21424;北甸子;
508;1;87855;港兴西街（滨海旅游路）;
508;1;87853;九龙湾国际饭店;
508;1;87849;滨海旅游路;
508;1;20664;辽河西路;
508;1;219751;滨河路;
508;1;219752;抚顺市四方高中;
508;1;219762;河夹心村;
508;1;219763;滨河路至沿滨路;
508;1;219738;沿滨路;
508;1;141113;彩塔街;
508;1;141028;西滨河路;
508;1;141091;文艺路;
508;1;153776;彩霞街;
508;1;141454;新隆街;
508;1;21463;彩云路;
508;1;21462;绕山路;
508;1;20703;菜市街;
508;1;20738;建设街;
508;1;140704;草仓路;
508;1;141254;东边城街;
508;1;175799;草仓路南侧;
508;1;175803;草仓路南侧珠林路出口匝道;
508;1;199316;昌图街;
508;1;219764;玫瑰广场;
508;1;219730;雷锋路东段;
508;1;199381;营口路;
508;1;141242;长安路;
508;1;141243;滂江街;
508;1;141248;凌云街;
508;1;141244;凯翔一街;
508;1;141245;凯翔三街;
508;1;141246;小河沿路;
508;1;141247;东塔街;
508;1;153747;长白西路;
508;1;141793;长白西三街;
508;1;199401;长春街;
508;1;263420;长大街;
508;1;263526;康宁街;
508;1;153790;黄河南大街１１２巷;
508;1;142334;赤山路;
508;1;141408;陵西街;
508;1;141409;香炉山路;
508;1;175727;松山西路;
508;1;21256;长江东路;
508;1;21479;华乐环海花园;
508;1;21255;大众街;
508;1;141411;长江街;
508;1;141412;昆山中路;
508;1;141413;宁山中路;
508;1;141151;长江南街;
508;1;229097;华山路;
508;1;140916;长青街;
508;1;140573;沈水东路;
508;1;140924;文萃路;
508;1;140923;长青路;
508;1;145975;方青北路;
508;1;140921;文化东路;
508;1;140920;方家栏路;
508;1;140919;泉园二路;
508;1;140918;泉园一路;
508;1;142349;恒达路;
508;1;141858;东黄泥坎村;
508;1;140928;南堤东路;
508;1;263595;长深高速公路朝阳段;
508;1;263596;三十家子服务区;
508;1;263586;马友营服务区;
508;1;263597;三十家子东收费站;
508;1;263598;老宽线;
508;1;263599;凌源收费站;
508;1;263600;牛河梁服务区;
508;1;263601;小叶线;
508;1;263602;建三线;
508;1;263603;杨树湾收费站;
508;1;263604;朝阳服务区;
508;1;263547;丹锡高速公路;
508;1;263605;锦赤线;
508;1;263606;朝阳北收费站;
508;1;263607;桃花吐服务区;
508;1;263608;凉三线;
508;1;263609;马友营收费站;
508;1;263585;长深高速公路阜新段;
508;1;175814;Ｇ１０１;
508;1;263555;阜锦高速公路;
508;1;263588;海同线;
508;1;263589;阜新服务区;
508;1;263590;Ｓ２０４;
508;1;263591;那四服务区;
508;1;263592;务泡线;
508;1;263593;彰武收费站;
508;1;146123;长深高速公路沈阳段;
508;1;146124;彰武服务区;
508;1;142357;包家屯出入口;
508;1;142358;法张线;
508;1;142359;康平服务区;
508;1;221004;彰桓线;
508;1;21234;长生街;
508;1;21229;成仁街;
508;1;263614;长兴街（鞍山市）;
508;1;263487;鞍山市华夏社会福利院;
508;1;263486;大石街;
508;1;263425;湖南街;
508;1;263410;新营路;
508;1;263483;绿化街;
508;1;263422;工人街;
508;1;21965;畅通街;
508;1;141097;盛京路;
508;1;20720;中南路;
508;1;20718;大安街;
508;1;20717;春德街;
508;1;21476;晨光街;
508;1;21477;一二九街;
508;1;87859;刘长春小学;
508;1;21228;永平街;
508;1;263367;城昂街;
508;1;142165;城东湖街;
508;1;140991;浑河大街;
508;1;142166;仙女河路;
508;1;142230;细河南路;
508;1;142193;汪河路;
508;1;20663;赤峰街;
508;1;20644;淮河西路;
508;1;140613;黑龙江街;
508;1;140614;辽河街;
508;1;140616;陵园街;
508;1;140618;鸭绿江东街;
508;1;140600;崇山西路;
508;1;140602;汾河街;
508;1;140603;淮河街;
508;1;140604;延河街;
508;1;142304;金沙江街;
508;1;142309;嫩江街;
508;1;20683;川岭路;
508;1;20753;风景街;
508;1;20755;春华街;
508;1;20754;捷胜街;
508;1;20716;春海街;
508;1;87811;春园里;
508;1;20622;东纬路;
508;1;140862;临河路;
508;1;140860;中学堂路;
508;1;141249;大东路;
508;1;141250;东顺城街;
508;1;141251;大什字街;
508;1;141253;银元街;
508;1;21508;大连汽车码头公司;
508;1;21949;大窑湾疏港路东侧;
508;1;21948;大窑湾疏港路东侧大连汽车码头公司入口匝道;
508;1;21531;大连汽车码头公司北侧;
508;1;21953;大窑湾疏港路大连汽车码头公司北侧入口匝道;
508;1;21954;大窑湾疏港路东侧大连汽车码头公司北侧入口匝道;
508;1;263405;大陆街;
508;1;263414;陶西街;
508;1;263364;兴盛路;
508;1;141094;南顺城路;
508;1;141090;东滨河路;
508;1;145976;大南街勒石巷;
508;1;141093;热闹路;
508;1;140637;万泉街;
508;1;141066;小东路;
508;1;141063;津桥路;
508;1;263427;通营路;
508;1;263426;石东街;
508;1;263369;后台;
508;1;263370;大阳气村;
508;1;142201;大通湖街;
508;1;146053;细河路;
508;1;21233;大同街;
508;1;20745;黄河街;
508;1;263362;大西街;
508;1;263332;千山西路;
508;1;263412;永乐街;
508;1;141806;大西路;
508;1;140832;西顺城街;
508;1;141015;奉天街;
508;1;21444;海北路;
508;1;21947;大窑湾疏港路大连汽车码头公司北侧出口匝道;
508;1;21946;大窑湾疏港路西侧;
508;1;21951;大窑湾疏港路西侧大连汽车码头公司出口匝道;
508;1;21950;大窑湾疏港路西侧大连汽车码头公司北侧出口匝道;
508;1;21945;大窑湾疏港路西侧辽河中路出口匝道;
508;1;21254;丹东街;
508;1;199315;望花大街;
508;1;199317;台安街;
508;1;199318;盖县街;
508;1;199365;丹凤街;
508;1;175759;丹阜高速公路沈阳段北段;
508;1;175753;沈北西路;
508;1;175760;丹阜高速公路沈阳段南段;
508;1;163727;小小线;
508;1;142171;刘千户服务区;
508;1;263644;丹锡高速公路鞍山段;
508;1;263327;Ｓ３２２;
508;1;175811;道义北大街;
508;1;175807;蒲南路;
508;1;175810;永丰路;
508;1;141265;平望线;
508;1;144051;沈阳绕城高速公路外圈;
508;1;144064;沈阳绕城高速公路外圈道义南大街入口匝道;
508;1;175808;明德路;
508;1;175809;沈北路;
508;1;141888;地坛街;
508;1;140631;善邻路;
508;1;142344;和睦路;
508;1;141815;丁香街;
508;1;142232;南营村;
508;1;142233;枫杨路;
508;1;141277;雪松路;
508;1;20544;东北北路;
508;1;21278;东北快速路西侧;
508;1;21279;东北快速路西侧东北北路上匝道;
508;1;21447;东海路;
508;1;20646;东北大街;
508;1;20666;黄海西四路;
508;1;153719;东北大马路茂东巷;
508;1;21276;东北快速路东侧海口路出口匝道;
508;1;21274;东北快速路东侧;
508;1;21281;东北快速路东侧中华路出口匝道;
508;1;21280;东北快速路西侧东北北路下匝道;
508;1;21286;中华路北侧;
508;1;21290;东北快速路西侧中华路北侧出口匝道;
508;1;21288;中华路南侧;
508;1;21291;东北快速路西侧中华路南侧出口匝道;
508;1;21509;东北六街;
508;1;21294;黄海西三路;
508;1;20668;东北四街;
508;1;145994;文艺路顺发巷;
508;1;153808;海祺国学幼儿园;
508;1;142279;南乐郊路;
508;1;21440;文体街;
508;1;21998;椒北路;
508;1;20701;工兴路;
508;1;20702;甘南路;
508;1;199413;东富平路;
508;1;199414;迎宾街南段;
508;1;140810;东机街;
508;1;140808;望花北街;
508;1;142341;正新路;
508;1;142129;东李线;
508;1;153810;中海纸业;
508;1;141825;孤石线;
508;1;144115;汪家北村;
508;1;199289;顺大街;
508;1;199467;顺大街北段;
508;1;21401;东联路;
508;1;21519;东联路东侧;
508;1;21528;松江路南侧;
508;1;21530;东联路东侧松江路南侧出口匝道;
508;1;21521;东联路西侧;
508;1;21526;东联路西侧华北路出口匝道;
508;1;21522;东联路西侧西安路出口匝道;
508;1;140709;锦园路;
508;1;199434;略阳街;
508;1;199433;公园街;
508;1;144100;沈阳绕城高速公路东陵路入口匝道;
508;1;144053;沈阳绕城高速公路内圈;
508;1;144099;沈阳绕城高速公路内圈东陵路入口匝道;
508;1;144101;沈阳绕城高速公路外圈东陵路入口匝道;
508;1;140718;东陵西路;
508;1;145978;东高线;
508;1;140719;高官台街;
508;1;146046;沈阳沈海服务站;
508;1;140721;榆树屯街;
508;1;140722;沈北东路;
508;1;140713;新东一街;
508;1;141256;东贸路;
508;1;140714;新东三街;
508;1;140715;联盛南巷;
508;1;142154;东平湖街;
508;1;141237;沈大路;
508;1;142198;沈胡路;
508;1;199416;东七路;
508;1;199420;东三街;
508;1;199415;东十路;
508;1;199406;粮栈路;
508;1;263442;东山街;
508;1;263515;鑫源居（鞍山）;
508;1;263444;东宾街;
508;1;263378;铁东二道街;
508;1;263434;铁东三道街;
508;1;263381;铁东五道街;
508;1;263387;胜利南路;
508;1;21500;东山路;
508;1;21501;金水路;
508;1;141070;金觉寺街;
508;1;141071;沈阳路;
508;1;141314;东望街;
508;1;142164;沈闫线;
508;1;175728;考场街;
508;1;146047;沈平公路;
508;1;140556;沈铁路;
508;1;21449;敦煌南街;
508;1;21471;沙跃街;
508;1;142275;北市一街;
508;1;153720;北一经小学;
508;1;263440;二一九路;
508;1;263416;繁荣街;
508;1;263417;新希望双语艺术幼儿园;
508;1;263415;铁西一道街;
508;1;146126;方凌路;
508;1;142281;江东街;
508;1;142293;方明街;
508;1;87869;金源南路;
508;1;141011;飞翔路;
508;1;141208;腾飞二街;
508;1;141865;金辉街;
508;1;141396;昆山西路;
508;1;146049;虹桥中学;
508;1;141398;太白山路;
508;1;21425;汇泉街;
508;1;140837;风雨坛街;
508;1;141084;南关路;
508;1;140841;北翰林路;
508;1;140839;万寿寺街;
508;1;141819;牡丹街;
508;1;141817;迎春街;
508;1;141018;广昌路;
508;1;141019;沈州路;
508;1;141020;药王庙路;
508;1;141021;望云寺路;
508;1;141023;清真路;
508;1;21241;福德街;
508;1;21237;宏济街;
508;1;21970;福寿街;
508;1;21250;世纪街;
508;1;199438;新城四路;
508;1;199397;站东街;
508;1;199398;汪清街;
508;1;199400;珲春街;
508;1;21467;抚顺街;
508;1;140774;抚顺路;
508;1;146026;北市二街;
508;1;146025;延边街;
508;1;141807;阜新二街;
508;1;175776;哈尔滨路南侧;
508;1;175778;哈尔滨路南侧阜新二街入口匝道;
508;1;141041;皇寺路;
508;1;21967;富工街;
508;1;21969;富工街至五一路;
508;1;87810;富静街;
508;1;141444;富民街;
508;1;141445;富民南街;
508;1;141446;沈水路;
508;1;21226;富民路;
508;1;175830;富民桥;
508;1;141863;浑南三路;
508;1;199382;辽阳路;
508;1;21227;盖州街;
508;1;20735;泉涌街;
508;1;21434;甘北路;
508;1;21442;山明街;
508;1;21436;甘井子路;
508;1;21437;山中街;
508;1;21930;山花街;
508;1;87862;石南街;
508;1;140702;取意街;
508;1;263445;钢城街;
508;1;263446;正义街;
508;1;263463;衡业街;
508;1;87857;港顺大街;
508;1;87856;振鹏南路;
508;1;87858;海鲇线（滨海公路）;
508;1;20737;育才街;
508;1;87861;港五路;
508;1;21298;海鲇线;
508;1;87881;港二路;
508;1;87860;港五路至大窑湾疏港路;
508;1;87851;港兴西街;
508;1;87850;振鹏中路;
508;1;140720;新立堡东街;
508;1;219765;和平新苑小区;
508;1;199332;抚顺市建筑工业学校;
508;1;141390;高远路;
508;1;141389;世纪路;
508;1;146050;新民街;
508;1;263433;工农街;
508;1;263435;前进路;
508;1;263436;铁东六道街;
508;1;263424;工人东街;
508;1;175729;公和立交桥;
508;1;199328;五老街;
508;1;141866;北大营街;
508;1;142280;管城二街;
508;1;263451;光明街;
508;1;263452;建国北路;
508;1;263454;中华北路;
508;1;263448;团结街;
508;1;140652;振兴街;
508;1;141029;十四纬路;
508;1;140900;十三纬路;
508;1;263616;光荣街（鞍山市）;
508;1;263431;民生东路;
508;1;263390;广场西路;
508;1;21198;广贤路;
508;1;21206;七贤路;
508;1;21207;学子街;
508;1;142199;广业西路;
508;1;144067;沈阳绕城高速公路广业西路入口匝道;
508;1;144071;沈阳绕城高速公路内圈广业西路入口匝道;
508;1;144070;沈阳绕城高速公路外圈广业西路入口匝道;
508;1;140829;小北关街;
508;1;175769;西塔街西侧;
508;1;175773;哈尔滨路西塔街西侧出口匝道;
508;1;144116;安图社区;
508;1;21293;辽宁街;
508;1;175782;哈尔滨路北侧;
508;1;175784;绥化东街西侧;
508;1;175785;哈尔滨路北侧绥化东街西侧出口匝道;
508;1;153802;哈尔滨路辅路;
508;1;142248;西塔街;
508;1;21443;海燕街;
508;1;21445;西山市场;
508;1;21446;海北路至大盐路;
508;1;21277;东北快速路东侧海口路入口匝道;
508;1;21438;海茂路;
508;1;263647;矿石路;
508;1;175822;杭州路;
508;1;175817;虎石台北大街;
508;1;141738;杭州西路;
508;1;175828;银河街;
508;1;140818;上园路;
508;1;146032;和睦北一路;
508;1;142354;黎明五街;
508;1;142346;大东区教师花园;
508;1;141038;北六马路;
508;1;21498;斯大林路;
508;1;263621;和平路（鞍山市）;
508;1;140873;和平南大街;
508;1;140875;砂阳路;
508;1;140876;南十马路;
508;1;140877;南九马路;
508;1;140878;南八马路;
508;1;140879;南七马路;
508;1;140880;和平南大街中兴五巷;
508;1;140786;民主路;
508;1;140883;吉林路;
508;1;140884;南一马路;
508;1;142264;和平南大街中兴二巷;
508;1;140881;新华路;
508;1;140653;中兴街;
508;1;20648;淮河中路;
508;1;21295;铁山中路;
508;1;21383;大连大学;
508;1;21384;董姜线;
508;1;21212;河川街;
508;1;21999;大连格致中学;
508;1;21211;南平街;
508;1;20656;赫山西路;
508;1;20645;拥军路;
508;1;21926;鹤大高速公路大连段;
508;1;20541;大孤山服务区;
508;1;87817;大树村;
508;1;20529;董大线;
508;1;87818;登沙河收费站;
508;1;87819;台杏线;
508;1;21546;皮口服务区;
508;1;21381;明阳收费站;
508;1;87820;花园口收费站;
508;1;21382;大郑收费站;
508;1;87816;庄河服务区;
508;1;21928;庄岫路;
508;1;21929;高丁线;
508;1;20540;栗石线;
508;1;141297;昆山东路;
508;1;141298;巴山路;
508;1;263506;衡业街至灵山路;
508;1;141012;红粉路;
508;1;141206;路官一街;
508;1;141010;艳华街;
508;1;140971;艳欣街;
508;1;142227;艳粉街;
508;1;20688;红凌路;
508;1;20689;宏业街;
508;1;21205;软件园路;
508;1;20686;红旗东路;
508;1;20685;红旗中路;
508;1;21201;红旗西路;
508;1;175827;红兴路;
508;1;175826;北兴线;
508;1;21451;虹锦路;
508;1;21934;哲林街;
508;1;142220;虹桥路;
508;1;142312;闽江街;
508;1;142295;霁虹街;
508;1;21393;虹霞路;
508;1;21423;虹雨路;
508;1;263490;营城路;
508;1;263389;深营路;
508;1;175818;虎石台南大街;
508;1;175823;崔二线;
508;1;175824;常州路;
508;1;142340;文东街;
508;1;175819;朱尔村;
508;1;175820;建设北三路;
508;1;175821;建设北一路;
508;1;20721;迎宾路;
508;1;21991;华北路北侧;
508;1;21992;东联路华北路北侧入口匝道;
508;1;21524;华北路东侧;
508;1;21985;东联路华北路东侧入口匝道;
508;1;22010;华东路辅路;
508;1;87863;中甘线;
508;1;21989;华东路西侧;
508;1;21990;东联路华东路西侧入口匝道;
508;1;199386;永济路;
508;1;140540;怒江街;
508;1;141159;新安江街;
508;1;141160;大渡河街;
508;1;141802;滑翔路;
508;1;21877;淮河东路;
508;1;87866;黄海大道加油站;
508;1;87864;大地街;
508;1;87865;国际电网董家沟供电营业所;
508;1;153721;岐山西路;
508;1;146110;淮河街至延河街;
508;1;153780;淮河南街;
508;1;153781;景山路;
508;1;141236;黄海路;
508;1;146004;金湖街;
508;1;141241;南十西路;
508;1;153725;西湖街;
508;1;141239;太湖街;
508;1;141240;洪湖街;
508;1;21394;新桥街;
508;1;21952;黄海中路至大窑湾疏港路;
508;1;144066;沈阳绕城高速公路内圈黄河北大街入口匝道;
508;1;142325;松山路;
508;1;140731;芙蓉山路;
508;1;140729;万山路;
508;1;175747;文大路;
508;1;140736;黄河南大街;
508;1;175731;龙山路（黄河北大街）;
508;1;146023;辉山西路;
508;1;146024;包道小学;
508;1;146034;辉山西路至陵北街;
508;1;21938;响泉街;
508;1;141813;雪莲街;
508;1;140584;沈苏快速干道;
508;1;20691;星河街;
508;1;142315;惠宾街;
508;1;141119;惠工街;
508;1;153791;惠工东一街;
508;1;142282;南山东堡路;
508;1;141056;泽工南巷;
508;1;175786;惠工街西侧;
508;1;175788;天后宫路惠工街西侧入口匝道;
508;1;263657;惠工街至青年北大街;
508;1;219739;浑河南路东段;
508;1;219736;金城街;
508;1;219744;抚顺市东洲区交警大队;
508;1;199369;绥化路;
508;1;219766;永济街;
508;1;199370;葛布大桥西侧;
508;1;199371;葛布大桥东侧;
508;1;199375;一道街;
508;1;199362;武功街;
508;1;199363;将军桥;
508;1;199376;永安桥;
508;1;199377;新华桥;
508;1;199366;长春桥;
508;1;199309;浑河南路;
508;1;142187;浑南东路;
508;1;175738;古张公路;
508;1;145985;文汇街;
508;1;175737;张施公路;
508;1;142347;鑫园路;
508;1;21397;望贤街;
508;1;146031;老瓜堡西路;
508;1;140889;四平街;
508;1;263456;集贤街;
508;1;263460;自由街;
508;1;141145;嘉陵江街;
508;1;153729;岐山中路;
508;1;263472;通山街;
508;1;263473;立山街;
508;1;263475;劳动路;
508;1;263466;奖工街;
508;1;263471;鞍山同济女子医院;
508;1;263437;站前街;
508;1;263521;建国南路至铁东二道街;
508;1;140661;建设东路;
508;1;140664;云峰南街;
508;1;140663;兴工南街;
508;1;20741;兴建街;
508;1;140671;建设西路;
508;1;142205;建业路;
508;1;146054;东湖农贸大厅;
508;1;141343;肇工南街;
508;1;141341;强工二街;
508;1;140674;重工南街;
508;1;263464;孟深街;
508;1;142353;万莲路;
508;1;199338;将军街;
508;1;199429;延吉路;
508;1;199428;梅河路;
508;1;199335;新城路西段;
508;1;263363;民生西路;
508;1;22000;大连市中山区解放小学;
508;1;87882;金东路;
508;1;21504;金华路;
508;1;153782;远航中路;
508;1;153783;金科街;
508;1;153787;五里河斜路;
508;1;140803;金钱松东路;
508;1;175804;雪莲街（金钱松中路）;
508;1;142231;绿岛学校;
508;1;21499;双丰路;
508;1;140547;金山路;
508;1;140550;鸭绿江街;
508;1;20672;金石路;
508;1;20671;数字３路;
508;1;21369;青石路;
508;1;20673;西甸;
508;1;87871;龙山街南;
508;1;21940;金石路至鹤大高速公路;
508;1;87872;黄河大道加油站;
508;1;21220;锦石路;
508;1;21221;新生路;
508;1;21218;锦绣路;
508;1;21459;锦文街;
508;1;21460;石桥街;
508;1;21219;锦霞街;
508;1;20679;南松路;
508;1;263642;京哈高速公路鞍山段;
508;1;263321;Ｓ２１０;
508;1;263322;胜利西路;
508;1;263558;京哈高速公路葫芦岛段;
508;1;263559;浙江北路;
508;1;263551;王东线;
508;1;263560;万家服务区;
508;1;263561;前卫收费站;
508;1;263562;绥中服务区;
508;1;263563;沙上线;
508;1;263564;兴城服务区;
508;1;263565;兴西线;
508;1;263566;葫芦岛收费站;
508;1;263567;岛东线;
508;1;263568;塔山服务区;
508;1;263550;京哈高速公路锦州段;
508;1;263546;大锦线;
508;1;263552;渤海大道;
508;1;263553;Ｓ２０９;
508;1;263554;凌海服务区;
508;1;263556;兴闫线;
508;1;263545;京哈高速公路盘锦段;
508;1;263548;盘锦服务区;
508;1;153796;京哈高速公路沈阳段;
508;1;142168;辽中服务区;
508;1;146055;商业街;
508;1;141729;四小线;
508;1;141730;潘乌线;
508;1;219732;经三街;
508;1;141333;景星南街;
508;1;141335;南十中路;
508;1;141337;南七中路;
508;1;140822;小北关街２０２号巷;
508;1;219750;延吉南路;
508;1;263356;旧腾路;
508;1;142195;十三号街;
508;1;220552;沈抚公路;
508;1;263494;科技路;
508;1;263496;广场东路;
508;1;20618;葵丰路;
508;1;21941;东山巷;
508;1;21942;葵英街;
508;1;142287;魁星楼路;
508;1;141140;松花江东街;
508;1;141365;向工街;
508;1;153736;昆山西路１０４巷;
508;1;153798;兰州南街;
508;1;140784;南二马路;
508;1;21943;岚岭路;
508;1;141203;揽军路;
508;1;140964;沈新东路;
508;1;141205;路官二街;
508;1;145989;文兴路;
508;1;142342;民强三街;
508;1;263622;劳动路（鞍山市）;
508;1;263479;沙河街;
508;1;175763;老道口桥;
508;1;219767;福山陵园;
508;1;21210;连山街;
508;1;21466;连胜街;
508;1;20746;同泰街;
508;1;219749;粮栈三街;
508;1;199405;裕民路;
508;1;20670;辽河东路;
508;1;153731;岐山东路;
508;1;263649;海滨旅游路;
508;1;21944;大窑湾疏港路东侧辽河中路入口匝道;
508;1;145968;辽中环线高速公路沈阳段;
508;1;142368;沈环线;
508;1;145970;柳河服务区;
508;1;175756;满都户互通;
508;1;142367;辽中南服务区;
508;1;175757;辽中南互通;
508;1;199402;隆城街;
508;1;199403;盛城街;
508;1;199395;雷锋体育场;
508;1;199340;柳河街;
508;1;263504;红光村;
508;1;142214;南滑翔路;
508;1;141352;沈辽东路;
508;1;21203;凌水水库;
508;1;142333;沈阳医学院;
508;1;144111;桃山南路;
508;1;142332;阳山路;
508;1;141415;陵东街;
508;1;141417;银山路;
508;1;145974;陵西街近河巷;
508;1;141913;令闻街;
508;1;141133;团结路;
508;1;142196;五号路;
508;1;21431;龙华路;
508;1;21432;二道沟;
508;1;87875;龙华路至振兴路;
508;1;263461;自由街隧道;
508;1;87808;绿波路;
508;1;263484;绿化路;
508;1;263485;槐香路;
508;1;21223;前景街;
508;1;87880;马栏南街;
508;1;153732;梅江北街;
508;1;153733;文储路;
508;1;142337;梅江街;
508;1;263523;孟南街至建国东路;
508;1;263522;孟南街;
508;1;22002;东北路西侧;
508;1;21292;东北路东侧;
508;1;21251;民生街;
508;1;21253;新生街;
508;1;21252;同兴街;
508;1;263467;厂南街;
508;1;21232;民运街;
508;1;141377;太原南街;
508;1;140785;南三马路;
508;1;140691;珠江街;
508;1;146056;沙柳路;
508;1;141190;南八东路;
508;1;141351;兴华南街;
508;1;142256;宁波路;
508;1;142254;天津南街;
508;1;145993;三亚街;
508;1;142268;南八马路辅路;
508;1;142207;南八西路;
508;1;141344;卫工南街;
508;1;142206;启工街;
508;1;142209;齐贤南街;
508;1;199345;南昌路;
508;1;199346;盘南路;
508;1;199349;南阳路;
508;1;199347;抚清线;
508;1;199348;平山街;
508;1;153718;南堤中路;
508;1;175831;江南国际高尔夫俱乐部（沈阳）;
508;1;175734;五爱隧道;
508;1;140895;南二经街;
508;1;263396;南环线北段;
508;1;263398;双台子村;
508;1;263397;南环线南段;
508;1;140776;北七马路;
508;1;140773;总站路;
508;1;175739;会展路（沈苏快速干道）;
508;1;146015;银杏路;
508;1;153743;红椿路;
508;1;175740;王士屯村;
508;1;140798;前榆路;
508;1;140797;夹河路;
508;1;141884;南十一马路;
508;1;140788;南六马路;
508;1;142216;南九东路;
508;1;141233;南九西路;
508;1;142211;南九中路;
508;1;142218;南六东路;
508;1;153799;南六路;
508;1;153800;富工五街;
508;1;142208;南六西路;
508;1;153806;大润发汽车停车场;
508;1;142217;南七东路;
508;1;141234;南七西路;
508;1;153815;花苑小区;
508;1;142283;南山东堡路山东堡四巷;
508;1;87812;南山隧道;
508;1;141350;南十东路;
508;1;142210;南十二路;
508;1;141231;南十二西路;
508;1;142204;壮工街;
508;1;141162;砂川街;
508;1;140893;南四经街;
508;1;142263;南塔街;
508;1;142278;南塔西街;
508;1;199418;南台二路;
508;1;219741;迎宾西街;
508;1;199422;永安五街;
508;1;219768;南台三路;
508;1;140891;南五经街;
508;1;142276;十五纬路;
508;1;146058;方型广场;
508;1;144120;南阳湖街;
508;1;142203;青海西路;
508;1;199417;南阳一街;
508;1;141432;松花江街;
508;1;141402;宁山西路;
508;1;142300;天山路;
508;1;140633;航空西路;
508;1;175832;龙之梦购物中心（沈阳）;
508;1;263418;平安街;
508;1;263517;师院街;
508;1;263580;平康高速公路铁岭段;
508;1;263581;宝力服务区;
508;1;263582;四面城收费站;
508;1;263583;鴜鹭树收费站;
508;1;199394;中和路;
508;1;263503;鞍山市第三轧钢厂;
508;1;175812;七星大街;
508;1;153805;尹石线;
508;1;263502;张家堡村;
508;1;263501;梨花峪村卫生所;
508;1;87815;水西线;
508;1;142320;青山机电装备研究所;
508;1;263625;千山西路（鞍山市）;
508;1;263388;玉佛山隧道;
508;1;21222;前程街;
508;1;21224;大连市甘井子区知远小学;
508;1;142238;山茶街;
508;1;263654;浑河大桥;
508;1;140582;文安路;
508;1;140762;文体路;
508;1;263441;青年街;
508;1;263379;铁东四道街;
508;1;175794;取意街西侧;
508;1;175792;天后宫路北侧;
508;1;175795;天后宫路北侧取意街西侧入口匝道;
508;1;21465;如意街;
508;1;153737;沈阳吃街;
508;1;141891;热闹路合众三巷;
508;1;153738;南通天街;
508;1;263626;人民路（鞍山市）;
508;1;21497;勤俭街;
508;1;21208;软件园东路;
508;1;263651;北辰路;
508;1;140807;三家子路;
508;1;21486;西安街;
508;1;20743;唐山街;
508;1;142241;砂山街;
508;1;175736;玉屏二路;
508;1;142240;玉屏一路;
508;1;141804;望湖路;
508;1;141803;砂南路;
508;1;20758;甘井子区福义保养厂;
508;1;21265;山峦街;
508;1;146076;山榆路;
508;1;263493;玉田街;
508;1;263488;深营路隧道;
508;1;142170;沈大路珍珠巷;
508;1;140951;洪湖北街;
508;1;146007;沈祝线;
508;1;199449;沈抚公路至沈吉高速公路;
508;1;263570;沈哈高速公路铁岭段;
508;1;263579;和利服务区;
508;1;263571;腰堡服务区;
508;1;263572;柴河街南段;
508;1;263573;铁岭服务区;
508;1;263574;岭东街;
508;1;263575;开原服务区;
508;1;263576;开原收费站;
508;1;263577;昌图服务区;
508;1;263578;双庙子收费站;
508;1;263528;沈海高速公路鞍山段;
508;1;263334;虎庄收费站;
508;1;263333;兰唐线;
508;1;263328;兴海大街;
508;1;263329;南耿线;
508;1;263330;甘泉服务区;
508;1;21777;沈海高速公路大连段;
508;1;21545;城山路;
508;1;87848;营城子收费站;
508;1;86455;山海大道;
508;1;20515;九里服务区;
508;1;20516;三十里堡服务区;
508;1;20517;海皮线;
508;1;20522;双西线;
508;1;20523;复州河服务区;
508;1;20525;龙李线;
508;1;263530;沈海高速公路辽阳段;
508;1;263532;繁荣路;
508;1;263534;井泉服务区;
508;1;153605;沈海高速公路沈阳段;
508;1;175761;任家甸村;
508;1;263536;沈海高速公路营口段;
508;1;262279;金港路;
508;1;263537;榆望线;
508;1;263538;盖陈线;
508;1;263539;西海服务区;
508;1;263540;营大路;
508;1;263541;阜营高速公路;
508;1;199312;龚家村;
508;1;199291;沈吉高速公路抚顺段;
508;1;219755;英仁线;
508;1;199295;抚顺服务区;
508;1;219754;北三家服务区;
508;1;141894;沈吉高速公路沈阳段;
508;1;141720;高望线;
508;1;175743;沈棋线;
508;1;144079;沈阳绕城高速公路内圈沈辽路入口匝道;
508;1;144082;沈阳绕城高速公路外圈沈辽路入口匝道;
508;1;140973;艳璐街;
508;1;140574;长青立交桥;
508;1;153816;东陵体育公园;
508;1;141903;二四农场;
508;1;153819;仙女河北路;
508;1;140579;天坛一街;
508;1;140577;丰乐二街;
508;1;144086;沈阳绕城高速公路沈苏西路入口匝道;
508;1;144087;沈阳绕城高速公路内圈沈苏西路入口匝道;
508;1;144088;沈阳绕城高速公路外圈沈苏西路入口匝道;
508;1;175741;沈阳绕城高速公路（浑河站街）;
508;1;141383;二台子街;
508;1;144050;沈阳绕城高速公路沈新公路入口匝道;
508;1;144054;沈阳绕城高速公路内圈沈新公路入口匝道;
508;1;144052;沈阳绕城高速公路外圈沈新公路入口匝道;
508;1;144076;沈阳绕城高速公路内圈沈新路入口匝道;
508;1;144077;沈阳绕城高速公路外圈沈新路入口匝道;
508;1;87611;新华街;
508;1;144104;沈阳绕城高速公路东陵路出口匝道;
508;1;144074;沈阳绕城高速公路红星路出口匝道;
508;1;144085;沈阳绕城高速公路沈苏西路出口匝道;
508;1;144056;沈阳绕城高速公路沈新公路出口匝道;
508;1;144090;沈阳绕城高速公路新秀街出口匝道;
508;1;144103;沈阳绕城高速公路内圈东陵路出口匝道;
508;1;144072;沈阳绕城高速公路内圈红星路出口匝道;
508;1;144065;沈阳绕城高速公路内圈黄河北大街出口匝道;
508;1;144080;沈阳绕城高速公路内圈沈辽路出口匝道;
508;1;144084;沈阳绕城高速公路内圈沈苏西路出口匝道;
508;1;144055;沈阳绕城高速公路内圈沈新公路出口匝道;
508;1;144075;沈阳绕城高速公路内圈沈新路出口匝道;
508;1;144091;沈阳绕城高速公路内圈新秀街出口匝道;
508;1;144063;沈阳绕城高速公路外圈道义南大街出口匝道;
508;1;144102;沈阳绕城高速公路外圈东陵路出口匝道;
508;1;144073;沈阳绕城高速公路外圈红星路出口匝道;
508;1;144081;沈阳绕城高速公路外圈沈辽路出口匝道;
508;1;144083;沈阳绕城高速公路外圈沈苏西路出口匝道;
508;1;144057;沈阳绕城高速公路外圈沈新公路出口匝道;
508;1;144078;沈阳绕城高速公路外圈沈新路出口匝道;
508;1;144089;沈阳绕城高速公路外圈新秀街出口匝道;
508;1;263629;沈营线（鞍山市）;
508;1;263358;腾于线;
508;1;263359;小台子村;
508;1;263508;沈营线至大孙线;
508;1;21245;胜利街;
508;1;153821;苏王线;
508;1;141163;玉屏路;
508;1;263449;新光街;
508;1;21458;大连周水子国际机场;
508;1;142288;沈阳路南苇巷;
508;1;140892;云集街;
508;1;140896;南一经街;
508;1;20750;新城街;
508;1;20751;石葵北一巷;
508;1;153758;中国联通沈阳市分公司浑南区局;
508;1;141941;新明街;
508;1;146071;新优街;
508;1;21518;疏港路南侧;
508;1;21520;东联路东侧疏港路南侧入口匝道;
508;1;263524;曙光路至深沟路;
508;1;21243;通海街;
508;1;219746;前甸通道;
508;1;21469;丝绸路;
508;1;21470;香西路;
508;1;21472;沙能街;
508;1;21529;松江路南侧东联路入口匝道;
508;1;21296;松岚村;
508;1;175833;陵北街３７巷;
508;1;142322;韩西村;
508;1;175744;舍利塔滩地公园;
508;1;140597;明廉路;
508;1;175787;天后宫路惠工街西侧出口匝道;
508;1;175789;友好街东侧;
508;1;175791;天后宫路友好街东侧出口匝道;
508;1;175797;天后宫路南侧;
508;1;175796;大北街西侧;
508;1;175798;天后宫路南侧大北街西侧出口匝道;
508;1;142301;同江街;
508;1;146036;营鲜村;
508;1;146038;天坛南街至Ｇ３０４;
508;1;141740;黄鲍线;
508;1;263375;文化街;
508;1;263477;铁东三道街南段;
508;1;263478;铁东三道街北段;
508;1;263476;八卦街;
508;1;21957;湾里西街;
508;1;263406;自治街;
508;1;263469;鞍山市南华派出所;
508;1;263525;铁西六道街至建国南路;
508;1;263470;启明街;
508;1;263491;通营路西段;
508;1;263492;通营路东段;
508;1;21958;同心街;
508;1;21959;民意街;
508;1;142246;吉安路;
508;1;153807;沈阳市新华司法所;
508;1;142339;利生丽园;
508;1;219769;抚顺县交通局;
508;1;140812;生产路;
508;1;141917;沈阳大学;
508;1;140817;南卡门路;
508;1;140816;北大营西路;
508;1;263432;卫钢街;
508;1;141229;勋业三路;
508;1;141232;南十一西路;
508;1;141920;鸭绿江北街;
508;1;142262;五里河街;
508;1;141272;文大线;
508;1;263376;文化街西段;
508;1;263377;文化街东段;
508;1;263382;铁东七道街;
508;1;21257;文林街;
508;1;141435;文体西路;
508;1;263631;五一路（鞍山市）;
508;1;199411;西富平路;
508;1;199407;西五街;
508;1;21489;西岗街;
508;1;153722;西江北街;
508;1;153723;青城山路;
508;1;153724;沈阳市造化派出所;
508;1;146093;怒江公园;
508;1;146094;西江苑;
508;1;22011;西南路辅路;
508;1;199408;西七路;
508;1;199409;西十路;
508;1;175774;哈尔滨路西塔街西侧入口匝道;
508;1;140911;先农坛路;
508;1;146096;先农坛路先农巷;
508;1;146097;先农坛路十七巷;
508;1;87809;香炉礁街;
508;1;21450;香沙街;
508;1;21269;香一街;
508;1;21275;东北快速路东侧香周路入口匝道;
508;1;153770;元江街;
508;1;142317;悦宾街;
508;1;175748;小北一东路;
508;1;141085;翰林路;
508;1;199337;将军三街;
508;1;199393;新北街;
508;1;21230;正仁街;
508;1;153778;高茂路;
508;1;153777;高功路;
508;1;22003;华北路西侧;
508;1;144094;沈阳绕城高速公路新秀街入口匝道;
508;1;144095;沈阳绕城高速公路内圈新秀街入口匝道;
508;1;144096;沈阳绕城高速公路外圈新秀街入口匝道;
508;1;175749;营盘北街;
508;1;175765;北一东路南侧;
508;1;175766;北一东路南侧兴工北街入口匝道;
508;1;20736;兴工街;
508;1;219756;星光路;
508;1;21411;星海广场北段;
508;1;22004;海天下;
508;1;21311;世界博览广场;
508;1;21412;星海广场东段;
508;1;87889;聚宝隆;
508;1;87885;富饶企业集团;
508;1;21413;星海广场南段;
508;1;87887;大连君悦酒店;
508;1;21315;星海广场游乐场;
508;1;21414;星海广场西段;
508;1;87888;金紫荆公馆;
508;1;21404;星海广场至滨海西路;
508;1;21923;星海广场至太原街;
508;1;21961;星雨街;
508;1;21260;大连明珠;
508;1;87878;东方星海;
508;1;21420;星海阳光;
508;1;21962;星雨街至星海广场;
508;1;21418;星海湾壹号;
508;1;87813;秀月街;
508;1;140804;雪松东路;
508;1;175750;金钱松中路;
508;1;141816;桂花街;
508;1;141818;海棠街;
508;1;142221;沈阳市制药机械厂;
508;1;141921;小桥子村;
508;1;140851;金山北路;
508;1;146087;北京影视研修学院辽宁艺术分院;
508;1;146088;圣安路;
508;1;146089;观音路;
508;1;146109;沈阳市皇姑区委党校;
508;1;219770;友爱河口桥;
508;1;221286;迎宾街;
508;1;21974;福意园;
508;1;175834;昊辰苑（沈阳）;
508;1;146115;沈阳市新新治安派出所;
508;1;20709;英华街;
508;1;142236;迎春北街;
508;1;142235;冬青街;
508;1;142234;苏长线;
508;1;263641;永安路（鞍山市）;
508;1;219771;台南二路;
508;1;219748;永济路至沿滨路;
508;1;263413;永西街;
508;1;22006;西安路西侧;
508;1;22007;西安路东侧;
508;1;175790;天后宫路友好街东侧入口匝道;
508;1;175805;砂山街（玉屏二路）;
508;1;263408;明山街;
508;1;142350;远航西路;
508;1;263438;站前街西段;
508;1;263439;站前街东段;
508;1;87867;中革村;
508;1;146117;沈阳大成站;
508;1;141078;中街路钟楼南巷;
508;1;21493;清爽街;
508;1;21468;中长东四街;
508;1;21282;东北快速路东侧中华路入口匝道;
508;1;21287;东北快速路西侧中华路北侧入口匝道;
508;1;21289;东北快速路西侧中华路南侧入口匝道;
508;1;142286;中街路;
508;1;21426;中山路至星海广场;
508;1;87879;永青汽车租凭;
508;1;140590;勋业一路;
508;1;142302;步云山路;
508;1;175802;草仓路北侧;
508;1;175801;草仓路北侧珠林路入口匝道;
508;1;146120;勋业六路;
