CID;TABCD;LCD;CLASS;TCD;STCD;ROADNUMBER;RNID;N1ID;N2ID;POL_LCD;PES_LEV
508;18;873;L;1;2;G101;141831;175813;141755;155;
508;18;1333;L;1;2;G102;141771;141833;163716;155;
508;18;483;L;1;4;G102;140960;175815;140958;155;
508;18;18820;L;1;4;;199342;199343;219737;1222;
508;18;1271;L;1;1;G1113;167963;175379;146105;155;
508;18;4;L;2;1;G1501;144015;;;155;
508;18;6438;L;1;2;G201;20575;21402;20586;157;
508;18;7748;L;1;2;G201;20639;20550;21881;157;
508;18;6773;L;1;4;;20639;20621;87891;157;
508;18;6571;L;1;4;G201;20602;20603;20543;157;
508;18;6849;L;1;4;;20598;53154;20605;157;
508;18;7966;L;1;2;G201;20584;21885;87826;157;
508;18;6557;L;1;2;G201;20545;20623;20546;157;
508;18;6467;L;1;2;G201;20580;21994;53154;157;
508;18;6509;L;1;4;;42620;21263;53154;157;
508;18;6510;L;1;2;G201;42620;86490;86491;157;
508;18;18882;L;1;4;;42620;199410;199424;1222;
508;18;6498;L;1;2;G201;20582;86490;20612;157;
508;18;6522;L;1;2;G201;20564;42620;20612;157;
508;18;7750;L;1;2;G201;21882;20639;21402;157;
508;18;6549;L;1;4;;20623;21217;20631;157;
508;18;6858;L;1;4;;20600;20729;86490;157;
508;18;6581;L;1;4;;86490;21202;53154;157;
508;18;6582;L;1;3;;86490;175699;20643;157;
508;18;6537;L;1;4;;20596;53154;20631;157;
508;18;6735;L;1;2;G201;20543;20546;20602;157;
508;18;6472;L;1;2;G201;53154;20580;87890;157;
508;18;2168;L;1;4;;53154;141175;141022;155;
508;18;24401;L;1;2;G202;263339;263343;263353;2907;
508;18;6403;L;1;2;G202;20547;20612;21377;157;
508;18;1490;L;1;2;G202;141945;141731;141949;155;
508;18;24461;L;1;2;G202;263350;263339;263349;2907;
508;18;6490;L;1;4;;20565;20617;42620;157;
508;18;6491;L;1;2;G202;20565;63709;20584;157;
508;18;18492;L;1;2;G202;199344;199331;199351;1222;
508;18;6503;L;1;2;G202;20560;20612;63709;157;
508;18;7787;L;1;2;G202;20680;21904;21217;157;
508;18;6563;L;1;2;G202;20557;21217;20637;157;
508;18;6525;L;1;2;G202;20546;20621;21361;157;
508;18;7769;L;1;2;G202;20550;20639;21897;157;
508;18;6708;L;1;4;;20550;21225;20639;157;
508;18;24548;L;1;2;G202;263404;263347;263374;2907;
508;18;7771;L;1;2;G202;21897;20550;21216;157;
508;18;7754;L;1;2;G202;21361;21365;21885;157;
508;18;7777;L;1;2;G202;21900;87839;87841;157;
508;18;18480;L;1;2;G202;219726;199351;199299;1222;
508;18;6786;L;1;4;;263349;87890;87891;157;
508;18;7956;L;1;4;;20612;263648;87842;157;
508;18;6809;L;1;4;;20612;87843;21914;157;
508;18;24541;L;1;2;G202;263346;263407;263384;2907;
508;18;24530;L;1;4;G202;263357;263345;263404;2907;
508;18;7789;L;1;2;G202;21365;20558;263648;157;
508;18;6567;L;1;2;G202;20637;20638;20543;157;
508;18;7782;L;1;2;G202;21904;21903;20680;157;
508;18;7779;L;1;2;G202;21903;21902;21904;157;
508;18;7774;L;1;2;G202;21216;21897;87839;157;
508;18;18401;L;1;2;;199297;199299;199308;1222;
508;18;25109;L;1;4;;263512;263339;263399;2907;
508;18;869;L;1;2;G203;141834;175825;153707;155;
508;18;2795;L;1;1;S2;142360;146010;175755;155;
508;18;1316;L;1;2;G304;141758;141760;141839;155;
508;18;447;L;1;3;;141821;141838;140926;155;
508;18;18599;L;1;4;;199389;199388;199392;1222;
508;18;25070;L;1;4;;263458;263455;263499;2907;
508;18;6456;L;1;2;G305;20587;21915;20591;157;
508;18;2682;L;1;4;;140871;140625;140872;155;
508;18;6646;L;1;3;;20669;20647;20650;157;
508;18;7796;L;1;2;G305;21915;21916;86466;157;
508;18;132;L;1;3;;163083;140882;140917;155;
508;18;913;L;1;3;S101;146017;175724;263653;155;
508;18;513;L;1;3;S102;141204;133390;140989;155;
508;18;6816;L;1;4;;20726;21914;21478;157;
508;18;18455;L;1;3;S104;221251;199334;199292;1222;
508;18;18499;L;1;4;;199331;199292;199336;1222;
508;18;1898;L;1;4;;141372;141180;142228;155;
508;18;533;L;1;3;S109;140999;263339;142157;155;
508;18;1468;L;1;3;S109;141841;142179;140960;155;
508;18;6107;L;1;1;S12;21927;21481;20584;157;
508;18;2890;L;1;1;S17;168005;142360;168119;155;
508;18;2157;L;1;4;;151646;141175;141043;155;
508;18;6745;L;1;4;;151646;20625;20699;157;
508;18;6610;L;1;3;S211;87697;20546;20660;157;
508;18;6091;L;1;1;S23;21919;87821;175699;157;
508;18;25062;L;1;3;S316;263391;263458;263386;2907;
508;18;24512;L;1;3;S316;263392;263391;263395;2907;
508;18;18856;L;1;4;;199404;219727;199437;1222;
508;18;2845;L;1;4;;142313;146027;140749;155;
508;18;18782;L;1;4;;199378;199352;219729;1222;
508;18;24608;L;1;4;;263428;263374;263423;2907;
508;18;7270;L;1;4;;20752;21239;20714;157;
508;18;18588;L;1;4;;199320;199327;199313;1222;
508;18;24485;L;1;4;;263353;263339;263366;2907;
508;18;24923;L;1;3;;263480;263453;263482;2907;
508;18;24488;L;1;4;;263366;263351;263368;2907;
508;18;24527;L;1;4;;263400;263403;263344;2907;
508;18;25112;L;1;4;;263514;263391;263500;2907;
508;18;18438;L;1;3;;218553;199322;199327;1222;
508;18;6762;L;1;4;;218553;20734;20739;157;
508;18;24436;L;1;3;;263361;263335;263347;2907;
508;18;25105;L;1;4;;263510;263361;263407;2907;
508;18;25039;L;1;4;;263402;263401;263394;2907;
508;18;2254;L;1;4;;142266;162884;142273;155;
508;18;6617;L;1;4;;87828;86490;87870;157;
508;18;2403;L;1;4;;142291;140700;63598;155;
508;18;2201;L;1;4;;141045;141036;142270;155;
508;18;2542;L;1;4;;142308;141299;142314;155;
508;18;3076;L;1;3;;175730;140542;140543;155;
508;18;26;L;1;3;;141410;175751;140542;155;
508;18;7139;L;1;4;;141410;65166;86661;157;
508;18;2391;L;1;4;;140830;141060;141062;155;
508;18;7293;L;1;4;;21247;53154;263349;157;
508;18;2605;L;1;4;;142327;140542;142329;155;
508;18;25116;L;1;3;;263331;262079;263355;2907;
508;18;175;L;1;3;;140676;140677;140681;155;
508;18;767;L;1;4;;141192;141193;140677;155;
508;18;2991;L;1;4;;142272;141047;141039;155;
508;18;2716;L;1;2;;140861;142345;140858;155;
508;18;7690;L;1;4;;21494;21492;20714;157;
508;18;754;L;1;4;;141179;141180;141183;155;
508;18;2279;L;1;4;;142267;141043;142274;155;
508;18;2182;L;1;4;;141183;141179;141033;155;
508;18;1350;L;1;4;;141218;144131;141221;155;
508;18;801;L;1;4;;140680;141221;141180;155;
508;18;7627;L;1;4;;21473;20602;20739;157;
508;18;7245;L;1;4;;140866;20740;21244;157;
508;18;111;L;1;3;;140866;140627;140621;155;
508;18;1949;L;1;4;;142215;141209;141211;155;
508;18;6943;L;1;4;;52855;20612;218553;157;
508;18;2220;L;1;4;;141039;142272;141033;155;
508;18;242;L;1;3;;140748;263656;140744;155;
508;18;1914;L;1;4;;142219;141180;141182;155;
508;18;3162;L;1;4;;141042;141026;141044;155;
508;18;1471;L;1;4;;141042;141043;140750;155;
508;18;1903;L;1;4;;140532;140537;141221;155;
508;18;1907;L;1;4;;140679;141221;141180;155;
508;18;7727;L;1;4;;21502;86491;20565;157;
508;18;615;L;1;4;;141059;141060;141062;155;
508;18;2194;L;1;4;;141036;141175;141033;155;
508;18;1094;L;1;4;;141353;140537;141221;155;
508;18;1098;L;1;4;;140678;141221;141180;155;
508;18;3041;L;1;4;;140615;142162;140611;155;
508;18;18768;L;1;4;;199353;243335;199427;1222;
508;18;18765;L;1;4;;199426;199421;199354;1222;
508;18;2207;L;1;4;;141037;141175;141033;155;
508;18;7741;L;1;4;;21548;21922;20633;157;
508;18;3082;L;1;1;;140689;175762;141182;155;
508;18;188;L;1;3;;140689;141180;141182;155;
508;18;3093;L;7;0;;;175767;141182;155;
508;18;2285;L;1;4;;142270;141043;142271;155;
508;18;181;L;1;3;;140682;141215;140684;155;
508;18;184;L;1;3;;140684;140682;140689;155;
508;18;943;L;1;4;;140749;263656;141295;155;
508;18;18459;L;1;3;;199314;199325;199292;1222;
508;18;2384;L;1;4;;142289;141076;141095;155;
508;18;7373;L;1;4;;20665;20649;20660;157;
508;18;2061;L;1;4;;142257;141282;153716;155;
508;18;7349;L;1;4;;21267;21266;21268;157;
508;18;7333;L;1;4;;21263;42620;21264;157;
508;18;7967;L;1;4;;21481;21904;21270;157;
508;18;7667;L;1;4;;21270;21481;87855;157;
508;18;7903;L;1;4;;87849;21481;20664;157;
508;18;7327;L;1;4;;20729;20600;20617;157;
508;18;18934;L;1;4;;219751;219752;219762;1222;
508;18;18951;L;1;4;;219763;219751;219738;1222;
508;18;2107;L;1;4;;141113;163083;141028;155;
508;18;2805;L;1;4;;153776;141454;146016;155;
508;18;7599;L;1;4;;21463;21462;20602;157;
508;18;6908;L;1;4;;20703;20738;20629;157;
508;18;3069;L;1;4;;175711;141841;140960;155;
508;18;3036;L;1;4;;140704;141062;142345;155;
508;18;203;L;1;1;;140704;140700;140627;155;
508;18;3123;L;7;0;;;175799;140627;155;
508;18;18549;L;1;4;;199316;218553;219764;1222;
508;18;825;L;1;4;;141242;141243;141248;155;
508;18;2058;L;1;4;;141440;153747;141439;155;
508;18;1510;L;1;4;;153747;141282;140781;155;
508;18;18840;L;1;4;;199401;219727;199351;1222;
508;18;6820;L;1;4;;20603;20565;218553;157;
508;18;24592;L;1;4;;263420;263409;263526;2907;
508;18;1165;L;1;4;;140541;153790;142334;155;
508;18;7309;L;1;4;;21256;21479;87891;157;
508;18;1171;L;1;4;;141411;141412;153790;155;
508;18;716;L;1;4;;141151;140750;141411;155;
508;18;430;L;1;4;;140916;140573;140917;155;
508;18;440;L;1;4;;140926;140995;140573;155;
508;18;57051;L;1;1;;263595;263596;263586;2915;
508;18;54051;L;1;1;;263585;263586;167963;2914;
508;18;2789;L;1;1;;146123;167963;142360;155;
508;18;7168;L;1;4;;21234;20733;218553;157;
508;18;7213;L;1;4;;86661;20734;21235;157;
508;18;24995;L;1;4;;263614;263394;263487;2907;
508;18;25009;L;1;4;;263423;263410;263483;2907;
508;18;7850;L;1;4;;21965;20726;53154;157;
508;18;651;L;1;4;;141095;141096;141059;155;
508;18;6794;L;1;4;;141095;20720;20715;157;
508;18;7636;L;1;4;;21476;20598;21477;157;
508;18;7490;L;1;4;;21229;20730;86661;157;
508;18;24453;L;1;4;;263367;263351;263368;2907;
508;18;1924;L;1;4;;142165;141204;140991;155;
508;18;7368;L;1;4;;20663;20649;20644;157;
508;18;2615;L;1;4;;142334;140539;140542;155;
508;18;102;L;1;3;;140611;140745;140621;155;
508;18;91;L;1;3;;140600;140681;140745;155;
508;18;97;L;1;3;;140745;140600;140611;155;
508;18;6689;L;1;4;;20683;20633;20626;157;
508;18;7017;L;1;4;;20717;20753;20755;157;
508;18;7923;L;1;4;;20716;87811;21256;157;
508;18;6837;L;1;4;;20693;20543;20622;157;
508;18;365;L;1;4;;140858;141062;140862;155;
508;18;2399;L;1;4;;142290;141095;140700;155;
508;18;832;L;1;4;;141249;141250;141243;155;
508;18;6256;L;7;0;;;21508;21949;157;
508;18;6248;L;7;0;;;21531;21919;157;
508;18;6252;L;7;0;;;21531;21949;157;
508;18;24569;L;1;4;;263405;263414;263373;2907;
508;18;644;L;1;4;;141096;163083;141094;155;
508;18;2694;L;1;4;;141251;140637;140704;155;
508;18;24983;L;1;4;;263486;86661;263427;2907;
508;18;24456;L;1;4;;263365;263369;263350;2907;
508;18;1720;L;1;4;;142201;141204;142157;155;
508;18;7158;L;1;4;;21233;20612;20639;157;
508;18;24762;L;1;4;;263362;263347;263332;2907;
508;18;1409;L;1;4;;141806;140751;140832;155;
508;18;7544;L;1;4;;20699;21444;151646;157;
508;18;6258;L;7;0;;;21919;21531;157;
508;18;6250;L;7;0;;;21946;21508;157;
508;18;6254;L;7;0;;;21946;21531;157;
508;18;6232;L;7;0;;;21946;20669;157;
508;18;7306;L;1;4;;21255;20712;21256;157;
508;18;7300;L;1;4;;21254;20639;21255;157;
508;18;18422;L;1;3;;199313;199314;199320;1222;
508;18;18791;L;1;4;;199365;199435;199343;1222;
508;18;3078;L;1;1;;175759;144015;175379;155;
508;18;270;L;1;1;;175760;163727;263653;155;
508;18;793;L;1;3;;141215;144015;140537;155;
508;18;24065;L;1;1;;263644;263335;175699;2907;
508;18;3129;L;1;2;G101;175811;175807;175810;155;
508;18;1527;L;7;0;;;143738;144051;155;
508;18;3126;L;1;2;G101;143738;140542;175807;155;
508;18;629;L;1;4;;141062;141059;140858;155;
508;18;2712;L;1;4;;141888;140631;140627;155;
508;18;1603;L;1;4;;141815;142232;141003;155;
508;18;6212;L;7;0;;;20544;21278;157;
508;18;7547;L;1;4;;20544;21447;20630;157;
508;18;6633;L;1;3;;20646;20643;20649;157;
508;18;371;L;1;4;;140625;140862;140872;155;
508;18;6208;L;7;0;;;20542;20630;157;
508;18;6201;L;1;1;;20542;20543;20546;157;
508;18;6216;L;7;0;;;21274;151646;157;
508;18;6214;L;7;0;;;21278;20544;157;
508;18;6226;L;7;0;;;21278;21286;157;
508;18;6222;L;7;0;;;21278;21288;157;
508;18;7813;L;1;4;;21509;20666;21294;157;
508;18;7411;L;1;4;;20668;20649;20643;157;
508;18;2721;L;1;4;;141254;141249;142345;155;
508;18;2327;L;1;4;;141090;145994;140637;155;
508;18;6751;L;1;4;;20631;20596;21440;157;
508;18;18676;L;1;4;;199413;133390;199414;1222;
508;18;2657;L;1;4;;140810;140808;142341;155;
508;18;1500;L;1;4;;142129;140717;153810;155;
508;18;18891;L;1;4;;142129;199289;199467;1222;
508;18;6260;L;1;1;;21401;63598;20545;157;
508;18;6246;L;7;0;;;21519;21528;157;
508;18;6242;L;7;0;;;21521;20546;157;
508;18;6238;L;7;0;;;21521;20621;157;
508;18;2676;L;1;4;;140868;140709;63598;155;
508;18;18771;L;1;4;;199352;199427;199434;1222;
508;18;1589;L;7;0;;;140717;144015;155;
508;18;1587;L;7;0;;;140717;144053;155;
508;18;1591;L;7;0;;;140717;144051;155;
508;18;216;L;1;3;;140717;140718;145978;155;
508;18;2778;L;1;4;;140718;140713;141256;155;
508;18;210;L;1;3;;140718;140627;140717;155;
508;18;850;L;1;4;;141256;140627;140719;155;
508;18;1687;L;1;4;;142154;141237;141215;155;
508;18;18712;L;1;4;;199416;133390;199420;1222;
508;18;18746;L;1;4;;199420;199415;199406;1222;
508;18;24661;L;1;4;;263442;263515;263444;2907;
508;18;7717;L;1;4;;21500;86490;20564;157;
508;18;18699;L;1;4;;199415;133390;199420;1222;
508;18;625;L;1;4;;141250;141070;141059;155;
508;18;2773;L;1;4;;141247;141242;142344;155;
508;18;974;L;1;3;;141314;140872;142164;155;
508;18;6840;L;1;4;;20622;20557;20596;157;
508;18;18732;L;1;4;;199354;133390;199427;1222;
508;18;2728;L;1;4;;140869;140871;140556;155;
508;18;7624;L;1;4;;21449;21471;20546;157;
508;18;2228;L;1;4;;142274;142275;153720;155;
508;18;24650;L;1;4;;263440;263378;263384;2907;
508;18;24581;L;1;4;;263416;263417;263415;2907;
508;18;2430;L;1;4;;140920;140916;146126;155;
508;18;2980;L;1;4;;146126;140920;141248;155;
508;18;7948;L;1;4;;87845;87869;20669;157;
508;18;1944;L;1;4;;141011;141208;141211;155;
508;18;2758;L;1;4;;140997;141865;140990;155;
508;18;1146;L;1;4;;140602;141396;146049;155;
508;18;7505;L;1;4;;20635;20545;21425;157;
508;18;344;L;1;4;;140837;141091;141094;155;
508;18;1608;L;1;4;;142233;140999;141819;155;
508;18;18776;L;1;4;;199435;199427;199434;1222;
508;18;571;L;1;4;;141015;140837;140700;155;
508;18;7230;L;1;4;;21241;52855;21237;157;
508;18;7881;L;1;4;;21970;21250;21492;157;
508;18;18910;L;1;4;;219737;199438;199437;1222;
508;18;7611;L;1;4;;21467;21229;218553;157;
508;18;2840;L;1;4;;140774;140750;146026;155;
508;18;3099;L;7;0;;;141807;175776;155;
508;18;1421;L;1;4;;141807;141041;140750;155;
508;18;7878;L;1;4;;21967;21966;21891;157;
508;18;7875;L;1;4;;21969;21967;86490;157;
508;18;7920;L;1;4;;87810;86490;21967;157;
508;18;1204;L;1;4;;141444;141445;140917;155;
508;18;7110;L;1;4;;21226;21225;20596;157;
508;18;1210;L;1;4;;141445;140990;175830;155;
508;18;18584;L;1;4;;199318;199382;199313;1222;
508;18;7120;L;1;4;;21227;86490;20735;157;
508;18;7525;L;1;4;;21434;20702;21442;157;
508;18;7531;L;1;4;;21436;21440;21930;157;
508;18;7521;L;1;4;;20702;20631;87862;157;
508;18;2410;L;1;4;;142292;140702;140860;155;
508;18;24685;L;1;4;;263445;263381;263374;2907;
508;18;24927;L;1;4;;263368;263366;263367;2907;
508;18;7438;L;1;4;;87857;87856;87858;157;
508;18;6900;L;1;4;;20712;20737;87891;157;
508;18;7737;L;1;4;;87861;21298;87881;157;
508;18;7799;L;1;4;;87860;87861;21919;157;
508;18;7939;L;1;4;;87851;20649;87856;157;
508;18;49;L;1;3;;140719;140720;140872;155;
508;18;18448;L;1;3;;199292;221251;199314;1222;
508;18;2081;L;1;4;;141390;141389;141454;155;
508;18;18940;L;1;4;;199293;199358;132634;1222;
508;18;18937;L;1;4;;199358;199331;199293;1222;
508;18;24630;L;1;4;;263433;263378;263384;2907;
508;18;24603;L;1;4;;263424;263423;263427;2907;
508;18;24597;L;1;4;;263422;263374;263423;2907;
508;18;3088;L;1;1;;175729;140750;141047;155;
508;18;18786;L;1;4;;199433;199352;199435;1222;
508;18;18445;L;1;3;;199327;218553;199328;1222;
508;18;43;L;1;3;;140872;140621;140719;155;
508;18;2725;L;1;4;;142280;141246;141249;155;
508;18;24711;L;1;4;;263451;263452;263454;2907;
508;18;2247;L;1;4;;162884;141091;141043;155;
508;18;24856;L;1;4;;263616;263428;263431;2907;
508;18;25055;L;1;4;;263390;263386;263489;2907;
508;18;7034;L;1;4;;21198;21206;21207;157;
508;18;1531;L;7;0;;;142199;144015;155;
508;18;1535;L;7;0;;;142199;144053;155;
508;18;1533;L;7;0;;;142199;144051;155;
508;18;335;L;1;4;;141060;141059;140829;155;
508;18;3097;L;7;0;;;140750;175769;155;
508;18;193;L;1;1;;140750;175729;140700;155;
508;18;7381;L;1;4;;140750;20660;21293;157;
508;18;3105;L;7;0;;;175782;175784;155;
508;18;3022;L;1;4;;153802;141047;263656;155;
508;18;7538;L;1;4;;21444;21443;21445;157;
508;18;7541;L;1;4;;21446;21444;20699;157;
508;18;18430;L;1;3;;199319;218553;199313;1222;
508;18;6210;L;7;0;;;20630;21274;157;
508;18;7355;L;1;4;;20630;20596;20544;157;
508;18;7535;L;1;4;;21438;21442;21443;157;
508;18;7420;L;1;4;;21298;263647;20647;157;
508;18;3147;L;1;2;G203;175822;175817;141738;155;
508;18;2667;L;1;4;;140623;63598;140872;155;
508;18;2871;L;1;4;;146032;141888;142344;155;
508;18;2733;L;1;4;;142344;141888;142346;155;
508;18;589;L;1;4;;141033;151646;141041;155;
508;18;7721;L;1;4;;86491;20560;20564;157;
508;18;24705;L;1;4;;263621;263374;263384;2907;
508;18;387;L;1;4;;140873;141446;141043;155;
508;18;2131;L;1;4;;142264;140881;140653;155;
508;18;7397;L;1;4;;20592;20669;20584;157;
508;18;7069;L;1;4;;21212;21999;20596;157;
508;18;7811;L;1;3;;20656;20660;20645;157;
508;18;6067;L;1;1;;21926;175699;20541;157;
508;18;947;L;1;4;;140613;141297;140611;155;
508;18;2755;L;1;4;;142349;141863;140926;155;
508;18;24740;L;1;4;;263463;263385;263368;2907;
508;18;25098;L;1;4;;263506;263463;263481;2907;
508;18;1893;L;1;4;;141012;141206;141010;155;
508;18;7045;L;1;4;;20688;21202;20689;157;
508;18;6705;L;1;4;;20686;20685;21225;157;
508;18;6699;L;1;4;;21201;21402;20685;157;
508;18;6702;L;1;4;;20685;21201;20686;157;
508;18;3154;L;1;2;G304;175827;142154;145967;155;
508;18;7234;L;1;4;;21237;21241;20639;157;
508;18;6724;L;1;4;;20689;20688;21891;157;
508;18;7558;L;1;4;;21451;20556;21934;157;
508;18;2435;L;1;4;;142220;141180;142312;155;
508;18;7572;L;1;4;;21393;21454;21392;157;
508;18;7908;L;1;4;;21423;20556;21392;157;
508;18;25014;L;1;4;;263425;263483;263490;2907;
508;18;3145;L;1;2;G203;175817;175818;175822;155;
508;18;3143;L;1;2;G203;175818;142340;175817;155;
508;18;7336;L;1;4;;21264;21263;20721;157;
508;18;6267;L;7;0;;;21991;21401;157;
508;18;6240;L;7;0;;;21524;21401;157;
508;18;7888;L;1;4;;22010;20623;21401;157;
508;18;6265;L;7;0;;;21989;21401;157;
508;18;7346;L;1;4;;21266;20716;21267;157;
508;18;18591;L;1;4;;229097;199327;199386;1222;
508;18;720;L;1;4;;229097;141396;141151;155;
508;18;1391;L;1;4;;141802;141010;140875;155;
508;18;6606;L;1;4;;21877;20650;87866;157;
508;18;961;L;1;4;;140603;229097;140539;155;
508;18;2517;L;1;4;;146110;140603;140604;155;
508;18;1361;L;1;4;;153780;141180;229097;155;
508;18;6595;L;1;4;;20644;20645;20647;157;
508;18;6599;L;1;4;;20648;20647;20650;157;
508;18;1465;L;1;4;;141041;141151;141033;155;
508;18;819;L;1;4;;141236;146004;141241;155;
508;18;6625;L;1;4;;20649;20660;20647;157;
508;18;7391;L;1;4;;21294;21509;20647;157;
508;18;7385;L;1;4;;20666;20646;21509;157;
508;18;7417;L;1;4;;21297;20647;21919;157;
508;18;7502;L;1;4;;21952;21297;21919;157;
508;18;1523;L;7;0;;;140542;144053;155;
508;18;226;L;1;3;;140542;63709;143738;155;
508;18;6950;L;1;4;;20745;20639;20742;157;
508;18;235;L;1;3;;140736;140750;175731;155;
508;18;18835;L;1;4;;199400;219727;219737;1222;
508;18;2834;L;1;4;;146023;146024;140542;155;
508;18;2874;L;1;4;;146034;146023;140543;155;
508;18;7517;L;1;4;;21937;151646;21938;157;
508;18;2986;L;1;4;;65847;141813;140584;155;
508;18;7365;L;1;4;;65847;53154;20600;157;
508;18;2552;L;1;4;;142315;141119;140749;155;
508;18;2994;L;1;4;;153791;142282;141119;155;
508;18;684;L;1;4;;141119;141047;140829;155;
508;18;3109;L;7;0;;;175786;140700;155;
508;18;1427;L;1;4;;263657;141119;263656;155;
508;18;789;L;1;3;;140991;142157;141446;155;
508;18;18906;L;1;3;;219739;219736;219744;1222;
508;18;18522;L;1;3;;219729;219738;199369;1222;
508;18;1458;L;1;3;;142187;140926;175738;155;
508;18;2738;L;1;4;;141863;142347;141445;155;
508;18;1382;L;1;2;G304;146016;141282;141838;155;
508;18;7039;L;1;4;;20594;20580;21397;157;
508;18;1441;L;1;4;;145966;141813;140990;155;
508;18;2867;L;1;4;;140622;140862;146031;155;
508;18;1648;L;1;4;;141787;141204;142165;155;
508;18;412;L;1;4;;140883;140873;140889;155;
508;18;24957;L;1;4;;263456;263455;263460;2907;
508;18;7177;L;1;4;;20724;20728;20730;157;
508;18;2448;L;1;4;;142295;141179;142220;155;
508;18;2527;L;1;4;;141145;142312;140745;155;
508;18;24825;L;1;3;;263452;263472;263473;2907;
508;18;24831;L;1;3;;263474;263473;263458;2907;
508;18;24810;L;1;3;;263374;263346;263472;2907;
508;18;25122;L;1;4;;263521;263374;263378;2907;
508;18;152;L;1;3;;140661;140677;141282;155;
508;18;6918;L;1;4;;20738;20739;20703;157;
508;18;168;L;1;3;;140671;141237;140677;155;
508;18;159;L;1;3;;140677;141221;140661;155;
508;18;1813;L;1;4;;142205;146054;141343;155;
508;18;24743;L;1;4;;263457;263383;263458;2907;
508;18;2765;L;1;4;;142281;140916;141246;155;
508;18;18751;L;1;4;;199338;219729;199429;1222;
508;18;25125;L;1;4;;263466;263474;263465;2907;
508;18;24441;L;1;4;;263347;263339;263364;2907;
508;18;24555;L;1;4;;263394;263374;263392;2907;
508;18;7264;L;1;4;;21248;22000;87890;157;
508;18;18904;L;1;3;;219736;219739;199294;1222;
508;18;7958;L;1;4;;87882;21503;20612;157;
508;18;1887;L;1;4;;146004;141237;141236;155;
508;18;7734;L;1;4;;21504;21503;20565;157;
508;18;2761;L;1;4;;141865;140997;153782;155;
508;18;2374;L;1;4;;141070;142279;141250;155;
508;18;2973;L;1;4;;153783;153782;153787;155;
508;18;7425;L;1;4;;20660;87697;20649;157;
508;18;1599;L;1;4;;140803;175804;142231;155;
508;18;7709;L;1;4;;20661;20656;87828;157;
508;18;2523;L;1;4;;142304;153729;140745;155;
508;18;37;L;1;3;;140547;140543;140621;155;
508;18;6653;L;1;3;;20672;20671;21369;157;
508;18;6741;L;1;4;;21940;20672;21917;157;
508;18;7394;L;1;4;;87869;21294;87845;157;
508;18;619;L;1;4;;141063;141059;141243;155;
508;18;7091;L;1;4;;21220;21221;21218;157;
508;18;7826;L;1;4;;21459;21218;21460;157;
508;18;7088;L;1;4;;21219;21218;20679;157;
508;18;7081;L;1;4;;21218;21934;20633;157;
508;18;18579;L;1;4;;199325;199324;199316;1222;
508;18;24051;L;1;1;;263642;263321;175379;2907;
508;18;48051;L;1;1;;263558;263559;263551;2912;
508;18;45051;L;1;1;;263550;263551;263546;2911;
508;18;42051;L;1;1;;263545;263546;263321;2910;
508;18;1278;L;1;1;;153796;175379;141237;155;
508;18;857;L;1;1;;153796;144015;163716;155;
508;18;18872;L;1;4;;219732;199343;199331;1222;
508;18;1107;L;1;4;;141225;140677;140684;155;
508;18;1074;L;1;4;;141333;141193;140677;155;
508;18;2559;L;1;4;;141295;141119;141297;155;
508;18;18927;L;1;4;;199339;199335;199344;1222;
508;18;24422;L;1;3;;263345;263356;263339;2907;
508;18;24419;L;1;3;;263356;243335;263345;2907;
508;18;1656;L;1;4;;141842;142195;141841;155;
508;18;18570;L;1;4;;199324;199325;220552;1222;
508;18;25058;L;1;4;;263494;263496;263495;2907;
508;18;7003;L;1;4;;20618;21941;20715;157;
508;18;7821;L;1;4;;21942;42620;21941;157;
508;18;2377;L;1;4;;142287;141070;141251;155;
508;18;7198;L;1;4;;20619;42620;53154;157;
508;18;702;L;1;4;;141297;263656;141140;155;
508;18;1354;L;1;4;;141396;140537;140540;155;
508;18;2520;L;1;4;;153736;141396;140600;155;
508;18;706;L;1;4;;141412;140540;263656;155;
508;18;3012;L;1;4;;153798;140784;140786;155;
508;18;6678;L;1;4;;21943;20633;20626;157;
508;18;778;L;1;4;;141203;140964;141211;155;
508;18;2751;L;1;4;;140936;141821;140928;155;
508;18;2660;L;1;4;;263475;140808;145989;155;
508;18;24897;L;1;4;;263622;263474;263479;2907;
508;18;3085;L;1;1;;175763;141182;140750;155;
508;18;18900;L;1;4;;219730;199315;199319;1222;
508;18;18561;L;1;4;;219735;219767;199315;1222;
508;18;7061;L;1;4;;21210;53154;20596;157;
508;18;7607;L;1;4;;21466;86661;218553;157;
508;18;2621;L;1;4;;65166;140542;140543;155;
508;18;6978;L;1;4;;63598;20612;21401;157;
508;18;691;L;1;4;;63598;140829;140872;155;
508;18;2784;L;1;4;;140715;141248;140718;155;
508;18;18919;L;1;4;;199406;219749;199420;1222;
508;18;18916;L;1;4;;219749;199406;219729;1222;
508;18;6649;L;1;3;;20670;20650;20671;157;
508;18;2864;L;1;4;;140614;141297;153731;155;
508;18;6638;L;1;3;;20664;263649;20647;157;
508;18;6234;L;7;0;;;20669;21919;157;
508;18;7376;L;1;4;;21293;20660;20644;157;
508;18;2418;L;1;4;;140865;140861;63598;155;
508;18;18556;L;1;4;;199382;199316;199319;1222;
508;18;2800;L;1;1;;145968;167963;142368;155;
508;18;24615;L;1;4;;263429;263374;263428;2907;
508;18;2588;L;1;4;;140862;140621;140858;155;
508;18;18655;L;1;4;;219727;199343;219736;1222;
508;18;18645;L;1;4;;199343;219732;219727;1222;
508;18;25095;L;1;4;;263481;263504;263480;2907;
508;18;1959;L;1;4;;141210;141203;140663;155;
508;18;1953;L;1;4;;141211;141203;141352;155;
508;18;7026;L;1;4;;21202;20580;21402;157;
508;18;2896;L;1;4;;141248;146126;141242;155;
508;18;2809;L;1;4;;140543;140547;142333;155;
508;18;1175;L;1;4;;141415;140611;140543;155;
508;18;2883;L;1;4;;141408;145974;140541;155;
508;18;1372;L;1;4;;145974;141411;153711;155;
508;18;1188;L;1;4;;140616;140611;140547;155;
508;18;2348;L;1;4;;141913;141047;142282;155;
508;18;18923;L;1;4;;199340;199343;219750;1222;
508;18;2585;L;1;4;;142162;140615;140611;155;
508;18;1678;L;1;4;;142189;141204;140960;155;
508;18;7514;L;1;4;;21431;20546;21432;157;
508;18;7951;L;1;4;;87875;21431;87697;157;
508;18;24735;L;1;4;;263462;263461;263459;2907;
508;18;7057;L;1;4;;21209;20640;21210;157;
508;18;7441;L;1;4;;63709;20565;21481;157;
508;18;18846;L;1;4;;199402;219727;199437;1222;
508;18;6789;L;1;4;;20714;87890;20716;157;
508;18;1368;L;1;4;;141205;141446;141192;155;
508;18;1743;L;1;4;;141206;141203;141193;155;
508;18;7914;L;1;4;;87808;20596;21221;157;
508;18;24975;L;1;4;;263483;263384;263425;2907;
508;18;24979;L;1;4;;263484;263425;263485;2907;
508;18;18795;L;1;4;;199434;199352;219727;1222;
508;18;7106;L;1;4;;21225;21223;20686;157;
508;18;7953;L;1;4;;87880;20689;21225;157;
508;18;2936;L;1;4;;153732;140729;153733;155;
508;18;2638;L;1;4;;142337;142332;140729;155;
508;18;25131;L;1;4;;263523;263522;263474;2907;
508;18;25128;L;1;4;;263464;263457;263522;2907;
508;18;2664;L;1;4;;142342;263475;142341;155;
508;18;7220;L;1;4;;21235;86661;52855;157;
508;18;24621;L;1;4;;263431;263374;263383;2907;
508;18;7278;L;1;4;;21251;87890;21253;157;
508;18;24767;L;1;4;;263363;263467;263374;2907;
508;18;7154;L;1;4;;21232;20612;53154;157;
508;18;6954;L;1;4;;20742;20733;20604;157;
508;18;7731;L;1;4;;21503;21502;21504;157;
508;18;18885;L;1;4;;140786;199354;199420;1222;
508;18;2134;L;1;4;;140786;140881;141282;155;
508;18;1990;L;1;4;;142242;151646;141037;155;
508;18;1981;L;1;4;;140659;140877;151646;155;
508;18;2852;L;1;4;;142312;140691;141145;155;
508;18;1619;L;1;4;;141819;146056;141003;155;
508;18;1857;L;1;4;;141190;141351;140663;155;
508;18;2039;L;1;4;;140878;141282;142256;155;
508;18;2046;L;1;4;;142268;142254;263456;155;
508;18;1846;L;1;4;;142207;141343;141344;155;
508;18;1850;L;1;4;;141196;141344;141190;155;
508;18;18475;L;1;4;;199345;199346;199349;1222;
508;18;2068;L;1;4;;140928;153718;140926;155;
508;18;3054;L;1;4;;153716;142257;153718;155;
508;18;3057;L;1;4;;153718;153716;140928;155;
508;18;2306;L;1;4;;140895;141028;141043;155;
508;18;2150;L;1;4;;140784;140659;140781;155;
508;18;6681;L;1;4;;20626;20546;20558;157;
508;18;2311;L;1;4;;141084;140837;141096;155;
508;18;1935;L;1;4;;142214;141208;141210;155;
508;18;24754;L;1;4;;263348;263361;263339;2907;
508;18;24517;L;1;4;;263344;263361;263402;2907;
508;18;273;L;1;4;;140696;151646;140736;155;
508;18;300;L;1;4;;140781;175739;151646;155;
508;18;1843;L;1;4;;142216;141351;140664;155;
508;18;1832;L;1;4;;141233;141343;141344;155;
508;18;1836;L;1;4;;142211;141233;141351;155;
508;18;2369;L;1;4;;142279;141105;141090;155;
508;18;1883;L;1;4;;142218;141351;140663;155;
508;18;3015;L;1;4;;153799;153800;141343;155;
508;18;1872;L;1;4;;142208;141343;141344;155;
508;18;1876;L;1;4;;141197;141344;141351;155;
508;18;2164;L;1;4;;142265;151646;53154;155;
508;18;2018;L;1;4;;142249;140876;151646;155;
508;18;7065;L;1;4;;21211;86490;21212;157;
508;18;1868;L;1;4;;142217;141351;140663;155;
508;18;2121;L;1;4;;140879;141282;140653;155;
508;18;1818;L;1;4;;141234;153815;141344;155;
508;18;1861;L;1;4;;141337;141234;141351;155;
508;18;582;L;1;4;;141026;141028;141043;155;
508;18;2143;L;1;4;;140785;140659;140883;155;
508;18;6965;L;1;4;;20627;20596;86490;157;
508;18;2354;L;1;4;;142282;141133;140829;155;
508;18;2997;L;1;4;;142283;142282;141119;155;
508;18;7011;L;1;4;;20569;42620;20753;157;
508;18;7927;L;1;4;;87812;20726;20720;157;
508;18;1091;L;1;4;;141350;141351;141352;155;
508;18;1807;L;1;4;;142210;141231;141333;155;
508;18;1803;L;1;4;;141231;142204;141344;155;
508;18;2031;L;1;4;;140876;141282;140873;155;
508;18;1825;L;1;4;;141194;141344;141193;155;
508;18;1080;L;1;4;;141241;141236;141344;155;
508;18;1086;L;1;4;;141335;141344;141351;155;
508;18;659;L;1;4;;141094;140837;141070;155;
508;18;2274;L;1;4;;140893;141028;141043;155;
508;18;7085;L;1;4;;20679;21392;21460;157;
508;18;2319;L;1;4;;142263;142278;163083;155;
508;18;2316;L;1;4;;142278;140580;142263;155;
508;18;18703;L;1;4;;199418;219741;199422;1222;
508;18;18756;L;1;4;;199421;219768;243335;1222;
508;18;2269;L;1;4;;140891;142276;141043;155;
508;18;140;L;1;3;;140882;141282;163083;155;
508;18;1707;L;1;4;;144120;140986;142157;155;
508;18;18685;L;1;4;;199349;133390;199345;1222;
508;18;2538;L;1;4;;142309;141298;140745;155;
508;18;2234;L;1;4;;142256;140878;140882;155;
508;18;2499;L;1;4;;141299;140748;140615;155;
508;18;2486;L;1;4;;141402;140600;140540;155;
508;18;2491;L;1;4;;141413;140540;140748;155;
508;18;18471;L;1;4;;199341;219729;199344;1222;
508;18;2624;L;1;4;;153711;140540;263332;155;
508;18;2506;L;1;4;;140540;142300;153711;155;
508;18;119;L;1;3;;141243;140917;140866;155;
508;18;24587;L;1;4;;263418;263409;263517;2907;
508;18;51064;L;1;1;;263580;168119;163313;2913;
508;18;18629;L;1;4;;199372;199389;219729;1222;
508;18;25092;L;1;4;;263393;263392;263503;2907;
508;18;7643;L;1;4;;21239;42620;20720;157;
508;18;2214;L;1;4;;142271;141037;142270;155;
508;18;3132;L;1;2;G101;175812;175810;153805;155;
508;18;25088;L;1;4;;263500;263497;263502;2907;
508;18;1761;L;1;4;;142212;140677;140684;155;
508;18;1751;L;1;4;;142209;140971;140677;155;
508;18;2481;L;1;4;;153731;140748;140614;155;
508;18;2475;L;1;4;;153721;153736;140540;155;
508;18;2466;L;1;4;;153729;140540;140748;155;
508;18;1734;L;1;4;;142206;141231;141353;155;
508;18;7824;L;1;4;;21898;87815;21216;157;
508;18;6833;L;1;4;;20624;20546;20545;157;
508;18;2592;L;1;4;;263332;142320;140542;155;
508;18;24492;L;1;4;;263625;262079;263374;2907;
508;18;24502;L;1;4;;263386;263374;263391;2907;
508;18;7099;L;1;4;;21222;20686;21223;157;
508;18;24669;L;1;4;;263435;263374;263387;2907;
508;18;7102;L;1;4;;21223;21224;21225;157;
508;18;1729;L;1;4;;141341;142204;141234;155;
508;18;1626;L;1;4;;141003;140999;142238;155;
508;18;246;L;1;3;;263656;141048;140748;155;
508;18;251;L;1;3;;140751;263654;141048;155;
508;18;24656;L;1;4;;263441;263379;263383;2907;
508;18;265;L;1;3;;263653;140751;146035;155;
508;18;2407;L;1;4;;140702;140700;142292;155;
508;18;3117;L;7;0;;;175794;175792;155;
508;18;7117;L;1;4;;20735;20628;21465;157;
508;18;2427;L;1;4;;140919;141444;140916;155;
508;18;7595;L;1;4;;21462;65166;20602;157;
508;18;415;L;1;4;;141093;140751;141090;155;
508;18;24465;L;1;4;;263626;263339;263374;2907;
508;18;7697;L;1;4;;21495;20755;21497;157;
508;18;7603;L;1;4;;21465;86490;86661;157;
508;18;7053;L;1;4;;21208;20640;86490;157;
508;18;7050;L;1;4;;21205;20688;20640;157;
508;18;18637;L;1;4;;199374;199389;219729;1222;
508;18;1199;L;1;4;;141439;141440;141028;155;
508;18;2647;L;1;4;;140807;140808;142340;155;
508;18;2224;L;1;4;;142273;141039;141042;155;
508;18;7670;L;1;4;;20605;20726;21486;157;
508;18;24900;L;1;4;;263479;263475;263453;2907;
508;18;3140;L;1;2;G102;175815;175706;140960;155;
508;18;7554;L;1;4;;21471;20596;21449;157;
508;18;728;L;1;4;;141162;141282;140876;155;
508;18;1640;L;1;4;;142241;175736;140876;155;
508;18;1395;L;1;4;;140875;141802;141804;155;
508;18;6844;L;1;4;;20634;20622;20758;157;
508;18;7343;L;1;4;;21265;20720;20721;157;
508;18;24838;L;1;4;;263409;263418;263429;2907;
508;18;2954;L;1;4;;146076;141813;141464;155;
508;18;2708;L;1;4;;140631;141243;141247;155;
508;18;6904;L;1;4;;20711;87890;140866;157;
508;18;2672;L;1;4;;140818;140621;63598;155;
508;18;25077;L;1;4;;263459;263493;263499;2907;
508;18;25000;L;1;4;;263389;263394;263459;2907;
508;18;25046;L;1;4;;263489;263389;263391;2907;
508;18;474;L;1;3;;141237;140960;140671;155;
508;18;452;L;1;3;;141824;146007;220552;155;
508;18;18434;L;1;3;;220552;141824;199314;1222;
508;18;18877;L;1;4;;199449;220552;132634;1222;
508;18;51051;L;1;1;;263570;163716;263579;2913;
508;18;24055;L;1;1;;263528;263334;263333;2907;
508;18;7806;L;1;1;;21777;87814;21917;157;
508;18;6051;L;1;1;;21777;20546;86455;157;
508;18;12051;L;1;1;;263530;263333;163727;2908;
508;18;898;L;1;1;;153605;163727;144015;155;
508;18;15051;L;1;1;;263536;86455;263334;2909;
508;18;18415;L;1;3;;199294;219736;199312;1222;
508;18;18051;L;1;1;;199291;199292;219755;1222;
508;18;854;L;1;1;;141894;141314;141720;155;
508;18;506;L;1;4;;141352;141193;141282;155;
508;18;1551;L;7;0;;;141204;144053;155;
508;18;1557;L;7;0;;;141204;144051;155;
508;18;494;L;1;4;;140989;141204;141344;155;
508;18;498;L;1;4;;141193;141344;141352;155;
508;18;2988;L;1;3;;175743;145978;221251;155;
508;18;58;L;1;3;;140573;140574;140720;155;
508;18;66;L;1;3;;141446;140674;140574;155;
508;18;1565;L;7;0;;;141281;144015;155;
508;18;1567;L;7;0;;;141281;144053;155;
508;18;1569;L;7;0;;;141281;144051;155;
508;18;1377;L;1;4;;141281;175741;141282;155;
508;18;1128;L;1;4;;140556;140866;140872;155;
508;18;490;L;1;4;;140964;140960;140989;155;
508;18;1511;L;7;0;;;142673;144015;155;
508;18;1515;L;7;0;;;142673;144053;155;
508;18;1513;L;7;0;;;142673;144051;155;
508;18;312;L;1;4;;142673;140807;144015;155;
508;18;1545;L;7;0;;;140960;144053;155;
508;18;1547;L;7;0;;;140960;144051;155;
508;18;7862;L;1;4;;141071;20612;218553;157;
508;18;2359;L;1;4;;141071;140832;141250;155;
508;18;1597;L;7;0;;;144015;140717;155;
508;18;1541;L;7;0;;;144015;142177;155;
508;18;1563;L;7;0;;;144015;141281;155;
508;18;1519;L;7;0;;;144015;142673;155;
508;18;1573;L;7;0;;;144015;143154;155;
508;18;1595;L;7;0;;;144053;140717;155;
508;18;1537;L;7;0;;;144053;142177;155;
508;18;1525;L;7;0;;;144053;140542;155;
508;18;1553;L;7;0;;;144053;141204;155;
508;18;1561;L;7;0;;;144053;141281;155;
508;18;1517;L;7;0;;;144053;142673;155;
508;18;1543;L;7;0;;;144053;140960;155;
508;18;1575;L;7;0;;;144053;143154;155;
508;18;1529;L;7;0;;;144051;143738;155;
508;18;1593;L;7;0;;;144051;140717;155;
508;18;1539;L;7;0;;;144051;142177;155;
508;18;1555;L;7;0;;;144051;141204;155;
508;18;1559;L;7;0;;;144051;141281;155;
508;18;1521;L;7;0;;;144051;142673;155;
508;18;1549;L;7;0;;;144051;140960;155;
508;18;1571;L;7;0;;;144051;143154;155;
508;18;24431;L;1;3;;263629;263358;263361;2907;
508;18;25102;L;1;4;;263508;263335;263365;2907;
508;18;655;L;1;4;;141019;151966;141094;155;
508;18;24750;L;1;4;;263465;263453;263458;2907;
508;18;742;L;1;4;;141175;151646;141047;155;
508;18;24914;L;1;3;;263453;263472;263480;2907;
508;18;7204;L;1;4;;20710;20639;20619;157;
508;18;7195;L;1;4;;20710;53154;20639;157;
508;18;7249;L;1;4;;21245;20738;20711;157;
508;18;2949;L;1;4;;141282;141813;141175;155;
508;18;24903;L;1;4;;263387;263431;263472;2907;
508;18;6719;L;1;4;;21392;20688;21458;157;
508;18;18851;L;1;4;;199403;219727;199437;1222;
508;18;2380;L;1;4;;141097;141076;142288;155;
508;18;18625;L;1;4;;199390;199389;219729;1222;
508;18;400;L;1;4;;140900;140883;140751;155;
508;18;2262;L;1;4;;141029;162884;140893;155;
508;18;2190;L;1;4;;142269;141183;141042;155;
508;18;1404;L;1;4;;141043;140873;140751;155;
508;18;25034;L;1;4;;263426;263410;263427;2907;
508;18;6994;L;1;4;;20728;20603;21942;157;
508;18;7583;L;1;4;;21460;21459;20633;157;
508;18;7274;L;1;4;;21250;20714;20639;157;
508;18;1139;L;1;4;;141389;141390;141454;155;
508;18;2905;L;1;4;;141047;140750;141060;155;
508;18;6756;L;1;4;;20629;20596;20639;157;
508;18;6236;L;7;0;;;21518;21519;157;
508;18;25134;L;1;4;;263524;263458;263459;2907;
508;18;6578;L;1;4;;20640;53154;21205;157;
508;18;24716;L;1;4;;263455;263452;263459;2907;
508;18;7238;L;1;4;;20740;20604;20703;157;
508;18;18869;L;1;4;;219742;199351;199344;1222;
508;18;18866;L;1;4;;199351;199401;219726;1222;
508;18;3042;L;1;4;;142345;141254;140861;155;
508;18;7072;L;1;4;;87815;175699;21898;157;
508;18;6939;L;1;4;;20744;20603;20604;157;
508;18;18798;L;1;4;;199437;199401;219746;1222;
508;18;7557;L;1;4;;21469;21470;21472;157;
508;18;7713;L;1;4;;21498;53230;86491;157;
508;18;1683;L;1;4;;142190;141204;142196;155;
508;18;2243;L;1;4;;140889;140652;140884;155;
508;18;2564;L;1;4;;141140;141297;140611;155;
508;18;1192;L;1;4;;141432;141297;140611;155;
508;18;6244;L;7;0;;;21528;21401;157;
508;18;7404;L;1;4;;20647;20649;21296;157;
508;18;2596;L;1;4;;142325;140542;175833;155;
508;18;3071;L;1;4;;175727;142322;140542;155;
508;18;1632;L;1;4;;141464;146017;140990;155;
508;18;2849;L;1;4;;146027;140750;142313;155;
508;18;86;L;1;3;;140681;140684;175744;155;
508;18;18544;L;1;4;;199317;199382;199381;1222;
508;18;1664;L;1;4;;141239;140960;141237;155;
508;18;2010;L;1;4;;142247;53154;141047;155;
508;18;1974;L;1;4;;141377;140876;140786;155;
508;18;1179;L;1;4;;140744;145974;141415;155;
508;18;6935;L;1;4;;20743;20604;20606;157;
508;18;24446;L;1;4;;263351;263335;263367;2907;
508;18;1939;L;1;4;;141208;141787;141011;155;
508;18;1778;L;1;4;;141209;141203;141352;155;
508;18;2747;L;1;4;;141944;141821;153718;155;
508;18;3107;L;7;0;;;140700;175786;155;
508;18;3113;L;7;0;;;140700;175789;155;
508;18;197;L;1;1;;140700;140750;140704;155;
508;18;3028;L;1;4;;140700;263656;140858;155;
508;18;3119;L;7;0;;;175797;175796;155;
508;18;2452;L;1;4;;142300;141396;140691;155;
508;18;2085;L;1;4;;141838;146036;140580;155;
508;18;2878;L;1;4;;146038;141838;140990;155;
508;18;3149;L;1;2;G203;175825;141738;142362;155;
508;18;24845;L;1;4;;263378;263429;263445;2907;
508;18;24887;L;1;4;;263436;263433;263437;2907;
508;18;24873;L;1;4;;263434;263435;87611;2907;
508;18;24884;L;1;4;;263379;263375;263441;2907;
508;18;24860;L;1;4;;263381;162884;263476;2907;
508;18;7655;L;1;4;;20643;20644;21295;157;
508;18;7401;L;1;4;;21295;20647;20650;157;
508;18;24778;L;1;4;;263371;263346;263332;2907;
508;18;24787;L;1;4;;263372;263469;263332;2907;
508;18;25119;L;1;4;;263525;263372;263374;2907;
508;18;24796;L;1;4;;263373;263371;263332;2907;
508;18;24805;L;1;4;;263415;263406;263470;2907;
508;18;7242;L;1;4;;21243;20739;20740;157;
508;18;25025;L;1;4;;263427;263484;263490;2907;
508;18;2457;L;1;4;;142301;142300;229097;155;
508;18;7183;L;1;4;;21236;53154;21237;157;
508;18;6959;L;1;4;;20746;20600;20733;157;
508;18;7830;L;1;4;;21958;21959;263349;157;
508;18;7288;L;1;4;;21252;53154;21959;157;
508;18;2051;L;1;4;;142255;142246;141036;155;
508;18;1996;L;1;4;;140657;140875;142246;155;
508;18;24890;L;1;4;;263448;263446;263473;2907;
508;18;698;L;1;4;;141133;140749;140829;155;
508;18;7846;L;1;4;;20650;20670;21295;157;
508;18;2770;L;1;4;;142353;140917;142281;155;
508;18;126;L;1;3;;140917;163083;141243;155;
508;18;2691;L;1;4;;140637;140917;141090;155;
508;18;2634;L;1;4;;140729;140542;142339;155;
508;18;2342;L;1;4;;140839;140837;141047;155;
508;18;6968;L;1;4;;20601;20612;20639;157;
508;18;1715;L;1;4;;142193;144120;141210;155;
508;18;18831;L;1;4;;199398;219727;219737;1222;
508;18;315;L;1;4;;140808;140872;140807;155;
508;18;18574;L;1;4;;199315;199325;199381;1222;
508;18;321;L;1;4;;140621;140862;140872;155;
508;18;24627;L;1;4;;263432;263383;263384;2907;
508;18;1102;L;1;4;;141221;140671;141365;155;
508;18;806;L;1;4;;141344;141193;141221;155;
508;18;2957;L;1;4;;153733;140542;141920;155;
508;18;2095;L;1;4;;140924;141439;140916;155;
508;18;2642;L;1;4;;141272;141920;140808;155;
508;18;2650;L;1;4;;142340;142341;140807;155;
508;18;2423;L;1;4;;140921;163083;140916;155;
508;18;24474;L;1;4;;263375;263374;263384;2907;
508;18;7312;L;1;4;;21257;20639;21253;157;
508;18;2091;L;1;4;;140762;141439;140751;155;
508;18;1195;L;1;4;;141435;141163;140762;155;
508;18;664;L;1;4;;141091;162884;141444;155;
508;18;2323;L;1;4;;145994;141091;141084;155;
508;18;351;L;1;4;;140580;141446;140837;155;
508;18;18633;L;1;4;;199373;199389;219729;1222;
508;18;1668;L;1;4;;142196;133390;142190;155;
508;18;6931;L;1;4;;20606;53154;42620;157;
508;18;2103;L;1;4;;142262;140762;163083;155;
508;18;2976;L;1;4;;153787;153783;140990;155;
508;18;6864;L;1;4;;20730;21891;20598;157;
508;18;7006;L;1;4;;20715;20720;87891;157;
508;18;24677;L;1;4;;263631;263386;263383;2907;
508;18;18742;L;1;4;;199362;199424;219729;1222;
508;18;7258;L;1;4;;20620;42620;21248;157;
508;18;6878;L;1;4;;20621;20600;20546;157;
508;18;6692;L;1;4;;20633;20629;21481;157;
508;18;2298;L;1;4;;141028;141091;140837;155;
508;18;18673;L;1;4;;199411;199407;133390;1222;
508;18;7968;L;1;4;;21489;21486;218553;157;
508;18;2928;L;1;4;;153725;140960;141237;155;
508;18;24757;L;1;3;;263385;263349;263463;2907;
508;18;2922;L;1;4;;153722;153723;141313;155;
508;18;966;L;1;4;;140539;140603;153723;155;
508;18;7764;L;1;2;;22011;20543;20623;157;
508;18;18708;L;1;4;;199408;199407;133390;1222;
508;18;18737;L;1;4;;199410;199411;199424;1222;
508;18;6732;L;1;4;;20628;20550;20596;157;
508;18;18695;L;1;4;;199409;199407;199415;1222;
508;18;339;L;1;4;;140832;141094;141060;155;
508;18;2015;L;1;4;;142248;141047;140750;155;
508;18;3095;L;7;0;;;175769;140750;155;
508;18;18668;L;1;4;;199407;199392;199409;1222;
508;18;18728;L;1;4;;199424;199392;199354;1222;
508;18;3008;L;1;4;;146053;144120;141787;155;
508;18;1711;L;1;4;;142166;144120;141446;155;
508;18;425;L;1;4;;140911;141090;140917;155;
508;18;7551;L;1;4;;21448;20546;20543;157;
508;18;7917;L;1;4;;87809;20629;21448;157;
508;18;2572;L;1;4;;141409;140539;140542;155;
508;18;7621;L;1;4;;21450;21472;20546;157;
508;18;7352;L;1;4;;21269;20602;20546;157;
508;18;6206;L;7;0;;;20543;21274;157;
508;18;1920;L;1;4;;141365;140684;153770;155;
508;18;331;L;1;4;;140829;141060;140621;155;
508;18;2577;L;1;4;;140822;142317;140829;155;
508;18;2387;L;1;4;;141061;141059;140700;155;
508;18;2444;L;1;4;;175748;141180;141182;155;
508;18;1414;L;1;4;;141066;141252;140627;155;
508;18;2335;L;1;4;;141246;140637;141242;155;
508;18;636;L;1;4;;141105;163083;141094;155;
508;18;2700;L;1;4;;141252;141246;140861;155;
508;18;2293;L;1;4;;141022;141047;140832;155;
508;18;7000;L;1;4;;20750;20603;20728;157;
508;18;24427;L;1;3;;263355;263331;263358;2907;
508;18;18812;L;1;4;;219728;199440;219736;1222;
508;18;18464;L;1;4;;199335;199336;199341;1222;
508;18;18807;L;1;4;;199440;199341;219728;1222;
508;18;2781;L;1;4;;140713;142344;140718;155;
508;18;18607;L;1;4;;199388;199386;199393;1222;
508;18;18720;L;1;4;;199392;199388;199424;1222;
508;18;24701;L;1;4;;263449;263448;263383;2907;
508;18;7853;L;1;4;;87611;63598;20724;157;
508;18;24691;L;1;4;;87611;263434;263384;2907;
508;18;1116;L;1;4;;140881;141162;140786;155;
508;18;6922;L;1;4;;20604;20612;218553;157;
508;18;54;L;1;3;;140720;140573;140719;155;
508;18;1133;L;1;4;;141454;141390;153776;155;
508;18;2966;L;1;4;;146050;153778;141390;155;
508;18;2074;L;1;4;;141941;153777;153778;155;
508;18;7816;L;1;4;;21394;20649;20666;157;
508;18;7315;L;1;4;;21253;21257;20711;157;
508;18;7581;L;1;4;;21221;21220;20543;157;
508;18;1577;L;7;0;;;143154;144015;155;
508;18;1579;L;7;0;;;143154;144053;155;
508;18;1581;L;7;0;;;143154;144051;155;
508;18;2078;L;1;4;;143154;146017;141390;155;
508;18;24989;L;1;4;;263410;263394;263389;2907;
508;18;2744;L;1;4;;142347;175749;141863;155;
508;18;3091;L;7;0;;;141182;175765;155;
508;18;1111;L;1;4;;141182;140661;140691;155;
508;18;6889;L;1;4;;20736;20734;20639;157;
508;18;1966;L;1;4;;140663;141352;140661;155;
508;18;3135;L;1;2;G101;175813;153805;175814;155;
508;18;759;L;1;4;;141180;140677;140689;155;
508;18;763;L;1;4;;141351;141193;140677;155;
508;18;24534;L;1;4;;263364;263404;263349;2907;
508;18;1767;L;1;4;;142213;141194;140679;155;
508;18;6913;L;1;4;;20739;20639;20703;157;
508;18;7872;L;1;4;;21966;21967;53154;157;
508;18;18947;L;1;4;;219756;199467;220552;1222;
508;18;7459;L;2;2;;20597;;;157;
508;18;7454;L;1;4;;21404;20597;20729;157;
508;18;7448;L;1;4;;21923;20597;20600;157;
508;18;6804;L;1;4;;20691;20597;20612;157;
508;18;7475;L;1;4;;21961;21260;20597;157;
508;18;7322;L;1;4;;21961;53154;87878;157;
508;18;7444;L;1;4;;21962;21961;20597;157;
508;18;2289;L;1;4;;151966;141806;141022;155;
508;18;7283;L;1;4;;151966;21248;20717;157;
508;18;7930;L;1;4;;87813;20565;42620;157;
508;18;7042;L;1;4;;21207;20580;21202;157;
508;18;1436;L;1;4;;141813;145966;141282;155;
508;18;1452;L;1;4;;140804;141819;141813;155;
508;18;1445;L;1;4;;141277;175699;141819;155;
508;18;1797;L;1;4;;141229;142221;141344;155;
508;18;356;L;1;4;;141920;140547;141921;155;
508;18;1184;L;1;4;;140550;140611;140547;155;
508;18;6988;L;1;4;;20608;20726;87890;157;
508;18;2837;L;1;4;;146025;141047;140774;155;
508;18;1150;L;1;4;;140604;229097;146109;155;
508;18;18931;L;1;4;;219750;199339;199340;1222;
508;18;18507;L;1;3;;219738;219770;219739;1222;
508;18;7894;L;1;4;;21891;21974;20691;157;
508;18;6727;L;1;4;;21891;20596;53154;157;
508;18;1931;L;1;4;;142227;141193;141208;155;
508;18;566;L;1;4;;141010;141208;141193;155;
508;18;1747;L;1;4;;140971;141203;141193;155;
508;18;1699;L;1;4;;140986;142202;141204;155;
508;18;2547;L;1;4;;142314;140748;141432;155;
508;18;6675;L;1;4;;21922;21217;21481;157;
508;18;1691;L;1;4;;142157;140999;140991;155;
508;18;2629;L;1;4;;142332;140543;146115;155;
508;18;6686;L;1;4;;20558;20626;21361;157;
508;18;6658;L;1;4;;87838;20680;20633;157;
508;18;18641;L;1;4;;199375;199392;219729;1222;
508;18;7639;L;1;4;;21477;20726;53154;157;
508;18;7568;L;1;4;;21454;21451;20557;157;
508;18;2568;L;1;4;;141417;141415;140550;155;
508;18;7187;L;1;4;;20709;20606;20739;157;
508;18;25085;L;1;4;;263497;263391;263500;2907;
508;18;2396;L;1;4;;221286;140749;141133;155;
508;18;18690;L;1;4;;199414;199349;243335;1222;
508;18;7339;L;1;4;;20721;20720;21267;157;
508;18;18954;L;1;4;;219741;199415;199418;1222;
508;18;1620;L;1;4;;142236;142235;144015;155;
508;18;1614;L;1;4;;141817;142234;142235;155;
508;18;25022;L;1;4;;263490;263425;263427;2907;
508;18;18540;L;1;4;;199381;199315;199317;1222;
508;18;18715;L;1;4;;243335;199420;199422;1222;
508;18;24416;L;1;3;;263641;263355;263356;2907;
508;18;18760;L;1;4;;199422;219771;199427;1222;
508;18;18594;L;1;4;;199386;199320;199388;1222;
508;18;18888;L;1;4;;219748;199386;219738;1222;
508;18;24565;L;1;4;;263412;263413;263363;2907;
508;18;18486;L;1;4;;199427;199345;219729;1222;
508;18;7499;L;1;4;;21228;21227;21230;157;
508;18;2822;L;1;4;;53230;140749;141060;155;
508;18;7906;L;1;4;;53230;20584;86490;157;
508;18;7191;L;1;4;;53230;20606;20639;157;
508;18;3111;L;7;0;;;175789;140700;155;
508;18;7207;L;1;4;;20727;20726;20639;157;
508;18;7252;L;1;4;;21246;42620;87890;157;
508;18;3000;L;1;4;;141163;175805;141435;155;
508;18;3004;L;1;4;;141163;141282;141446;155;
508;18;25043;L;1;4;;263493;263459;263457;2907;
508;18;18861;L;1;4;;199443;199401;199404;1222;
508;18;18664;L;1;4;;199405;199392;199406;1222;
508;18;2959;L;1;4;;153770;141365;141410;155;
508;18;24960;L;1;4;;263384;263408;86491;2907;
508;18;7510;L;1;4;;20698;151646;21431;157;
508;18;1214;L;1;4;;142350;146017;153782;155;
508;18;2971;L;1;4;;153782;142350;153783;155;
508;18;2556;L;1;4;;142317;141119;140749;155;
508;18;25051;L;1;4;;263495;263390;263391;2907;
508;18;1791;L;1;4;;141181;140664;140689;155;
508;18;1784;L;1;4;;140664;141352;140661;155;
508;18;1696;L;1;4;;142202;141841;140986;155;
508;18;18824;L;1;4;;199397;199343;219737;1222;
508;18;24639;L;1;4;;263437;263374;263384;2907;
508;18;6662;L;1;4;;21217;21201;21481;157;
508;18;2532;L;1;4;;142305;140750;141298;155;
508;18;1069;L;1;4;;141220;140671;146117;155;
508;18;1062;L;1;4;;141343;140989;141220;155;
508;18;7562;L;1;4;;21934;21451;21393;157;
508;18;7435;L;1;4;;87856;87851;87857;157;
508;18;7808;L;1;4;;87850;87851;21298;157;
508;18;2238;L;1;4;;140652;142256;162884;155;
508;18;7147;L;1;4;;21230;20612;20550;157;
508;18;2653;L;1;4;;142341;140808;142342;155;
508;18;632;L;1;4;;141076;141094;141061;155;
508;18;24697;L;1;4;;263446;263374;263448;2907;
508;18;7683;L;1;4;;21492;21493;20639;157;
508;18;7615;L;1;4;;21468;20736;218553;157;
508;18;7113;L;1;4;;20708;218553;20734;157;
508;18;6892;L;1;4;;20734;20735;20621;157;
508;18;7944;L;1;4;;87863;87862;20545;157;
508;18;18617;L;1;4;;199394;199390;199393;1222;
508;18;24951;L;1;4;;263454;263472;263474;2907;
508;18;6218;L;7;0;;;151646;21274;157;
508;18;6224;L;7;0;;;21286;21278;157;
508;18;6220;L;7;0;;;21288;21278;157;
508;18;24931;L;1;4;;263383;263346;263472;2907;
508;18;6829;L;1;4;;20625;20546;20545;157;
508;18;2366;L;1;4;;142286;141022;141076;155;
508;18;6799;L;1;4;;20720;21263;21239;157;
508;18;7451;L;1;4;;21426;53154;20597;157;
508;18;2111;L;1;4;;140653;140875;140900;155;
508;18;2414;L;1;4;;140860;140858;140861;155;
508;18;18679;L;1;4;;133390;199349;199354;1222;
508;18;1673;L;1;4;;133390;141204;140960;155;
508;18;19;L;1;3;;140537;140671;175751;155;
508;18;79;L;1;3;;140674;140964;140671;155;
508;18;2460;L;1;4;;140691;141182;153729;155;
508;18;7361;L;1;4;;20733;53154;20602;157;
508;18;3121;L;7;0;;;140627;175802;155;
508;18;206;L;1;1;;140627;140704;140709;155;
508;18;2962;L;1;3;;140627;141254;140718;155;
508;18;1725;L;1;4;;142204;146120;141341;155;
508;18;24725;L;1;4;;263460;263452;263461;2907;
508;18;24732;L;1;4;;263461;263460;263462;2907;
508;18;24575;L;1;4;;263406;263364;263415;2907;
