CID;TABCD;LCD;INT_CID;INT_TABCD;INT_LCD
501;11;30665;501;11;30667
501;11;30667;501;11;31514
501;11;31514;501;11;31517
501;11;31517;501;11;30665
501;11;30668;501;11;30674
501;11;30674;501;11;30668
501;11;30496;501;11;30669
501;11;30669;501;11;30496
501;11;30670;501;11;31578
501;11;31578;501;11;30670
501;11;30671;501;11;30931
501;11;30931;501;11;30671
501;11;30672;501;11;31502
501;11;31502;501;11;30672
501;11;30440;501;11;30544
501;11;30544;501;11;30993
501;11;30993;501;11;31662
501;11;31662;501;11;30440
501;11;30438;501;11;30441
501;11;30441;501;11;30438
501;11;30442;501;11;30450
501;11;30450;501;11;30575
501;11;30575;501;11;30442
501;11;30443;501;11;30451
501;11;30451;501;11;30642
501;11;30642;501;11;30443
501;11;30444;501;11;30452
501;11;30452;501;11;30603
501;11;30603;501;11;30610
501;11;30610;501;11;30444
501;11;30445;501;11;30453
501;11;30453;501;11;31270
501;11;31270;501;11;30445
501;11;30446;501;11;30454
501;11;30454;501;11;30656
501;11;30656;501;11;30446
501;11;30447;501;11;30456
501;11;30456;501;11;30682
501;11;30682;501;11;30447
501;11;31018;501;11;31162
501;11;31162;501;11;31018
501;11;31163;501;11;31174
501;11;31174;501;11;31163
501;11;30427;501;11;31164
501;11;31164;501;11;30427
501;11;31119;501;11;31165
501;11;31165;501;11;31119
501;11;30549;501;11;31166
501;11;31166;501;11;30549
501;11;30588;501;11;31167
501;11;31167;501;11;30588
501;11;31168;501;11;31234
501;11;31234;501;11;31168
501;11;30651;501;11;31169
501;11;31169;501;11;30651
501;11;31170;501;11;31401
501;11;31401;501;11;31170
501;11;30733;501;11;30752
501;11;30752;501;11;30733
501;11;30734;501;11;30753
501;11;30753;501;11;30972
501;11;30972;501;11;30734
501;11;30735;501;11;30754
501;11;30754;501;11;30980
501;11;30980;501;11;30735
501;11;30736;501;11;30755
501;11;30755;501;11;31019
501;11;31019;501;11;30736
501;11;30428;501;11;30737
501;11;30737;501;11;30756
501;11;30756;501;11;30428
501;11;30738;501;11;30757
501;11;30757;501;11;31120
501;11;31120;501;11;30738
501;11;30551;501;11;30739
501;11;30739;501;11;30758
501;11;30758;501;11;31180
501;11;31180;501;11;30551
501;11;30590;501;11;30740
501;11;30740;501;11;30590
501;11;30741;501;11;31236
501;11;31236;501;11;30741
501;11;30742;501;11;31410
501;11;31410;501;11;30742
501;11;30654;501;11;30743
501;11;30743;501;11;30654
501;11;30744;501;11;30856
501;11;30856;501;11;30865
501;11;30865;501;11;30744
501;11;30745;501;11;31450
501;11;31450;501;11;30745
501;11;30746;501;11;31525
501;11;31525;501;11;30746
501;11;30747;501;11;31493
501;11;31493;501;11;30747
501;11;30623;501;11;30748
501;11;30748;501;11;30623
501;11;30506;501;11;30749
501;11;30749;501;11;30506
501;11;30750;501;11;31571
501;11;31571;501;11;30750
501;11;31603;501;11;31604
501;11;31604;501;11;31603
501;11;30457;501;11;30459
501;11;30459;501;11;30725
501;11;30725;501;11;30457
501;11;30460;501;11;30727
501;11;30727;501;11;30460
501;11;30202;501;11;30473
501;11;30473;501;11;30475
501;11;30475;501;11;30202
501;11;30476;501;11;30515
501;11;30515;501;11;30476
501;11;30203;501;11;30477
501;11;30477;501;11;31060
501;11;31060;501;11;30203
501;11;30478;501;11;31118
501;11;31118;501;11;30478
501;11;30479;501;11;30705
501;11;30705;501;11;30479
501;11;30205;501;11;30480
501;11;30480;501;11;30548
501;11;30548;501;11;30205
501;11;30481;501;11;31141
501;11;31141;501;11;30481
501;11;30206;501;11;30482
501;11;30482;501;11;30585
501;11;30585;501;11;30587
501;11;30587;501;11;30206
501;11;30483;501;11;31233
501;11;31233;501;11;30483
501;11;30484;501;11;30650
501;11;30650;501;11;30484
501;11;30485;501;11;31400
501;11;31400;501;11;30485
501;11;30207;501;11;30486
501;11;30486;501;11;30854
501;11;30854;501;11;30863
501;11;30863;501;11;30207
501;11;30487;501;11;31448
501;11;31448;501;11;30487
501;11;30488;501;11;31521
501;11;31521;501;11;31523
501;11;31523;501;11;30488
501;11;30489;501;11;31491
501;11;31491;501;11;30489
501;11;30490;501;11;30620
501;11;30620;501;11;30490
501;11;30491;501;11;30502
501;11;30502;501;11;30491
501;11;30468;501;11;30976
501;11;30976;501;11;30468
501;11;30469;501;11;31012
501;11;31012;501;11;30469
501;11;30470;501;11;31022
501;11;31022;501;11;30470
501;11;30422;501;11;30471
501;11;30471;501;11;30422
501;11;30472;501;11;31005
501;11;31005;501;11;30472
501;11;30523;501;11;30525
501;11;30525;501;11;30612
501;11;30612;501;11;31275
501;11;31275;501;11;30523
501;11;30526;501;11;31289
501;11;31289;501;11;30526
501;11;30527;501;11;31284
501;11;31284;501;11;30527
501;11;30528;501;11;30658
501;11;30658;501;11;30528
501;11;30529;501;11;30531
501;11;30531;501;11;30723
501;11;30723;501;11;30529
501;11;30516;501;11;31059
501;11;31059;501;11;30516
501;11;30517;501;11;31116
501;11;31116;501;11;30517
501;11;30518;501;11;30546
501;11;30546;501;11;31664
501;11;31664;501;11;30518
501;11;30519;501;11;31138
501;11;31138;501;11;30519
501;11;30520;501;11;30580
501;11;30580;501;11;30520
501;11;30521;501;11;30645
501;11;30645;501;11;30521
501;11;30522;501;11;31301
501;11;31301;501;11;30522
501;11;30714;501;11;30720
501;11;30720;501;11;30722
501;11;30722;501;11;30885
501;11;30885;501;11;30714
501;11;30683;501;11;30724
501;11;30724;501;11;30683
501;11;30597;501;11;31072
501;11;31072;501;11;30597
501;11;30599;501;11;31101
501;11;31101;501;11;30599
501;11;30600;501;11;30602
501;11;30602;501;11;30606
501;11;30606;501;11;30600
501;11;30058;501;11;30084
501;11;30084;501;11;30058
501;11;30067;501;11;30073
501;11;30073;501;11;30083
501;11;30083;501;11;30067
501;11;30056;501;11;30095
501;11;30095;501;11;30056
501;11;30065;501;11;30075
501;11;30075;501;11;30090
501;11;30090;501;11;30065
501;11;30809;501;11;30818
501;11;30818;501;11;30820
501;11;30820;501;11;30809
501;11;30703;501;11;30821
501;11;30821;501;11;30703
501;11;30889;501;11;30891
501;11;30891;501;11;30889
501;11;30892;501;11;30899
501;11;30899;501;11;30892
501;11;30893;501;11;30900
501;11;30900;501;11;31487
501;11;31487;501;11;30893
501;11;30559;501;11;30894
501;11;30894;501;11;30901
501;11;30901;501;11;30559
501;11;30895;501;11;31468
501;11;31468;501;11;30895
501;11;30839;501;11;30896
501;11;30896;501;11;30902
501;11;30902;501;11;30839
501;11;30859;501;11;30869
501;11;30869;501;11;30871
501;11;30871;501;11;30897
501;11;30897;501;11;30903
501;11;30903;501;11;30905
501;11;30905;501;11;31426
501;11;31426;501;11;30859
501;11;30679;501;11;31531
501;11;31531;501;11;31533
501;11;31533;501;11;30679
501;11;30406;501;11;31040
501;11;31040;501;11;30406
501;11;31032;501;11;31041
501;11;31041;501;11;31043
501;11;31043;501;11;31032
501;11;30804;501;11;30813
501;11;30813;501;11;31326
501;11;31326;501;11;31607
501;11;31607;501;11;30804
501;11;30805;501;11;31329
501;11;31329;501;11;30805
501;11;30806;501;11;31333
501;11;31333;501;11;30806
501;11;30808;501;11;31202
501;11;31202;501;11;30808
501;11;30414;501;11;30607
501;11;30607;501;11;31278
501;11;31278;501;11;30414
501;11;30608;501;11;31038
501;11;31038;501;11;30608
501;11;30609;501;11;31087
501;11;31087;501;11;30609
501;11;30611;501;11;31134
501;11;31134;501;11;30611
501;11;30613;501;11;31307
501;11;31307;501;11;30613
501;11;30614;501;11;30711
501;11;30711;501;11;30713
501;11;30713;501;11;30852
501;11;30852;501;11;30614
501;11;30615;501;11;31295
501;11;31295;501;11;31297
501;11;31297;501;11;30615
501;11;30616;501;11;31539
501;11;31539;501;11;30616
501;11;30617;501;11;30619
501;11;30619;501;11;30617
501;11;31520;501;11;31609
501;11;31609;501;11;31520
501;11;30621;501;11;31229
501;11;31229;501;11;30621
501;11;30622;501;11;30925
501;11;30925;501;11;30622
501;11;30624;501;11;31499
501;11;31499;501;11;30624
501;11;30625;501;11;30789
501;11;30789;501;11;30791
501;11;30791;501;11;31445
501;11;31445;501;11;31610
501;11;31610;501;11;30625
501;11;31186;501;11;31188
501;11;31188;501;11;31191
501;11;31191;501;11;31186
501;11;31193;501;11;31195
501;11;31195;501;11;31193
501;11;31196;501;11;31212
501;11;31212;501;11;31196
501;11;30557;501;11;31197
501;11;31197;501;11;31414
501;11;31414;501;11;30557
501;11;30767;501;11;31185
501;11;31185;501;11;30767
501;11;30432;501;11;31192
501;11;31192;501;11;30432
501;11;30920;501;11;30922
501;11;30922;501;11;30920
501;11;31435;501;11;31470
501;11;31470;501;11;31435
501;11;30906;501;11;31473
501;11;31473;501;11;30906
501;11;30840;501;11;31475
501;11;31475;501;11;30840
501;11;31467;501;11;31476
501;11;31476;501;11;31467
501;11;31477;501;11;31480
501;11;31480;501;11;31477
501;11;30560;501;11;31478
501;11;31478;501;11;30560
501;11;30793;501;11;31440
501;11;31440;501;11;31673
501;11;31673;501;11;30793
501;11;30794;501;11;30909
501;11;30909;501;11;30794
501;11;30795;501;11;30874
501;11;30874;501;11;30795
501;11;30796;501;11;30843
501;11;30843;501;11;30845
501;11;30845;501;11;30796
501;11;30797;501;11;31482
501;11;31482;501;11;30797
501;11;30562;501;11;30798
501;11;30798;501;11;30562
501;11;30799;501;11;31489
501;11;31489;501;11;30799
501;11;31605;501;11;31608
501;11;31608;501;11;31605
501;11;30941;501;11;30943
501;11;30943;501;11;30941
501;11;30512;501;11;30945
501;11;30945;501;11;30512
501;11;31177;501;11;31182
501;11;31182;501;11;31177
501;11;30431;501;11;30768
501;11;30768;501;11;30772
501;11;30772;501;11;31183
501;11;31183;501;11;30431
501;11;31317;501;11;31320
501;11;31320;501;11;31317
501;11;30697;501;11;31321
501;11;31321;501;11;30697
501;11;31322;501;11;31356
501;11;31356;501;11;31322
501;11;31323;501;11;31360
501;11;31360;501;11;31323
501;11;31367;501;11;31369
501;11;31369;501;11;31367
501;11;31352;501;11;31370
501;11;31370;501;11;31352
501;11;30404;501;11;30418
501;11;30418;501;11;30404
501;11;30419;501;11;30435
501;11;30435;501;11;30419
501;11;30420;501;11;31001
501;11;31001;501;11;31003
501;11;31003;501;11;30420
501;11;30421;501;11;30989
501;11;30989;501;11;30421
501;11;30423;501;11;30952
501;11;30952;501;11;30423
501;11;30424;501;11;30968
501;11;30968;501;11;30424
501;11;30425;501;11;31062
501;11;31062;501;11;30425
501;11;30426;501;11;31008
501;11;31008;501;11;30426
501;11;30429;501;11;31178
501;11;31178;501;11;30429
501;11;31519;501;11;31562
501;11;31562;501;11;31611
501;11;31611;501;11;31519
501;11;30493;501;11;30503
501;11;30503;501;11;30493
501;11;30504;501;11;31575
501;11;31575;501;11;30504
501;11;30505;501;11;30926
501;11;30926;501;11;30505
501;11;30693;501;11;30695
501;11;30695;501;11;31362
501;11;31362;501;11;30693
501;11;30696;501;11;31391
501;11;31391;501;11;30696
501;11;30698;501;11;31327
501;11;31327;501;11;30698
501;11;30699;501;11;31331
501;11;31331;501;11;30699
501;11;30700;501;11;31335
501;11;31335;501;11;30700
501;11;30702;501;11;31209
501;11;31209;501;11;30702
501;11;30769;501;11;30773
501;11;30773;501;11;30769
501;11;30553;501;11;30555
501;11;30555;501;11;30770
501;11;30770;501;11;30775
501;11;30775;501;11;30777
501;11;30777;501;11;30783
501;11;30783;501;11;30553
501;11;30761;501;11;30973
501;11;30973;501;11;30761
501;11;30762;501;11;30981
501;11;30981;501;11;30762
501;11;30763;501;11;31020
501;11;31020;501;11;30763
501;11;30774;501;11;31122
501;11;31122;501;11;30774
501;11;31125;501;11;31659
501;11;31659;501;11;31125
501;11;30684;501;11;31598
501;11;31598;501;11;30684
501;11;30510;501;11;30685
501;11;30685;501;11;30510
501;11;30686;501;11;30936
501;11;30936;501;11;30686
501;11;30687;501;11;31373
501;11;31373;501;11;30687
501;11;30688;501;11;30917
501;11;30917;501;11;30688
501;11;30689;501;11;30848
501;11;30848;501;11;30689
501;11;30564;501;11;30690
501;11;30690;501;11;30692
501;11;30692;501;11;31393
501;11;31393;501;11;30564
501;11;30875;501;11;30877
501;11;30877;501;11;31600
501;11;31600;501;11;30875
501;11;30828;501;11;30878
501;11;30878;501;11;30828
501;11;30879;501;11;31592
501;11;31592;501;11;30879
501;11;30880;501;11;30912
501;11;30912;501;11;30914
501;11;30914;501;11;30880
501;11;30881;501;11;30934
501;11;30934;501;11;30881
501;11;30499;501;11;30508
501;11;30508;501;11;30882
501;11;30882;501;11;30499
501;11;30883;501;11;31511
501;11;31511;501;11;31559
501;11;31559;501;11;30883
501;11;30838;501;11;31430
501;11;31430;501;11;30838
501;11;31420;501;11;31422
501;11;31422;501;11;31431
501;11;31431;501;11;31420
501;11;31436;501;11;31438
501;11;31438;501;11;31436
501;11;31510;501;11;31554
501;11;31554;501;11;31510
501;11;31343;501;11;31512
501;11;31512;501;11;31343
501;11;31215;501;11;31613
501;11;31613;501;11;31215
501;11;31444;501;11;31453
501;11;31453;501;11;31444
501;11;31200;501;11;31211
501;11;31211;501;11;31200
501;11;30558;501;11;31213
501;11;31213;501;11;30558
501;11;30835;501;11;30837
501;11;30837;501;11;31214
501;11;31214;501;11;30835
501;11;30628;501;11;31439
501;11;31439;501;11;30628
501;11;30826;501;11;31441
501;11;31441;501;11;30826
501;11;31048;501;11;31070
501;11;31070;501;11;31048
501;11;30568;501;11;31071
501;11;31071;501;11;30568
501;11;31073;501;11;31261
501;11;31261;501;11;31073
501;11;30817;501;11;31203
501;11;31203;501;11;31205
501;11;31205;501;11;30817
501;11;30907;501;11;31454
501;11;31454;501;11;31457
501;11;31457;501;11;30907
501;11;30841;501;11;31461
501;11;31461;501;11;31463
501;11;31463;501;11;30841
501;11;31464;501;11;31466
501;11;31466;501;11;31464
501;11;30951;501;11;31023
501;11;31023;501;11;30951
501;11;30967;501;11;31024
501;11;31024;501;11;30967
501;11;31389;501;11;31394
501;11;31394;501;11;31396
501;11;31396;501;11;31389
501;11;31380;501;11;31397
501;11;31397;501;11;31380
501;11;30541;501;11;31485
501;11;31485;501;11;30541
501;11;30556;501;11;30594
501;11;30594;501;11;30556
501;11;30561;501;11;30633
501;11;30633;501;11;30635
501;11;30635;501;11;30561
501;11;30542;501;11;30563
501;11;30563;501;11;30542
501;11;30630;501;11;30873
501;11;30873;501;11;30630
501;11;31117;501;11;31144
501;11;31144;501;11;31117
501;11;31145;501;11;31151
501;11;31151;501;11;31665
501;11;31665;501;11;31145
501;11;31139;501;11;31146
501;11;31146;501;11;31139
501;11;30582;501;11;31148
501;11;31148;501;11;30582
501;11;30647;501;11;31149
501;11;31149;501;11;30647
501;11;31150;501;11;31303
501;11;31303;501;11;31150
501;11;31267;501;11;31269
501;11;31269;501;11;31279
501;11;31279;501;11;31267
501;11;31271;501;11;31313
501;11;31313;501;11;31271
501;11;31272;501;11;31283
501;11;31283;501;11;31272
501;11;31273;501;11;31288
501;11;31288;501;11;31273
501;11;30964;501;11;30970
501;11;30970;501;11;30964
501;11;30632;501;11;31481
501;11;31481;501;11;30632
501;11;30584;501;11;31241
501;11;31241;501;11;30584
501;11;31232;501;11;31242
501;11;31242;501;11;31232
501;11;30649;501;11;31243
501;11;31243;501;11;30649
501;11;31244;501;11;31399
501;11;31399;501;11;31244
501;11;31544;501;11;31547
501;11;31547;501;11;31544
501;11;30663;501;11;31548
501;11;31548;501;11;30663
501;11;31341;501;11;31550
501;11;31550;501;11;31341
501;11;30532;501;11;31555
501;11;31555;501;11;30532
501;11;30680;501;11;30825
501;11;30825;501;11;31580
501;11;31580;501;11;31672
501;11;31672;501;11;30680
501;11;31347;501;11;31581
501;11;31581;501;11;31347
501;11;30834;501;11;31415
501;11;31415;501;11;30834
501;11;31416;501;11;31419
501;11;31419;501;11;31416
501;11;30986;501;11;30997
501;11;30997;501;11;30986
501;11;30975;501;11;30987
501;11;30987;501;11;30975
501;11;30988;501;11;31011
501;11;31011;501;11;30988
501;11;30990;501;11;31004
501;11;31004;501;11;30990
501;11;30991;501;11;31057
501;11;31057;501;11;30991
501;11;30992;501;11;31114
501;11;31114;501;11;30992
501;11;30994;501;11;31136
501;11;31136;501;11;30994
501;11;30577;501;11;30995
501;11;30995;501;11;30577
501;11;31049;501;11;31067
501;11;31067;501;11;31049
501;11;30407;501;11;31068
501;11;31068;501;11;30407
501;11;30409;501;11;31093
501;11;31093;501;11;31095
501;11;31095;501;11;30409
501;11;30569;501;11;31096
501;11;31096;501;11;30569
501;11;30916;501;11;31584
501;11;31584;501;11;30916
501;11;31585;501;11;31587
501;11;31587;501;11;31594
501;11;31594;501;11;31585
501;11;30953;501;11;31006
501;11;31006;501;11;30953
501;11;31007;501;11;31061
501;11;31061;501;11;31007
501;11;31009;501;11;31173
501;11;31173;501;11;31009
501;11;30927;501;11;30929
501;11;30929;501;11;31570
501;11;31570;501;11;30927
501;11;30677;501;11;30930
501;11;30930;501;11;30677
501;11;30933;501;11;31345
501;11;31345;501;11;30933
501;11;30535;501;11;30935
501;11;30935;501;11;30535
501;11;30731;501;11;30937
501;11;30937;501;11;30731
501;11;30938;501;11;30940
501;11;30940;501;11;30938
501;11;31354;501;11;31365
501;11;31365;501;11;31354
501;11;31350;501;11;31355
501;11;31355;501;11;31350
501;11;31063;501;11;31172
501;11;31172;501;11;31063
501;11;31159;501;11;31300
501;11;31300;501;11;31159
501;11;31302;501;11;31306
501;11;31306;501;11;31302
501;11;30710;501;11;31304
501;11;31304;501;11;30710
501;11;31086;501;11;31624
501;11;31624;501;11;31086
501;11;31625;501;11;31627
501;11;31627;501;11;31625
501;11;31082;501;11;31090
501;11;31090;501;11;31082
501;11;31034;501;11;31091
501;11;31091;501;11;31034
501;11;31077;501;11;31092
501;11;31092;501;11;31077
501;11;30803;501;11;31316
501;11;31316;501;11;30803
501;11;31078;501;11;31105
501;11;31105;501;11;31078
501;11;31035;501;11;31106
501;11;31106;501;11;31035
501;11;31083;501;11;31107
501;11;31107;501;11;31083
501;11;30449;501;11;31108
501;11;31108;501;11;30449
501;11;30241;501;11;30255
501;11;30255;501;11;30259
501;11;30259;501;11;30261
501;11;30261;501;11;30241
501;11;30547;501;11;30706
501;11;30706;501;11;30547
501;11;30707;501;11;31140
501;11;31140;501;11;31668
501;11;31668;501;11;30707
501;11;30583;501;11;30708
501;11;30708;501;11;30583
501;11;30648;501;11;30709
501;11;30709;501;11;30648
501;11;31102;501;11;31266
501;11;31266;501;11;31102
501;11;31103;501;11;31262
501;11;31262;501;11;31103
501;11;31617;501;11;31618
501;11;31618;501;11;31617
501;11;31263;501;11;31280
501;11;31280;501;11;31263
501;11;31058;501;11;31126
501;11;31126;501;11;31058
501;11;31115;501;11;31127
501;11;31127;501;11;31115
501;11;30545;501;11;31130
501;11;31130;501;11;31663
501;11;31663;501;11;30545
501;11;31131;501;11;31137
501;11;31137;501;11;31131
501;11;30578;501;11;31132
501;11;31132;501;11;30578
501;11;30643;501;11;31133
501;11;31133;501;11;30643
501;11;30494;501;11;31566
501;11;31566;501;11;31568
501;11;31568;501;11;30494
501;11;31569;501;11;31576
501;11;31576;501;11;31569
501;11;31500;501;11;31572
501;11;31572;501;11;31500
501;11;31518;501;11;31565
501;11;31565;501;11;31518
501;11;31374;501;11;31383
501;11;31383;501;11;31374
501;11;31375;501;11;31377
501;11;31377;501;11;31375
501;11;31516;501;11;31537
501;11;31537;501;11;31516
501;11;31227;501;11;31524
501;11;31524;501;11;31227
501;11;31497;501;11;31526
501;11;31526;501;11;31497
501;11;31506;501;11;31527
501;11;31527;501;11;31506
501;11;30413;501;11;30639
501;11;30639;501;11;30413
501;11;30640;501;11;31037
501;11;31037;501;11;30640
501;11;30641;501;11;31085
501;11;31085;501;11;30641
501;11;30644;501;11;31158
501;11;31158;501;11;30644
501;11;30646;501;11;31155
501;11;31155;501;11;30646
501;11;30652;501;11;31405
501;11;31405;501;11;30652
501;11;30653;501;11;31224
501;11;31224;501;11;31620
501;11;31620;501;11;30653
501;11;31056;501;11;31110
501;11;31110;501;11;31056
501;11;31111;501;11;31113
501;11;31113;501;11;31111
501;11;31540;501;11;31543
501;11;31543;501;11;31540
501;11;30436;501;11;31044
501;11;31044;501;11;30436
501;11;30437;501;11;31055
501;11;31055;501;11;30437
501;11;31402;501;11;31406
501;11;31406;501;11;31402
501;11;31052;501;11;31076
501;11;31076;501;11;31052
501;11;30572;501;11;31079
501;11;31079;501;11;30572
501;11;30239;501;11;30263
501;11;30263;501;11;30239
501;11;30243;501;11;30257
501;11;30257;501;11;30243
501;11;30225;501;11;30227
501;11;30227;501;11;30231
501;11;30231;501;11;30225
501;11;30209;501;11;30211
501;11;30211;501;11;30209
501;11;30213;501;11;30221
501;11;30221;501;11;30213
501;11;30215;501;11;30217
501;11;30217;501;11;30219
501;11;30219;501;11;30223
501;11;30223;501;11;30215
501;11;30237;501;11;30265
501;11;30265;501;11;30237
501;11;30245;501;11;30271
501;11;30271;501;11;30273
501;11;30273;501;11;30245
501;11;30247;501;11;30249
501;11;30249;501;11;30251
501;11;30251;501;11;30269
501;11;30269;501;11;30247
501;11;30253;501;11;30267
501;11;30267;501;11;30253
501;11;30984;501;11;31013
501;11;31013;501;11;30984
501;11;30950;501;11;31014
501;11;31014;501;11;30950
501;11;30966;501;11;31016
501;11;31016;501;11;30966
501;11;31017;501;11;31064
501;11;31064;501;11;31017
501;11;31221;501;11;31409
501;11;31409;501;11;31221
501;11;31254;501;11;31411
501;11;31411;501;11;31254
501;11;30786;501;11;31412
501;11;31412;501;11;30786
501;11;30998;501;11;31000
501;11;31000;501;11;30998
501;11;31054;501;11;31081
501;11;31081;501;11;31054
501;11;30574;501;11;31084
501;11;31084;501;11;30574
501;11;30636;501;11;31488
501;11;31488;501;11;30636
501;11;30948;501;11;30956
501;11;30956;501;11;30948
501;11;30949;501;11;30978
501;11;30978;501;11;30949
501;11;31206;501;11;31208
501;11;31208;501;11;31206
501;11;31351;501;11;31359
501;11;31359;501;11;31351
501;11;31646;501;11;31650
501;11;31650;501;11;31646
501;11;30533;501;11;31597
501;11;31597;501;11;30533
501;11;30509;501;11;30534
501;11;30534;501;11;30509
501;11;30536;501;11;30915
501;11;30915;501;11;30536
501;11;30537;501;11;31593
501;11;31593;501;11;30537
501;11;30538;501;11;30829
501;11;30829;501;11;30538
501;11;30539;501;11;31601
501;11;31601;501;11;30539
501;11;30540;501;11;30846
501;11;30846;501;11;30540
501;11;30676;501;11;31577
501;11;31577;501;11;30676
501;11;30814;501;11;31330
501;11;31330;501;11;30814
501;11;30815;501;11;31334
501;11;31334;501;11;30815
501;11;31228;501;11;31492
501;11;31492;501;11;31228
501;11;31494;501;11;31498
501;11;31498;501;11;31494
501;11;31495;501;11;31507
501;11;31507;501;11;31495
501;11;31121;501;11;31179
501;11;31179;501;11;31121
501;11;30592;501;11;30778
501;11;30778;501;11;30784
501;11;30784;501;11;30592
501;11;30779;501;11;30785
501;11;30785;501;11;31238
501;11;31238;501;11;30779
501;11;30780;501;11;30787
501;11;30787;501;11;30858
501;11;30858;501;11;30867
501;11;30867;501;11;30780
501;11;30781;501;11;30788
501;11;30788;501;11;31452
501;11;31452;501;11;30781
501;11;30495;501;11;30675
501;11;30675;501;11;30495
501;11;30498;501;11;31344
501;11;31344;501;11;30498
501;11;30629;501;11;30908
501;11;30908;501;11;30629
501;11;30827;501;11;30910
501;11;30910;501;11;30827
501;11;30911;501;11;31504
501;11;31504;501;11;30911
501;11;30550;501;11;31218
501;11;31218;501;11;30550
501;11;30552;501;11;31251
501;11;31251;501;11;30552
501;11;30853;501;11;30862
501;11;30862;501;11;30853
501;11;30855;501;11;30864
501;11;30864;501;11;31225
501;11;31225;501;11;30855
501;11;30857;501;11;30866
501;11;30866;501;11;31255
501;11;31255;501;11;31257
501;11;31257;501;11;30857
501;11;30861;501;11;31298
501;11;31298;501;11;30861
501;11;31258;501;11;31451
501;11;31451;501;11;31258
501;11;30591;501;11;31252
501;11;31252;501;11;30591
501;11;31237;501;11;31253
501;11;31253;501;11;31237
501;11;30405;501;11;31028
501;11;31028;501;11;30405
501;11;31029;501;11;31031
501;11;31031;501;11;31029
501;11;31290;501;11;31308
501;11;31308;501;11;31290
501;11;30955;501;11;30959
501;11;30959;501;11;30955
501;11;30977;501;11;30983
501;11;30983;501;11;30977
501;11;31285;501;11;31309
501;11;31309;501;11;31285
501;11;30659;501;11;31310
501;11;31310;501;11;30659
501;11;30664;501;11;31541
501;11;31541;501;11;31557
501;11;31557;501;11;31619
501;11;31619;501;11;30664
501;11;30657;501;11;31314
501;11;31314;501;11;30657
501;11;30660;501;11;30719
501;11;30719;501;11;30660
501;11;31589;501;11;31602
501;11;31602;501;11;31589
501;11;30830;501;11;31588
501;11;31588;501;11;30830
501;11;30581;501;11;31154
501;11;31154;501;11;30581
501;11;30957;501;11;30963
501;11;30963;501;11;30957
501;11;30965;501;11;30979
501;11;30979;501;11;30965
501;11;30678;501;11;31501
501;11;31501;501;11;30678
501;11;31220;501;11;31235
501;11;31235;501;11;31220
501;11;30833;501;11;31239
501;11;31239;501;11;30833
501;11;31628;501;11;31630
501;11;31630;501;11;31628
501;11;30919;501;11;31378
501;11;31378;501;11;30919
501;11;30850;501;11;31379
501;11;31379;501;11;30850
501;11;31364;501;11;31381
501;11;31381;501;11;31364
501;11;31226;501;11;31449
501;11;31449;501;11;31226
501;11;30589;501;11;31219
501;11;31219;501;11;30589
501;11;30847;501;11;31590
501;11;31590;501;11;30847
501;11;30849;501;11;31385
501;11;31385;501;11;30849
501;11;30631;501;11;30842
501;11;30842;501;11;30631
501;11;30593;501;11;30832
501;11;30832;501;11;30593
501;11;30410;501;11;30570
501;11;30570;501;11;30410
501;11;30412;501;11;30571
501;11;30571;501;11;30412
501;11;30573;501;11;31036
501;11;31036;501;11;30573
501;11;30579;501;11;31157
501;11;31157;501;11;30579
501;11;31363;501;11;31390
501;11;31390;501;11;31363
501;11;31358;501;11;31366
501;11;31366;501;11;31358
501;11;30918;501;11;31384
501;11;31384;501;11;30918
501;11;31386;501;11;31388
501;11;31388;501;11;31386
501;11;30408;501;11;31051
501;11;31051;501;11;30408
501;11;31033;501;11;31053
501;11;31053;501;11;31033
501;11;31346;501;11;31503
501;11;31503;501;11;31346
501;11;12067;501;11;18052
501;11;18052;501;11;12067
501;11;54056;501;11;60052
501;11;60052;501;11;54056
501;11;61;501;11;12053
501;11;12053;501;11;61
501;11;12060;501;11;24052
501;11;24052;501;11;12060
501;11;36054;501;11;42052
501;11;42052;501;11;36054
501;11;42057;501;11;48052
501;11;48052;501;11;42057
501;11;57;501;11;6063
501;11;6063;501;11;57
501;11;24057;501;11;30053
501;11;30053;501;11;24057
501;11;30060;501;11;36052
501;11;36052;501;11;30060
501;11;18071;501;11;54052
501;11;54052;501;11;18071
501;11;63;501;11;12069
501;11;12069;501;11;63
