CID;LID;NID;NAME;NCOMMENT
501;1;976;亚洲;
501;1;977;中国;
501;1;978;安徽省;
501;1;455;安庆市;
501;1;493;蚌埠市;
501;1;474;巢湖市;
501;1;426;池州市;
501;1;489;滁州市;
501;1;511;阜阳市;
501;1;517;毫州市;
501;1;611;合肥市;
501;1;441;黄山市;
501;1;470;六安市;
501;1;501;宿州市;
501;1;745;阜南路;
501;1;815;清溪东路;
501;1;803;宿州路;
501;1;744;寿春路;
501;1;742;蒙城路;
501;1;750;六安路;
501;1;762;阜阳路;
501;1;708;宿松路;
501;1;730;锦绣大道;
501;1;736;绩溪路;
501;1;874;观海路;
501;1;691;繁华大道;
501;1;733;祁门路;
501;1;686;南二环路;
501;1;774;望江东路;
501;1;735;太湖路;
501;1;698;黄山路;
501;1;715;西二环路;
501;1;703;翡翠路;
501;1;719;北二环路;
501;1;701;集贤路;
501;1;687;望江西路;
501;1;716;长江西路高架;
501;1;717;樊洼路;
501;1;718;清溪路;
501;1;709;徽州大道;
501;1;830;云谷路;
501;1;743;淮河路;
501;1;664;方兴大道;
501;1;729;紫云路;
501;1;831;九华山路;
501;1;688;南一环路;
501;1;737;芜湖路;
501;1;738;环城南路;
501;1;739;庐江路;
501;1;740;长江中路;
501;1;741;安庆路;
501;1;560;Ｇ２０６;
501;1;725;合淮公路;
501;1;727;Ｘ０４１;
501;1;614;合肥绕城高速公路;
501;1;724;四里河路;
501;1;726;合瓦路;
501;1;678;金寨路;
501;1;704;金寨南路;
501;1;732;潜山路;
501;1;684;习友路;
501;1;685;合作化南路;
501;1;734;休宁路;
501;1;1082;幸福大道;
501;1;731;丹霞路;
501;1;707;芙蓉路;
501;1;757;潜山北路;
501;1;722;长江西路;
501;1;758;淠河路;
501;1;759;史河路;
501;1;756;贵池路;
501;1;748;北一环路;
501;1;723;董铺路;
501;1;677;合六路;
501;1;781;长宁大道;
501;1;782;创新大道;
501;1;797;红星路;
501;1;670;合肥绕城高速公路东段;
501;1;1131;路口枢纽;
501;1;665;Ｓ３３１;
501;1;661;芜合高速公路;
501;1;671;合肥绕城高速公路南段;
501;1;682;肥东服务区;
501;1;681;Ｓ１０５;
501;1;680;包河大道;
501;1;679;京台高速公路;
501;1;676;合肥绕城高速公路西段;
501;1;660;蚌合高速公路;
501;1;672;合肥绕城高速公路北段;
501;1;675;Ｘ０１９;
501;1;674;Ｘ００６;
501;1;673;众兴服务区;
501;1;657;沪陕高速公路;
501;1;658;新桥服务区;
501;1;663;Ｓ２２６;
501;1;659;Ｘ０３８;
501;1;662;文集服务区;
501;1;827;Ｓ１０１;
501;1;844;龙泉路;
501;1;847;Ｘ０２２;
501;1;820;包公大道;
501;1;858;Ｘ０２４;
501;1;851;裕溪路;
501;1;806;东一环路;
501;1;859;纲红路;
501;1;810;郎溪路;
501;1;769;东二环路;
501;1;860;南陵路;
501;1;807;铜陵路;
501;1;669;淮河大街中段;
501;1;666;龙门寺服务区;
501;1;667;Ｘ０１５;
501;1;668;Ｘ００９;
501;1;921;环城东路;
501;1;693;明珠大道;
501;1;689;玉兰大道;
501;1;787;香樟大道;
501;1;823;金阳路;
501;1;845;Ｘ００１;
501;1;824;桥头集路;
501;1;825;沿河西路;
501;1;843;撮镇路;
501;1;1146;科学岛路;
501;1;788;科学大道;
501;1;770;怀宁路;
501;1;798;青阳路;
501;1;799;西园３号路;
501;1;800;长丰南路;
501;1;780;长江东路;
501;1;801;环城西路;
501;1;802;桐城路;
501;1;751;花园街;
501;1;890;花园大道;
501;1;712;重庆路;
501;1;891;原圩西路;
501;1;775;南淝河路;
501;1;892;纬一路;
501;1;776;巢湖南路;
501;1;836;人民大街;
501;1;863;涂山路;
501;1;778;和平路;
501;1;850;滨河路;
501;1;805;明光路;
501;1;808;肥东路;
501;1;752;蒙城北路;
501;1;866;天宝路;
501;1;889;花园路;
501;1;710;庐州大道;
501;1;822;大众路;
501;1;842;忠群路;
501;1;904;学府路;
501;1;903;关井路;
501;1;908;磨店街;
501;1;819;文忠路;
501;1;907;烈山路;
501;1;700;八公山路;
501;1;713;环圩西路;
501;1;702;九龙路;
501;1;705;莲花路;
501;1;706;始信路;
501;1;924;大众巷;
501;1;749;安庆西路;
501;1;821;新海大道;
501;1;826;梁园路;
501;1;835;大义路;
501;1;773;南北一号高架;
501;1;833;环湖北路;
501;1;1079;龙岗;
501;1;839;包河大道辅路;
501;1;1121;宝塔路;
501;1;761;颍上路;
501;1;817;淮南路;
501;1;763;新蚌埠路;
501;1;767;铜陵北路;
501;1;814;西一环路;
501;1;765;胜利路;
501;1;764;站西路;
501;1;857;亳州路;
501;1;760;肥西路;
501;1;818;汴河东路;
501;1;1151;塘桥路;
501;1;1152;屯溪路桥;
501;1;861;宋斗湾路;
501;1;1108;沿河路;
501;1;816;长丰路;
501;1;829;霍山路;
501;1;779;长江东大街;
501;1;804;滁州路;
501;1;811;广德路;
501;1;1132;淮河路桥;
501;1;840;巢湖路;
501;1;894;周谷堆路;
501;1;795;马鞍山路;
501;1;1080;南一环路南侧;
501;1;1081;南一环路北侧;
501;1;796;铜陵南路;
501;1;1109;湖光西路;
501;1;852;大通路;
501;1;1127;东一环路西侧;
501;1;1128;东一环路东侧;
501;1;918;大通支路;
501;1;876;清潭路;
501;1;910;当涂北路;
501;1;854;天水路;
501;1;911;当涂路;
501;1;768;定远路;
501;1;753;临泉路;
501;1;793;东至路;
501;1;1148;合肥古玩城;
501;1;699;科学院路;
501;1;813;十里店路;
501;1;1150;加油站;
501;1;1149;杏花加油站;
501;1;906;淝滨路;
501;1;849;淝河路;
501;1;728;汤口路;
501;1;694;丰乐河路;
501;1;695;枫林路;
501;1;881;湖光路;
501;1;884;井岗路;
501;1;862;凤台路;
501;1;864;金宁路;
501;1;754;金珠路;
501;1;791;岳西路;
501;1;883;海关路;
501;1;1114;天智路;
501;1;878;海棠路;
501;1;786;金桂路;
501;1;1117;杭埠路;
501;1;692;宁西路;
501;1;1107;合店路;
501;1;721;合欢路;
501;1;865;合水路;
501;1;957;金寨路高架桥西侧;
501;1;965;金寨路高架桥西侧合作化南路入口匝道;
501;1;1123;合作化南路高架;
501;1;962;合作化南路西侧;
501;1;966;金寨路高架桥西侧合作化南路西侧入口匝道;
501;1;1111;铁笛路;
501;1;1110;天龙路;
501;1;885;匡河路;
501;1;886;天鹅湖路;
501;1;920;淮河西路;
501;1;853;物流大道;
501;1;746;环城北路;
501;1;919;无为路;
501;1;792;石台路;
501;1;812;曙光路;
501;1;880;徽毫路;
501;1;832;徽州大道辅路;
501;1;714;明珠路;
501;1;463;济广高速公路安庆段;
501;1;1145;杨树村;
501;1;469;黄尾收费站;
501;1;1139;振风大道;
501;1;1140;龙眠山北路;
501;1;1141;大龙山服务区;
501;1;1142;合安高速公路;
501;1;1143;金拱服务区;
501;1;1144;公岭服务区;
501;1;439;Ｇ３１８;
501;1;440;沪渝高速公路;
501;1;465;潜山服务区;
501;1;466;Ｇ１０５;
501;1;1147;天柱山服务区;
501;1;468;岳西收费站;
501;1;1137;岳西服务区;
501;1;430;济广高速公路池州段;
501;1;431;花园服务区;
501;1;432;东至收费站;
501;1;434;安东高速公路;
501;1;551;升金湖服务区;
501;1;512;济广高速公路阜阳段;
501;1;513;Ｓ３２８;
501;1;516;Ｓ３０８;
501;1;514;滁新高速公路;
501;1;515;Ｓ３０５;
501;1;498;宁洛高速公路;
501;1;523;长春服务区;
501;1;518;济广高速公路毫州段;
501;1;522;Ｓ３２６;
501;1;519;Ｓ３０７;
501;1;520;辛集服务区;
501;1;521;亳州东收费;
501;1;550;宿登高速公路;
501;1;471;济广高速公路六安段;
501;1;472;霍山服务区;
501;1;473;六安西收费站;
501;1;1133;Ｘ０１６;
501;1;1134;Ｓ３１０;
501;1;1135;Ｘ０３２;
501;1;1136;双圩沟;
501;1;882;梧桐路;
501;1;683;金寨路高架桥;
501;1;951;金寨路高架桥合作化南路出口匝道;
501;1;947;合作化南路东侧;
501;1;948;金寨路高架桥合作化南路东侧出口匝道;
501;1;1087;金寨路高架桥南二环路出口匝道;
501;1;952;南二环路北侧;
501;1;953;金寨路高架桥南二环路北侧出口匝道;
501;1;1106;金寨路高架桥南一环路南侧出口匝道;
501;1;1094;金寨路高架桥望江东路出口匝道;
501;1;1092;金寨路高架桥望江西路出口匝道;
501;1;937;金寨路高架桥习友路出口匝道;
501;1;949;金寨路高架桥东侧;
501;1;950;金寨路高架桥东侧合作化南路出口匝道;
501;1;1089;金寨路高架桥东侧南二环路出口匝道;
501;1;959;南二环路南侧;
501;1;1088;金寨路高架桥东侧南二环路南侧出口匝道;
501;1;1096;金寨路高架桥东侧南一环路南侧出口匝道;
501;1;1090;金寨路高架桥西侧金寨路出口匝道;
501;1;961;金寨路高架桥西侧南二环路出口匝道;
501;1;960;金寨路高架桥西侧南二环路南侧出口匝道;
501;1;873;蓬莱路;
501;1;875;天都路;
501;1;456;京台高速公路安庆段;
501;1;462;Ｘ０９８;
501;1;457;京台高速公路安庆段东段;
501;1;567;Ｓ１０３;
501;1;458;京台高速公路安庆段西段;
501;1;459;小树村;
501;1;460;周潭服务区;
501;1;461;横埠收费站;
501;1;495;京台高速公路蚌埠段;
501;1;492;Ｓ２０７;
501;1;500;君王服务区;
501;1;496;禹会服务区;
501;1;499;鲍集收费站;
501;1;475;京台高速公路巢湖段;
501;1;610;Ｘ００５;
501;1;476;沙溪服务区;
501;1;477;合安;
501;1;478;Ｓ３１９;
501;1;435;京台高速公路池州段;
501;1;437;陵阳收费站;
501;1;438;九华山服务区;
501;1;491;京台高速公路滁州段;
501;1;618;吴圩服务区;
501;1;488;Ｓ３１１;
501;1;612;京台高速公路合肥段;
501;1;615;京台高速公路合肥段南段;
501;1;613;丰乐服务区;
501;1;616;京台高速公路合肥段北段;
501;1;617;南街;
501;1;442;京台高速公路黄山段;
501;1;525;龙田河观景台;
501;1;444;杭瑞高速公路;
501;1;445;Ｘ０２０;
501;1;446;休宁服务区;
501;1;447;长岭村;
501;1;454;屯溪西收费站;
501;1;448;岩寺收费站;
501;1;449;呈坎服务区;
501;1;450;香溪;
501;1;451;Ｇ２０５;
501;1;452;黄帝源服务区;
501;1;453;甘棠收费站;
501;1;502;京台高速公路宿州段;
501;1;1138;连霍高速公路;
501;1;503;Ｘ０５７;
501;1;504;拂晓大道;
501;1;549;南洛高速公路;
501;1;505;符离服务区;
501;1;506;小赵滩;
501;1;507;庄里服务区;
501;1;898;沁源路;
501;1;794;桐城南路;
501;1;772;宁国南路;
501;1;1124;蜀山湖大桥;
501;1;809;新安江路;
501;1;869;云二路;
501;1;893;青春路;
501;1;1120;林芝路;
501;1;1119;玉龙路;
501;1;766;全椒路;
501;1;846;新街;
501;1;888;合肥骆岗国际机场;
501;1;755;Ｘ００８;
501;1;1116;铭传路;
501;1;968;金寨路高架桥南二环路入口匝道;
501;1;969;金寨路高架桥东侧南二环路入口匝道;
501;1;967;金寨路高架桥西侧南二环路入口匝道;
501;1;771;东油路;
501;1;974;金寨路高架桥西侧南二环路北侧入口匝道;
501;1;1122;南二环路辅路;
501;1;964;金寨路高架桥南二环路南侧入口匝道;
501;1;970;金寨路高架桥西侧南二环路南侧入口匝道;
501;1;972;南二环路西侧;
501;1;973;金寨路高架桥西侧南二环路西侧入口匝道;
501;1;1105;金寨路高架桥西侧南一环路南侧入口匝道;
501;1;855;宁国路;
501;1;856;南一环路辅路;
501;1;877;下陈岗;
501;1;1129;西一环路西侧;
501;1;1130;西一环路东侧;
501;1;848;站前路;
501;1;1112;寿春东路;
501;1;887;洪岗路;
501;1;912;宿松路支巷;
501;1;1115;天达路;
501;1;1091;金寨路高架桥望江东路入口匝道;
501;1;1093;金寨路高架桥望江西路入口匝道;
501;1;785;玉兰大道东段;
501;1;1118;卧云路;
501;1;720;西二环路辅路;
501;1;828;西一环路辅路;
501;1;935;金寨路高架桥习友路入口匝道;
501;1;1113;紫蓬路;
501;1;933;习友路东侧;
501;1;934;金寨路高架桥习友路东侧入口匝道;
501;1;931;习友路西侧;
501;1;932;金寨路高架桥习友路西侧入口匝道;
501;1;747;沿河东路;
501;1;690;后王;
501;1;1083;合肥开福禅寺;
501;1;913;裕丰路;
501;1;777;裕溪路高架桥;
