CID;TABCD;LCD;NEG_OFF_LCD;POS_OFF_LCD
501;11;30667;;30668
501;11;30668;30667;30669
501;11;30669;30668;30670
501;11;30670;30669;30671
501;11;30671;30670;30672
501;11;30672;30671;
501;11;31162;;31163
501;11;31163;31162;31164
501;11;31164;31163;31165
501;11;31165;31164;31166
501;11;31166;31165;31167
501;11;31167;31166;31168
501;11;31168;31167;31169
501;11;31169;31168;31170
501;11;31170;31169;
501;11;30440;;30441
501;11;30441;30440;30442
501;11;30442;30441;30443
501;11;30443;30442;30444
501;11;30444;30443;30445
501;11;30445;30444;30446
501;11;30446;30445;30447
501;11;30447;30446;
501;11;30733;;30734
501;11;30734;30733;30735
501;11;30735;30734;30736
501;11;30736;30735;30737
501;11;30737;30736;30738
501;11;30738;30737;30739
501;11;30739;30738;30740
501;11;30740;30739;30741
501;11;30741;30740;30742
501;11;30742;30741;30743
501;11;30743;30742;30744
501;11;30744;30743;30745
501;11;30745;30744;30746
501;11;30746;30745;30747
501;11;30747;30746;30748
501;11;30748;30747;30749
501;11;30749;30748;30750
501;11;30750;30749;
501;11;31603;;30464
501;11;30464;31603;30465
501;11;30465;30464;
501;11;30459;;30460
501;11;30460;30459;31604
501;11;31604;30460;
501;11;30475;;30476
501;11;30476;30475;30477
501;11;30477;30476;30478
501;11;30478;30477;30479
501;11;30479;30478;30480
501;11;30480;30479;30481
501;11;30481;30480;30482
501;11;30482;30481;30483
501;11;30483;30482;30484
501;11;30484;30483;30485
501;11;30485;30484;30486
501;11;30486;30485;30487
501;11;30487;30486;30488
501;11;30488;30487;30489
501;11;30489;30488;30490
501;11;30490;30489;30491
501;11;30491;30490;
501;11;30467;;30468
501;11;30468;30467;30469
501;11;30469;30468;30470
501;11;30470;30469;30471
501;11;30471;30470;30472
501;11;30472;30471;30473
501;11;30473;30472;
501;11;30525;;30526
501;11;30526;30525;30527
501;11;30527;30526;30528
501;11;30528;30527;30529
501;11;30529;30528;
501;11;30515;;30516
501;11;30516;30515;30517
501;11;30517;30516;30518
501;11;30518;30517;30519
501;11;30519;30518;30520
501;11;30520;30519;30521
501;11;30521;30520;30522
501;11;30522;30521;30523
501;11;30523;30522;
501;11;30722;;30723
501;11;30723;30722;30724
501;11;30724;30723;30725
501;11;30725;30724;
501;11;30596;;30597
501;11;30597;30596;30598
501;11;30598;30597;30599
501;11;30599;30598;30600
501;11;30600;30599;
501;11;30084;30086;30083
501;11;30083;30084;30099
501;11;30099;30083;30098
501;11;30098;30099;30097
501;11;30097;30098;30096
501;11;30096;30097;30095
501;11;30095;30096;30094
501;11;30094;30095;30092
501;11;30092;30094;30090
501;11;30090;30092;30089
501;11;30089;30090;30088
501;11;30088;30089;30087
501;11;30087;30088;30086
501;11;30086;30087;30084
501;11;30063;;30064
501;11;30064;30063;30065
501;11;30065;30064;
501;11;30067;;30068
501;11;30068;30067;30069
501;11;30069;30068;
501;11;30072;;30073
501;11;30073;30072;
501;11;30820;;30821
501;11;30821;30820;30822
501;11;30822;30821;
501;11;30887;;30888
501;11;30888;30887;30889
501;11;30889;30888;
501;11;30891;;30892
501;11;30892;30891;30893
501;11;30893;30892;30894
501;11;30894;30893;30895
501;11;30895;30894;30896
501;11;30896;30895;30897
501;11;30897;30896;
501;11;30075;;30076
501;11;30076;30075;30077
501;11;30077;30076;30078
501;11;30078;30077;30079
501;11;30079;30078;30080
501;11;30080;30079;
501;11;31530;;31531
501;11;31531;31530;
501;11;31040;;31041
501;11;31041;31040;
501;11;30804;;30805
501;11;30805;30804;30806
501;11;30806;30805;30808
501;11;30808;30806;30809
501;11;30809;30808;30810
501;11;30810;30809;30811
501;11;30811;30810;
501;11;30606;;30607
501;11;30607;30606;30608
501;11;30608;30607;30609
501;11;30609;30608;30610
501;11;30610;30609;30611
501;11;30611;30610;31276
501;11;31276;30611;30612
501;11;30612;31276;30613
501;11;30613;30612;30614
501;11;30614;30613;30615
501;11;30615;30614;30616
501;11;30616;30615;30617
501;11;30617;30616;
501;11;30602;;30603
501;11;30603;30602;31275
501;11;31275;30603;30604
501;11;30604;31275;
501;11;30619;;31609
501;11;31609;30619;30620
501;11;30620;31609;30621
501;11;30621;30620;30622
501;11;30622;30621;30623
501;11;30623;30622;30624
501;11;30624;30623;30625
501;11;30625;30624;
501;11;31188;;31189
501;11;31189;31188;
501;11;31195;;31196
501;11;31196;31195;31197
501;11;31197;31196;
501;11;31185;;31186
501;11;31186;31185;
501;11;31191;;31192
501;11;31192;31191;31193
501;11;31193;31192;
501;11;30922;;30923
501;11;30923;30922;
501;11;31470;;31473
501;11;31473;31470;31474
501;11;31474;31473;31475
501;11;31475;31474;31476
501;11;31476;31475;31477
501;11;31477;31476;31478
501;11;31478;31477;
501;11;30727;;30728
501;11;30728;30727;
501;11;30943;;30944
501;11;30944;30943;30945
501;11;30945;30944;
501;11;31182;;31183
501;11;31183;31182;
501;11;31320;;31321
501;11;31321;31320;31322
501;11;31322;31321;31323
501;11;31323;31322;
501;11;31369;;31370
501;11;31370;31369;31371
501;11;31371;31370;
501;11;30417;;30418
501;11;30418;30417;30419
501;11;30419;30418;30420
501;11;30420;30419;30421
501;11;30421;30420;30422
501;11;30422;30421;30423
501;11;30423;30422;30424
501;11;30424;30423;30425
501;11;30425;30424;30426
501;11;30426;30425;30427
501;11;30427;30426;30428
501;11;30428;30427;30429
501;11;30429;30428;
501;11;30431;;30432
501;11;30432;30431;30433
501;11;30433;30432;
501;11;31611;;30501
501;11;30501;31611;30502
501;11;30502;30501;30503
501;11;30503;30502;30504
501;11;30504;30503;30505
501;11;30505;30504;30506
501;11;30506;30505;
501;11;31561;;31562
501;11;31562;31561;
501;11;30695;;30696
501;11;30696;30695;30697
501;11;30697;30696;30698
501;11;30698;30697;30699
501;11;30699;30698;30700
501;11;30700;30699;30702
501;11;30702;30700;30703
501;11;30703;30702;
501;11;30766;;30767
501;11;30767;30766;30768
501;11;30768;30767;30769
501;11;30769;30768;30770
501;11;30770;30769;
501;11;30760;;30761
501;11;30761;30760;30762
501;11;30762;30761;30763
501;11;30763;30762;30764
501;11;30764;30763;
501;11;30772;;30773
501;11;30773;30772;30774
501;11;30774;30773;30775
501;11;30775;30774;
501;11;31658;;31659
501;11;31659;31658;
501;11;30682;;30683
501;11;30683;30682;30684
501;11;30684;30683;30685
501;11;30685;30684;30686
501;11;30686;30685;30687
501;11;30687;30686;30688
501;11;30688;30687;30689
501;11;30689;30688;30690
501;11;30690;30689;
501;11;30877;;30878
501;11;30878;30877;30879
501;11;30879;30878;30880
501;11;30880;30879;30881
501;11;30881;30880;30882
501;11;30882;30881;30883
501;11;30883;30882;30884
501;11;30884;30883;30885
501;11;30885;30884;
501;11;30692;;30693
501;11;30693;30692;
501;11;31429;;31430
501;11;31430;31429;31431
501;11;31431;31430;31432
501;11;31432;31431;
501;11;31434;;31435
501;11;31435;31434;31436
501;11;31436;31435;
501;11;31510;;31511
501;11;31511;31510;31512
501;11;31512;31511;31514
501;11;31514;31512;
501;11;31557;;31559
501;11;31559;31557;
501;11;31539;;31540
501;11;31540;31539;31541
501;11;31541;31540;
501;11;31610;;30628
501;11;30628;31610;30629
501;11;30629;30628;30630
501;11;30630;30629;30631
501;11;30631;30630;30632
501;11;30632;30631;30633
501;11;30633;30632;
501;11;30791;;30792
501;11;30792;30791;
501;11;31678;;30793
501;11;30793;31678;30794
501;11;30794;30793;30795
501;11;30795;30794;30796
501;11;30796;30795;30797
501;11;30797;30796;30798
501;11;30798;30797;30799
501;11;30799;30798;31605
501;11;31605;30799;
501;11;31613;;31614
501;11;31614;31613;
501;11;31443;;31444
501;11;31444;31443;31445
501;11;31445;31444;
501;11;31211;;31212
501;11;31212;31211;31213
501;11;31213;31212;31214
501;11;31214;31213;31215
501;11;31215;31214;
501;11;31438;;31439
501;11;31439;31438;31440
501;11;31440;31439;31441
501;11;31441;31440;
501;11;31070;;31071
501;11;31071;31070;31072
501;11;31072;31071;31073
501;11;31073;31072;
501;11;31202;;31203
501;11;31203;31202;
501;11;31457;;31458
501;11;31458;31457;
501;11;31460;;31461
501;11;31461;31460;
501;11;31463;;31464
501;11;31464;31463;
501;11;31022;;31023
501;11;31023;31022;31024
501;11;31024;31023;31025
501;11;31025;31024;
501;11;31396;;31397
501;11;31397;31396;
501;11;31393;;31394
501;11;31394;31393;
501;11;31484;;31485
501;11;31485;31484;
501;11;30555;;30556
501;11;30556;30555;30557
501;11;30557;30556;30558
501;11;30558;30557;30559
501;11;30559;30558;30560
501;11;30560;30559;30561
501;11;30561;30560;30562
501;11;30562;30561;30563
501;11;30563;30562;30564
501;11;30564;30563;
501;11;30871;;30872
501;11;30872;30871;30873
501;11;30873;30872;30874
501;11;30874;30873;30875
501;11;30875;30874;
501;11;31144;;31145
501;11;31145;31144;
501;11;31675;;31146
501;11;31146;31675;
501;11;31148;;31149
501;11;31149;31148;31150
501;11;31150;31149;
501;11;30456;;30457
501;11;30457;30456;
501;11;31269;;31270
501;11;31270;31269;31271
501;11;31271;31270;31272
501;11;31272;31271;31273
501;11;31273;31272;31274
501;11;31274;31273;
501;11;30970;;30971
501;11;30971;30970;30972
501;11;30972;30971;30973
501;11;30973;30972;
501;11;31480;;31481
501;11;31481;31480;31482
501;11;31482;31481;
501;11;31241;;31242
501;11;31242;31241;31243
501;11;31243;31242;31244
501;11;31244;31243;31245
501;11;31245;31244;
501;11;31248;;31249
501;11;31249;31248;
501;11;31547;;31548
501;11;31548;31547;
501;11;31550;;31551
501;11;31551;31550;
501;11;31553;;31554
501;11;31554;31553;31555
501;11;31555;31554;
501;11;31580;;31581
501;11;31581;31580;31582
501;11;31582;31581;
501;11;31414;;31415
501;11;31415;31414;31416
501;11;31416;31415;31417
501;11;31417;31416;
501;11;30986;;30987
501;11;30987;30986;30988
501;11;30988;30987;30989
501;11;30989;30988;30990
501;11;30990;30989;30991
501;11;30991;30990;30992
501;11;30992;30991;30993
501;11;30993;30992;30994
501;11;30994;30993;30995
501;11;30995;30994;
501;11;31067;;31068
501;11;31068;31067;
501;11;31095;;31096
501;11;31096;31095;31101
501;11;31101;31096;31102
501;11;31102;31101;31103
501;11;31103;31102;
501;11;31584;;31585
501;11;31585;31584;
501;11;31003;;31004
501;11;31004;31003;31005
501;11;31005;31004;31006
501;11;31006;31005;31007
501;11;31007;31006;31008
501;11;31008;31007;31009
501;11;31009;31008;
501;11;30929;;30930
501;11;30930;30929;30931
501;11;30931;30930;30933
501;11;30933;30931;30934
501;11;30934;30933;30935
501;11;30935;30934;30936
501;11;30936;30935;30937
501;11;30937;30936;30938
501;11;30938;30937;
501;11;31354;;31355
501;11;31355;31354;31356
501;11;31356;31355;
501;11;31172;;31173
501;11;31173;31172;31174
501;11;31174;31173;
501;11;31300;;31301
501;11;31301;31300;31302
501;11;31302;31301;31303
501;11;31303;31302;31304
501;11;31304;31303;
501;11;31623;;31624
501;11;31624;31623;31625
501;11;31625;31624;
501;11;31089;;31090
501;11;31090;31089;31091
501;11;31091;31090;31092
501;11;31092;31091;31093
501;11;31093;31092;
501;11;31638;;31639
501;11;31639;31638;31640
501;11;31640;31639;
501;11;31608;;30803
501;11;30803;31608;31607
501;11;31607;30803;
501;11;31105;;31106
501;11;31106;31105;31107
501;11;31107;31106;31108
501;11;31108;31107;
501;11;30940;;30941
501;11;30941;30940;
501;11;30259;;
501;11;30706;;30707
501;11;30707;30706;30708
501;11;30708;30707;30709
501;11;30709;30708;30710
501;11;30710;30709;30711
501;11;30711;30710;
501;11;30705;;31667
501;11;31667;30705;31668
501;11;31668;31667;31669
501;11;31669;31668;31670
501;11;31670;31669;
501;11;30261;;
501;11;31618;;31262
501;11;31262;31618;31263
501;11;31263;31262;
501;11;31260;;31261
501;11;31261;31260;31617
501;11;31617;31261;
501;11;30925;;30926
501;11;30926;30925;30927
501;11;30927;30926;
501;11;31125;;31126
501;11;31126;31125;31127
501;11;31127;31126;
501;11;31129;;31130
501;11;31130;31129;31131
501;11;31131;31130;31132
501;11;31132;31131;31133
501;11;31133;31132;31134
501;11;31134;31133;
501;11;31568;;31569
501;11;31569;31568;31570
501;11;31570;31569;31571
501;11;31571;31570;31572
501;11;31572;31571;
501;11;31565;;31566
501;11;31566;31565;
501;11;31373;;31374
501;11;31374;31373;31375
501;11;31375;31374;
501;11;31533;;31534
501;11;31534;31533;31535
501;11;31535;31534;31536
501;11;31536;31535;31537
501;11;31537;31536;
501;11;31523;;31524
501;11;31524;31523;31525
501;11;31525;31524;31526
501;11;31526;31525;31527
501;11;31527;31526;31528
501;11;31528;31527;
501;11;31516;;31517
501;11;31517;31516;31518
501;11;31518;31517;31519
501;11;31519;31518;31520
501;11;31520;31519;31521
501;11;31521;31520;
501;11;30639;;30640
501;11;30640;30639;30641
501;11;30641;30640;30642
501;11;30642;30641;30643
501;11;30643;30642;30644
501;11;30644;30643;30645
501;11;30645;30644;30646
501;11;30646;30645;30647
501;11;30647;30646;30648
501;11;30648;30647;30649
501;11;30649;30648;30650
501;11;30650;30649;30651
501;11;30651;30650;30652
501;11;30652;30651;30653
501;11;30653;30652;30654
501;11;30654;30653;
501;11;31110;;31111
501;11;31111;31110;
501;11;30752;;30753
501;11;30753;30752;30754
501;11;30754;30753;30755
501;11;30755;30754;30756
501;11;30756;30755;30757
501;11;30757;30756;30758
501;11;30758;30757;
501;11;31543;;31544
501;11;31544;31543;31545
501;11;31545;31544;
501;11;31399;;31400
501;11;31400;31399;31401
501;11;31401;31400;31402
501;11;31402;31401;
501;11;30435;;30436
501;11;30436;30435;30437
501;11;30437;30436;30438
501;11;30438;30437;
501;11;12069;;12070
501;11;12070;12069;12071
501;11;12071;12070;12072
501;11;12072;12071;12073
501;11;12073;12072;12074
501;11;12074;12073;12075
501;11;12075;12074;12076
501;11;12076;12075;12077
501;11;12077;12076;12062
501;11;12062;12077;12063
501;11;12063;12062;12064
501;11;12064;12063;12065
501;11;12065;12064;12066
501;11;12066;12065;12068
501;11;12068;12066;12067
501;11;12067;12068;
501;11;52;;53
501;11;53;52;54
501;11;54;53;55
501;11;55;54;62
501;11;62;55;63
501;11;63;62;
501;11;54052;;54053
501;11;54053;54052;54054
501;11;54054;54053;54055
501;11;54055;54054;54057
501;11;54057;54055;54056
501;11;54056;54057;
501;11;60052;;60053
501;11;60053;60052;60054
501;11;60054;60053;60055
501;11;60055;60054;60057
501;11;60057;60055;60056
501;11;60056;60057;
501;11;18052;;18053
501;11;18053;18052;18054
501;11;18054;18053;18055
501;11;18055;18054;18066
501;11;18066;18055;18067
501;11;18067;18066;18068
501;11;18068;18067;18069
501;11;18069;18068;18070
501;11;18070;18069;18071
501;11;18071;18070;
501;11;31075;;31076
501;11;31076;31075;31077
501;11;31077;31076;31078
501;11;31078;31077;31079
501;11;31079;31078;
501;11;31326;;31327
501;11;31327;31326;
501;11;30241;;
501;11;30239;;
501;11;30255;;
501;11;30243;;
501;11;30227;;
501;11;30211;;
501;11;30221;;
501;11;30223;;
501;11;30202;;30203
501;11;30203;30202;30205
501;11;30205;30203;30206
501;11;30206;30205;30207
501;11;30207;30206;
501;11;30237;;
501;11;30245;;
501;11;30247;;
501;11;30231;;
501;11;30253;;
501;11;30249;;
501;11;30251;;
501;11;30730;;30731
501;11;30731;30730;
501;11;31011;;31012
501;11;31012;31011;31013
501;11;31013;31012;31014
501;11;31014;31013;31015
501;11;31015;31014;31016
501;11;31016;31015;31017
501;11;31017;31016;31018
501;11;31018;31017;31019
501;11;31019;31018;31020
501;11;31020;31019;
501;11;12053;;12054
501;11;12054;12053;
501;11;12056;;12057
501;11;12057;12056;12058
501;11;12058;12057;12059
501;11;12059;12058;12060
501;11;12060;12059;
501;11;42052;;42053
501;11;42053;42052;42054
501;11;42054;42053;42055
501;11;42055;42054;42056
501;11;42056;42055;42057
501;11;42057;42056;
501;11;24052;;24053
501;11;24053;24052;24054
501;11;24054;24053;24055
501;11;24055;24054;24056
501;11;24056;24055;24057
501;11;24057;24056;
501;11;57;;58
501;11;58;57;59
501;11;59;58;60
501;11;60;59;61
501;11;61;60;
501;11;36052;;36053
501;11;36053;36052;36054
501;11;36054;36053;
501;11;30053;;30054
501;11;30054;30053;30055
501;11;30055;30054;30070
501;11;30070;30055;30056
501;11;30056;30070;
501;11;30058;;30059
501;11;30059;30058;30060
501;11;30060;30059;
501;11;6065;;6052
501;11;6052;6065;6053
501;11;6053;6052;6054
501;11;6054;6053;6055
501;11;6055;6054;6056
501;11;6056;6055;6057
501;11;6057;6056;6058
501;11;6058;6057;6059
501;11;6059;6058;6060
501;11;6060;6059;6061
501;11;6061;6060;6062
501;11;6062;6061;6063
501;11;6063;6062;
501;11;48052;;48053
501;11;48053;48052;48054
501;11;48054;48053;48058
501;11;48058;48054;48055
501;11;48055;48058;48056
501;11;48056;48055;48057
501;11;48057;48056;48059
501;11;48059;48057;
501;11;31265;;31266
501;11;31266;31265;31267
501;11;31267;31266;
501;11;31409;;31410
501;11;31410;31409;31411
501;11;31411;31410;31412
501;11;31412;31411;
501;11;31000;;31001
501;11;31001;31000;
501;11;31081;;31082
501;11;31082;31081;31083
501;11;31083;31082;31084
501;11;31084;31083;31085
501;11;31085;31084;31086
501;11;31086;31085;31087
501;11;31087;31086;
501;11;31278;;31279
501;11;31279;31278;31280
501;11;31280;31279;31281
501;11;31281;31280;
501;11;31487;;31488
501;11;31488;31487;31489
501;11;31489;31488;
501;11;30947;;30948
501;11;30948;30947;30949
501;11;30949;30948;30950
501;11;30950;30949;30951
501;11;30951;30950;30952
501;11;30952;30951;30953
501;11;30953;30952;
501;11;31199;;31200
501;11;31200;31199;
501;11;31208;;31209
501;11;31209;31208;
501;11;31349;;31350
501;11;31350;31349;31351
501;11;31351;31350;31352
501;11;31352;31351;
501;11;31650;;31651
501;11;31651;31650;
501;11;30531;;30532
501;11;30532;30531;30533
501;11;30533;30532;30534
501;11;30534;30533;30535
501;11;30535;30534;30536
501;11;30536;30535;30537
501;11;30537;30536;30538
501;11;30538;30537;30539
501;11;30539;30538;30540
501;11;30540;30539;30541
501;11;30541;30540;30542
501;11;30542;30541;
501;11;31574;;31575
501;11;31575;31574;31576
501;11;31576;31575;31577
501;11;31577;31576;31578
501;11;31578;31577;
501;11;30813;;30814
501;11;30814;30813;30815
501;11;30815;30814;30817
501;11;30817;30815;30818
501;11;30818;30817;
501;11;31491;;31492
501;11;31492;31491;31493
501;11;31493;31492;31494
501;11;31494;31493;31495
501;11;31495;31494;
501;11;31653;;31654
501;11;31654;31653;31655
501;11;31655;31654;
501;11;31176;;31177
501;11;31177;31176;31178
501;11;31178;31177;31179
501;11;31179;31178;31180
501;11;31180;31179;
501;11;30783;;30784
501;11;30784;30783;30785
501;11;30785;30784;30786
501;11;30786;30785;30787
501;11;30787;30786;30788
501;11;30788;30787;30789
501;11;30789;30788;
501;11;30508;;30509
501;11;30509;30508;30510
501;11;30510;30509;30511
501;11;30511;30510;30512
501;11;30512;30511;30513
501;11;30513;30512;
501;11;30493;;30494
501;11;30494;30493;30495
501;11;30495;30494;30496
501;11;30496;30495;30498
501;11;30498;30496;30499
501;11;30499;30498;
501;11;30905;;30906
501;11;30906;30905;30907
501;11;30907;30906;30908
501;11;30908;30907;30909
501;11;30909;30908;30910
501;11;30910;30909;30911
501;11;30911;30910;30912
501;11;30912;30911;
501;11;31043;;31044
501;11;31044;31043;
501;11;31633;;31634
501;11;31634;31633;31635
501;11;31635;31634;31636
501;11;31636;31635;
501;11;30777;;30778
501;11;30778;30777;30779
501;11;30779;30778;30780
501;11;30780;30779;30781
501;11;30781;30780;
501;11;30265;;
501;11;30267;;
501;11;30271;;
501;11;30544;;30545
501;11;30545;30544;30546
501;11;30546;30545;31151
501;11;31151;30546;30547
501;11;30547;31151;30548
501;11;30548;30547;30549
501;11;30549;30548;30550
501;11;30550;30549;30551
501;11;30551;30550;30552
501;11;30552;30551;30553
501;11;30553;30552;
501;11;30269;;
501;11;31661;;31662
501;11;31662;31661;31663
501;11;31663;31662;31664
501;11;31664;31663;31665
501;11;31665;31664;
501;11;30257;;
501;11;30263;;
501;11;30273;;
501;11;31466;;31467
501;11;31467;31466;31468
501;11;31468;31467;
501;11;30225;;
501;11;30852;;30853
501;11;30853;30852;30854
501;11;30854;30853;30855
501;11;30855;30854;30856
501;11;30856;30855;30857
501;11;30857;30856;30858
501;11;30858;30857;30859
501;11;30859;30858;
501;11;30861;;30862
501;11;30862;30861;30863
501;11;30863;30862;30864
501;11;30864;30863;30865
501;11;30865;30864;30866
501;11;30866;30865;30867
501;11;30867;30866;30868
501;11;30868;30867;30869
501;11;30869;30868;
501;11;31257;;31258
501;11;31258;31257;
501;11;31251;;31252
501;11;31252;31251;31253
501;11;31253;31252;31254
501;11;31254;31253;31255
501;11;31255;31254;
501;11;31027;;31028
501;11;31028;31027;31029
501;11;31029;31028;
501;11;30959;;30983
501;11;30983;30959;30984
501;11;30984;30983;
501;11;31288;;31289
501;11;31289;31288;31290
501;11;31290;31289;31292
501;11;31292;31290;
501;11;31294;;31295
501;11;31295;31294;
501;11;31113;;31114
501;11;31114;31113;31115
501;11;31115;31114;31116
501;11;31116;31115;31117
501;11;31117;31116;31118
501;11;31118;31117;31119
501;11;31119;31118;31120
501;11;31120;31119;31121
501;11;31121;31120;31122
501;11;31122;31121;
501;11;31329;;31330
501;11;31330;31329;31331
501;11;31331;31330;
501;11;31306;;31307
501;11;31307;31306;31308
501;11;31308;31307;31309
501;11;31309;31308;31310
501;11;31310;31309;
501;11;30664;;30665
501;11;30665;30664;
501;11;30656;;30657
501;11;30657;30656;30658
501;11;30658;30657;30659
501;11;30659;30658;30660
501;11;30660;30659;30663
501;11;30663;30660;31619
501;11;31619;30663;
501;11;31600;;31601
501;11;31601;31600;31602
501;11;31602;31601;
501;11;30824;;30825
501;11;30825;30824;30826
501;11;30826;30825;30827
501;11;30827;30826;30828
501;11;30828;30827;30829
501;11;30829;30828;30830
501;11;30830;30829;
501;11;31312;;31313
501;11;31313;31312;31314
501;11;31314;31313;
501;11;31153;;31154
501;11;31154;31153;31155
501;11;31155;31154;
501;11;31283;;31284
501;11;31284;31283;31285
501;11;31285;31284;31286
501;11;31286;31285;
501;11;30962;;30963
501;11;30963;30962;30964
501;11;30964;30963;30965
501;11;30965;30964;30966
501;11;30966;30965;30967
501;11;30967;30966;30968
501;11;30968;30967;
501;11;31672;;31673
501;11;31673;31672;
501;11;30674;;30675
501;11;30675;30674;30676
501;11;30676;30675;30677
501;11;30677;30676;30678
501;11;30678;30677;30679
501;11;30679;30678;30680
501;11;30680;30679;
501;11;31404;;31405
501;11;31405;31404;31406
501;11;31406;31405;31407
501;11;31407;31406;
501;11;31422;;31423
501;11;31423;31422;
501;11;31497;;31498
501;11;31498;31497;31499
501;11;31499;31498;31500
501;11;31500;31499;31501
501;11;31501;31500;31502
501;11;31502;31501;31503
501;11;31503;31502;31504
501;11;31504;31503;
501;11;31231;;31232
501;11;31232;31231;31233
501;11;31233;31232;31234
501;11;31234;31233;31235
501;11;31235;31234;31236
501;11;31236;31235;31237
501;11;31237;31236;31238
501;11;31238;31237;31239
501;11;31239;31238;
501;11;30997;;30998
501;11;30998;30997;
501;11;31630;;31631
501;11;31631;31630;
501;11;31656;;31377
501;11;31377;31656;31378
501;11;31378;31377;31379
501;11;31379;31378;31380
501;11;31380;31379;31381
501;11;31381;31380;
501;11;31627;;31628
501;11;31628;31627;
501;11;31224;;31225
501;11;31225;31224;31226
501;11;31226;31225;31227
501;11;31227;31226;31228
501;11;31228;31227;31229
501;11;31229;31228;
501;11;31218;;31219
501;11;31219;31218;31220
501;11;31220;31219;31221
501;11;31221;31220;31620
501;11;31620;31221;
501;11;30845;;30846
501;11;30846;30845;30847
501;11;30847;30846;30848
501;11;30848;30847;30849
501;11;30849;30848;30850
501;11;30850;30849;
501;11;30837;;30838
501;11;30838;30837;30839
501;11;30839;30838;30840
501;11;30840;30839;30841
501;11;30841;30840;30842
501;11;30842;30841;30843
501;11;30843;30842;
501;11;30832;;30833
501;11;30833;30832;30834
501;11;30834;30833;30835
501;11;30835;30834;
501;11;30213;;
501;11;30587;;30588
501;11;30588;30587;30589
501;11;30589;30588;30590
501;11;30590;30589;30591
501;11;30591;30590;30592
501;11;30592;30591;30593
501;11;30593;30592;30594
501;11;30594;30593;
501;11;30209;;
501;11;30567;;30568
501;11;30568;30567;30569
501;11;30569;30568;30570
501;11;30570;30569;30571
501;11;30571;30570;30572
501;11;30572;30571;30573
501;11;30573;30572;30574
501;11;30574;30573;30575
501;11;30575;30574;
501;11;30577;;30578
501;11;30578;30577;30579
501;11;30579;30578;30580
501;11;30580;30579;30581
501;11;30581;30580;30582
501;11;30582;30581;30583
501;11;30583;30582;30584
501;11;30584;30583;30585
501;11;30585;30584;
501;11;31362;;31363
501;11;31363;31362;31364
501;11;31364;31363;31365
501;11;31365;31364;31366
501;11;31366;31365;31367
501;11;31367;31366;
501;11;31642;;31643
501;11;31643;31642;31644
501;11;31644;31643;
501;11;31506;;31507
501;11;31507;31506;31508
501;11;31508;31507;
501;11;31447;;31448
501;11;31448;31447;31449
501;11;31449;31448;31450
501;11;31450;31449;31451
501;11;31451;31450;31452
501;11;31452;31451;31453
501;11;31453;31452;31454
501;11;31454;31453;
501;11;31383;;31384
501;11;31384;31383;31385
501;11;31385;31384;31386
501;11;31386;31385;
501;11;30449;;30450
501;11;30450;30449;30451
501;11;30451;30450;30452
501;11;30452;30451;30453
501;11;30453;30452;30454
501;11;30454;30453;
501;11;30713;;30714
501;11;30714;30713;
501;11;30716;;30717
501;11;30717;30716;30718
501;11;30718;30717;30719
501;11;30719;30718;30720
501;11;30720;30719;
501;11;31297;;31298
501;11;31298;31297;
501;11;30219;;
501;11;31679;;31048
501;11;31048;31679;31049
501;11;31049;31048;
501;11;31051;;31052
501;11;31052;31051;31053
501;11;31053;31052;31054
501;11;31054;31053;31055
501;11;31055;31054;31056
501;11;31056;31055;31057
501;11;31057;31056;31058
501;11;31058;31057;31059
501;11;31059;31058;31060
501;11;31060;31059;31061
501;11;31061;31060;31062
501;11;31062;31061;31063
501;11;31063;31062;31064
501;11;31064;31063;31621
501;11;31621;31064;
501;11;30217;;
501;11;30215;;
501;11;31031;;31032
501;11;31032;31031;31033
501;11;31033;31032;31034
501;11;31034;31033;31035
501;11;31035;31034;31036
501;11;31036;31035;31037
501;11;31037;31036;31038
501;11;31038;31037;
501;11;30635;;30636
501;11;30636;30635;30637
501;11;30637;30636;
501;11;30914;;30915
501;11;30915;30914;30916
501;11;30916;30915;30917
501;11;30917;30916;30918
501;11;30918;30917;30919
501;11;30919;30918;30920
501;11;30920;30919;
501;11;31388;;31389
501;11;31389;31388;31390
501;11;31390;31389;31391
501;11;31391;31390;
501;11;31205;;31206
501;11;31206;31205;
501;11;31136;;31137
501;11;31137;31136;31138
501;11;31138;31137;31139
501;11;31139;31138;31140
501;11;31140;31139;31141
501;11;31141;31140;
501;11;31358;;31359
501;11;31359;31358;31360
501;11;31360;31359;
501;11;31337;;31338
501;11;31338;31337;31339
501;11;31339;31338;
501;11;31341;;31342
501;11;31342;31341;31343
501;11;31343;31342;31344
501;11;31344;31343;31345
501;11;31345;31344;31346
501;11;31346;31345;31347
501;11;31347;31346;
501;11;31333;;31334
501;11;31334;31333;31335
501;11;31335;31334;
501;11;31596;;31597
501;11;31597;31596;31598
501;11;31598;31597;
501;11;30403;;30404
501;11;30404;30403;30405
501;11;30405;30404;30406
501;11;30406;30405;30407
501;11;30407;30406;30408
501;11;30408;30407;30409
501;11;30409;30408;30410
501;11;30410;30409;
501;11;30412;;30413
501;11;30413;30412;30414
501;11;30414;30413;
501;11;31646;;31647
501;11;31647;31646;31648
501;11;31648;31647;
501;11;31425;;31426
501;11;31426;31425;
501;11;30899;;30900
501;11;30900;30899;30901
501;11;30901;30900;30902
501;11;30902;30901;30903
501;11;30903;30902;
501;11;31157;;31158
501;11;31158;31157;31159
501;11;31159;31158;31160
501;11;31160;31159;
501;11;30955;;30956
501;11;30956;30955;30957
501;11;30957;30956;
501;11;31587;;31588
501;11;31588;31587;31589
501;11;31589;31588;31590
501;11;31590;31589;
501;11;31592;;31593
501;11;31593;31592;31594
501;11;31594;31593;
501;11;31316;;31317
501;11;31317;31316;
501;11;31419;;31420
501;11;31420;31419;
501;11;30975;;30976
501;11;30976;30975;30977
501;11;30977;30976;30978
501;11;30978;30977;30979
501;11;30979;30978;30980
501;11;30980;30979;30981
501;11;30981;30980;
