CID;TABCD;LCD;CLASS;TCD;STCD;JUNCTIONNUMBER;RNID;N1ID;N2ID;POL_LCD;OTH_LCD;SEG_LCD;ROA_LCD;INPOS;INNEG;OUTPOS;OUTNEG;PRESENTPOS;PRESENTNEG;DIVERSIONPOS;DIVERSIONNEG;XCOORD;YCOORD;INTERRUPTSROAD;URBAN
501;11;30667;P;1;10;;745;815;;9;;;30666;1;1;1;1;1;1;;;+11727041;+3187184;0;1
501;11;30668;P;1;10;;745;744;;9;;;30666;1;1;1;1;1;1;;;+11727374;+3187139;0;1
501;11;30669;P;1;10;;745;742;;9;;;30666;1;1;1;1;1;1;;;+11727870;+3187105;0;1
501;11;30670;P;1;10;;745;750;;9;;;30666;1;1;1;1;1;1;;;+11728304;+3187056;0;1
501;11;30671;P;1;10;;745;762;;9;;;30666;1;1;1;1;1;1;;;+11728668;+3187008;0;1
501;11;30672;P;1;10;;745;803;;9;;;30666;1;1;1;1;1;1;;;+11729008;+3186976;0;1
501;11;31162;P;1;11;;708;730;;9;;;31161;1;1;1;1;1;1;;;+11727952;+3175619;0;1
501;11;31163;P;1;10;;708;874;;9;;;31161;1;1;1;1;1;1;;;+11727682;+3177319;0;1
501;11;31164;P;1;10;;708;691;;9;;;31161;1;1;1;1;1;1;;;+11727042;+3178436;0;1
501;11;31165;P;1;10;;708;733;;9;;;31161;1;1;1;1;1;1;;;+11726920;+3180770;0;1
501;11;31166;P;1;10;;708;686;;9;;;31161;1;1;1;1;1;1;;;+11726860;+3181468;0;1
501;11;31167;P;1;10;;708;774;;9;;;31161;1;1;1;1;1;1;;;+11727067;+3182872;0;1
501;11;31168;P;1;10;;708;735;;9;;;31161;1;1;1;1;1;1;;;+11727341;+3183235;0;1
501;11;31169;P;1;10;;708;698;;9;;;31161;1;1;1;1;1;1;;;+11727307;+3184186;0;1
501;11;31170;P;1;10;;708;736;;9;;;31161;1;1;1;1;1;1;;;+11727270;+3184473;0;1
501;11;30440;P;1;7;;715;703;;9;;;30439;1;1;1;1;1;1;;;+11721571;+3181947;0;1
501;11;30441;P;1;10;;715;701;;9;;;30439;1;1;1;1;1;1;;;+11721143;+3182254;0;1
501;11;30442;P;1;10;;715;687;;9;;;30439;1;1;1;1;1;1;;;+11721224;+3183327;0;1
501;11;30443;P;1;6;;715;698;;9;;;30439;1;1;1;1;1;1;;;+11721340;+3184054;0;1
501;11;30444;P;1;7;;715;716;;9;;;30439;1;1;1;1;1;1;;;+11721602;+3185669;0;1
501;11;30445;P;1;10;;715;717;;9;;;30439;1;1;1;1;1;1;;;+11721488;+3186465;0;1
501;11;30446;P;1;10;;715;718;;9;;;30439;1;1;1;1;1;1;;;+11721326;+3187511;0;1
501;11;30447;P;1;10;;715;719;;9;;;30439;1;1;1;1;1;1;;;+11721288;+3189031;0;1
501;11;30733;P;1;10;;709;830;;9;;;30732;1;1;1;1;1;1;;;+11728625;+3171323;0;1
501;11;30734;P;1;10;;709;664;;9;;;30732;1;1;1;1;1;1;;;+11728630;+3172467;0;1
501;11;30735;P;1;10;;709;729;;9;;;30732;1;1;1;1;1;1;;;+11728631;+3174087;0;1
501;11;30736;P;1;10;;709;730;;9;;;30732;1;1;1;1;1;1;;;+11728638;+3175620;0;1
501;11;30737;P;1;7;;709;691;;9;;;30732;1;1;1;1;1;1;;;+11728615;+3179211;0;1
501;11;30738;P;1;10;;709;733;;9;;;30732;1;1;1;1;1;1;;;+11728480;+3180792;0;1
501;11;30739;P;1;10;;709;686;;9;;;30732;1;1;1;1;1;1;;;+11728439;+3181399;0;1
501;11;30740;P;1;10;;709;774;;9;;;30732;1;1;1;1;1;1;;;+11728496;+3182829;0;1
501;11;30741;P;1;10;;709;735;;9;;;30732;1;1;1;1;1;1;;;+11728508;+3183224;0;1
501;11;30742;P;1;6;;709;831;;9;;;30732;1;1;1;1;1;1;;;+11728544;+3183938;0;1
501;11;30743;P;1;10;;709;698;;9;;;30732;1;1;1;1;1;1;;;+11728555;+3184206;0;1
501;11;30744;P;1;10;;709;688;;9;;;30732;1;1;1;1;1;1;;;+11728583;+3184779;0;1
501;11;30745;P;1;10;;709;737;;9;;;30732;1;1;1;1;1;1;;;+11728609;+3185289;0;1
501;11;30746;P;1;10;;709;738;;9;;;30732;1;1;1;1;1;1;;;+11728625;+3185496;0;1
501;11;30747;P;1;10;;709;739;;9;;;30732;1;1;1;1;1;1;;;+11728667;+3185756;0;1
501;11;30748;P;1;10;;709;740;;9;;;30732;1;1;1;1;1;1;;;+11728717;+3186164;0;1
501;11;30749;P;1;12;;709;741;;9;;;30732;1;1;1;1;1;1;;;+11728741;+3186361;0;1
501;11;30750;P;1;12;;709;743;;9;;;30732;1;1;1;1;1;1;;;+11728770;+3186492;0;1
501;11;31603;P;1;12;;560;725;;9;;;30462;1;1;1;1;1;1;;;+11717725;+3195915;0;0
501;11;30464;P;1;3;;560;614;;9;;;30462;1;1;1;1;1;1;;;+11714159;+3198102;0;0
501;11;30465;P;1;10;;560;727;;9;;;30462;1;1;1;1;1;1;;;+11712027;+3200009;0;0
501;11;30459;P;1;10;;725;724;;9;;;30458;1;1;1;1;1;1;;;+11721156;+3192049;0;0
501;11;30460;P;1;12;;725;726;;9;;;30458;1;1;1;1;1;1;;;+11718818;+3194584;0;0
501;11;31604;P;1;12;;725;560;;9;;;30458;1;1;1;1;1;1;;;+11717725;+3195915;0;0
501;11;30475;P;1;3;;678;704;;9;;;30474;1;1;1;1;1;1;;;+11723114;+3178670;0;1
501;11;30476;P;1;10;;678;732;;9;;;30474;1;1;1;1;1;1;;;+11723550;+3179278;0;1
501;11;30477;P;1;10;;678;684;;9;;;30474;1;1;1;1;1;1;;;+11723795;+3179598;0;1
501;11;30478;P;1;10;;678;733;;9;;;30474;1;1;1;1;1;1;;;+11724789;+3180881;0;1
501;11;30479;P;1;10;;678;685;;9;;;30474;1;1;1;1;1;1;;;+11725222;+3181388;0;1
501;11;30480;P;1;10;;678;686;;9;;;30474;1;1;1;1;1;1;;;+11725466;+3181677;0;1
501;11;30481;P;1;10;;678;734;;9;;;30474;1;1;1;1;1;1;;;+11725765;+3182050;0;1
501;11;30482;P;1;10;;678;687;;9;;;30474;1;1;1;1;1;1;;;+11726417;+3182938;0;1
501;11;30483;P;1;10;;678;735;;9;;;30474;1;1;1;1;1;1;;;+11726490;+3183313;0;1
501;11;30484;P;1;10;;678;698;;9;;;30474;1;1;1;1;1;1;;;+11726900;+3184179;0;1
501;11;30485;P;1;11;;678;736;;9;;;30474;1;1;1;1;1;1;;;+11727137;+3184514;0;1
501;11;30486;P;1;10;;678;688;;9;;;30474;1;1;1;1;1;1;;;+11727305;+3184749;0;1
501;11;30487;P;1;10;;678;737;;9;;;30474;1;1;1;1;1;1;;;+11727435;+3184933;0;1
501;11;30488;P;1;10;;678;738;;9;;;30474;1;1;1;1;1;1;;;+11727663;+3185352;0;1
501;11;30489;P;1;12;;678;739;;9;;;30474;1;1;1;1;1;1;;;+11727622;+3185647;0;1
501;11;30490;P;1;10;;678;740;;9;;;30474;1;1;1;1;1;1;;;+11727552;+3186122;0;1
501;11;30491;P;1;10;;678;741;;9;;;30474;1;1;1;1;1;1;;;+11727529;+3186269;0;1
501;11;30467;P;1;12;;704;1082;;9;;;30466;1;1;1;1;1;1;;;+11719548;+3174909;0;1
501;11;30468;P;1;10;;704;729;;9;;;30466;1;1;1;1;1;1;;;+11720019;+3175276;0;1
501;11;30469;P;1;10;;704;730;;9;;;30466;1;1;1;1;1;1;;;+11721001;+3176201;0;1
501;11;30470;P;1;10;;704;731;;9;;;30466;1;1;1;1;1;1;;;+11721734;+3177088;0;1
501;11;30471;P;1;10;;704;691;;9;;;30466;1;1;1;1;1;1;;;+11722460;+3177859;0;1
501;11;30472;P;1;10;;704;707;;9;;;30466;1;1;1;1;1;1;;;+11722830;+3178302;0;1
501;11;30473;P;1;3;;704;678;;9;;;30466;1;1;1;1;1;1;;;+11723114;+3178670;0;1
501;11;30525;P;1;10;;757;722;;9;;;30524;1;1;1;1;1;1;;;+11723096;+3185250;0;1
501;11;30526;P;1;10;;757;758;;9;;;30524;1;1;1;1;1;1;;;+11723079;+3185784;0;1
501;11;30527;P;1;10;;757;759;;9;;;30524;1;1;1;1;1;1;;;+11723067;+3186162;0;1
501;11;30528;P;1;10;;757;718;;9;;;30524;1;1;1;1;1;1;;;+11723806;+3187250;0;1
501;11;30529;P;1;10;;757;724;;9;;;30524;1;1;1;1;1;1;;;+11724563;+3188051;0;1
501;11;30515;P;1;10;;732;678;;9;;;30514;1;1;1;1;1;1;;;+11723550;+3179278;0;1
501;11;30516;P;1;10;;732;684;;9;;;30514;1;1;1;1;1;1;;;+11723257;+3179832;0;1
501;11;30517;P;1;10;;732;733;;9;;;30514;1;1;1;1;1;1;;;+11723228;+3180871;0;1
501;11;30518;P;1;10;;732;686;;9;;;30514;1;1;1;1;1;1;;;+11723209;+3181634;0;1
501;11;30519;P;1;10;;732;734;;9;;;30514;1;1;1;1;1;1;;;+11723182;+3182447;0;1
501;11;30520;P;1;10;;732;687;;9;;;30514;1;1;1;1;1;1;;;+11723159;+3183231;0;1
501;11;30521;P;1;10;;732;698;;9;;;30514;1;1;1;1;1;1;;;+11723130;+3184091;0;1
501;11;30522;P;1;10;;732;756;;9;;;30514;1;1;1;1;1;1;;;+11723119;+3184525;0;1
501;11;30523;P;1;10;;732;722;;9;;;30514;1;1;1;1;1;1;;;+11723096;+3185250;0;1
501;11;30722;P;1;6;;724;748;;9;;;30721;1;1;1;1;1;1;;;+11725027;+3187523;0;1
501;11;30723;P;1;10;;724;757;;9;;;30721;1;1;1;1;1;1;;;+11724563;+3188051;0;1
501;11;30724;P;1;10;;724;719;;9;;;30721;1;1;1;1;1;1;;;+11723441;+3189575;0;1
501;11;30725;P;1;10;;724;723;;9;;;30721;1;1;1;1;1;1;;;+11721156;+3192049;0;0
501;11;30596;P;1;10;;677;781;;9;;;30595;1;1;1;1;1;1;;;+11711542;+3185068;0;0
501;11;30597;P;1;10;;677;782;;9;;;30595;1;1;1;1;1;1;;;+11713427;+3185089;0;0
501;11;30598;P;1;3;;677;614;;9;;;30595;1;1;1;1;1;1;;;+11713976;+3185098;0;1
501;11;30599;P;1;10;;677;797;;9;;;30595;1;1;1;1;1;1;;;+11716046;+3185124;0;1
501;11;30600;P;1;12;;677;722;;9;;;30595;1;1;1;1;1;1;;;+11718228;+3185150;0;1
501;11;30084;P;1;1;;670;1131;;9;;30082;;1;1;1;1;1;1;;;+11750183;+3194511;0;0
501;11;30083;P;1;1;;670;661;;9;;30082;;1;1;1;1;1;1;;;+11752445;+3188871;0;0
501;11;30099;P;1;3;;671;665;;9;;30093;;1;1;1;1;1;1;;;+11749860;+3187424;0;0
501;11;30098;P;3;3;;671;682;;9;;30093;;1;1;1;1;1;1;;;+11745522;+3185558;0;0
501;11;30097;P;1;3;;671;681;;9;;30093;;1;1;1;1;1;1;;;+11741600;+3182708;0;0
501;11;30096;P;1;3;;671;680;;9;;30093;;1;1;1;1;1;1;;;+11730469;+3179719;0;1
501;11;30095;P;1;1;;671;679;;9;;30093;;1;1;1;1;1;1;;;+11727744;+3179493;0;1
501;11;30094;P;1;3;;671;678;;9;;30093;;1;1;1;1;1;1;;;+11723930;+3178938;0;1
501;11;30092;P;1;3;;676;677;;9;;30091;;1;1;1;1;1;1;;;+11714333;+3185644;0;1
501;11;30090;P;1;1;;676;660;;9;;30091;;1;1;1;1;1;1;;;+11710619;+3198255;0;0
501;11;30089;P;1;3;;672;560;;9;;30085;;1;1;1;1;1;1;;;+11714163;+3199103;0;0
501;11;30088;P;1;3;;672;675;;9;;30085;;1;1;1;1;1;1;;;+11724619;+3201903;0;0
501;11;30087;P;1;3;;672;674;;9;;30085;;1;1;1;1;1;1;;;+11735372;+3200690;0;0
501;11;30086;P;3;3;;672;673;;9;;30085;;1;1;1;1;1;1;;;+11741791;+3197519;0;0
501;11;30063;P;3;3;;657;658;;9;;30062;;1;1;1;1;1;1;;;+11689389;+3191948;0;0
501;11;30064;P;1;3;;657;659;;9;;30062;;1;1;1;1;1;1;;;+11694448;+3193089;0;0
501;11;30065;P;1;1;;657;660;;9;;30062;;1;1;1;1;1;1;;;+11710619;+3198255;30067;0
501;11;30067;P;1;1;;657;661;;9;;30066;;1;1;1;1;1;1;;;+11752445;+3188871;30065;0
501;11;30068;P;3;3;;657;662;;9;;30066;;1;1;1;1;1;1;;;+11771708;+3195864;0;0
501;11;30069;P;1;3;;657;663;;9;;30066;;1;1;1;1;1;1;;;+11795222;+3201009;0;0
501;11;30072;P;1;3;;661;665;;9;;;30071;1;1;1;1;1;1;;;+11760660;+3182347;0;0
501;11;30073;P;1;1;;661;657;;9;;;30071;1;1;1;1;1;1;;;+11752445;+3188871;0;0
501;11;30820;P;1;8;;827;844;;9;;;30819;1;1;1;1;1;1;;;+11748429;+3187763;0;1
501;11;30821;P;1;10;;827;820;;9;;;30819;1;1;1;1;1;1;;;+11748388;+3189113;0;1
501;11;30822;P;1;12;;827;847;;9;;;30819;1;1;1;1;1;1;;;+11748341;+3190134;0;0
501;11;30887;P;1;10;;681;858;;9;;;30886;1;1;1;1;1;1;;;+11748273;+3180841;0;0
501;11;30888;P;1;10;;681;614;;9;;;30886;1;1;1;1;1;1;;;+11742623;+3182993;0;0
501;11;30889;P;1;12;;681;851;;9;;;30886;1;1;1;1;1;1;;;+11740254;+3183283;0;0
501;11;30891;P;1;12;;851;681;;9;;;30890;1;1;1;1;1;1;;;+11740254;+3183283;0;0
501;11;30892;P;1;12;;851;859;;9;;;30890;1;1;1;1;1;1;;;+11738385;+3183616;0;0
501;11;30893;P;1;10;;851;810;;9;;;30890;1;1;1;1;1;1;;;+11735163;+3184355;0;1
501;11;30894;P;1;10;;851;769;;9;;;30890;1;1;1;1;1;1;;;+11733348;+3184890;0;1
501;11;30895;P;1;10;;851;860;;9;;;30890;1;1;1;1;1;1;;;+11732493;+3184924;0;1
501;11;30896;P;1;10;;851;807;;9;;;30890;1;1;1;1;1;1;;;+11731796;+3185137;0;1
501;11;30897;P;1;10;;851;806;;9;;;30890;1;1;1;1;1;1;;;+11731175;+3185379;0;1
501;11;30075;P;1;1;;660;657;;9;;;30074;1;1;1;1;1;1;;;+11710619;+3198255;0;0
501;11;30076;P;1;3;;660;560;;9;;;30074;1;1;1;1;1;1;;;+11710577;+3206204;0;0
501;11;30077;P;3;3;;660;666;;9;;;30074;1;1;1;1;1;1;;;+11710476;+3213930;0;0
501;11;30078;P;1;3;;660;667;;9;;;30074;1;1;1;1;1;1;;;+11710856;+3218815;0;0
501;11;30079;P;1;3;;660;668;;9;;;30074;1;1;1;1;1;1;;;+11713283;+3237342;0;0
501;11;30080;P;1;3;;660;669;;9;;;30074;1;1;1;1;1;1;;;+11700796;+3252592;0;0
501;11;31530;P;1;12;;921;740;;9;;;31529;1;1;1;1;1;1;;;+11729901;+3186245;0;1
501;11;31531;P;1;10;;921;744;;9;;;31529;1;1;1;1;1;1;;;+11729908;+3186535;0;1
501;11;31040;P;1;10;;693;689;;9;;;31039;1;1;1;1;1;1;;;+11715849;+3180335;0;1
501;11;31041;P;1;10;;693;787;;9;;;31039;1;1;1;1;1;1;;;+11718547;+3180326;0;1
501;11;30804;P;1;11;;665;823;;9;;;30801;1;1;1;1;1;1;;;+11744068;+3187614;0;1
501;11;30805;P;1;12;;665;824;;9;;;30801;1;1;1;1;1;1;;;+11745515;+3187260;0;1
501;11;30806;P;1;12;;665;825;;9;;;30801;1;1;1;1;1;1;;;+11746520;+3187408;0;1
501;11;30808;P;1;8;;665;843;;9;;;30801;1;1;1;1;1;1;;;+11747156;+3187503;0;1
501;11;30809;P;1;8;;665;844;;9;;;30801;1;1;1;1;1;1;;;+11748429;+3187763;0;1
501;11;30810;P;1;10;;665;614;;9;;;30801;1;1;1;1;1;1;;;+11749535;+3186930;0;0
501;11;30811;P;1;11;;665;845;;9;;;30801;1;1;1;1;1;1;;;+11768226;+3179285;0;0
501;11;30606;P;1;12;;722;677;;9;;;30605;1;1;1;1;1;1;;;+11718228;+3185150;0;1
501;11;30607;P;1;10;;722;1146;;9;;;30605;1;1;1;1;1;1;;;+11718686;+3185220;0;1
501;11;30608;P;1;10;;722;787;;9;;;30605;1;1;1;1;1;1;;;+11719481;+3185355;0;1
501;11;30609;P;1;10;;722;788;;9;;;30605;1;1;1;1;1;1;;;+11720881;+3185596;0;1
501;11;30610;P;1;10;;722;715;;9;;;30605;1;1;1;1;1;1;;;+11721602;+3185669;0;1
501;11;30611;P;1;10;;722;770;;9;;;30605;1;1;1;1;1;1;;;+11722294;+3185507;0;1
501;11;31276;P;1;10;;722;717;;9;;;30605;1;1;1;1;1;1;;;+11722781;+3185350;0;1
501;11;30612;P;1;10;;722;732;;9;;;30605;1;1;1;1;1;1;;;+11723096;+3185250;0;1
501;11;30613;P;1;10;;722;798;;9;;;30605;1;1;1;1;1;1;;;+11724166;+3185112;0;1
501;11;30614;P;1;6;;722;685;;9;;;30605;1;1;1;1;1;1;;;+11725090;+3185286;0;1
501;11;30615;P;1;10;;722;799;;9;;;30605;1;1;1;1;1;1;;;+11725444;+3185409;0;1
501;11;30616;P;1;10;;722;800;;9;;;30605;1;1;1;1;1;1;;;+11726520;+3185804;0;1
501;11;30617;P;1;12;;722;740;;9;;;30605;1;1;1;1;1;1;;;+11726690;+3185866;0;1
501;11;30602;P;1;12;;716;677;;9;;;30601;1;1;1;1;1;1;;;+11718228;+3185150;0;1
501;11;30603;P;1;6;;716;715;;9;;;30601;1;1;1;1;1;1;;;+11721602;+3185669;0;1
501;11;31275;P;1;6;;716;732;;9;;;30601;1;1;1;1;1;1;;;+11723096;+3185250;0;1
501;11;30604;P;1;12;;716;722;;9;;;30601;1;1;1;1;1;1;;;+11724407;+3185130;0;1
501;11;30619;P;1;12;;740;722;;9;;;30618;1;1;1;1;1;1;;;+11726690;+3185866;0;1
501;11;31609;P;1;10;;740;801;;9;;;30618;1;1;1;1;1;1;;;+11726842;+3185917;0;1
501;11;30620;P;1;10;;740;678;;9;;;30618;1;1;1;1;1;1;;;+11727552;+3186122;0;1
501;11;30621;P;1;10;;740;802;;9;;;30618;1;1;1;1;1;1;;;+11728030;+3186184;0;1
501;11;30622;P;1;10;;740;751;;9;;;30618;1;1;1;1;1;1;;;+11728496;+3186174;0;1
501;11;30623;P;1;10;;740;709;;9;;;30618;1;1;1;1;1;1;;;+11728717;+3186164;0;1
501;11;30624;P;1;10;;740;803;;9;;;30618;1;1;1;1;1;1;;;+11728910;+3186161;0;1
501;11;30625;P;1;7;;740;780;;9;;;30618;1;1;1;1;1;1;;;+11729971;+3186226;0;1
501;11;31188;P;1;11;;890;712;;9;;;31187;1;1;1;1;1;1;;;+11735862;+3177310;0;1
501;11;31189;P;1;8;;890;891;;9;;;31187;1;1;1;1;1;1;;;+11737759;+3177307;0;0
501;11;31195;P;1;10;;775;892;;9;;;31194;1;1;1;1;1;1;;;+11735651;+3179764;0;0
501;11;31196;P;1;10;;775;776;;9;;;31194;1;1;1;1;1;1;;;+11733021;+3182958;0;1
501;11;31197;P;1;10;;775;769;;9;;;31194;1;1;1;1;1;1;;;+11732163;+3183464;0;1
501;11;31185;P;1;12;;836;680;;9;;;31184;1;1;1;1;1;1;;;+11731781;+3177307;0;1
501;11;31186;P;1;11;;836;712;;9;;;31184;1;1;1;1;1;1;;;+11735862;+3177310;0;1
501;11;31191;P;1;11;;712;836;;9;;;31190;1;1;1;1;1;1;;;+11735862;+3177310;0;1
501;11;31192;P;1;10;;712;691;;9;;;31190;1;1;1;1;1;1;;;+11735810;+3179468;0;0
501;11;31193;P;1;10;;712;892;;9;;;31190;1;1;1;1;1;1;;;+11735651;+3179764;0;0
501;11;30922;P;1;10;;674;863;;9;;;30921;1;1;1;1;1;1;;;+11732349;+3192595;0;0
501;11;30923;P;1;3;;674;614;;9;;;30921;1;1;1;1;1;1;;;+11734994;+3200432;0;0
501;11;31470;P;1;10;;778;850;;9;;;31472;1;1;1;1;1;1;;;+11730601;+3185765;0;1
501;11;31473;P;1;10;;778;805;;9;;;31472;1;1;1;1;1;1;;;+11730978;+3185787;0;1
501;11;31474;P;1;10;;778;806;;9;;;31472;1;1;1;1;1;1;;;+11731266;+3185753;0;1
501;11;31475;P;1;10;;778;807;;9;;;31472;1;1;1;1;1;1;;;+11731982;+3185550;0;1
501;11;31476;P;1;10;;778;860;;9;;;31472;1;1;1;1;1;1;;;+11732370;+3185508;0;1
501;11;31477;P;1;10;;778;808;;9;;;31472;1;1;1;1;1;1;;;+11732640;+3185478;0;1
501;11;31478;P;1;10;;778;769;;9;;;31472;1;1;1;1;1;1;;;+11733503;+3185377;0;1
501;11;30727;P;1;12;;726;725;;9;;;30726;1;1;1;1;1;1;;;+11718818;+3194584;0;0
501;11;30728;P;1;12;;726;752;;9;;;30726;1;1;1;1;1;1;;;+11725555;+3195188;0;0
501;11;30943;P;1;10;;675;866;;9;;;30942;1;1;1;1;1;1;;;+11725803;+3200241;0;0
501;11;30944;P;1;10;;675;614;;9;;;30942;1;1;1;1;1;1;;;+11725157;+3202121;0;0
501;11;30945;P;1;10;;675;752;;9;;;30942;1;1;1;1;1;1;;;+11724856;+3202964;0;0
501;11;31182;P;1;10;;889;710;;9;;;31181;1;1;1;1;1;1;;;+11730704;+3178895;0;1
501;11;31183;P;1;10;;889;680;;9;;;31181;1;1;1;1;1;1;;;+11731224;+3179315;0;1
501;11;31320;P;1;12;;822;842;;9;;;31318;1;1;1;1;1;1;;;+11739909;+3188425;0;0
501;11;31321;P;1;10;;822;820;;9;;;31318;1;1;1;1;1;1;;;+11739858;+3189184;0;0
501;11;31322;P;1;10;;822;903;;9;;;31318;1;1;1;1;1;1;;;+11739890;+3190908;0;0
501;11;31323;P;1;10;;822;904;;9;;;31318;1;1;1;1;1;1;;;+11739881;+3193201;0;0
501;11;31369;P;1;10;;908;819;;9;;;31368;1;1;1;1;1;1;;;+11737823;+3193868;0;0
501;11;31370;P;1;10;;908;907;;9;;;31368;1;1;1;1;1;1;;;+11738785;+3194448;0;0
501;11;31371;P;1;12;;908;822;;9;;;31368;1;1;1;1;1;1;;;+11738748;+3194727;0;0
501;11;30417;P;1;10;;691;700;;9;;30416;;1;1;1;1;1;1;;;+11712463;+3178252;0;0
501;11;30418;P;1;10;;691;689;;9;;30416;;1;1;1;1;1;1;;;+11715854;+3178241;0;0
501;11;30419;P;1;10;;691;701;;9;;30416;;1;1;1;1;1;1;;;+11718418;+3178238;0;1
501;11;30420;P;1;11;;691;702;;9;;30416;;1;1;1;1;1;1;;;+11718985;+3178234;0;1
501;11;30421;P;1;10;;691;703;;9;;30416;;1;1;1;1;1;1;;;+11720986;+3178227;0;1
501;11;30422;P;1;10;;691;704;;9;;30416;;1;1;1;1;1;1;;;+11722460;+3177859;0;1
501;11;30423;P;1;10;;691;705;;9;;30416;;1;1;1;1;1;1;;;+11723135;+3177631;0;1
501;11;30424;P;1;10;;691;706;;9;;30416;;1;1;1;1;1;1;;;+11725037;+3177636;0;1
501;11;30425;P;1;10;;691;684;;9;;30416;;1;1;1;1;1;1;;;+11725732;+3177802;0;1
501;11;30426;P;1;10;;691;707;;9;;30416;;1;1;1;1;1;1;;;+11726525;+3178187;0;1
501;11;30427;P;1;10;;691;708;;9;;30416;;1;1;1;1;1;1;;;+11727042;+3178436;0;1
501;11;30428;P;1;10;;691;709;;9;;30416;;1;1;1;1;1;1;;;+11728615;+3179211;0;1
501;11;30429;P;1;10;;691;710;;9;;30416;;1;1;1;1;1;1;;;+11730321;+3179318;30431;1
501;11;30431;P;1;10;;691;680;;9;;30430;;1;1;1;1;1;1;;;+11731224;+3179315;30429;1
501;11;30432;P;1;10;;691;712;;9;;30430;;1;1;1;1;1;1;;;+11735810;+3179468;0;0
501;11;30433;P;1;11;;691;713;;9;;30430;;1;1;1;1;1;1;;;+11738663;+3179389;0;0
501;11;31611;P;1;7;;741;801;;9;;;30500;1;1;1;1;1;1;;;+11726946;+3186221;0;1
501;11;30501;P;1;10;;741;924;;9;;;30500;1;1;1;1;1;1;;;+11727095;+3186223;0;1
501;11;30502;P;1;10;;741;678;;9;;;30500;1;1;1;1;1;1;;;+11727529;+3186269;0;1
501;11;30503;P;1;10;;741;742;;9;;;30500;1;1;1;1;1;1;;;+11727645;+3186283;0;1
501;11;30504;P;1;10;;741;750;;9;;;30500;1;1;1;1;1;1;;;+11728226;+3186337;0;1
501;11;30505;P;1;10;;741;751;;9;;;30500;1;1;1;1;1;1;;;+11728523;+3186355;0;1
501;11;30506;P;1;12;;741;709;;9;;;30500;1;1;1;1;1;1;;;+11728741;+3186361;0;1
501;11;31561;P;1;10;;749;800;;9;;;31560;1;1;1;1;1;1;;;+11726196;+3186221;0;1
501;11;31562;P;1;7;;749;741;;9;;;31560;1;1;1;1;1;1;;;+11726946;+3186221;0;1
501;11;30695;P;1;10;;820;819;;9;;;30694;1;1;1;1;1;1;;;+11735900;+3188505;0;1
501;11;30696;P;1;10;;820;821;;9;;;30694;1;1;1;1;1;1;;;+11736726;+3188704;0;1
501;11;30697;P;1;10;;820;822;;9;;;30694;1;1;1;1;1;1;;;+11739858;+3189184;0;0
501;11;30698;P;1;10;;820;823;;9;;;30694;1;1;1;1;1;1;;;+11743973;+3189167;0;1
501;11;30699;P;1;10;;820;824;;9;;;30694;1;1;1;1;1;1;;;+11745044;+3189186;0;1
501;11;30700;P;1;12;;820;825;;9;;;30694;1;1;1;1;1;1;;;+11746348;+3189210;0;1
501;11;30702;P;1;10;;820;826;;9;;;30694;1;1;1;1;1;1;;;+11747177;+3189149;0;1
501;11;30703;P;1;10;;820;827;;9;;;30694;1;1;1;1;1;1;;;+11748388;+3189113;0;1
501;11;30766;P;1;11;;680;835;;9;;;30765;1;1;1;1;1;1;;;+11734572;+3173146;0;0
501;11;30767;P;1;12;;680;836;;9;;;30765;1;1;1;1;1;1;;;+11731781;+3177307;0;1
501;11;30768;P;1;10;;680;691;;9;;;30765;1;1;1;1;1;1;;;+11731224;+3179315;0;1
501;11;30769;P;1;3;;680;614;;9;;;30765;1;1;1;1;1;1;;;+11730904;+3180075;0;1
501;11;30770;P;1;7;;680;773;;9;;;30765;1;1;1;1;1;1;;;+11730245;+3181667;0;1
501;11;30760;P;1;12;;680;833;;9;;;30759;1;1;1;1;1;1;;;+11731958;+3170492;0;0
501;11;30761;P;1;12;;680;664;;9;;;30759;1;1;1;1;1;1;;;+11731963;+3172460;0;0
501;11;30762;P;1;12;;680;729;;9;;;30759;1;1;1;1;1;1;;;+11731967;+3174084;0;1
501;11;30763;P;1;12;;680;730;;9;;;30759;1;1;1;1;1;1;;;+11731973;+3175611;0;1
501;11;30764;P;1;12;;680;1079;;9;;;30759;1;1;1;1;1;1;;;+11731975;+3176069;0;1
501;11;30772;P;1;10;;839;691;;9;;;30771;1;1;1;1;1;1;;;+11731224;+3179315;0;1
501;11;30773;P;1;3;;839;614;;9;;;30771;1;1;1;1;1;1;;;+11730904;+3180075;0;1
501;11;30774;P;1;10;;839;733;;9;;;30771;1;1;1;1;1;1;;;+11730392;+3181271;0;1
501;11;30775;P;1;10;;839;773;;9;;;30771;1;1;1;1;1;1;;;+11730245;+3181667;0;1
501;11;31658;P;1;11;;1121;707;;9;;;31657;1;1;1;1;1;1;;;+11721998;+3178879;0;1
501;11;31659;P;1;12;;1121;770;;9;;;31657;1;1;1;1;1;1;;;+11722292;+3179414;0;1
501;11;30682;P;1;10;;719;715;;9;;;30681;1;1;1;1;1;1;;;+11721288;+3189031;0;1
501;11;30683;P;1;10;;719;724;;9;;;30681;1;1;1;1;1;1;;;+11723441;+3189575;0;1
501;11;30684;P;1;10;;719;761;;9;;;30681;1;1;1;1;1;1;;;+11726936;+3189743;0;1
501;11;30685;P;1;10;;719;752;;9;;;30681;1;1;1;1;1;1;;;+11727569;+3189751;0;1
501;11;30686;P;1;10;;719;762;;9;;;30681;1;1;1;1;1;1;;;+11728528;+3189869;0;1
501;11;30687;P;1;10;;719;817;;9;;;30681;1;1;1;1;1;1;;;+11729998;+3189894;0;1
501;11;30688;P;1;6;;719;763;;9;;;30681;1;1;1;1;1;1;;;+11730960;+3189199;0;1
501;11;30689;P;1;10;;719;767;;9;;;30681;1;1;1;1;1;1;;;+11732702;+3188535;0;1
501;11;30690;P;1;10;;719;769;;9;;;30681;1;1;1;1;1;1;;;+11734221;+3188493;0;1
501;11;30877;P;1;13;;748;806;;9;;;30876;1;1;1;1;1;1;;;+11731469;+3187308;0;1
501;11;30878;P;1;7;;748;765;;9;;;30876;1;1;1;1;1;1;;;+11730913;+3187551;0;1
501;11;30879;P;1;7;;748;764;;9;;;30876;1;1;1;1;1;1;;;+11730419;+3188040;0;1
501;11;30880;P;1;7;;748;763;;9;;;30876;1;1;1;1;1;1;;;+11729131;+3188000;0;1
501;11;30881;P;1;6;;748;762;;9;;;30876;1;1;1;1;1;1;;;+11728774;+3187991;0;1
501;11;30882;P;1;6;;748;742;;9;;;30876;1;1;1;1;1;1;;;+11727857;+3187952;0;1
501;11;30883;P;1;6;;748;857;;9;;;30876;1;1;1;1;1;1;;;+11726370;+3187898;0;1
501;11;30884;P;1;12;;748;760;;9;;;30876;1;1;1;1;1;1;;;+11725549;+3187829;0;1
501;11;30885;P;1;6;;748;814;;9;;;30876;1;1;1;1;1;1;;;+11725027;+3187523;0;1
501;11;30692;P;1;10;;818;769;;9;;;30691;1;1;1;1;1;1;;;+11734221;+3188493;0;1
501;11;30693;P;1;10;;818;819;;9;;;30691;1;1;1;1;1;1;;;+11735900;+3188505;0;1
501;11;31429;P;3;37;;850;1151;;9;;31428;;1;1;1;1;1;1;;;+11732719;+3184667;0;1
501;11;31430;P;1;10;;850;807;;9;;31428;;1;1;1;1;1;1;;;+11731637;+3184780;0;1
501;11;31431;P;1;10;;850;861;;9;;31428;;1;1;1;1;1;1;;;+11731210;+3184871;0;1
501;11;31432;P;1;12;;850;1152;;9;;31428;;1;1;1;1;1;1;;;+11730833;+3185058;31434;1
501;11;31434;P;1;12;;850;688;;9;;31433;;1;1;1;1;1;1;;;+11730796;+3185081;31432;1
501;11;31435;P;1;10;;850;778;;9;;31433;;1;1;1;1;1;1;;;+11730601;+3185765;0;1
501;11;31436;P;1;10;;850;737;;9;;31433;;1;1;1;1;1;1;;;+11730585;+3185943;0;1
501;11;31510;P;1;10;;857;760;;9;;;31509;1;1;1;1;1;1;;;+11725437;+3188216;0;1
501;11;31511;P;1;11;;857;748;;9;;;31509;1;1;1;1;1;1;;;+11726370;+3187898;0;1
501;11;31512;P;1;10;;857;1108;;9;;;31509;1;1;1;1;1;1;;;+11726920;+3187413;0;1
501;11;31514;P;1;10;;857;745;;9;;;31509;1;1;1;1;1;1;;;+11727041;+3187184;0;1
501;11;31557;P;1;10;;816;815;;9;;;31556;1;1;1;1;1;1;;;+11726133;+3186890;0;1
501;11;31559;P;1;11;;816;748;;9;;;31556;1;1;1;1;1;1;;;+11726370;+3187898;0;1
501;11;31539;P;1;10;;800;722;;9;;;31538;1;1;1;1;1;1;;;+11726520;+3185804;0;1
501;11;31540;P;1;12;;800;829;;9;;;31538;1;1;1;1;1;1;;;+11726135;+3186328;0;1
501;11;31541;P;1;10;;800;815;;9;;;31538;1;1;1;1;1;1;;;+11726133;+3186890;0;1
501;11;31610;P;1;7;;779;740;;9;;;30627;1;1;1;1;1;1;;;+11729971;+3186226;0;1
501;11;30628;P;1;10;;779;804;;9;;;30627;1;1;1;1;1;1;;;+11730461;+3186188;0;1
501;11;30629;P;1;10;;779;805;;9;;;30627;1;1;1;1;1;1;;;+11730779;+3186249;0;1
501;11;30630;P;1;10;;779;806;;9;;;30627;1;1;1;1;1;1;;;+11731383;+3186251;0;1
501;11;30631;P;1;10;;779;807;;9;;;30627;1;1;1;1;1;1;;;+11732286;+3186203;0;1
501;11;30632;P;1;10;;779;808;;9;;;30627;1;1;1;1;1;1;;;+11732831;+3186129;0;1
501;11;30633;P;1;10;;779;769;;9;;;30627;1;1;1;1;1;1;;;+11733829;+3186361;0;1
501;11;30791;P;1;10;;780;740;;9;;31677;;1;1;1;1;1;1;;;+11729971;+3186226;0;1
501;11;30792;P;1;12;;780;765;;9;;31677;;1;1;1;1;1;1;;;+11730069;+3186421;31678;1
501;11;31678;P;1;12;;780;1132;;9;;30790;;1;1;1;1;1;1;;;+11730083;+3186420;30792;1
501;11;30793;P;1;10;;780;804;;9;;30790;;1;1;1;1;1;1;;;+11730403;+3186442;0;1
501;11;30794;P;1;10;;780;805;;9;;30790;;1;1;1;1;1;1;;;+11730662;+3186520;0;1
501;11;30795;P;1;10;;780;806;;9;;30790;;1;1;1;1;1;1;;;+11731545;+3186776;0;1
501;11;30796;P;1;10;;780;767;;9;;30790;;1;1;1;1;1;1;;;+11732320;+3186781;0;1
501;11;30797;P;1;10;;780;808;;9;;30790;;1;1;1;1;1;1;;;+11732987;+3186773;0;1
501;11;30798;P;1;10;;780;769;;9;;30790;;1;1;1;1;1;1;;;+11733823;+3186780;0;1
501;11;30799;P;1;10;;780;810;;9;;30790;;1;1;1;1;1;1;;;+11735961;+3186811;0;1
501;11;31605;P;1;12;;780;811;;9;;30790;;1;1;1;1;1;1;;;+11736627;+3186823;0;1
501;11;31613;P;1;10;;840;894;;9;;31612;;1;1;1;1;1;1;;;+11731155;+3184736;0;1
501;11;31614;P;1;12;;840;1080;;9;;31612;;1;1;1;1;1;1;;;+11730761;+3184990;31443;1
501;11;31443;P;1;12;;840;1081;;9;;31442;;1;1;1;1;1;1;;;+11730724;+3185019;31614;1
501;11;31444;P;1;11;;840;737;;9;;31442;;1;1;1;1;1;1;;;+11730488;+3185914;0;1
501;11;31445;P;1;10;;840;795;;9;;31442;;1;1;1;1;1;1;;;+11729971;+3186226;0;1
501;11;31211;P;1;11;;776;826;;9;;;31210;1;1;1;1;1;1;;;+11732956;+3182025;0;1
501;11;31212;P;1;10;;776;775;;9;;;31210;1;1;1;1;1;1;;;+11733021;+3182958;0;1
501;11;31213;P;1;10;;776;769;;9;;;31210;1;1;1;1;1;1;;;+11732577;+3183957;0;1
501;11;31214;P;1;10;;776;796;;9;;;31210;1;1;1;1;1;1;;;+11731537;+3184557;0;1
501;11;31215;P;1;10;;776;894;;9;;;31210;1;1;1;1;1;1;;;+11731155;+3184736;0;1
501;11;31438;P;1;10;;804;737;;9;;;31437;1;1;1;1;1;1;;;+11730585;+3185943;0;1
501;11;31439;P;1;10;;804;779;;9;;;31437;1;1;1;1;1;1;;;+11730461;+3186188;0;1
501;11;31440;P;1;10;;804;780;;9;;;31437;1;1;1;1;1;1;;;+11730403;+3186442;0;1
501;11;31441;P;1;10;;804;765;;9;;;31437;1;1;1;1;1;1;;;+11730283;+3186768;0;1
501;11;31070;P;1;11;;782;684;;9;;;31069;1;1;1;1;1;1;;;+11713421;+3182109;0;0
501;11;31071;P;1;10;;782;687;;9;;;31069;1;1;1;1;1;1;;;+11713421;+3183033;0;0
501;11;31072;P;1;10;;782;677;;9;;;31069;1;1;1;1;1;1;;;+11713427;+3185089;0;0
501;11;31073;P;1;10;;782;1109;;9;;;31069;1;1;1;1;1;1;;;+11713422;+3186336;0;0
501;11;31202;P;1;8;;843;665;;9;;;31201;1;1;1;1;1;1;;;+11747156;+3187503;0;1
501;11;31203;P;1;10;;843;844;;9;;;31201;1;1;1;1;1;1;;;+11746978;+3188273;0;1
501;11;31457;P;1;10;;852;805;;9;;31456;;1;1;1;1;1;1;;;+11730875;+3186028;0;1
501;11;31458;P;1;10;;852;1127;;9;;31456;;1;1;1;1;1;1;;;+11731328;+3186024;31460;1
501;11;31460;P;1;10;;852;1128;;9;;31459;;1;1;1;1;1;1;;;+11731340;+3186022;31458;1
501;11;31461;P;1;10;;852;807;;9;;31459;;1;1;1;1;1;1;;;+11732093;+3185774;0;1
501;11;31463;P;1;10;;918;807;;9;;;31462;1;1;1;1;1;1;;;+11732093;+3185774;0;1
501;11;31464;P;1;10;;918;860;;9;;;31462;1;1;1;1;1;1;;;+11732411;+3185666;0;1
501;11;31022;P;1;10;;731;704;;9;;;31021;1;1;1;1;1;1;;;+11721734;+3177088;0;1
501;11;31023;P;1;10;;731;705;;9;;;31021;1;1;1;1;1;1;;;+11723132;+3176535;0;1
501;11;31024;P;1;10;;731;706;;9;;;31021;1;1;1;1;1;1;;;+11725031;+3176527;0;1
501;11;31025;P;1;10;;731;876;;9;;;31021;1;1;1;1;1;1;;;+11725544;+3176531;0;1
501;11;31396;P;1;10;;910;821;;9;;;31395;1;1;1;1;1;1;;;+11734231;+3189653;0;1
501;11;31397;P;1;10;;910;854;;9;;;31395;1;1;1;1;1;1;;;+11734744;+3190483;0;1
501;11;31393;P;1;10;;911;719;;9;;;31392;1;1;1;1;1;1;;;+11734221;+3188493;0;1
501;11;31394;P;1;10;;911;821;;9;;;31392;1;1;1;1;1;1;;;+11734231;+3189653;0;1
501;11;31484;P;1;12;;768;780;;9;;;31483;1;1;1;1;1;1;;;+11732767;+3186777;0;1
501;11;31485;P;1;10;;768;753;;9;;;31483;1;1;1;1;1;1;;;+11733101;+3187645;0;1
501;11;30555;P;1;6;;769;773;;9;;;30554;1;1;1;1;1;1;;;+11730245;+3181667;0;1
501;11;30556;P;1;10;;769;774;;9;;;30554;1;1;1;1;1;1;;;+11731426;+3182576;0;1
501;11;30557;P;1;10;;769;775;;9;;;30554;1;1;1;1;1;1;;;+11732163;+3183464;0;1
501;11;30558;P;1;10;;769;776;;9;;;30554;1;1;1;1;1;1;;;+11732577;+3183957;0;1
501;11;30559;P;1;6;;769;851;;9;;;30554;1;1;1;1;1;1;;;+11733348;+3184890;0;1
501;11;30560;P;1;10;;769;778;;9;;;30554;1;1;1;1;1;1;;;+11733503;+3185377;0;1
501;11;30561;P;1;10;;769;779;;9;;;30554;1;1;1;1;1;1;;;+11733829;+3186361;0;1
501;11;30562;P;1;10;;769;780;;9;;;30554;1;1;1;1;1;1;;;+11733823;+3186780;0;1
501;11;30563;P;1;10;;769;753;;9;;;30554;1;1;1;1;1;1;;;+11734112;+3187626;0;1
501;11;30564;P;1;10;;769;719;;9;;;30554;1;1;1;1;1;1;;;+11734221;+3188493;0;1
501;11;30871;P;1;6;;806;688;;9;;;30870;1;1;1;1;1;1;;;+11731175;+3185379;0;1
501;11;30872;P;1;10;;806;852;;9;;;30870;1;1;1;1;1;1;;;+11731333;+3186022;0;1
501;11;30873;P;1;6;;806;779;;9;;;30870;1;1;1;1;1;1;;;+11731383;+3186251;0;1
501;11;30874;P;1;6;;806;780;;9;;;30870;1;1;1;1;1;1;;;+11731545;+3186776;0;1
501;11;30875;P;1;13;;806;748;;9;;;30870;1;1;1;1;1;1;;;+11731469;+3187308;0;1
501;11;31144;P;1;10;;793;733;;9;;31143;;1;1;1;1;1;1;;;+11724440;+3180894;0;1
501;11;31145;P;1;12;;793;1148;;9;;31143;;1;1;1;1;1;1;;;+11724420;+3181686;31675;1
501;11;31675;P;1;12;;793;686;;9;;31674;;1;1;1;1;1;1;;;+11724419;+3181700;31145;1
501;11;31146;P;1;10;;793;734;;9;;31674;;1;1;1;1;1;1;;;+11724432;+3182258;31148;1
501;11;31148;P;1;11;;793;687;;9;;31147;;1;1;1;1;1;1;;;+11724615;+3183069;31146;1
501;11;31149;P;1;10;;793;698;;9;;31147;;1;1;1;1;1;1;;;+11724578;+3184122;0;1
501;11;31150;P;1;10;;793;756;;9;;31147;;1;1;1;1;1;1;;;+11724547;+3184568;0;1
501;11;30456;P;1;10;;723;719;;9;;;30455;1;1;1;1;1;1;;;+11721288;+3189031;0;1
501;11;30457;P;1;10;;723;724;;9;;;30455;1;1;1;1;1;1;;;+11721156;+3192049;0;0
501;11;31269;P;1;10;;717;699;;9;;;31268;1;1;1;1;1;1;;;+11718409;+3185702;0;1
501;11;31270;P;1;10;;717;715;;9;;;31268;1;1;1;1;1;1;;;+11721488;+3186465;0;1
501;11;31271;P;1;10;;717;813;;9;;;31268;1;1;1;1;1;1;;;+11722597;+3186246;0;1
501;11;31272;P;1;10;;717;759;;9;;;31268;1;1;1;1;1;1;;;+11722785;+3186144;0;1
501;11;31273;P;1;10;;717;758;;9;;;31268;1;1;1;1;1;1;;;+11722747;+3185845;0;1
501;11;31274;P;1;10;;717;722;;9;;;31268;1;1;1;1;1;1;;;+11722781;+3185366;0;1
501;11;30970;P;1;10;;664;706;;9;;;30969;1;1;1;1;1;1;;;+11725078;+3172522;0;1
501;11;30971;P;1;3;;664;679;;9;;;30969;1;1;1;1;1;1;;;+11726766;+3172475;0;1
501;11;30972;P;1;10;;664;709;;9;;;30969;1;1;1;1;1;1;;;+11728630;+3172467;0;1
501;11;30973;P;1;12;;664;680;;9;;;30969;1;1;1;1;1;1;;;+11731963;+3172460;0;0
501;11;31480;P;1;10;;808;778;;9;;;31479;1;1;1;1;1;1;;;+11732640;+3185478;0;1
501;11;31481;P;1;10;;808;779;;9;;;31479;1;1;1;1;1;1;;;+11732831;+3186129;0;1
501;11;31482;P;1;10;;808;780;;9;;;31479;1;1;1;1;1;1;;;+11732987;+3186773;0;1
501;11;31241;P;1;10;;760;687;;9;;31246;;1;1;1;1;1;1;;;+11725786;+3183008;0;1
501;11;31242;P;1;10;;760;735;;9;;31246;;1;1;1;1;1;1;;;+11725872;+3183491;0;1
501;11;31243;P;1;10;;760;698;;9;;31246;;1;1;1;1;1;1;;;+11725991;+3184156;0;1
501;11;31244;P;1;10;;760;736;;9;;31246;;1;1;1;1;1;1;;;+11725990;+3184553;0;1
501;11;31245;P;1;12;;760;688;;9;;31246;;1;1;1;1;1;1;;;+11725893;+3185170;31248;1
501;11;31248;P;1;12;;760;1150;;9;;31247;;1;1;1;1;1;1;;;+11725890;+3185192;31245;1
501;11;31249;P;1;12;;760;722;;9;;31247;;1;1;1;1;1;1;;;+11725781;+3185530;31547;1
501;11;31547;P;1;12;;760;829;;9;;31546;;1;1;1;1;1;1;;;+11725558;+3186602;31249;1
501;11;31548;P;1;10;;760;718;;9;;31546;;1;1;1;1;1;1;;;+11725532;+3187163;31550;1
501;11;31550;P;1;12;;760;1108;;9;;31549;;1;1;1;1;1;1;;;+11725550;+3187280;31548;1
501;11;31551;P;1;12;;760;748;;9;;31549;;1;1;1;1;1;1;;;+11725551;+3187822;31553;1
501;11;31553;P;1;12;;760;1149;;9;;31552;;1;1;1;1;1;1;;;+11725549;+3187834;31551;1
501;11;31554;P;1;10;;760;857;;9;;31552;;1;1;1;1;1;1;;;+11725437;+3188216;0;1
501;11;31555;P;1;10;;760;753;;9;;31552;;1;1;1;1;1;1;;;+11725453;+3188651;0;1
501;11;31580;P;1;10;;906;765;;9;;;31579;1;1;1;1;1;1;;;+11730076;+3186520;0;1
501;11;31581;P;1;12;;906;1108;;9;;;31579;1;1;1;1;1;1;;;+11729519;+3187300;0;1
501;11;31582;P;1;10;;906;803;;9;;;31579;1;1;1;1;1;1;;;+11729425;+3187662;0;1
501;11;31414;P;1;10;;849;769;;9;;;31413;1;1;1;1;1;1;;;+11732163;+3183464;0;1
501;11;31415;P;1;10;;849;796;;9;;;31413;1;1;1;1;1;1;;;+11731283;+3184003;0;1
501;11;31416;P;1;10;;849;894;;9;;;31413;1;1;1;1;1;1;;;+11730844;+3184261;0;1
501;11;31417;P;1;12;;849;688;;9;;;31413;1;1;1;1;1;1;;;+11730258;+3184819;0;1
501;11;30986;P;1;10;;703;728;;9;;;30985;1;1;1;1;1;1;;;+11718755;+3175599;0;1
501;11;30987;P;1;10;;703;729;;9;;;30985;1;1;1;1;1;1;;;+11719250;+3175953;0;1
501;11;30988;P;1;10;;703;730;;9;;;30985;1;1;1;1;1;1;;;+11720523;+3176549;0;1
501;11;30989;P;1;10;;703;691;;9;;;30985;1;1;1;1;1;1;;;+11720986;+3178227;0;1
501;11;30990;P;1;10;;703;707;;9;;;30985;1;1;1;1;1;1;;;+11720983;+3178880;0;1
501;11;30991;P;1;10;;703;684;;9;;;30985;1;1;1;1;1;1;;;+11721567;+3180060;0;1
501;11;30992;P;1;10;;703;733;;9;;;30985;1;1;1;1;1;1;;;+11721549;+3180891;0;1
501;11;30993;P;1;10;;703;715;;9;;;30985;1;1;1;1;1;1;;;+11721571;+3181947;0;1
501;11;30994;P;1;10;;703;734;;9;;;30985;1;1;1;1;1;1;;;+11721695;+3182675;0;1
501;11;30995;P;1;10;;703;687;;9;;;30985;1;1;1;1;1;1;;;+11721773;+3183365;0;1
501;11;31067;P;1;12;;694;684;;9;;;31066;1;1;1;1;1;1;;;+11715703;+3182096;0;0
501;11;31068;P;1;10;;694;689;;9;;;31066;1;1;1;1;1;1;;;+11716776;+3181442;0;1
501;11;31095;P;1;10;;695;689;;9;;;31094;1;1;1;1;1;1;;;+11717816;+3182309;0;1
501;11;31096;P;1;10;;695;687;;9;;;31094;1;1;1;1;1;1;;;+11716118;+3183134;0;1
501;11;31101;P;1;10;;695;677;;9;;;31094;1;1;1;1;1;1;;;+11716046;+3185124;0;1
501;11;31102;P;1;8;;695;884;;9;;;31094;1;1;1;1;1;1;;;+11715931;+3185711;0;1
501;11;31103;P;1;10;;695;881;;9;;;31094;1;1;1;1;1;1;;;+11715786;+3186438;0;1
501;11;31584;P;1;10;;862;763;;9;;;31583;1;1;1;1;1;1;;;+11730703;+3188890;0;1
501;11;31585;P;1;10;;862;764;;9;;;31583;1;1;1;1;1;1;;;+11730935;+3188686;0;1
501;11;31003;P;1;11;;707;702;;9;;;31002;1;1;1;1;1;1;;;+11718985;+3178234;0;1
501;11;31004;P;1;10;;707;703;;9;;;31002;1;1;1;1;1;1;;;+11720983;+3178880;0;1
501;11;31005;P;1;10;;707;704;;9;;;31002;1;1;1;1;1;1;;;+11722830;+3178302;0;1
501;11;31006;P;1;10;;707;705;;9;;;31002;1;1;1;1;1;1;;;+11723211;+3178172;0;1
501;11;31007;P;1;10;;707;684;;9;;;31002;1;1;1;1;1;1;;;+11725236;+3178256;0;1
501;11;31008;P;1;10;;707;691;;9;;;31002;1;1;1;1;1;1;;;+11726525;+3178187;0;1
501;11;31009;P;1;10;;707;874;;9;;;31002;1;1;1;1;1;1;;;+11727310;+3177246;0;1
501;11;30929;P;1;10;;762;743;;9;;;30928;1;1;1;1;1;1;;;+11728563;+3186549;0;1
501;11;30930;P;1;10;;762;744;;9;;;30928;1;1;1;1;1;1;;;+11728607;+3186756;0;1
501;11;30931;P;1;10;;762;745;;9;;;30928;1;1;1;1;1;1;;;+11728668;+3187008;0;1
501;11;30933;P;1;10;;762;1108;;9;;;30928;1;1;1;1;1;1;;;+11728744;+3187467;0;1
501;11;30934;P;1;10;;762;748;;9;;;30928;1;1;1;1;1;1;;;+11728774;+3187991;0;1
501;11;30935;P;1;10;;762;753;;9;;;30928;1;1;1;1;1;1;;;+11728736;+3188712;0;1
501;11;30936;P;1;10;;762;719;;9;;;30928;1;1;1;1;1;1;;;+11728528;+3189869;0;1
501;11;30937;P;1;10;;762;754;;9;;;30928;1;1;1;1;1;1;;;+11726797;+3195694;0;0
501;11;30938;P;1;10;;762;864;;9;;;30928;1;1;1;1;1;1;;;+11726667;+3195949;0;0
501;11;31354;P;1;10;;903;819;;9;;;31353;1;1;1;1;1;1;;;+11737035;+3191499;0;0
501;11;31355;P;1;10;;903;907;;9;;;31353;1;1;1;1;1;1;;;+11739446;+3190906;0;0
501;11;31356;P;1;10;;903;822;;9;;;31353;1;1;1;1;1;1;;;+11739890;+3190908;0;0
501;11;31172;P;1;10;;874;684;;9;;;31171;1;1;1;1;1;1;;;+11726560;+3176753;0;1
501;11;31173;P;1;10;;874;707;;9;;;31171;1;1;1;1;1;1;;;+11727310;+3177246;0;1
501;11;31174;P;1;10;;874;708;;9;;;31171;1;1;1;1;1;1;;;+11727682;+3177319;0;1
501;11;31300;P;1;12;;756;791;;9;;;31299;1;1;1;1;1;1;;;+11722526;+3184515;0;1
501;11;31301;P;1;10;;756;732;;9;;;31299;1;1;1;1;1;1;;;+11723119;+3184525;0;1
501;11;31302;P;1;10;;756;798;;9;;;31299;1;1;1;1;1;1;;;+11724169;+3184545;0;1
501;11;31303;P;1;10;;756;793;;9;;;31299;1;1;1;1;1;1;;;+11724547;+3184568;0;1
501;11;31304;P;1;10;;756;685;;9;;;31299;1;1;1;1;1;1;;;+11725119;+3184651;0;1
501;11;31623;P;1;10;;883;787;;9;;;31622;1;1;1;1;1;1;;;+11719473;+3184790;0;1
501;11;31624;P;1;11;;883;788;;9;;;31622;1;1;1;1;1;1;;;+11720487;+3184785;0;1
501;11;31625;P;1;12;;883;1114;;9;;;31622;1;1;1;1;1;1;;;+11721069;+3184795;0;1
501;11;31089;P;1;12;;878;701;;9;;;31088;1;1;1;1;1;1;;;+11720624;+3181425;0;1
501;11;31090;P;1;10;;878;788;;9;;;31088;1;1;1;1;1;1;;;+11720052;+3181644;0;1
501;11;31091;P;1;10;;878;787;;9;;;31088;1;1;1;1;1;1;;;+11719376;+3181766;0;1
501;11;31092;P;1;10;;878;786;;9;;;31088;1;1;1;1;1;1;;;+11718776;+3181931;0;1
501;11;31093;P;1;10;;878;689;;9;;;31088;1;1;1;1;1;1;;;+11717816;+3182309;0;1
501;11;31638;P;1;10;;1117;691;;9;;;31637;1;1;1;1;1;1;;;+11717918;+3178254;0;1
501;11;31639;P;1;10;;1117;692;;9;;;31637;1;1;1;1;1;1;;;+11717224;+3178980;0;1
501;11;31640;P;1;10;;1117;693;;9;;;31637;1;1;1;1;1;1;;;+11717109;+3180353;0;1
501;11;31608;P;1;12;;1107;811;;9;;;31606;1;1;1;1;1;1;;;+11736627;+3186823;0;1
501;11;30803;P;1;11;;1107;842;;9;;;31606;1;1;1;1;1;1;;;+11739714;+3186900;0;0
501;11;31607;P;1;11;;1107;844;;9;;;31606;1;1;1;1;1;1;;;+11744068;+3187614;0;1
501;11;31105;P;1;12;;721;786;;9;;;31104;1;1;1;1;1;1;;;+11718844;+3182421;0;1
501;11;31106;P;1;10;;721;787;;9;;;31104;1;1;1;1;1;1;;;+11719474;+3182421;0;1
501;11;31107;P;1;10;;721;788;;9;;;31104;1;1;1;1;1;1;;;+11720165;+3182419;0;1
501;11;31108;P;1;10;;721;715;;9;;;31104;1;1;1;1;1;1;;;+11721167;+3182409;0;1
501;11;30940;P;1;10;;865;864;;9;;;30939;1;1;1;1;1;1;;;+11726667;+3195949;0;0
501;11;30941;P;1;10;;865;675;;9;;;30939;1;1;1;1;1;1;;;+11725803;+3200241;0;0
501;11;30259;P;4;0;;;965;;9;;;30258;;;;;;;;;+11725174;+3181896;0;1
501;11;30706;P;1;10;;685;686;;9;;;30704;1;1;1;1;1;1;;;+11725208;+3181684;0;1
501;11;30707;P;1;10;;685;734;;9;;;30704;1;1;1;1;1;1;;;+11725186;+3182181;0;1
501;11;30708;P;1;10;;685;687;;9;;;30704;1;1;1;1;1;1;;;+11725162;+3183012;0;1
501;11;30709;P;1;10;;685;698;;9;;;30704;1;1;1;1;1;1;;;+11725133;+3184136;0;1
501;11;30710;P;1;10;;685;756;;9;;;30704;1;1;1;1;1;1;;;+11725119;+3184651;0;1
501;11;30711;P;1;7;;685;722;;9;;;30704;1;1;1;1;1;1;;;+11725090;+3185286;0;1
501;11;30705;P;1;10;;1123;678;;9;;;31666;1;1;1;1;1;1;;;+11725222;+3181388;0;1
501;11;31667;P;1;13;;1123;686;;9;;;31666;1;1;1;1;1;1;;;+11725200;+3181760;0;1
501;11;31668;P;1;3;;1123;734;;9;;;31666;1;1;1;1;1;1;;;+11725186;+3182181;0;1
501;11;31669;P;1;12;;1123;698;;9;;;31666;1;1;1;1;1;1;;;+11725145;+3183630;0;1
501;11;31670;P;1;12;;1123;685;;9;;;31666;1;1;1;1;1;1;;;+11725107;+3184921;0;1
501;11;30261;P;4;0;;;966;;9;;;30260;;;;;;;;;+11725185;+3181668;0;1
501;11;31618;P;1;10;;881;1111;;9;;;31259;1;1;1;1;1;1;;;+11713831;+3186440;0;0
501;11;31262;P;1;10;;881;695;;9;;;31259;1;1;1;1;1;1;;;+11715786;+3186438;0;1
501;11;31263;P;1;10;;881;699;;9;;;31259;1;1;1;1;1;1;;;+11717811;+3186370;0;1
501;11;31260;P;1;10;;1109;1110;;9;;;31616;1;1;1;1;1;1;;;+11713051;+3186333;0;0
501;11;31261;P;1;10;;1109;782;;9;;;31616;1;1;1;1;1;1;;;+11713422;+3186336;0;0
501;11;31617;P;1;10;;1109;1111;;9;;;31616;1;1;1;1;1;1;;;+11713831;+3186440;0;0
501;11;30925;P;1;10;;751;740;;9;;;30924;1;1;1;1;1;1;;;+11728496;+3186174;0;1
501;11;30926;P;1;10;;751;741;;9;;;30924;1;1;1;1;1;1;;;+11728523;+3186355;0;1
501;11;30927;P;1;10;;751;743;;9;;;30924;1;1;1;1;1;1;;;+11728563;+3186549;0;1
501;11;31125;P;1;12;;770;885;;9;;31124;;1;1;1;1;1;1;;;+11722292;+3179414;0;1
501;11;31126;P;1;10;;770;684;;9;;31124;;1;1;1;1;1;1;;;+11722327;+3179811;0;1
501;11;31127;P;1;10;;770;733;;9;;31124;;1;1;1;1;1;1;;;+11722298;+3180858;31129;1
501;11;31129;P;1;10;;770;886;;9;;31128;;1;1;1;1;1;1;;;+11722280;+3181430;31127;1
501;11;31130;P;1;10;;770;686;;9;;31128;;1;1;1;1;1;1;;;+11722272;+3181776;0;1
501;11;31131;P;1;10;;770;734;;9;;31128;;1;1;1;1;1;1;;;+11722243;+3182633;0;1
501;11;31132;P;1;10;;770;687;;9;;31128;;1;1;1;1;1;1;;;+11722213;+3183342;0;1
501;11;31133;P;1;10;;770;698;;9;;31128;;1;1;1;1;1;1;;;+11722184;+3184071;0;1
501;11;31134;P;1;10;;770;722;;9;;31128;;1;1;1;1;1;1;;;+11722294;+3185507;0;1
501;11;31568;P;1;10;;743;742;;9;;;31567;1;1;1;1;1;1;;;+11727784;+3186714;0;1
501;11;31569;P;1;10;;743;750;;9;;;31567;1;1;1;1;1;1;;;+11728216;+3186601;0;1
501;11;31570;P;1;10;;743;751;;9;;;31567;1;1;1;1;1;1;;;+11728563;+3186549;0;1
501;11;31571;P;1;12;;743;709;;9;;;31567;1;1;1;1;1;1;;;+11728770;+3186492;0;1
501;11;31572;P;1;11;;743;803;;9;;;31567;1;1;1;1;1;1;;;+11728944;+3186437;0;1
501;11;31565;P;1;12;;920;801;;9;;;31564;1;1;1;1;1;1;;;+11726977;+3186691;0;1
501;11;31566;P;1;10;;920;742;;9;;;31564;1;1;1;1;1;1;;;+11727784;+3186714;0;1
501;11;31373;P;1;10;;817;719;;9;;;31372;1;1;1;1;1;1;;;+11729998;+3189894;0;1
501;11;31374;P;1;10;;817;853;;9;;;31372;1;1;1;1;1;1;;;+11730408;+3190592;0;1
501;11;31375;P;1;10;;817;854;;9;;;31372;1;1;1;1;1;1;;;+11729899;+3193212;0;0
501;11;31533;P;1;10;;746;744;;9;;;31532;1;1;1;1;1;1;;;+11729908;+3186535;0;1
501;11;31534;P;1;10;;746;803;;9;;;31532;1;1;1;1;1;1;;;+11729050;+3187304;0;1
501;11;31535;P;1;10;;746;762;;9;;;31532;1;1;1;1;1;1;;;+11728730;+3187333;0;1
501;11;31536;P;1;10;;746;742;;9;;;31532;1;1;1;1;1;1;;;+11727867;+3187360;0;1
501;11;31537;P;1;11;;746;801;;9;;;31532;1;1;1;1;1;1;;;+11727030;+3187321;0;1
501;11;31523;P;1;10;;738;678;;9;;;31522;1;1;1;1;1;1;;;+11727663;+3185352;0;1
501;11;31524;P;1;10;;738;802;;9;;;31522;1;1;1;1;1;1;;;+11728125;+3185399;0;1
501;11;31525;P;1;10;;738;709;;9;;;31522;1;1;1;1;1;1;;;+11728625;+3185496;0;1
501;11;31526;P;1;10;;738;803;;9;;;31522;1;1;1;1;1;1;;;+11728913;+3185651;0;1
501;11;31527;P;1;12;;738;919;;9;;;31522;1;1;1;1;1;1;;;+11729256;+3185749;0;1
501;11;31528;P;1;12;;738;740;;9;;;31522;1;1;1;1;1;1;;;+11729902;+3186211;0;1
501;11;31516;P;1;11;;801;746;;9;;;31515;1;1;1;1;1;1;;;+11727030;+3187321;0;1
501;11;31517;P;1;10;;801;745;;9;;;31515;1;1;1;1;1;1;;;+11727041;+3187184;0;1
501;11;31518;P;1;12;;801;920;;9;;;31515;1;1;1;1;1;1;;;+11726977;+3186691;0;1
501;11;31519;P;1;6;;801;749;;9;;;31515;1;1;1;1;1;1;;;+11726946;+3186221;0;1
501;11;31520;P;1;10;;801;740;;9;;;31515;1;1;1;1;1;1;;;+11726842;+3185917;0;1
501;11;31521;P;1;10;;801;678;;9;;;31515;1;1;1;1;1;1;;;+11727663;+3185352;0;1
501;11;30639;P;1;10;;698;689;;9;;;30638;1;1;1;1;1;1;;;+11718967;+3184004;0;1
501;11;30640;P;1;10;;698;787;;9;;;30638;1;1;1;1;1;1;;;+11719477;+3184017;0;1
501;11;30641;P;1;10;;698;788;;9;;;30638;1;1;1;1;1;1;;;+11720475;+3184036;0;1
501;11;30642;P;1;7;;698;715;;9;;;30638;1;1;1;1;1;1;;;+11721340;+3184054;0;1
501;11;30643;P;1;10;;698;770;;9;;;30638;1;1;1;1;1;1;;;+11722184;+3184071;0;1
501;11;30644;P;1;10;;698;791;;9;;;30638;1;1;1;1;1;1;;;+11722546;+3184083;0;1
501;11;30645;P;1;10;;698;732;;9;;;30638;1;1;1;1;1;1;;;+11723130;+3184091;0;1
501;11;30646;P;1;10;;698;792;;9;;;30638;1;1;1;1;1;1;;;+11723735;+3184103;0;1
501;11;30647;P;1;10;;698;793;;9;;;30638;1;1;1;1;1;1;;;+11724578;+3184122;0;1
501;11;30648;P;1;10;;698;685;;9;;;30638;1;1;1;1;1;1;;;+11725133;+3184136;0;1
501;11;30649;P;1;10;;698;760;;9;;;30638;1;1;1;1;1;1;;;+11725991;+3184156;0;1
501;11;30650;P;1;10;;698;678;;9;;;30638;1;1;1;1;1;1;;;+11726900;+3184179;0;1
501;11;30651;P;1;10;;698;708;;9;;;30638;1;1;1;1;1;1;;;+11727307;+3184186;0;1
501;11;30652;P;1;10;;698;812;;9;;;30638;1;1;1;1;1;1;;;+11727674;+3184197;0;1
501;11;30653;P;1;10;;698;802;;9;;;30638;1;1;1;1;1;1;;;+11728098;+3184200;0;1
501;11;30654;P;1;10;;698;709;;9;;;30638;1;1;1;1;1;1;;;+11728555;+3184206;0;1
501;11;31110;P;1;10;;880;684;;9;;;31109;1;1;1;1;1;1;;;+11720722;+3180659;0;1
501;11;31111;P;1;10;;880;733;;9;;;31109;1;1;1;1;1;1;;;+11720884;+3180869;0;1
501;11;30752;P;1;10;;832;830;;9;;;30751;1;1;1;1;1;1;;;+11728625;+3171323;0;1
501;11;30753;P;1;10;;832;664;;9;;;30751;1;1;1;1;1;1;;;+11728630;+3172467;0;1
501;11;30754;P;1;10;;832;729;;9;;;30751;1;1;1;1;1;1;;;+11728631;+3174087;0;1
501;11;30755;P;1;10;;832;730;;9;;;30751;1;1;1;1;1;1;;;+11728638;+3175620;0;1
501;11;30756;P;1;10;;832;691;;9;;;30751;1;1;1;1;1;1;;;+11728615;+3179211;0;1
501;11;30757;P;1;10;;832;733;;9;;;30751;1;1;1;1;1;1;;;+11728480;+3180792;0;1
501;11;30758;P;1;10;;832;686;;9;;;30751;1;1;1;1;1;1;;;+11728439;+3181399;0;1
501;11;31543;P;1;12;;829;800;;9;;;31542;1;1;1;1;1;1;;;+11726135;+3186328;0;1
501;11;31544;P;1;12;;829;760;;9;;;31542;1;1;1;1;1;1;;;+11725558;+3186602;0;1
501;11;31545;P;1;12;;829;814;;9;;;31542;1;1;1;1;1;1;;;+11725072;+3186919;0;1
501;11;31399;P;1;10;;736;760;;9;;;31398;1;1;1;1;1;1;;;+11725990;+3184553;0;1
501;11;31400;P;1;11;;736;678;;9;;;31398;1;1;1;1;1;1;;;+11727137;+3184514;0;1
501;11;31401;P;1;10;;736;708;;9;;;31398;1;1;1;1;1;1;;;+11727270;+3184473;0;1
501;11;31402;P;1;10;;736;812;;9;;;31398;1;1;1;1;1;1;;;+11727646;+3184453;0;1
501;11;30435;P;1;10;;701;691;;9;;;30434;1;1;1;1;1;1;;;+11718418;+3178238;0;1
501;11;30436;P;1;10;;701;714;;9;;;30434;1;1;1;1;1;1;;;+11719488;+3180018;0;1
501;11;30437;P;1;6;;701;684;;9;;;30434;1;1;1;1;1;1;;;+11720294;+3180962;0;1
501;11;30438;P;1;10;;701;715;;9;;;30434;1;1;1;1;1;1;;;+11721143;+3182254;0;1
501;11;12069;P;1;1;;463;1145;;6;;;12061;1;1;1;1;1;1;;;+11707079;+3047147;0;0
501;11;12070;P;1;3;;463;1139;;6;;;12061;1;1;1;1;1;1;;;+11708507;+3052793;0;1
501;11;12071;P;1;3;;463;1140;;6;;;12061;1;1;1;1;1;1;;;+11707970;+3057216;0;0
501;11;12072;P;1;3;;463;560;;6;;;12061;1;1;1;1;1;1;;;+11700849;+3060826;0;0
501;11;12073;P;3;3;;463;1141;;6;;;12061;1;1;1;1;1;1;;;+11701288;+3062915;0;0
501;11;12074;P;1;1;;463;1142;;6;;;12061;1;1;1;1;1;1;;;+11688552;+3078662;0;0
501;11;12075;P;3;3;;463;1143;;6;;;12061;1;1;1;1;1;1;;;+11686218;+3077466;0;0
501;11;12076;P;3;3;;463;1144;;6;;;12061;1;1;1;1;1;1;;;+11673886;+3068933;0;0
501;11;12077;P;1;3;;463;439;;6;;;12061;1;1;1;1;1;1;;;+11662506;+3062882;0;0
501;11;12062;P;1;1;;463;440;;6;;;12061;1;1;1;1;1;1;;;+11656498;+3058139;0;0
501;11;12063;P;3;3;;463;465;;6;;;12061;1;1;1;1;1;1;;;+11651048;+3062402;0;0
501;11;12064;P;1;3;;463;466;;6;;;12061;1;1;1;1;1;1;;;+11649796;+3065136;0;0
501;11;12065;P;3;8;;463;1147;;6;;;12061;1;1;1;1;1;1;;;+11649384;+3065929;0;0
501;11;12066;P;1;3;;463;468;;6;;;12061;1;1;1;1;1;1;;;+11632997;+3084753;0;0
501;11;12068;P;3;3;;463;1137;;6;;;12061;1;1;1;1;1;1;;;+11632108;+3089521;0;0
501;11;12067;P;1;3;;463;469;;6;;;12061;1;1;1;1;1;1;;;+11632156;+3112460;0;0
501;11;52;P;1;3;;430;560;;4;;;51;1;1;1;1;1;1;;;+11713903;+2977020;0;0
501;11;53;P;3;3;;430;431;;4;;;51;1;1;1;1;1;1;;;+11703167;+2996843;0;0
501;11;54;P;1;3;;430;432;;4;;;51;1;1;1;1;1;1;;;+11701026;+3008421;0;0
501;11;55;P;1;3;;430;434;;4;;;51;1;1;1;1;1;1;;;+11698558;+3022014;0;0
501;11;62;P;3;3;;430;551;;4;;;51;1;1;1;1;1;1;;;+11696498;+3034633;0;0
501;11;63;P;1;1;;430;440;;4;;;51;1;1;1;1;1;1;;;+11707079;+3047147;0;0
501;11;54052;P;1;3;;512;513;;13;;;54051;1;1;1;1;1;1;;;+11598799;+3262310;0;0
501;11;54053;P;1;1;;512;514;;13;;;54051;1;1;1;1;1;1;;;+11594433;+3279102;0;0
501;11;54054;P;1;3;;512;515;;13;;;54051;1;1;1;1;1;1;;;+11590891;+3296557;0;0
501;11;54055;P;1;1;;512;498;;13;;;54051;1;1;1;1;1;1;;;+11588998;+3317860;0;0
501;11;54057;P;3;3;;512;523;;13;;;54051;1;1;1;1;1;1;;;+11589152;+3329306;0;0
501;11;54056;P;1;3;;512;516;;13;;;54051;1;1;1;1;1;1;;;+11588649;+3333032;0;0
501;11;60052;P;1;3;;518;516;;14;;;60051;1;1;1;1;1;1;;;+11588649;+3333032;0;0
501;11;60053;P;1;3;;518;519;;14;;;60051;1;1;1;1;1;1;;;+11586073;+3376528;0;0
501;11;60054;P;3;3;;518;520;;14;;;60051;1;1;1;1;1;1;;;+11585799;+3385039;0;0
501;11;60055;P;1;3;;518;521;;14;;;60051;1;1;1;1;1;1;;;+11586129;+3389426;0;0
501;11;60057;P;1;1;;518;550;;14;;;60051;1;1;1;1;1;1;;;+11584704;+3393484;0;0
501;11;60056;P;1;3;;518;522;;14;;;60051;1;1;1;1;1;1;;;+11581100;+3410377;0;0
501;11;18052;P;1;3;;471;469;;7;;;18051;1;1;1;1;1;1;;;+11632156;+3112460;0;0
501;11;18053;P;1;3;;471;466;;7;;;18051;1;1;1;1;1;1;;;+11640580;+3140376;0;0
501;11;18054;P;3;3;;471;472;;7;;;18051;1;1;1;1;1;1;;;+11640293;+3145638;0;0
501;11;18055;P;1;3;;471;473;;7;;;18051;1;1;1;1;1;1;;;+11641515;+3173616;0;0
501;11;18066;P;1;1;;471;657;;7;;;18051;1;1;1;1;1;1;;;+11633087;+3184637;0;0
501;11;18067;P;1;3;;471;1133;;7;;;18051;1;1;1;1;1;1;;;+11625452;+3192542;0;0
501;11;18068;P;1;3;;471;1134;;7;;;18051;1;1;1;1;1;1;;;+11615236;+3203737;0;0
501;11;18069;P;1;3;;471;1135;;7;;;18051;1;1;1;1;1;1;;;+11599453;+3227032;0;0
501;11;18070;P;1;3;;471;1136;;7;;;18051;1;1;1;1;1;1;;;+11594382;+3243458;0;0
501;11;18071;P;1;3;;471;513;;7;;;18051;1;1;1;1;1;1;;;+11598799;+3262310;0;0
501;11;31075;P;1;10;;786;882;;9;;;31074;1;1;1;1;1;1;;;+11718504;+3181403;0;1
501;11;31076;P;1;10;;786;684;;9;;;31074;1;1;1;1;1;1;;;+11718647;+3181687;0;1
501;11;31077;P;1;10;;786;878;;9;;;31074;1;1;1;1;1;1;;;+11718776;+3181931;0;1
501;11;31078;P;1;12;;786;721;;9;;;31074;1;1;1;1;1;1;;;+11718844;+3182421;0;1
501;11;31079;P;1;10;;786;687;;9;;;31074;1;1;1;1;1;1;;;+11718841;+3183184;0;1
501;11;31326;P;1;11;;823;844;;9;;;31325;1;1;1;1;1;1;;;+11744068;+3187614;0;1
501;11;31327;P;1;10;;823;820;;9;;;31325;1;1;1;1;1;1;;;+11743973;+3189167;0;1
501;11;30241;P;4;0;;;951;;9;;;30240;;;;;;;;;+11725223;+3181720;0;1
501;11;30239;P;4;0;;;948;;9;;;30238;;;;;;;;;+11725224;+3181345;0;1
501;11;30255;P;4;0;;;1087;;9;;;30254;;;;;;;;;+11725234;+3181680;0;1
501;11;30243;P;4;0;;;953;;9;;;30242;;;;;;;;;+11725154;+3181695;0;1
501;11;30227;P;4;0;;;1106;;9;;;30226;;;;;;;;;+11727193;+3184545;0;1
501;11;30211;P;4;0;;;1094;;9;;;30210;;;;;;;;;+11726227;+3182602;0;1
501;11;30221;P;4;0;;;1092;;9;;;30220;;;;;;;;;+11726453;+3183208;0;1
501;11;30223;P;4;0;;;937;;9;;;30222;;;;;;;;;+11723980;+3179860;0;1
501;11;30202;P;1;3;;683;704;;9;;;30201;1;1;1;1;1;1;;;+11723114;+3178670;0;1
501;11;30203;P;1;3;;683;684;;9;;;30201;1;1;1;1;1;1;;;+11723795;+3179598;0;1
501;11;30205;P;1;3;;683;686;;9;;;30201;1;1;1;1;1;1;;;+11725466;+3181677;0;1
501;11;30206;P;1;3;;683;687;;9;;;30201;1;1;1;1;1;1;;;+11726417;+3182938;0;1
501;11;30207;P;1;3;;683;688;;9;;;30201;1;1;1;1;1;1;;;+11727305;+3184749;0;1
501;11;30237;P;4;0;;;950;;9;;;30236;;;;;;;;;+11724906;+3180964;0;1
501;11;30245;P;4;0;;;1089;;9;;;30244;;;;;;;;;+11725452;+3181602;0;1
501;11;30247;P;4;0;;;1088;;9;;;30246;;;;;;;;;+11725688;+3181633;0;1
501;11;30231;P;4;0;;;1096;;9;;;30230;;;;;;;;;+11727317;+3184701;0;1
501;11;30253;P;4;0;;;1090;;9;;;30252;;;;;;;;;+11725640;+3181920;0;1
501;11;30249;P;4;0;;;961;;9;;;30248;;;;;;;;;+11725292;+3181584;0;1
501;11;30251;P;4;0;;;960;;9;;;30250;;;;;;;;;+11725459;+3181663;0;1
501;11;30730;P;1;12;;754;752;;9;;;30729;1;1;1;1;1;1;;;+11725603;+3195188;0;0
501;11;30731;P;1;10;;754;762;;9;;;30729;1;1;1;1;1;1;;;+11726797;+3195694;0;0
501;11;31011;P;1;10;;730;703;;9;;;31010;1;1;1;1;1;1;;;+11720523;+3176549;0;1
501;11;31012;P;1;10;;730;704;;9;;;31010;1;1;1;1;1;1;;;+11721001;+3176201;0;1
501;11;31013;P;1;10;;730;873;;9;;;31010;1;1;1;1;1;1;;;+11722101;+3175471;0;1
501;11;31014;P;1;10;;730;705;;9;;;31010;1;1;1;1;1;1;;;+11723125;+3175360;0;1
501;11;31015;P;1;8;;730;875;;9;;;31010;1;1;1;1;1;1;;;+11724077;+3175354;0;1
501;11;31016;P;1;10;;730;706;;9;;;31010;1;1;1;1;1;1;;;+11725030;+3175356;0;1
501;11;31017;P;1;10;;730;684;;9;;;31010;1;1;1;1;1;1;;;+11727041;+3175616;0;1
501;11;31018;P;1;11;;730;708;;9;;;31010;1;1;1;1;1;1;;;+11727952;+3175619;0;1
501;11;31019;P;1;10;;730;709;;9;;;31010;1;1;1;1;1;1;;;+11728638;+3175620;0;1
501;11;31020;P;1;12;;730;680;;9;;;31010;1;1;1;1;1;1;;;+11731973;+3175611;0;1
501;11;12053;P;1;1;;457;440;;6;;12052;;1;1;1;1;1;1;;;+11777883;+3081583;0;0
501;11;12054;P;1;3;;457;567;;6;;12052;;1;1;1;1;1;1;;;+11775362;+3084437;12056;0
501;11;12056;P;1;3;;458;567;;6;;12055;;1;1;1;1;1;1;;;+11771755;+3085715;12054;0
501;11;12057;P;1;3;;458;459;;6;;12055;;1;1;1;1;1;1;;;+11768878;+3086193;0;0
501;11;12058;P;3;3;;458;460;;6;;12055;;1;1;1;1;1;1;;;+11755562;+3088181;0;0
501;11;12059;P;1;3;;458;461;;6;;12055;;1;1;1;1;1;1;;;+11749875;+3091511;0;0
501;11;12060;P;1;3;;458;462;;6;;12055;;1;1;1;1;1;1;;;+11736492;+3099620;0;0
501;11;42052;P;1;3;;495;492;;11;;;42051;1;1;1;1;1;1;;;+11729534;+3282874;0;0
501;11;42053;P;3;3;;495;496;;11;;;42051;1;1;1;1;1;1;;;+11725883;+3290242;0;0
501;11;42054;P;1;3;;495;560;;11;;;42051;1;1;1;1;1;1;;;+11725294;+3297287;0;0
501;11;42055;P;1;1;;495;498;;11;;;42051;1;1;1;1;1;1;;;+11724874;+3301200;0;0
501;11;42056;P;1;3;;495;499;;11;;;42051;1;1;1;1;1;1;;;+11712046;+3315109;0;0
501;11;42057;P;3;3;;495;500;;11;;;42051;1;1;1;1;1;1;;;+11705319;+3326284;0;0
501;11;24052;P;1;3;;475;462;;8;;;24051;1;1;1;1;1;1;;;+11736492;+3099620;0;0
501;11;24053;P;1;3;;475;567;;8;;;24051;1;1;1;1;1;1;;;+11730071;+3107497;0;0
501;11;24054;P;3;3;;475;476;;8;;;24051;1;1;1;1;1;1;;;+11725261;+3114878;0;0
501;11;24055;P;1;1;;475;477;;8;;;24051;1;1;1;1;1;1;;;+11719865;+3126370;0;0
501;11;24056;P;1;3;;475;478;;8;;;24051;1;1;1;1;1;1;;;+11719437;+3131496;0;0
501;11;24057;P;1;3;;475;610;;8;;;24051;1;1;1;1;1;1;;;+11719798;+3151528;0;0
501;11;57;P;1;3;;435;567;;4;;;56;1;1;1;1;1;1;;;+11797959;+3032064;0;0
501;11;58;P;1;3;;435;437;;4;;;56;1;1;1;1;1;1;;;+11790384;+3038978;0;0
501;11;59;P;3;3;;435;438;;4;;;56;1;1;1;1;1;1;;;+11793966;+3058959;0;0
501;11;60;P;1;3;;435;439;;4;;;56;1;1;1;1;1;1;;;+11788753;+3066019;0;0
501;11;61;P;1;1;;435;440;;4;;;56;1;1;1;1;1;1;;;+11777883;+3081583;0;0
501;11;36052;P;3;3;;491;618;;10;;;36051;1;1;1;1;1;1;;;+11744795;+3237218;0;0
501;11;36053;P;1;3;;491;488;;10;;;36051;1;1;1;1;1;1;;;+11740777;+3253540;0;0
501;11;36054;P;1;3;;491;492;;10;;;36051;1;1;1;1;1;1;;;+11729534;+3282874;0;0
501;11;30053;P;1;3;;615;610;;9;;30052;;1;1;1;1;1;1;;;+11719798;+3151528;0;0
501;11;30054;P;3;3;;615;613;;9;;30052;;1;1;1;1;1;1;;;+11718528;+3159421;0;0
501;11;30055;P;1;3;;615;567;;9;;30052;;1;1;1;1;1;1;;;+11720496;+3162273;0;0
501;11;30070;P;1;3;;615;664;;9;;30052;;1;1;1;1;1;1;;;+11726219;+3171610;0;1
501;11;30056;P;1;1;;615;671;;9;;30052;;1;1;1;1;1;1;;;+11727744;+3179493;30058;1
501;11;30058;P;1;1;;616;672;;9;;30057;;1;1;1;1;1;1;;;+11750183;+3194511;30056;0
501;11;30059;P;1;3;;616;617;;9;;30057;;1;1;1;1;1;1;;;+11747395;+3210503;0;0
501;11;30060;P;3;3;;616;618;;9;;30057;;1;1;1;1;1;1;;;+11744795;+3237218;0;0
501;11;6065;P;3;8;;442;525;;5;;;6051;1;1;1;1;1;1;;;+11829573;+2944446;0;0
501;11;6052;P;1;1;;442;444;;5;;;6051;1;1;1;1;1;1;;;+11822547;+2955292;0;0
501;11;6053;P;1;3;;442;445;;5;;;6051;1;1;1;1;1;1;;;+11822217;+2960929;0;0
501;11;6054;P;3;3;;442;446;;5;;;6051;1;1;1;1;1;1;;;+11823321;+2964007;0;0
501;11;6055;P;1;1;;442;447;;5;;;6051;1;1;1;1;1;1;;;+11822898;+2969569;0;0
501;11;6056;P;1;3;;442;454;;5;;;6051;1;1;1;1;1;1;;;+11823540;+2977186;0;0
501;11;6057;P;1;3;;442;448;;5;;;6051;1;1;1;1;1;1;;;+11826610;+2985610;0;0
501;11;6058;P;3;3;;442;449;;5;;;6051;1;1;1;1;1;1;;;+11828615;+2993510;0;0
501;11;6059;P;1;3;;442;450;;5;;;6051;1;1;1;1;1;1;;;+11821017;+3007859;0;0
501;11;6060;P;1;3;;442;451;;5;;;6051;1;1;1;1;1;1;;;+11826235;+3016548;0;0
501;11;6061;P;3;3;;442;452;;5;;;6051;1;1;1;1;1;1;;;+11825690;+3023117;0;0
501;11;6062;P;1;3;;442;453;;5;;;6051;1;1;1;1;1;1;;;+11816040;+3029598;0;1
501;11;6063;P;1;3;;442;567;;5;;;6051;1;1;1;1;1;1;;;+11797959;+3032064;0;0
501;11;48052;P;3;3;;502;500;;12;;;48051;1;1;1;1;1;1;;;+11705319;+3326284;0;0
501;11;48053;P;1;3;;502;503;;12;;;48051;1;1;1;1;1;1;;;+11696036;+3350982;0;0
501;11;48054;P;1;3;;502;504;;12;;;48051;1;1;1;1;1;1;;;+11694160;+3361307;0;0
501;11;48058;P;1;1;;502;549;;12;;;48051;1;1;1;1;1;1;;;+11693808;+3370142;0;0
501;11;48055;P;3;3;;502;505;;12;;;48051;1;1;1;1;1;1;;;+11693540;+3372882;0;0
501;11;48056;P;1;3;;502;506;;12;;;48051;1;1;1;1;1;1;;;+11690118;+3387830;0;0
501;11;48057;P;3;3;;502;507;;12;;;48051;1;1;1;1;1;1;;;+11697612;+3397192;0;0
501;11;48059;P;1;1;;502;1138;;12;;;48051;1;1;1;1;1;1;;;+11703841;+3412938;0;0
501;11;31265;P;1;12;;884;898;;9;;;31264;1;1;1;1;1;1;;;+11714579;+3185680;0;1
501;11;31266;P;1;8;;884;797;;9;;;31264;1;1;1;1;1;1;;;+11715931;+3185711;0;1
501;11;31267;P;1;10;;884;699;;9;;;31264;1;1;1;1;1;1;;;+11718409;+3185702;0;1
501;11;31409;P;1;10;;831;794;;9;;;31408;1;1;1;1;1;1;;;+11728131;+3183910;0;1
501;11;31410;P;1;6;;831;709;;9;;;31408;1;1;1;1;1;1;;;+11728544;+3183938;0;1
501;11;31411;P;1;10;;831;772;;9;;;31408;1;1;1;1;1;1;;;+11729175;+3183930;0;1
501;11;31412;P;1;10;;831;795;;9;;;31408;1;1;1;1;1;1;;;+11730109;+3183971;0;1
501;11;31000;P;1;10;;702;728;;9;;;30999;1;1;1;1;1;1;;;+11717739;+3176553;0;1
501;11;31001;P;1;11;;702;691;;9;;;30999;1;1;1;1;1;1;;;+11718985;+3178234;0;1
501;11;31081;P;1;10;;788;684;;9;;;31080;1;1;1;1;1;1;;;+11719814;+3181184;0;1
501;11;31082;P;1;10;;788;878;;9;;;31080;1;1;1;1;1;1;;;+11720052;+3181644;0;1
501;11;31083;P;1;10;;788;721;;9;;;31080;1;1;1;1;1;1;;;+11720165;+3182419;0;1
501;11;31084;P;1;10;;788;687;;9;;;31080;1;1;1;1;1;1;;;+11720292;+3183271;0;1
501;11;31085;P;1;10;;788;698;;9;;;31080;1;1;1;1;1;1;;;+11720475;+3184036;0;1
501;11;31086;P;1;11;;788;883;;9;;;31080;1;1;1;1;1;1;;;+11720487;+3184785;0;1
501;11;31087;P;1;10;;788;722;;9;;;31080;1;1;1;1;1;1;;;+11720881;+3185596;0;1
501;11;31278;P;1;10;;699;722;;9;;;31277;1;1;1;1;1;1;;;+11718686;+3185220;0;1
501;11;31279;P;1;10;;699;884;;9;;;31277;1;1;1;1;1;1;;;+11718409;+3185702;0;1
501;11;31280;P;1;10;;699;881;;9;;;31277;1;1;1;1;1;1;;;+11717811;+3186370;0;1
501;11;31281;P;1;11;;699;1124;;9;;;31277;1;1;1;1;1;1;;;+11717085;+3189308;0;0
501;11;31487;P;1;10;;810;851;;9;;;31486;1;1;1;1;1;1;;;+11735163;+3184355;0;1
501;11;31488;P;1;10;;810;809;;9;;;31486;1;1;1;1;1;1;;;+11735796;+3185968;0;1
501;11;31489;P;1;10;;810;780;;9;;;31486;1;1;1;1;1;1;;;+11735961;+3186811;0;1
501;11;30947;P;1;12;;705;869;;9;;;30946;1;1;1;1;1;1;;;+11723064;+3170205;0;0
501;11;30948;P;1;10;;705;830;;9;;;30946;1;1;1;1;1;1;;;+11723113;+3171326;0;1
501;11;30949;P;1;10;;705;729;;9;;;30946;1;1;1;1;1;1;;;+11723121;+3174100;0;1
501;11;30950;P;1;10;;705;730;;9;;;30946;1;1;1;1;1;1;;;+11723125;+3175360;0;1
501;11;30951;P;1;10;;705;731;;9;;;30946;1;1;1;1;1;1;;;+11723132;+3176535;0;1
501;11;30952;P;1;10;;705;691;;9;;;30946;1;1;1;1;1;1;;;+11723135;+3177631;0;1
501;11;30953;P;1;10;;705;707;;9;;;30946;1;1;1;1;1;1;;;+11723211;+3178172;0;1
501;11;31199;P;1;12;;826;769;;9;;;31198;1;1;1;1;1;1;;;+11730743;+3181802;0;1
501;11;31200;P;1;11;;826;776;;9;;;31198;1;1;1;1;1;1;;;+11732956;+3182025;0;1
501;11;31208;P;1;10;;826;893;;9;;;31207;1;1;1;1;1;1;;;+11746997;+3188548;0;1
501;11;31209;P;1;10;;826;820;;9;;;31207;1;1;1;1;1;1;;;+11747177;+3189149;0;1
501;11;31349;P;1;12;;907;820;;9;;;31348;1;1;1;1;1;1;;;+11739443;+3189208;0;0
501;11;31350;P;1;10;;907;903;;9;;;31348;1;1;1;1;1;1;;;+11739446;+3190906;0;0
501;11;31351;P;1;10;;907;904;;9;;;31348;1;1;1;1;1;1;;;+11739456;+3193197;0;0
501;11;31352;P;1;10;;907;908;;9;;;31348;1;1;1;1;1;1;;;+11738785;+3194448;0;0
501;11;31650;P;1;10;;1120;1119;;9;;;31649;1;1;1;1;1;1;;;+11727311;+3172789;0;1
501;11;31651;P;1;13;;1120;709;;9;;;31649;1;1;1;1;1;1;;;+11728595;+3172766;0;1
501;11;30531;P;1;10;;753;724;;9;;;30530;1;1;1;1;1;1;;;+11724563;+3188051;0;1
501;11;30532;P;1;10;;753;760;;9;;;30530;1;1;1;1;1;1;;;+11725453;+3188651;0;1
501;11;30533;P;1;10;;753;761;;9;;;30530;1;1;1;1;1;1;;;+11727172;+3188685;0;1
501;11;30534;P;1;10;;753;752;;9;;;30530;1;1;1;1;1;1;;;+11727832;+3188693;0;1
501;11;30535;P;1;10;;753;762;;9;;;30530;1;1;1;1;1;1;;;+11728736;+3188712;0;1
501;11;30536;P;1;10;;753;763;;9;;;30530;1;1;1;1;1;1;;;+11730140;+3188592;0;1
501;11;30537;P;1;11;;753;764;;9;;;30530;1;1;1;1;1;1;;;+11730632;+3188312;0;1
501;11;30538;P;1;10;;753;765;;9;;;30530;1;1;1;1;1;1;;;+11731246;+3187964;0;1
501;11;30539;P;1;10;;753;766;;9;;;30530;1;1;1;1;1;1;;;+11731758;+3187681;0;1
501;11;30540;P;1;10;;753;767;;9;;;30530;1;1;1;1;1;1;;;+11732341;+3187656;0;1
501;11;30541;P;1;10;;753;768;;9;;;30530;1;1;1;1;1;1;;;+11733101;+3187645;0;1
501;11;30542;P;1;10;;753;769;;9;;;30530;1;1;1;1;1;1;;;+11734112;+3187626;0;1
501;11;31574;P;1;12;;750;740;;9;;;31573;1;1;1;1;1;1;;;+11728262;+3186190;0;1
501;11;31575;P;1;10;;750;741;;9;;;31573;1;1;1;1;1;1;;;+11728226;+3186337;0;1
501;11;31576;P;1;10;;750;743;;9;;;31573;1;1;1;1;1;1;;;+11728216;+3186601;0;1
501;11;31577;P;1;10;;750;744;;9;;;31573;1;1;1;1;1;1;;;+11728266;+3186833;0;1
501;11;31578;P;1;10;;750;745;;9;;;31573;1;1;1;1;1;1;;;+11728304;+3187056;0;1
501;11;30813;P;1;11;;844;823;;9;;;30812;1;1;1;1;1;1;;;+11744068;+3187614;0;1
501;11;30814;P;1;10;;844;824;;9;;;30812;1;1;1;1;1;1;;;+11745247;+3187877;0;1
501;11;30815;P;1;11;;844;825;;9;;;30812;1;1;1;1;1;1;;;+11746406;+3188237;0;1
501;11;30817;P;1;10;;844;846;;9;;;30812;1;1;1;1;1;1;;;+11746978;+3188273;0;1
501;11;30818;P;1;8;;844;665;;9;;;30812;1;1;1;1;1;1;;;+11748429;+3187763;0;1
501;11;31491;P;1;12;;739;678;;9;;;31490;1;1;1;1;1;1;;;+11727622;+3185647;0;1
501;11;31492;P;1;10;;739;802;;9;;;31490;1;1;1;1;1;1;;;+11728085;+3185724;0;1
501;11;31493;P;1;10;;739;709;;9;;;31490;1;1;1;1;1;1;;;+11728667;+3185756;0;1
501;11;31494;P;1;10;;739;803;;9;;;31490;1;1;1;1;1;1;;;+11728908;+3185803;0;1
501;11;31495;P;1;10;;739;919;;9;;;31490;1;1;1;1;1;1;;;+11729199;+3185908;0;1
501;11;31653;P;1;10;;710;664;;9;;;31652;1;1;1;1;1;1;;;+11730213;+3172472;0;1
501;11;31654;P;1;10;;710;729;;9;;;31652;1;1;1;1;1;1;;;+11730223;+3174092;0;1
501;11;31655;P;1;10;;710;730;;9;;;31652;1;1;1;1;1;1;;;+11730228;+3175617;0;1
501;11;31176;P;1;10;;710;888;;9;;;31175;1;1;1;1;1;1;;;+11730761;+3178143;0;1
501;11;31177;P;1;10;;710;889;;9;;;31175;1;1;1;1;1;1;;;+11730704;+3178895;0;1
501;11;31178;P;1;10;;710;691;;9;;;31175;1;1;1;1;1;1;;;+11730321;+3179318;0;1
501;11;31179;P;1;10;;710;733;;9;;;31175;1;1;1;1;1;1;;;+11728913;+3180869;0;1
501;11;31180;P;1;10;;710;709;;9;;;31175;1;1;1;1;1;1;;;+11728439;+3181399;0;1
501;11;30783;P;1;10;;795;686;;9;;;30782;1;1;1;1;1;1;;;+11730245;+3181667;0;1
501;11;30784;P;1;10;;795;774;;9;;;30782;1;1;1;1;1;1;;;+11730171;+3182863;0;1
501;11;30785;P;1;10;;795;735;;9;;;30782;1;1;1;1;1;1;;;+11730149;+3183217;0;1
501;11;30786;P;1;10;;795;831;;9;;;30782;1;1;1;1;1;1;;;+11730109;+3183971;0;1
501;11;30787;P;1;10;;795;688;;9;;;30782;1;1;1;1;1;1;;;+11730056;+3184833;0;1
501;11;30788;P;1;10;;795;737;;9;;;30782;1;1;1;1;1;1;;;+11730132;+3185797;0;1
501;11;30789;P;1;10;;795;780;;9;;;30782;1;1;1;1;1;1;;;+11729971;+3186226;0;1
501;11;30508;P;1;10;;752;748;;9;;;30507;1;1;1;1;1;1;;;+11727857;+3187952;0;1
501;11;30509;P;1;10;;752;753;;9;;;30507;1;1;1;1;1;1;;;+11727832;+3188693;0;1
501;11;30510;P;1;10;;752;719;;9;;;30507;1;1;1;1;1;1;;;+11727569;+3189751;0;1
501;11;30511;P;1;12;;752;754;;9;;;30507;1;1;1;1;1;1;;;+11725583;+3195184;0;0
501;11;30512;P;1;10;;752;675;;9;;;30507;1;1;1;1;1;1;;;+11724856;+3202964;0;0
501;11;30513;P;1;11;;752;755;;9;;;30507;1;1;1;1;1;1;;;+11726020;+3203061;0;0
501;11;30493;P;1;10;;742;741;;9;;;30492;1;1;1;1;1;1;;;+11727645;+3186283;0;1
501;11;30494;P;1;10;;742;743;;9;;;30492;1;1;1;1;1;1;;;+11727784;+3186714;0;1
501;11;30495;P;1;10;;742;744;;9;;;30492;1;1;1;1;1;1;;;+11727831;+3186917;0;1
501;11;30496;P;1;10;;742;745;;9;;;30492;1;1;1;1;1;1;;;+11727870;+3187105;0;1
501;11;30498;P;1;10;;742;1108;;9;;;30492;1;1;1;1;1;1;;;+11727867;+3187494;0;1
501;11;30499;P;1;10;;742;748;;9;;;30492;1;1;1;1;1;1;;;+11727857;+3187952;0;1
501;11;30905;P;1;10;;805;688;;9;;;30904;1;1;1;1;1;1;;;+11731175;+3185379;0;1
501;11;30906;P;1;10;;805;778;;9;;;30904;1;1;1;1;1;1;;;+11730978;+3185787;0;1
501;11;30907;P;1;10;;805;737;;9;;;30904;1;1;1;1;1;1;;;+11730875;+3186028;0;1
501;11;30908;P;1;10;;805;779;;9;;;30904;1;1;1;1;1;1;;;+11730779;+3186249;0;1
501;11;30909;P;1;10;;805;780;;9;;;30904;1;1;1;1;1;1;;;+11730662;+3186520;0;1
501;11;30910;P;1;10;;805;765;;9;;;30904;1;1;1;1;1;1;;;+11730475;+3187013;0;1
501;11;30911;P;1;10;;805;803;;9;;;30904;1;1;1;1;1;1;;;+11729492;+3187720;0;1
501;11;30912;P;1;6;;805;748;;9;;;30904;1;1;1;1;1;1;;;+11729131;+3188000;0;1
501;11;31043;P;1;10;;714;787;;9;;;31042;1;1;1;1;1;1;;;+11718547;+3180326;0;1
501;11;31044;P;1;10;;714;701;;9;;;31042;1;1;1;1;1;1;;;+11719488;+3180018;0;1
501;11;31633;P;1;10;;1116;689;;9;;;31632;1;1;1;1;1;1;;;+11715850;+3179557;0;1
501;11;31634;P;1;10;;1116;1117;;9;;;31632;1;1;1;1;1;1;;;+11717107;+3179531;0;1
501;11;31635;P;1;10;;1116;787;;9;;;31632;1;1;1;1;1;1;;;+11718119;+3179518;0;1
501;11;31636;P;1;10;;1116;701;;9;;;31632;1;1;1;1;1;1;;;+11718908;+3179368;0;1
501;11;30777;P;1;7;;773;686;;9;;;30776;1;1;1;1;1;1;;;+11730245;+3181667;0;1
501;11;30778;P;1;6;;773;795;;9;;;30776;1;1;1;1;1;1;;;+11730171;+3182863;0;1
501;11;30779;P;1;6;;773;735;;9;;;30776;1;1;1;1;1;1;;;+11730149;+3183217;0;1
501;11;30780;P;1;7;;773;688;;9;;;30776;1;1;1;1;1;1;;;+11730056;+3184833;0;1
501;11;30781;P;1;6;;773;737;;9;;;30776;1;1;1;1;1;1;;;+11730132;+3185797;0;1
501;11;30265;P;4;0;;;968;;9;;;30264;;;;;;;;;+11725165;+3181336;0;1
501;11;30267;P;4;0;;;969;;9;;;30266;;;;;;;;;+11725685;+3181902;0;1
501;11;30271;P;4;0;;;967;;9;;;30270;;;;;;;;;+11725241;+3181441;0;1
501;11;30544;P;1;6;;686;703;;9;;;30543;1;1;1;1;1;1;;;+11721571;+3181947;0;1
501;11;30545;P;1;6;;686;770;;9;;;30543;1;1;1;1;1;1;;;+11722272;+3181776;0;1
501;11;30546;P;1;6;;686;732;;9;;;30543;1;1;1;1;1;1;;;+11723209;+3181634;0;1
501;11;31151;P;1;12;;686;793;;9;;;30543;1;1;1;1;1;1;;;+11724420;+3181686;0;1
501;11;30547;P;1;10;;686;685;;9;;;30543;1;1;1;1;1;1;;;+11725208;+3181684;0;1
501;11;30548;P;1;10;;686;678;;9;;;30543;1;1;1;1;1;1;;;+11725466;+3181677;0;1
501;11;30549;P;1;10;;686;708;;9;;;30543;1;1;1;1;1;1;;;+11726860;+3181468;0;1
501;11;30550;P;1;10;;686;771;;9;;;30543;1;1;1;1;1;1;;;+11727681;+3181419;0;1
501;11;30551;P;1;10;;686;709;;9;;;30543;1;1;1;1;1;1;;;+11728439;+3181399;0;1
501;11;30552;P;1;10;;686;772;;9;;;30543;1;1;1;1;1;1;;;+11729298;+3181425;0;1
501;11;30553;P;1;6;;686;773;;9;;;30543;1;1;1;1;1;1;;;+11730245;+3181667;0;1
501;11;30269;P;4;0;;;974;;9;;;30268;;;;;;;;;+11725361;+3181698;0;1
501;11;31661;P;1;12;;1122;885;;9;;;31660;1;1;1;1;1;1;;;+11721400;+3181994;0;1
501;11;31662;P;1;10;;1122;703;;9;;;31660;1;1;1;1;1;1;;;+11721571;+3181947;0;1
501;11;31663;P;1;10;;1122;770;;9;;;31660;1;1;1;1;1;1;;;+11722272;+3181776;0;1
501;11;31664;P;1;10;;1122;732;;9;;;31660;1;1;1;1;1;1;;;+11723209;+3181634;0;1
501;11;31665;P;1;12;;1122;793;;9;;;31660;1;1;1;1;1;1;;;+11724420;+3181686;0;1
501;11;30257;P;4;0;;;964;;9;;;30256;;;;;;;;;+11725025;+3181677;0;1
501;11;30263;P;4;0;;;970;;9;;;30262;;;;;;;;;+11725192;+3181478;0;1
501;11;30273;P;4;0;;;973;;9;;;30272;;;;;;;;;+11725331;+3181546;0;1
501;11;31466;P;1;10;;860;918;;9;;;31465;1;1;1;1;1;1;;;+11732411;+3185666;0;1
501;11;31467;P;1;10;;860;778;;9;;;31465;1;1;1;1;1;1;;;+11732370;+3185508;0;1
501;11;31468;P;1;10;;860;851;;9;;;31465;1;1;1;1;1;1;;;+11732493;+3184924;0;1
501;11;30225;P;4;0;;;1105;;9;;;30224;;;;;;;;;+11727117;+3184520;0;1
501;11;30852;P;1;6;;688;685;;9;;;30851;1;1;1;1;1;1;;;+11725090;+3185286;0;1
501;11;30853;P;1;11;;688;760;;9;;;30851;1;1;1;1;1;1;;;+11725890;+3185176;0;1
501;11;30854;P;1;10;;688;678;;9;;;30851;1;1;1;1;1;1;;;+11727305;+3184749;0;1
501;11;30855;P;1;7;;688;802;;9;;;30851;1;1;1;1;1;1;;;+11728149;+3184760;0;1
501;11;30856;P;1;10;;688;709;;9;;;30851;1;1;1;1;1;1;;;+11728583;+3184779;0;1
501;11;30857;P;1;7;;688;855;;9;;;30851;1;1;1;1;1;1;;;+11729129;+3184798;0;1
501;11;30858;P;1;6;;688;773;;9;;;30851;1;1;1;1;1;1;;;+11730056;+3184833;0;1
501;11;30859;P;1;6;;688;806;;9;;;30851;1;1;1;1;1;1;;;+11731175;+3185379;0;1
501;11;30861;P;1;10;;856;799;;9;;;30860;1;1;1;1;1;1;;;+11725459;+3185226;0;1
501;11;30862;P;1;12;;856;760;;9;;;30860;1;1;1;1;1;1;;;+11725890;+3185176;0;1
501;11;30863;P;1;10;;856;678;;9;;;30860;1;1;1;1;1;1;;;+11727305;+3184749;0;1
501;11;30864;P;1;7;;856;802;;9;;;30860;1;1;1;1;1;1;;;+11728149;+3184760;0;1
501;11;30865;P;1;10;;856;709;;9;;;30860;1;1;1;1;1;1;;;+11728583;+3184779;0;1
501;11;30866;P;1;7;;856;855;;9;;;30860;1;1;1;1;1;1;;;+11729129;+3184798;0;1
501;11;30867;P;1;10;;856;795;;9;;;30860;1;1;1;1;1;1;;;+11730056;+3184833;0;1
501;11;30868;P;1;12;;856;840;;9;;;30860;1;1;1;1;1;1;;;+11730739;+3185004;0;1
501;11;30869;P;1;10;;856;805;;9;;;30860;1;1;1;1;1;1;;;+11731175;+3185379;0;1
501;11;31257;P;1;6;;855;688;;9;;;31256;1;1;1;1;1;1;;;+11729129;+3184798;0;1
501;11;31258;P;1;10;;855;737;;9;;;31256;1;1;1;1;1;1;;;+11728976;+3185409;0;1
501;11;31251;P;1;10;;772;686;;9;;;31250;1;1;1;1;1;1;;;+11729298;+3181425;0;1
501;11;31252;P;1;10;;772;774;;9;;;31250;1;1;1;1;1;1;;;+11729226;+3182843;0;1
501;11;31253;P;1;10;;772;735;;9;;;31250;1;1;1;1;1;1;;;+11729209;+3183222;0;1
501;11;31254;P;1;10;;772;831;;9;;;31250;1;1;1;1;1;1;;;+11729175;+3183930;0;1
501;11;31255;P;1;6;;772;688;;9;;;31250;1;1;1;1;1;1;;;+11729129;+3184798;0;1
501;11;31027;P;3;37;;692;877;;9;;;31026;1;1;1;1;1;1;;;+11711691;+3178900;0;0
501;11;31028;P;1;11;;692;689;;9;;;31026;1;1;1;1;1;1;;;+11715856;+3178941;0;1
501;11;31029;P;1;13;;692;787;;9;;;31026;1;1;1;1;1;1;;;+11717811;+3178995;0;1
501;11;30959;P;1;11;;873;830;;9;;;30982;1;1;1;1;1;1;;;+11720120;+3171756;0;0
501;11;30983;P;1;10;;873;729;;9;;;30982;1;1;1;1;1;1;;;+11721373;+3174192;0;1
501;11;30984;P;1;10;;873;730;;9;;;30982;1;1;1;1;1;1;;;+11722101;+3175471;0;1
501;11;31288;P;1;10;;758;717;;9;;31291;;1;1;1;1;1;1;;;+11722747;+3185845;0;1
501;11;31289;P;1;10;;758;757;;9;;31291;;1;1;1;1;1;1;;;+11723079;+3185784;0;1
501;11;31290;P;1;10;;758;798;;9;;31291;;1;1;1;1;1;1;;;+11724165;+3185696;0;1
501;11;31292;P;1;10;;758;1129;;9;;31291;;1;1;1;1;1;1;;;+11725057;+3185685;31294;1
501;11;31294;P;1;10;;758;1130;;9;;31293;;1;1;1;1;1;1;;;+11725103;+3185667;31292;1
501;11;31295;P;1;10;;758;722;;9;;31293;;1;1;1;1;1;1;;;+11725444;+3185409;0;1
501;11;31113;P;1;10;;733;880;;9;;;31112;1;1;1;1;1;1;;;+11720884;+3180869;0;1
501;11;31114;P;1;10;;733;703;;9;;;31112;1;1;1;1;1;1;;;+11721549;+3180891;0;1
501;11;31115;P;1;10;;733;770;;9;;;31112;1;1;1;1;1;1;;;+11722298;+3180858;0;1
501;11;31116;P;1;10;;733;732;;9;;;31112;1;1;1;1;1;1;;;+11723228;+3180871;0;1
501;11;31117;P;1;10;;733;793;;9;;;31112;1;1;1;1;1;1;;;+11724440;+3180894;0;1
501;11;31118;P;1;10;;733;678;;9;;;31112;1;1;1;1;1;1;;;+11724789;+3180881;0;1
501;11;31119;P;1;10;;733;708;;9;;;31112;1;1;1;1;1;1;;;+11726920;+3180770;0;1
501;11;31120;P;1;10;;733;709;;9;;;31112;1;1;1;1;1;1;;;+11728480;+3180792;0;1
501;11;31121;P;1;10;;733;710;;9;;;31112;1;1;1;1;1;1;;;+11728913;+3180869;0;1
501;11;31122;P;1;10;;733;680;;9;;;31112;1;1;1;1;1;1;;;+11730392;+3181271;0;1
501;11;31329;P;1;12;;824;665;;9;;;31328;1;1;1;1;1;1;;;+11745515;+3187260;0;1
501;11;31330;P;1;10;;824;844;;9;;;31328;1;1;1;1;1;1;;;+11745247;+3187877;0;1
501;11;31331;P;1;10;;824;820;;9;;;31328;1;1;1;1;1;1;;;+11745044;+3189186;0;1
501;11;31306;P;1;10;;798;756;;9;;;31305;1;1;1;1;1;1;;;+11724169;+3184545;0;1
501;11;31307;P;1;10;;798;722;;9;;;31305;1;1;1;1;1;1;;;+11724166;+3185112;0;1
501;11;31308;P;1;10;;798;758;;9;;;31305;1;1;1;1;1;1;;;+11724165;+3185696;0;1
501;11;31309;P;1;10;;798;759;;9;;;31305;1;1;1;1;1;1;;;+11724159;+3186259;0;1
501;11;31310;P;1;10;;798;718;;9;;;31305;1;1;1;1;1;1;;;+11724169;+3187219;0;1
501;11;30664;P;1;6;;815;816;;9;;;30661;1;1;1;1;1;1;;;+11726133;+3186890;0;1
501;11;30665;P;1;10;;815;745;;9;;;30661;1;1;1;1;1;1;;;+11727041;+3187184;0;1
501;11;30656;P;1;10;;718;715;;9;;;30655;1;1;1;1;1;1;;;+11721326;+3187511;0;1
501;11;30657;P;1;10;;718;813;;9;;;30655;1;1;1;1;1;1;;;+11723096;+3187428;0;1
501;11;30658;P;1;10;;718;757;;9;;;30655;1;1;1;1;1;1;;;+11723806;+3187250;0;1
501;11;30659;P;1;10;;718;798;;9;;;30655;1;1;1;1;1;1;;;+11724169;+3187219;0;1
501;11;30660;P;1;10;;718;814;;9;;;30655;1;1;1;1;1;1;;;+11725037;+3187185;0;1
501;11;30663;P;1;10;;718;760;;9;;;30655;1;1;1;1;1;1;;;+11725532;+3187163;0;1
501;11;31619;P;1;10;;718;815;;9;;;30655;1;1;1;1;1;1;;;+11726133;+3186890;0;1
501;11;31600;P;1;12;;766;748;;9;;;31599;1;1;1;1;1;1;;;+11731469;+3187308;0;1
501;11;31601;P;1;10;;766;753;;9;;;31599;1;1;1;1;1;1;;;+11731758;+3187681;0;1
501;11;31602;P;1;10;;766;848;;9;;;31599;1;1;1;1;1;1;;;+11732052;+3188038;0;1
501;11;30824;P;1;12;;765;780;;9;;;30823;1;1;1;1;1;1;;;+11730075;+3186422;0;1
501;11;30825;P;1;10;;765;1112;;9;;;30823;1;1;1;1;1;1;;;+11730076;+3186520;0;1
501;11;30826;P;1;10;;765;804;;9;;;30823;1;1;1;1;1;1;;;+11730283;+3186768;0;1
501;11;30827;P;1;10;;765;805;;9;;;30823;1;1;1;1;1;1;;;+11730475;+3187013;0;1
501;11;30828;P;1;10;;765;748;;9;;;30823;1;1;1;1;1;1;;;+11730913;+3187551;0;1
501;11;30829;P;1;10;;765;753;;9;;;30823;1;1;1;1;1;1;;;+11731246;+3187964;0;1
501;11;30830;P;1;10;;765;848;;9;;;30823;1;1;1;1;1;1;;;+11731542;+3188329;0;1
501;11;31312;P;1;12;;813;722;;9;;;31311;1;1;1;1;1;1;;;+11722068;+3185593;0;1
501;11;31313;P;1;10;;813;717;;9;;;31311;1;1;1;1;1;1;;;+11722597;+3186246;0;1
501;11;31314;P;1;10;;813;718;;9;;;31311;1;1;1;1;1;1;;;+11723096;+3187428;0;1
501;11;31153;P;1;10;;792;887;;9;;;31152;1;1;1;1;1;1;;;+11723794;+3182731;0;1
501;11;31154;P;1;10;;792;687;;9;;;31152;1;1;1;1;1;1;;;+11723766;+3183162;0;1
501;11;31155;P;1;10;;792;698;;9;;;31152;1;1;1;1;1;1;;;+11723735;+3184103;0;1
501;11;31283;P;1;10;;759;717;;9;;;31282;1;1;1;1;1;1;;;+11722785;+3186144;0;1
501;11;31284;P;1;10;;759;757;;9;;;31282;1;1;1;1;1;1;;;+11723067;+3186162;0;1
501;11;31285;P;1;10;;759;798;;9;;;31282;1;1;1;1;1;1;;;+11724159;+3186259;0;1
501;11;31286;P;1;12;;759;814;;9;;;31282;1;1;1;1;1;1;;;+11725047;+3186213;0;1
501;11;30962;P;1;10;;706;708;;9;;;30961;1;1;1;1;1;1;;;+11725080;+3170852;0;1
501;11;30963;P;1;10;;706;830;;9;;;30961;1;1;1;1;1;1;;;+11725078;+3171323;0;1
501;11;30964;P;1;10;;706;664;;9;;;30961;1;1;1;1;1;1;;;+11725078;+3172522;0;1
501;11;30965;P;1;10;;706;729;;9;;;30961;1;1;1;1;1;1;;;+11725083;+3174099;0;1
501;11;30966;P;1;10;;706;730;;9;;;30961;1;1;1;1;1;1;;;+11725030;+3175356;0;1
501;11;30967;P;1;10;;706;731;;9;;;30961;1;1;1;1;1;1;;;+11725031;+3176527;0;1
501;11;30968;P;1;10;;706;691;;9;;;30961;1;1;1;1;1;1;;;+11725037;+3177636;0;1
501;11;31672;P;1;10;;1112;765;;9;;;31671;1;1;1;1;1;1;;;+11730076;+3186520;0;1
501;11;31673;P;1;10;;1112;804;;9;;;31671;1;1;1;1;1;1;;;+11730403;+3186442;0;1
501;11;30674;P;1;10;;744;745;;9;;;30673;1;1;1;1;1;1;;;+11727374;+3187139;0;1
501;11;30675;P;1;6;;744;742;;9;;;30673;1;1;1;1;1;1;;;+11727831;+3186917;0;1
501;11;30676;P;1;10;;744;750;;9;;;30673;1;1;1;1;1;1;;;+11728266;+3186833;0;1
501;11;30677;P;1;10;;744;762;;9;;;30673;1;1;1;1;1;1;;;+11728607;+3186756;0;1
501;11;30678;P;1;10;;744;803;;9;;;30673;1;1;1;1;1;1;;;+11728971;+3186676;0;1
501;11;30679;P;1;10;;744;746;;9;;;30673;1;1;1;1;1;1;;;+11729908;+3186535;0;1
501;11;30680;P;1;10;;744;765;;9;;;30673;1;1;1;1;1;1;;;+11730076;+3186520;0;1
501;11;31404;P;1;12;;812;912;;9;;;31403;1;1;1;1;1;1;;;+11727694;+3183954;0;1
501;11;31405;P;1;10;;812;698;;9;;;31403;1;1;1;1;1;1;;;+11727674;+3184197;0;1
501;11;31406;P;1;10;;812;736;;9;;;31403;1;1;1;1;1;1;;;+11727646;+3184453;0;1
501;11;31407;P;1;12;;812;688;;9;;;31403;1;1;1;1;1;1;;;+11727758;+3184723;0;1
501;11;31422;P;1;10;;861;850;;9;;;31421;1;1;1;1;1;1;;;+11731210;+3184871;0;1
501;11;31423;P;1;10;;861;851;;9;;;31421;1;1;1;1;1;1;;;+11731281;+3185283;0;1
501;11;31497;P;1;10;;803;738;;9;;;31496;1;1;1;1;1;1;;;+11728913;+3185651;0;1
501;11;31498;P;1;10;;803;739;;9;;;31496;1;1;1;1;1;1;;;+11728908;+3185803;0;1
501;11;31499;P;1;10;;803;740;;9;;;31496;1;1;1;1;1;1;;;+11728910;+3186161;0;1
501;11;31500;P;1;11;;803;743;;9;;;31496;1;1;1;1;1;1;;;+11728944;+3186437;0;1
501;11;31501;P;1;10;;803;744;;9;;;31496;1;1;1;1;1;1;;;+11728971;+3186676;0;1
501;11;31502;P;1;10;;803;745;;9;;;31496;1;1;1;1;1;1;;;+11729008;+3186976;0;1
501;11;31503;P;1;10;;803;1108;;9;;;31496;1;1;1;1;1;1;;;+11729076;+3187395;0;1
501;11;31504;P;1;10;;803;805;;9;;;31496;1;1;1;1;1;1;;;+11729492;+3187720;0;1
501;11;31231;P;1;10;;735;685;;9;;;31230;1;1;1;1;1;1;;;+11725159;+3183479;0;1
501;11;31232;P;1;10;;735;760;;9;;;31230;1;1;1;1;1;1;;;+11725872;+3183491;0;1
501;11;31233;P;1;10;;735;678;;9;;;31230;1;1;1;1;1;1;;;+11726490;+3183313;0;1
501;11;31234;P;1;10;;735;708;;9;;;31230;1;1;1;1;1;1;;;+11727341;+3183235;0;1
501;11;31235;P;1;10;;735;794;;9;;;31230;1;1;1;1;1;1;;;+11727947;+3183226;0;1
501;11;31236;P;1;10;;735;709;;9;;;31230;1;1;1;1;1;1;;;+11728508;+3183224;0;1
501;11;31237;P;1;10;;735;772;;9;;;31230;1;1;1;1;1;1;;;+11729209;+3183222;0;1
501;11;31238;P;1;10;;735;795;;9;;;31230;1;1;1;1;1;1;;;+11730149;+3183217;0;1
501;11;31239;P;1;10;;735;796;;9;;;31230;1;1;1;1;1;1;;;+11730922;+3183208;0;1
501;11;30997;P;1;10;;728;703;;9;;;30996;1;1;1;1;1;1;;;+11718755;+3175599;0;1
501;11;30998;P;1;10;;728;702;;9;;;30996;1;1;1;1;1;1;;;+11717739;+3176553;0;1
501;11;31630;P;1;12;;1115;1114;;9;;;31629;1;1;1;1;1;1;;;+11721067;+3184549;0;1
501;11;31631;P;1;12;;1115;715;;9;;;31629;1;1;1;1;1;1;;;+11721402;+3184544;0;1
501;11;31656;P;1;11;;854;762;;9;;;31376;1;1;1;1;1;1;;;+11727460;+3193499;0;0
501;11;31377;P;1;10;;854;817;;9;;;31376;1;1;1;1;1;1;;;+11729899;+3193212;0;0
501;11;31378;P;1;10;;854;763;;9;;;31376;1;1;1;1;1;1;;;+11732246;+3191814;0;0
501;11;31379;P;1;10;;854;767;;9;;;31376;1;1;1;1;1;1;;;+11733466;+3191158;0;0
501;11;31380;P;1;10;;854;910;;9;;;31376;1;1;1;1;1;1;;;+11734744;+3190483;0;1
501;11;31381;P;1;10;;854;819;;9;;;31376;1;1;1;1;1;1;;;+11736149;+3189736;0;1
501;11;31627;P;1;12;;1114;883;;9;;;31626;1;1;1;1;1;1;;;+11721069;+3184795;0;1
501;11;31628;P;1;12;;1114;1115;;9;;;31626;1;1;1;1;1;1;;;+11721067;+3184549;0;1
501;11;31224;P;1;10;;802;698;;9;;;31222;1;1;1;1;1;1;;;+11728098;+3184200;0;1
501;11;31225;P;1;6;;802;688;;9;;;31222;1;1;1;1;1;1;;;+11728149;+3184760;0;1
501;11;31226;P;1;10;;802;737;;9;;;31222;1;1;1;1;1;1;;;+11728154;+3185141;0;1
501;11;31227;P;1;10;;802;738;;9;;;31222;1;1;1;1;1;1;;;+11728125;+3185399;0;1
501;11;31228;P;1;10;;802;739;;9;;;31222;1;1;1;1;1;1;;;+11728085;+3185724;0;1
501;11;31229;P;1;10;;802;740;;9;;;31222;1;1;1;1;1;1;;;+11728030;+3186184;0;1
501;11;31218;P;1;10;;794;686;;9;;;31217;1;1;1;1;1;1;;;+11727681;+3181419;0;1
501;11;31219;P;1;10;;794;774;;9;;;31217;1;1;1;1;1;1;;;+11727920;+3182824;0;1
501;11;31220;P;1;10;;794;735;;9;;;31217;1;1;1;1;1;1;;;+11727947;+3183226;0;1
501;11;31221;P;1;10;;794;831;;9;;;31217;1;1;1;1;1;1;;;+11728131;+3183910;0;1
501;11;31620;P;1;10;;794;802;;9;;;31217;1;1;1;1;1;1;;;+11728098;+3184200;0;1
501;11;30845;P;1;10;;767;780;;9;;;30844;1;1;1;1;1;1;;;+11732320;+3186781;0;1
501;11;30846;P;1;10;;767;753;;9;;;30844;1;1;1;1;1;1;;;+11732341;+3187656;0;1
501;11;30847;P;1;10;;767;848;;9;;;30844;1;1;1;1;1;1;;;+11732345;+3187876;0;1
501;11;30848;P;1;10;;767;719;;9;;;30844;1;1;1;1;1;1;;;+11732702;+3188535;0;1
501;11;30849;P;1;11;;767;853;;9;;;30844;1;1;1;1;1;1;;;+11732881;+3189983;0;1
501;11;30850;P;1;10;;767;854;;9;;;30844;1;1;1;1;1;1;;;+11733466;+3191158;0;0
501;11;30837;P;1;10;;807;776;;9;;;30836;1;1;1;1;1;1;;;+11731537;+3184557;0;1
501;11;30838;P;1;10;;807;850;;9;;;30836;1;1;1;1;1;1;;;+11731637;+3184780;0;1
501;11;30839;P;1;10;;807;851;;9;;;30836;1;1;1;1;1;1;;;+11731796;+3185137;0;1
501;11;30840;P;1;10;;807;778;;9;;;30836;1;1;1;1;1;1;;;+11731982;+3185550;0;1
501;11;30841;P;1;10;;807;852;;9;;;30836;1;1;1;1;1;1;;;+11732093;+3185774;0;1
501;11;30842;P;1;10;;807;779;;9;;;30836;1;1;1;1;1;1;;;+11732286;+3186203;0;1
501;11;30843;P;1;10;;807;780;;9;;;30836;1;1;1;1;1;1;;;+11732320;+3186781;0;1
501;11;30832;P;1;10;;796;774;;9;;;30831;1;1;1;1;1;1;;;+11730935;+3182872;0;1
501;11;30833;P;1;10;;796;735;;9;;;30831;1;1;1;1;1;1;;;+11730922;+3183208;0;1
501;11;30834;P;1;10;;796;849;;9;;;30831;1;1;1;1;1;1;;;+11731283;+3184003;0;1
501;11;30835;P;1;10;;796;776;;9;;;30831;1;1;1;1;1;1;;;+11731537;+3184557;0;1
501;11;30213;P;4;0;;;1091;;9;;;30212;;;;;;;;;+11726480;+3183102;0;1
501;11;30587;P;1;10;;774;678;;9;;;30586;1;1;1;1;1;1;;;+11726417;+3182938;0;1
501;11;30588;P;1;10;;774;708;;9;;;30586;1;1;1;1;1;1;;;+11727067;+3182872;0;1
501;11;30589;P;1;10;;774;794;;9;;;30586;1;1;1;1;1;1;;;+11727920;+3182824;0;1
501;11;30590;P;1;10;;774;709;;9;;;30586;1;1;1;1;1;1;;;+11728496;+3182829;0;1
501;11;30591;P;1;10;;774;772;;9;;;30586;1;1;1;1;1;1;;;+11729226;+3182843;0;1
501;11;30592;P;1;10;;774;795;;9;;;30586;1;1;1;1;1;1;;;+11730171;+3182863;0;1
501;11;30593;P;1;10;;774;796;;9;;;30586;1;1;1;1;1;1;;;+11730935;+3182872;0;1
501;11;30594;P;1;10;;774;769;;9;;;30586;1;1;1;1;1;1;;;+11731426;+3182576;0;1
501;11;30209;P;4;0;;;1093;;9;;;30208;;;;;;;;;+11726279;+3182747;0;1
501;11;30567;P;1;11;;687;781;;9;;30566;;1;1;1;1;1;1;;;+11711534;+3183022;0;0
501;11;30568;P;1;10;;687;782;;9;;30566;;1;1;1;1;1;1;;;+11713421;+3183033;0;0
501;11;30569;P;1;10;;687;695;;9;;30566;;1;1;1;1;1;1;;;+11716118;+3183134;0;1
501;11;30570;P;1;10;;687;689;;9;;30566;;1;1;1;1;1;1;;;+11718166;+3183178;0;1
501;11;30571;P;1;10;;687;785;;9;;30566;;1;1;1;1;1;1;;;+11718556;+3183176;0;1
501;11;30572;P;1;10;;687;786;;9;;30566;;1;1;1;1;1;1;;;+11718841;+3183184;0;1
501;11;30573;P;1;10;;687;787;;9;;30566;;1;1;1;1;1;1;;;+11719484;+3183224;0;1
501;11;30574;P;1;10;;687;788;;9;;30566;;1;1;1;1;1;1;;;+11720292;+3183271;0;1
501;11;30575;P;1;10;;687;715;;9;;30566;;1;1;1;1;1;1;;;+11721224;+3183327;30577;1
501;11;30577;P;1;10;;687;703;;9;;30576;;1;1;1;1;1;1;;;+11721773;+3183365;30575;1
501;11;30578;P;1;10;;687;770;;9;;30576;;1;1;1;1;1;1;;;+11722213;+3183342;0;1
501;11;30579;P;1;10;;687;791;;9;;30576;;1;1;1;1;1;1;;;+11722559;+3183303;0;1
501;11;30580;P;1;10;;687;732;;9;;30576;;1;1;1;1;1;1;;;+11723159;+3183231;0;1
501;11;30581;P;1;10;;687;792;;9;;30576;;1;1;1;1;1;1;;;+11723766;+3183162;0;1
501;11;30582;P;1;11;;687;793;;9;;30576;;1;1;1;1;1;1;;;+11724615;+3183069;0;1
501;11;30583;P;1;10;;687;685;;9;;30576;;1;1;1;1;1;1;;;+11725162;+3183012;0;1
501;11;30584;P;1;10;;687;760;;9;;30576;;1;1;1;1;1;1;;;+11725786;+3183008;0;1
501;11;30585;P;1;10;;687;678;;9;;30576;;1;1;1;1;1;1;;;+11726417;+3182938;0;1
501;11;31362;P;1;10;;819;818;;9;;;31361;1;1;1;1;1;1;;;+11735900;+3188505;0;1
501;11;31363;P;1;10;;819;821;;9;;;31361;1;1;1;1;1;1;;;+11735913;+3189044;0;1
501;11;31364;P;1;10;;819;854;;9;;;31361;1;1;1;1;1;1;;;+11736149;+3189736;0;1
501;11;31365;P;1;10;;819;903;;9;;;31361;1;1;1;1;1;1;;;+11737035;+3191499;0;0
501;11;31366;P;1;10;;819;904;;9;;;31361;1;1;1;1;1;1;;;+11737608;+3193200;0;0
501;11;31367;P;1;10;;819;908;;9;;;31361;1;1;1;1;1;1;;;+11737823;+3193868;0;0
501;11;31642;P;1;10;;1118;873;;9;;;31641;1;1;1;1;1;1;;;+11720894;+3173135;0;1
501;11;31643;P;1;10;;1118;705;;9;;;31641;1;1;1;1;1;1;;;+11723117;+3173024;0;1
501;11;31644;P;1;10;;1118;706;;9;;;31641;1;1;1;1;1;1;;;+11725075;+3173021;0;1
501;11;31506;P;1;12;;919;738;;9;;;31505;1;1;1;1;1;1;;;+11729256;+3185749;0;1
501;11;31507;P;1;10;;919;739;;9;;;31505;1;1;1;1;1;1;;;+11729199;+3185908;0;1
501;11;31508;P;1;12;;919;740;;9;;;31505;1;1;1;1;1;1;;;+11729139;+3186179;0;1
501;11;31447;P;1;10;;737;688;;9;;;31446;1;1;1;1;1;1;;;+11726794;+3185010;0;1
501;11;31448;P;1;10;;737;678;;9;;;31446;1;1;1;1;1;1;;;+11727435;+3184933;0;1
501;11;31449;P;1;10;;737;802;;9;;;31446;1;1;1;1;1;1;;;+11728154;+3185141;0;1
501;11;31450;P;1;10;;737;709;;9;;;31446;1;1;1;1;1;1;;;+11728609;+3185289;0;1
501;11;31451;P;1;10;;737;855;;9;;;31446;1;1;1;1;1;1;;;+11728976;+3185409;0;1
501;11;31452;P;1;10;;737;795;;9;;;31446;1;1;1;1;1;1;;;+11730132;+3185797;0;1
501;11;31453;P;1;11;;737;840;;9;;;31446;1;1;1;1;1;1;;;+11730488;+3185914;0;1
501;11;31454;P;1;10;;737;805;;9;;;31446;1;1;1;1;1;1;;;+11730875;+3186028;0;1
501;11;31383;P;1;10;;853;817;;9;;;31382;1;1;1;1;1;1;;;+11730408;+3190592;0;1
501;11;31384;P;1;10;;853;763;;9;;;31382;1;1;1;1;1;1;;;+11731365;+3190364;0;1
501;11;31385;P;1;11;;853;767;;9;;;31382;1;1;1;1;1;1;;;+11732881;+3189983;0;1
501;11;31386;P;1;12;;853;821;;9;;;31382;1;1;1;1;1;1;;;+11733291;+3189882;0;1
501;11;30449;P;1;10;;720;721;;9;;;30448;1;1;1;1;1;1;;;+11721167;+3182409;0;1
501;11;30450;P;1;10;;720;687;;9;;;30448;1;1;1;1;1;1;;;+11721224;+3183327;0;1
501;11;30451;P;1;6;;720;698;;9;;;30448;1;1;1;1;1;1;;;+11721340;+3184054;0;1
501;11;30452;P;1;10;;720;722;;9;;;30448;1;1;1;1;1;1;;;+11721602;+3185669;0;1
501;11;30453;P;1;10;;720;717;;9;;;30448;1;1;1;1;1;1;;;+11721488;+3186465;0;1
501;11;30454;P;1;10;;720;718;;9;;;30448;1;1;1;1;1;1;;;+11721326;+3187511;0;1
501;11;30713;P;1;7;;814;722;;9;;;30712;1;1;1;1;1;1;;;+11725090;+3185286;0;1
501;11;30714;P;1;6;;814;748;;9;;;30712;1;1;1;1;1;1;;;+11725027;+3187523;0;1
501;11;30716;P;1;10;;828;758;;9;;;30715;1;1;1;1;1;1;;;+11725077;+3185679;0;1
501;11;30717;P;1;12;;828;759;;9;;;30715;1;1;1;1;1;1;;;+11725069;+3186210;0;1
501;11;30718;P;1;12;;828;829;;9;;;30715;1;1;1;1;1;1;;;+11725045;+3186932;0;1
501;11;30719;P;1;10;;828;718;;9;;;30715;1;1;1;1;1;1;;;+11725037;+3187185;0;1
501;11;30720;P;1;10;;828;748;;9;;;30715;1;1;1;1;1;1;;;+11725027;+3187523;0;1
501;11;31297;P;1;10;;799;722;;9;;;31296;1;1;1;1;1;1;;;+11725444;+3185409;0;1
501;11;31298;P;1;10;;799;688;;9;;;31296;1;1;1;1;1;1;;;+11725459;+3185226;0;1
501;11;30219;P;4;0;;;935;;9;;;30218;;;;;;;;;+11724062;+3179899;0;1
501;11;31679;P;1;10;;684;781;;9;;31046;;1;1;1;1;1;1;;;+11711526;+3182110;0;0
501;11;31048;P;1;11;;684;782;;9;;31046;;1;1;1;1;1;1;;;+11713421;+3182109;0;0
501;11;31049;P;1;12;;684;694;;9;;31046;;1;1;1;1;1;1;;;+11715703;+3182096;31051;0
501;11;31051;P;1;10;;684;689;;9;;31050;;1;1;1;1;1;1;;;+11717608;+3182094;31049;1
501;11;31052;P;1;10;;684;786;;9;;31050;;1;1;1;1;1;1;;;+11718647;+3181687;0;1
501;11;31053;P;1;10;;684;787;;9;;31050;;1;1;1;1;1;1;;;+11719193;+3181471;0;1
501;11;31054;P;1;10;;684;788;;9;;31050;;1;1;1;1;1;1;;;+11719814;+3181184;0;1
501;11;31055;P;1;10;;684;701;;9;;31050;;1;1;1;1;1;1;;;+11720294;+3180962;0;1
501;11;31056;P;1;10;;684;880;;9;;31050;;1;1;1;1;1;1;;;+11720722;+3180659;0;1
501;11;31057;P;1;10;;684;703;;9;;31050;;1;1;1;1;1;1;;;+11721567;+3180060;0;1
501;11;31058;P;1;10;;684;770;;9;;31050;;1;1;1;1;1;1;;;+11722327;+3179811;0;1
501;11;31059;P;1;10;;684;732;;9;;31050;;1;1;1;1;1;1;;;+11723257;+3179832;0;1
501;11;31060;P;1;10;;684;678;;9;;31050;;1;1;1;1;1;1;;;+11723795;+3179598;0;1
501;11;31061;P;1;10;;684;707;;9;;31050;;1;1;1;1;1;1;;;+11725236;+3178256;0;1
501;11;31062;P;1;10;;684;691;;9;;31050;;1;1;1;1;1;1;;;+11725732;+3177802;0;1
501;11;31063;P;1;10;;684;874;;9;;31050;;1;1;1;1;1;1;;;+11726560;+3176753;0;1
501;11;31064;P;1;10;;684;730;;9;;31050;;1;1;1;1;1;1;;;+11727041;+3175616;0;1
501;11;31621;P;1;11;;684;1113;;9;;31050;;1;1;1;1;1;1;;;+11727028;+3174739;0;1
501;11;30217;P;4;0;;;934;;9;;;30216;;;;;;;;;+11723950;+3179754;0;1
501;11;30215;P;4;0;;;932;;9;;;30214;;;;;;;;;+11723838;+3179610;0;1
501;11;31031;P;1;13;;787;692;;9;;;31030;1;1;1;1;1;1;;;+11717811;+3178995;0;1
501;11;31032;P;1;10;;787;693;;9;;;31030;1;1;1;1;1;1;;;+11718547;+3180326;0;1
501;11;31033;P;1;10;;787;684;;9;;;31030;1;1;1;1;1;1;;;+11719193;+3181471;0;1
501;11;31034;P;1;10;;787;878;;9;;;31030;1;1;1;1;1;1;;;+11719376;+3181766;0;1
501;11;31035;P;1;10;;787;721;;9;;;31030;1;1;1;1;1;1;;;+11719474;+3182421;0;1
501;11;31036;P;1;10;;787;687;;9;;;31030;1;1;1;1;1;1;;;+11719484;+3183224;0;1
501;11;31037;P;1;10;;787;698;;9;;;31030;1;1;1;1;1;1;;;+11719477;+3184017;0;1
501;11;31038;P;1;10;;787;722;;9;;;31030;1;1;1;1;1;1;;;+11719481;+3185355;0;1
501;11;30635;P;1;10;;809;769;;9;;;30634;1;1;1;1;1;1;;;+11733829;+3186361;0;1
501;11;30636;P;1;10;;809;810;;9;;;30634;1;1;1;1;1;1;;;+11735796;+3185968;0;1
501;11;30637;P;1;10;;809;811;;9;;;30634;1;1;1;1;1;1;;;+11736646;+3185981;0;1
501;11;30914;P;1;6;;763;748;;9;;;30913;1;1;1;1;1;1;;;+11729131;+3188000;0;1
501;11;30915;P;1;10;;763;753;;9;;;30913;1;1;1;1;1;1;;;+11730140;+3188592;0;1
501;11;30916;P;1;10;;763;862;;9;;;30913;1;1;1;1;1;1;;;+11730703;+3188890;0;1
501;11;30917;P;1;10;;763;719;;9;;;30913;1;1;1;1;1;1;;;+11730960;+3189199;0;1
501;11;30918;P;1;10;;763;853;;9;;;30913;1;1;1;1;1;1;;;+11731365;+3190364;0;1
501;11;30919;P;1;10;;763;854;;9;;;30913;1;1;1;1;1;1;;;+11732246;+3191814;0;0
501;11;30920;P;1;10;;763;863;;9;;;30913;1;1;1;1;1;1;;;+11732349;+3192595;0;0
501;11;31388;P;1;12;;821;853;;9;;;31387;1;1;1;1;1;1;;;+11733291;+3189882;0;1
501;11;31389;P;1;10;;821;910;;9;;;31387;1;1;1;1;1;1;;;+11734231;+3189653;0;1
501;11;31390;P;1;10;;821;819;;9;;;31387;1;1;1;1;1;1;;;+11735913;+3189044;0;1
501;11;31391;P;1;10;;821;820;;9;;;31387;1;1;1;1;1;1;;;+11736726;+3188704;0;1
501;11;31205;P;1;10;;846;844;;9;;;31204;1;1;1;1;1;1;;;+11746978;+3188273;0;1
501;11;31206;P;1;10;;846;893;;9;;;31204;1;1;1;1;1;1;;;+11746997;+3188548;0;1
501;11;31136;P;1;10;;734;703;;9;;;31135;1;1;1;1;1;1;;;+11721695;+3182675;0;1
501;11;31137;P;1;10;;734;770;;9;;;31135;1;1;1;1;1;1;;;+11722243;+3182633;0;1
501;11;31138;P;1;10;;734;732;;9;;;31135;1;1;1;1;1;1;;;+11723182;+3182447;0;1
501;11;31139;P;1;10;;734;793;;9;;;31135;1;1;1;1;1;1;;;+11724432;+3182258;0;1
501;11;31140;P;1;10;;734;685;;9;;;31135;1;1;1;1;1;1;;;+11725186;+3182181;0;1
501;11;31141;P;1;10;;734;678;;9;;;31135;1;1;1;1;1;1;;;+11725765;+3182050;0;1
501;11;31358;P;1;10;;904;819;;9;;;31357;1;1;1;1;1;1;;;+11737608;+3193200;0;0
501;11;31359;P;1;10;;904;907;;9;;;31357;1;1;1;1;1;1;;;+11739456;+3193197;0;0
501;11;31360;P;1;10;;904;822;;9;;;31357;1;1;1;1;1;1;;;+11739881;+3193201;0;0
501;11;31337;P;1;11;;747;665;;9;;;31336;1;1;1;1;1;1;;;+11746666;+3187430;0;1
501;11;31338;P;1;10;;747;844;;9;;;31336;1;1;1;1;1;1;;;+11746560;+3188265;0;1
501;11;31339;P;1;12;;747;820;;9;;;31336;1;1;1;1;1;1;;;+11746498;+3189209;0;1
501;11;31341;P;1;12;;1108;760;;9;;;31340;1;1;1;1;1;1;;;+11725550;+3187280;0;1
501;11;31342;P;1;10;;1108;816;;9;;;31340;1;1;1;1;1;1;;;+11726133;+3187074;0;1
501;11;31343;P;1;10;;1108;857;;9;;;31340;1;1;1;1;1;1;;;+11726920;+3187413;0;1
501;11;31344;P;1;10;;1108;742;;9;;;31340;1;1;1;1;1;1;;;+11727867;+3187494;0;1
501;11;31345;P;1;10;;1108;762;;9;;;31340;1;1;1;1;1;1;;;+11728744;+3187467;0;1
501;11;31346;P;1;10;;1108;803;;9;;;31340;1;1;1;1;1;1;;;+11729076;+3187395;0;1
501;11;31347;P;1;12;;1108;906;;9;;;31340;1;1;1;1;1;1;;;+11729519;+3187300;0;1
501;11;31333;P;1;12;;825;665;;9;;;31332;1;1;1;1;1;1;;;+11746520;+3187408;0;1
501;11;31334;P;1;11;;825;844;;9;;;31332;1;1;1;1;1;1;;;+11746406;+3188237;0;1
501;11;31335;P;1;12;;825;820;;9;;;31332;1;1;1;1;1;1;;;+11746348;+3189210;0;1
501;11;31596;P;1;12;;761;748;;9;;;31595;1;1;1;1;1;1;;;+11727473;+3187951;0;1
501;11;31597;P;1;10;;761;753;;9;;;31595;1;1;1;1;1;1;;;+11727172;+3188685;0;1
501;11;31598;P;1;10;;761;719;;9;;;31595;1;1;1;1;1;1;;;+11726936;+3189743;0;1
501;11;30403;P;1;12;;689;690;;9;;30402;;1;1;1;1;1;1;;;+11715853;+3176623;0;0
501;11;30404;P;1;10;;689;691;;9;;30402;;1;1;1;1;1;1;;;+11715854;+3178241;0;0
501;11;30405;P;1;11;;689;692;;9;;30402;;1;1;1;1;1;1;;;+11715856;+3178941;0;1
501;11;30406;P;1;10;;689;693;;9;;30402;;1;1;1;1;1;1;;;+11715849;+3180335;0;1
501;11;30407;P;1;10;;689;694;;9;;30402;;1;1;1;1;1;1;;;+11716776;+3181442;0;1
501;11;30408;P;1;10;;689;684;;9;;30402;;1;1;1;1;1;1;;;+11717608;+3182094;0;1
501;11;30409;P;1;10;;689;695;;9;;30402;;1;1;1;1;1;1;;;+11717816;+3182309;0;1
501;11;30410;P;1;10;;689;687;;9;;30402;;1;1;1;1;1;1;;;+11718166;+3183178;30412;1
501;11;30412;P;1;10;;689;1083;;9;;30411;;1;1;1;1;1;1;;;+11718556;+3183176;30410;1
501;11;30413;P;1;10;;689;698;;9;;30411;;1;1;1;1;1;1;;;+11718967;+3184004;0;1
501;11;30414;P;1;10;;689;699;;9;;30411;;1;1;1;1;1;1;;;+11718686;+3185220;0;1
501;11;31646;P;1;10;;1119;1120;;9;;;31645;1;1;1;1;1;1;;;+11727311;+3172789;0;1
501;11;31647;P;1;10;;1119;729;;9;;;31645;1;1;1;1;1;1;;;+11727919;+3174085;0;1
501;11;31648;P;1;10;;1119;730;;9;;;31645;1;1;1;1;1;1;;;+11728273;+3175617;0;1
501;11;31425;P;1;12;;913;861;;9;;;31424;1;1;1;1;1;1;;;+11731263;+3185139;0;1
501;11;31426;P;1;11;;913;806;;9;;;31424;1;1;1;1;1;1;;;+11731175;+3185379;0;1
501;11;30899;P;1;12;;777;859;;9;;;30898;1;1;1;1;1;1;;;+11738385;+3183616;0;0
501;11;30900;P;1;6;;777;810;;9;;;30898;1;1;1;1;1;1;;;+11735163;+3184355;0;1
501;11;30901;P;1;6;;777;769;;9;;;30898;1;1;1;1;1;1;;;+11733348;+3184890;0;1
501;11;30902;P;1;6;;777;807;;9;;;30898;1;1;1;1;1;1;;;+11731796;+3185137;0;1
501;11;30903;P;1;6;;777;806;;9;;;30898;1;1;1;1;1;1;;;+11731175;+3185379;0;1
501;11;31157;P;1;10;;791;687;;9;;;31156;1;1;1;1;1;1;;;+11722559;+3183303;0;1
501;11;31158;P;1;10;;791;698;;9;;;31156;1;1;1;1;1;1;;;+11722546;+3184083;0;1
501;11;31159;P;1;12;;791;756;;9;;;31156;1;1;1;1;1;1;;;+11722526;+3184515;0;1
501;11;31160;P;1;12;;791;722;;9;;;31156;1;1;1;1;1;1;;;+11722409;+3185452;0;1
501;11;30955;P;1;11;;830;873;;9;;;30954;1;1;1;1;1;1;;;+11720120;+3171756;0;0
501;11;30956;P;1;10;;830;705;;9;;;30954;1;1;1;1;1;1;;;+11723113;+3171326;0;1
501;11;30957;P;1;10;;830;706;;9;;;30954;1;1;1;1;1;1;;;+11725078;+3171323;0;1
501;11;31587;P;1;10;;848;764;;9;;;31586;1;1;1;1;1;1;;;+11730935;+3188686;0;1
501;11;31588;P;1;10;;848;765;;9;;;31586;1;1;1;1;1;1;;;+11731542;+3188329;0;1
501;11;31589;P;1;10;;848;766;;9;;;31586;1;1;1;1;1;1;;;+11732052;+3188038;0;1
501;11;31590;P;1;10;;848;767;;9;;;31586;1;1;1;1;1;1;;;+11732345;+3187876;0;1
501;11;31592;P;1;10;;764;748;;9;;;31591;1;1;1;1;1;1;;;+11730419;+3188040;0;1
501;11;31593;P;1;11;;764;753;;9;;;31591;1;1;1;1;1;1;;;+11730632;+3188312;0;1
501;11;31594;P;1;10;;764;862;;9;;;31591;1;1;1;1;1;1;;;+11730935;+3188686;0;1
501;11;31316;P;1;11;;842;1107;;9;;;31315;1;1;1;1;1;1;;;+11739714;+3186900;0;0
501;11;31317;P;1;12;;842;822;;9;;;31315;1;1;1;1;1;1;;;+11739909;+3188425;0;0
501;11;31419;P;1;10;;894;849;;9;;;31418;1;1;1;1;1;1;;;+11730844;+3184261;0;1
501;11;31420;P;1;10;;894;850;;9;;;31418;1;1;1;1;1;1;;;+11731210;+3184871;0;1
501;11;30975;P;1;10;;729;703;;9;;;30974;1;1;1;1;1;1;;;+11719250;+3175953;0;1
501;11;30976;P;1;10;;729;704;;9;;;30974;1;1;1;1;1;1;;;+11720019;+3175276;0;1
501;11;30977;P;1;10;;729;873;;9;;;30974;1;1;1;1;1;1;;;+11721373;+3174192;0;1
501;11;30978;P;1;10;;729;705;;9;;;30974;1;1;1;1;1;1;;;+11723121;+3174100;0;1
501;11;30979;P;1;10;;729;706;;9;;;30974;1;1;1;1;1;1;;;+11725083;+3174099;0;1
501;11;30980;P;1;10;;729;709;;9;;;30974;1;1;1;1;1;1;;;+11728631;+3174087;0;1
501;11;30981;P;1;12;;729;680;;9;;;30974;1;1;1;1;1;1;;;+11731967;+3174084;0;1
