CID;TABCD;LCD;INT_CID;INT_TABCD;INT_LCD
494;4;24064;494;4;24088
494;4;24088;494;4;24064
494;4;12061;494;4;18052
494;4;18052;494;4;12061
494;4;24081;494;4;24083
494;4;24083;494;4;24081
494;4;6412;494;4;6417
494;4;6417;494;4;6412
494;4;6418;494;4;7147
494;4;7147;494;4;6418
494;4;6411;494;4;6419
494;4;6419;494;4;6411
494;4;6420;494;4;6999
494;4;6999;494;4;6420
494;4;6421;494;4;7020
494;4;7020;494;4;6421
494;4;6216;494;4;6218
494;4;6218;494;4;6216
494;4;6208;494;4;6214
494;4;6214;494;4;6208
494;4;6210;494;4;6212
494;4;6212;494;4;6210
494;4;6648;494;4;6982
494;4;6982;494;4;6648
494;4;6453;494;4;6455
494;4;6455;494;4;6983
494;4;6983;494;4;6453
494;4;6693;494;4;6985
494;4;6985;494;4;6987
494;4;6987;494;4;6693
494;4;7121;494;4;7122
494;4;7122;494;4;7121
494;4;6472;494;4;6831
494;4;6831;494;4;6472
494;4;6407;494;4;6473
494;4;6473;494;4;6872
494;4;6872;494;4;6407
494;4;6476;494;4;6887
494;4;6887;494;4;6476
494;4;6477;494;4;6941
494;4;6941;494;4;6477
494;4;6478;494;4;6994
494;4;6994;494;4;6996
494;4;6996;494;4;6478
494;4;7123;494;4;7124
494;4;7124;494;4;7123
494;4;6463;494;4;6552
494;4;6552;494;4;6463
494;4;6464;494;4;6605
494;4;6605;494;4;6464
494;4;6436;494;4;6438
494;4;6438;494;4;6465
494;4;6465;494;4;6436
494;4;6469;494;4;7170
494;4;7170;494;4;6469
494;4;6470;494;4;6776
494;4;6776;494;4;6470
494;4;6652;494;4;6918
494;4;6918;494;4;6652
494;4;6653;494;4;6913
494;4;6913;494;4;6653
494;4;6654;494;4;6921
494;4;6921;494;4;6923
494;4;6923;494;4;6654
494;4;6655;494;4;6947
494;4;6947;494;4;6951
494;4;6951;494;4;6655
494;4;6220;494;4;6222
494;4;6222;494;4;6220
494;4;6224;494;4;6226
494;4;6226;494;4;6224
494;4;6408;494;4;6888
494;4;6888;494;4;6408
494;4;6053;494;4;6093
494;4;6093;494;4;6202
494;4;6202;494;4;6053
494;4;6106;494;4;7107
494;4;7107;494;4;6106
494;4;6102;494;4;7146
494;4;7146;494;4;6102
494;4;6602;494;4;6851
494;4;6851;494;4;6910
494;4;6910;494;4;7129
494;4;7129;494;4;6602
494;4;6911;494;4;6944
494;4;6944;494;4;6911
494;4;6619;494;4;6912
494;4;6912;494;4;6619
494;4;6646;494;4;6914
494;4;6914;494;4;6926
494;4;6926;494;4;6646
494;4;6456;494;4;6957
494;4;6957;494;4;7025
494;4;7025;494;4;6456
494;4;6958;494;4;7024
494;4;7024;494;4;6958
494;4;6621;494;4;6946
494;4;6946;494;4;6621
494;4;6428;494;4;6904
494;4;6904;494;4;6906
494;4;6906;494;4;6428
494;4;6649;494;4;6952
494;4;6952;494;4;6649
494;4;6485;494;4;6954
494;4;6954;494;4;7003
494;4;7003;494;4;6485
494;4;6589;494;4;6955
494;4;6955;494;4;7006
494;4;7006;494;4;6589
494;4;6431;494;4;6587
494;4;6587;494;4;6431
494;4;7151;494;4;7153
494;4;7153;494;4;7151
494;4;6425;494;4;6458
494;4;6458;494;4;6425
494;4;6426;494;4;6546
494;4;6546;494;4;6426
494;4;6427;494;4;6554
494;4;6554;494;4;6427
494;4;6459;494;4;7069
494;4;7069;494;4;6459
494;4;6061;494;4;6095
494;4;6095;494;4;6061
494;4;7082;494;4;7108
494;4;7108;494;4;7082
494;4;6506;494;4;7109
494;4;7109;494;4;6506
494;4;6109;494;4;6487
494;4;6487;494;4;6500
494;4;6500;494;4;6109
494;4;6501;494;4;6825
494;4;6825;494;4;6501
494;4;6502;494;4;6841
494;4;6841;494;4;6502
494;4;6504;494;4;6860
494;4;6860;494;4;6504
494;4;6236;494;4;6238
494;4;6238;494;4;6236
494;4;6228;494;4;6234
494;4;6234;494;4;6228
494;4;6230;494;4;6232
494;4;6232;494;4;6230
494;4;6242;494;4;6244
494;4;6244;494;4;6242
494;4;6240;494;4;6246
494;4;6246;494;4;6240
494;4;6517;494;4;6547
494;4;6547;494;4;6517
494;4;6521;494;4;6548
494;4;6548;494;4;6521
494;4;6529;494;4;6549
494;4;6549;494;4;6529
494;4;6536;494;4;6550
494;4;6550;494;4;6536
494;4;6538;494;4;6551
494;4;6551;494;4;6538
494;4;6608;494;4;6787
494;4;6787;494;4;6789
494;4;6789;494;4;6608
494;4;6625;494;4;6790
494;4;6790;494;4;6625
494;4;6635;494;4;6791
494;4;6791;494;4;6635
494;4;6659;494;4;6792
494;4;6792;494;4;6659
494;4;6441;494;4;6793
494;4;6793;494;4;6441
494;4;6672;494;4;6794
494;4;6794;494;4;6672
494;4;6795;494;4;7048
494;4;7048;494;4;6795
494;4;6489;494;4;6796
494;4;6796;494;4;6489
494;4;7155;494;4;7156
494;4;7156;494;4;7155
494;4;6689;494;4;6861
494;4;6861;494;4;6863
494;4;6863;494;4;7130
494;4;7130;494;4;6689
494;4;6708;494;4;6864
494;4;6864;494;4;7141
494;4;7141;494;4;6708
494;4;6713;494;4;6865
494;4;6865;494;4;7090
494;4;7090;494;4;6713
494;4;6719;494;4;6866
494;4;6866;494;4;7051
494;4;7051;494;4;6719
494;4;6492;494;4;6867
494;4;6867;494;4;6492
494;4;6727;494;4;6868
494;4;6868;494;4;6727
494;4;6733;494;4;6869
494;4;6869;494;4;7120
494;4;7120;494;4;6733
494;4;6741;494;4;6870
494;4;6870;494;4;7115
494;4;7115;494;4;6741
494;4;6748;494;4;6871
494;4;6871;494;4;7118
494;4;7118;494;4;6748
494;4;6515;494;4;6852
494;4;6852;494;4;6894
494;4;6894;494;4;7128
494;4;7128;494;4;6515
494;4;6612;494;4;6614
494;4;6614;494;4;6853
494;4;6853;494;4;6612
494;4;6629;494;4;6854
494;4;6854;494;4;7135
494;4;7135;494;4;6629
494;4;6640;494;4;6642
494;4;6642;494;4;6855
494;4;6855;494;4;6640
494;4;6664;494;4;6856
494;4;6856;494;4;6664
494;4;6446;494;4;6448
494;4;6448;494;4;6857
494;4;6857;494;4;6446
494;4;6680;494;4;6858
494;4;6858;494;4;6680
494;4;6700;494;4;6859
494;4;6859;494;4;6700
494;4;6083;494;4;7010
494;4;7010;494;4;6083
494;4;7067;494;4;7148
494;4;7148;494;4;7067
494;4;6650;494;4;7001
494;4;7001;494;4;7011
494;4;7011;494;4;6650
494;4;6606;494;4;6770
494;4;6770;494;4;6606
494;4;6623;494;4;6771
494;4;6771;494;4;6623
494;4;6633;494;4;6772
494;4;6772;494;4;6633
494;4;6657;494;4;6773
494;4;6773;494;4;6657
494;4;6439;494;4;6774
494;4;6774;494;4;6439
494;4;6671;494;4;6775
494;4;6775;494;4;6671
494;4;6571;494;4;6597
494;4;6597;494;4;6571
494;4;6575;494;4;6598
494;4;6598;494;4;6575
494;4;6584;494;4;6599
494;4;6599;494;4;6584
494;4;6482;494;4;6577
494;4;6577;494;4;6482
494;4;6578;494;4;6581
494;4;6581;494;4;6578
494;4;6582;494;4;6595
494;4;6595;494;4;6582
494;4;6449;494;4;6878
494;4;6878;494;4;6449
494;4;6450;494;4;6928
494;4;6928;494;4;6450
494;4;6451;494;4;6900
494;4;6900;494;4;6451
494;4;6452;494;4;6960
494;4;6960;494;4;6452
494;4;6440;494;4;6782
494;4;6782;494;4;7035
494;4;7035;494;4;6440
494;4;6442;494;4;6802
494;4;6802;494;4;7033
494;4;7033;494;4;6442
494;4;6443;494;4;6814
494;4;6814;494;4;7041
494;4;7041;494;4;6443
494;4;6444;494;4;6821
494;4;6821;494;4;7045
494;4;7045;494;4;6444
494;4;6445;494;4;6835
494;4;6835;494;4;7039
494;4;7039;494;4;6445
494;4;6520;494;4;6542
494;4;6542;494;4;7071
494;4;7071;494;4;6520
494;4;6522;494;4;6556
494;4;6556;494;4;6522
494;4;6525;494;4;6560
494;4;6560;494;4;6525
494;4;7149;494;4;7150
494;4;7150;494;4;7149
494;4;6714;494;4;6935
494;4;6935;494;4;6714
494;4;6715;494;4;6964
494;4;6964;494;4;6715
494;4;7060;494;4;7085
494;4;7085;494;4;7060
494;4;7086;494;4;7096
494;4;7096;494;4;7086
494;4;7089;494;4;7168
494;4;7168;494;4;7089
494;4;6712;494;4;6843
494;4;6843;494;4;6712
494;4;7028;494;4;7029
494;4;7029;494;4;7028
494;4;6617;494;4;6895
494;4;6895;494;4;6617
494;4;6645;494;4;6896
494;4;6896;494;4;6645
494;4;6897;494;4;6899
494;4;6899;494;4;6927
494;4;6927;494;4;6897
494;4;6673;494;4;6803
494;4;6803;494;4;6673
494;4;6804;494;4;7049
494;4;7049;494;4;6804
494;4;7031;494;4;7058
494;4;7058;494;4;7031
494;4;6609;494;4;6798
494;4;6798;494;4;7162
494;4;7162;494;4;6609
494;4;6626;494;4;6799
494;4;6799;494;4;6626
494;4;6636;494;4;6800
494;4;6800;494;4;6636
494;4;6660;494;4;6801
494;4;6801;494;4;6660
494;4;6734;494;4;6884
494;4;6884;494;4;6734
494;4;6737;494;4;6939
494;4;6939;494;4;6737
494;4;6732;494;4;6847
494;4;6847;494;4;6732
494;4;6754;494;4;6971
494;4;6971;494;4;6978
494;4;6978;494;4;6754
494;4;6755;494;4;6989
494;4;6989;494;4;6755
494;4;6665;494;4;6667
494;4;6667;494;4;6877
494;4;6877;494;4;6665
494;4;6724;494;4;6988
494;4;6988;494;4;6724
494;4;6758;494;4;6972
494;4;6972;494;4;6990
494;4;6990;494;4;6992
494;4;6992;494;4;6758
494;4;7036;494;4;7169
494;4;7169;494;4;7036
494;4;7037;494;4;7047
494;4;7047;494;4;7037
494;4;7038;494;4;7167
494;4;7167;494;4;7038
494;4;6518;494;4;6555
494;4;6555;494;4;6564
494;4;6564;494;4;6518
494;4;6607;494;4;6778
494;4;6778;494;4;6607
494;4;6624;494;4;6779
494;4;6779;494;4;6624
494;4;6634;494;4;6780
494;4;6780;494;4;6634
494;4;6658;494;4;6781
494;4;6781;494;4;6658
494;4;6630;494;4;6875
494;4;6875;494;4;6630
494;4;6631;494;4;6891
494;4;6891;494;4;6631
494;4;6627;494;4;6811
494;4;6811;494;4;6627
494;4;6628;494;4;6818
494;4;6818;494;4;6628
494;4;6539;494;4;6562
494;4;6562;494;4;6539
494;4;6512;494;4;6540
494;4;6540;494;4;6512
494;4;6752;494;4;6993
494;4;6993;494;4;6752
494;4;6721;494;4;6965
494;4;6965;494;4;6967
494;4;6967;494;4;6721
494;4;6723;494;4;6968
494;4;6968;494;4;6723
494;4;6495;494;4;6969
494;4;6969;494;4;6495
494;4;6692;494;4;6962
494;4;6962;494;4;6692
494;4;6710;494;4;6963
494;4;6963;494;4;6710
494;4;6976;494;4;6979
494;4;6979;494;4;6976
494;4;6751;494;4;6980
494;4;6980;494;4;6751
494;4;6679;494;4;6836
494;4;6836;494;4;6679
494;4;6766;494;4;6839
494;4;6839;494;4;6766
494;4;6685;494;4;6840
494;4;6840;494;4;6685
494;4;6707;494;4;6842
494;4;6842;494;4;6707
494;4;6718;494;4;6844
494;4;6844;494;4;6718
494;4;6491;494;4;6845
494;4;6845;494;4;6491
494;4;6726;494;4;6846
494;4;6846;494;4;6726
494;4;6740;494;4;6848
494;4;6848;494;4;6740
494;4;7111;494;4;7112
494;4;7112;494;4;7111
494;4;6639;494;4;6833
494;4;6833;494;4;6639
494;4;6663;494;4;6834
494;4;6834;494;4;6663
494;4;6483;494;4;6573
494;4;6573;494;4;6483
494;4;6484;494;4;6697
494;4;6697;494;4;6484
494;4;6507;494;4;6785
494;4;6785;494;4;6507
494;4;6508;494;4;6513
494;4;6513;494;4;6508
494;4;6603;494;4;7166
494;4;7166;494;4;6603
494;4;6530;494;4;6557
494;4;6557;494;4;6530
494;4;6728;494;4;6883
494;4;6883;494;4;6728
494;4;6742;494;4;6885
494;4;6885;494;4;6742
494;4;6749;494;4;6886
494;4;6886;494;4;6749
494;4;7131;494;4;7133
494;4;7133;494;4;7131
494;4;6256;494;4;6258
494;4;6258;494;4;6256
494;4;6248;494;4;6254
494;4;6254;494;4;6248
494;4;6250;494;4;6252
494;4;6252;494;4;6250
494;4;6262;494;4;6264
494;4;6264;494;4;6262
494;4;6260;494;4;6266
494;4;6266;494;4;6260
494;4;6690;494;4;6881
494;4;6881;494;4;6690
494;4;6691;494;4;6931
494;4;6931;494;4;6933
494;4;6933;494;4;6691
494;4;6694;494;4;6696
494;4;6696;494;4;6694
494;4;6764;494;4;6822
494;4;6822;494;4;6764
494;4;6676;494;4;6678
494;4;6678;494;4;6765
494;4;6765;494;4;6676
494;4;6686;494;4;6767
494;4;6767;494;4;6686
494;4;6531;494;4;6561
494;4;6561;494;4;6531
494;4;6618;494;4;6917
494;4;6917;494;4;6618
494;4;6058;494;4;6077
494;4;6077;494;4;6058
494;4;6118;494;4;6120
494;4;6120;494;4;6118
494;4;7002;494;4;7005
494;4;7005;494;4;7002
494;4;7070;494;4;7075
494;4;7075;494;4;7070
494;4;6729;494;4;6938
494;4;6938;494;4;6729
494;4;6730;494;4;6975
494;4;6975;494;4;6730
494;4;6743;494;4;6940
494;4;6940;494;4;7116
494;4;7116;494;4;6743
494;4;6494;494;4;6974
494;4;6974;494;4;6494
494;4;6739;494;4;6828
494;4;6828;494;4;6739
494;4;7046;494;4;7054
494;4;7054;494;4;7046
494;4;6709;494;4;6934
494;4;6934;494;4;6709
494;4;6720;494;4;6936
494;4;6936;494;4;6720
494;4;6493;494;4;6937
494;4;6937;494;4;6493
494;4;6682;494;4;6929
494;4;6929;494;4;6682
494;4;6702;494;4;6930
494;4;6930;494;4;6702
494;4;6681;494;4;6879
494;4;6879;494;4;6681
494;4;6570;494;4;6591
494;4;6591;494;4;6593
494;4;6593;494;4;6570
494;4;6615;494;4;6874
494;4;6874;494;4;6615
494;4;6616;494;4;6890
494;4;6890;494;4;6616
494;4;6620;494;4;6920
494;4;6920;494;4;6620
494;4;6610;494;4;6810
494;4;6810;494;4;6610
494;4;6611;494;4;6817
494;4;6817;494;4;6611
494;4;6574;494;4;6594
494;4;6594;494;4;6574
494;4;6747;494;4;6830
494;4;6830;494;4;6747
494;4;6829;494;4;6849
494;4;6849;494;4;6829
494;4;6568;494;4;6590
494;4;6590;494;4;6568
494;4;6510;494;4;6532
494;4;6532;494;4;6510
494;4;6514;494;4;6806
494;4;6806;494;4;6514
494;4;6701;494;4;6880
494;4;6880;494;4;6701
494;4;7073;494;4;7076
494;4;7076;494;4;7073
494;4;6675;494;4;6823
494;4;6823;494;4;6675
494;4;6684;494;4;6824
494;4;6824;494;4;6684
494;4;6717;494;4;6826
494;4;6826;494;4;6717
494;4;6490;494;4;6827
494;4;6827;494;4;6490
494;4;6638;494;4;6819
494;4;6819;494;4;6638
494;4;6662;494;4;6820
494;4;6820;494;4;6662
494;4;7072;494;4;7081
494;4;7081;494;4;7072
494;4;6528;494;4;6543
494;4;6543;494;4;6528
494;4;6643;494;4;6876
494;4;6876;494;4;6643
494;4;6661;494;4;6813
494;4;6813;494;4;6661
494;4;6644;494;4;6892
494;4;6892;494;4;6644
494;4;6535;494;4;6544
494;4;6544;494;4;6535
494;4;6637;494;4;6812
494;4;6812;494;4;6637
494;4;7159;494;4;7161
494;4;7161;494;4;7159
494;4;6674;494;4;6815
494;4;6815;494;4;6674
494;4;7092;494;4;7093
494;4;7093;494;4;7092
494;4;7062;494;4;7097
494;4;7097;494;4;7062
494;4;427;494;4;576
494;4;576;494;4;2512
494;4;2512;494;4;427
494;4;1315;494;4;1366
494;4;1366;494;4;2629
494;4;2629;494;4;1315
494;4;2627;494;4;2628
494;4;2628;494;4;2627
494;4;1311;494;4;1313
494;4;1313;494;4;1311
494;4;413;494;4;582
494;4;582;494;4;413
494;4;414;494;4;2582
494;4;2582;494;4;414
494;4;416;494;4;501
494;4;501;494;4;2578
494;4;2578;494;4;416
494;4;417;494;4;752
494;4;752;494;4;417
494;4;418;494;4;1360
494;4;1360;494;4;418
494;4;419;494;4;566
494;4;566;494;4;419
494;4;420;494;4;793
494;4;793;494;4;2525
494;4;2525;494;4;420
494;4;849;494;4;850
494;4;850;494;4;849
494;4;577;494;4;584
494;4;584;494;4;577
494;4;578;494;4;1005
494;4;1005;494;4;578
494;4;580;494;4;933
494;4;933;494;4;580
494;4;1421;494;4;2521
494;4;2521;494;4;1421
494;4;762;494;4;836
494;4;836;494;4;839
494;4;839;494;4;762
494;4;503;494;4;1426
494;4;1426;494;4;503
494;4;1399;494;4;1425
494;4;1425;494;4;1399
494;4;439;494;4;510
494;4;510;494;4;745
494;4;745;494;4;439
494;4;1422;494;4;2576
494;4;2576;494;4;1422
494;4;643;494;4;673
494;4;673;494;4;693
494;4;693;494;4;643
494;4;674;494;4;971
494;4;971;494;4;674
494;4;675;494;4;1101
494;4;1101;494;4;675
494;4;495;494;4;676
494;4;676;494;4;495
494;4;678;494;4;1049
494;4;1049;494;4;678
494;4;679;494;4;1465
494;4;1465;494;4;679
494;4;453;494;4;680
494;4;680;494;4;453
494;4;681;494;4;846
494;4;846;494;4;681
494;4;1401;494;4;1440
494;4;1440;494;4;1401
494;4;685;494;4;1480
494;4;1480;494;4;685
494;4;461;494;4;686
494;4;686;494;4;461
494;4;687;494;4;1139
494;4;1139;494;4;687
494;4;688;494;4;1148
494;4;1148;494;4;688
494;4;653;494;4;689
494;4;689;494;4;653
494;4;690;494;4;1154
494;4;1154;494;4;690
494;4;537;494;4;691
494;4;691;494;4;537
494;4;692;494;4;1188
494;4;1188;494;4;692
494;4;785;494;4;832
494;4;832;494;4;1461
494;4;1461;494;4;1463
494;4;1463;494;4;785
494;4;786;494;4;1110
494;4;1110;494;4;1464
494;4;1464;494;4;786
494;4;549;494;4;790
494;4;790;494;4;1469
494;4;1469;494;4;2664
494;4;2664;494;4;549
494;4;791;494;4;1046
494;4;1046;494;4;1470
494;4;1470;494;4;1621
494;4;1621;494;4;2524
494;4;2524;494;4;791
494;4;641;494;4;819
494;4;819;494;4;827
494;4;827;494;4;1454
494;4;1454;494;4;1456
494;4;1456;494;4;641
494;4;830;494;4;1459
494;4;1459;494;4;830
494;4;1448;494;4;1625
494;4;1625;494;4;1626
494;4;1626;494;4;2562
494;4;2562;494;4;1448
494;4;824;494;4;1451
494;4;1451;494;4;824
494;4;1281;494;4;2515
494;4;2515;494;4;1281
494;4;448;494;4;481
494;4;481;494;4;2607
494;4;2607;494;4;2649
494;4;2649;494;4;448
494;4;449;494;4;475
494;4;475;494;4;449
494;4;1418;494;4;2613
494;4;2613;494;4;1418
494;4;2630;494;4;2633
494;4;2633;494;4;2630
494;4;402;494;4;751
494;4;751;494;4;402
494;4;404;494;4;564
494;4;564;494;4;404
494;4;405;494;4;886
494;4;886;494;4;405
494;4;406;494;4;707
494;4;707;494;4;406
494;4;407;494;4;736
494;4;736;494;4;407
494;4;408;494;4;960
494;4;960;494;4;408
494;4;409;494;4;712
494;4;712;494;4;409
494;4;410;494;4;780
494;4;780;494;4;1506
494;4;1506;494;4;410
494;4;443;494;4;609
494;4;609;494;4;443
494;4;444;494;4;868
494;4;868;494;4;444
494;4;445;494;4;614
494;4;614;494;4;445
494;4;446;494;4;619
494;4;619;494;4;446
494;4;447;494;4;872
494;4;872;494;4;447
494;4;1282;494;4;2517
494;4;2517;494;4;2574
494;4;2574;494;4;1282
494;4;1284;494;4;2571
494;4;2571;494;4;1284
494;4;747;494;4;970
494;4;970;494;4;1457
494;4;1457;494;4;747
494;4;1402;494;4;1403
494;4;1403;494;4;1402
494;4;2651;494;4;2652
494;4;2652;494;4;2651
494;4;428;494;4;1024
494;4;1024;494;4;428
494;4;770;494;4;1029
494;4;1029;494;4;770
494;4;432;494;4;854
494;4;854;494;4;2635
494;4;2635;494;4;432
494;4;1251;494;4;1261
494;4;1261;494;4;1251
494;4;1034;494;4;1253
494;4;1253;494;4;1034
494;4;1180;494;4;1256
494;4;1256;494;4;1180
494;4;2519;494;4;2520
494;4;2520;494;4;2519
494;4;479;494;4;2622
494;4;2622;494;4;479
494;4;480;494;4;863
494;4;863;494;4;480
494;4;477;494;4;1386
494;4;1386;494;4;477
494;4;489;494;4;2568
494;4;2568;494;4;489
494;4;880;494;4;2569
494;4;2569;494;4;880
494;4;2566;494;4;2570
494;4;2570;494;4;2566
494;4;2655;494;4;2656
494;4;2656;494;4;2655
494;4;53;494;4;490
494;4;490;494;4;2522
494;4;2522;494;4;53
494;4;764;494;4;803
494;4;803;494;4;1481
494;4;1481;494;4;764
494;4;765;494;4;1141
494;4;1141;494;4;765
494;4;766;494;4;1149
494;4;1149;494;4;766
494;4;768;494;4;1155
494;4;1155;494;4;768
494;4;538;494;4;769
494;4;769;494;4;538
494;4;1186;494;4;1382
494;4;1382;494;4;1186
494;4;452;494;4;1467
494;4;1467;494;4;452
494;4;454;494;4;1111
494;4;1111;494;4;454
494;4;455;494;4;845
494;4;845;494;4;455
494;4;1367;494;4;1369
494;4;1369;494;4;1367
494;4;63;494;4;1370
494;4;1370;494;4;63
494;4;515;494;4;542
494;4;542;494;4;515
494;4;516;494;4;1191
494;4;1191;494;4;516
494;4;517;494;4;758
494;4;758;494;4;517
494;4;518;494;4;1036
494;4;1036;494;4;518
494;4;519;494;4;574
494;4;574;494;4;519
494;4;520;494;4;906
494;4;906;494;4;520
494;4;521;494;4;920
494;4;920;494;4;521
494;4;522;494;4;893
494;4;893;494;4;522
494;4;523;494;4;701
494;4;701;494;4;523
494;4;525;494;4;731
494;4;731;494;4;525
494;4;524;494;4;526
494;4;526;494;4;524
494;4;527;494;4;722
494;4;722;494;4;527
494;4;528;494;4;1237
494;4;1237;494;4;528
494;4;529;494;4;776
494;4;776;494;4;1501
494;4;1501;494;4;529
494;4;60;494;4;531
494;4;531;494;4;598
494;4;598;494;4;60
494;4;534;494;4;1172
494;4;1172;494;4;534
494;4;535;494;4;1453
494;4;1453;494;4;535
494;4;536;494;4;1133
494;4;1133;494;4;536
494;4;539;494;4;1122
494;4;1122;494;4;539
494;4;540;494;4;558
494;4;558;494;4;540
494;4;460;494;4;801
494;4;801;494;4;1479
494;4;1479;494;4;460
494;4;462;494;4;1140
494;4;1140;494;4;462
494;4;709;494;4;794
494;4;794;494;4;1474
494;4;1474;494;4;709
494;4;739;494;4;795
494;4;795;494;4;1475
494;4;1475;494;4;739
494;4;483;494;4;714
494;4;714;494;4;796
494;4;796;494;4;1476
494;4;1476;494;4;483
494;4;781;494;4;797
494;4;797;494;4;1477
494;4;1477;494;4;1507
494;4;1507;494;4;781
494;4;635;494;4;778
494;4;778;494;4;798
494;4;798;494;4;1502
494;4;1502;494;4;1504
494;4;1504;494;4;635
494;4;484;494;4;852
494;4;852;494;4;484
494;4;2526;494;4;2528
494;4;2528;494;4;2526
494;4;2529;494;4;2620
494;4;2620;494;4;2529
494;4;509;494;4;1324
494;4;1324;494;4;2556
494;4;2556;494;4;509
494;4;843;494;4;1327
494;4;1327;494;4;843
494;4;847;494;4;2511
494;4;2511;494;4;2666
494;4;2666;494;4;847
494;4;848;494;4;1063
494;4;1063;494;4;848
494;4;616;494;4;877
494;4;877;494;4;616
494;4;617;494;4;862
494;4;862;494;4;617
494;4;618;494;4;1165
494;4;1165;494;4;618
494;4;2557;494;4;2575
494;4;2575;494;4;2557
494;4;1439;494;4;1443
494;4;1443;494;4;1439
494;4;1572;494;4;2523
494;4;2523;494;4;2668
494;4;2668;494;4;2670
494;4;2670;494;4;1572
494;4;1091;494;4;1095
494;4;1095;494;4;1091
494;4;708;494;4;1096
494;4;1096;494;4;708
494;4;738;494;4;1097
494;4;1097;494;4;738
494;4;1083;494;4;2659
494;4;2659;494;4;1083
494;4;1078;494;4;1084
494;4;1084;494;4;1078
494;4;1044;494;4;1085
494;4;1085;494;4;1044
494;4;288;494;4;290
494;4;290;494;4;288
494;4;268;494;4;270
494;4;270;494;4;268
494;4;242;494;4;244
494;4;244;494;4;242
494;4;248;494;4;250
494;4;250;494;4;248
494;4;276;494;4;278
494;4;278;494;4;276
494;4;260;494;4;262
494;4;262;494;4;260
494;4;264;494;4;266
494;4;266;494;4;264
494;4;284;494;4;286
494;4;286;494;4;1580
494;4;1580;494;4;284
494;4;256;494;4;258
494;4;258;494;4;256
494;4;272;494;4;274
494;4;274;494;4;272
494;4;280;494;4;282
494;4;282;494;4;280
494;4;240;494;4;246
494;4;246;494;4;240
494;4;252;494;4;254
494;4;254;494;4;252
494;4;230;494;4;232
494;4;232;494;4;234
494;4;234;494;4;230
494;4;224;494;4;226
494;4;226;494;4;228
494;4;228;494;4;224
494;4;202;494;4;204
494;4;204;494;4;206
494;4;206;494;4;202
494;4;236;494;4;238
494;4;238;494;4;236
494;4;208;494;4;210
494;4;210;494;4;212
494;4;212;494;4;1592
494;4;1592;494;4;208
494;4;1586;494;4;1602
494;4;1602;494;4;1586
494;4;1590;494;4;1598
494;4;1598;494;4;1590
494;4;1582;494;4;1604
494;4;1604;494;4;1582
494;4;1584;494;4;1624
494;4;1624;494;4;1584
494;4;1588;494;4;1596
494;4;1596;494;4;1588
494;4;989;494;4;1466
494;4;1466;494;4;989
494;4;1334;494;4;1468
494;4;1468;494;4;1334
494;4;218;494;4;220
494;4;220;494;4;222
494;4;222;494;4;218
494;4;1594;494;4;1606
494;4;1606;494;4;1594
494;4;975;494;4;1066
494;4;1066;494;4;1080
494;4;1080;494;4;975
494;4;1077;494;4;1081
494;4;1081;494;4;2631
494;4;2631;494;4;1077
494;4;987;494;4;1330
494;4;1330;494;4;987
494;4;1331;494;4;1333
494;4;1333;494;4;1331
494;4;1007;494;4;1031
494;4;1031;494;4;1007
494;4;742;494;4;1027
494;4;1027;494;4;1032
494;4;1032;494;4;742
494;4;1088;494;4;1179
494;4;1179;494;4;1088
494;4;976;494;4;979
494;4;979;494;4;976
494;4;1089;494;4;2632
494;4;2632;494;4;1089
494;4;1131;494;4;1147
494;4;1147;494;4;1131
494;4;642;494;4;1134
494;4;1134;494;4;642
494;4;1610;494;4;1612
494;4;1612;494;4;1610
494;4;622;494;4;1192
494;4;1192;494;4;622
494;4;296;494;4;298
494;4;298;494;4;296
494;4;300;494;4;302
494;4;302;494;4;300
494;4;292;494;4;294
494;4;294;494;4;292
494;4;952;494;4;1505
494;4;1505;494;4;952
494;4;314;494;4;316
494;4;316;494;4;318
494;4;318;494;4;314
494;4;320;494;4;322
494;4;322;494;4;320
494;4;324;494;4;326
494;4;326;494;4;324
494;4;310;494;4;312
494;4;312;494;4;310
494;4;304;494;4;306
494;4;306;494;4;308
494;4;308;494;4;304
494;4;773;494;4;816
494;4;816;494;4;1016
494;4;1016;494;4;1494
494;4;1494;494;4;1496
494;4;1496;494;4;773
494;4;774;494;4;874
494;4;874;494;4;1497
494;4;1497;494;4;774
494;4;671;494;4;760
494;4;760;494;4;859
494;4;859;494;4;1499
494;4;1499;494;4;2542
494;4;2542;494;4;671
494;4;1558;494;4;1560
494;4;1560;494;4;1578
494;4;1578;494;4;1558
494;4;1000;494;4;1498
494;4;1498;494;4;1000
494;4;945;494;4;1500
494;4;1500;494;4;945
494;4;570;494;4;991
494;4;991;494;4;1019
494;4;1019;494;4;570
494;4;902;494;4;992
494;4;992;494;4;902
494;4;916;494;4;993
494;4;993;494;4;916
494;4;889;494;4;994
494;4;994;494;4;889
494;4;727;494;4;996
494;4;996;494;4;727
494;4;956;494;4;997
494;4;997;494;4;956
494;4;718;494;4;998
494;4;998;494;4;718
494;4;999;494;4;1234
494;4;1234;494;4;999
494;4;1215;494;4;1220
494;4;1220;494;4;1215
494;4;907;494;4;1196
494;4;1196;494;4;907
494;4;1197;494;4;1199
494;4;1199;494;4;1197
494;4;894;494;4;1200
494;4;1200;494;4;894
494;4;702;494;4;1201
494;4;1201;494;4;702
494;4;1202;494;4;2551
494;4;2551;494;4;1202
494;4;914;494;4;1488
494;4;1488;494;4;914
494;4;915;494;4;1010
494;4;1010;494;4;915
494;4;938;494;4;1433
494;4;1433;494;4;938
494;4;919;494;4;1207
494;4;1207;494;4;919
494;4;1152;494;4;1452
494;4;1452;494;4;1152
494;4;1121;494;4;1156
494;4;1156;494;4;1121
494;4;557;494;4;1157
494;4;1157;494;4;557
494;4;1074;494;4;1158
494;4;1158;494;4;1074
494;4;1359;494;4;2579
494;4;2579;494;4;1359
494;4;1042;494;4;1268
494;4;1268;494;4;1042
494;4;565;494;4;964
494;4;964;494;4;565
494;4;737;494;4;966
494;4;966;494;4;737
494;4;961;494;4;967
494;4;967;494;4;961
494;4;713;494;4;968
494;4;968;494;4;713
494;4;628;494;4;883
494;4;883;494;4;628
494;4;884;494;4;929
494;4;929;494;4;884
494;4;885;494;4;1230
494;4;1230;494;4;885
494;4;1532;494;4;1534
494;4;1534;494;4;1532
494;4;1100;494;4;1105
494;4;1105;494;4;1458
494;4;1458;494;4;1100
494;4;985;494;4;1102
494;4;1102;494;4;985
494;4;1103;494;4;1127
494;4;1127;494;4;1103
494;4;1542;494;4;1544
494;4;1544;494;4;1542
494;4;493;494;4;513
494;4;513;494;4;493
494;4;494;494;4;1108
494;4;1108;494;4;494
494;4;496;494;4;986
494;4;986;494;4;496
494;4;497;494;4;1128
494;4;1128;494;4;497
494;4;498;494;4;546
494;4;546;494;4;498
494;4;1375;494;4;1378
494;4;1378;494;4;1375
494;4;376;494;4;378
494;4;378;494;4;376
494;4;390;494;4;392
494;4;392;494;4;390
494;4;657;494;4;659
494;4;659;494;4;657
494;4;661;494;4;756
494;4;756;494;4;2532
494;4;2532;494;4;661
494;4;571;494;4;662
494;4;662;494;4;2533
494;4;2533;494;4;571
494;4;665;494;4;698
494;4;698;494;4;2536
494;4;2536;494;4;665
494;4;667;494;4;728
494;4;728;494;4;2537
494;4;2537;494;4;667
494;4;669;494;4;719
494;4;719;494;4;2540
494;4;2540;494;4;669
494;4;1073;494;4;1260
494;4;1260;494;4;2531
494;4;2531;494;4;1073
494;4;903;494;4;2534
494;4;2534;494;4;903
494;4;890;494;4;2535
494;4;2535;494;4;890
494;4;957;494;4;2538
494;4;2538;494;4;957
494;4;1345;494;4;2539
494;4;2539;494;4;1345
494;4;1235;494;4;2541
494;4;2541;494;4;1235
494;4;1516;494;4;1518
494;4;1518;494;4;1516
494;4;650;494;4;1171
494;4;1171;494;4;650
494;4;656;494;4;1120
494;4;1120;494;4;1258
494;4;1258;494;4;656
494;4;556;494;4;1259
494;4;1259;494;4;556
494;4;1035;494;4;1204
494;4;1204;494;4;1035
494;4;573;494;4;1205
494;4;1205;494;4;573
494;4;905;494;4;1206
494;4;1206;494;4;905
494;4;892;494;4;1208
494;4;1208;494;4;892
494;4;700;494;4;1209
494;4;1209;494;4;700
494;4;730;494;4;1210
494;4;1210;494;4;730
494;4;721;494;4;1212
494;4;1212;494;4;721
494;4;1213;494;4;1269
494;4;1269;494;4;1213
494;4;757;494;4;934
494;4;934;494;4;757
494;4;572;494;4;936
494;4;936;494;4;572
494;4;904;494;4;937
494;4;937;494;4;904
494;4;891;494;4;939
494;4;939;494;4;891
494;4;699;494;4;940
494;4;940;494;4;699
494;4;729;494;4;941
494;4;941;494;4;729
494;4;666;494;4;942
494;4;942;494;4;666
494;4;720;494;4;943
494;4;943;494;4;720
494;4;944;494;4;1236
494;4;1236;494;4;944
494;4;2553;494;4;2554
494;4;2554;494;4;2553
494;4;592;494;4;1249
494;4;1249;494;4;592
494;4;593;494;4;608
494;4;608;494;4;593
494;4;594;494;4;867
494;4;867;494;4;594
494;4;595;494;4;613
494;4;613;494;4;595
494;4;97;494;4;111
494;4;111;494;4;97
494;4;62;494;4;72
494;4;72;494;4;62
494;4;585;494;4;1363
494;4;1363;494;4;585
494;4;586;494;4;2593
494;4;2593;494;4;586
494;4;587;494;4;743
494;4;743;494;4;754
494;4;754;494;4;587
494;4;1520;494;4;1522
494;4;1522;494;4;1520
494;4;631;494;4;732
494;4;732;494;4;734
494;4;734;494;4;631
494;4;735;494;4;949
494;4;949;494;4;735
494;4;2618;494;4;2619
494;4;2619;494;4;2618
494;4;342;494;4;344
494;4;344;494;4;342
494;4;2596;494;4;2598
494;4;2598;494;4;2596
494;4;725;494;4;1491
494;4;1491;494;4;1622
494;4;1622;494;4;725
494;4;726;494;4;1013
494;4;1013;494;4;726
494;4;562;494;4;625
494;4;625;494;4;626
494;4;626;494;4;562
494;4;563;494;4;1224
494;4;1224;494;4;563
494;4;350;494;4;352
494;4;352;494;4;350
494;4;568;494;4;808
494;4;808;494;4;1486
494;4;1486;494;4;568
494;4;569;494;4;741
494;4;741;494;4;569
494;4;354;494;4;356
494;4;356;494;4;354
494;4;358;494;4;360
494;4;360;494;4;358
494;4;362;494;4;364
494;4;364;494;4;362
494;4;366;494;4;368
494;4;368;494;4;366
494;4;1229;494;4;1357
494;4;1357;494;4;1229
494;4;1554;494;4;1556
494;4;1556;494;4;1554
494;4;755;494;4;2673
494;4;2673;494;4;755
494;4;1006;494;4;2560
494;4;2560;494;4;1006
494;4;1364;494;4;1484
494;4;1484;494;4;1364
494;4;981;494;4;1065
494;4;1065;494;4;1070
494;4;1070;494;4;981
494;4;56;494;4;58
494;4;58;494;4;56
494;4;106;494;4;110
494;4;110;494;4;106
494;4;52;494;4;65
494;4;65;494;4;52
494;4;128;494;4;129
494;4;129;494;4;128
494;4;100;494;4;108
494;4;108;494;4;100
494;4;1546;494;4;1548
494;4;1548;494;4;1546
494;4;512;494;4;1106
494;4;1106;494;4;512
494;4;646;494;4;1341
494;4;1341;494;4;646
494;4;865;494;4;1163
494;4;1163;494;4;865
494;4;601;494;4;866
494;4;866;494;4;601
494;4;1550;494;4;1552
494;4;1552;494;4;1550
494;4;1113;494;4;1460
494;4;1460;494;4;1113
494;4;1048;494;4;1109
494;4;1109;494;4;1048
494;4;988;494;4;1050
494;4;1050;494;4;988
494;4;1051;494;4;2663
494;4;2663;494;4;1051
494;4;1053;494;4;1057
494;4;1057;494;4;1053
494;4;1371;494;4;1387
494;4;1387;494;4;1371
494;4;338;494;4;340
494;4;340;494;4;338
494;4;332;494;4;334
494;4;334;494;4;336
494;4;336;494;4;332
494;4;328;494;4;330
494;4;330;494;4;1576
494;4;1576;494;4;328
494;4;346;494;4;348
494;4;348;494;4;346
494;4;805;494;4;806
494;4;806;494;4;805
494;4;811;494;4;855
494;4;855;494;4;1489
494;4;1489;494;4;811
494;4;716;494;4;815
494;4;815;494;4;1493
494;4;1493;494;4;716
494;4;1263;494;4;1487
494;4;1487;494;4;1263
494;4;695;494;4;1490
494;4;1490;494;4;695
494;4;954;494;4;1492
494;4;1492;494;4;954
494;4;380;494;4;382
494;4;382;494;4;380
494;4;384;494;4;386
494;4;386;494;4;388
494;4;388;494;4;384
494;4;370;494;4;372
494;4;372;494;4;374
494;4;374;494;4;370
494;4;554;494;4;804
494;4;804;494;4;1482
494;4;1482;494;4;554
494;4;623;494;4;749
494;4;749;494;4;761
494;4;761;494;4;623
494;4;750;494;4;1222
494;4;1222;494;4;750
494;4;611;494;4;1164
494;4;1164;494;4;611
494;4;602;494;4;612
494;4;612;494;4;602
494;4;901;494;4;1001
494;4;1001;494;4;901
494;4;627;494;4;908
494;4;908;494;4;627
494;4;909;494;4;928
494;4;928;494;4;909
494;4;130;494;4;1574
494;4;1574;494;4;130
494;4;1394;494;4;1396
494;4;1396;494;4;1394
494;4;1389;494;4;1397
494;4;1397;494;4;1389
494;4;1390;494;4;2616
494;4;2616;494;4;1390
494;4;1536;494;4;1538
494;4;1538;494;4;1540
494;4;1540;494;4;1536
494;4;1562;494;4;1564
494;4;1564;494;4;1562
494;4;511;494;4;1326
494;4;1326;494;4;511
494;4;1009;494;4;1264
494;4;1264;494;4;1009
494;4;1136;494;4;1169
494;4;1169;494;4;1136
494;4;1145;494;4;1170
494;4;1170;494;4;1145
494;4;640;494;4;1173
494;4;1173;494;4;640
494;4;2602;494;4;2604
494;4;2604;494;4;2602
494;4;856;494;4;1011
494;4;1011;494;4;856
494;4;696;494;4;1012
494;4;1012;494;4;696
494;4;955;494;4;1014
494;4;1014;494;4;955
494;4;717;494;4;1015
494;4;1015;494;4;717
494;4;644;494;4;983
494;4;983;494;4;644
494;4;972;494;4;984
494;4;984;494;4;972
494;4;897;494;4;1231
494;4;1231;494;4;897
494;4;633;494;4;723
494;4;723;494;4;2561
494;4;2561;494;4;633
494;4;711;494;4;951
494;4;951;494;4;711
494;4;634;494;4;1238
494;4;1238;494;4;634
494;4;896;494;4;930
494;4;930;494;4;896
494;4;630;494;4;703
494;4;703;494;4;705
494;4;705;494;4;630
494;4;706;494;4;948
494;4;948;494;4;706
494;4;697;494;4;857
494;4;857;494;4;697
494;4;604;494;4;876
494;4;876;494;4;604
494;4;605;494;4;861
494;4;861;494;4;605
494;4;606;494;4;1162
494;4;1162;494;4;606
494;4;600;494;4;607
494;4;607;494;4;600
494;4;645;494;4;1116
494;4;1116;494;4;1124
494;4;1124;494;4;645
494;4;973;494;4;1117
494;4;1117;494;4;973
494;4;1118;494;4;1176
494;4;1176;494;4;1118
494;4;2584;494;4;2590
494;4;2590;494;4;2584
494;4;1123;494;4;1183
494;4;1183;494;4;1123
494;4;1528;494;4;1530
494;4;1530;494;4;1528
494;4;398;494;4;400
494;4;400;494;4;398
494;4;1524;494;4;1526
494;4;1526;494;4;1524
494;4;1512;494;4;1514
494;4;1514;494;4;1512
494;4;1161;494;4;1247
494;4;1247;494;4;1161
494;4;870;494;4;1166
494;4;1166;494;4;870
494;4;545;494;4;974
494;4;974;494;4;545
494;4;555;494;4;1142
494;4;1142;494;4;555
494;4;624;494;4;1037
494;4;1037;494;4;1039
494;4;1039;494;4;624
494;4;1616;494;4;1618
494;4;1618;494;4;1616
494;4;1614;494;4;1620
494;4;1620;494;4;1614
494;4;875;494;4;1245
494;4;1245;494;4;875
494;4;871;494;4;2606
494;4;2606;494;4;871
494;4;394;494;4;396
494;4;396;494;4;394
494;4;629;494;4;895
494;4;895;494;4;629
494;4;1040;494;4;1223
494;4;1223;494;4;1040
494;4;950;494;4;959
494;4;959;494;4;950
494;4;632;494;4;958
494;4;958;494;4;2565
494;4;2565;494;4;632
494;4;1571;494;4;2624
494;4;2624;494;4;2667
494;4;2667;494;4;1571
494;4;1328;494;4;1436
494;4;1436;494;4;1328
494;4;599;494;4;1248
494;4;1248;494;4;599
494;4;1182;494;4;1189
494;4;1189;494;4;1182
494;4;550;494;4;2644
494;4;2644;494;4;2646
494;4;2646;494;4;2665
494;4;2665;494;4;550
494;4;544;494;4;560
494;4;560;494;4;647
494;4;647;494;4;544
494;4;547;494;4;2660
494;4;2660;494;4;547
494;4;1600;494;4;1608
494;4;1608;494;4;1600
494;4;559;494;4;1184
494;4;1184;494;4;559
494;4;621;494;4;982
494;4;982;494;4;621
494;4;860;494;4;1246
494;4;1246;494;4;860
494;4;24091;494;4;48056
494;4;48056;494;4;24091
494;4;24094;494;4;30073
494;4;30073;494;4;24094
494;4;30082;494;4;51052
494;4;51052;494;4;30082
494;4;18060;494;4;51065
494;4;51065;494;4;18060
494;4;12063;494;4;18067
494;4;18067;494;4;12063
494;4;36059;494;4;36071
494;4;36071;494;4;36059
494;4;6116;494;4;36079
494;4;36079;494;4;6116
494;4;36058;494;4;36062
494;4;36062;494;4;36058
494;4;2583;494;4;2677
494;4;2677;494;4;2583
494;4;7080;494;4;7171
494;4;7171;494;4;7080
