CID;TABCD;LCD;NEG_OFF_LCD;POS_OFF_LCD
494;4;6416;;6417
494;4;6417;6416;6418
494;4;6418;6417;6419
494;4;6419;6418;6420
494;4;6420;6419;6421
494;4;6421;6420;
494;4;1270;;1271
494;4;1271;1270;1272
494;4;1272;1271;1273
494;4;1273;1272;1274
494;4;1274;1273;1275
494;4;1275;1274;1276
494;4;1276;1275;425
494;4;425;1276;1508
494;4;1508;425;427
494;4;427;1508;
494;4;1315;;1316
494;4;1316;1315;1417
494;4;1417;1316;1317
494;4;1317;1417;1318
494;4;1318;1317;1307
494;4;1307;1318;1287
494;4;1287;1307;
494;4;2628;;2629
494;4;2629;2628;
494;4;1313;;1314
494;4;1314;1313;2627
494;4;2627;1314;
494;4;413;;414
494;4;414;413;415
494;4;415;414;416
494;4;416;415;417
494;4;417;416;418
494;4;418;417;419
494;4;419;418;420
494;4;420;419;421
494;4;421;420;422
494;4;422;421;850
494;4;850;422;423
494;4;423;850;1311
494;4;1311;423;
494;4;576;;577
494;4;577;576;578
494;4;578;577;579
494;4;579;578;580
494;4;580;579;581
494;4;581;580;582
494;4;582;581;
494;4;2521;;839
494;4;839;2521;503
494;4;503;839;1399
494;4;1399;503;510
494;4;510;1399;1321
494;4;1321;510;2576
494;4;2576;1321;
494;4;673;;674
494;4;674;673;675
494;4;675;674;676
494;4;676;675;677
494;4;677;676;678
494;4;678;677;679
494;4;679;678;680
494;4;680;679;681
494;4;681;680;682
494;4;682;681;1401
494;4;1401;682;
494;4;685;;686
494;4;686;685;687
494;4;687;686;688
494;4;688;687;689
494;4;689;688;690
494;4;690;689;691
494;4;691;690;692
494;4;692;691;693
494;4;693;692;
494;4;6218;;
494;4;6214;;
494;4;6210;;
494;4;785;;786
494;4;786;785;790
494;4;790;786;791
494;4;791;790;
494;4;6982;;6983
494;4;6983;6982;6984
494;4;6984;6983;6985
494;4;6985;6984;
494;4;7122;;6472
494;4;6472;7122;6473
494;4;6473;6472;6476
494;4;6476;6473;6477
494;4;6477;6476;6478
494;4;6478;6477;6481
494;4;6481;6478;7123
494;4;7123;6481;
494;4;6463;;6464
494;4;6464;6463;6465
494;4;6465;6464;6466
494;4;6466;6465;6469
494;4;6469;6466;6470
494;4;6470;6469;7121
494;4;7121;6470;
494;4;6652;;6653
494;4;6653;6652;6654
494;4;6654;6653;6655
494;4;6655;6654;
494;4;819;;830
494;4;830;819;832
494;4;832;830;
494;4;1625;;824
494;4;824;1625;827
494;4;827;824;
494;4;6222;;
494;4;6226;;
494;4;6407;;6408
494;4;6408;6407;6409
494;4;6409;6408;6410
494;4;6410;6409;6411
494;4;6411;6410;
494;4;6412;;6413
494;4;6413;6412;6414
494;4;6414;6413;
494;4;6052;;6202
494;4;6202;6052;6203
494;4;6203;6202;6106
494;4;6106;6203;6204
494;4;6204;6106;6205
494;4;6205;6204;6206
494;4;6206;6205;6102
494;4;6102;6206;6103
494;4;6103;6102;6107
494;4;6107;6103;6113
494;4;6113;6107;6114
494;4;6114;6113;6115
494;4;6115;6114;6116
494;4;6116;6115;
494;4;6910;;6911
494;4;6911;6910;6912
494;4;6912;6911;6913
494;4;6913;6912;6914
494;4;6914;6913;
494;4;6957;;6958
494;4;6958;6957;
494;4;6943;;6944
494;4;6944;6943;6945
494;4;6945;6944;6946
494;4;6946;6945;6947
494;4;6947;6946;
494;4;6906;;6907
494;4;6907;6906;7129
494;4;7129;6907;
494;4;6951;;7017
494;4;7017;6951;6952
494;4;6952;7017;7025
494;4;7025;6952;
494;4;7024;;6954
494;4;6954;7024;6955
494;4;6955;6954;6430
494;4;6430;6955;6431
494;4;6431;6430;6432
494;4;6432;6431;7151
494;4;7151;6432;
494;4;6405;;6425
494;4;6425;6405;6426
494;4;6426;6425;6427
494;4;6427;6426;6428
494;4;6428;6427;7055
494;4;7055;6428;
494;4;6458;;6459
494;4;6459;6458;7171
494;4;7171;6459;
494;4;6093;;6094
494;4;6094;6093;6095
494;4;6095;6094;6096
494;4;6096;6095;6105
494;4;6105;6096;6097
494;4;6097;6105;6098
494;4;6098;6097;6099
494;4;6099;6098;
494;4;1277;;1278
494;4;1278;1277;1279
494;4;1279;1278;1280
494;4;1280;1279;1281
494;4;1281;1280;
494;4;448;;449
494;4;449;448;450
494;4;450;449;1418
494;4;1418;450;1285
494;4;1285;1418;1286
494;4;1286;1285;1288
494;4;1288;1286;1289
494;4;1289;1288;1290
494;4;1290;1289;1291
494;4;1291;1290;1292
494;4;1292;1291;1293
494;4;1293;1292;1294
494;4;1294;1293;1295
494;4;1295;1294;1296
494;4;1296;1295;1297
494;4;1297;1296;
494;4;2630;;501
494;4;501;2630;402
494;4;402;501;403
494;4;403;402;404
494;4;404;403;405
494;4;405;404;406
494;4;406;405;407
494;4;407;406;408
494;4;408;407;409
494;4;409;408;410
494;4;410;409;411
494;4;411;410;443
494;4;443;411;444
494;4;444;443;445
494;4;445;444;446
494;4;446;445;447
494;4;447;446;2649
494;4;2649;447;
494;4;2517;;1283
494;4;1283;2517;1284
494;4;1284;1283;438
494;4;438;1284;440
494;4;440;438;439
494;4;439;440;
494;4;2515;;1282
494;4;1282;2515;
494;4;745;;746
494;4;746;745;747
494;4;747;746;
494;4;7107;;7108
494;4;7108;7107;7109
494;4;7109;7108;
494;4;1300;;1301
494;4;1301;1300;1302
494;4;1302;1301;1303
494;4;1303;1302;1304
494;4;1304;1303;1305
494;4;1305;1304;1306
494;4;1306;1305;1308
494;4;1308;1306;1309
494;4;1309;1308;435
494;4;435;1309;1403
494;4;1403;435;434
494;4;434;1403;2651
494;4;2651;434;
494;4;2512;;428
494;4;428;2512;770
494;4;770;428;2635
494;4;2635;770;
494;4;1251;;1252
494;4;1252;1251;1253
494;4;1253;1252;1254
494;4;1254;1253;1255
494;4;1255;1254;1256
494;4;1256;1255;
494;4;2520;;479
494;4;479;2520;480
494;4;480;479;481
494;4;481;480;1432
494;4;1432;481;
494;4;1421;;477
494;4;477;1421;1402
494;4;1402;477;2519
494;4;2519;1402;
494;4;2613;;2614
494;4;2614;2613;
494;4;838;;837
494;4;837;838;836
494;4;836;837;
494;4;2568;;2653
494;4;2653;2568;2569
494;4;2569;2653;2570
494;4;2570;2569;2655
494;4;2655;2570;
494;4;489;;490
494;4;490;489;
494;4;7020;;7021
494;4;7021;7020;
494;4;762;;763
494;4;763;762;764
494;4;764;763;765
494;4;765;764;766
494;4;766;765;767
494;4;767;766;768
494;4;768;767;769
494;4;769;768;
494;4;1380;;1381
494;4;1381;1380;1382
494;4;1382;1381;1383
494;4;1383;1382;
494;4;452;;453
494;4;453;452;454
494;4;454;453;455
494;4;455;454;456
494;4;456;455;457
494;4;457;456;1320
494;4;1320;457;
494;4;1369;;1370
494;4;1370;1369;
494;4;515;;516
494;4;516;515;517
494;4;517;516;518
494;4;518;517;519
494;4;519;518;520
494;4;520;519;521
494;4;521;520;522
494;4;522;521;523
494;4;523;522;525
494;4;525;523;526
494;4;526;525;527
494;4;527;526;528
494;4;528;527;529
494;4;529;528;530
494;4;530;529;531
494;4;531;530;
494;4;533;;534
494;4;534;533;535
494;4;535;534;536
494;4;536;535;537
494;4;537;536;538
494;4;538;537;539
494;4;539;538;540
494;4;540;539;541
494;4;541;540;542
494;4;542;541;
494;4;6499;;6500
494;4;6500;6499;
494;4;6501;;6502
494;4;6502;6501;6503
494;4;6503;6502;6504
494;4;6504;6503;
494;4;6238;;
494;4;6234;;
494;4;6230;;
494;4;2522;;1426
494;4;1426;2522;460
494;4;460;1426;461
494;4;461;460;462
494;4;462;461;463
494;4;463;462;
494;4;6434;;6435
494;4;6435;6434;6436
494;4;6436;6435;
494;4;6242;;
494;4;6246;;
494;4;6546;;6547
494;4;6547;6546;6548
494;4;6548;6547;6549
494;4;6549;6548;6550
494;4;6550;6549;6551
494;4;6551;6550;6552
494;4;6552;6551;
494;4;6789;;6790
494;4;6790;6789;6791
494;4;6791;6790;6792
494;4;6792;6791;6793
494;4;6793;6792;6794
494;4;6794;6793;6795
494;4;6795;6794;6796
494;4;6796;6795;7156
494;4;7156;6796;
494;4;6863;;6864
494;4;6864;6863;6865
494;4;6865;6864;6866
494;4;6866;6865;6867
494;4;6867;6866;6868
494;4;6868;6867;6869
494;4;6869;6868;6870
494;4;6870;6869;6871
494;4;6871;6870;6872
494;4;6872;6871;
494;4;6852;;6853
494;4;6853;6852;6854
494;4;6854;6853;6855
494;4;6855;6854;6856
494;4;6856;6855;6857
494;4;6857;6856;6858
494;4;6858;6857;6859
494;4;6859;6858;6860
494;4;6860;6859;6861
494;4;6861;6860;
494;4;1621;;793
494;4;793;1621;794
494;4;794;793;795
494;4;795;794;796
494;4;796;795;797
494;4;797;796;
494;4;778;;780
494;4;780;778;781
494;4;781;780;
494;4;7010;;7148
494;4;7148;7010;7011
494;4;7011;7148;
494;4;483;;484
494;4;484;483;
494;4;2528;;849
494;4;849;2528;851
494;4;851;849;2529
494;4;2529;851;852
494;4;852;2529;
494;4;1324;;842
494;4;842;1324;1422
494;4;1422;842;843
494;4;843;1422;844
494;4;844;843;845
494;4;845;844;846
494;4;846;845;847
494;4;847;846;848
494;4;848;847;2526
494;4;2526;848;
494;4;465;;466
494;4;466;465;467
494;4;467;466;1420
494;4;1420;467;473
494;4;473;1420;474
494;4;474;473;475
494;4;475;474;
494;4;2622;;616
494;4;616;2622;617
494;4;617;616;618
494;4;618;617;619
494;4;619;618;
494;4;1430;;1431
494;4;1431;1430;
494;4;2574;;2575
494;4;2575;2574;
494;4;1438;;1439
494;4;1439;1438;2523
494;4;2523;1439;1440
494;4;1440;2523;
494;4;6770;;6771
494;4;6771;6770;6772
494;4;6772;6771;6773
494;4;6773;6772;6774
494;4;6774;6773;6775
494;4;6775;6774;6776
494;4;6776;6775;
494;4;2557;;506
494;4;506;2557;507
494;4;507;506;508
494;4;508;507;2556
494;4;2556;508;
494;4;1094;;1095
494;4;1095;1094;1096
494;4;1096;1095;1097
494;4;1097;1096;1098
494;4;1098;1097;
494;4;6597;;6598
494;4;6598;6597;6599
494;4;6599;6598;
494;4;2648;;2609
494;4;2609;2648;2610
494;4;2610;2609;2611
494;4;2611;2610;
494;4;1083;;1084
494;4;1084;1083;1085
494;4;1085;1084;
494;4;274;;
494;4;290;;
494;4;270;;
494;4;242;;
494;4;250;;
494;4;278;;
494;4;262;;
494;4;266;;
494;4;286;;
494;4;258;;
494;4;282;;
494;4;240;;
494;4;2524;;2525
494;4;2525;2524;1474
494;4;1474;2525;1475
494;4;1475;1474;1476
494;4;1476;1475;1477
494;4;1477;1476;
494;4;252;;
494;4;232;;
494;4;224;;
494;4;202;;
494;4;228;;
494;4;238;;
494;4;210;;
494;4;206;;
494;4;1586;;
494;4;1590;;
494;4;1582;;
494;4;1584;;
494;4;1588;;
494;4;1463;;1464
494;4;1464;1463;1465
494;4;1465;1464;1466
494;4;1466;1465;1467
494;4;1467;1466;1468
494;4;1468;1467;1469
494;4;1469;1468;1470
494;4;1470;1469;
494;4;222;;
494;4;1592;;
494;4;1596;;
494;4;1594;;
494;4;6577;;6578
494;4;6578;6577;6582
494;4;6582;6578;6583
494;4;6583;6582;6584
494;4;6584;6583;6587
494;4;6587;6584;
494;4;1080;;1081
494;4;1081;1080;
494;4;6448;;6449
494;4;6449;6448;6450
494;4;6450;6449;6451
494;4;6451;6450;6452
494;4;6452;6451;6453
494;4;6453;6452;
494;4;1077;;1078
494;4;1078;1077;
494;4;6438;;6439
494;4;6439;6438;6440
494;4;6440;6439;6441
494;4;6441;6440;6442
494;4;6442;6441;6443
494;4;6443;6442;6444
494;4;6444;6443;6445
494;4;6445;6444;6446
494;4;6446;6445;
494;4;6520;;6521
494;4;6521;6520;6522
494;4;6522;6521;6525
494;4;6525;6522;7149
494;4;7149;6525;
494;4;1330;;1331
494;4;1331;1330;
494;4;1424;;1029
494;4;1029;1424;1406
494;4;1406;1029;
494;4;1030;;1031
494;4;1031;1030;1032
494;4;1032;1031;
494;4;276;;
494;4;6708;;6709
494;4;6709;6708;6710
494;4;6710;6709;
494;4;7057;;7058
494;4;7058;7057;7093
494;4;7093;7058;7059
494;4;7059;7093;
494;4;6707;;7141
494;4;7141;6707;
494;4;598;;599
494;4;599;598;600
494;4;600;599;601
494;4;601;600;602
494;4;602;601;2605
494;4;2605;602;2606
494;4;2606;2605;2607
494;4;2607;2606;
494;4;6487;;6488
494;4;6488;6487;7167
494;4;7167;6488;6489
494;4;6489;7167;6490
494;4;6490;6489;6491
494;4;6491;6490;6492
494;4;6492;6491;6493
494;4;6493;6492;6494
494;4;6494;6493;6495
494;4;6495;6494;
494;4;1188;;1189
494;4;1189;1188;
494;4;6216;;
494;4;6212;;
494;4;6220;;
494;4;6224;;
494;4;6236;;
494;4;6240;;
494;4;6244;;
494;4;6256;;
494;4;6260;;
494;4;36062;;36063
494;4;36063;36062;36064
494;4;36064;36063;36065
494;4;36065;36064;36066
494;4;36066;36065;36067
494;4;36067;36066;36068
494;4;36068;36067;36069
494;4;36069;36068;
494;4;36071;;36072
494;4;36072;36071;36073
494;4;36073;36072;36074
494;4;36074;36073;36075
494;4;36075;36074;36076
494;4;36076;36075;36077
494;4;36077;36076;36078
494;4;36078;36077;36079
494;4;36079;36078;
494;4;6232;;
494;4;6252;;
494;4;6264;;
494;4;6208;;
494;4;6228;;
494;4;6248;;
494;4;7146;;7147
494;4;7147;7146;
494;4;1039;;1040
494;4;1040;1039;1041
494;4;1041;1040;1042
494;4;1042;1041;
494;4;6713;;6714
494;4;6714;6713;6715
494;4;6715;6714;
494;4;7084;;7085
494;4;7085;7084;7086
494;4;7086;7085;
494;4;7089;;6712
494;4;6712;7089;7090
494;4;7090;6712;
494;4;1178;;1179
494;4;1179;1178;
494;4;2677;;1088
494;4;1088;2677;1089
494;4;1089;1088;
494;4;7029;;6895
494;4;6895;7029;6896
494;4;6896;6895;6897
494;4;6897;6896;
494;4;1130;;1131
494;4;1131;1130;1132
494;4;1132;1131;1133
494;4;1133;1132;1134
494;4;1134;1133;
494;4;1610;;
494;4;6899;;6900
494;4;6900;6899;
494;4;24091;;24092
494;4;24092;24091;24093
494;4;24093;24092;24094
494;4;24094;24093;
494;4;30073;;30074
494;4;30074;30073;30075
494;4;30075;30074;30076
494;4;30076;30075;30077
494;4;30077;30076;30078
494;4;30078;30077;30079
494;4;30079;30078;30080
494;4;30080;30079;30081
494;4;30081;30080;30082
494;4;30082;30081;
494;4;36052;;36053
494;4;36053;36052;36054
494;4;36054;36053;36055
494;4;36055;36054;36056
494;4;36056;36055;36059
494;4;36059;36056;36057
494;4;36057;36059;36058
494;4;36058;36057;
494;4;12063;;12064
494;4;12064;12063;12065
494;4;12065;12064;12066
494;4;12066;12065;12067
494;4;12067;12066;12068
494;4;12068;12067;12069
494;4;12069;12068;12070
494;4;12070;12069;12071
494;4;12071;12070;12072
494;4;12072;12071;
494;4;51052;;51053
494;4;51053;51052;51054
494;4;51054;51053;51055
494;4;51055;51054;51056
494;4;51056;51055;51057
494;4;51057;51056;51058
494;4;51058;51057;51059
494;4;51059;51058;51060
494;4;51060;51059;51061
494;4;51061;51060;51062
494;4;51062;51061;51063
494;4;51063;51062;51064
494;4;51064;51063;51065
494;4;51065;51064;
494;4;48052;;48053
494;4;48053;48052;48054
494;4;48054;48053;48055
494;4;48055;48054;48056
494;4;48056;48055;
494;4;18060;;18061
494;4;18061;18060;18062
494;4;18062;18061;18063
494;4;18063;18062;18064
494;4;18064;18063;18065
494;4;18065;18064;18066
494;4;18066;18065;18067
494;4;18067;18066;
494;4;1191;;1192
494;4;1192;1191;
494;4;7033;;6803
494;4;6803;7033;6804
494;4;6804;6803;7031
494;4;7031;6804;7060
494;4;7060;7031;7032
494;4;7032;7060;
494;4;6798;;6799
494;4;6799;6798;6800
494;4;6800;6799;6801
494;4;6801;6800;6802
494;4;6802;6801;
494;4;6733;;6734
494;4;6734;6733;6737
494;4;6737;6734;
494;4;6894;;7028
494;4;7028;6894;
494;4;7064;;6732
494;4;6732;7064;7120
494;4;7120;6732;
494;4;925;;926
494;4;926;925;
494;4;296;;
494;4;1580;;
494;4;302;;
494;4;292;;
494;4;1504;;1505
494;4;1505;1504;1506
494;4;1506;1505;1507
494;4;1507;1506;
494;4;314;;
494;4;318;;
494;4;320;;
494;4;324;;
494;4;310;;
494;4;308;;
494;4;773;;774
494;4;774;773;760
494;4;760;774;776
494;4;776;760;798
494;4;798;776;
494;4;1558;;
494;4;304;;
494;4;1496;;1497
494;4;1497;1496;1498
494;4;1498;1497;1499
494;4;1499;1498;1500
494;4;1500;1499;1501
494;4;1501;1500;1502
494;4;1502;1501;
494;4;312;;
494;4;991;;992
494;4;992;991;993
494;4;993;992;994
494;4;994;993;995
494;4;995;994;996
494;4;996;995;997
494;4;997;996;998
494;4;998;997;999
494;4;999;998;1000
494;4;1000;999;
494;4;1219;;1220
494;4;1220;1219;
494;4;6754;;6755
494;4;6755;6754;6756
494;4;6756;6755;
494;4;1195;;1196
494;4;1196;1195;1197
494;4;1197;1196;
494;4;1199;;1200
494;4;1200;1199;1201
494;4;1201;1200;1202
494;4;1202;1201;
494;4;6667;;6668
494;4;6668;6667;6669
494;4;6669;6668;
494;4;914;;915
494;4;915;914;916
494;4;916;915;917
494;4;917;916;1180
494;4;1180;917;1433
494;4;1433;1180;919
494;4;919;1433;920
494;4;920;919;
494;4;6987;;6988
494;4;6988;6987;6989
494;4;6989;6988;6990
494;4;6990;6989;
494;4;6455;;6456
494;4;6456;6455;
494;4;1333;;1334
494;4;1334;1333;
494;4;2552;;1443
494;4;1443;2552;
494;4;280;;
494;4;1151;;1152
494;4;1152;1151;1153
494;4;1153;1152;1154
494;4;1154;1153;1155
494;4;1155;1154;1156
494;4;1156;1155;1157
494;4;1157;1156;1158
494;4;1158;1157;
494;4;2578;;2579
494;4;2579;2578;
494;4;978;;979
494;4;979;978;
494;4;963;;1268
494;4;1268;963;964
494;4;964;1268;965
494;4;965;964;966
494;4;966;965;967
494;4;967;966;968
494;4;968;967;
494;4;7035;;7036
494;4;7036;7035;7037
494;4;7037;7036;7038
494;4;7038;7037;
494;4;6517;;6518
494;4;6518;6517;
494;4;6778;;6779
494;4;6779;6778;6780
494;4;6780;6779;6781
494;4;6781;6780;6782
494;4;6782;6781;
494;4;883;;884
494;4;884;883;885
494;4;885;884;886
494;4;886;885;
494;4;1534;;
494;4;7135;;6630
494;4;6630;7135;6631
494;4;6631;6630;
494;4;6623;;6624
494;4;6624;6623;6625
494;4;6625;6624;6626
494;4;6626;6625;6627
494;4;6627;6626;6628
494;4;6628;6627;6629
494;4;6629;6628;
494;4;6538;;6539
494;4;6539;6538;6540
494;4;6540;6539;
494;4;7100;;7101
494;4;7101;7100;
494;4;1100;;1101
494;4;1101;1100;1102
494;4;1102;1101;1103
494;4;1103;1102;
494;4;298;;
494;4;294;;
494;4;1542;;
494;4;493;;494
494;4;494;493;495
494;4;495;494;496
494;4;496;495;497
494;4;497;496;498
494;4;498;497;2631
494;4;2631;498;2632
494;4;2632;2631;2633
494;4;2633;2632;
494;4;6992;;6993
494;4;6993;6992;6994
494;4;6994;6993;
494;4;6967;;6968
494;4;6968;6967;6969
494;4;6969;6968;6970
494;4;6970;6969;6971
494;4;6971;6970;6972
494;4;6972;6971;
494;4;6960;;6961
494;4;6961;6960;6962
494;4;6962;6961;6963
494;4;6963;6962;6964
494;4;6964;6963;6965
494;4;6965;6964;
494;4;6978;;6979
494;4;6979;6978;6980
494;4;6980;6979;
494;4;1377;;1378
494;4;1378;1377;
494;4;376;;
494;4;392;;
494;4;226;;
494;4;220;;
494;4;1044;;1045
494;4;1045;1044;1046
494;4;1046;1045;1063
494;4;1063;1046;
494;4;6564;;7172
494;4;7172;6564;
494;4;1366;;1367
494;4;1367;1366;
494;4;2544;;2545
494;4;2545;2544;2546
494;4;2546;2545;2547
494;4;2547;2546;
494;4;2550;;2551
494;4;2551;2550;
494;4;1359;;1360
494;4;1360;1359;1361
494;4;1361;1360;
494;4;7039;;6836
494;4;6836;7039;6839
494;4;6839;6836;6840
494;4;6840;6839;6841
494;4;6841;6840;6842
494;4;6842;6841;6843
494;4;6843;6842;6844
494;4;6844;6843;6845
494;4;6845;6844;6846
494;4;6846;6845;6847
494;4;6847;6846;6848
494;4;6848;6847;7112
494;4;7112;6848;
494;4;6833;;6834
494;4;6834;6833;6835
494;4;6835;6834;
494;4;316;;
494;4;659;;660
494;4;660;659;661
494;4;661;660;662
494;4;662;661;665
494;4;665;662;667
494;4;667;665;669
494;4;669;667;671
494;4;671;669;
494;4;2531;;1261
494;4;1261;2531;2532
494;4;2532;1261;2533
494;4;2533;2532;2534
494;4;2534;2533;2535
494;4;2535;2534;2536
494;4;2536;2535;2537
494;4;2537;2536;2538
494;4;2538;2537;2539
494;4;2539;2538;2540
494;4;2540;2539;2541
494;4;2541;2540;2542
494;4;2542;2541;
494;4;1518;;
494;4;1509;;880
494;4;880;1509;1425
494;4;1425;880;649
494;4;649;1425;650
494;4;650;649;653
494;4;653;650;656
494;4;656;653;657
494;4;657;656;
494;4;1258;;1259
494;4;1259;1258;1260
494;4;1260;1259;
494;4;1204;;1205
494;4;1205;1204;1206
494;4;1206;1205;1207
494;4;1207;1206;1208
494;4;1208;1207;1209
494;4;1209;1208;1210
494;4;1210;1209;1211
494;4;1211;1210;1212
494;4;1212;1211;1213
494;4;1213;1212;1351
494;4;1351;1213;
494;4;1578;;
494;4;933;;934
494;4;934;933;935
494;4;935;934;936
494;4;936;935;937
494;4;937;936;938
494;4;938;937;939
494;4;939;938;940
494;4;940;939;941
494;4;941;940;942
494;4;942;941;943
494;4;943;942;944
494;4;944;943;945
494;4;945;944;
494;4;7124;;6482
494;4;6482;7124;6483
494;4;6483;6482;6484
494;4;6484;6483;6485
494;4;6485;6484;
494;4;6506;;6507
494;4;6507;6506;6508
494;4;6508;6507;
494;4;6602;;7018
494;4;7018;6602;6603
494;4;6603;7018;
494;4;2554;;591
494;4;591;2554;592
494;4;592;591;593
494;4;593;592;594
494;4;594;593;595
494;4;595;594;596
494;4;596;595;
494;4;111;;119
494;4;119;111;67
494;4;67;119;68
494;4;68;67;69
494;4;69;68;72
494;4;72;69;73
494;4;73;72;117
494;4;117;73;74
494;4;74;117;75
494;4;75;74;76
494;4;76;75;77
494;4;77;76;78
494;4;78;77;
494;4;6554;;6555
494;4;6555;6554;6556
494;4;6556;6555;6557
494;4;6557;6556;
494;4;584;;585
494;4;585;584;586
494;4;586;585;587
494;4;587;586;588
494;4;588;587;
494;4;6883;;6884
494;4;6884;6883;6885
494;4;6885;6884;6886
494;4;6886;6885;6887
494;4;6887;6886;7131
494;4;7131;6887;
494;4;6258;;
494;4;6254;;
494;4;6250;;
494;4;6262;;
494;4;6266;;
494;4;1522;;
494;4;264;;
494;4;734;;735
494;4;735;734;736
494;4;736;735;737
494;4;737;736;738
494;4;738;737;739
494;4;739;738;2618
494;4;2618;739;
494;4;272;;
494;4;6689;;6690
494;4;6690;6689;6691
494;4;6691;6690;6692
494;4;6692;6691;6693
494;4;6693;6692;6694
494;4;6694;6693;
494;4;342;;
494;4;2596;;725
494;4;725;2596;726
494;4;726;725;727
494;4;727;726;728
494;4;728;727;729
494;4;729;728;730
494;4;730;729;731
494;4;731;730;732
494;4;732;731;
494;4;6764;;6765
494;4;6765;6764;6766
494;4;6766;6765;6767
494;4;6767;6766;7130
494;4;7130;6767;
494;4;562;;563
494;4;563;562;564
494;4;564;563;565
494;4;565;564;566
494;4;566;565;
494;4;6560;;6561
494;4;6561;6560;6562
494;4;6562;6561;
494;4;350;;
494;4;568;;569
494;4;569;568;570
494;4;570;569;571
494;4;571;570;572
494;4;572;571;573
494;4;573;572;574
494;4;574;573;625
494;4;625;574;
494;4;354;;
494;4;360;;
494;4;1024;;1025
494;4;1025;1024;1026
494;4;1026;1025;1027
494;4;1027;1026;1019
494;4;1019;1027;
494;4;364;;
494;4;366;;
494;4;1355;;1356
494;4;1356;1355;1357
494;4;1357;1356;
494;4;6916;;6917
494;4;6917;6916;6918
494;4;6918;6917;
494;4;1554;;
494;4;2673;;2560
494;4;2560;2673;1363
494;4;1363;2560;1364
494;4;1364;1363;
494;4;1065;;1066
494;4;1066;1065;
494;4;24052;;24053
494;4;24053;24052;24054
494;4;24054;24053;24055
494;4;24055;24054;24056
494;4;24056;24055;24057
494;4;24057;24056;24058
494;4;24058;24057;24059
494;4;24059;24058;24060
494;4;24060;24059;24061
494;4;24061;24060;24062
494;4;24062;24061;24063
494;4;24063;24062;24064
494;4;24064;24063;24065
494;4;24065;24064;24066
494;4;24066;24065;24067
494;4;24067;24066;
494;4;12052;;12053
494;4;12053;12052;12054
494;4;12054;12053;12055
494;4;12055;12054;12056
494;4;12056;12055;12057
494;4;12057;12056;12058
494;4;12058;12057;12059
494;4;12059;12058;12060
494;4;12060;12059;12061
494;4;12061;12060;
494;4;95;;83
494;4;83;95;84
494;4;84;83;85
494;4;85;84;86
494;4;86;85;58
494;4;58;86;59
494;4;59;58;60
494;4;60;59;61
494;4;61;60;62
494;4;62;61;63
494;4;63;62;106
494;4;106;63;80
494;4;80;106;81
494;4;81;80;82
494;4;82;81;
494;4;18052;;18053
494;4;18053;18052;18054
494;4;18054;18053;18055
494;4;18055;18054;18056
494;4;18056;18055;18057
494;4;18057;18056;18058
494;4;18058;18057;
494;4;42052;;42053
494;4;42053;42052;42054
494;4;42054;42053;42055
494;4;42055;42054;42056
494;4;42056;42055;42057
494;4;42057;42056;42058
494;4;42058;42057;42059
494;4;42059;42058;42060
494;4;42060;42059;42061
494;4;42061;42060;42062
494;4;42062;42061;
494;4;6072;;6073
494;4;6073;6072;6074
494;4;6074;6073;6075
494;4;6075;6074;6076
494;4;6076;6075;6077
494;4;6077;6076;6120
494;4;6120;6077;6078
494;4;6078;6120;6079
494;4;6079;6078;6080
494;4;6080;6079;6081
494;4;6081;6080;
494;4;6118;;6119
494;4;6119;6118;
494;4;30052;;30053
494;4;30053;30052;30054
494;4;30054;30053;30055
494;4;30055;30054;30056
494;4;30056;30055;30057
494;4;30057;30056;30058
494;4;30058;30057;30059
494;4;30059;30058;30071
494;4;30071;30059;30060
494;4;30060;30071;30061
494;4;30061;30060;30062
494;4;30062;30061;
494;4;24069;;24070
494;4;24070;24069;24071
494;4;24071;24070;24072
494;4;24072;24071;24073
494;4;24073;24072;24074
494;4;24074;24073;24075
494;4;24075;24074;24076
494;4;24076;24075;24077
494;4;24077;24076;24095
494;4;24095;24077;24078
494;4;24078;24095;24079
494;4;24079;24078;24080
494;4;24080;24079;24081
494;4;24081;24080;
494;4;65;;66
494;4;66;65;97
494;4;97;66;98
494;4;98;97;129
494;4;129;98;99
494;4;99;129;100
494;4;100;99;101
494;4;101;100;102
494;4;102;101;113
494;4;113;102;103
494;4;103;113;104
494;4;104;103;114
494;4;114;104;115
494;4;115;114;105
494;4;105;115;
494;4;7153;;7154
494;4;7154;7153;
494;4;1546;;
494;4;1105;;1106
494;4;1106;1105;
494;4;7001;;7002
494;4;7002;7001;7003
494;4;7003;7002;
494;4;7005;;7006
494;4;7006;7005;
494;4;1341;;1342
494;4;1342;1341;1343
494;4;1343;1342;
494;4;865;;866
494;4;866;865;867
494;4;867;866;868
494;4;868;867;
494;4;1550;;
494;4;1113;;1114
494;4;1114;1113;
494;4;24083;;24084
494;4;24084;24083;24085
494;4;24085;24084;24086
494;4;24086;24085;24089
494;4;24089;24086;24087
494;4;24087;24089;24088
494;4;24088;24087;
494;4;1048;;1049
494;4;1049;1048;1050
494;4;1050;1049;1051
494;4;1051;1050;1052
494;4;1052;1051;1053
494;4;1053;1052;
494;4;7069;;7070
494;4;7070;7069;7071
494;4;7071;7070;
494;4;6726;;6727
494;4;6727;6726;6728
494;4;6728;6727;6729
494;4;6729;6728;6730
494;4;6730;6729;
494;4;6743;;7066
494;4;7066;6743;
494;4;6741;;6742
494;4;6742;6741;7116
494;4;7116;6742;
494;4;6974;;6975
494;4;6975;6974;6976
494;4;6976;6975;
494;4;7155;;6739
494;4;6739;7155;6740
494;4;6740;6739;7115
494;4;7115;6740;
494;4;7053;;7054
494;4;7054;7053;
494;4;6933;;6934
494;4;6934;6933;6935
494;4;6935;6934;6936
494;4;6936;6935;6937
494;4;6937;6936;6938
494;4;6938;6937;6939
494;4;6939;6938;6940
494;4;6940;6939;6941
494;4;6941;6940;
494;4;6926;;6927
494;4;6927;6926;6928
494;4;6928;6927;6929
494;4;6929;6928;6930
494;4;6930;6929;6931
494;4;6931;6930;
494;4;1385;;1386
494;4;1386;1385;1387
494;4;1387;1386;
494;4;6678;;6679
494;4;6679;6678;6680
494;4;6680;6679;6681
494;4;6681;6680;6682
494;4;6682;6681;
494;4;1072;;1073
494;4;1073;1072;1074
494;4;1074;1073;1075
494;4;1075;1074;
494;4;340;;
494;4;352;;
494;4;358;;
494;4;334;;
494;4;336;;
494;4;344;;
494;4;328;;
494;4;346;;
494;4;806;;808
494;4;808;806;811
494;4;811;808;1622
494;4;1622;811;815
494;4;815;1622;816
494;4;816;815;
494;4;1484;;1485
494;4;1485;1484;1486
494;4;1486;1485;1487
494;4;1487;1486;1488
494;4;1488;1487;1489
494;4;1489;1488;1490
494;4;1490;1489;1491
494;4;1491;1490;1492
494;4;1492;1491;1493
494;4;1493;1492;1494
494;4;1494;1493;
494;4;1556;;
494;4;382;;
494;4;390;;
494;4;356;;
494;4;388;;
494;4;386;;
494;4;374;;
494;4;1626;;801
494;4;801;1626;803
494;4;803;801;804
494;4;804;803;805
494;4;805;804;
494;4;368;;
494;4;370;;
494;4;2562;;1479
494;4;1479;2562;1480
494;4;1480;1479;1481
494;4;1481;1480;1482
494;4;1482;1481;
494;4;362;;
494;4;378;;
494;4;6570;;6571
494;4;6571;6570;
494;4;1068;;1069
494;4;1069;1068;1070
494;4;1070;1069;
494;4;6614;;6615
494;4;6615;6614;6616
494;4;6616;6615;6617
494;4;6617;6616;6618
494;4;6618;6617;6619
494;4;6619;6618;6620
494;4;6620;6619;6621
494;4;6621;6620;7067
494;4;7067;6621;
494;4;6605;;6606
494;4;6606;6605;6607
494;4;6607;6606;6608
494;4;6608;6607;6609
494;4;6609;6608;6610
494;4;6610;6609;6611
494;4;6611;6610;6612
494;4;6612;6611;
494;4;234;;
494;4;749;;750
494;4;750;749;751
494;4;751;750;752
494;4;752;751;
494;4;754;;755
494;4;755;754;756
494;4;756;755;757
494;4;757;756;758
494;4;758;757;761
494;4;761;758;
494;4;6573;;6574
494;4;6574;6573;6575
494;4;6575;6574;
494;4;611;;612
494;4;612;611;613
494;4;613;612;614
494;4;614;613;
494;4;90;;118
494;4;118;90;91
494;4;91;118;92
494;4;92;91;93
494;4;93;92;94
494;4;94;93;52
494;4;52;94;53
494;4;53;52;54
494;4;54;53;55
494;4;55;54;56
494;4;56;55;87
494;4;87;56;88
494;4;88;87;89
494;4;89;88;
494;4;900;;901
494;4;901;900;902
494;4;902;901;903
494;4;903;902;904
494;4;904;903;905
494;4;905;904;906
494;4;906;905;907
494;4;907;906;908
494;4;908;907;909
494;4;909;908;910
494;4;910;909;
494;4;7133;;6888
494;4;6888;7133;
494;4;6751;;6752
494;4;6752;6751;
494;4;6748;;6749
494;4;6749;6748;6750
494;4;6750;6749;
494;4;6747;;7118
494;4;7118;6747;
494;4;108;;130
494;4;130;108;116
494;4;116;130;109
494;4;109;116;110
494;4;110;109;
494;4;7111;;6849
494;4;6849;7111;
494;4;6696;;6697
494;4;6697;6696;6568
494;4;6568;6697;
494;4;30064;;30065
494;4;30065;30064;30066
494;4;30066;30065;30067
494;4;30067;30066;30068
494;4;30068;30067;30069
494;4;30069;30068;30070
494;4;30070;30069;
494;4;236;;
494;4;244;;
494;4;230;;
494;4;248;;
494;4;254;;
494;4;246;;
494;4;2637;;2638
494;4;2638;2637;2639
494;4;2639;2638;2640
494;4;2640;2639;2641
494;4;2641;2640;
494;4;1396;;1397
494;4;1397;1396;
494;4;288;;
494;4;1393;;1394
494;4;1394;1393;
494;4;2656;;2571
494;4;2571;2656;2623
494;4;2623;2571;2572
494;4;2572;2623;
494;4;1057;;1058
494;4;1058;1057;
494;4;1059;;1060
494;4;1060;1059;
494;4;1389;;1390
494;4;1390;1389;1391
494;4;1391;1390;
494;4;2616;;2617
494;4;2617;2616;
494;4;1538;;
494;4;1564;;
494;4;509;;511
494;4;511;509;512
494;4;512;511;513
494;4;513;512;
494;4;2652;;433
494;4;433;2652;2598
494;4;2598;433;432
494;4;432;2598;
494;4;1263;;1264
494;4;1264;1263;741
494;4;741;1264;742
494;4;742;741;743
494;4;743;742;
494;4;384;;
494;4;1169;;1170
494;4;1170;1169;1171
494;4;1171;1170;1172
494;4;1172;1171;1173
494;4;1173;1172;
494;4;6920;;6921
494;4;6921;6920;
494;4;1374;;1375
494;4;1375;1374;
494;4;1126;;1127
494;4;1127;1126;1128
494;4;1128;1127;
494;4;1215;;1216
494;4;1216;1215;1217
494;4;1217;1216;
494;4;330;;
494;4;326;;
494;4;2600;;2601
494;4;2601;2600;2602
494;4;2602;2601;2603
494;4;2603;2602;
494;4;1576;;
494;4;1005;;1006
494;4;1006;1005;
494;4;2593;;2594
494;4;2594;2593;1007
494;4;1007;2594;1008
494;4;1008;1007;1009
494;4;1009;1008;1001
494;4;1001;1009;1010
494;4;1010;1001;1011
494;4;1011;1010;1012
494;4;1012;1011;1013
494;4;1013;1012;1014
494;4;1014;1013;1015
494;4;1015;1014;1016
494;4;1016;1015;
494;4;332;;
494;4;983;;984
494;4;984;983;985
494;4;985;984;986
494;4;986;985;987
494;4;987;986;988
494;4;988;987;989
494;4;989;988;
494;4;1229;;1230
494;4;1230;1229;1231
494;4;1231;1230;1232
494;4;1232;1231;
494;4;284;;
494;4;2561;;711
494;4;711;2561;712
494;4;712;711;713
494;4;713;712;714
494;4;714;713;
494;4;2604;;1234
494;4;1234;2604;1235
494;4;1235;1234;1236
494;4;1236;1235;1269
494;4;1269;1236;1237
494;4;1237;1269;1238
494;4;1238;1237;1352
494;4;1352;1238;1353
494;4;1353;1352;
494;4;716;;717
494;4;717;716;718
494;4;718;717;719
494;4;719;718;720
494;4;720;719;721
494;4;721;720;722
494;4;722;721;723
494;4;723;722;
494;4;1345;;1346
494;4;1346;1345;1347
494;4;1347;1346;1348
494;4;1348;1347;1349
494;4;1349;1348;1350
494;4;1350;1349;
494;4;928;;929
494;4;929;928;930
494;4;930;929;931
494;4;931;930;
494;4;7170;;6109
494;4;6109;7170;6110
494;4;6110;6109;6111
494;4;6111;6110;6112
494;4;6112;6111;
494;4;6083;;6084
494;4;6084;6083;6085
494;4;6085;6084;6086
494;4;6086;6085;6087
494;4;6087;6086;6088
494;4;6088;6087;6089
494;4;6089;6088;6090
494;4;6090;6089;6091
494;4;6091;6090;
494;4;7165;;7166
494;4;7166;7165;
494;4;6902;;6903
494;4;6903;6902;6904
494;4;6904;6903;
494;4;6053;;6054
494;4;6054;6053;6055
494;4;6055;6054;6056
494;4;6056;6055;6057
494;4;6057;6056;6058
494;4;6058;6057;
494;4;6758;;6759
494;4;6759;6758;6760
494;4;6760;6759;6761
494;4;6761;6760;
494;4;7150;;6510
494;4;6510;7150;6511
494;4;6511;6510;6512
494;4;6512;6511;6513
494;4;6513;6512;6514
494;4;6514;6513;6515
494;4;6515;6514;
494;4;260;;
494;4;705;;706
494;4;706;705;707
494;4;707;706;708
494;4;708;707;709
494;4;709;708;2619
494;4;2619;709;2620
494;4;2620;2619;2621
494;4;2621;2620;
494;4;268;;
494;4;6700;;6701
494;4;6701;6700;6702
494;4;6702;6701;
494;4;338;;
494;4;695;;696
494;4;696;695;697
494;4;697;696;698
494;4;698;697;699
494;4;699;698;700
494;4;700;699;701
494;4;701;700;702
494;4;702;701;703
494;4;703;702;
494;4;604;;605
494;4;605;604;606
494;4;606;605;607
494;4;607;606;608
494;4;608;607;609
494;4;609;608;
494;4;7075;;7076
494;4;7076;7075;7077
494;4;7077;7076;7078
494;4;7078;7077;
494;4;1116;;1117
494;4;1117;1116;1118
494;4;1118;1117;
494;4;2584;;2585
494;4;2585;2584;1120
494;4;1120;2585;1121
494;4;1121;1120;1122
494;4;1122;1121;1123
494;4;1123;1122;1124
494;4;1124;1123;
494;4;6821;;6822
494;4;6822;6821;6823
494;4;6823;6822;6824
494;4;6824;6823;6825
494;4;6825;6824;7168
494;4;7168;6825;6826
494;4;6826;7168;6827
494;4;6827;6826;6828
494;4;6828;6827;6829
494;4;6829;6828;6830
494;4;6830;6829;6831
494;4;6831;6830;
494;4;6817;;6818
494;4;6818;6817;6819
494;4;6819;6818;6820
494;4;6820;6819;7045
494;4;7045;6820;
494;4;7072;;7073
494;4;7073;7072;6528
494;4;6528;7073;6529
494;4;6529;6528;6530
494;4;6530;6529;6531
494;4;6531;6530;6532
494;4;6532;6531;
494;4;6874;;6875
494;4;6875;6874;6876
494;4;6876;6875;6877
494;4;6877;6876;6878
494;4;6878;6877;6879
494;4;6879;6878;6880
494;4;6880;6879;6881
494;4;6881;6880;
494;4;6923;;6924
494;4;6924;6923;
494;4;212;;
494;4;121;;122
494;4;122;121;123
494;4;123;122;124
494;4;124;123;125
494;4;125;124;126
494;4;126;125;127
494;4;127;126;128
494;4;128;127;
494;4;6593;;6594
494;4;6594;6593;6595
494;4;6595;6594;
494;4;922;;923
494;4;923;922;
494;4;6784;;6785
494;4;6785;6784;6786
494;4;6786;6785;6787
494;4;6787;6786;
494;4;1532;;
494;4;1536;;
494;4;1544;;
494;4;1548;;
494;4;1530;;
494;4;1562;;
494;4;1456;;1457
494;4;1457;1456;1458
494;4;1458;1457;1459
494;4;1459;1458;1460
494;4;1460;1459;1461
494;4;1461;1460;
494;4;1540;;
494;4;1552;;
494;4;1516;;
494;4;1520;;
494;4;398;;
494;4;400;;
494;4;1526;;
494;4;1512;;
494;4;1448;;1449
494;4;1449;1448;1450
494;4;1450;1449;1451
494;4;1451;1450;1452
494;4;1452;1451;1453
494;4;1453;1452;1454
494;4;1454;1453;
494;4;204;;
494;4;1108;;1109
494;4;1109;1108;1110
494;4;1110;1109;1111
494;4;1111;1110;
494;4;6657;;6658
494;4;6658;6657;6659
494;4;6659;6658;6660
494;4;6660;6659;6661
494;4;6661;6660;6662
494;4;6662;6661;6663
494;4;6663;6662;6664
494;4;6664;6663;6665
494;4;6665;6664;
494;4;6723;;6724
494;4;6724;6723;
494;4;1160;;1161
494;4;1161;1160;1162
494;4;1162;1161;1163
494;4;1163;1162;1164
494;4;1164;1163;1165
494;4;1165;1164;1166
494;4;1166;1165;1167
494;4;1167;1166;
494;4;7046;;7047
494;4;7047;7046;7048
494;4;7048;7047;7049
494;4;7049;7048;6684
494;4;6684;7049;6685
494;4;6685;6684;6686
494;4;6686;6685;
494;4;6642;;6643
494;4;6643;6642;6644
494;4;6644;6643;6645
494;4;6645;6644;6646
494;4;6646;6645;6647
494;4;6647;6646;6648
494;4;6648;6647;6649
494;4;6649;6648;6650
494;4;6650;6649;
494;4;6542;;6543
494;4;6543;6542;6544
494;4;6544;6543;
494;4;970;;971
494;4;971;970;972
494;4;972;971;973
494;4;973;972;974
494;4;974;973;975
494;4;975;974;976
494;4;976;975;
494;4;6633;;6634
494;4;6634;6633;6635
494;4;6635;6634;6636
494;4;6636;6635;6637
494;4;6637;6636;6638
494;4;6638;6637;6639
494;4;6639;6638;6640
494;4;6640;6639;
494;4;1145;;1409
494;4;1409;1145;
494;4;1146;;1147
494;4;1147;1146;1148
494;4;1148;1147;1149
494;4;1149;1148;
494;4;2587;;2588
494;4;2588;2587;2589
494;4;2589;2588;2590
494;4;2590;2589;2591
494;4;2591;2590;
494;4;1136;;1412
494;4;1412;1136;
494;4;1137;;1138
494;4;1138;1137;1139
494;4;1139;1138;1140
494;4;1140;1139;1141
494;4;1141;1140;1142
494;4;1142;1141;1143
494;4;1143;1142;
494;4;6580;;6581
494;4;6581;6580;
494;4;6589;;6590
494;4;6590;6589;6591
494;4;6591;6590;
494;4;7158;;7159
494;4;7159;7158;
494;4;1336;;1337
494;4;1337;1336;1338
494;4;1338;1337;1339
494;4;1339;1338;2583
494;4;2583;1339;
494;4;6671;;7169
494;4;7169;6671;6672
494;4;6672;7169;6673
494;4;6673;6672;6674
494;4;6674;6673;6675
494;4;6675;6674;6676
494;4;6676;6675;
494;4;2563;;1034
494;4;1034;2563;1035
494;4;1035;1034;1036
494;4;1036;1035;1037
494;4;1037;1036;
494;4;1616;;
494;4;1620;;
494;4;322;;
494;4;874;;875
494;4;875;874;876
494;4;876;875;877
494;4;877;876;
494;4;7041;;6815
494;4;6815;7041;7091
494;4;7091;6815;7092
494;4;7092;7091;
494;4;7096;;7097
494;4;7097;7096;7098
494;4;7098;7097;
494;4;6806;;6810
494;4;6810;6806;6811
494;4;6811;6810;6812
494;4;6812;6811;6813
494;4;6813;6812;6814
494;4;6814;6813;
494;4;6060;;6061
494;4;6061;6060;6062
494;4;6062;6061;6063
494;4;6063;6062;6064
494;4;6064;6063;6065
494;4;6065;6064;6066
494;4;6066;6065;6067
494;4;6067;6066;6068
494;4;6068;6067;6069
494;4;6069;6068;6070
494;4;6070;6069;
494;4;256;;
494;4;1091;;1092
494;4;1092;1091;
494;4;870;;871
494;4;871;870;872
494;4;872;871;
494;4;6996;;6997
494;4;6997;6996;6998
494;4;6998;6997;6999
494;4;6999;6998;
494;4;1175;;1176
494;4;1176;1175;
494;4;7163;;6534
494;4;6534;7163;6535
494;4;6535;6534;6536
494;4;6536;6535;
494;4;394;;
494;4;888;;889
494;4;889;888;890
494;4;890;889;891
494;4;891;890;892
494;4;892;891;893
494;4;893;892;894
494;4;894;893;895
494;4;895;894;896
494;4;896;895;897
494;4;897;896;898
494;4;898;897;
494;4;7051;;6720
494;4;6720;7051;6721
494;4;6721;6720;
494;4;306;;
494;4;1560;;
494;4;7062;;6717
494;4;6717;7062;6718
494;4;6718;6717;6719
494;4;6719;6718;
494;4;1524;;
494;4;348;;
494;4;1371;;1372
494;4;1372;1371;854
494;4;854;1372;855
494;4;855;854;856
494;4;856;855;857
494;4;857;856;
494;4;1222;;1223
494;4;1223;1222;1224
494;4;1224;1223;
494;4;6851;;7128
494;4;7128;6851;
494;4;7161;;7162
494;4;7162;7161;
494;4;948;;949
494;4;949;948;950
494;4;950;949;951
494;4;951;950;952
494;4;952;951;
494;4;2670;;2671
494;4;2671;2670;
494;4;7080;;7081
494;4;7081;7080;7082
494;4;7082;7081;
494;4;6890;;6891
494;4;6891;6890;6892
494;4;6892;6891;
494;4;2565;;959
494;4;959;2565;960
494;4;960;959;961
494;4;961;960;
494;4;1428;;954
494;4;954;1428;955
494;4;955;954;956
494;4;956;955;957
494;4;957;956;666
494;4;666;957;524
494;4;524;666;958
494;4;958;524;
494;4;1612;;
494;4;1571;;1572
494;4;1572;1571;1573
494;4;1573;1572;1574
494;4;1574;1573;
494;4;1614;;
494;4;1618;;
494;4;1435;;1436
494;4;1436;1435;
494;4;2643;;2644
494;4;2644;2643;
494;4;2646;;2647
494;4;2647;2646;
494;4;1514;;
494;4;2581;;2582
494;4;2582;2581;
494;4;1242;;1243
494;4;1243;1242;
494;4;1326;;1398
494;4;1398;1326;1327
494;4;1327;1398;1328
494;4;1328;1327;
494;4;218;;
494;4;208;;
494;4;1604;;
494;4;544;;545
494;4;545;544;546
494;4;546;545;547
494;4;547;546;549
494;4;549;547;550
494;4;550;549;2511
494;4;2511;550;2624
494;4;2624;2511;
494;4;1598;;
494;4;1600;;
494;4;1624;;
494;4;2658;;2659
494;4;2659;2658;2660
494;4;2660;2659;
494;4;2662;;2663
494;4;2663;2662;2664
494;4;2664;2663;2665
494;4;2665;2664;2666
494;4;2666;2665;2667
494;4;2667;2666;2668
494;4;2668;2667;
494;4;1602;;
494;4;1606;;
494;4;1608;;
494;4;372;;
494;4;380;;
494;4;553;;554
494;4;554;553;555
494;4;555;554;556
494;4;556;555;557
494;4;557;556;558
494;4;558;557;559
494;4;559;558;560
494;4;560;559;
494;4;300;;
494;4;621;;622
494;4;622;621;623
494;4;623;622;624
494;4;624;623;626
494;4;626;624;627
494;4;627;626;628
494;4;628;627;629
494;4;629;628;630
494;4;630;629;631
494;4;631;630;632
494;4;632;631;633
494;4;633;632;634
494;4;634;633;635
494;4;635;634;2553
494;4;2553;635;
494;4;1528;;
494;4;2566;;638
494;4;638;2566;639
494;4;639;638;640
494;4;640;639;641
494;4;641;640;642
494;4;642;641;643
494;4;643;642;644
494;4;644;643;645
494;4;645;644;646
494;4;646;645;647
494;4;647;646;981
494;4;981;647;982
494;4;982;981;
494;4;396;;
494;4;1245;;1246
494;4;1246;1245;1247
494;4;1247;1246;1248
494;4;1248;1247;1249
494;4;1249;1248;
494;4;859;;860
494;4;860;859;861
494;4;861;860;862
494;4;862;861;863
494;4;863;862;
494;4;1182;;1183
494;4;1183;1182;1184
494;4;1184;1183;1185
494;4;1185;1184;1186
494;4;1186;1185;
