CID;TABCD;LCD;CLASS;TCD;STCD;ROADNUMBER;RNID;N1ID;N2ID;POL_LCD;PES_LEV
494;4;6415;L;1;2;;5656;12438;8269;5;
494;4;1310;L;1;2;G107;518;491;545;4;
494;4;2626;L;1;2;G107;607;738;547;4;
494;4;2625;L;1;2;G107;738;291;607;4;
494;4;412;L;1;4;;291;306;738;4;
494;4;575;L;1;4;;315;566;306;4;
494;4;1322;L;1;3;S101;1357;11408;1352;4;
494;4;672;L;1;4;;335;387;667;4;
494;4;683;L;1;4;;342;341;387;4;
494;4;6217;L;7;0;;;11135;12438;5;
494;4;6213;L;7;0;;;11135;6870;5;
494;4;6209;L;7;0;;;11135;6873;5;
494;4;783;L;1;1;G112;334;354;432;4;
494;4;6981;L;1;4;;5684;5743;5753;5;
494;4;6467;L;1;2;G112;6948;6947;6949;5;
494;4;6462;L;1;2;G112;6947;5663;6948;5;
494;4;6651;L;1;4;;5745;5746;5740;5;
494;4;817;L;1;1;G112;354;387;334;4;
494;4;818;L;1;1;G112;382;437;387;4;
494;4;6221;L;7;0;;;5603;12438;5;
494;4;6225;L;7;0;;;5603;6870;5;
494;4;6401;L;1;2;;5646;8275;6909;5;
494;4;6201;L;1;1;G18;8293;8292;6938;5;
494;4;6908;L;1;4;;5734;6950;5743;5;
494;4;6956;L;1;2;G205;5686;5685;5702;5;
494;4;6942;L;1;2;G205;5740;6910;5745;5;
494;4;6905;L;1;2;G205;5783;5558;6950;5;
494;4;6949;L;1;2;G205;5702;8295;8269;5;
494;4;7026;L;1;2;;5660;5650;5711;5;
494;4;6457;L;1;2;G207;5651;5561;6859;5;
494;4;6092;L;1;1;G25;5557;5555;6867;5;
494;4;436;L;1;2;G307;505;276;560;4;
494;4;401;L;1;2;G307;294;309;1364;4;
494;4;2516;L;1;2;G307;1356;502;1357;4;
494;4;2514;L;1;2;G307;1355;501;502;4;
494;4;744;L;1;2;G307;322;1357;354;4;
494;4;7106;L;1;4;;6939;8277;5669;5;
494;4;430;L;1;2;G308;540;506;4110;4;
494;4;2634;L;1;2;G308;566;315;318;4;
494;4;1250;L;1;4;;427;400;373;4;
494;4;2518;L;1;3;S101;1364;1369;285;4;
494;4;470;L;1;3;S101;1369;11408;1364;4;
494;4;2612;L;1;3;S204;5703;287;12376;4;
494;4;835;L;1;4;;314;11408;344;4;
494;4;2567;L;1;3;S232;323;1374;1363;4;
494;4;488;L;1;3;S232;1374;323;276;4;
494;4;7019;L;1;3;S262;8269;11169;6908;5;
494;4;759;L;1;4;;344;1357;367;4;
494;4;1379;L;1;4;;480;367;387;4;
494;4;451;L;1;3;S301;288;334;11705;4;
494;4;1368;L;1;3;S302;609;608;12391;4;
494;4;514;L;1;4;;366;367;283;4;
494;4;532;L;1;4;;367;580;366;4;
494;4;6497;L;1;4;;5703;8277;6861;5;
494;4;6498;L;1;4;;5703;6907;11257;5;
494;4;6237;L;7;0;;;5593;12438;5;
494;4;6233;L;7;0;;;5593;6870;5;
494;4;6229;L;7;0;;;5593;6873;5;
494;4;458;L;1;3;S304;339;276;344;4;
494;4;6433;L;1;3;S304;8274;5650;6947;5;
494;4;6241;L;7;0;;;5618;12438;5;
494;4;6245;L;7;0;;;5623;12438;5;
494;4;6545;L;1;4;;5663;5561;5651;5;
494;4;6788;L;1;4;;5673;5712;6942;5;
494;4;6862;L;1;4;;5705;11257;6948;5;
494;4;6850;L;1;4;;11257;5713;5753;5;
494;4;784;L;1;1;S356;311;432;304;4;
494;4;772;L;1;1;S356;304;396;311;4;
494;4;7008;L;1;3;S362;5583;5560;5743;5;
494;4;482;L;1;3;SL91;353;311;714;4;
494;4;2527;L;1;3;SL91;714;1352;353;4;
494;4;841;L;1;3;SL91;1352;355;714;4;
494;4;464;L;1;3;SL91;567;304;287;4;
494;4;615;L;1;4;X008;351;1364;294;4;
494;4;1429;L;1;4;X008;595;352;351;4;
494;4;2573;L;1;3;;502;1355;5671;4;
494;4;1437;L;1;4;X057;667;291;335;4;
494;4;6768;L;1;4;X064;5671;5689;6947;5;
494;4;2555;L;1;4;X064;5671;502;4115;4;
494;4;1093;L;1;4;X451;422;297;1375;4;
494;4;6596;L;1;4;X857;5726;5725;5699;5;
494;4;2608;L;1;4;;1408;352;283;4;
494;4;1082;L;1;4;;389;358;464;4;
494;4;273;L;7;0;;;311;821;4;
494;4;289;L;7;0;;;311;353;4;
494;4;269;L;7;0;;;311;301;4;
494;4;241;L;7;0;;;311;798;4;
494;4;249;L;7;0;;;311;804;4;
494;4;277;L;7;0;;;311;303;4;
494;4;261;L;7;0;;;311;300;4;
494;4;265;L;7;0;;;311;814;4;
494;4;285;L;7;0;;;311;828;4;
494;4;257;L;7;0;;;311;809;4;
494;4;281;L;7;0;;;796;301;4;
494;4;239;L;7;0;;;796;291;4;
494;4;1472;L;1;4;;771;432;304;4;
494;4;251;L;7;0;;;947;798;4;
494;4;231;L;7;0;;;334;791;4;
494;4;223;L;7;0;;;334;432;4;
494;4;201;L;7;0;;;334;767;4;
494;4;227;L;7;0;;;334;466;4;
494;4;237;L;7;0;;;334;291;4;
494;4;209;L;7;0;;;334;288;4;
494;4;205;L;7;0;;;334;336;4;
494;4;1585;L;7;0;;;334;1322;4;
494;4;1589;L;7;0;;;334;1325;4;
494;4;1581;L;7;0;;;801;358;4;
494;4;1583;L;7;0;;;801;1322;4;
494;4;1587;L;7;0;;;801;1325;4;
494;4;1462;L;1;4;;768;354;432;4;
494;4;221;L;7;0;;;922;432;4;
494;4;1591;L;7;0;;;922;358;4;
494;4;1595;L;7;0;;;922;1322;4;
494;4;1593;L;7;0;;;922;1325;4;
494;4;6576;L;1;4;;5699;6949;5702;5;
494;4;1079;L;1;4;;456;5937;309;4;
494;4;6447;L;1;3;;5679;11257;5684;5;
494;4;1076;L;1;4;;359;309;389;4;
494;4;6437;L;1;3;;5670;6947;11257;5;
494;4;6519;L;1;4;;5719;5937;5713;5;
494;4;1329;L;1;4;;459;356;600;4;
494;4;1404;L;1;4;;434;453;398;4;
494;4;275;L;7;0;;;821;311;4;
494;4;6706;L;1;4;;6954;5705;5683;5;
494;4;7056;L;1;4;;6918;5673;5705;5;
494;4;597;L;1;4;;283;366;1364;4;
494;4;6486;L;1;4;;5692;6860;5707;5;
494;4;1187;L;1;4;;419;342;394;4;
494;4;6215;L;7;0;;;12438;11135;5;
494;4;6211;L;7;0;;;12438;11135;5;
494;4;6219;L;7;0;;;12438;5603;5;
494;4;6223;L;7;0;;;12438;5603;5;
494;4;6235;L;7;0;;;12438;5593;5;
494;4;6239;L;7;0;;;12438;5618;5;
494;4;6243;L;7;0;;;12438;5623;5;
494;4;6255;L;7;0;;;12438;5703;5;
494;4;6259;L;7;0;;;12438;5805;5;
494;4;36060;L;1;1;;12505;12485;6938;10;
494;4;6231;L;7;0;;;6870;5593;5;
494;4;6251;L;7;0;;;6870;5703;5;
494;4;6263;L;7;0;;;6870;5805;5;
494;4;6207;L;7;0;;;6873;11135;5;
494;4;6227;L;7;0;;;6873;5593;5;
494;4;6247;L;7;0;;;6873;5703;5;
494;4;7145;L;1;3;;6956;12438;11169;5;
494;4;1038;L;1;4;;296;396;397;4;
494;4;6711;L;1;4;;6933;5705;5683;5;
494;4;7083;L;1;4;;6928;5673;5705;5;
494;4;1177;L;1;4;;472;456;360;4;
494;4;1086;L;1;4;;360;601;309;4;
494;4;6893;L;1;4;;5737;6910;5681;5;
494;4;1129;L;1;4;;383;474;387;4;
494;4;1609;L;7;0;;;1337;1314;4;
494;4;6898;L;1;4;;5682;5681;5679;5;
494;4;24090;L;1;1;;12503;12451;12453;8;
494;4;30072;L;1;1;;12499;12453;11658;9;
494;4;36051;L;1;1;;12411;12412;12440;10;
494;4;12062;L;1;1;;12501;12476;12484;6;
494;4;51051;L;1;1;;12504;11658;12471;13;
494;4;48051;L;1;1;;12502;12448;12451;12;
494;4;18059;L;1;1;;12500;12471;12476;7;
494;4;1190;L;1;4;;368;366;396;4;
494;4;7030;L;1;4;;6917;5670;5692;5;
494;4;6797;L;1;4;;6913;5689;5670;5;
494;4;6731;L;1;4;;12506;5705;5695;5;
494;4;7027;L;1;4;;6910;11257;5737;5;
494;4;7063;L;1;4;;6930;6907;5705;5;
494;4;924;L;1;4;;453;366;396;4;
494;4;295;L;7;0;;;304;294;4;
494;4;1579;L;7;0;;;304;567;4;
494;4;301;L;7;0;;;304;396;4;
494;4;291;L;7;0;;;924;294;4;
494;4;1503;L;1;4;;776;396;567;4;
494;4;313;L;7;0;;;379;400;4;
494;4;317;L;7;0;;;379;401;4;
494;4;319;L;7;0;;;379;844;4;
494;4;323;L;7;0;;;379;570;4;
494;4;309;L;7;0;;;379;941;4;
494;4;307;L;7;0;;;379;366;4;
494;4;771;L;1;1;;379;404;396;4;
494;4;1557;L;7;0;;;836;941;4;
494;4;303;L;7;0;;;836;396;4;
494;4;1495;L;1;4;;775;404;396;4;
494;4;311;L;7;0;;;926;401;4;
494;4;990;L;1;4;;399;371;379;4;
494;4;1218;L;1;4;;483;368;369;4;
494;4;6753;L;1;4;;5772;5707;6957;5;
494;4;1194;L;1;4;;449;371;453;4;
494;4;1198;L;1;4;;420;453;1380;4;
494;4;6666;L;1;4;;5748;5680;5737;5;
494;4;912;L;1;4;;373;317;366;4;
494;4;6986;L;1;4;;5761;5684;5698;5;
494;4;6454;L;1;4;;5685;5684;5686;5;
494;4;1332;L;1;4;;600;459;334;4;
494;4;1441;L;1;4;;760;358;667;4;
494;4;279;L;7;0;;;353;311;4;
494;4;1150;L;1;4;;319;381;386;4;
494;4;2577;L;1;4;;606;294;310;4;
494;4;977;L;1;4;;457;387;5937;4;
494;4;962;L;1;4;;397;291;303;4;
494;4;7034;L;1;4;;6919;5670;5692;5;
494;4;6516;L;1;4;;5718;5663;5664;5;
494;4;6777;L;1;4;;6912;5689;5670;5;
494;4;882;L;1;4;;298;396;294;4;
494;4;1533;L;7;0;;;757;354;4;
494;4;7134;L;1;4;;6953;11257;5736;5;
494;4;6622;L;1;4;;6952;5671;11257;5;
494;4;6537;L;1;4;;5716;5663;5713;5;
494;4;7099;L;1;4;;6934;5738;5734;5;
494;4;1099;L;1;4;;414;354;357;4;
494;4;297;L;7;0;;;294;304;4;
494;4;293;L;7;0;;;928;304;4;
494;4;1541;L;7;0;;;309;354;4;
494;4;492;L;1;4;;309;354;294;4;
494;4;6991;L;1;4;;5696;5698;6948;5;
494;4;6966;L;1;4;;5707;5683;5761;5;
494;4;6959;L;1;4;;5683;5679;6920;5;
494;4;6977;L;1;4;;5771;5707;5767;5;
494;4;1376;L;1;4;;611;309;610;4;
494;4;375;L;7;0;;;344;341;4;
494;4;391;L;7;0;;;885;341;4;
494;4;225;L;7;0;;;432;334;4;
494;4;219;L;7;0;;;432;801;4;
494;4;1043;L;1;4;;432;464;1352;4;
494;4;6563;L;1;4;;5715;5664;5713;5;
494;4;1365;L;1;3;;547;607;608;4;
494;4;2543;L;1;4;;1380;400;420;4;
494;4;1358;L;1;4;;310;606;297;4;
494;4;6838;L;1;4;;5704;5670;6941;5;
494;4;6832;L;1;4;;6916;5742;5670;5;
494;4;315;L;7;0;;;400;379;4;
494;4;658;L;1;4;;400;393;379;4;
494;4;2530;L;1;4;;1377;386;379;4;
494;4;1517;L;7;0;;;393;382;4;
494;4;648;L;1;4;;393;4116;400;4;
494;4;1257;L;1;4;;723;384;386;4;
494;4;1203;L;1;4;;402;370;604;4;
494;4;1577;L;7;0;;;401;379;4;
494;4;932;L;1;4;;401;315;379;4;
494;4;6479;L;1;3;;6949;6948;5702;5;
494;4;6600;L;1;3;;5711;6947;5583;5;
494;4;589;L;1;4;;407;305;351;4;
494;4;71;L;1;1;;1387;11705;515;4;
494;4;6553;L;1;4;;5664;5561;5714;5;
494;4;583;L;1;4;;5664;315;371;4;
494;4;6882;L;1;4;;5653;5762;6951;5;
494;4;6257;L;7;0;;;5703;12438;5;
494;4;6253;L;7;0;;;5703;6870;5;
494;4;6249;L;7;0;;;5703;6873;5;
494;4;6261;L;7;0;;;5805;12438;5;
494;4;6265;L;7;0;;;5805;6870;5;
494;4;1521;L;7;0;;;901;382;4;
494;4;263;L;7;0;;;301;311;4;
494;4;733;L;1;4;;301;396;300;4;
494;4;271;L;7;0;;;819;311;4;
494;4;6687;L;1;4;;5753;11257;5701;5;
494;4;341;L;7;0;;;376;317;4;
494;4;724;L;1;4;;376;398;396;4;
494;4;6763;L;1;4;;5751;6907;11257;5;
494;4;561;L;1;4;;297;396;291;4;
494;4;6559;L;1;4;;5722;5719;5716;5;
494;4;349;L;7;0;;;371;317;4;
494;4;567;L;1;4;;371;317;396;4;
494;4;353;L;7;0;;;316;317;4;
494;4;359;L;7;0;;;316;341;4;
494;4;1023;L;1;4;;316;566;371;4;
494;4;363;L;7;0;;;871;341;4;
494;4;365;L;7;0;;;871;873;4;
494;4;1354;L;1;4;;605;296;372;4;
494;4;6915;L;1;4;;5738;5785;5746;5;
494;4;1553;L;7;0;;;406;940;4;
494;4;1362;L;1;4;;406;369;317;4;
494;4;1064;L;1;4;;470;387;5937;4;
494;4;24051;L;1;1;;12360;11658;12373;8;
494;4;12051;L;1;1;;12341;12342;12351;6;
494;4;57;L;1;1;;1418;11683;11658;4;
494;4;18051;L;1;1;;12352;12351;11683;7;
494;4;42051;L;1;1;;12436;12112;12435;11;
494;4;6071;L;1;1;;6864;5573;12112;5;
494;4;6117;L;1;1;;8273;6908;5585;5;
494;4;30051;L;1;1;;12394;12395;12403;9;
494;4;24068;L;1;1;;12377;12443;12370;8;
494;4;96;L;1;1;;587;276;12443;4;
494;4;7152;L;1;2;G205;8270;8269;5561;5;
494;4;1545;L;7;0;;;767;354;4;
494;4;1104;L;1;4;;762;354;355;4;
494;4;7000;L;1;3;;6921;5583;5702;5;
494;4;7004;L;1;4;;6921;5796;5665;5;
494;4;1340;L;1;4;;412;387;5937;4;
494;4;864;L;1;4;;326;411;294;4;
494;4;1549;L;7;0;;;438;354;4;
494;4;1112;L;1;4;;438;354;336;4;
494;4;24082;L;1;1;;12389;11705;12391;8;
494;4;1047;L;1;4;;390;336;466;4;
494;4;7068;L;1;4;;5687;5651;5937;5;
494;4;6725;L;1;4;;5762;5704;5706;5;
494;4;6738;L;1;4;;5764;5695;5771;5;
494;4;7114;L;1;4;;6943;5705;5695;5;
494;4;6973;L;1;4;;5706;5692;5771;5;
494;4;7113;L;1;4;;6942;5673;5705;5;
494;4;7052;L;1;4;;6926;5750;5710;5;
494;4;6932;L;1;4;;5695;5681;6948;5;
494;4;6925;L;1;4;;5681;5734;5753;5;
494;4;1384;L;1;4;;590;734;4118;4;
494;4;6677;L;1;4;;5752;5751;5681;5;
494;4;1071;L;1;4;;386;1383;367;4;
494;4;339;L;7;0;;;317;376;4;
494;4;351;L;7;0;;;317;371;4;
494;4;357;L;7;0;;;317;316;4;
494;4;333;L;7;0;;;317;850;4;
494;4;335;L;7;0;;;317;377;4;
494;4;343;L;7;0;;;317;374;4;
494;4;327;L;7;0;;;317;308;4;
494;4;345;L;7;0;;;317;318;4;
494;4;800;L;1;1;;317;316;404;4;
494;4;1483;L;1;4;;774;406;404;4;
494;4;1555;L;7;0;;;937;406;4;
494;4;381;L;7;0;;;341;344;4;
494;4;389;L;7;0;;;341;885;4;
494;4;355;L;7;0;;;341;316;4;
494;4;387;L;7;0;;;341;339;4;
494;4;385;L;7;0;;;341;342;4;
494;4;373;L;7;0;;;341;385;4;
494;4;799;L;1;1;;341;437;316;4;
494;4;367;L;7;0;;;873;316;4;
494;4;369;L;7;0;;;873;385;4;
494;4;1478;L;1;4;;773;437;385;4;
494;4;361;L;7;0;;;869;316;4;
494;4;377;L;7;0;;;869;385;4;
494;4;6569;L;1;4;;5725;5665;5726;5;
494;4;1067;L;1;4;;5785;367;387;4;
494;4;6613;L;1;4;;5735;11257;5583;5;
494;4;6604;L;1;4;;5689;6947;11257;5;
494;4;233;L;7;0;;;466;334;4;
494;4;748;L;1;4;;295;396;291;4;
494;4;753;L;1;4;;369;5664;396;4;
494;4;6572;L;1;4;;5700;6949;5726;5;
494;4;610;L;1;4;;327;411;294;4;
494;4;51;L;1;1;;535;287;534;4;
494;4;899;L;1;4;;372;398;294;4;
494;4;7132;L;1;4;;6951;5653;5658;5;
494;4;6744;L;1;4;;5767;5771;5696;5;
494;4;7119;L;1;4;;6944;5705;6945;5;
494;4;7117;L;1;4;;6940;6907;5705;5;
494;4;107;L;1;1;;668;11705;12391;4;
494;4;7110;L;1;4;;6941;5704;6907;5;
494;4;6566;L;1;4;;5724;5753;5665;5;
494;4;30063;L;1;1;;12404;12405;12445;9;
494;4;235;L;7;0;;;291;311;4;
494;4;243;L;7;0;;;291;334;4;
494;4;229;L;7;0;;;291;801;4;
494;4;247;L;7;0;;;798;311;4;
494;4;253;L;7;0;;;804;947;4;
494;4;245;L;7;0;;;804;801;4;
494;4;2636;L;1;4;;4099;393;387;4;
494;4;1395;L;1;4;;618;739;617;4;
494;4;287;L;7;0;;;739;311;4;
494;4;1392;L;1;4;;739;311;618;4;
494;4;2654;L;1;3;S232;1363;323;4113;4;
494;4;1054;L;1;4;;467;466;435;4;
494;4;1388;L;1;4;;617;1385;740;4;
494;4;2615;L;1;4;;1411;617;12376;4;
494;4;1537;L;7;0;;;355;354;4;
494;4;1563;L;7;0;;;355;912;4;
494;4;505;L;1;4;;355;1352;354;4;
494;4;2672;L;1;2;G308;398;4110;5664;4;
494;4;383;L;7;0;;;339;341;4;
494;4;1168;L;1;4;;381;343;387;4;
494;4;6919;L;1;4;;5739;5735;5745;5;
494;4;1373;L;1;4;;610;356;611;4;
494;4;1125;L;1;4;;357;5937;309;4;
494;4;1214;L;1;4;;428;369;371;4;
494;4;329;L;7;0;;;850;317;4;
494;4;325;L;7;0;;;844;379;4;
494;4;2599;L;1;4;;844;711;379;4;
494;4;1575;L;7;0;;;404;317;4;
494;4;2674;L;1;4;;404;315;379;4;
494;4;331;L;7;0;;;854;317;4;
494;4;980;L;1;4;;356;387;334;4;
494;4;1228;L;1;4;;448;372;300;4;
494;4;283;L;7;0;;;303;311;4;
494;4;710;L;1;4;;303;396;311;4;
494;4;1233;L;1;4;;378;844;294;4;
494;4;715;L;1;4;;377;317;396;4;
494;4;1344;L;1;4;;603;400;421;4;
494;4;927;L;1;4;;447;372;300;4;
494;4;6108;L;1;1;;6860;6947;11169;5;
494;4;6082;L;1;1;;5560;5583;5587;5;
494;4;7164;L;1;3;S362;5583;8296;5711;5;
494;4;6901;L;1;4;;5558;5782;5561;5;
494;4;6051;L;1;1;G25;5555;5557;6908;5;
494;4;6757;L;1;4;;5698;5761;5775;5;
494;4;6509;L;1;3;;5713;5719;11257;5;
494;4;259;L;7;0;;;300;311;4;
494;4;704;L;1;4;;300;396;1412;4;
494;4;267;L;7;0;;;814;311;4;
494;4;6699;L;1;4;;5754;11257;5681;5;
494;4;337;L;7;0;;;374;317;4;
494;4;694;L;1;4;;374;317;396;4;
494;4;603;L;1;4;;325;570;294;4;
494;4;7074;L;1;2;;6932;5687;5651;5;
494;4;1115;L;1;4;;455;387;478;4;
494;4;1119;L;1;4;;384;1402;387;4;
494;4;6816;L;1;4;;6907;5670;6948;5;
494;4;7044;L;1;4;;6915;5689;5670;5;
494;4;6527;L;1;4;;5714;6859;5713;5;
494;4;6873;L;1;4;;5680;5735;5753;5;
494;4;6922;L;1;4;;5744;5745;5743;5;
494;4;211;L;7;0;;;782;334;4;
494;4;120;L;1;1;;1309;1310;11705;4;
494;4;6592;L;1;4;;5727;5665;5699;5;
494;4;921;L;1;4;;452;366;396;4;
494;4;6783;L;1;4;;5712;5713;5689;5;
494;4;1531;L;7;0;;;354;309;4;
494;4;1535;L;7;0;;;354;762;4;
494;4;1543;L;7;0;;;354;438;4;
494;4;1547;L;7;0;;;354;355;4;
494;4;1529;L;7;0;;;354;387;4;
494;4;1561;L;7;0;;;944;309;4;
494;4;1455;L;1;4;;766;387;334;4;
494;4;1539;L;7;0;;;912;913;4;
494;4;1551;L;7;0;;;912;355;4;
494;4;1515;L;7;0;;;382;319;4;
494;4;1519;L;7;0;;;382;393;4;
494;4;397;L;7;0;;;382;343;4;
494;4;399;L;7;0;;;382;892;4;
494;4;1525;L;7;0;;;382;367;4;
494;4;1511;L;7;0;;;382;894;4;
494;4;1446;L;1;4;;765;437;387;4;
494;4;203;L;7;0;;;336;334;4;
494;4;1107;L;1;4;;336;309;288;4;
494;4;6656;L;1;4;;5747;5671;5680;5;
494;4;6722;L;1;4;;5760;5707;5761;5;
494;4;1159;L;1;4;;411;476;1364;4;
494;4;6683;L;1;4;;5710;6926;5751;5;
494;4;6641;L;1;3;;5743;11257;5583;5;
494;4;6541;L;1;4;;5937;5719;5688;5;
494;4;969;L;1;4;;5937;354;457;4;
494;4;6632;L;1;4;;5742;5671;11257;5;
494;4;1407;L;1;4;;418;381;344;4;
494;4;2586;L;1;4;;1402;339;385;4;
494;4;1410;L;1;4;;343;381;749;4;
494;4;6579;L;1;4;;5728;5729;5699;5;
494;4;6588;L;1;4;;5665;5702;5725;5;
494;4;7157;L;1;4;;8271;5712;8272;5;
494;4;1335;L;1;4;;601;357;360;4;
494;4;6670;L;1;4;;5750;5671;5751;5;
494;4;1033;L;1;4;;370;400;396;4;
494;4;1615;L;7;0;;;667;1338;4;
494;4;1619;L;7;0;;;667;1344;4;
494;4;321;L;7;0;;;570;379;4;
494;4;873;L;1;4;;570;379;351;4;
494;4;7040;L;1;4;;6922;5670;5692;5;
494;4;6809;L;1;4;;6914;5713;5670;5;
494;4;6059;L;1;1;;5582;5564;5572;5;
494;4;255;L;7;0;;;435;311;4;
494;4;1090;L;1;4;;435;422;311;4;
494;4;869;L;1;4;;330;411;294;4;
494;4;6995;L;1;4;;5790;5696;11169;5;
494;4;1174;L;1;4;;478;357;455;4;
494;4;6533;L;1;4;;5688;6859;5663;5;
494;4;393;L;7;0;;;437;382;4;
494;4;887;L;1;4;;299;1390;294;4;
494;4;7050;L;1;4;;6920;6911;5683;5;
494;4;305;L;7;0;;;366;379;4;
494;4;1559;L;7;0;;;366;926;4;
494;4;6716;L;1;4;;6911;6922;5705;5;
494;4;1523;L;7;0;;;367;382;4;
494;4;347;L;7;0;;;318;317;4;
494;4;853;L;1;4;;318;4118;374;4;
494;4;1221;L;1;4;;1376;295;297;4;
494;4;7127;L;1;3;;6950;5734;6910;5;
494;4;7160;L;1;4;;8272;8271;5689;5;
494;4;947;L;1;4;;421;300;304;4;
494;4;2669;L;1;3;;4124;667;4125;4;
494;4;7079;L;1;4;;6859;5651;6939;5;
494;4;6889;L;1;4;;5736;5735;5743;5;
494;4;2564;L;1;4;;715;396;397;4;
494;4;953;L;1;4;;711;757;396;4;
494;4;1611;L;7;0;;;1314;1340;4;
494;4;1570;L;1;1;;1314;416;583;4;
494;4;1613;L;7;0;;;1338;667;4;
494;4;1617;L;7;0;;;1344;667;4;
494;4;1434;L;1;4;;12379;11705;364;4;
494;4;2642;L;1;4;;4100;335;358;4;
494;4;2645;L;1;4;;391;358;432;4;
494;4;1513;L;7;0;;;894;382;4;
494;4;2675;L;1;4;;307;457;297;4;
494;4;1325;L;1;4;;364;355;12379;4;
494;4;217;L;7;0;;;358;334;4;
494;4;207;L;7;0;;;358;801;4;
494;4;1603;L;7;0;;;358;922;4;
494;4;543;L;1;4;;358;387;1314;4;
494;4;1597;L;7;0;;;1322;334;4;
494;4;1599;L;7;0;;;1322;801;4;
494;4;1623;L;7;0;;;1322;922;4;
494;4;2676;L;1;4;;4121;4122;667;4;
494;4;1601;L;7;0;;;1325;334;4;
494;4;1605;L;7;0;;;1325;801;4;
494;4;1607;L;7;0;;;1325;922;4;
494;4;371;L;7;0;;;385;341;4;
494;4;379;L;7;0;;;385;873;4;
494;4;552;L;1;4;;385;4120;387;4;
494;4;299;L;7;0;;;396;304;4;
494;4;620;L;1;4;;396;387;305;4;
494;4;1527;L;7;0;;;387;354;4;
494;4;637;L;1;4;;387;1379;396;4;
494;4;395;L;7;0;;;889;382;4;
494;4;1244;L;1;4;;409;570;407;4;
494;4;858;L;1;4;;352;754;1364;4;
494;4;1181;L;1;4;;394;419;480;4;
