CID;TABCD;LCD;INT_CID;INT_TABCD;INT_LCD
521;31;18507;521;31;18509
521;31;18509;521;31;18507
521;31;18510;521;31;18759
521;31;18759;521;31;18761
521;31;18761;521;31;18510
521;31;18511;521;31;18677
521;31;18677;521;31;18679
521;31;18679;521;31;18511
521;31;18512;521;31;18707
521;31;18707;521;31;18709
521;31;18709;521;31;18512
521;31;18513;521;31;18770
521;31;18770;521;31;19347
521;31;19347;521;31;18513
521;31;12402;521;31;12407
521;31;12407;521;31;13447
521;31;13447;521;31;12402
521;31;18403;521;31;18405
521;31;18405;521;31;18403
521;31;18530;521;31;18536
521;31;18536;521;31;18530
521;31;18537;521;31;19179
521;31;19179;521;31;18537
521;31;18538;521;31;18771
521;31;18771;521;31;18538
521;31;18539;521;31;19349
521;31;19349;521;31;18539
521;31;18540;521;31;18778
521;31;18778;521;31;18540
521;31;18541;521;31;18543
521;31;18543;521;31;18541
521;31;18406;521;31;18408
521;31;18408;521;31;18406
521;31;18409;521;31;18411
521;31;18411;521;31;18409
521;31;18412;521;31;18414
521;31;18414;521;31;18505
521;31;18505;521;31;18585
521;31;18585;521;31;18412
521;31;12409;521;31;12722
521;31;12722;521;31;12409
521;31;12691;521;31;13116
521;31;13116;521;31;12691
521;31;13117;521;31;13235
521;31;13235;521;31;13117
521;31;12410;521;31;13206
521;31;13206;521;31;12410
521;31;13118;521;31;13123
521;31;13123;521;31;13118
521;31;13119;521;31;13121
521;31;13121;521;31;13119
521;31;12411;521;31;12467
521;31;12467;521;31;12790
521;31;12790;521;31;12411
521;31;13120;521;31;13390
521;31;13390;521;31;13120
521;31;12412;521;31;12414
521;31;12414;521;31;12725
521;31;12725;521;31;13262
521;31;13262;521;31;12412
521;31;12405;521;31;12416
521;31;12416;521;31;12854
521;31;12854;521;31;12405
521;31;12406;521;31;13028
521;31;13028;521;31;13422
521;31;13422;521;31;12406
521;31;12688;521;31;12779
521;31;12779;521;31;13066
521;31;13066;521;31;12688
521;31;12415;521;31;12858
521;31;12858;521;31;12415
521;31;19318;521;31;19320
521;31;19320;521;31;19318
521;31;668;521;31;753
521;31;753;521;31;831
521;31;831;521;31;3025
521;31;3025;521;31;668
521;31;833;521;31;846
521;31;846;521;31;833
521;31;426;521;31;430
521;31;430;521;31;458
521;31;458;521;31;2048
521;31;2048;521;31;426
521;31;431;521;31;1116
521;31;1116;521;31;1118
521;31;1118;521;31;431
521;31;432;521;31;511
521;31;511;521;31;2554
521;31;2554;521;31;432
521;31;433;521;31;776
521;31;776;521;31;433
521;31;597;521;31;599
521;31;599;521;31;1522
521;31;1522;521;31;597
521;31;621;521;31;673
521;31;673;521;31;719
521;31;719;521;31;729
521;31;729;521;31;621
521;31;699;521;31;861
521;31;861;521;31;699
521;31;435;521;31;720
521;31;720;521;31;843
521;31;843;521;31;435
521;31;408;521;31;456
521;31;456;521;31;721
521;31;721;521;31;408
521;31;730;521;31;811
521;31;811;521;31;730
521;31;731;521;31;1242
521;31;1242;521;31;731
521;31;732;521;31;792
521;31;792;521;31;806
521;31;806;521;31;732
521;31;420;521;31;457
521;31;457;521;31;479
521;31;479;521;31;420
521;31;587;521;31;1039
521;31;1039;521;31;587
521;31;588;521;31;604
521;31;604;521;31;588
521;31;590;521;31;2708
521;31;2708;521;31;590
521;31;591;521;31;1107
521;31;1107;521;31;591
521;31;204;521;31;775
521;31;775;521;31;204
521;31;502;521;31;988
521;31;988;521;31;502
521;31;460;521;31;467
521;31;467;521;31;777
521;31;777;521;31;460
521;31;514;521;31;516
521;31;516;521;31;778
521;31;778;521;31;888
521;31;888;521;31;514
521;31;596;521;31;1492
521;31;1492;521;31;596
521;31;595;521;31;1048
521;31;1048;521;31;595
521;31;791;521;31;1256
521;31;1256;521;31;791
521;31;793;521;31;812
521;31;812;521;31;2639
521;31;2639;521;31;793
521;31;579;521;31;675
521;31;675;521;31;794
521;31;794;521;31;579
521;31;30091;521;31;30102
521;31;30102;521;31;30091
521;31;756;521;31;1499
521;31;1499;521;31;756
521;31;437;521;31;867
521;31;867;521;31;437
521;31;410;521;31;868
521;31;868;521;31;870
521;31;870;521;31;410
521;31;18612;521;31;19156
521;31;19156;521;31;18612
521;31;19080;521;31;19157
521;31;19157;521;31;19080
521;31;19071;521;31;19158
521;31;19158;521;31;19160
521;31;19160;521;31;19071
521;31;18493;521;31;18850
521;31;18850;521;31;18493
521;31;18494;521;31;18766
521;31;18766;521;31;18494
521;31;18495;521;31;18971
521;31;18971;521;31;18495
521;31;18496;521;31;18700
521;31;18700;521;31;19252
521;31;19252;521;31;19324
521;31;19324;521;31;18496
521;31;18497;521;31;18736
521;31;18736;521;31;18738
521;31;18738;521;31;18497
521;31;18498;521;31;18834
521;31;18834;521;31;18498
521;31;18499;521;31;18501
521;31;18501;521;31;19225
521;31;19225;521;31;18499
521;31;18701;521;31;18852
521;31;18852;521;31;18855
521;31;18855;521;31;18701
521;31;18742;521;31;18856
521;31;18856;521;31;18742
521;31;12942;521;31;13184
521;31;13184;521;31;12942
521;31;12940;521;31;13163
521;31;13163;521;31;12940
521;31;12929;521;31;12943
521;31;12943;521;31;12929
521;31;12431;521;31;12850
521;31;12850;521;31;12856
521;31;12856;521;31;12431
521;31;12881;521;31;12925
521;31;12925;521;31;13182
521;31;13182;521;31;12881
521;31;13011;521;31;13079
521;31;13079;521;31;13011
521;31;12968;521;31;13183
521;31;13183;521;31;12968
521;31;12851;521;31;12865
521;31;12865;521;31;12867
521;31;12867;521;31;12851
521;31;12895;521;31;12897
521;31;12897;521;31;13080
521;31;13080;521;31;12895
521;31;12848;521;31;12852
521;31;12852;521;31;13020
521;31;13020;521;31;12848
521;31;30076;521;31;30078
521;31;30078;521;31;30076
521;31;30066;521;31;30083
521;31;30083;521;31;30066
521;31;30055;521;31;30085
521;31;30085;521;31;30055
521;31;12070;521;31;12520
521;31;12520;521;31;12070
521;31;12059;521;31;12071
521;31;12071;521;31;12059
521;31;12078;521;31;13333
521;31;13333;521;31;12078
521;31;12066;521;31;12465
521;31;12465;521;31;12066
521;31;12056;521;31;12068
521;31;12068;521;31;18074
521;31;18074;521;31;12056
521;31;51059;521;31;51062
521;31;51062;521;31;51059
521;31;70;521;31;81
521;31;81;521;31;70
521;31;69;521;31;83
521;31;83;521;31;69
521;31;118;521;31;123
521;31;123;521;31;118
521;31;85;521;31;97
521;31;97;521;31;85
521;31;56;521;31;87
521;31;87;521;31;119
521;31;119;521;31;56
521;31;18798;521;31;18800
521;31;18800;521;31;18811
521;31;18811;521;31;18798
521;31;18801;521;31;18871
521;31;18871;521;31;18801
521;31;13034;521;31;13037
521;31;13037;521;31;13334
521;31;13334;521;31;13034
521;31;12432;521;31;13030
521;31;13030;521;31;13032
521;31;13032;521;31;12432
521;31;13013;521;31;13167
521;31;13167;521;31;13013
521;31;12870;521;31;13033
521;31;13033;521;31;12870
521;31;13026;521;31;13168
521;31;13168;521;31;13026
521;31;13169;521;31;13401
521;31;13401;521;31;13416
521;31;13416;521;31;13169
521;31;13004;521;31;13170
521;31;13170;521;31;13419
521;31;13419;521;31;13004
521;31;12423;521;31;13029
521;31;13029;521;31;12423
521;31;13130;521;31;13171
521;31;13171;521;31;13130
521;31;18703;521;31;18793
521;31;18793;521;31;18703
521;31;18748;521;31;18750
521;31;18750;521;31;18794
521;31;18794;521;31;18748
521;31;18795;521;31;18924
521;31;18924;521;31;18926
521;31;18926;521;31;18795
521;31;18796;521;31;18840
521;31;18840;521;31;18842
521;31;18842;521;31;18796
521;31;18797;521;31;18895
521;31;18895;521;31;18897
521;31;18897;521;31;18797
521;31;12726;521;31;12728
521;31;12728;521;31;12785
521;31;12785;521;31;13159
521;31;13159;521;31;12726
521;31;12738;521;31;13222
521;31;13222;521;31;12738
521;31;12780;521;31;12788
521;31;12788;521;31;12780
521;31;12937;521;31;12958
521;31;12958;521;31;12962
521;31;12962;521;31;12937
521;31;13022;521;31;13024
521;31;13024;521;31;13106
521;31;13106;521;31;13022
521;31;12959;521;31;13077
521;31;13077;521;31;12959
521;31;76;521;31;1446
521;31;1446;521;31;76
521;31;1329;521;31;1447
521;31;1447;521;31;1329
521;31;93;521;31;600
521;31;600;521;31;93
521;31;601;521;31;1408
521;31;1408;521;31;1528
521;31;1528;521;31;601
521;31;315;521;31;983
521;31;983;521;31;315
521;31;602;521;31;1361
521;31;1361;521;31;1363
521;31;1363;521;31;602
521;31;486;521;31;1339
521;31;1339;521;31;1415
521;31;1415;521;31;486
521;31;485;521;31;498
521;31;498;521;31;485
521;31;663;521;31;665
521;31;665;521;31;1345
521;31;1345;521;31;1347
521;31;1347;521;31;663
521;31;18868;521;31;18870
521;31;18870;521;31;18906
521;31;18906;521;31;18868
521;31;18812;521;31;18874
521;31;18874;521;31;19245
521;31;19245;521;31;19249
521;31;19249;521;31;18812
521;31;303;521;31;2717
521;31;2717;521;31;303
521;31;495;521;31;954
521;31;954;521;31;962
521;31;962;521;31;495
521;31;526;521;31;529
521;31;529;521;31;781
521;31;781;521;31;526
521;31;782;521;31;1201
521;31;1201;521;31;2680
521;31;2680;521;31;782
521;31;561;521;31;783
521;31;783;521;31;561
521;31;659;521;31;786
521;31;786;521;31;659
521;31;643;521;31;787
521;31;787;521;31;814
521;31;814;521;31;1417
521;31;1417;521;31;643
521;31;819;521;31;1474
521;31;1474;521;31;819
521;31;815;521;31;1336
521;31;1336;521;31;815
521;31;816;521;31;818
521;31;818;521;31;816
521;31;891;521;31;922
521;31;922;521;31;924
521;31;924;521;31;891
521;31;878;521;31;925
521;31;925;521;31;878
521;31;491;521;31;926
521;31;926;521;31;491
521;31;520;521;31;927
521;31;927;521;31;929
521;31;929;521;31;520
521;31;12906;521;31;13185
521;31;13185;521;31;12906
521;31;13000;521;31;13002
521;31;13002;521;31;13081
521;31;13081;521;31;13000
521;31;12420;521;31;12422
521;31;12422;521;31;12855
521;31;12855;521;31;12420
521;31;13128;521;31;13186
521;31;13186;521;31;13128
521;31;2612;521;31;2614
521;31;2614;521;31;2612
521;31;2615;521;31;2617
521;31;2617;521;31;2615
521;31;99;521;31;206
521;31;206;521;31;769
521;31;769;521;31;99
521;31;100;521;31;911
521;31;911;521;31;1504
521;31;1504;521;31;100
521;31;101;521;31;798
521;31;798;521;31;1507
521;31;1507;521;31;101
521;31;102;521;31;1178
521;31;1178;521;31;1180
521;31;1180;521;31;1509
521;31;1509;521;31;102
521;31;103;521;31;560
521;31;560;521;31;1513
521;31;1513;521;31;103
521;31;1343;521;31;2724
521;31;2724;521;31;1343
521;31;317;521;31;2725
521;31;2725;521;31;317
521;31;412;521;31;570
521;31;570;521;31;583
521;31;583;521;31;412
521;31;571;521;31;573
521;31;573;521;31;944
521;31;944;521;31;571
521;31;2797;521;31;2907
521;31;2907;521;31;2797
521;31;2798;521;31;2807
521;31;2807;521;31;2798
521;31;2799;521;31;2897
521;31;2897;521;31;2799
521;31;2801;521;31;2921
521;31;2921;521;31;2923
521;31;2923;521;31;2801
521;31;627;521;31;822
521;31;822;521;31;2989
521;31;2989;521;31;627
521;31;628;521;31;735
521;31;735;521;31;628
521;31;630;521;31;671
521;31;671;521;31;630
521;31;18772;521;31;19229
521;31;19229;521;31;18772
521;31;18652;521;31;18775
521;31;18775;521;31;18652
521;31;18503;521;31;18776
521;31;18776;521;31;18859
521;31;18859;521;31;18503
521;31;12543;521;31;12545
521;31;12545;521;31;12543
521;31;12611;521;31;13096
521;31;13096;521;31;12611
521;31;12546;521;31;12576
521;31;12576;521;31;12546
521;31;13124;521;31;13239
521;31;13239;521;31;13124
521;31;12547;521;31;13112
521;31;13112;521;31;12547
521;31;12651;521;31;13237
521;31;13237;521;31;13339
521;31;13339;521;31;12651
521;31;517;521;31;519
521;31;519;521;31;894
521;31;894;521;31;900
521;31;900;521;31;517
521;31;2805;521;31;2917
521;31;2917;521;31;2805
521;31;2806;521;31;2986
521;31;2986;521;31;2806
521;31;521;521;31;523
521;31;523;521;31;796
521;31;796;521;31;942
521;31;942;521;31;521
521;31;524;521;31;1159
521;31;1159;521;31;1161
521;31;1161;521;31;524
521;31;525;521;31;1173
521;31;1173;521;31;1175
521;31;1175;521;31;525
521;31;666;521;31;1322
521;31;1322;521;31;1375
521;31;1375;521;31;666
521;31;1022;521;31;2902
521;31;2902;521;31;1022
521;31;1023;521;31;1054
521;31;1054;521;31;1023
521;31;1024;521;31;1072
521;31;1072;521;31;1075
521;31;1075;521;31;1024
521;31;1025;521;31;1069
521;31;1069;521;31;1025
521;31;404;521;31;423
521;31;423;521;31;404
521;31;405;521;31;1092
521;31;1092;521;31;1443
521;31;1443;521;31;405
521;31;209;521;31;406
521;31;406;521;31;209
521;31;407;521;31;2535
521;31;2535;521;31;407
521;31;421;521;31;2627
521;31;2627;521;31;421
521;31;409;521;31;469
521;31;469;521;31;477
521;31;477;521;31;409
521;31;411;521;31;918
521;31;918;521;31;920
521;31;920;521;31;411
521;31;506;521;31;508
521;31;508;521;31;512
521;31;512;521;31;506
521;31;466;521;31;513
521;31;513;521;31;466
521;31;18705;521;31;18754
521;31;18754;521;31;19257
521;31;19257;521;31;18705
521;31;18551;521;31;18706
521;31;18706;521;31;18551
521;31;18448;521;31;19334
521;31;19334;521;31;18448
521;31;18449;521;31;18964
521;31;18964;521;31;18449
521;31;18450;521;31;18474
521;31;18474;521;31;18764
521;31;18764;521;31;18450
521;31;18451;521;31;18975
521;31;18975;521;31;18451
521;31;18452;521;31;18995
521;31;18995;521;31;18452
521;31;18453;521;31;19095
521;31;19095;521;31;18453
521;31;18454;521;31;18456
521;31;18456;521;31;18693
521;31;18693;521;31;18695
521;31;18695;521;31;18454
521;31;18556;521;31;18710
521;31;18710;521;31;18556
521;31;18565;521;31;18567
521;31;18567;521;31;18711
521;31;18711;521;31;18565
521;31;18528;521;31;18712
521;31;18712;521;31;18528
521;31;18664;521;31;18666
521;31;18666;521;31;18713
521;31;18713;521;31;18664
521;31;18526;521;31;18659
521;31;18659;521;31;18718
521;31;18718;521;31;18526
521;31;18527;521;31;19141
521;31;19141;521;31;18527
521;31;19281;521;31;19283
521;31;19283;521;31;19281
521;31;18529;521;31;18571
521;31;18571;521;31;18529
521;31;1003;521;31;2532
521;31;2532;521;31;1003
521;31;1004;521;31;1055
521;31;1055;521;31;2782
521;31;2782;521;31;1004
521;31;1005;521;31;1080
521;31;1080;521;31;1005
521;31;210;521;31;698
521;31;698;521;31;210
521;31;18653;521;31;18655
521;31;18655;521;31;18653
521;31;12448;521;31;12450
521;31;12450;521;31;12448
521;31;12452;521;31;12469
521;31;12469;521;31;12452
521;31;12453;521;31;12558
521;31;12558;521;31;12453
521;31;713;521;31;749
521;31;749;521;31;821
521;31;821;521;31;3020
521;31;3020;521;31;713
521;31;2900;521;31;2904
521;31;2904;521;31;2900
521;31;2905;521;31;2918
521;31;2918;521;31;2905
521;31;12442;521;31;12444
521;31;12444;521;31;12455
521;31;12455;521;31;12442
521;31;12445;521;31;12447
521;31;12447;521;31;12445
521;31;12554;521;31;12565
521;31;12565;521;31;13337
521;31;13337;521;31;12554
521;31;12511;521;31;12516
521;31;12516;521;31;12511
521;31;12461;521;31;12463
521;31;12463;521;31;12517
521;31;12517;521;31;12461
521;31;12525;521;31;12527
521;31;12527;521;31;12525
521;31;12471;521;31;12532
521;31;12532;521;31;13250
521;31;13250;521;31;12471
521;31;12521;521;31;12530
521;31;12530;521;31;12521
521;31;12528;521;31;12649
521;31;12649;521;31;12528
521;31;12529;521;31;12653
521;31;12653;521;31;12529
521;31;12537;521;31;13148
521;31;13148;521;31;12537
521;31;12538;521;31;12541
521;31;12541;521;31;12538
521;31;12621;521;31;13137
521;31;13137;521;31;12621
521;31;12533;521;31;12539
521;31;12539;521;31;12533
521;31;12473;521;31;12504
521;31;12504;521;31;12473
521;31;12502;521;31;12505
521;31;12505;521;31;12502
521;31;12481;521;31;12508
521;31;12508;521;31;12510
521;31;12510;521;31;12481
521;31;12580;521;31;13201
521;31;13201;521;31;12580
521;31;12587;521;31;13202
521;31;13202;521;31;12587
521;31;12534;521;31;12591
521;31;12591;521;31;12534
521;31;12612;521;31;13203
521;31;13203;521;31;12612
521;31;12535;521;31;13246
521;31;13246;521;31;12535
521;31;19278;521;31;19279
521;31;19279;521;31;19282
521;31;19282;521;31;19278
521;31;12550;521;31;12608
521;31;12608;521;31;12550
521;31;12551;521;31;12553
521;31;12553;521;31;12551
521;31;1267;521;31;2856
521;31;2856;521;31;1267
521;31;1312;521;31;2857
521;31;2857;521;31;1312
521;31;2858;521;31;2862
521;31;2862;521;31;2858
521;31;2859;521;31;2866
521;31;2866;521;31;2859
521;31;2860;521;31;2864
521;31;2864;521;31;2870
521;31;2870;521;31;2860
521;31;2791;521;31;3015
521;31;3015;521;31;2791
521;31;2790;521;31;3016
521;31;3016;521;31;2790
521;31;18604;521;31;18606
521;31;18606;521;31;18719
521;31;18719;521;31;18604
521;31;18721;521;31;19066
521;31;19066;521;31;19068
521;31;19068;521;31;18721
521;31;18435;521;31;18437
521;31;18437;521;31;18722
521;31;18722;521;31;18724
521;31;18724;521;31;18435
521;31;18725;521;31;19047
521;31;19047;521;31;19049
521;31;19049;521;31;18725
521;31;18459;521;31;18727
521;31;18727;521;31;18729
521;31;18729;521;31;18459
521;31;18731;521;31;18985
521;31;18985;521;31;18731
521;31;18481;521;31;18732
521;31;18732;521;31;18734
521;31;18734;521;31;18481
521;31;18735;521;31;19005
521;31;19005;521;31;18735
521;31;12976;521;31;13218
521;31;13218;521;31;12976
521;31;12977;521;31;13220
521;31;13220;521;31;12977
521;31;13198;521;31;13215
521;31;13215;521;31;13198
521;31;71;521;31;122
521;31;122;521;31;71
521;31;12493;521;31;12495
521;31;12495;521;31;12493
521;31;12496;521;31;12498
521;31;12498;521;31;12496
521;31;723;521;31;963
521;31;963;521;31;723
521;31;724;521;31;2772
521;31;2772;521;31;724
521;31;461;521;31;2565
521;31;2565;521;31;461
521;31;2875;521;31;2876
521;31;2876;521;31;2875
521;31;1226;521;31;1228
521;31;1228;521;31;2659
521;31;2659;521;31;1226
521;31;2838;521;31;2841
521;31;2841;521;31;2838
521;31;310;521;31;2722
521;31;2722;521;31;2770
521;31;2770;521;31;310
521;31;109;521;31;313
521;31;313;521;31;109
521;31;316;521;31;1309
521;31;1309;521;31;316
521;31;202;521;31;208
521;31;208;521;31;425
521;31;425;521;31;2046
521;31;2046;521;31;202
521;31;211;521;31;810
521;31;810;521;31;211
521;31;797;521;31;905
521;31;905;521;31;1148
521;31;1148;521;31;797
521;31;61;521;31;799
521;31;799;521;31;61
521;31;863;521;31;937
521;31;937;521;31;863
521;31;800;521;31;913
521;31;913;521;31;800
521;31;215;521;31;801
521;31;801;521;31;215
521;31;611;521;31;803
521;31;803;521;31;611
521;31;957;521;31;1151
521;31;1151;521;31;957
521;31;958;521;31;1176
521;31;1176;521;31;958
521;31;959;521;31;1197
521;31;1197;521;31;959
521;31;960;521;31;1511
521;31;1511;521;31;960
521;31;670;521;31;847
521;31;847;521;31;670
521;31;2943;521;31;2945
521;31;2945;521;31;2948
521;31;2948;521;31;2943
521;31;2950;521;31;2952
521;31;2952;521;31;2950
521;31;12969;521;31;12971
521;31;12971;521;31;13224
521;31;13224;521;31;12969
521;31;842;521;31;2626
521;31;2626;521;31;842
521;31;939;521;31;949
521;31;949;521;31;939
521;31;879;521;31;881
521;31;881;521;31;940
521;31;940;521;31;879
521;31;492;521;31;941
521;31;941;521;31;492
521;31;12561;521;31;12654
521;31;12654;521;31;12561
521;31;1220;521;31;1222
521;31;1222;521;31;1225
521;31;1225;521;31;1220
521;31;12643;521;31;12652
521;31;12652;521;31;12643
521;31;12061;521;31;12464
521;31;12464;521;31;12061
521;31;12667;521;31;13097
521;31;13097;521;31;12667
521;31;12673;521;31;13098
521;31;13098;521;31;12673
521;31;12466;521;31;12661
521;31;12661;521;31;12466
521;31;12684;521;31;13099
521;31;13099;521;31;13379
521;31;13379;521;31;12684
521;31;12456;521;31;12458
521;31;12458;521;31;12456
521;31;12460;521;31;12487
521;31;12487;521;31;12460
521;31;2839;521;31;2847
521;31;2847;521;31;2839
521;31;18063;521;31;18067
521;31;18067;521;31;18072
521;31;18072;521;31;18063
521;31;18927;521;31;18929
521;31;18929;521;31;18927
521;31;685;521;31;692
521;31;692;521;31;1461
521;31;1461;521;31;685
521;31;734;521;31;838
521;31;838;521;31;734
521;31;219;521;31;736
521;31;736;521;31;219
521;31;1032;521;31;1337
521;31;1337;521;31;1032
521;31;1033;521;31;1279
521;31;1279;521;31;1285
521;31;1285;521;31;1033
521;31;1034;521;31;1352
521;31;1352;521;31;1354
521;31;1354;521;31;1034
521;31;1035;521;31;1385
521;31;1385;521;31;1387
521;31;1387;521;31;1035
521;31;541;521;31;882
521;31;882;521;31;541
521;31;883;521;31;885
521;31;885;521;31;953
521;31;953;521;31;883
521;31;992;521;31;994
521;31;994;521;31;992
521;31;632;521;31;655
521;31;655;521;31;632
521;31;19294;521;31;19296
521;31;19296;521;31;19294
521;31;19297;521;31;19299
521;31;19299;521;31;19297
521;31;13367;521;31;13368
521;31;13368;521;31;13367
521;31;1065;521;31;1073
521;31;1073;521;31;1065
521;31;3006;521;31;3007
521;31;3007;521;31;3006
521;31;2775;521;31;2776
521;31;2776;521;31;2955
521;31;2955;521;31;2775
521;31;859;521;31;991
521;31;991;521;31;859
521;31;637;521;31;965
521;31;965;521;31;637
521;31;2778;521;31;2779
521;31;2779;521;31;2778
521;31;639;521;31;2780
521;31;2780;521;31;2964
521;31;2964;521;31;639
521;31;607;521;31;2709
521;31;2709;521;31;607
521;31;609;521;31;772
521;31;772;521;31;2054
521;31;2054;521;31;609
521;31;610;521;31;824
521;31;824;521;31;610
521;31;680;521;31;1140
521;31;1140;521;31;680
521;31;216;521;31;613
521;31;613;521;31;216
521;31;1673;521;31;1675
521;31;1675;521;31;1673
521;31;1043;521;31;1059
521;31;1059;521;31;1043
521;31;1045;521;31;2703
521;31;2703;521;31;1045
521;31;1041;521;31;2062
521;31;2062;521;31;1041
521;31;1013;521;31;1053
521;31;1053;521;31;1066
521;31;1066;521;31;1013
521;31;72;521;31;1050
521;31;1050;521;31;72
521;31;2061;521;31;2926
521;31;2926;521;31;2061
521;31;2783;521;31;2785
521;31;2785;521;31;2783
521;31;1057;521;31;2714
521;31;2714;521;31;1057
521;31;1060;521;31;2715
521;31;2715;521;31;1060
521;31;74;521;31;809
521;31;809;521;31;1062
521;31;1062;521;31;74
521;31;1701;521;31;1703
521;31;1703;521;31;1701
521;31;2811;521;31;2812
521;31;2812;521;31;2811
521;31;705;521;31;1258
521;31;1258;521;31;705
521;31;706;521;31;1413
521;31;1413;521;31;2868
521;31;2868;521;31;706
521;31;1357;521;31;2716
521;31;2716;521;31;1357
521;31;3031;521;31;3032
521;31;3032;521;31;3031
521;31;3028;521;31;3029
521;31;3029;521;31;3028
521;31;1314;521;31;1316
521;31;1316;521;31;1358
521;31;1358;521;31;1360
521;31;1360;521;31;1314
521;31;1297;521;31;2786
521;31;2786;521;31;2787
521;31;2787;521;31;1297
521;31;1291;521;31;2788
521;31;2788;521;31;2789
521;31;2789;521;31;1291
521;31;1372;521;31;1374
521;31;1374;521;31;1372
521;31;1306;521;31;1308
521;31;1308;521;31;1367
521;31;1367;521;31;1306
521;31;1370;521;31;3030
521;31;3030;521;31;1370
521;31;1332;521;31;1371
521;31;1371;521;31;1332
521;31;656;521;31;763
521;31;763;521;31;996
521;31;996;521;31;656
521;31;830;521;31;997
521;31;997;521;31;830
521;31;12425;521;31;13241
521;31;13241;521;31;12425
521;31;13191;521;31;13243
521;31;13243;521;31;13191
521;31;725;521;31;2774
521;31;2774;521;31;2963
521;31;2963;521;31;725
521;31;653;521;31;3034
521;31;3034;521;31;653
521;31;687;521;31;694
521;31;694;521;31;687
521;31;217;521;31;689
521;31;689;521;31;217
521;31;690;521;31;858
521;31;858;521;31;690
521;31;649;521;31;652
521;31;652;521;31;649
521;31;231;521;31;233
521;31;233;521;31;235
521;31;235;521;31;231
521;31;225;521;31;229
521;31;229;521;31;239
521;31;239;521;31;225
521;31;2891;521;31;2901
521;31;2901;521;31;2891
521;31;752;521;31;853
521;31;853;521;31;752
521;31;18422;521;31;18424
521;31;18424;521;31;18762
521;31;18762;521;31;18422
521;31;18763;521;31;18974
521;31;18974;521;31;18763
521;31;18765;521;31;18965
521;31;18965;521;31;18765
521;31;18767;521;31;18851
521;31;18851;521;31;18767
521;31;12636;521;31;12639
521;31;12639;521;31;12642
521;31;12642;521;31;12645
521;31;12645;521;31;12636
521;31;12646;521;31;12648
521;31;12648;521;31;12646
521;31;12428;521;31;12430
521;31;12430;521;31;12862
521;31;12862;521;31;12864
521;31;12864;521;31;12428
521;31;12916;521;31;13225
521;31;13225;521;31;12916
521;31;13016;521;31;13089
521;31;13089;521;31;13016
521;31;12922;521;31;13226
521;31;13226;521;31;12922
521;31;895;521;31;902
521;31;902;521;31;895
521;31;12426;521;31;12730
521;31;12730;521;31;12732
521;31;12732;521;31;12426
521;31;12735;521;31;13229
521;31;13229;521;31;12735
521;31;12802;521;31;13230
521;31;13230;521;31;12802
521;31;12427;521;31;12792
521;31;12792;521;31;12794
521;31;12794;521;31;12427
521;31;1284;521;31;1289
521;31;1289;521;31;1420
521;31;1420;521;31;1284
521;31;1290;521;31;1349
521;31;1349;521;31;1351
521;31;1351;521;31;1290
521;31;19083;521;31;19105
521;31;19105;521;31;19083
521;31;18601;521;31;19106
521;31;19106;521;31;18601
521;31;12791;521;31;13058
521;31;13058;521;31;12791
521;31;12719;521;31;12739
521;31;12739;521;31;12719
521;31;2636;521;31;2640
521;31;2640;521;31;2636
521;31;2633;521;31;2637
521;31;2637;521;31;2633
521;31;12899;521;31;12955
521;31;12955;521;31;13083
521;31;13083;521;31;12899
521;31;12956;521;31;13113
521;31;13113;521;31;12956
521;31;2574;521;31;2641
521;31;2641;521;31;2574
521;31;1397;521;31;2712
521;31;2712;521;31;1397
521;31;1310;521;31;1409
521;31;1409;521;31;1310
521;31;1334;521;31;1410
521;31;1410;521;31;1334
521;31;849;521;31;856
521;31;856;521;31;849
521;31;837;521;31;850
521;31;850;521;31;837
521;31;13346;521;31;13349
521;31;13349;521;31;13351
521;31;13351;521;31;13346
521;31;13107;521;31;13155
521;31;13155;521;31;13107
521;31;12912;521;31;13140
521;31;13140;521;31;12912
521;31;917;521;31;3033
521;31;3033;521;31;917
521;31;18786;521;31;18790
521;31;18790;521;31;19247
521;31;19247;521;31;18786
521;31;18783;521;31;18785
521;31;18785;521;31;18783
521;31;18779;521;31;18781
521;31;18781;521;31;18779
521;31;18782;521;31;19240
521;31;19240;521;31;18782
521;31;18618;521;31;18638
521;31;18638;521;31;18821
521;31;18821;521;31;18618
521;31;18614;521;31;18822
521;31;18822;521;31;18614
521;31;18440;521;31;18442
521;31;18442;521;31;18823
521;31;18823;521;31;18440
521;31;18824;521;31;19052
521;31;19052;521;31;18824
521;31;18825;521;31;19038
521;31;19038;521;31;18825
521;31;18462;521;31;18826
521;31;18826;521;31;18462
521;31;18827;521;31;19025
521;31;19025;521;31;19027
521;31;19027;521;31;18827
521;31;18828;521;31;18987
521;31;18987;521;31;18989
521;31;18989;521;31;18828
521;31;18483;521;31;18829
521;31;18829;521;31;18483
521;31;18830;521;31;19011
521;31;19011;521;31;18830
521;31;18831;521;31;19176
521;31;19176;521;31;18831
521;31;18832;521;31;19008
521;31;19008;521;31;18832
521;31;18833;521;31;19006
521;31;19006;521;31;18833
521;31;18835;521;31;18836
521;31;18836;521;31;18835
521;31;18816;521;31;18948
521;31;18948;521;31;18816
521;31;18817;521;31;18953
521;31;18953;521;31;18817
521;31;18818;521;31;18962
521;31;18962;521;31;18818
521;31;18806;521;31;18808
521;31;18808;521;31;18838
521;31;18838;521;31;18806
521;31;18809;521;31;18891
521;31;18891;521;31;18893
521;31;18893;521;31;18809
521;31;18810;521;31;18884
521;31;18884;521;31;18886
521;31;18886;521;31;18810
521;31;12484;521;31;12486
521;31;12486;521;31;12484
521;31;12478;521;31;12480
521;31;12480;521;31;12483
521;31;12483;521;31;12478
521;31;12474;521;31;12489
521;31;12489;521;31;12474
521;31;12475;521;31;12477
521;31;12477;521;31;12475
521;31;12490;521;31;12492
521;31;12492;521;31;12490
521;31;12501;521;31;13046
521;31;13046;521;31;12501
521;31;12499;521;31;13047
521;31;13047;521;31;12499
521;31;18634;521;31;19211
521;31;19211;521;31;18634
521;31;18635;521;31;19222
521;31;19222;521;31;18635
521;31;19310;521;31;19311
521;31;19311;521;31;19310
521;31;12440;521;31;13344
521;31;13344;521;31;12440
521;31;1006;521;31;1328
521;31;1328;521;31;1006
521;31;2793;521;31;2794
521;31;2794;521;31;2793
521;31;12930;521;31;13115
521;31;13115;521;31;12930
521;31;12931;521;31;13180
521;31;13180;521;31;12931
521;31;12893;521;31;13010
521;31;13010;521;31;13175
521;31;13175;521;31;12893
521;31;12920;521;31;13216
521;31;13216;521;31;12920
521;31;12917;521;31;13217
521;31;13217;521;31;12917
521;31;13012;521;31;13017
521;31;13017;521;31;13012
521;31;12568;521;31;12570
521;31;12570;521;31;12568
521;31;12571;521;31;12573
521;31;12573;521;31;12571
521;31;12578;521;31;13149
521;31;13149;521;31;12578
521;31;12574;521;31;12583
521;31;12583;521;31;12585
521;31;12585;521;31;12574
521;31;12589;521;31;13150
521;31;13150;521;31;12589
521;31;12575;521;31;13173
521;31;13173;521;31;12575
521;31;18426;521;31;18600
521;31;18600;521;31;19369
521;31;19369;521;31;18426
521;31;18427;521;31;18430
521;31;18430;521;31;18689
521;31;18689;521;31;18691
521;31;18691;521;31;18427
521;31;18602;521;31;18684
521;31;18684;521;31;18686
521;31;18686;521;31;18602
521;31;18603;521;31;19099
521;31;19099;521;31;18603
521;31;932;521;31;934
521;31;934;521;31;932
521;31;742;521;31;936
521;31;936;521;31;742
521;31;19069;521;31;19146
521;31;19146;521;31;19069
521;31;19070;521;31;19148
521;31;19148;521;31;19070
521;31;18613;521;31;19072
521;31;19072;521;31;18613
521;31;12662;521;31;12687
521;31;12687;521;31;12662
521;31;19219;521;31;19227
521;31;19227;521;31;19219
521;31;18626;521;31;18628
521;31;18628;521;31;19220
521;31;19220;521;31;18626
521;31;18644;521;31;18646
521;31;18646;521;31;19221
521;31;19221;521;31;18644
521;31;18471;521;31;19223
521;31;19223;521;31;18471
521;31;18488;521;31;19224
521;31;19224;521;31;18488
521;31;18660;521;31;19143
521;31;19143;521;31;18660
521;31;18661;521;31;18663
521;31;18663;521;31;18661
521;31;13293;521;31;13295
521;31;13295;521;31;13293
521;31;12898;521;31;12934
521;31;12934;521;31;12936
521;31;12936;521;31;12898
521;31;12939;521;31;13090
521;31;13090;521;31;12939
521;31;18683;521;31;19084
521;31;19084;521;31;19086
521;31;19086;521;31;18683
521;31;19087;521;31;19098
521;31;19098;521;31;19087
521;31;2960;521;31;2962
521;31;2962;521;31;2960
521;31;18914;521;31;18916
521;31;18916;521;31;18914
521;31;18917;521;31;18919
521;31;18919;521;31;18917
521;31;13265;521;31;13271
521;31;13271;521;31;13265
521;31;13277;521;31;13280
521;31;13280;521;31;13277
521;31;558;521;31;921
521;31;921;521;31;558
521;31;623;521;31;674
521;31;674;521;31;623
521;31;624;521;31;757
521;31;757;521;31;970
521;31;970;521;31;624
521;31;865;521;31;1497
521;31;1497;521;31;865
521;31;1613;521;31;1615
521;31;1615;521;31;1613
521;31;12712;521;31;13160
521;31;13160;521;31;12712
521;31;12795;521;31;12809
521;31;12809;521;31;12811
521;31;12811;521;31;12795
521;31;12812;521;31;12837
521;31;12837;521;31;13359
521;31;13359;521;31;12812
521;31;12813;521;31;12815
521;31;12815;521;31;12821
521;31;12821;521;31;12813
521;31;18687;521;31;19074
521;31;19074;521;31;19305
521;31;19305;521;31;18687
521;31;18438;521;31;19149
521;31;19149;521;31;19151
521;31;19151;521;31;18438
521;31;1135;521;31;2577
521;31;2577;521;31;1135
521;31;741;521;31;2578
521;31;2578;521;31;741
521;31;18439;521;31;19161
521;31;19161;521;31;19163
521;31;19163;521;31;18439
521;31;19051;521;31;19164
521;31;19164;521;31;19051
521;31;19037;521;31;19165
521;31;19165;521;31;19037
521;31;18461;521;31;19166
521;31;19166;521;31;19168
521;31;19168;521;31;18461
521;31;18887;521;31;18894
521;31;18894;521;31;18887
521;31;1651;521;31;1655
521;31;1655;521;31;1651
521;31;1609;521;31;1611
521;31;1611;521;31;1609
521;31;18672;521;31;18755
521;31;18755;521;31;18757
521;31;18757;521;31;18672
521;31;18673;521;31;18675
521;31;18675;521;31;18673
521;31;12891;521;31;13059
521;31;13059;521;31;12891
521;31;218;521;31;2990
521;31;2990;521;31;218
521;31;1757;521;31;1759
521;31;1759;521;31;1757
521;31;1763;521;31;1767
521;31;1767;521;31;1775
521;31;1775;521;31;1763
521;31;1765;521;31;1773
521;31;1773;521;31;1765
521;31;1761;521;31;1769
521;31;1769;521;31;1761
521;31;18521;521;31;18523
521;31;18523;521;31;19293
521;31;19293;521;31;18521
521;31;18524;521;31;18573
521;31;18573;521;31;18524
521;31;2650;521;31;2652
521;31;2652;521;31;2655
521;31;2655;521;31;2650
521;31;442;521;31;961
521;31;961;521;31;2656
521;31;2656;521;31;442
521;31;973;521;31;975
521;31;975;521;31;2661
521;31;2661;521;31;2719
521;31;2719;521;31;973
521;31;1277;521;31;1287
521;31;1287;521;31;1277
521;31;1283;521;31;1293
521;31;1293;521;31;1283
521;31;1286;521;31;1425
521;31;1425;521;31;1432
521;31;1432;521;31;1286
521;31;1269;521;31;1271
521;31;1271;521;31;1299
521;31;1299;521;31;1269
521;31;12623;521;31;12625
521;31;12625;521;31;13143
521;31;13143;521;31;12623
521;31;12626;521;31;13245
521;31;13245;521;31;12626
521;31;12616;521;31;13102
521;31;13102;521;31;12616
521;31;12619;521;31;12627
521;31;12627;521;31;12619
521;31;1419;521;31;1422
521;31;1422;521;31;1419
521;31;1278;521;31;1423
521;31;1423;521;31;1278
521;31;2835;521;31;2837
521;31;2837;521;31;2835
521;31;18553;521;31;18680
521;31;18680;521;31;18682
521;31;18682;521;31;18553
521;31;18479;521;31;18699
521;31;18699;521;31;19250
521;31;19250;521;31;19322
521;31;19322;521;31;18479
521;31;18692;521;31;19042
521;31;19042;521;31;19044
521;31;19044;521;31;18692
521;31;1070;521;31;1517
521;31;1517;521;31;1070
521;31;19022;521;31;19024
521;31;19024;521;31;19169
521;31;19169;521;31;19022
521;31;277;521;31;1538
521;31;1538;521;31;277
521;31;287;521;31;1529
521;31;1529;521;31;287
521;31;289;521;31;1536
521;31;1536;521;31;289
521;31;291;521;31;1534
521;31;1534;521;31;291
521;31;279;521;31;1532
521;31;1532;521;31;279
521;31;293;521;31;295
521;31;295;521;31;293
521;31;19326;521;31;19330
521;31;19330;521;31;19326
521;31;18586;521;31;18588
521;31;18588;521;31;19327
521;31;19327;521;31;18586
521;31;12742;521;31;13105
521;31;13105;521;31;12742
521;31;13103;521;31;13176
521;31;13176;521;31;13103
521;31;12696;521;31;12743
521;31;12743;521;31;12696
521;31;12701;521;31;13104
521;31;13104;521;31;12701
521;31;13048;521;31;13049
521;31;13049;521;31;13048
521;31;12744;521;31;13122
521;31;13122;521;31;12744
521;31;12660;521;31;12721
521;31;12721;521;31;12660
521;31;13061;521;31;13125
521;31;13125;521;31;13061
521;31;12723;521;31;12766
521;31;12766;521;31;12723
521;31;1781;521;31;1815
521;31;1815;521;31;1781
521;31;12908;521;31;13358
521;31;13358;521;31;12908
521;31;13062;521;31;13154
521;31;13154;521;31;13062
521;31;18502;521;31;19217
521;31;19217;521;31;18502
521;31;18966;521;31;19002
521;31;19002;521;31;18966
521;31;30100;521;31;33052
521;31;33052;521;31;30100
521;31;33059;521;31;33071
521;31;33071;521;31;33059
521;31;33068;521;31;36052
521;31;36052;521;31;33068
521;31;30063;521;31;30089
521;31;30089;521;31;30063
521;31;18568;521;31;18570
521;31;18570;521;31;18568
521;31;2618;521;31;2620
521;31;2620;521;31;2618
521;31;12597;521;31;12599
521;31;12599;521;31;12604
521;31;12604;521;31;12610
521;31;12610;521;31;12597
521;31;12600;521;31;12615
521;31;12615;521;31;12600
521;31;12601;521;31;13111
521;31;13111;521;31;12601
521;31;418;521;31;1093
521;31;1093;521;31;1095
521;31;1095;521;31;418
521;31;18415;521;31;18417
521;31;18417;521;31;18415
521;31;18418;521;31;18420
521;31;18420;521;31;18418
521;31;18421;521;31;18597
521;31;18597;521;31;18421
521;31;1011;521;31;1436
521;31;1436;521;31;1011
521;31;1001;521;31;1122
521;31;1122;521;31;1437
521;31;1437;521;31;2047
521;31;2047;521;31;1001
521;31;1294;521;31;1296
521;31;1296;521;31;1348
521;31;1348;521;31;1294
521;31;1303;521;31;1305
521;31;1305;521;31;1340
521;31;1340;521;31;1342
521;31;1342;521;31;1303
521;31;1557;521;31;1791
521;31;1791;521;31;1813
521;31;1813;521;31;1821
521;31;1821;521;31;1557
521;31;1827;521;31;1829
521;31;1829;521;31;1827
521;31;1331;521;31;1344
521;31;1344;521;31;1331
521;31;1835;521;31;1837
521;31;1837;521;31;1835
521;31;1831;521;31;1833
521;31;1833;521;31;1831
521;31;1158;521;31;1164
521;31;1164;521;31;1158
521;31;1165;521;31;1167
521;31;1167;521;31;1165
521;31;505;521;31;1119
521;31;1119;521;31;3027
521;31;3027;521;31;505
521;31;19337;521;31;19340
521;31;19340;521;31;19337
521;31;18554;521;31;18560
521;31;18560;521;31;18554
521;31;18555;521;31;19139
521;31;19139;521;31;18555
521;31;18557;521;31;19178
521;31;19178;521;31;18557
521;31;12872;521;31;12999
521;31;12999;521;31;12872
521;31;12873;521;31;13082
521;31;13082;521;31;12873
521;31;12874;521;31;13006
521;31;13006;521;31;12874
521;31;12875;521;31;12877
521;31;12877;521;31;12875
521;31;18744;521;31;18746
521;31;18746;521;31;18804
521;31;18804;521;31;19366
521;31;19366;521;31;18744
521;31;18805;521;31;18922
521;31;18922;521;31;18805
521;31;12781;521;31;12998
521;31;12998;521;31;13108
521;31;13108;521;31;12781
521;31;19180;521;31;19307
521;31;19307;521;31;19180
521;31;12419;521;31;12859
521;31;12859;521;31;12861
521;31;12861;521;31;13450
521;31;13450;521;31;12419
521;31;12869;521;31;12964
521;31;12964;521;31;12869
521;31;12992;521;31;13109
521;31;13109;521;31;12992
521;31;12983;521;31;13110
521;31;13110;521;31;12983
521;31;12965;521;31;13025
521;31;13025;521;31;12965
521;31;12966;521;31;13078
521;31;13078;521;31;12966
521;31;1581;521;31;1583
521;31;1583;521;31;1585
521;31;1585;521;31;1581
521;31;13313;521;31;13317
521;31;13317;521;31;13313
521;31;2684;521;31;2686
521;31;2686;521;31;2684
521;31;2687;521;31;2689
521;31;2689;521;31;2687
521;31;2690;521;31;2692
521;31;2692;521;31;2690
521;31;1198;521;31;1200
521;31;1200;521;31;2693
521;31;2693;521;31;1198
521;31;1238;521;31;1240
521;31;1240;521;31;2803
521;31;2803;521;31;1238
521;31;1252;521;31;1254
521;31;1254;521;31;1252
521;31;18517;521;31;19186
521;31;19186;521;31;18517
521;31;18642;521;31;19187
521;31;19187;521;31;19189
521;31;19189;521;31;18642
521;31;18547;521;31;18758
521;31;18758;521;31;19313
521;31;19313;521;31;18547
521;31;1077;521;31;1079
521;31;1079;521;31;1077
521;31;1081;521;31;1084
521;31;1084;521;31;1081
521;31;18941;521;31;18958
521;31;18958;521;31;18941
521;31;18934;521;31;18936
521;31;18936;521;31;19317
521;31;19317;521;31;18934
521;31;2930;521;31;2934
521;31;2934;521;31;2930
521;31;2737;521;31;2739
521;31;2739;521;31;2737
521;31;1867;521;31;1869
521;31;1869;521;31;1867
521;31;1857;521;31;1861
521;31;1861;521;31;1865
521;31;1865;521;31;1857
521;31;1855;521;31;2729
521;31;2729;521;31;2731
521;31;2731;521;31;3009
521;31;3009;521;31;3011
521;31;3011;521;31;3013
521;31;3013;521;31;1855
521;31;214;521;31;770
521;31;770;521;31;2052
521;31;2052;521;31;214
521;31;227;521;31;237
521;31;237;521;31;227
521;31;281;521;31;301
521;31;301;521;31;281
521;31;285;521;31;297
521;31;297;521;31;285
521;31;283;521;31;299
521;31;299;521;31;283
521;31;1540;521;31;1546
521;31;1546;521;31;1540
521;31;241;521;31;267
521;31;267;521;31;241
521;31;245;521;31;265
521;31;265;521;31;245
521;31;243;521;31;271
521;31;271;521;31;243
521;31;249;521;31;259
521;31;259;521;31;249
521;31;253;521;31;261
521;31;261;521;31;253
521;31;247;521;31;263
521;31;263;521;31;247
521;31;321;521;31;327
521;31;327;521;31;321
521;31;2733;521;31;2735
521;31;2735;521;31;2733
521;31;349;521;31;355
521;31;355;521;31;1849
521;31;1849;521;31;349
521;31;269;521;31;275
521;31;275;521;31;269
521;31;347;521;31;353
521;31;353;521;31;347
521;31;333;521;31;335
521;31;335;521;31;333
521;31;1542;521;31;1544
521;31;1544;521;31;1542
521;31;251;521;31;257
521;31;257;521;31;251
521;31;1859;521;31;1863
521;31;1863;521;31;1859
521;31;323;521;31;325
521;31;325;521;31;323
521;31;255;521;31;273
521;31;273;521;31;255
521;31;337;521;31;345
521;31;345;521;31;351
521;31;351;521;31;337
521;31;339;521;31;341
521;31;341;521;31;1845
521;31;1845;521;31;339
521;31;329;521;31;331
521;31;331;521;31;329
521;31;877;521;31;898
521;31;898;521;31;2605
521;31;2605;521;31;877
521;31;490;521;31;899
521;31;899;521;31;490
521;31;874;521;31;876
521;31;876;521;31;890
521;31;890;521;31;874
521;31;428;521;31;489
521;31;489;521;31;889
521;31;889;521;31;428
521;31;493;521;31;542
521;31;542;521;31;493
521;31;494;521;31;1171
521;31;1171;521;31;494
521;31;496;521;31;528
521;31;528;521;31;536
521;31;536;521;31;496
521;31;497;521;31;1235
521;31;1235;521;31;2677
521;31;2677;521;31;497
521;31;12629;521;31;12632
521;31;12632;521;31;12629
521;31;12630;521;31;12638
521;31;12638;521;31;12630
521;31;2646;521;31;2710
521;31;2710;521;31;2646
521;31;475;521;31;998
521;31;998;521;31;475
521;31;563;521;31;999
521;31;999;521;31;563
521;31;676;521;31;2662
521;31;2662;521;31;676
521;31;677;521;31;2664
521;31;2664;521;31;677
521;31;538;521;31;678
521;31;678;521;31;538
521;31;2883;521;31;2887
521;31;2887;521;31;2883
521;31;2884;521;31;2985
521;31;2985;521;31;2884
521;31;1111;521;31;1114
521;31;1114;521;31;1111
521;31;1115;521;31;1126
521;31;1126;521;31;1115
521;31;1123;521;31;1125
521;31;1125;521;31;1123
521;31;1127;521;31;2931
521;31;2931;521;31;1127
521;31;18648;521;31;18650
521;31;18650;521;31;18648
521;31;18583;521;31;18651
521;31;18651;521;31;18583
521;31;379;521;31;381
521;31;381;521;31;379
521;31;904;521;31;930
521;31;930;521;31;904
521;31;717;521;31;744
521;31;744;521;31;931
521;31;931;521;31;717
521;31;1591;521;31;1593
521;31;1593;521;31;1591
521;31;1595;521;31;1597
521;31;1597;521;31;1595
521;31;73;521;31;860
521;31;860;521;31;73
521;31;424;521;31;1089
521;31;1089;521;31;2060
521;31;2060;521;31;424
521;31;427;521;31;464
521;31;464;521;31;473
521;31;473;521;31;427
521;31;2540;521;31;2544
521;31;2544;521;31;2813
521;31;2813;521;31;2540
521;31;2551;521;31;2553
521;31;2553;521;31;2814
521;31;2814;521;31;2551
521;31;18490;521;31;19216
521;31;19216;521;31;18490
521;31;18879;521;31;18959
521;31;18959;521;31;18961
521;31;18961;521;31;18879
521;31;18846;521;31;18956
521;31;18956;521;31;18846
521;31;18901;521;31;18957
521;31;18957;521;31;18901
521;31;18458;521;31;19126
521;31;19126;521;31;19128
521;31;19128;521;31;18458
521;31;19018;521;31;19129
521;31;19129;521;31;19018
521;31;18982;521;31;18984
521;31;18984;521;31;19130
521;31;19130;521;31;18982
521;31;18480;521;31;19131
521;31;19131;521;31;18480
521;31;18986;521;31;19170
521;31;19170;521;31;19172
521;31;19172;521;31;18986
521;31;18976;521;31;18996
521;31;18996;521;31;18976
521;31;18839;521;31;18911
521;31;18911;521;31;18913
521;31;18913;521;31;18839
521;31;18844;521;31;18944
521;31;18944;521;31;18844
521;31;18845;521;31;18950
521;31;18950;521;31;18845
521;31;1217;521;31;1219
521;31;1219;521;31;1217
521;31;12607;521;31;12618
521;31;12618;521;31;12607
521;31;19075;521;31;19103
521;31;19103;521;31;19075
521;31;12946;521;31;13021
521;31;13021;521;31;12946
521;31;18667;521;31;18669
521;31;18669;521;31;19292
521;31;19292;521;31;18667
521;31;19265;521;31;19267
521;31;19267;521;31;19271
521;31;19271;521;31;19265
521;31;18463;521;31;18466
521;31;18466;521;31;18468
521;31;18468;521;31;18463
521;31;18469;521;31;19194
521;31;19194;521;31;18469
521;31;18470;521;31;19212
521;31;19212;521;31;18470
521;31;18472;521;31;18489
521;31;18489;521;31;18472
521;31;19191;521;31;19193
521;31;19193;521;31;19191
521;31;18991;521;31;19195
521;31;19195;521;31;18991
521;31;18485;521;31;19196
521;31;19196;521;31;19198
521;31;19198;521;31;18485
521;31;12886;521;31;13288
521;31;13288;521;31;12886
521;31;18484;521;31;19183
521;31;19183;521;31;18484
521;31;19012;521;31;19184
521;31;19184;521;31;19012
521;31;12707;521;31;13055
521;31;13055;521;31;12707
521;31;12704;521;31;13054
521;31;13054;521;31;12704
521;31;12705;521;31;12714
521;31;12714;521;31;12705
521;31;12603;521;31;12606
521;31;12606;521;31;12614
521;31;12614;521;31;12603
521;31;18900;521;31;18951
521;31;18951;521;31;18900
521;31;18878;521;31;18952
521;31;18952;521;31;18878
521;31;1727;521;31;1729
521;31;1729;521;31;1743
521;31;1743;521;31;1727
521;31;1731;521;31;1739
521;31;1739;521;31;1741
521;31;1741;521;31;1819
521;31;1819;521;31;2727
521;31;2727;521;31;1731
521;31;701;521;31;710
521;31;710;521;31;1402
521;31;1402;521;31;2871
521;31;2871;521;31;701
521;31;702;521;31;2809
521;31;2809;521;31;702
521;31;1733;521;31;1735
521;31;1735;521;31;1733
521;31;1723;521;31;1745
521;31;1745;521;31;1723
521;31;567;521;31;574
521;31;574;521;31;567
521;31;1168;521;31;1172
521;31;1172;521;31;1168
521;31;19055;521;31;19093
521;31;19093;521;31;19055
521;31;19040;521;31;19094
521;31;19094;521;31;19040
521;31;2557;521;31;2563
521;31;2563;521;31;2557
521;31;2561;521;31;2564
521;31;2564;521;31;2561
521;31;18621;521;31;18670
521;31;18670;521;31;18621
521;31;1567;521;31;1569
521;31;1569;521;31;1571
521;31;1571;521;31;1567
521;31;205;521;31;2560
521;31;2560;521;31;205
521;31;12437;521;31;12656
521;31;12656;521;31;12996
521;31;12996;521;31;12437
521;31;18054;521;31;18065
521;31;18065;521;31;18054
521;31;419;521;31;2536
521;31;2536;521;31;419
521;31;45054;521;31;48052
521;31;48052;521;31;45054
521;31;12748;521;31;12750
521;31;12750;521;31;13093
521;31;13093;521;31;12748
521;31;12751;521;31;13161
521;31;13161;521;31;12751
521;31;12752;521;31;13164
521;31;13164;521;31;12752
521;31;12746;521;31;13426
521;31;13426;521;31;12746
521;31;12692;521;31;13126
521;31;13126;521;31;13452
521;31;13452;521;31;12692
521;31;12697;521;31;12747
521;31;12747;521;31;12697
521;31;12702;521;31;13127
521;31;13127;521;31;12702
521;31;12822;521;31;12845
521;31;12845;521;31;12847
521;31;12847;521;31;12822
521;31;12799;521;31;12843
521;31;12843;521;31;12799
521;31;12816;521;31;12844
521;31;12844;521;31;12816
521;31;18629;521;31;18631
521;31;18631;521;31;18629
521;31;12776;521;31;12947
521;31;12947;521;31;12776
521;31;12833;521;31;13158
521;31;13158;521;31;12833
521;31;12834;521;31;13179
521;31;13179;521;31;12834
521;31;18990;521;31;19029
521;31;19029;521;31;18990
521;31;18992;521;31;19213
521;31;19213;521;31;18992
521;31;18739;521;31;18741
521;31;18741;521;31;19360
521;31;19360;521;31;18739
521;31;18863;521;31;18882
521;31;18882;521;31;19253
521;31;19253;521;31;18863
521;31;18864;521;31;18867
521;31;18867;521;31;18864
521;31;18491;521;31;18858
521;31;18858;521;31;18491
521;31;950;521;31;952
521;31;952;521;31;1223
521;31;1223;521;31;950
521;31;19116;521;31;19123
521;31;19123;521;31;19116
521;31;714;521;31;836
521;31;836;521;31;714
521;31;373;521;31;375
521;31;375;521;31;377
521;31;377;521;31;373
521;31;716;521;31;908
521;31;908;521;31;910
521;31;910;521;31;716
521;31;912;521;31;914
521;31;914;521;31;912
521;31;2599;521;31;2601
521;31;2601;521;31;2599
521;31;1186;521;31;2582
521;31;2582;521;31;1186
521;31;445;521;31;2665
521;31;2665;521;31;445
521;31;446;521;31;448
521;31;448;521;31;531
521;31;531;521;31;446
521;31;532;521;31;1232
521;31;1232;521;31;1234
521;31;1234;521;31;532
521;31;533;521;31;535
521;31;535;521;31;886
521;31;886;521;31;533
521;31;1382;521;31;1384
521;31;1384;521;31;1382
521;31;12915;521;31;13129
521;31;13129;521;31;12915
521;31;13007;521;31;13015
521;31;13015;521;31;13007
521;31;18625;521;31;19208
521;31;19208;521;31;18625
521;31;18643;521;31;19209
521;31;19209;521;31;18643
521;31;18445;521;31;19210
521;31;19210;521;31;18445
521;31;18487;521;31;19214
521;31;19214;521;31;18487
521;31;1008;521;31;1088
521;31;1088;521;31;1008
521;31;1009;521;31;1099
521;31;1099;521;31;1101
521;31;1101;521;31;1009
521;31;465;521;31;2571
521;31;2571;521;31;465
521;31;1012;521;31;1120
521;31;1120;521;31;1012
521;31;470;521;31;480
521;31;480;521;31;482
521;31;482;521;31;470
521;31;471;521;31;553
521;31;553;521;31;471
521;31;472;521;31;547
521;31;547;521;31;472
521;31;436;521;31;476
521;31;476;521;31;436
521;31;2827;521;31;2832
521;31;2832;521;31;2827
521;31;12894;521;31;13301
521;31;13301;521;31;12894
521;31;18617;521;31;18620
521;31;18620;521;31;18617
521;31;18518;521;31;18520
521;31;18520;521;31;18622
521;31;18622;521;31;18624
521;31;18624;521;31;18518
521;31;1747;521;31;1749
521;31;1749;521;31;1751
521;31;1751;521;31;1747
521;31;12984;521;31;12986
521;31;12986;521;31;12984
521;31;12990;521;31;13181
521;31;13181;521;31;12990
521;31;18434;521;31;19133
521;31;19133;521;31;18434
521;31;19046;521;31;19134
521;31;19134;521;31;19046
521;31;19032;521;31;19135
521;31;19135;521;31;19032
521;31;19050;521;31;19152
521;31;19152;521;31;19050
521;31;1709;521;31;1711
521;31;1711;521;31;1709
521;31;1753;521;31;1755
521;31;1755;521;31;1753
521;31;1807;521;31;1811
521;31;1811;521;31;1807
521;31;1777;521;31;1779
521;31;1779;521;31;1777
521;31;1695;521;31;1707
521;31;1707;521;31;1695
521;31;1719;521;31;1721
521;31;1721;521;31;1719
521;31;1839;521;31;1841
521;31;1841;521;31;1843
521;31;1843;521;31;1839
521;31;369;521;31;1551
521;31;1551;521;31;1553
521;31;1553;521;31;1725
521;31;1725;521;31;1793
521;31;1793;521;31;1795
521;31;1795;521;31;1847
521;31;1847;521;31;369
521;31;399;521;31;1547
521;31;1547;521;31;399
521;31;1823;521;31;1825
521;31;1825;521;31;1823
521;31;391;521;31;393
521;31;393;521;31;391
521;31;383;521;31;385
521;31;385;521;31;383
521;31;365;521;31;367
521;31;367;521;31;371
521;31;371;521;31;365
521;31;357;521;31;359
521;31;359;521;31;357
521;31;1134;521;31;1503
521;31;1503;521;31;1134
521;31;1153;521;31;1508
521;31;1508;521;31;1153
521;31;1203;521;31;1510
521;31;1510;521;31;1203
521;31;1512;521;31;2699
521;31;2699;521;31;1512
521;31;1549;521;31;1555
521;31;1555;521;31;1549
521;31;361;521;31;363
521;31;363;521;31;361
521;31;387;521;31;389
521;31;389;521;31;387
521;31;75;521;31;306
521;31;306;521;31;75
521;31;1649;521;31;1653
521;31;1653;521;31;1649
521;31;1643;521;31;1645
521;31;1645;521;31;1643
521;31;1693;521;31;1697
521;31;1697;521;31;1699
521;31;1699;521;31;1693
521;31;1679;521;31;1689
521;31;1689;521;31;1679
521;31;1681;521;31;1687
521;31;1687;521;31;1681
521;31;1677;521;31;1691
521;31;1691;521;31;1677
521;31;1715;521;31;1717
521;31;1717;521;31;1715
521;31;1665;521;31;1667
521;31;1667;521;31;1665
521;31;1641;521;31;1647
521;31;1647;521;31;1641
521;31;1683;521;31;1685
521;31;1685;521;31;1683
521;31;1657;521;31;1659
521;31;1659;521;31;1661
521;31;1661;521;31;1657
521;31;1669;521;31;1671
521;31;1671;521;31;1669
521;31;203;521;31;1110
521;31;1110;521;31;2745
521;31;2745;521;31;203
521;31;1563;521;31;1565
521;31;1565;521;31;1563
521;31;1573;521;31;1575
521;31;1575;521;31;1573
521;31;1559;521;31;1561
521;31;1561;521;31;1559
521;31;1577;521;31;1579
521;31;1579;521;31;1577
521;31;1587;521;31;1589
521;31;1589;521;31;1587
521;31;2761;521;31;2763
521;31;2763;521;31;2761
521;31;1631;521;31;1633
521;31;1633;521;31;1631
521;31;1599;521;31;1601
521;31;1601;521;31;1603
521;31;1603;521;31;1599
521;31;1617;521;31;1619
521;31;1619;521;31;1617
521;31;2765;521;31;2767
521;31;2767;521;31;2769
521;31;2769;521;31;2765
521;31;1625;521;31;1627
521;31;1627;521;31;1629
521;31;1629;521;31;1625
521;31;1605;521;31;1607
521;31;1607;521;31;1605
521;31;1621;521;31;1623
521;31;1623;521;31;1621
521;31;1635;521;31;1637
521;31;1637;521;31;1639
521;31;1639;521;31;1635
521;31;13132;521;31;13357
521;31;13357;521;31;13132
521;31;18751;521;31;18943
521;31;18943;521;31;18751
521;31;12582;521;31;12596
521;31;12596;521;31;12582
521;31;2751;521;31;2753
521;31;2753;521;31;2755
521;31;2755;521;31;2751
521;31;2747;521;31;2749
521;31;2749;521;31;2747
521;31;2757;521;31;2759
521;31;2759;521;31;2757
521;31;13432;521;31;13435
521;31;13435;521;31;13438
521;31;13438;521;31;13432
521;31;13439;521;31;13441
521;31;13441;521;31;13439
521;31;2644;521;31;2647
521;31;2647;521;31;2644
521;31;1138;521;31;1145
521;31;1145;521;31;1138
521;31;1146;521;31;1478
521;31;1478;521;31;1146
521;31;1136;521;31;2966
521;31;2966;521;31;1136
521;31;740;521;31;2967
521;31;2967;521;31;740
521;31;548;521;31;2588
521;31;2588;521;31;548
521;31;2589;521;31;2592
521;31;2592;521;31;2589
521;31;18875;521;31;18877
521;31;18877;521;31;18947
521;31;18947;521;31;18875
521;31;18883;521;31;18905
521;31;18905;521;31;18883
521;31;12831;521;31;13135
521;31;13135;521;31;12831
521;31;12775;521;31;12817
521;31;12817;521;31;12775
521;31;12836;521;31;13162
521;31;13162;521;31;12836
521;31;12883;521;31;12890
521;31;12890;521;31;13174
521;31;13174;521;31;12883
521;31;13136;521;31;13208
521;31;13208;521;31;13136
521;31;12840;521;31;12884
521;31;12884;521;31;12840
521;31;12808;521;31;13084
521;31;13084;521;31;12808
521;31;12914;521;31;13138
521;31;13138;521;31;12914
521;31;12903;521;31;13139
521;31;13139;521;31;12903
521;31;13409;521;31;13414
521;31;13414;521;31;13409
521;31;1259;521;31;1261
521;31;1261;521;31;1259
521;31;18747;521;31;18909
521;31;18909;521;31;18747
521;31;12542;521;31;12586
521;31;12586;521;31;12542
521;31;13141;521;31;13144
521;31;13144;521;31;13141
521;31;18561;521;31;18563
521;31;18563;521;31;18561
521;31;12579;521;31;13095
521;31;13095;521;31;12579
521;31;12622;521;31;13142
521;31;13142;521;31;12622
521;31;12590;521;31;13238
521;31;13238;521;31;12590
521;31;60092;521;31;60094
521;31;60094;521;31;60092
521;31;13434;521;31;13445
521;31;13445;521;31;13434
521;31;2823;521;31;2828
521;31;2828;521;31;2823
521;31;13383;521;31;13385
521;31;13385;521;31;13383
521;31;577;521;31;892
521;31;892;521;31;946
521;31;946;521;31;948
521;31;948;521;31;577
521;31;2817;521;31;2834
521;31;2834;521;31;2817
521;31;1243;521;31;2629
521;31;2629;521;31;1243
521;31;2815;521;31;2819
521;31;2819;521;31;2815
521;31;2816;521;31;2822
521;31;2822;521;31;2816
521;31;39058;521;31;42052
521;31;42052;521;31;39058
521;31;13311;521;31;13314
521;31;13314;521;31;13311
521;31;12827;521;31;13156
521;31;13156;521;31;12827
521;31;13151;521;31;13231
521;31;13231;521;31;13151
521;31;12803;521;31;12805
521;31;12805;521;31;12819
521;31;12819;521;31;13196
521;31;13196;521;31;12803
521;31;12796;521;31;12798
521;31;12798;521;31;12820
521;31;12820;521;31;12796
521;31;12824;521;31;13152
521;31;13152;521;31;12824
521;31;12830;521;31;13157
521;31;13157;521;31;12830
521;31;13153;521;31;13232
521;31;13232;521;31;13153
521;31;13413;521;31;13420
521;31;13420;521;31;13413
521;31;12902;521;31;13003
521;31;13003;521;31;12902
521;31;501;521;31;968
521;31;968;521;31;501
521;31;13075;521;31;13361
521;31;13361;521;31;13075
521;31;12771;521;31;12800
521;31;12800;521;31;13076
521;31;13076;521;31;13363
521;31;13363;521;31;12771
521;31;2849;521;31;2852
521;31;2852;521;31;2849
521;31;19286;521;31;19288
521;31;19288;521;31;19286
521;31;2893;521;31;2895
521;31;2895;521;31;2893
521;31;18899;521;31;18945
521;31;18945;521;31;18899
521;31;19036;521;31;19153
521;31;19153;521;31;19036
521;31;2892;521;31;2910
521;31;2910;521;31;2892
521;31;18910;521;31;18923
521;31;18923;521;31;18910
521;31;564;521;31;566
521;31;566;521;31;864
521;31;864;521;31;564
521;31;455;521;31;580
521;31;580;521;31;582
521;31;582;521;31;972
521;31;972;521;31;455
521;31;19015;521;31;19017
521;31;19017;521;31;19015
521;31;18457;521;31;19118
521;31;19118;521;31;18457
521;31;19014;521;31;19119
521;31;19119;521;31;19014
521;31;19041;521;31;19091
521;31;19091;521;31;19041
521;31;13412;521;31;13417
521;31;13417;521;31;13412
521;31;1149;521;31;1152
521;31;1152;521;31;1155
521;31;1155;521;31;1149
521;31;12758;521;31;13236
521;31;13236;521;31;12758
521;31;13091;521;31;13165
521;31;13165;521;31;13091
521;31;12759;521;31;13166
521;31;13166;521;31;12759
521;31;18516;521;31;18639
521;31;18639;521;31;18641
521;31;18641;521;31;18516
521;31;18444;521;31;19190
521;31;19190;521;31;18444
521;31;18443;521;31;18465
521;31;18465;521;31;18443
521;31;12736;521;31;12767
521;31;12767;521;31;12736
521;31;739;521;31;827
521;31;827;521;31;739
521;31;2957;521;31;2959
521;31;2959;521;31;2957
521;31;54;521;31;105
521;31;105;521;31;54
521;31;19331;521;31;19333
521;31;19333;521;31;19331
521;31;19258;521;31;19260
521;31;19260;521;31;19258
521;31;2953;521;31;2956
521;31;2956;521;31;2953
521;31;1388;521;31;1427
521;31;1427;521;31;1388
521;31;1389;521;31;1391
521;31;1391;521;31;1389
521;31;3022;521;31;3023
521;31;3023;521;31;3022
521;31;1106;521;31;1109
521;31;1109;521;31;1106
521;31;57069;521;31;57075
521;31;57075;521;31;57069
521;31;19059;521;31;19062
521;31;19062;521;31;19059
521;31;19063;521;31;19065
521;31;19065;521;31;19063
521;31;13411;521;31;13423
521;31;13423;521;31;13411
521;31;18578;521;31;18581
521;31;18581;521;31;18578
521;31;18582;521;31;19228
521;31;19228;521;31;18582
521;31;18607;521;31;19144
521;31;19144;521;31;18607
521;31;19079;521;31;19145
521;31;19145;521;31;19079
521;31;19355;521;31;19357
521;31;19357;521;31;19355
521;31;568;521;31;576
521;31;576;521;31;1216
521;31;1216;521;31;568
521;31;19289;521;31;19290
521;31;19290;521;31;19289
521;31;13257;521;31;13444
521;31;13444;521;31;13257
521;31;13442;521;31;13446
521;31;13446;521;31;13442
521;31;12657;521;31;12659
521;31;12659;521;31;12657
521;31;12683;521;31;13067
521;31;13067;521;31;12683
521;31;12678;521;31;13068
521;31;13068;521;31;12678
521;31;18589;521;31;18591
521;31;18591;521;31;18589
521;31;2938;521;31;2940
521;31;2940;521;31;2938
521;31;826;521;31;2941
521;31;2941;521;31;826
521;31;12676;521;31;13073
521;31;13073;521;31;12676
521;31;13069;521;31;13071
521;31;13071;521;31;13069
521;31;12677;521;31;13072
521;31;13072;521;31;12677
521;31;12674;521;31;13070
521;31;13070;521;31;12674
521;31;2696;521;31;2698
521;31;2698;521;31;2696
521;31;1204;521;31;1206
521;31;1206;521;31;2700
521;31;2700;521;31;1204
521;31;18574;521;31;19181
521;31;19181;521;31;18574
521;31;18575;521;31;18577
521;31;18577;521;31;18575
521;31;19352;521;31;19354
521;31;19354;521;31;19352
521;31;18432;521;31;19060
521;31;19060;521;31;18432
521;31;18433;521;31;19122
521;31;19122;521;31;18433
521;31;18478;521;31;18997
521;31;18997;521;31;18478
521;31;18482;521;31;19173
521;31;19173;521;31;19175
521;31;19175;521;31;18482
521;31;18486;521;31;19204
521;31;19204;521;31;18486
521;31;13386;521;31;13392
521;31;13392;521;31;13386
521;31;13387;521;31;13389
521;31;13389;521;31;13387
521;31;12690;521;31;13051
521;31;13051;521;31;12690
521;31;12695;521;31;13052
521;31;13052;521;31;12695
521;31;12700;521;31;13053
521;31;13053;521;31;12700
521;31;13373;521;31;13380
521;31;13380;521;31;13373
521;31;13374;521;31;13376
521;31;13376;521;31;13374
521;31;13261;521;31;13393
521;31;13393;521;31;13261
521;31;13092;521;31;13187
521;31;13187;521;31;13092
521;31;2671;521;31;2674
521;31;2674;521;31;2671
521;31;12693;521;31;13192
521;31;13192;521;31;12693
521;31;12633;521;31;12635
521;31;12635;521;31;12633
521;31;12733;521;31;13178
521;31;13178;521;31;12733
521;31;12764;521;31;12768
521;31;12768;521;31;12764
521;31;12770;521;31;12806
521;31;12806;521;31;12770
521;31;12777;521;31;12974
521;31;12974;521;31;12777
521;31;19199;521;31;19201
521;31;19201;521;31;19199
521;31;19202;521;31;19205
521;31;19205;521;31;19202
521;31;2854;521;31;2855
521;31;2855;521;31;2854
521;31;1317;521;31;1319
521;31;1319;521;31;1403
521;31;1403;521;31;1317
521;31;18970;521;31;19003
521;31;19003;521;31;18970
521;31;1207;521;31;1210
521;31;1210;521;31;1207
521;31;18890;521;31;18904
521;31;18904;521;31;18890
521;31;18994;521;31;19054
521;31;19054;521;31;18994
521;31;19056;521;31;19090
521;31;19090;521;31;19056
521;31;18548;521;31;18550
521;31;18550;521;31;18676
521;31;18676;521;31;18548
521;31;12927;521;31;13189
521;31;13189;521;31;12927
521;31;2911;521;31;2913
521;31;2913;521;31;2911
521;31;2978;521;31;2980
521;31;2980;521;31;2978
521;31;2973;521;31;2981
521;31;2981;521;31;2973
521;31;2040;521;31;2042
521;31;2042;521;31;2040
521;31;3052;521;31;9061
521;31;9061;521;31;3052
521;31;27052;521;31;30059
521;31;30059;521;31;27052
521;31;57061;521;31;60064
521;31;60064;521;31;57061
521;31;60074;521;31;60086
521;31;60086;521;31;60074
521;31;60075;521;31;60088
521;31;60088;521;31;60075
521;31;60097;521;31;60103
521;31;60103;521;31;60097
521;31;24052;521;31;27061
521;31;27061;521;31;24052
521;31;9052;521;31;24056
521;31;24056;521;31;9052
521;31;51066;521;31;54052
521;31;54052;521;31;51066
521;31;54060;521;31;57052
521;31;57052;521;31;54060
521;31;57058;521;31;57063
521;31;57063;521;31;57058
521;31;18564;521;31;19140
521;31;19140;521;31;18564
521;31;483;521;31;871
521;31;871;521;31;483
521;31;2914;521;31;2916
521;31;2916;521;31;2914
521;31;903;521;31;907
521;31;907;521;31;903
521;31;1429;521;31;1433
521;31;1433;521;31;1429
521;31;1392;521;31;1400
521;31;1400;521;31;1392
521;31;18932;521;31;19315
521;31;19315;521;31;18932
521;31;18898;521;31;18933
521;31;18933;521;31;19316
521;31;19316;521;31;18898
521;31;3002;521;31;3004
521;31;3004;521;31;3002
521;31;2575;521;31;2998
521;31;2998;521;31;2575
521;31;2999;521;31;3001
521;31;3001;521;31;2999
521;31;552;521;31;1130
521;31;1130;521;31;552
521;31;549;521;31;554
521;31;554;521;31;2596
521;31;2596;521;31;549
521;31;555;521;31;557
521;31;557;521;31;872
521;31;872;521;31;555
521;31;1485;521;31;2653
521;31;2653;521;31;2992
521;31;2992;521;31;1485
521;31;1105;521;31;2927
521;31;2927;521;31;1105
521;31;12698;521;31;13085
521;31;13085;521;31;12698
521;31;13193;521;31;13233
521;31;13233;521;31;13193
521;31;1851;521;31;1853
521;31;1853;521;31;1851
521;31;771;521;31;2053
521;31;2053;521;31;771
521;31;18608;521;31;18610
521;31;18610;521;31;18608
521;31;12933;521;31;13100
521;31;13100;521;31;12933
521;31;19031;521;31;19125
521;31;19125;521;31;19031
521;31;19045;521;31;19124
521;31;19124;521;31;19045
521;31;873;521;31;2593
521;31;2593;521;31;873
521;31;395;521;31;397
521;31;397;521;31;395
521;31;1156;521;31;1177
521;31;1177;521;31;1156
521;31;1313;521;31;1414
521;31;1414;521;31;2882
521;31;2882;521;31;1313
521;31;1705;521;31;1713
521;31;1713;521;31;1705
521;31;1181;521;31;1191
521;31;1191;521;31;1181
521;31;2877;521;31;2879
521;31;2879;521;31;2877
521;31;584;521;31;2039
521;31;2039;521;31;2824
521;31;2824;521;31;584
521;31;12993;521;31;13221
521;31;13221;521;31;12993
521;31;1477;521;31;2880
521;31;2880;521;31;1477
521;31;1189;521;31;1214
521;31;1214;521;31;1189
521;31;12919;521;31;13199
521;31;13199;521;31;12919
521;31;12926;521;31;13207
521;31;13207;521;31;12926
521;31;13200;521;31;13223
521;31;13223;521;31;13200
521;31;57068;521;31;60052
521;31;60052;521;31;57068
521;31;12953;521;31;13205
521;31;13205;521;31;12953
521;31;12888;521;31;13300
521;31;13300;521;31;12888
521;31;828;521;31;1139
521;31;1139;521;31;828
521;31;12841;521;31;12887
521;31;12887;521;31;12841
521;31;2974;521;31;2984
521;31;2984;521;31;2974
521;31;19237;521;31;19239
521;31;19239;521;31;19237
521;31;19233;521;31;19235
521;31;19235;521;31;19233
521;31;18460;521;31;19154
521;31;19154;521;31;18460
521;31;1355;521;31;1426
521;31;1426;521;31;1355
521;31;3018;521;31;3019
521;31;3019;521;31;3018
521;31;18592;521;31;18594
521;31;18594;521;31;18598
521;31;18598;521;31;18592
521;31;18998;521;31;19255
521;31;19255;521;31;18998
521;31;19262;521;31;19264
521;31;19264;521;31;19262
521;31;546;521;31;2585
521;31;2585;521;31;546
521;31;12868;521;31;13018
521;31;13018;521;31;12868
521;31;2678;521;31;2681
521;31;2681;521;31;2678
521;31;2058;521;31;2885
521;31;2885;521;31;2058
521;31;2886;521;31;2971
521;31;2971;521;31;2886
521;31;19009;521;31;19206
521;31;19206;521;31;19009
521;31;545;521;31;1131
521;31;1131;521;31;545
521;31;439;521;31;441
521;31;441;521;31;439
521;31;450;521;31;2970
521;31;2970;521;31;450
521;31;2863;521;31;2867
521;31;2867;521;31;2863
521;31;845;521;31;855
521;31;855;521;31;845
521;31;60098;521;31;60100
521;31;60100;521;31;60098
