CID;LID;NID;NAME;NCOMMENT
521;1;304471;亚洲;
521;1;304472;中国;
521;1;304751;广东省;
521;1;324385;潮州市;
521;1;263255;东莞市;
521;1;324461;河源市;
521;1;324418;惠州市;
521;1;324578;江门市;
521;1;324402;揭阳市;
521;1;324553;茂名市;
521;1;324477;梅州市;
521;1;324494;清远市;
521;1;324393;汕头市;
521;1;324408;汕尾市;
521;1;324507;韶关市;
521;1;324563;阳江市;
521;1;324527;云浮市;
521;1;324539;湛江市;
521;1;324532;肇庆市;
521;1;111984;中山市;
521;1;35454;珠海市;
521;1;136982;Ｇ１０５;
521;1;112067;先施二路;
521;1;112074;彩虹大道;
521;1;199782;南外环路;
521;1;112097;沙溪大道;
521;1;199768;Ｓ２６８（旧）;
521;1;199772;新岐江公路;
521;1;35473;Ｇ１０５珠海段;
521;1;35471;南坦路;
521;1;49841;文昌西路;
521;1;35472;Ｙ００３;
521;1;35461;Ｓ２６８;
521;1;49840;商业大街;
521;1;112000;板芙北路;
521;1;112001;芙城路;
521;1;112003;民溪街;
521;1;124795;岐港公路;
521;1;112093;坦背东二马路;
521;1;124766;翠沙路;
521;1;199783;北外环路;
521;1;112091;金港路;
521;1;112092;沙港西路;
521;1;112004;城南六路;
521;1;112005;寮云路;
521;1;112008;城南四路;
521;1;112007;马石路;
521;1;112009;先施一路;
521;1;112006;城南五路;
521;1;35477;港昌路;
521;1;35478;昌盛路;
521;1;35481;粤海西路;
521;1;99875;侨光西路;
521;1;35593;粤华路;
521;1;35479;夏湾路;
521;1;35597;港三路;
521;1;35600;港二路;
521;1;35480;九洲大道西;
521;1;99876;前山路;
521;1;35474;明珠北路;
521;1;35475;人民西路;
521;1;35155;工业大道;
521;1;35476;梅华西路;
521;1;35482;明珠南路;
521;1;35622;翠前南路;
521;1;35483;翠微西路;
521;1;111995;坦背西二马路;
521;1;324599;珠三角环线高速公路;
521;1;112094;同茂工业大道;
521;1;199784;中山三桥;
521;1;112068;渡兴东路;
521;1;263086;新城南路;
521;1;313172;东环路;
521;1;263088;河畔花园;
521;1;263003;兴业路;
521;1;263087;振兴西路;
521;1;263043;长泰路;
521;1;262998;东莞大道;
521;1;263021;莞长路;
521;1;263184;泰和商业街;
521;1;263185;新源路;
521;1;324503;广清高速公路;
521;1;324504;银盏收费站;
521;1;324421;人民四路;
521;1;324505;Ｓ２５３;
521;1;324506;清远大道;
521;1;274850;广深大道东;
521;1;274183;北王路;
521;1;264155;新沙大道北;
521;1;263131;宏远路;
521;1;274221;东江大道（金鳌路）;
521;1;263025;莞太路;
521;1;263026;港口大道;
521;1;263156;运河东三路;
521;1;263143;金鳌路;
521;1;266542;坝新路;
521;1;263144;莞穗路;
521;1;262999;万江路;
521;1;266550;泰新路;
521;1;263174;三元路;
521;1;263179;宏图路;
521;1;263198;石竹路;
521;1;274727;黄朗路;
521;1;263045;翠峰路;
521;1;299734;振安东路;
521;1;263901;双龙街;
521;1;274728;杨朗路;
521;1;274729;厚大路;
521;1;263907;石大路;
521;1;264089;横镇西路;
521;1;263034;Ｘ９８３;
521;1;263035;水濂山路;
521;1;272648;伟民路;
521;1;263020;环城南路;
521;1;263211;九龙路;
521;1;263044;八一路;
521;1;263133;可园路;
521;1;274194;南潢路;
521;1;263000;Ｘ２３５;
521;1;263166;沿河路;
521;1;263145;汾溪路;
521;1;324639;长深高速惠州支线;
521;1;324431;长深高速公路;
521;1;324460;仲恺大道;
521;1;263165;建设路;
521;1;263163;上坝坊;
521;1;263176;体育路;
521;1;112126;民族路;
521;1;112124;孙文中路;
521;1;112242;民族东路;
521;1;112245;亭子下大街;
521;1;112062;长江路;
521;1;261832;景观路;
521;1;112052;康华路;
521;1;112064;三溪路;
521;1;111987;博爱六路;
521;1;112065;中山六路;
521;1;112030;孙文东路;
521;1;199785;光丰路;
521;1;124762;博爱七路;
521;1;112158;江陵西路;
521;1;35669;康宁路;
521;1;35493;人民东路;
521;1;35641;凤凰南路;
521;1;35672;安平路;
521;1;260412;东风路;
521;1;35492;迎宾北路;
521;1;35650;北环街;
521;1;35491;柠溪路;
521;1;35654;胡湾路;
521;1;324424;广惠高速公路;
521;1;324444;济广高速公路;
521;1;324386;沈海高速公路;
521;1;324445;Ｘ１９９;
521;1;324446;汝湖服务区;
521;1;313109;Ｓ１２０;
521;1;324392;Ｇ３２４;
521;1;324428;潮莞高速公路;
521;1;324423;Ｓ３５６;
521;1;324435;Ｓ２５６;
521;1;324436;石湾收费站;
521;1;324437;Ｘ１９５;
521;1;324438;Ｘ２３２;
521;1;324439;沙河服务区;
521;1;324440;龙桥大道;
521;1;324441;Ｘ２１７;
521;1;149674;广澳高速公路;
521;1;35469;金峰路;
521;1;99871;铜鼓山;
521;1;99873;广澳高速公路珠海段;
521;1;35466;长围仔;
521;1;149677;崖口路;
521;1;35464;珠海大道东;
521;1;36966;坦神南路;
521;1;310307;西部沿海高速公路;
521;1;324540;兰海高速公路;
521;1;324541;Ｇ３２５;
521;1;324548;湛江收费站;
521;1;324542;高桥收费站;
521;1;324543;Ｘ６７４;
521;1;324544;横山服务区;
521;1;324545;Ｘ６８０;
521;1;324546;Ｘ６８２;
521;1;324547;Ｇ２０７;
521;1;299697;东佛高速公路;
521;1;299693;振洋路;
521;1;299695;麒麟西路;
521;1;299694;广深沿江高速公路;
521;1;274533;虎门港支线;
521;1;299696;地塘岭路;
521;1;263005;新城路;
521;1;263006;龙大高速公路;
521;1;274534;高雄路;
521;1;199786;番中路;
521;1;112180;中山港大道;
521;1;112173;Ｘ５７２;
521;1;112209;科技东路;
521;1;49791;港湾大道;
521;1;35617;情侣中路;
521;1;35719;鸡山村;
521;1;35688;唐淇路;
521;1;35494;梅华东路;
521;1;35642;紫荆路;
521;1;35676;凤凰北路;
521;1;36964;蓝盾路;
521;1;35659;敬业路;
521;1;35486;健民路;
521;1;35647;红山路;
521;1;137063;逸仙路;
521;1;112176;关塘路;
521;1;112160;江陵东路;
521;1;112177;逸华路;
521;1;112178;东镇东一路;
521;1;112179;世纪一路;
521;1;99885;高奇街;
521;1;35607;兰埔路;
521;1;35671;朝阳路;
521;1;35656;园山路;
521;1;299735;沈海高速公路（中麻路）;
521;1;263202;裕田路;
521;1;299762;中麻路;
521;1;274731;袁鹤路;
521;1;274732;三涌三路;
521;1;263012;广园快速路;
521;1;263141;三塘东路;
521;1;274539;环城北路;
521;1;263142;高龙东路;
521;1;263203;崇焕西路;
521;1;263124;东风南路;
521;1;262989;莞龙路;
521;1;263125;崇焕中路;
521;1;263123;榴花东街;
521;1;112208;置业路;
521;1;112187;沿江东一路;
521;1;274240;石排大道;
521;1;274733;石龙南岸二桥;
521;1;263118;Ｘ１９４;
521;1;263137;东城中路;
521;1;263110;西湖西路;
521;1;263103;东宝路;
521;1;274134;银珠街;
521;1;263019;龙樟路;
521;1;263114;余屋街;
521;1;263752;东堤路;
521;1;263933;西湖东路;
521;1;299736;温泉中路;
521;1;263109;茶山大道西;
521;1;263120;西湖一路北;
521;1;263119;西湖三路;
521;1;263121;西湖中路;
521;1;263205;东城路;
521;1;263177;八达路;
521;1;263055;东昇路;
521;1;263240;东城西路;
521;1;35660;环村大道;
521;1;35646;翠前北路;
521;1;35484;三台石路;
521;1;274117;中心路;
521;1;274116;涡岭商业街;
521;1;263015;环城东路;
521;1;263016;松山湖大道;
521;1;263017;横塘路;
521;1;262988;莞樟路;
521;1;263018;莞温路;
521;1;263232;解放路;
521;1;263178;可园南路;
521;1;263233;金牛路;
521;1;261842;北环路;
521;1;274767;羊角山;
521;1;313170;西环路;
521;1;274765;康乐北路;
521;1;274766;彩云西路;
521;1;263029;康乐路;
521;1;263063;骏马东路;
521;1;199787;濠江西路（长江北路）;
521;1;112166;兴港南路;
521;1;112115;东明北路;
521;1;112267;南围;
521;1;34851;中兴中路;
521;1;35543;美湾街;
521;1;35537;连桥路;
521;1;35556;南江路;
521;1;35541;井湾路;
521;1;35562;港霞东路;
521;1;35544;渡江路;
521;1;263039;迎宾路;
521;1;274770;石角路;
521;1;262997;厚街大道;
521;1;263216;大井头路;
521;1;263217;莞福路;
521;1;263215;东城东路;
521;1;264048;东风北路;
521;1;263128;庆丰东路;
521;1;274143;Ｓ３７９;
521;1;264049;祥兴路;
521;1;274735;增博大围;
521;1;263126;东风中路;
521;1;263936;新泰路;
521;1;263937;富民大道;
521;1;263938;会展东路;
521;1;263090;南环路;
521;1;263939;将军路;
521;1;261901;东明路;
521;1;299737;东莞大道莞太立交;
521;1;263172;车站路;
521;1;263024;环城西路;
521;1;263173;广彩路;
521;1;263168;新基路;
521;1;263175;鸿福路;
521;1;274271;春天路;
521;1;263182;鸿福东路;
521;1;112144;隆兴中路;
521;1;199788;富华立交桥;
521;1;112098;沙溪南路;
521;1;112035;城桂公路;
521;1;112036;古寨沟;
521;1;112043;博爱五路;
521;1;112037;龙塘工业大道;
521;1;112038;长命水长逸路;
521;1;112040;东苑南路;
521;1;112041;兴文路;
521;1;261811;公园路;
521;1;112072;富华道;
521;1;112140;南基路;
521;1;112089;翠景道;
521;1;112103;升华路;
521;1;112083;中山一路;
521;1;112084;中山二路;
521;1;199789;大桥横街;
521;1;124790;码头街;
521;1;112086;南大街;
521;1;274099;进港南路;
521;1;264150;家具大道;
521;1;263921;厚沙路;
521;1;314077;中心大道;
521;1;263922;道厚路;
521;1;263164;盈富路;
521;1;112136;木河迳东路;
521;1;199766;深罗高速公路;
521;1;112137;美景东路;
521;1;310309;Ｓ２７０;
521;1;35506;珠港大路;
521;1;49792;黄扬大道;
521;1;35507;升平大道中;
521;1;35508;珠峰大道;
521;1;263093;恒泉西路;
521;1;35505;珠港大道北;
521;1;35504;珠海大道西;
521;1;310365;Ｓ２７２;
521;1;49796;Ｘ５８２;
521;1;35529;金湾路;
521;1;310311;江珠高速公路;
521;1;135426;西堤路;
521;1;36919;湖滨二路（湖心路）;
521;1;36920;商业街（湖心路）;
521;1;36921;环湖南路;
521;1;35534;白蕉路;
521;1;35535;湖滨二路;
521;1;35536;同心东路;
521;1;35539;尖峰前街;
521;1;35542;中兴南路;
521;1;35566;江湾中路;
521;1;35523;金海东路;
521;1;35516;机场西路;
521;1;35710;海滩路;
521;1;35528;安基东路;
521;1;35540;广场南街;
521;1;35171;江湾三路;
521;1;35340;江湾二路;
521;1;35342;江湾一路;
521;1;263237;光明路;
521;1;35545;中兴北路;
521;1;35547;龙井路;
521;1;35546;环山北路;
521;1;264020;沿江南路;
521;1;274272;富田路;
521;1;274788;振兴北路;
521;1;264019;莞潢南路;
521;1;324497;振兴南路;
521;1;263154;振兴东四横路;
521;1;264014;沿江中路;
521;1;274846;东英街;
521;1;264062;沿江东路;
521;1;112020;岐关西路;
521;1;112018;悦来南路;
521;1;112147;方基涌大街;
521;1;112127;民生路;
521;1;112026;中山三路;
521;1;112047;中山四路;
521;1;112152;华苑大街;
521;1;112153;康乐大街;
521;1;112044;兴中道;
521;1;112055;中山五路;
521;1;112154;库充大街;
521;1;112155;东苑路;
521;1;112053;起湾道;
521;1;112156;东文路;
521;1;136961;兴华路;
521;1;35678;为农街;
521;1;99886;紫荆路园;
521;1;35621;沿河东路;
521;1;35526;南通路;
521;1;35525;鱼林路;
521;1;35527;琴石路;
521;1;299738;Ｘ２４６;
521;1;263081;拔萃路;
521;1;274740;金匙路;
521;1;263193;金丰路;
521;1;263186;鸿福西路;
521;1;263194;新科路;
521;1;274792;商业街;
521;1;263195;光明二路;
521;1;274127;新风路;
521;1;263189;北正路;
521;1;264007;东门路;
521;1;264029;滨江西路;
521;1;264081;滘联创业横路;
521;1;266647;高埗大道北;
521;1;299698;莞潢立交桥;
521;1;266665;莞潢北路;
521;1;264043;刘沙北路;
521;1;299700;莞穗立交桥;
521;1;274741;生态园大道;
521;1;263980;蓢基湖一路;
521;1;263053;东升路;
521;1;274538;东部快速干线;
521;1;263047;蟠龙路;
521;1;313357;振兴路;
521;1;263250;学前路新街;
521;1;263251;桥山路;
521;1;274632;松柏路;
521;1;274815;东区路;
521;1;35643;银桦路;
521;1;263167;周溪大道;
521;1;263206;东纵路;
521;1;263247;罗沙路;
521;1;310308;Ｓ３６５;
521;1;49795;Ｘ５４０;
521;1;35718;Ｘ５８４;
521;1;99879;工业大道（黄扬大道）;
521;1;49794;Ｓ２７０（黄扬大道）;
521;1;49793;斗门大道南;
521;1;264006;东正路;
521;1;264009;堑头瓦窑街;
521;1;35573;桥湖北路;
521;1;35578;屏东二路;
521;1;35582;屏东六路;
521;1;36963;南湾北路;
521;1;35587;仙桥路;
521;1;35509;平东大道;
521;1;35510;珠海大道中;
521;1;35511;Ｘ５８９;
521;1;35512;Ｘ５８７;
521;1;274784;东新路;
521;1;299739;道滘立交;
521;1;111996;广珠西线高速公路;
521;1;111999;升辉北路;
521;1;324699;文华西路;
521;1;274806;康乐南路;
521;1;324700;服务区;
521;1;324701;沙古公路;
521;1;111998;东阜路;
521;1;99872;江珠高速公路珠海段;
521;1;311804;Ｘ５３３;
521;1;39164;沿河西路;
521;1;112197;长青路;
521;1;274210;东坑大道北;
521;1;263077;东兴中路;
521;1;264105;丁屋振兴路;
521;1;274742;角社角祥路;
521;1;263102;石横大道;
521;1;263097;新桥路;
521;1;263946;江南西路;
521;1;263949;绿化东路;
521;1;263947;滨江东路;
521;1;263948;兴龙东路;
521;1;263222;东兴路;
521;1;263241;学院路;
521;1;263207;万园东路;
521;1;263909;口岸大道;
521;1;274196;环常北路;
521;1;263092;沿江路;
521;1;112130;湖滨北路;
521;1;35548;黄杨大道;
521;1;35658;心华路;
521;1;274743;福神岗;
521;1;263964;博览大道;
521;1;274837;京山中路;
521;1;274744;茶兴南路;
521;1;274745;沿溪路;
521;1;274746;茶兴中路;
521;1;274838;圆头山大道;
521;1;263082;南社大道;
521;1;263083;安泰路;
521;1;274748;茶业北路;
521;1;274198;方中路;
521;1;274839;荼京路;
521;1;263860;教育路;
521;1;263038;横镇东路;
521;1;261991;祥富路;
521;1;263236;香市路;
521;1;263932;寮茶路;
521;1;266488;环城路北段西侧;
521;1;274170;环城路北段西侧Ｘ２３５上匝道;
521;1;274192;洪梅加油站（望洪路）;
521;1;263957;西部干道;
521;1;274752;大洲路;
521;1;263958;宝华路;
521;1;299741;环湖路;
521;1;299742;大岭山大道;
521;1;263956;湖景大道;
521;1;274228;横岗水库;
521;1;274791;学府路;
521;1;274757;黄阁中路南;
521;1;274756;南阁西路;
521;1;274753;南阁中路北;
521;1;274148;粤晖路;
521;1;274758;李洲角三路;
521;1;263963;金牛新村南路;
521;1;274172;Ｘ２３５南侧;
521;1;274171;环城路北段西侧Ｘ２３５南侧上匝道;
521;1;274759;高埗大道南;
521;1;299744;高埗大桥;
521;1;263149;高埗大道中;
521;1;263153;江城西路;
521;1;263923;高龙西路;
521;1;264056;庆丰西路;
521;1;264045;高龙中路;
521;1;264058;民丰路;
521;1;264038;银河北路;
521;1;264034;广源路;
521;1;264057;石单中路;
521;1;264055;叶屋基草洲巷;
521;1;264042;庆丰中路;
521;1;264053;铭华路;
521;1;299743;万高路;
521;1;263911;常田路;
521;1;274199;东征路;
521;1;274201;松南路;
521;1;35488;友谊路;
521;1;35487;迎宾南路;
521;1;35592;水湾路;
521;1;35373;莲花路;
521;1;274738;茶山北路;
521;1;274736;茶山南路;
521;1;263073;东兴东路;
521;1;274760;沿河西二路;
521;1;263074;新围;
521;1;263075;东安路;
521;1;263027;东兴西路;
521;1;263079;角社学校;
521;1;263078;骏发路;
521;1;264169;Ｘ２４７;
521;1;274644;东部快速干线北侧;
521;1;274722;东部快速干线北侧Ｘ２４７入口匝道;
521;1;274640;东部快速干线南侧;
521;1;274726;东部快速干线南侧Ｘ２４７入口匝道;
521;1;263094;金龙路;
521;1;263095;江南路;
521;1;263089;中山中路;
521;1;199793;南外环路立交桥;
521;1;112014;城南一路;
521;1;35571;同心中路;
521;1;35570;桥湖南路;
521;1;35574;榕益路;
521;1;35485;翠微东路;
521;1;35664;香华路;
521;1;35667;山场路;
521;1;274761;高尔夫花园;
521;1;263914;石井路;
521;1;35589;侨光路;
521;1;35489;粤海东路;
521;1;35609;联安路;
521;1;35630;石花西路;
521;1;35490;九洲大道中;
521;1;264036;红棉路;
521;1;264035;兴龙西路;
521;1;135494;白石路;
521;1;112146;悦秀街;
521;1;112021;博爱三路;
521;1;35602;粤海中路;
521;1;49827;九洲大道西南侧;
521;1;49828;九洲大道西北侧;
521;1;274123;万福路;
521;1;35657;狮山路;
521;1;35679;幸福路;
521;1;264130;大洲;
521;1;264044;沿江西路;
521;1;263096;中山西路;
521;1;274273;中山路;
521;1;274254;天桥路;
521;1;259746;创业路;
521;1;263261;运河西三路;
521;1;124769;沙港东路;
521;1;112174;沙港路;
521;1;112171;沙港中路;
521;1;112170;罗港中路;
521;1;112172;兴港北路;
521;1;112076;莲塘路;
521;1;112195;五星村环村大道;
521;1;112027;华柏路;
521;1;112191;雅居街;
521;1;112192;豪程路;
521;1;112193;富湾南路;
521;1;112056;桃苑路;
521;1;112194;银湾南路;
521;1;112181;会展西路;
521;1;199804;联盛路;
521;1;112186;岐民北路;
521;1;112163;康乐大道;
521;1;112188;港义路;
521;1;112189;东阳北路;
521;1;112159;翠岭路;
521;1;112184;板埔路;
521;1;112185;炬业路;
521;1;35515;环东南路;
521;1;35572;五福围冲口;
521;1;35524;金湖路;
521;1;35521;机场北路;
521;1;35520;金海岸大道西;
521;1;35518;Ｘ５９０;
521;1;35522;金海岸大道东;
521;1;35709;虹阳路;
521;1;112133;东华路;
521;1;112034;宏基路;
521;1;124772;大沙南路;
521;1;262041;东盛街;
521;1;49801;高栏港大道;
521;1;49800;环岛西路;
521;1;49802;电厂南路;
521;1;49799;环岛中路;
521;1;35501;南径;
521;1;264138;西亭南新村;
521;1;274236;湛凤路;
521;1;274763;三保路;
521;1;35665;香悦路;
521;1;35553;Ｘ９８１;
521;1;35554;新堂路;
521;1;35555;坭湾路;
521;1;49803;新青五路;
521;1;112016;广珠公路;
521;1;112017;银通路;
521;1;112121;南安路;
521;1;263246;英湖路;
521;1;263245;宝塘路;
521;1;263049;寮城中路;
521;1;112123;民权路;
521;1;112241;白水井大街;
521;1;35575;金鸡路;
521;1;35588;格力康乐园;
521;1;112261;怡东街;
521;1;112078;湖滨中路;
521;1;112134;莲塘北路;
521;1;112050;富康路;
521;1;112138;安栏路;
521;1;112139;泰安路;
521;1;36984;安宁路;
521;1;36985;双竹街;
521;1;35653;兴柠街;
521;1;35655;夏美路;
521;1;112246;安山大街;
521;1;112145;博爱二路;
521;1;274817;麟城路;
521;1;112271;庵前街;
521;1;112196;东镇大街;
521;1;112218;继光路;
521;1;36973;鞍莲路;
521;1;49804;富城花园;
521;1;36972;金莲路;
521;1;99880;鞍山路;
521;1;36980;美晟一街;
521;1;263183;旗峰路;
521;1;263227;元岭路;
521;1;274195;坝翔路;
521;1;263130;东江大道;
521;1;266525;环城西路东侧;
521;1;266543;环城西路东侧坝新路上匝道;
521;1;274095;新华路;
521;1;263161;简沙洲商业街;
521;1;263162;胜利南路;
521;1;35603;白合街;
521;1;35604;白龙街;
521;1;35631;白莲路;
521;1;35626;建业一路;
521;1;35627;景山路;
521;1;35632;吉莲路;
521;1;274803;白马中心路;
521;1;124794;白石路至博爱三路;
521;1;263052;百业路;
521;1;266418;西南路;
521;1;112029;柏苑路;
521;1;266570;环城路北段北侧;
521;1;266578;环城路北段北侧宝华路入口匝道;
521;1;299708;赤滘立交桥;
521;1;266540;宝健二路;
521;1;266527;环城西路西侧;
521;1;266541;环城西路西侧宝健二路上匝道;
521;1;112143;宝珠东路;
521;1;274829;北环路至东部快速干线;
521;1;274552;环城北路北侧;
521;1;274573;环城北路北侧北王路上匝道;
521;1;274554;环城北路南侧;
521;1;274581;环城北路南侧北王路入口匝道;
521;1;274186;北王路东侧;
521;1;274578;环城北路南侧北王路东侧入口匝道;
521;1;274188;北王路西侧;
521;1;274577;环城北路南侧北王路西侧入口匝道;
521;1;112081;北苑食街;
521;1;112080;青溪路;
521;1;274126;西正路;
521;1;263262;运河西二路;
521;1;263188;运河东二路;
521;1;264028;桥西路;
521;1;264033;源林路;
521;1;264032;银河南路;
521;1;264098;金星南路;
521;1;299745;滨江路;
521;1;264022;刘沙南路;
521;1;274768;桥东路;
521;1;274769;华南花园;
521;1;264025;滨江中路;
521;1;274783;金曲公路;
521;1;264024;杨梅路;
521;1;112071;博爱一路;
521;1;199765;博爱六路辅路;
521;1;112022;南江街;
521;1;112148;博爱四路;
521;1;112149;银通街;
521;1;199794;博爱立交桥;
521;1;264097;世纪路;
521;1;263967;赤岭工业路;
521;1;264156;厚街机动车年检检测站;
521;1;299765;陈屋东路;
521;1;264148;阳明路;
521;1;112234;彩虹街;
521;1;112049;松苑路;
521;1;274810;彩云路;
521;1;266366;茶横路;
521;1;274695;东部快速干线南侧茶横路入口匝道;
521;1;266368;茶横路东侧;
521;1;274689;东部快速干线北侧匝道茶横路东侧入口匝道;
521;1;274698;东部快速干线南侧匝道茶横路东侧入口匝道;
521;1;266381;茶横路西侧;
521;1;274686;东部快速干线北侧匝道茶横路西侧入口匝道;
521;1;274699;东部快速干线南侧匝道茶横路西侧入口匝道;
521;1;264166;东部快速路北侧;
521;1;274682;东部快速干线北侧茶横路西侧入口匝道;
521;1;112116;茶亭路;
521;1;199769;双龙路;
521;1;35595;昌平路;
521;1;36954;南湾南路;
521;1;35608;情侣南路;
521;1;35591;桂花南路;
521;1;266734;昌兴路;
521;1;274587;环城北路北侧昌兴路上匝道;
521;1;35661;昌业路;
521;1;112066;长江北路;
521;1;112061;濠江西路;
521;1;112060;东祥路;
521;1;324462;长深高速公路河源段;
521;1;324459;石坝收费站;
521;1;324476;登云收费站;
521;1;324450;Ｇ２０５;
521;1;324463;城南停车区;
521;1;324640;桂山旅游大道;
521;1;324641;城北收费站;
521;1;324465;东源收费站;
521;1;324466;热水服务区;
521;1;324642;龙河高速公路;
521;1;324468;Ｘ１５４;
521;1;324469;黄田收费站;
521;1;324470;蓝口服务区;
521;1;324471;Ｘ１５５;
521;1;324472;柳城收费站;
521;1;324473;Ｘ１５９;
521;1;324474;龙川东收费站;
521;1;324475;龙川服务区;
521;1;324447;长深高速公路惠州段;
521;1;324448;坪梓路;
521;1;324449;Ｓ３５８;
521;1;324452;惠风四路;
521;1;324453;永联路;
521;1;324454;四角楼收费站;
521;1;324455;泰美收费站;
521;1;324456;泰美服务区;
521;1;324457;Ｘ２１５;
521;1;324458;Ｙ３７５;
521;1;324478;长深高速公路梅州段;
521;1;324493;广福收费站;
521;1;324479;Ｘ０３０;
521;1;324480;Ｓ２２８;
521;1;324481;Ｓ２２５;
521;1;324482;Ｓ２２６;
521;1;324483;汕昆高速公路;
521;1;324484;兴宁服务区;
521;1;324485;Ｘ０１１;
521;1;324486;梅龙高速公路;
521;1;324487;Ｇ２０６;
521;1;324488;城东收费站;
521;1;324489;新铺收费站;
521;1;324490;蕉岭服务区;
521;1;324491;蕉岭南收费站;
521;1;324492;文福收费站;
521;1;112104;长洲路;
521;1;112105;后山大街;
521;1;274119;常大街;
521;1;263060;常桥路;
521;1;35561;朝南路;
521;1;274504;潮莞高速公路东莞段;
521;1;274207;大源路;
521;1;274209;新城大道;
521;1;299701;东站路;
521;1;263915;东深路;
521;1;274107;莞惠公路;
521;1;324429;潮莞高速公路惠州段;
521;1;324430;沥镇路;
521;1;324432;惠南大道;
521;1;324433;Ｓ３５７;
521;1;324675;良井服务区;
521;1;263180;宏二路;
521;1;112012;城南二路;
521;1;112011;北大街;
521;1;112013;日华路;
521;1;112010;城南三路;
521;1;112015;兴南路;
521;1;274220;城市风情街;
521;1;264037;崇焕东路;
521;1;266437;环城东路东侧;
521;1;274598;环城东路东侧崇焕中路上匝道;
521;1;266439;环城东路西侧;
521;1;274601;环城东路西侧崇焕中路入口匝道;
521;1;264041;刘沙中路;
521;1;274156;崇焕中路南侧;
521;1;274602;环城东路崇焕中路上匝道;
521;1;274605;环城东路西侧崇焕中路南侧上匝道;
521;1;263988;槌子街;
521;1;263987;银山商业街;
521;1;263989;金宝路;
521;1;199770;翠虹路;
521;1;199771;康欣路;
521;1;36988;翠华路;
521;1;35644;翠香路;
521;1;112100;江湾路;
521;1;112085;西河东路;
521;1;35645;翠景路;
521;1;35648;南虹二街;
521;1;112183;东镇大道;
521;1;112182;颐岭路;
521;1;199795;岐峰路;
521;1;49807;嘉园;
521;1;35680;镜新二街;
521;1;274615;村前路;
521;1;266497;环城南路南侧;
521;1;274614;环城南路南侧村前路上匝道;
521;1;112219;村尾上街;
521;1;36993;大姑乸街;
521;1;36991;景和街;
521;1;274136;大塘头东街;
521;1;274137;青松街;
521;1;274138;大塘头东兴街;
521;1;274139;大塘头兴塘街;
521;1;274135;大塘头西街;
521;1;263208;温南路;
521;1;264016;大新路;
521;1;264011;泰新路东;
521;1;274203;沿河一路;
521;1;112077;大信南路;
521;1;112075;莲员东路;
521;1;112033;莲塘东路;
521;1;124765;大涌支线;
521;1;112096;新濠南路;
521;1;263970;白鹭大道;
521;1;112221;得能东路;
521;1;112198;东阳南路;
521;1;112220;得能西路;
521;1;112213;石牛东路;
521;1;274811;东八路;
521;1;263975;东骏路;
521;1;263260;雅园工业区路;
521;1;274204;东四路;
521;1;274647;东部快速干线松柏路西侧调头匝道;
521;1;299730;湖滨南路;
521;1;299732;东部快速干线湖滨南路出口匝道;
521;1;299721;生态园大道西侧;
521;1;299723;东部快速干线生态园大道西侧出口匝道;
521;1;274840;东部快速干线松柏路出口匝道;
521;1;274637;松柏路东侧;
521;1;274638;东部快速干线松柏路东侧出口匝道;
521;1;274633;松柏路西侧;
521;1;274636;东部快速干线松柏路西侧出口匝道;
521;1;263031;人民路;
521;1;274725;东部快速干线北侧Ｘ２４７出口匝道;
521;1;264180;Ｘ２４７东侧;
521;1;274723;东部快速干线北侧Ｘ２４７东侧出口匝道;
521;1;264178;Ｘ２４７西侧;
521;1;274724;东部快速干线北侧Ｘ２４７西侧出口匝道;
521;1;274692;东部快速干线北侧茶横路出口匝道;
521;1;266371;茶横路东;
521;1;274691;东部快速干线北侧茶横路东出口匝道;
521;1;266375;茶横路西;
521;1;274684;东部快速干线北侧茶横路西入口匝道;
521;1;266373;茶横路中;
521;1;274690;东部快速干线北侧茶横路中出口匝道;
521;1;274648;东部快速干线松柏路东侧调头匝道;
521;1;274679;东部快速干线北侧东兴西路出口匝道;
521;1;274714;东部快速干线北侧康乐路出口匝道;
521;1;264188;康乐路东;
521;1;274713;东部快速干线北侧康乐路东出口匝道;
521;1;264186;康乐路东侧;
521;1;274712;东部快速干线北侧康乐路东侧出口匝道;
521;1;264201;康乐路西;
521;1;274707;东部快速干线北侧康乐路西入口匝道;
521;1;264198;康乐路西侧;
521;1;274703;东部快速干线北侧康乐路西侧出口匝道;
521;1;264190;康乐路中;
521;1;274710;东部快速干线北侧康乐路中出口匝道;
521;1;274675;东部快速干线北侧石大路出口匝道;
521;1;299756;东部快速干线北侧松柏路西侧出口匝道;
521;1;299764;东部快速干线北侧松山湖大道入口匝道;
521;1;274681;东部快速干线北侧匝道;
521;1;274688;东部快速干线北侧匝道茶横路东侧出口匝道;
521;1;274687;东部快速干线北侧匝道茶横路西侧出口匝道;
521;1;274709;东部快速干线北侧匝道康乐路出口匝道;
521;1;274620;东部快速干线东侧;
521;1;266423;松山湖大道辅路;
521;1;274619;东部快速干线东侧松山湖大道辅路出口匝道;
521;1;266430;松山湖大道辅路北侧;
521;1;274624;东部快速干线东侧松山湖大道辅路北侧出口匝道;
521;1;274628;东部快速干线东侧莞樟路出口匝道;
521;1;274719;东部快速干线南侧Ｘ２４７出口匝道;
521;1;274721;东部快速干线南侧Ｘ２４７东侧出口匝道;
521;1;274720;东部快速干线南侧Ｘ２４７西侧出口匝道;
521;1;274683;东部快速干线南侧茶横路出口匝道;
521;1;299702;东部快速干线南侧茶横路东出口匝道;
521;1;274685;东部快速干线南侧茶横路西出口匝道;
521;1;274693;东部快速干线南侧茶横路中出口匝道;
521;1;274678;东部快速干线南侧东兴西路出口匝道;
521;1;274701;东部快速干线南侧康乐路出口匝道;
521;1;274715;东部快速干线南侧康乐路东出口匝道;
521;1;274704;东部快速干线南侧康乐路西出口匝道;
521;1;274706;东部快速干线南侧康乐路中出口匝道;
521;1;299725;东部快速干线南侧生态园大道出口匝道;
521;1;299726;生态园大道东侧;
521;1;299727;东部快速干线南侧生态园大道东侧出口匝道;
521;1;274674;东部快速干线南侧石大路出口匝道;
521;1;274844;东部快速干线南侧松柏路西侧出口匝道;
521;1;274696;东部快速干线南侧匝道;
521;1;274697;东部快速干线南侧匝道茶横路东侧出口匝道;
521;1;274700;东部快速干线南侧匝道茶横路西侧出口匝道;
521;1;274718;东部快速干线南侧匝道康乐路出口匝道;
521;1;274616;东部快速干线西侧;
521;1;266415;黄沙河西路;
521;1;274626;东部快速干线西侧黄沙河西路出口匝道;
521;1;274621;东部快速干线西侧松山湖大道出口匝道;
521;1;274618;东部快速干线西侧松山湖大道辅路出口匝道;
521;1;274629;东部快速干线西侧莞樟路出口匝道;
521;1;274622;东部快速干线西侧西南路出口匝道;
521;1;263204;东城南路;
521;1;274120;东城支路;
521;1;263209;华兴路;
521;1;263210;文华路;
521;1;35568;同兴路;
521;1;35569;同心西路;
521;1;263129;水闸路;
521;1;274125;万龙路;
521;1;263228;可园北路;
521;1;263135;红川路;
521;1;263136;红荔路;
521;1;274804;银岭路;
521;1;274824;新田街;
521;1;263022;绿色路;
521;1;263976;东六路;
521;1;263916;西平二路;
521;1;199809;东明大桥;
521;1;112111;民科西路;
521;1;274612;环城东路东侧东升路上匝道;
521;1;266494;环城南路西侧;
521;1;266524;环城南路西侧东莞大道上匝道;
521;1;266526;环城西路东侧东莞大道上匝道;
521;1;263181;黄金路;
521;1;299686;东莞大道辅路;
521;1;299687;宏一路;
521;1;274774;东五路;
521;1;274101;宏伟路;
521;1;274105;新源南路;
521;1;274775;宏伟二路;
521;1;274677;东部快速干线北侧东兴西路入口匝道;
521;1;274680;东部快速干线南侧东兴西路入口匝道;
521;1;112046;东裕路;
521;1;112228;竹苑路;
521;1;112225;新安路;
521;1;112045;库充库溪街;
521;1;112161;康祥路;
521;1;124773;蚝棚头街;
521;1;112164;玉泉路;
521;1;263058;常马路;
521;1;274238;上坑二横路;
521;1;263231;新芬路;
521;1;324683;二广高速公路肇庆段;
521;1;263252;迎宾大道;
521;1;324692;高凤;
521;1;324684;龙甫服务区;
521;1;324685;Ｓ２６０;
521;1;324686;黄田大桥;
521;1;324687;Ｘ４２２;
521;1;324688;广宁服务区;
521;1;324689;Ｓ２６３;
521;1;324690;Ｘ４１９;
521;1;324691;怀城服务区;
521;1;264100;白水涡;
521;1;264101;第一工业区路;
521;1;264102;大汾教育路;
521;1;35681;华海路;
521;1;35640;海滨北路;
521;1;35620;海燕路;
521;1;112142;凤鸣路;
521;1;112141;孙文西路;
521;1;262986;佛岭路;
521;1;264103;黄公坑;
521;1;264104;东科路;
521;1;124787;富港路;
521;1;124786;星云路;
521;1;112051;富丽路;
521;1;112258;大塘西街;
521;1;112058;月湾路;
521;1;35651;富柠街;
521;1;49808;粤龙阁;
521;1;35639;香溪路;
521;1;112057;富湾东路;
521;1;35695;前河东路;
521;1;35605;夏湾西街;
521;1;35563;环山中路;
521;1;274557;环城北路北侧高埗大道北入口匝道;
521;1;274565;环城北路南侧高埗大道北入口匝道;
521;1;263147;三塘中路;
521;1;299747;三保大桥;
521;1;266658;高埗大道北（东）;
521;1;274569;环城北路南侧高埗大道北（东）入口匝道;
521;1;266652;高埗大道北东侧;
521;1;274567;环城北路南侧高埗大道北东侧入口匝道;
521;1;266653;高埗大道北西侧;
521;1;274556;环城北路高埗大道北西侧入口匝道;
521;1;274553;环城北路北侧高埗大道北西侧入口匝道;
521;1;263230;高第街;
521;1;263229;向阳路;
521;1;324702;高栏港高速公路;
521;1;263990;高田坊路;
521;1;299761;蛤地路;
521;1;263972;新南路;
521;1;112019;沙石公路;
521;1;112238;兰桂路;
521;1;199780;拱辰路;
521;1;112125;太平路;
521;1;263214;光大路;
521;1;266504;光明三路;
521;1;112128;湖滨路;
521;1;266500;环城南路北侧;
521;1;266506;环城南路北侧光明三路上匝道;
521;1;49822;广澳高速公路到银湾路;
521;1;35499;银湾路;
521;1;124732;广澳高速公路中山段;
521;1;111990;金三大道东;
521;1;199807;阳光大道;
521;1;324529;广昆高速公路云浮段;
521;1;324531;思劳收费站;
521;1;324530;广梧高速安塘服务区;
521;1;324533;广昆高速公路肇庆段;
521;1;324538;金利大道;
521;1;324534;Ｘ４３０;
521;1;324535;白土收费站;
521;1;324536;蚬岗服务区;
521;1;324537;蚬岗收费站;
521;1;299707;广园快速路东莞段;
521;1;263013;宗德新街;
521;1;274790;规划四路;
521;1;35612;桂花北路;
521;1;49809;国防公路;
521;1;49847;澳门;
521;1;35629;海滨南路;
521;1;35628;九洲大道东;
521;1;35619;吉大路;
521;1;112131;海景路;
521;1;35636;海洲路;
521;1;112157;濠东路;
521;1;112202;濠江路;
521;1;112203;火炬路;
521;1;112205;濠头四村;
521;1;112204;科技西路;
521;1;199808;沙富路;
521;1;274114;合和街;
521;1;264008;和阳路;
521;1;112250;恒宝街;
521;1;199796;恒贝街;
521;1;263100;恒泉东路;
521;1;266455;环城东路西侧横塘路上匝道;
521;1;263056;横西七路;
521;1;274113;横中路;
521;1;274109;横竹塘路;
521;1;263993;温竹路;
521;1;263190;运河东一路;
521;1;263219;育兴路;
521;1;263218;花园路;
521;1;264059;绿化西路;
521;1;35685;红山楼;
521;1;112031;莲兴路;
521;1;299748;东莞立交;
521;1;263924;隆溪路;
521;1;274102;新中路;
521;1;263196;金树路;
521;1;263197;胜和路;
521;1;263199;元美东路;
521;1;263968;厚道路;
521;1;274781;厚德路;
521;1;274779;海宁路;
521;1;274780;金鳌洲街;
521;1;35652;香宁街;
521;1;266667;护安国学校;
521;1;274571;环城北路北侧护安国学校入口匝道;
521;1;264010;新河北路;
521;1;199797;中山三路隧道;
521;1;112028;兴华街;
521;1;49810;凤凰北路西侧;
521;1;49811;凤凰北路东侧;
521;1;36996;华平路;
521;1;112025;华夏街;
521;1;112253;体育横街;
521;1;112237;体育街;
521;1;274776;常横路;
521;1;263068;沿河东一路;
521;1;274541;环城西路西侧环城北路入口匝道;
521;1;274582;环城北路北侧Ｓ１２０出口匝道;
521;1;266743;Ｓ１２０东;
521;1;274580;环城北路北侧Ｓ１２０东出口匝道;
521;1;266679;Ｓ１２０东侧;
521;1;274575;环城北路北侧Ｓ１２０东侧出口匝道;
521;1;274566;环城北路北侧高埗大道北（东）出口匝道;
521;1;274562;环城北路北侧高埗大道北东侧出口匝道;
521;1;274563;环城北路北侧高埗大道北西侧出口匝道;
521;1;274572;环城北路北侧护安国学校出口匝道;
521;1;274564;环城北路由北至南临高埗大道北附近调头匝道;
521;1;274579;环城北路由北至南临Ｓ１２０附近调头匝道;
521;1;274574;环城北路南侧Ｓ１２０下匝道;
521;1;266649;高埗大道北（西）;
521;1;274555;环城北路南侧高埗大道北（西）出口匝道;
521;1;274560;环城北路南侧高埗大道北东侧出口匝道;
521;1;274561;环城北路南侧高埗大道北西侧出口匝道;
521;1;274558;环城北路北侧临高埗大道北附近;
521;1;274559;环城北路由南至北临高埗大道北附近调头匝道;
521;1;266695;四甲村北;
521;1;274586;环城北路南侧四甲村北出口匝道;
521;1;274592;珠三角环线高速公路东侧;
521;1;274594;环城北路南侧珠三角环线高速公路东侧出口匝道;
521;1;274584;环城北路南段;
521;1;274585;环城北路南段刘沙北路出口匝道;
521;1;274544;环城北路西侧;
521;1;266632;Ｇ１０７辅路;
521;1;274545;环城北路西侧Ｇ１０７辅路下匝道;
521;1;274549;环城北路西侧滘联创业横路出口匝道;
521;1;274603;环城东路崇焕中路南侧下匝道;
521;1;274165;莞龙路北侧;
521;1;274607;环城东路莞龙路北侧出口匝道;
521;1;274588;环城东路北侧;
521;1;274590;环城东路北侧昌兴路下匝道;
521;1;274604;环城东路东侧崇焕中路出口匝道;
521;1;274606;环城东路东侧崇焕中路南侧下匝道;
521;1;266454;环城东路东侧横塘路下匝道;
521;1;299715;环城东路东侧龙樟路出口匝道;
521;1;264145;圃园西路;
521;1;274610;环城东路东侧圃园西路下匝道;
521;1;274600;环城东路东侧庆丰中路下匝道;
521;1;266483;狮龙路;
521;1;266485;环城东路东侧狮龙路下匝道;
521;1;266471;环城东路东侧莞温路下匝道;
521;1;266463;环城东路东侧莞樟路下匝道;
521;1;266446;环城东路东侧西南路下匝道;
521;1;266433;环城东路辅路;
521;1;266448;环城东路东侧环城东路辅路上匝道;
521;1;266447;环城东路西侧环城东路辅路上匝道;
521;1;264002;银贵路;
521;1;274597;环城东路西侧崇焕中路下匝道;
521;1;266457;环城东路西侧横塘路下匝道;
521;1;266451;环城东路西侧环城东路辅路下匝道;
521;1;266747;环城东路西侧龙樟路出口匝道;
521;1;266487;环城东路西侧圃园西路下匝道;
521;1;266443;环城东路西侧松山湖大道出口匝道;
521;1;266441;松山湖大道北侧;
521;1;266442;环城东路西侧松山湖大道北侧出口匝道;
521;1;266444;松山湖大道南侧;
521;1;266445;环城东路西侧松山湖大道南侧出口匝道;
521;1;274611;环城东路西侧莞樟路下匝道;
521;1;263903;环城路北段;
521;1;264080;小享路;
521;1;266577;环城路北段北侧宝华路出口匝道;
521;1;266566;望牛墩;
521;1;266571;环城路北段北侧望牛墩方向下匝道;
521;1;266590;环城路北段东侧;
521;1;266596;Ｇ１０７;
521;1;266597;环城路北段东侧Ｇ１０７下匝道;
521;1;266621;Ｇ１０７东侧;
521;1;266622;环城路北段东侧匝道Ｇ１０７东侧出口匝道;
521;1;266604;Ｇ１０７西;
521;1;266601;环城路北段东侧Ｇ１０７西出口匝道;
521;1;266616;Ｇ１０７西侧;
521;1;266618;环城路北段东侧匝道Ｇ１０７西侧出口匝道;
521;1;266603;Ｇ１０７中;
521;1;266602;环城路北段东侧Ｇ１０７中出口匝道;
521;1;266744;东莞市石材批发中心;
521;1;266745;环城路北段东侧东莞市石材批发中心方向出口匝道;
521;1;266639;滘联路;
521;1;266641;环城路北段东侧滘联路下匝道;
521;1;266592;环城路北段东侧小享路下匝道;
521;1;266565;环城路北段南侧;
521;1;266567;环城路北段南侧望牛墩方向下匝道;
521;1;266573;望牛墩实验小学;
521;1;266575;环城路北段南侧望牛墩实验小学出口匝道;
521;1;266605;Ｇ１０７东;
521;1;266610;环城路北段西侧Ｇ１０７东出口匝道;
521;1;266611;环城路北段西侧Ｇ１０７西出口匝道;
521;1;266609;环城路北段西侧Ｇ１０７中出口匝道;
521;1;266581;扶涌村;
521;1;266582;环城路北段西侧扶涌村方向下匝道;
521;1;266742;环城路北段西侧望牛墩方向出口匝道;
521;1;266579;望牛墩加油站;
521;1;266580;环城路北段西侧望牛墩加油站方向下匝道;
521;1;266595;环城路北段西侧小享路下匝道;
521;1;266623;环城路北段西侧匝道;
521;1;266629;环城路北段西侧匝道Ｘ２３５下匝道;
521;1;274142;环城路北段至Ｘ２３５;
521;1;299709;东莞大道（环城西路）;
521;1;274649;环莞快速路;
521;1;266501;墩水岭;
521;1;266502;环城南路北侧墩水岭下匝道;
521;1;266505;环城南路北侧光明三路下匝道;
521;1;266517;环城南路北侧绿色路下匝道;
521;1;266509;环城南路北侧莞长路下匝道;
521;1;274613;环城南路北侧雅园工业区路下匝道;
521;1;266492;环城南路东侧;
521;1;266523;环城南路东侧东莞大道下匝道;
521;1;266493;环城南路东侧松山湖大道下匝道;
521;1;266507;环城南路南侧光明三路下匝道;
521;1;266512;环城南路南侧莞长路下匝道;
521;1;266520;环城南路西侧绿色路下匝道;
521;1;274667;环莞快速路环城西路入口匝道;
521;1;266538;环城西路东侧港口大道下匝道;
521;1;266557;罗浮尾路;
521;1;266558;环城西路东侧罗浮尾路下匝道;
521;1;266530;环城西路东侧莞太路下匝道;
521;1;266546;环城西路东侧万江路下匝道;
521;1;266544;环城西路西侧坝新路下匝道;
521;1;266528;环城西路西侧东莞大道下匝道;
521;1;266531;高新西路;
521;1;266532;环城西路西侧高新西路下匝道;
521;1;274670;环莞快速路环城西路西侧入口匝道;
521;1;266553;环城西路西侧泰新路下匝道;
521;1;266535;环城西路西侧莞太路下匝道;
521;1;266549;环城西路西侧万江路下匝道;
521;1;266559;严屋村;
521;1;266562;环城西路西侧严屋村方向下匝道;
521;1;49813;环村大道至昌业路;
521;1;35495;环岛路;
521;1;35496;大窝;
521;1;35497;粗沙环;
521;1;35707;顺景路;
521;1;35498;环岛北路;
521;1;112162;环茂一路;
521;1;35558;环山南路;
521;1;35557;南华路;
521;1;35708;霞山路;
521;1;274654;环莞快速路东莞大道出口匝道;
521;1;274668;环莞快速路环城南路出口匝道;
521;1;274671;环莞快速路环城西路西侧出口匝道;
521;1;274672;环莞快速路绿色路出口匝道;
521;1;274652;水濂山路南侧;
521;1;274653;环莞快速路水濂山路南侧出口匝道;
521;1;274655;迎宾路北侧;
521;1;274661;环莞快速路迎宾路北侧出口匝道;
521;1;274658;迎宾路南侧;
521;1;274659;环莞快速路迎宾路南侧出口匝道;
521;1;99870;环洲南路;
521;1;99867;潭隆南路;
521;1;99865;界狮南路;
521;1;274124;黄昌街;
521;1;263978;黄沙河东路;
521;1;263979;卢屋路;
521;1;263225;会展北路;
521;1;263239;簪花路;
521;1;35635;景园路;
521;1;35637;吉柠路;
521;1;35638;竹溪路;
521;1;49842;梅界路;
521;1;264018;江城东路;
521;1;264017;绿化路;
521;1;199798;光丰街;
521;1;324638;东海路;
521;1;274542;环城北路东侧;
521;1;274551;环城北路东侧滘联创业横路入口匝道;
521;1;274546;环城北路东侧滘联路上匝道;
521;1;36967;神农路;
521;1;274782;周屋基新一街;
521;1;274778;永泰商业街;
521;1;199777;忠和上街;
521;1;199776;广丰工业大道;
521;1;49835;金鸡路至前河北路;
521;1;49836;前河北路;
521;1;263234;南城路;
521;1;263927;八达横街;
521;1;274121;金曲路;
521;1;274777;金泰桥;
521;1;263213;怡丰路;
521;1;324495;京港澳高速公路清远段;
521;1;324496;Ｇ１０６;
521;1;324502;横石水服务区;
521;1;324643;佛冈服务区;
521;1;324498;Ｓ２５２;
521;1;324499;鱼湾服务区;
521;1;324500;鱼湾收费站;
521;1;324501;Ｓ３４７;
521;1;324508;京港澳高速公路韶关段;
521;1;324526;粤北停车区;
521;1;324509;翁城收费站;
521;1;324510;Ｘ３１７;
521;1;324511;曲江服务区;
521;1;324512;韶关南收费站;
521;1;324644;韶赣高速公路;
521;1;324513;韶关大道;
521;1;324514;Ｇ３２３;
521;1;324646;新柴桑;
521;1;324515;乳源停车区;
521;1;324516;北环中路;
521;1;324645;洋碰;
521;1;324517;Ｓ２４９;
521;1;324518;大桥收费站;
521;1;324519;观景台;
521;1;324520;大桥冷却场服务区;
521;1;324521;云岩服务区;
521;1;324522;大富岗停车区;
521;1;324523;梅花收费站;
521;1;324524;梅花停车区;
521;1;324525;坪石收费站;
521;1;112199;怡景路;
521;1;35633;园林路;
521;1;35634;景乐路;
521;1;35615;石花东路;
521;1;49844;敬业北路;
521;1;49815;九州港路;
521;1;49816;洲仔路;
521;1;274786;旧锡边路;
521;1;274104;荔园南路;
521;1;124800;居安街;
521;1;124792;新村街;
521;1;274702;东部快速干线北侧康乐路入口匝道;
521;1;274711;东部快速干线北侧匝道康乐路入口匝道;
521;1;274716;东部快速干线南侧康乐路入口匝道;
521;1;274717;东部快速干线南侧康乐路东侧入口匝道;
521;1;274708;东部快速干线北侧康乐路西侧入口匝道;
521;1;299706;东部快速干线南侧康乐路西侧入口匝道;
521;1;274807;珊瑚路;
521;1;112207;濠泗路;
521;1;112233;夏围街;
521;1;124789;蓝波路;
521;1;274128;黎屋围路;
521;1;274115;丽峰路;
521;1;49848;莲花大桥;
521;1;199799;莲员东路（莲塘路）;
521;1;112079;莲员西路;
521;1;266462;环城东路西侧寮城中路上匝道;
521;1;263054;横西五路;
521;1;36994;岭南路;
521;1;274583;环城北路北侧刘沙北路入口匝道;
521;1;264039;新风西路;
521;1;263611;龙大高速公路东莞段;
521;1;274233;南光高速公路;
521;1;299711;罗田收费站;
521;1;324663;龙河高速公路河源段;
521;1;324672;定南服务区;
521;1;324664;忠信收费站;
521;1;324665;忠信服务区;
521;1;324666;Ｓ２３０;
521;1;324667;合水收费站;
521;1;324668;和平收费站;
521;1;324669;和平服务区;
521;1;324670;上陵停车区;
521;1;324671;Ｘ１６７;
521;1;112235;龙井街;
521;1;262981;龙林高速公路;
521;1;263931;樟深路;
521;1;263253;林电路;
521;1;266450;环城东路东侧龙樟路上匝道;
521;1;266486;环城东路西侧龙樟路上匝道;
521;1;274076;龙樟路南侧;
521;1;274077;环城东路东侧龙樟路南侧入口匝道;
521;1;124782;隆兴北路;
521;1;124783;星宝路;
521;1;112070;隆兴南路;
521;1;112095;新濠路;
521;1;274816;卢元路;
521;1;264060;石龙头路;
521;1;274848;绿化中路;
521;1;266518;环城南路东侧绿色路上匝道;
521;1;266561;环城西路东侧罗浮尾路上匝道;
521;1;324676;罗阳高速公路阳江段;
521;1;324677;那达;
521;1;324693;Ｓ１１３;
521;1;324678;Ｘ５９３;
521;1;324574;雅白线;
521;1;324649;罗阳高速公路;
521;1;324679;Ｘ５９７;
521;1;324680;漠阳江服务区;
521;1;324681;Ｘ５９９;
521;1;324567;Ｓ２７７;
521;1;112239;麻洲街;
521;1;112023;迎阳正街;
521;1;112240;三级石;
521;1;36981;梅花路;
521;1;49843;梅溪路;
521;1;49845;旅游路;
521;1;124777;岐港路;
521;1;112122;悦来中路;
521;1;199779;民新路;
521;1;199778;西大街;
521;1;112264;兴港中路;
521;1;274596;铭华路珠三角环线高速公路出口匝道;
521;1;264054;西沙路;
521;1;112247;华光路;
521;1;112248;悦兴街;
521;1;35649;南虹一街;
521;1;36965;银湾路（南湾南路）;
521;1;35583;屏北二路;
521;1;36999;西倩街;
521;1;112117;南源路;
521;1;112118;永安二路;
521;1;274812;文阁兴路;
521;1;35576;屏工中路;
521;1;35580;屏东四路;
521;1;35579;上成丰;
521;1;35581;四间围;
521;1;35577;五顷围;
521;1;266482;环城东路东侧圃园西路上匝道;
521;1;274140;塘东路;
521;1;264003;圃园东路;
521;1;112108;星晨路;
521;1;113863;美景西路;
521;1;199781;岐关东路;
521;1;112059;银湾东路;
521;1;99887;尖山;
521;1;36971;荣泰路;
521;1;49831;前河南路;
521;1;49833;前河西路;
521;1;49832;寿丰路;
521;1;36969;前山岱山路;
521;1;36970;福石路;
521;1;274129;堑头路;
521;1;274130;堑头瑞龙路;
521;1;99883;迎宾南路西侧;
521;1;99884;迎宾南路东侧;
521;1;36995;侨岭街;
521;1;274785;桥东大街;
521;1;49814;情侣南路延长线;
521;1;274599;环城东路西侧庆丰中路上匝道;
521;1;124781;球场街;
521;1;112259;文昌南街;
521;1;299733;东部快速干线人民路入口匝道;
521;1;264046;莞潢中路;
521;1;264004;桑园工业路;
521;1;112211;沙边路;
521;1;199800;沙裕路;
521;1;35666;文园路;
521;1;274106;山湖路;
521;1;274808;西元路;
521;1;264112;下田墩路;
521;1;49806;上冲西街;
521;1;274822;上桥工业路;
521;1;274821;桥石路;
521;1;274805;运河路;
521;1;299692;上亭路;
521;1;299691;下亭街;
521;1;324387;沈海高速公路潮州段;
521;1;324388;潮州服务区;
521;1;324389;Ｓ３３５;
521;1;324390;Ｘ０８６;
521;1;324391;Ｓ２２２;
521;1;274509;沈海高速公路东莞段;
521;1;274217;芙蓉大道;
521;1;274262;广深大道西;
521;1;262994;德政西路;
521;1;274535;厚街服务区;
521;1;299712;望牛墩立交;
521;1;299713;麻涌大道;
521;1;324420;沈海高速公路惠州段;
521;1;324422;沙田服务区;
521;1;324425;湖东停车区;
521;1;324427;白云收费站;
521;1;324426;惠深沿海高速公路;
521;1;324589;沈海高速公路江门段;
521;1;324571;大槐停车区;
521;1;324590;Ｓ３６７;
521;1;324591;恩城收费站;
521;1;324592;Ｓ３６９;
521;1;324593;沙湖大道;
521;1;324594;Ｘ５５５;
521;1;324584;Ｓ２７４;
521;1;324595;开平收费站;
521;1;324596;梁金山服务区;
521;1;324600;水口收费站;
521;1;324597;新台高速公路;
521;1;324647;元岭村;
521;1;324403;沈海高速公路揭阳段;
521;1;324404;潮惠高速公路;
521;1;324407;田心收费站;
521;1;324395;Ｓ３３７;
521;1;324405;葵和大道;
521;1;324406;仙庵收费站;
521;1;324554;沈海高速公路茂名段;
521;1;324552;Ｓ２８６;
521;1;324562;Ｓ２８２;
521;1;324555;Ｘ６２３;
521;1;324556;Ｓ２８５;
521;1;324648;高水公路;
521;1;324558;电白停车区;
521;1;324559;Ｓ２８１;
521;1;324560;Ｘ６４０;
521;1;324561;Ｘ６３９;
521;1;324394;沈海高速公路汕头段;
521;1;324396;Ｓ２３４;
521;1;324397;河浦大道;
521;1;324398;磊广大道;
521;1;324399;南滨路;
521;1;314169;中山东路;
521;1;324400;Ｘ０５１;
521;1;324401;Ｓ２３１;
521;1;324409;沈海高速公路汕尾段;
521;1;324410;白云仔服务区;
521;1;324411;鲘门服务区;
521;1;324412;鲘门收费站;
521;1;324413;Ｘ１２５;
521;1;324414;Ｓ２４２;
521;1;324415;Ｓ２４０;
521;1;324416;陆丰服务区;
521;1;324417;Ｘ１３９;
521;1;324564;沈海高速公路阳江段;
521;1;324565;阳西服务区;
521;1;324566;Ｓ２７８;
521;1;324568;阳江服务区;
521;1;324674;西平大桥;
521;1;324569;北惯收费站;
521;1;324570;那龙收费站;
521;1;324549;沈海高速公路湛江段;
521;1;324651;下桥收费站;
521;1;324652;Ｘ６９０;
521;1;324653;Ｘ６９９;
521;1;324658;雷州服务区;
521;1;324655;Ｘ６９２;
521;1;324656;Ｓ３７３;
521;1;324657;白沙停车区;
521;1;324659;雷州收费站;
521;1;324660;遂溪服务区;
521;1;324661;Ｘ６８４;
521;1;324662;Ｓ３７４;
521;1;324550;官渡收费站;
521;1;324551;官渡服务区;
521;1;299729;东部快速干线北侧生态园大道东侧入口匝道;
521;1;299728;东部快速干线北侧生态园大道西侧入口匝道;
521;1;274078;狮龙路东侧;
521;1;274079;环城东路东侧狮龙路东侧上匝道;
521;1;266713;石碍;
521;1;274591;环城东路西侧石碍入口匝道;
521;1;274673;东部快速干线北侧石大路入口匝道;
521;1;274676;东部快速干线南侧石大路入口匝道;
521;1;274809;新房路;
521;1;263244;石井支路;
521;1;274274;石龙东桥;
521;1;264076;裕兴路;
521;1;124801;石牛西路;
521;1;264068;石湾北路;
521;1;299750;康裕幼儿园;
521;1;274836;Ｘ１９３;
521;1;274267;石湾大桥;
521;1;274789;石湾南路;
521;1;274834;湾湖西路;
521;1;274835;石湾中路;
521;1;299751;康裕幼儿园（石湾北路）;
521;1;266466;石羊街;
521;1;266467;环城东路东侧石羊街上匝道;
521;1;263223;元美中路;
521;1;112214;步云路;
521;1;264120;市桥路;
521;1;299760;市政府门前路;
521;1;274650;水濂山路北侧;
521;1;274651;环莞快速路水濂山路北侧入口匝道;
521;1;49821;海湾花园;
521;1;274842;东部快速干线松柏路入口匝道;
521;1;299719;东部快速干线北侧松柏路入口匝道;
521;1;274639;东部快速干线松柏路东侧入口匝道;
521;1;299718;东部快速干线北侧松柏路西侧入口匝道;
521;1;274634;东部快速干线松柏路西侧入口匝道;
521;1;299749;松柏路至石大路;
521;1;274820;松浪街;
521;1;274627;东部快速干线松山湖大道入口匝道;
521;1;266495;环城南路西侧松山湖大道上匝道;
521;1;274625;东部快速干线东侧松山湖大道辅路入口匝道;
521;1;274617;东部快速干线西侧松山湖大道辅路入口匝道;
521;1;299688;大福源农庄;
521;1;199801;悦来路;
521;1;266552;环城西路东侧泰新路上匝道;
521;1;99881;联丰街;
521;1;264001;塘兴路;
521;1;35670;桃园路;
521;1;274112;体育横路;
521;1;266496;同沙西路;
521;1;266499;环城南路南侧同沙西路上匝道;
521;1;266511;环城南路北侧莞长路上匝道;
521;1;266510;环城南路南侧莞长路上匝道;
521;1;266475;环城东路西侧莞福路下匝道;
521;1;274570;环城北路南侧莞潢北路入口匝道;
521;1;264113;南堤大街;
521;1;274793;颐龙东路;
521;1;274609;环城东路莞龙路北侧入口匝道;
521;1;274167;莞龙路南侧;
521;1;274608;环城东路莞龙路南侧入口匝道;
521;1;274173;环城西路西侧莞穗路上匝道;
521;1;274175;莞穗路北;
521;1;274547;环城北路东侧莞穗路北入口匝道;
521;1;274177;莞穗路东;
521;1;274176;环城路北段东侧莞穗路东入口匝道;
521;1;274179;莞穗路东侧;
521;1;274178;环城路北段西侧匝道莞穗路东侧入口匝道;
521;1;274181;莞穗路西侧;
521;1;274180;环城路北段东侧匝道莞穗路西侧入口匝道;
521;1;266534;环城西路东侧莞太路上匝道;
521;1;266533;环城西路西侧莞太路上匝道;
521;1;266472;环城东路东侧莞温路上匝道;
521;1;274794;温增路;
521;1;263991;温周路;
521;1;274630;东部快速干线东侧莞樟路入口匝道;
521;1;274631;东部快速干线西侧莞樟路入口匝道;
521;1;266548;环城西路东侧万江路上匝道;
521;1;266547;环城西路西侧万江路上匝道;
521;1;274832;万寿路;
521;1;266572;环城路北段北侧望牛墩方向上匝道;
521;1;266568;环城路北段南侧望牛墩方向上匝道;
521;1;266583;环城路北段西侧望牛墩加油站方向上匝道;
521;1;266574;环城路北段南侧望牛墩实验小学方向入口匝道;
521;1;324705;恒福大厦;
521;1;299753;久定;
521;1;274795;温增路至黄沙河东路;
521;1;263997;周屋路;
521;1;263999;文塔路;
521;1;263996;狮长路;
521;1;324704;五洲花城澳洲园;
521;1;324579;西部沿海高速公路江门段;
521;1;324577;Ｓ２７６;
521;1;324588;金门收费站;
521;1;324580;海宴收费站;
521;1;324581;沙栏收费站;
521;1;324582;上川岛服务区;
521;1;324583;上川收费站;
521;1;324585;Ｓ２７３;
521;1;324586;都斛收费站;
521;1;324587;Ｓ２７１;
521;1;324572;西部沿海高速公路阳江段;
521;1;324573;东风四路;
521;1;324575;大沟服务区;
521;1;324576;Ｘ５９６;
521;1;35463;西部沿海高速公路珠海段;
521;1;49787;金门出入口;
521;1;35458;斗门服务区;
521;1;112254;富泓商场;
521;1;264116;环湖西路;
521;1;299763;东部快速干线北侧西南路入口匝道;
521;1;266452;环城东路东侧西南路上匝道;
521;1;299690;下亭江滨路;
521;1;35673;山峰路;
521;1;35674;银香路;
521;1;36987;先烈路;
521;1;274833;县正路;
521;1;36910;迎宾北路西侧;
521;1;36909;迎宾北路东侧;
521;1;36986;香宁一街;
521;1;99882;香柠三街;
521;1;264118;寮湖路;
521;1;264117;荔园路;
521;1;263048;寮浮路;
521;1;263943;富荣路;
521;1;263971;小河路;
521;1;274798;创意中路;
521;1;264012;大新南路;
521;1;266563;小享建设路;
521;1;266564;环城西路西侧小享建设路上匝道;
521;1;266594;环城路北段东侧小享路上匝道;
521;1;266593;环城路北段西侧小享路上匝道;
521;1;266554;新村;
521;1;266556;环城西路西侧新村入口方向上匝道;
521;1;274543;环城北路东侧新基路入口匝道;
521;1;199773;裕祥路;
521;1;199774;西海南路;
521;1;324601;斗山收费站;
521;1;324650;舜德路;
521;1;324603;合水服务区;
521;1;324604;大江收费站;
521;1;324605;Ｘ５３９;
521;1;199805;群富工业村路;
521;1;199806;新怡华购物商场;
521;1;112265;二马路;
521;1;274847;兴龙中路;
521;1;124779;兴政路;
521;1;124785;大港路;
521;1;124784;怡明路;
521;1;124788;星云东路;
521;1;266469;环城东路西侧学前路新街上匝道;
521;1;112236;豪杰街;
521;1;266560;环城西路西侧严屋村方向上匝道;
521;1;49823;紫荆路西侧;
521;1;49824;紫荆路东侧;
521;1;263224;阳光路;
521;1;49839;怡华街;
521;1;274796;颐龙西路;
521;1;274131;银岭街;
521;1;274133;乡贤里;
521;1;274797;银竹路;
521;1;299689;银龙路;
521;1;124793;银湾北路;
521;1;274656;环莞快速路迎宾路北侧入口匝道;
521;1;274662;环莞快速路迎宾路南侧入口匝道;
521;1;112119;永安一路;
521;1;263220;育华路;
521;1;264132;村尾街;
521;1;264133;青林路;
521;1;299754;政法街;
521;1;263200;元美路;
521;1;263191;运河东路;
521;1;263192;樟村路;
521;1;263263;运河西一路;
521;1;266480;环城东路西侧振兴路上匝道;
521;1;274787;育才路;
521;1;112273;张家边五村;
521;1;112215;十涌路;
521;1;263091;财贸路;
521;1;99888;美湾街（中兴中路）;
521;1;263973;众利路;
521;1;274505;珠三角环线高速公路东莞段;
521;1;274536;石古潭;
521;1;299714;立新西路;
521;1;263934;蛟坪大道;
521;1;274242;公常路;
521;1;274537;台中路;
521;1;324606;珠三角环线高速公路江门段;
521;1;324694;凤山;
521;1;324698;江肇高速龙口服务区;
521;1;324695;杜阮北二路;
521;1;324703;桐乐路;
521;1;324697;竹朗路;
521;1;324607;杜阮收费站;
521;1;124731;珠三角环线高速公路中山段;
521;1;111992;兴宁路;
521;1;124763;小榄工业大道中;
521;1;111994;东升服务区;
