CID;TABCD;LCD;NEG_OFF_LCD;POS_OFF_LCD
521;31;18509;;18510
521;31;18510;18509;18511
521;31;18511;18510;18512
521;31;18512;18511;18513
521;31;18513;18512;18514
521;31;18514;18513;
521;31;12402;;12403
521;31;12403;12402;13402
521;31;13402;12403;13403
521;31;13403;13402;13404
521;31;13404;13403;
521;31;18402;;18403
521;31;18403;18402;
521;31;18536;;18537
521;31;18537;18536;18538
521;31;18538;18537;18539
521;31;18539;18538;18540
521;31;18540;18539;18541
521;31;18541;18540;
521;31;18405;;18406
521;31;18406;18405;
521;31;18411;;18412
521;31;18412;18411;
521;31;18408;;18409
521;31;18409;18408;
521;31;12409;;13116
521;31;13116;12409;13117
521;31;13117;13116;12410
521;31;12410;13117;13118
521;31;13118;12410;13119
521;31;13119;13118;12411
521;31;12411;13119;13120
521;31;13120;12411;12412
521;31;12412;13120;
521;31;12405;;13172
521;31;13172;12405;12406
521;31;12406;13172;12407
521;31;12407;12406;
521;31;12414;;13066
521;31;13066;12414;12415
521;31;12415;13066;12416
521;31;12416;12415;
521;31;18543;;19318
521;31;19318;18543;
521;31;19320;;18544
521;31;18544;19320;18545
521;31;18545;18544;
521;31;18505;;18506
521;31;18506;18505;18507
521;31;18507;18506;
521;31;831;;832
521;31;832;831;833
521;31;833;832;834
521;31;834;833;
521;31;430;;431
521;31;431;430;432
521;31;432;431;433
521;31;433;432;
521;31;39060;;39061
521;31;39061;39060;39062
521;31;39062;39061;39063
521;31;39063;39062;
521;31;1522;;1523
521;31;1523;1522;
521;31;719;;861
521;31;861;719;720
521;31;720;861;721
521;31;721;720;
521;31;729;;730
521;31;730;729;731
521;31;731;730;732
521;31;732;731;
521;31;456;;457
521;31;457;456;964
521;31;964;457;458
521;31;458;964;
521;31;1471;;986
521;31;986;1471;1445
521;31;1445;986;1444
521;31;1444;1445;587
521;31;587;1444;588
521;31;588;587;589
521;31;589;588;590
521;31;590;589;591
521;31;591;590;592
521;31;592;591;775
521;31;775;592;988
521;31;988;775;776
521;31;776;988;777
521;31;777;776;778
521;31;778;777;
521;31;597;;596
521;31;596;597;595
521;31;595;596;790
521;31;790;595;791
521;31;791;790;792
521;31;792;791;793
521;31;793;792;794
521;31;794;793;
521;31;30102;;30103
521;31;30103;30102;
521;31;1499;;867
521;31;867;1499;868
521;31;868;867;
521;31;19156;;19157
521;31;19157;19156;19158
521;31;19158;19157;
521;31;18493;;18494
521;31;18494;18493;18495
521;31;18495;18494;18496
521;31;18496;18495;18497
521;31;18497;18496;18498
521;31;18498;18497;18499
521;31;18499;18498;
521;31;18855;;18856
521;31;18856;18855;
521;31;12942;;13163
521;31;13163;12942;12943
521;31;12943;13163;12944
521;31;12944;12943;
521;31;12850;;13182
521;31;13182;12850;13079
521;31;13079;13182;13183
521;31;13183;13079;12851
521;31;12851;13183;13080
521;31;13080;12851;13184
521;31;13184;13080;12852
521;31;12852;13184;
521;31;30078;;30079
521;31;30079;30078;30080
521;31;30080;30079;30081
521;31;30081;30080;30082
521;31;30082;30081;30083
521;31;30083;30082;30084
521;31;30084;30083;30085
521;31;30085;30084;
521;31;30069;;30070
521;31;30070;30069;30071
521;31;30071;30070;30072
521;31;30072;30071;30073
521;31;30073;30072;30074
521;31;30074;30073;30075
521;31;30075;30074;30076
521;31;30076;30075;
521;31;12070;;12071
521;31;12071;12070;
521;31;12078;;12066
521;31;12066;12078;12067
521;31;12067;12066;12068
521;31;12068;12067;12057
521;31;12057;12068;12058
521;31;12058;12057;12059
521;31;12059;12058;12072
521;31;12072;12059;
521;31;51052;;51053
521;31;51053;51052;51054
521;31;51054;51053;51055
521;31;51055;51054;51056
521;31;51056;51055;51057
521;31;51057;51056;51058
521;31;51058;51057;51059
521;31;51059;51058;51060
521;31;51060;51059;
521;31;79;;80
521;31;80;79;81
521;31;81;80;
521;31;83;;118
521;31;118;83;124
521;31;124;118;84
521;31;84;124;85
521;31;85;84;86
521;31;86;85;87
521;31;87;86;
521;31;18800;;18801
521;31;18801;18800;18802
521;31;18802;18801;
521;31;13037;;13197
521;31;13197;13037;12519
521;31;12519;13197;12520
521;31;12520;12519;
521;31;13032;;13167
521;31;13167;13032;13033
521;31;13033;13167;13168
521;31;13168;13033;13034
521;31;13034;13168;
521;31;13028;;13169
521;31;13169;13028;13170
521;31;13170;13169;13029
521;31;13029;13170;13171
521;31;13171;13029;13030
521;31;13030;13171;
521;31;18792;;18793
521;31;18793;18792;18794
521;31;18794;18793;18795
521;31;18795;18794;18796
521;31;18796;18795;18797
521;31;18797;18796;18798
521;31;18798;18797;
521;31;12785;;13222
521;31;13222;12785;12786
521;31;12786;13222;
521;31;12787;;12788
521;31;12788;12787;
521;31;12958;;13106
521;31;13106;12958;12959
521;31;12959;13106;
521;31;1446;;1448
521;31;1448;1446;599
521;31;599;1448;966
521;31;966;599;1447
521;31;1447;966;600
521;31;600;1447;601
521;31;601;600;983
521;31;983;601;602
521;31;602;983;486
521;31;486;602;485
521;31;485;486;
521;31;746;;662
521;31;662;746;663
521;31;663;662;
521;31;18870;;18871
521;31;18871;18870;18874
521;31;18874;18871;
521;31;303;;304
521;31;304;303;
521;31;962;;781
521;31;781;962;782
521;31;782;781;783
521;31;783;782;784
521;31;784;783;785
521;31;785;784;786
521;31;786;785;787
521;31;787;786;
521;31;1474;;2717
521;31;2717;1474;
521;31;814;;815
521;31;815;814;816
521;31;816;815;
521;31;818;;819
521;31;819;818;
521;31;924;;925
521;31;925;924;926
521;31;926;925;927
521;31;927;926;
521;31;12854;;13185
521;31;13185;12854;13081
521;31;13081;13185;12855
521;31;12855;13081;13186
521;31;13186;12855;12856
521;31;12856;13186;
521;31;2614;;2615
521;31;2615;2614;
521;31;99;;100
521;31;100;99;101
521;31;101;100;102
521;31;102;101;103
521;31;103;102;2723
521;31;2723;103;2724
521;31;2724;2723;2725
521;31;2725;2724;
521;31;570;;571
521;31;571;570;
521;31;2796;;2797
521;31;2797;2796;2798
521;31;2798;2797;2799
521;31;2799;2798;2800
521;31;2800;2799;2801
521;31;2801;2800;2802
521;31;2802;2801;
521;31;627;;628
521;31;628;627;629
521;31;629;628;630
521;31;630;629;
521;31;18770;;18771
521;31;18771;18770;18772
521;31;18772;18771;18775
521;31;18775;18772;19241
521;31;19241;18775;18776
521;31;18776;19241;
521;31;12545;;13096
521;31;13096;12545;12546
521;31;12546;13096;13239
521;31;13239;12546;12547
521;31;12547;13239;13339
521;31;13339;12547;
521;31;516;;517
521;31;517;516;
521;31;2805;;2806
521;31;2806;2805;2807
521;31;2807;2806;
521;31;523;;524
521;31;524;523;525
521;31;525;524;526
521;31;526;525;
521;31;519;;520
521;31;520;519;521
521;31;521;520;
521;31;1322;;1323
521;31;1323;1322;1326
521;31;1326;1323;2530
521;31;2530;1326;
521;31;665;;666
521;31;666;665;
521;31;1019;;1020
521;31;1020;1019;1021
521;31;1021;1020;1022
521;31;1022;1021;1023
521;31;1023;1022;1024
521;31;1024;1023;1025
521;31;1025;1024;404
521;31;404;1025;862
521;31;862;404;405
521;31;405;862;406
521;31;406;405;407
521;31;407;406;421
521;31;421;407;408
521;31;408;421;409
521;31;409;408;410
521;31;410;409;411
521;31;411;410;412
521;31;412;411;
521;31;511;;512
521;31;512;511;513
521;31;513;512;514
521;31;514;513;
521;31;18705;;18706
521;31;18706;18705;18707
521;31;18707;18706;
521;31;18447;;18448
521;31;18448;18447;18449
521;31;18449;18448;18450
521;31;18450;18449;18451
521;31;18451;18450;18452
521;31;18452;18451;18453
521;31;18453;18452;18454
521;31;18454;18453;
521;31;18709;;18710
521;31;18710;18709;18711
521;31;18711;18710;18712
521;31;18712;18711;18713
521;31;18713;18712;
521;31;18526;;18527
521;31;18527;18526;18528
521;31;18528;18527;19283
521;31;19283;18528;18529
521;31;18529;19283;18530
521;31;18530;18529;
521;31;2529;;1519
521;31;1519;2529;1003
521;31;1003;1519;1464
521;31;1464;1003;1004
521;31;1004;1464;1465
521;31;1465;1004;1005
521;31;1005;1465;696
521;31;696;1005;697
521;31;697;696;698
521;31;698;697;699
521;31;699;698;
521;31;18655;;18656
521;31;18656;18655;18657
521;31;18657;18656;
521;31;12450;;12451
521;31;12451;12450;12452
521;31;12452;12451;13101
521;31;13101;12452;12453
521;31;12453;13101;
521;31;821;;822
521;31;822;821;
521;31;2904;;2905
521;31;2905;2904;2906
521;31;2906;2905;2907
521;31;2907;2906;
521;31;12444;;12445
521;31;12445;12444;
521;31;12447;;12448
521;31;12448;12447;
521;31;13337;;13338
521;31;13338;13337;
521;31;12516;;12517
521;31;12517;12516;12518
521;31;12518;12517;13131
521;31;13131;12518;12525
521;31;12525;13131;13250
521;31;13250;12525;
521;31;12521;;12522
521;31;12522;12521;
521;31;12527;;12528
521;31;12528;12527;12529
521;31;12529;12528;12530
521;31;12530;12529;
521;31;12537;;12538
521;31;12538;12537;13137
521;31;13137;12538;12539
521;31;12539;13137;
521;31;12504;;13147
521;31;13147;12504;12505
521;31;12505;13147;12508
521;31;12508;12505;
521;31;12510;;12511
521;31;12511;12510;
521;31;12532;;12533
521;31;12533;12532;13201
521;31;13201;12533;13202
521;31;13202;13201;12534
521;31;12534;13202;13203
521;31;13203;12534;12535
521;31;12535;13203;
521;31;19276;;19277
521;31;19277;19276;19278
521;31;19278;19277;
521;31;13237;;12550
521;31;12550;13237;12551
521;31;12551;12550;
521;31;2856;;2857
521;31;2857;2856;2858
521;31;2858;2857;2859
521;31;2859;2858;2860
521;31;2860;2859;
521;31;3015;;3016
521;31;3016;3015;
521;31;18718;;18719
521;31;18719;18718;18720
521;31;18720;18719;18721
521;31;18721;18720;18722
521;31;18722;18721;
521;31;18724;;18725
521;31;18725;18724;18726
521;31;18726;18725;18727
521;31;18727;18726;
521;31;18729;;18730
521;31;18730;18729;18731
521;31;18731;18730;18732
521;31;18732;18731;
521;31;18734;;18735
521;31;18735;18734;18736
521;31;18736;18735;
521;31;12976;;12977
521;31;12977;12976;12978
521;31;12978;12977;
521;31;13331;;13215
521;31;13215;13331;
521;31;122;;123
521;31;123;122;
521;31;12495;;12496
521;31;12496;12495;
521;31;723;;724
521;31;724;723;
521;31;452;;453
521;31;453;452;454
521;31;454;453;
521;31;460;;461
521;31;461;460;2876
521;31;2876;461;
521;31;2658;;2659
521;31;2659;2658;
521;31;2841;;2842
521;31;2842;2841;
521;31;2722;;311
521;31;311;2722;312
521;31;312;311;313
521;31;313;312;314
521;31;314;313;315
521;31;315;314;316
521;31;316;315;317
521;31;317;316;
521;31;208;;209
521;31;209;208;210
521;31;210;209;211
521;31;211;210;1531
521;31;1531;211;2770
521;31;2770;1531;
521;31;796;;797
521;31;797;796;798
521;31;798;797;799
521;31;799;798;863
521;31;863;799;800
521;31;800;863;801
521;31;801;800;802
521;31;802;801;803
521;31;803;802;804
521;31;804;803;2573
521;31;2573;804;
521;31;956;;957
521;31;957;956;958
521;31;958;957;959
521;31;959;958;960
521;31;960;959;
521;31;668;;669
521;31;669;668;670
521;31;670;669;671
521;31;671;670;
521;31;2948;;2949
521;31;2949;2948;2950
521;31;2950;2949;
521;31;12968;;12969
521;31;12969;12968;
521;31;840;;841
521;31;841;840;842
521;31;842;841;843
521;31;843;842;
521;31;939;;940
521;31;940;939;941
521;31;941;940;942
521;31;942;941;
521;31;13335;;12558
521;31;12558;13335;12559
521;31;12559;12558;12565
521;31;12565;12559;
521;31;12561;;12562
521;31;12562;12561;
521;31;1225;;1226
521;31;1226;1225;
521;31;12651;;12652
521;31;12652;12651;12653
521;31;12653;12652;12654
521;31;12654;12653;
521;31;12463;;12464
521;31;12464;12463;12465
521;31;12465;12464;13097
521;31;13097;12465;13098
521;31;13098;13097;12466
521;31;12466;13098;13099
521;31;13099;12466;12467
521;31;12467;13099;
521;31;12455;;12456
521;31;12456;12455;
521;31;12458;;12459
521;31;12459;12458;12460
521;31;12460;12459;12461
521;31;12461;12460;
521;31;2847;;2848
521;31;2848;2847;
521;31;18074;;18075
521;31;18075;18074;18076
521;31;18076;18075;18077
521;31;18077;18076;18078
521;31;18078;18077;18079
521;31;18079;18078;18080
521;31;18080;18079;18067
521;31;18067;18080;18068
521;31;18068;18067;18069
521;31;18069;18068;
521;31;12061;;12062
521;31;12062;12061;12075
521;31;12075;12062;12076
521;31;12076;12075;
521;31;13406;;13407
521;31;13407;13406;13408
521;31;13408;13407;
521;31;18929;;18930
521;31;18930;18929;
521;31;1461;;1462
521;31;1462;1461;1463
521;31;1463;1462;3020
521;31;3020;1463;
521;31;734;;735
521;31;735;734;736
521;31;736;735;737
521;31;737;736;
521;31;1032;;1033
521;31;1033;1032;1034
521;31;1034;1033;1035
521;31;1035;1034;
521;31;881;;882
521;31;882;881;883
521;31;883;882;
521;31;994;;655
521;31;655;994;
521;31;19296;;19297
521;31;19297;19296;19298
521;31;19298;19297;
521;31;12553;;12554
521;31;12554;12553;
521;31;12901;;13209
521;31;13209;12901;13367
521;31;13367;13209;
521;31;1072;;1073
521;31;1073;1072;1466
521;31;1466;1073;
521;31;3006;;643
521;31;643;3006;
521;31;2775;;991
521;31;991;2775;637
521;31;637;991;638
521;31;638;637;2778
521;31;2778;638;
521;31;2779;;639
521;31;639;2779;
521;31;2780;;646
521;31;646;2780;647
521;31;647;646;3007
521;31;3007;647;
521;31;604;;605
521;31;605;604;606
521;31;606;605;607
521;31;607;606;990
521;31;990;607;609
521;31;609;990;610
521;31;610;609;680
521;31;680;610;611
521;31;611;680;612
521;31;612;611;613
521;31;613;612;2776
521;31;2776;613;
521;31;1675;;
521;31;1449;;1043
521;31;1043;1449;1044
521;31;1044;1043;1524
521;31;1524;1044;1045
521;31;1045;1524;1046
521;31;1046;1045;1047
521;31;1047;1046;1048
521;31;1048;1047;
521;31;1039;;1040
521;31;1040;1039;1041
521;31;1041;1040;
521;31;1053;;1054
521;31;1054;1053;2986
521;31;2986;1054;1055
521;31;1055;2986;
521;31;1013;;1050
521;31;1050;1013;1051
521;31;1051;1050;2061
521;31;2061;1051;2062
521;31;2062;2061;
521;31;2782;;2783
521;31;2783;2782;
521;31;2785;;1056
521;31;1056;2785;1057
521;31;1057;1056;
521;31;1059;;1060
521;31;1060;1059;1061
521;31;1061;1060;1062
521;31;1062;1061;
521;31;2714;;2715
521;31;2715;2714;
521;31;1703;;
521;31;2811;;705
521;31;705;2811;706
521;31;706;705;2716
521;31;2716;706;3032
521;31;3032;2716;
521;31;1363;;3028
521;31;3028;1363;
521;31;1357;;1358
521;31;1358;1357;
521;31;1360;;1361
521;31;1361;1360;
521;31;2786;;2788
521;31;2788;2786;
521;31;1374;;1375
521;31;1375;1374;2787
521;31;2787;1375;
521;31;3029;;1366
521;31;1366;3029;1367
521;31;1367;1366;1370
521;31;1370;1367;
521;31;3030;;1371
521;31;1371;3030;1372
521;31;1372;1371;
521;31;806;;2812
521;31;2812;806;
521;31;996;;997
521;31;997;996;
521;31;830;;3025
521;31;3025;830;
521;31;13241;;13242
521;31;13242;13241;13243
521;31;13243;13242;
521;31;963;;965
521;31;965;963;
521;31;2774;;726
521;31;726;2774;727
521;31;727;726;
521;31;2772;;725
521;31;725;2772;
521;31;3034;;683
521;31;683;3034;684
521;31;684;683;685
521;31;685;684;
521;31;687;;688
521;31;688;687;689
521;31;689;688;690
521;31;690;689;
521;31;692;;693
521;31;693;692;694
521;31;694;693;
521;31;652;;653
521;31;653;652;
521;31;858;;859
521;31;859;858;
521;31;231;;
521;31;239;;
521;31;2899;;2900
521;31;2900;2899;2901
521;31;2901;2900;2902
521;31;2902;2901;
521;31;749;;750
521;31;750;749;751
521;31;751;750;752
521;31;752;751;753
521;31;753;752;
521;31;18761;;18762
521;31;18762;18761;18763
521;31;18763;18762;18764
521;31;18764;18763;18765
521;31;18765;18764;18766
521;31;18766;18765;18767
521;31;18767;18766;18768
521;31;18768;18767;
521;31;12645;;12646
521;31;12646;12645;
521;31;12430;;12431
521;31;12431;12430;13225
521;31;13225;12431;13089
521;31;13089;13225;13226
521;31;13226;13089;12432
521;31;12432;13226;
521;31;894;;895
521;31;895;894;896
521;31;896;895;
521;31;12425;;13227
521;31;13227;12425;13228
521;31;13228;13227;12426
521;31;12426;13228;13229
521;31;13229;12426;13230
521;31;13230;13229;12427
521;31;12427;13230;12428
521;31;12428;12427;
521;31;1289;;1290
521;31;1290;1289;1291
521;31;1291;1290;
521;31;19105;;19106
521;31;19106;19105;19107
521;31;19107;19106;
521;31;12717;;12718
521;31;12718;12717;
521;31;13058;;12719
521;31;12719;13058;
521;31;2635;;2636
521;31;2636;2635;2637
521;31;2637;2636;
521;31;12955;;13145
521;31;13145;12955;12956
521;31;12956;13145;
521;31;2639;;2640
521;31;2640;2639;2641
521;31;2641;2640;
521;31;2790;;1397
521;31;1397;2790;1398
521;31;1398;1397;
521;31;1408;;1409
521;31;1409;1408;1410
521;31;1410;1409;2791
521;31;2791;1410;
521;31;849;;850
521;31;850;849;851
521;31;851;850;
521;31;13351;;13107
521;31;13107;13351;12912
521;31;12912;13107;
521;31;917;;918
521;31;918;917;
521;31;19247;;19248
521;31;19248;19247;18787
521;31;18787;19248;
521;31;18785;;18786
521;31;18786;18785;
521;31;18778;;18779
521;31;18779;18778;
521;31;18781;;18782
521;31;18782;18781;18783
521;31;18783;18782;
521;31;18821;;18822
521;31;18822;18821;18823
521;31;18823;18822;18824
521;31;18824;18823;18825
521;31;18825;18824;18826
521;31;18826;18825;18827
521;31;18827;18826;18828
521;31;18828;18827;18829
521;31;18829;18828;18830
521;31;18830;18829;18831
521;31;18831;18830;18832
521;31;18832;18831;18833
521;31;18833;18832;18834
521;31;18834;18833;18835
521;31;18835;18834;
521;31;19249;;18815
521;31;18815;19249;18816
521;31;18816;18815;18817
521;31;18817;18816;18818
521;31;18818;18817;18819
521;31;18819;18818;
521;31;18836;;18808
521;31;18808;18836;18809
521;31;18809;18808;18810
521;31;18810;18809;18811
521;31;18811;18810;18812
521;31;18812;18811;
521;31;12469;;12470
521;31;12470;12469;12640
521;31;12640;12470;12471
521;31;12471;12640;
521;31;12486;;12487
521;31;12487;12486;
521;31;12483;;12484
521;31;12484;12483;
521;31;12473;;12474
521;31;12474;12473;12475
521;31;12475;12474;
521;31;12480;;13146
521;31;13146;12480;12481
521;31;12481;13146;
521;31;12477;;12478
521;31;12478;12477;
521;31;12489;;12490
521;31;12490;12489;
521;31;13046;;13047
521;31;13047;13046;
521;31;12501;;12502
521;31;12502;12501;
521;31;12498;;12499
521;31;12499;12498;
521;31;12492;;12493
521;31;12493;12492;
521;31;18634;;18635
521;31;18635;18634;19242
521;31;19242;18635;19311
521;31;19311;19242;
521;31;13344;;12441
521;31;12441;13344;12442
521;31;12442;12441;
521;31;12439;;12440
521;31;12440;12439;
521;31;1492;;1493
521;31;1493;1492;1494
521;31;1494;1493;1328
521;31;1328;1494;2793
521;31;2793;1328;
521;31;12929;;12930
521;31;12930;12929;12931
521;31;12931;12930;
521;31;13010;;13011
521;31;13011;13010;13216
521;31;13216;13011;13217
521;31;13217;13216;13012
521;31;13012;13217;13218
521;31;13218;13012;13013
521;31;13013;13218;
521;31;12567;;12568
521;31;12568;12567;
521;31;12573;;13148
521;31;13148;12573;13149
521;31;13149;13148;12574
521;31;12574;13149;13150
521;31;13150;12574;12575
521;31;12575;13150;12576
521;31;12576;12575;
521;31;12570;;13210
521;31;13210;12570;12571
521;31;12571;13210;
521;31;2708;;2709
521;31;2709;2708;
521;31;18424;;18425
521;31;18425;18424;18426
521;31;18426;18425;18427
521;31;18427;18426;
521;31;18600;;18601
521;31;18601;18600;18602
521;31;18602;18601;18603
521;31;18603;18602;18604
521;31;18604;18603;
521;31;934;;935
521;31;935;934;936
521;31;936;935;937
521;31;937;936;
521;31;19068;;19069
521;31;19069;19068;19070
521;31;19070;19069;19071
521;31;19071;19070;19072
521;31;19072;19071;
521;31;12686;;12687
521;31;12687;12686;12688
521;31;12688;12687;
521;31;19219;;19220
521;31;19220;19219;19221
521;31;19221;19220;19222
521;31;19222;19221;19223
521;31;19223;19222;19224
521;31;19224;19223;19225
521;31;19225;19224;
521;31;18659;;18660
521;31;18660;18659;18661
521;31;18661;18660;
521;31;13291;;13292
521;31;13292;13291;13293
521;31;13293;13292;
521;31;12936;;12939
521;31;12939;12936;12940
521;31;12940;12939;
521;31;19086;;19087
521;31;19087;19086;
521;31;2962;;2963
521;31;2963;2962;2964
521;31;2964;2963;
521;31;18916;;18917
521;31;18917;18916;
521;31;13270;;13271
521;31;13271;13270;13274
521;31;13274;13271;
521;31;13449;;13276
521;31;13276;13449;13277
521;31;13277;13276;13278
521;31;13278;13277;
521;31;920;;921
521;31;921;920;922
521;31;922;921;
521;31;623;;624
521;31;624;623;1497
521;31;1497;624;
521;31;1613;;
521;31;617;;618
521;31;618;617;619
521;31;619;618;620
521;31;620;619;621
521;31;621;620;
521;31;13251;;12711
521;31;12711;13251;12712
521;31;12712;12711;
521;31;12811;;12812
521;31;12812;12811;12813
521;31;12813;12812;
521;31;1442;;1443
521;31;1443;1442;
521;31;19304;;19305
521;31;19305;19304;
521;31;19148;;19149
521;31;19149;19148;
521;31;2577;;2578
521;31;2578;2577;2579
521;31;2579;2578;
521;31;19163;;19164
521;31;19164;19163;19165
521;31;19165;19164;19166
521;31;19166;19165;
521;31;18893;;18894
521;31;18894;18893;18895
521;31;18895;18894;
521;31;1655;;
521;31;2702;;2703
521;31;2703;2702;
521;31;1611;;
521;31;18672;;18673
521;31;18673;18672;
521;31;12880;;13059
521;31;13059;12880;12881
521;31;12881;13059;
521;31;2989;;2990
521;31;2990;2989;
521;31;1759;;
521;31;1763;;
521;31;1765;;
521;31;1761;;
521;31;18523;;18524
521;31;18524;18523;
521;31;2655;;2656
521;31;2656;2655;2719
521;31;2719;2656;
521;31;1287;;1283
521;31;1283;1287;1245
521;31;1245;1283;1284
521;31;1284;1245;
521;31;1285;;1286
521;31;1286;1285;
521;31;1267;;1268
521;31;1268;1267;1269
521;31;1269;1268;
521;31;12625;;13060
521;31;13060;12625;12626
521;31;12626;13060;13102
521;31;13102;12626;12627
521;31;12627;13102;
521;31;1422;;1423
521;31;1423;1422;
521;31;2837;;2838
521;31;2838;2837;2839
521;31;2839;2838;
521;31;1417;;1418
521;31;1418;1417;1419
521;31;1419;1418;1420
521;31;1420;1419;
521;31;1271;;1276
521;31;1276;1271;1277
521;31;1277;1276;
521;31;1278;;1279
521;31;1279;1278;
521;31;18682;;18683
521;31;18683;18682;18684
521;31;18684;18683;
521;31;19250;;18700
521;31;18700;19250;
521;31;19322;;19323
521;31;19323;19322;19324
521;31;19324;19323;
521;31;19252;;18701
521;31;18701;19252;18702
521;31;18702;18701;18703
521;31;18703;18702;
521;31;18686;;18687
521;31;18687;18686;18688
521;31;18688;18687;18689
521;31;18689;18688;
521;31;18691;;18692
521;31;18692;18691;18693
521;31;18693;18692;
521;31;18695;;18696
521;31;18696;18695;18699
521;31;18699;18696;
521;31;18679;;18680
521;31;18680;18679;
521;31;1450;;1451
521;31;1451;1450;1064
521;31;1064;1451;1066
521;31;1066;1064;1065
521;31;1065;1066;1067
521;31;1067;1065;1516
521;31;1516;1067;1517
521;31;1517;1516;
521;31;19021;;19022
521;31;19022;19021;
521;31;2923;;2924
521;31;2924;2923;
521;31;2920;;2921
521;31;2921;2920;
521;31;1538;;
521;31;287;;
521;31;1536;;
521;31;291;;
521;31;1532;;
521;31;293;;
521;31;19326;;19327
521;31;19327;19326;
521;31;12742;;13103
521;31;13103;12742;12743
521;31;12743;13103;13104
521;31;13104;12743;13049
521;31;13049;13104;12744
521;31;12744;13049;
521;31;12721;;12722
521;31;12722;12721;13105
521;31;13105;12722;13061
521;31;13061;13105;12723
521;31;12723;13061;
521;31;1815;;
521;31;12908;;13062
521;31;13062;12908;12909
521;31;12909;13062;
521;31;18501;;18502
521;31;18502;18501;18503
521;31;18503;18502;
521;31;18964;;18965
521;31;18965;18964;18966
521;31;18966;18965;18967
521;31;18967;18966;
521;31;33052;;33053
521;31;33053;33052;33054
521;31;33054;33053;33055
521;31;33055;33054;33069
521;31;33069;33055;33056
521;31;33056;33069;33057
521;31;33057;33056;33058
521;31;33058;33057;33059
521;31;33059;33058;33060
521;31;33060;33059;33061
521;31;33061;33060;33062
521;31;33062;33061;33063
521;31;33063;33062;33064
521;31;33064;33063;33065
521;31;33065;33064;33066
521;31;33066;33065;33067
521;31;33067;33066;33068
521;31;33068;33067;
521;31;30087;;30088
521;31;30088;30087;30089
521;31;30089;30088;30090
521;31;30090;30089;30091
521;31;30091;30090;30092
521;31;30092;30091;30093
521;31;30093;30092;30094
521;31;30094;30093;30095
521;31;30095;30094;30096
521;31;30096;30095;30097
521;31;30097;30096;30098
521;31;30098;30097;30099
521;31;30099;30098;30100
521;31;30100;30099;
521;31;36052;;36053
521;31;36053;36052;36054
521;31;36054;36053;36055
521;31;36055;36054;36056
521;31;36056;36055;36057
521;31;36057;36056;36058
521;31;36058;36057;36059
521;31;36059;36058;36060
521;31;36060;36059;36061
521;31;36061;36060;36062
521;31;36062;36061;36063
521;31;36063;36062;36064
521;31;36064;36063;36065
521;31;36065;36064;36066
521;31;36066;36065;36067
521;31;36067;36066;36068
521;31;36068;36067;
521;31;18567;;18568
521;31;18568;18567;
521;31;2620;;2621
521;31;2621;2620;
521;31;992;;656
521;31;656;992;
521;31;12599;;12600
521;31;12600;12599;12601
521;31;12601;12600;
521;31;119;;88
521;31;88;119;116
521;31;116;88;90
521;31;90;116;91
521;31;91;90;112
521;31;112;91;113
521;31;113;112;
521;31;30061;;30062
521;31;30062;30061;30063
521;31;30063;30062;30064
521;31;30064;30063;30065
521;31;30065;30064;30105
521;31;30105;30065;30066
521;31;30066;30105;30067
521;31;30067;30066;
521;31;1092;;1093
521;31;1093;1092;
521;31;18417;;18418
521;31;18418;18417;
521;31;18414;;18415
521;31;18415;18414;
521;31;18420;;18421
521;31;18421;18420;18422
521;31;18422;18421;
521;31;1435;;1436
521;31;1436;1435;1437
521;31;1437;1436;
521;31;1347;;1348
521;31;1348;1347;1452
521;31;1452;1348;1349
521;31;1349;1452;
521;31;1339;;1340
521;31;1340;1339;
521;31;1821;;
521;31;1827;;
521;31;1342;;1343
521;31;1343;1342;1344
521;31;1344;1343;1345
521;31;1345;1344;
521;31;1837;;
521;31;1831;;
521;31;1164;;1165
521;31;1165;1164;
521;31;3027;;506
521;31;506;3027;
521;31;19336;;19337
521;31;19337;19336;19338
521;31;19338;19337;
521;31;13306;;13307
521;31;13307;13306;
521;31;18553;;18554
521;31;18554;18553;18555
521;31;18555;18554;18556
521;31;18556;18555;18557
521;31;18557;18556;18558
521;31;18558;18557;
521;31;12872;;12873
521;31;12873;12872;12874
521;31;12874;12873;12875
521;31;12875;12874;
521;31;18804;;18805
521;31;18805;18804;18806
521;31;18806;18805;
521;31;12998;;12999
521;31;12999;12998;13000
521;31;13000;12999;
521;31;12779;;12780
521;31;12780;12779;12781
521;31;12781;12780;
521;31;19178;;19179
521;31;19179;19178;19180
521;31;19180;19179;
521;31;12861;;12862
521;31;12862;12861;
521;31;13285;;12858
521;31;12858;13285;13108
521;31;13108;12858;12859
521;31;12859;13108;
521;31;12964;;13109
521;31;13109;12964;13110
521;31;13110;13109;12965
521;31;12965;13110;12966
521;31;12966;12965;
521;31;1583;;
521;31;18919;;18920
521;31;18920;18919;
521;31;13317;;13318
521;31;13318;13317;
521;31;1161;;1162
521;31;1162;1161;
521;31;19309;;19310
521;31;19310;19309;
521;31;2686;;2687
521;31;2687;2686;
521;31;2692;;2693
521;31;2693;2692;
521;31;2683;;2684
521;31;2684;2683;
521;31;2689;;2690
521;31;2690;2689;
521;31;2803;;1501
521;31;1501;2803;1248
521;31;1248;1501;1251
521;31;1251;1248;1252
521;31;1252;1251;
521;31;19186;;19187
521;31;19187;19186;
521;31;19313;;18759
521;31;18759;19313;
521;31;1079;;1080
521;31;1080;1079;1081
521;31;1081;1080;
521;31;18939;;18940
521;31;18940;18939;18941
521;31;18941;18940;
521;31;18936;;18937
521;31;18937;18936;
521;31;2933;;2934
521;31;2934;2933;2935
521;31;2935;2934;
521;31;2737;;
521;31;1867;;
521;31;1857;;
521;31;3009;;
521;31;2731;;
521;31;1855;;
521;31;319;;214
521;31;214;319;215
521;31;215;214;216
521;31;216;215;217
521;31;217;216;218
521;31;218;217;219
521;31;219;218;220
521;31;220;219;221
521;31;221;220;
521;31;225;;
521;31;229;;
521;31;227;;
521;31;277;;
521;31;281;;
521;31;285;;
521;31;283;;
521;31;2739;;
521;31;1540;;
521;31;241;;
521;31;245;;
521;31;243;;
521;31;249;;
521;31;261;;
521;31;247;;
521;31;321;;
521;31;2733;;
521;31;1849;;
521;31;279;;
521;31;289;;
521;31;269;;
521;31;349;;
521;31;353;;
521;31;333;;
521;31;233;;
521;31;237;;
521;31;235;;
521;31;295;;
521;31;301;;
521;31;297;;
521;31;299;;
521;31;1544;;
521;31;257;;
521;31;265;;
521;31;259;;
521;31;263;;
521;31;1859;;
521;31;1861;;
521;31;325;;
521;31;3013;;
521;31;1534;;
521;31;1529;;
521;31;273;;
521;31;337;;
521;31;341;;
521;31;345;;
521;31;331;;
521;31;339;;
521;31;898;;899
521;31;899;898;900
521;31;900;899;
521;31;876;;877
521;31;877;876;878
521;31;878;877;879
521;31;879;878;
521;31;2623;;2624
521;31;2624;2623;
521;31;489;;490
521;31;490;489;491
521;31;491;490;492
521;31;492;491;493
521;31;493;492;494
521;31;494;493;495
521;31;495;494;496
521;31;496;495;497
521;31;497;496;498
521;31;498;497;
521;31;12629;;12630
521;31;12630;12629;
521;31;659;;660
521;31;660;659;
521;31;2720;;2574
521;31;2574;2720;2710
521;31;2710;2574;
521;31;673;;998
521;31;998;673;674
521;31;674;998;675
521;31;675;674;999
521;31;999;675;676
521;31;676;999;677
521;31;677;676;678
521;31;678;677;679
521;31;679;678;2883
521;31;2883;679;2884
521;31;2884;2883;681
521;31;681;2884;
521;31;1114;;1115
521;31;1115;1114;1116
521;31;1116;1115;
521;31;1125;;1126
521;31;1126;1125;1127
521;31;1127;1126;
521;31;18650;;18651
521;31;18651;18650;18652
521;31;18652;18651;18653
521;31;18653;18652;
521;31;18646;;18647
521;31;18647;18646;18648
521;31;18648;18647;
521;31;1069;;1070
521;31;1070;1069;
521;31;381;;
521;31;929;;930
521;31;930;929;931
521;31;931;930;932
521;31;932;931;
521;31;2617;;2618
521;31;2618;2617;
521;31;2929;;2930
521;31;2930;2929;2931
521;31;2931;2930;
521;31;1593;;
521;31;1595;;
521;31;423;;860
521;31;860;423;1000
521;31;1000;860;424
521;31;424;1000;425
521;31;425;424;1001
521;31;1001;425;426
521;31;426;1001;427
521;31;427;426;428
521;31;428;427;
521;31;2045;;2046
521;31;2046;2045;2047
521;31;2047;2046;2048
521;31;2048;2047;2049
521;31;2049;2048;
521;31;19005;;19006
521;31;19006;19005;
521;31;2813;;2547
521;31;2547;2813;2548
521;31;2548;2547;2551
521;31;2551;2548;
521;31;19216;;19217
521;31;19217;19216;
521;31;1542;;
521;31;1546;;
521;31;18961;;18962
521;31;18962;18961;
521;31;18955;;18956
521;31;18956;18955;18957
521;31;18957;18956;18958
521;31;18958;18957;18959
521;31;18959;18958;
521;31;19128;;19129
521;31;19129;19128;19130
521;31;19130;19129;19131
521;31;19131;19130;
521;31;18984;;18985
521;31;18985;18984;18986
521;31;18986;18985;18987
521;31;18987;18986;
521;31;18973;;18974
521;31;18974;18973;18975
521;31;18975;18974;18976
521;31;18976;18975;18977
521;31;18977;18976;
521;31;18981;;18982
521;31;18982;18981;
521;31;18838;;18839
521;31;18839;18838;18840
521;31;18840;18839;
521;31;18913;;18914
521;31;18914;18913;
521;31;18842;;18843
521;31;18843;18842;18844
521;31;18844;18843;18845
521;31;18845;18844;18846
521;31;18846;18845;18847
521;31;18847;18846;
521;31;759;;760
521;31;760;759;763
521;31;763;760;
521;31;1219;;1220
521;31;1220;1219;
521;31;12618;;13111
521;31;13111;12618;13112
521;31;13112;13111;12619
521;31;12619;13112;
521;31;48061;;48062
521;31;48062;48061;48063
521;31;48063;48062;48064
521;31;48064;48063;48065
521;31;48065;48064;48066
521;31;48066;48065;48067
521;31;48067;48066;48068
521;31;48068;48067;48069
521;31;48069;48068;48070
521;31;48070;48069;
521;31;19074;;19075
521;31;19075;19074;19076
521;31;19076;19075;
521;31;1455;;1456
521;31;1456;1455;1457
521;31;1457;1456;1254
521;31;1254;1457;1255
521;31;1255;1254;1256
521;31;1256;1255;
521;31;13024;;13113
521;31;13113;13024;13025
521;31;13025;13113;13114
521;31;13114;13025;13026
521;31;13026;13114;
521;31;13020;;13115
521;31;13115;13020;13021
521;31;13021;13115;13022
521;31;13022;13021;
521;31;18666;;18667
521;31;18667;18666;
521;31;1458;;1459
521;31;1459;1458;1439
521;31;1439;1459;1440
521;31;1440;1439;
521;31;19270;;19271
521;31;19271;19270;
521;31;18468;;18469
521;31;18469;18468;18470
521;31;18470;18469;18471
521;31;18471;18470;18472
521;31;18472;18471;
521;31;19193;;19194
521;31;19194;19193;19195
521;31;19195;19194;19196
521;31;19196;19195;
521;31;13287;;13288
521;31;13288;13287;13289
521;31;13289;13288;
521;31;19183;;19184
521;31;19184;19183;
521;31;19011;;19012
521;31;19012;19011;
521;31;12707;;13121
521;31;13121;12707;13122
521;31;13122;13121;12708
521;31;12708;13122;
521;31;12704;;13123
521;31;13123;12704;13048
521;31;13048;13123;12705
521;31;12705;13048;
521;31;12614;;12615
521;31;12615;12614;13124
521;31;13124;12615;12616
521;31;12616;13124;
521;31;18950;;18951
521;31;18951;18950;18952
521;31;18952;18951;18953
521;31;18953;18952;
521;31;1743;;
521;31;1731;;
521;31;701;;702
521;31;702;701;
521;31;2727;;
521;31;1733;;
521;31;1819;;
521;31;1745;;
521;31;3031;;710
521;31;710;3031;
521;31;573;;574
521;31;574;573;
521;31;12202;;12203
521;31;12203;12202;12204
521;31;12204;12203;
521;31;1167;;1168
521;31;1168;1167;
521;31;2060;;1090
521;31;1090;2060;
521;31;19093;;19094
521;31;19094;19093;19095
521;31;19095;19094;
521;31;2632;;2633
521;31;2633;2632;
521;31;19363;;19364
521;31;19364;19363;
521;31;508;;509
521;31;509;508;
521;31;2563;;2564
521;31;2564;2563;2565
521;31;2565;2564;
521;31;2556;;2557
521;31;2557;2556;2558
521;31;2558;2557;
521;31;19279;;18669
521;31;18669;19279;18670
521;31;18670;18669;
521;31;2661;;2662
521;31;2662;2661;
521;31;1569;;
521;31;2560;;2561
521;31;2561;2560;
521;31;13333;;12996
521;31;12996;13333;
521;31;18052;;18053
521;31;18053;18052;18054
521;31;18054;18053;18055
521;31;18055;18054;18056
521;31;18056;18055;
521;31;2535;;2536
521;31;2536;2535;
521;31;13245;;13246
521;31;13246;13245;
521;31;45052;;45053
521;31;45053;45052;45054
521;31;45054;45053;
521;31;48052;;48053
521;31;48053;48052;48054
521;31;48054;48053;48055
521;31;48055;48054;48056
521;31;48056;48055;48059
521;31;48059;48056;48057
521;31;48057;48059;48058
521;31;48058;48057;
521;31;109;;93
521;31;93;109;94
521;31;94;93;
521;31;2873;;2874
521;31;2874;2873;
521;31;12750;;12751
521;31;12751;12750;12752
521;31;12752;12751;
521;31;12746;;13125
521;31;13125;12746;13126
521;31;13126;13125;12747
521;31;12747;13126;13127
521;31;13127;12747;12748
521;31;12748;13127;
521;31;13426;;13427
521;31;13427;13426;
521;31;12847;;12848
521;31;12848;12847;
521;31;12843;;12844
521;31;12844;12843;12845
521;31;12845;12844;
521;31;18631;;18632
521;31;18632;18631;
521;31;12946;;12947
521;31;12947;12946;
521;31;12833;;12834
521;31;12834;12833;
521;31;18989;;18990
521;31;18990;18989;18991
521;31;18991;18990;18992
521;31;18992;18991;
521;31;19360;;19361
521;31;19361;19360;
521;31;19253;;18864
521;31;18864;19253;19243
521;31;19243;18864;
521;31;18858;;18859
521;31;18859;18858;18860
521;31;18860;18859;18863
521;31;18863;18860;
521;31;2604;;2605
521;31;2605;2604;
521;31;1222;;1223
521;31;1223;1222;
521;31;19115;;19116
521;31;19116;19115;
521;31;713;;714
521;31;714;713;
521;31;377;;
521;31;910;;911
521;31;911;910;912
521;31;912;911;913
521;31;913;912;
521;31;716;;717
521;31;717;716;
521;31;2601;;2602
521;31;2602;2601;
521;31;2581;;2582
521;31;2582;2581;
521;31;2664;;2665
521;31;2665;2664;
521;31;538;;531
521;31;531;538;532
521;31;532;531;533
521;31;533;532;
521;31;2789;;1382
521;31;1382;2789;
521;31;13006;;13128
521;31;13128;13006;13129
521;31;13129;13128;13007
521;31;13007;13129;13130
521;31;13130;13007;13008
521;31;13008;13130;
521;31;1095;;1096
521;31;1096;1095;
521;31;19208;;19209
521;31;19209;19208;19210
521;31;19210;19209;19211
521;31;19211;19210;19212
521;31;19212;19211;19213
521;31;19213;19212;19214
521;31;19214;19213;
521;31;417;;1008
521;31;1008;417;418
521;31;418;1008;1009
521;31;1009;418;1010
521;31;1010;1009;419
521;31;419;1010;1011
521;31;1011;419;420
521;31;420;1011;
521;31;2538;;2539
521;31;2539;2538;2540
521;31;2540;2539;2541
521;31;2541;2540;
521;31;464;;465
521;31;465;464;1012
521;31;1012;465;466
521;31;466;1012;467
521;31;467;466;
521;31;469;;470
521;31;470;469;471
521;31;471;470;472
521;31;472;471;473
521;31;473;472;
521;31;475;;476
521;31;476;475;477
521;31;477;476;
521;31;1075;;1076
521;31;1076;1075;1077
521;31;1077;1076;
521;31;2831;;2832
521;31;2832;2831;
521;31;2532;;2533
521;31;2533;2532;
521;31;12893;;12894
521;31;12894;12893;12895
521;31;12895;12894;
521;31;18628;;18629
521;31;18629;18628;19299
521;31;19299;18629;
521;31;18620;;18621
521;31;18621;18620;18622
521;31;18622;18621;
521;31;18624;;18625
521;31;18625;18624;18626
521;31;18626;18625;
521;31;1751;;
521;31;1231;;1232
521;31;1232;1231;
521;31;18437;;18438
521;31;18438;18437;18439
521;31;18439;18438;18440
521;31;18440;18439;
521;31;12986;;12987
521;31;12987;12986;
521;31;13355;;12990
521;31;12990;13355;
521;31;13326;;13327
521;31;13327;13326;13328
521;31;13328;13327;
521;31;19133;;19134
521;31;19134;19133;19135
521;31;19135;19134;19136
521;31;19136;19135;
521;31;528;;529
521;31;529;528;
521;31;19049;;19050
521;31;19050;19049;19051
521;31;19051;19050;19052
521;31;19052;19051;
521;31;632;;633
521;31;633;632;634
521;31;634;633;649
521;31;649;634;
521;31;1709;;
521;31;1769;;
521;31;1767;;
521;31;1773;;
521;31;1735;;
521;31;1741;;
521;31;1739;;
521;31;1749;;
521;31;1755;;
521;31;1775;;
521;31;1757;;
521;31;1723;;
521;31;1727;;
521;31;1729;;
521;31;1753;;
521;31;1781;;
521;31;1811;;
521;31;1777;;
521;31;1707;;
521;31;1721;;
521;31;1835;;
521;31;1839;;
521;31;1813;;
521;31;1829;;
521;31;1833;;
521;31;375;;
521;31;1847;;
521;31;399;;
521;31;1825;;
521;31;1551;;
521;31;393;;
521;31;385;;
521;31;365;;
521;31;357;;
521;31;367;;
521;31;1503;;1504
521;31;1504;1503;1505
521;31;1505;1504;1506
521;31;1506;1505;1507
521;31;1507;1506;1508
521;31;1508;1507;1509
521;31;1509;1508;1510
521;31;1510;1509;1511
521;31;1511;1510;1512
521;31;1512;1511;1513
521;31;1513;1512;
521;31;1557;;
521;31;379;;
521;31;371;;
521;31;1725;;
521;31;1555;;
521;31;359;;
521;31;361;;
521;31;363;;
521;31;387;;
521;31;306;;307
521;31;307;306;308
521;31;308;307;309
521;31;309;308;310
521;31;310;309;
521;31;1653;;
521;31;1645;;
521;31;1673;;
521;31;1697;;
521;31;1679;;
521;31;1693;;
521;31;1681;;
521;31;1677;;
521;31;1717;;
521;31;1665;;
521;31;1641;;
521;31;1651;;
521;31;1685;;
521;31;1689;;
521;31;1687;;
521;31;1659;;
521;31;1691;;
521;31;1657;;
521;31;1671;;
521;31;1701;;
521;31;2705;;2706
521;31;2706;2705;
521;31;202;;203
521;31;203;202;204
521;31;204;203;205
521;31;205;204;206
521;31;206;205;
521;31;1565;;
521;31;1567;;
521;31;1585;;
521;31;1573;;
521;31;1581;;
521;31;1591;;
521;31;1559;;
521;31;1571;;
521;31;1579;;
521;31;1589;;
521;31;2761;;
521;31;1609;;
521;31;1631;;
521;31;1599;;
521;31;1617;;
521;31;1615;;
521;31;1597;;
521;31;1601;;
521;31;2765;;
521;31;1627;;
521;31;1607;;
521;31;1623;;
521;31;1637;;
521;31;13132;;12906
521;31;12906;13132;
521;31;13357;;13358
521;31;13358;13357;
521;31;13332;;12435
521;31;12435;13332;13133
521;31;13133;12435;12436
521;31;12436;13133;12437
521;31;12437;12436;
521;31;18750;;18751
521;31;18751;18750;18752
521;31;18752;18751;
521;31;12606;;12607
521;31;12607;12606;12608
521;31;12608;12607;
521;31;12596;;12597
521;31;12597;12596;
521;31;12604;;13134
521;31;13134;12604;12603
521;31;12603;13134;
521;31;2751;;
521;31;2763;;
521;31;2767;;
521;31;2769;;
521;31;2749;;
521;31;2757;;
521;31;2755;;
521;31;2741;;2742
521;31;2742;2741;2743
521;31;2743;2742;2744
521;31;2744;2743;2745
521;31;2745;2744;
521;31;13437;;13438
521;31;13438;13437;13439
521;31;13439;13438;
521;31;2643;;2644
521;31;2644;2643;
521;31;1086;;1087
521;31;1087;1086;1088
521;31;1088;1087;1089
521;31;1089;1088;
521;31;1145;;1146
521;31;1146;1145;
521;31;2966;;2967
521;31;2967;2966;2968
521;31;2968;2967;
521;31;2588;;2589
521;31;2589;2588;
521;31;18877;;18878
521;31;18878;18877;18879
521;31;18879;18878;18880
521;31;18880;18879;
521;31;19245;;18875
521;31;18875;19245;
521;31;18882;;18883
521;31;18883;18882;18884
521;31;18884;18883;
521;31;12815;;13135
521;31;13135;12815;12816
521;31;12816;13135;12817
521;31;12817;12816;
521;31;12836;;12837
521;31;12837;12836;
521;31;12883;;13136
521;31;13136;12883;12884
521;31;12884;13136;13359
521;31;13359;12884;
521;31;12808;;12809
521;31;12809;12808;
521;31;12422;;13138
521;31;13138;12422;13139
521;31;13139;13138;13140
521;31;13140;13139;12423
521;31;12423;13140;13409
521;31;13409;12423;
521;31;1261;;1262
521;31;1262;1261;
521;31;1258;;1259
521;31;1259;1258;
521;31;18746;;18747
521;31;18747;18746;18748
521;31;18748;18747;
521;31;18741;;18742
521;31;18742;18741;18743
521;31;18743;18742;18744
521;31;18744;18743;
521;31;12585;;12586
521;31;12586;12585;13141
521;31;13141;12586;12587
521;31;12587;13141;
521;31;18560;;18561
521;31;18561;18560;
521;31;12578;;12579
521;31;12579;12578;13142
521;31;13142;12579;12580
521;31;12580;13142;
521;31;12589;;12590
521;31;12590;12589;13143
521;31;13143;12590;12591
521;31;12591;13143;
521;31;12621;;12622
521;31;12622;12621;13144
521;31;13144;12622;12623
521;31;12623;13144;
521;31;60094;;60095
521;31;60095;60094;60096
521;31;60096;60095;
521;31;1719;;
521;31;1715;;
521;31;13432;;13433
521;31;13433;13432;13434
521;31;13434;13433;
521;31;2826;;2827
521;31;2827;2826;2828
521;31;2828;2827;2829
521;31;2829;2828;
521;31;19349;;19350
521;31;19350;19349;19351
521;31;19351;19350;
521;31;13382;;13383
521;31;13383;13382;
521;31;13264;;13265
521;31;13265;13264;
521;31;1467;;2036
521;31;2036;1467;
521;31;944;;945
521;31;945;944;946
521;31;946;945;
521;31;2834;;2835
521;31;2835;2834;
521;31;2629;;2815
521;31;2815;2629;2816
521;31;2816;2815;2817
521;31;2817;2816;
521;31;2570;;2571
521;31;2571;2570;2572
521;31;2572;2571;
521;31;2819;;2820
521;31;2820;2819;
521;31;39052;;39064
521;31;39064;39052;39053
521;31;39053;39064;39054
521;31;39054;39053;39055
521;31;39055;39054;39056
521;31;39056;39055;39057
521;31;39057;39056;39058
521;31;39058;39057;
521;31;42052;;42053
521;31;42053;42052;42054
521;31;42054;42053;42055
521;31;42055;42054;42056
521;31;42056;42055;42071
521;31;42071;42056;42057
521;31;42057;42071;42058
521;31;42058;42057;42072
521;31;42072;42058;42059
521;31;42059;42072;42060
521;31;42060;42059;42073
521;31;42073;42060;42061
521;31;42061;42073;42062
521;31;42062;42061;42063
521;31;42063;42062;42064
521;31;42064;42063;42065
521;31;42065;42064;42066
521;31;42066;42065;42067
521;31;42067;42066;42068
521;31;42068;42067;42069
521;31;42069;42068;42070
521;31;42070;42069;
521;31;18849;;18850
521;31;18850;18849;18851
521;31;18851;18850;18852
521;31;18852;18851;
521;31;13313;;13314
521;31;13314;13313;13315
521;31;13315;13314;
521;31;12827;;13151
521;31;13151;12827;12828
521;31;12828;13151;
521;31;12819;;12820
521;31;12820;12819;13152
521;31;13152;12820;12821
521;31;12821;13152;12822
521;31;12822;12821;
521;31;12830;;13153
521;31;13153;12830;12831
521;31;12831;13153;
521;31;13419;;13420
521;31;13420;13419;
521;31;13002;;13154
521;31;13154;13002;13003
521;31;13003;13154;13155
521;31;13155;13003;13004
521;31;13004;13155;
521;31;12983;;12984
521;31;12984;12983;
521;31;501;;502
521;31;502;501;
521;31;13361;;13362
521;31;13362;13361;13363
521;31;13363;13362;
521;31;12798;;13156
521;31;13156;12798;13157
521;31;13157;13156;12799
521;31;12799;13157;13158
521;31;13158;12799;12800
521;31;12800;13158;
521;31;12790;;13159
521;31;13159;12790;12791
521;31;12791;13159;13160
521;31;13160;12791;13161
521;31;13161;13160;12792
521;31;12792;13161;
521;31;12794;;12795
521;31;12795;12794;13162
521;31;13162;12795;12796
521;31;12796;13162;
521;31;2851;;2852
521;31;2852;2851;2853
521;31;2853;2852;
521;31;19285;;19286
521;31;19286;19285;
521;31;18886;;18887
521;31;18887;18886;
521;31;2895;;2896
521;31;2896;2895;2897
521;31;2897;2896;
521;31;18943;;18944
521;31;18944;18943;18945
521;31;18945;18944;18946
521;31;18946;18945;18947
521;31;18947;18946;18948
521;31;18948;18947;
521;31;19035;;19036
521;31;19036;19035;19037
521;31;19037;19036;19038
521;31;19038;19037;
521;31;251;;
521;31;253;;
521;31;267;;
521;31;275;;
521;31;255;;
521;31;271;;
521;31;2889;;2890
521;31;2890;2889;2891
521;31;2891;2890;2892
521;31;2892;2891;2893
521;31;2893;2892;
521;31;18909;;18910
521;31;18910;18909;18911
521;31;18911;18910;
521;31;19340;;19341
521;31;19341;19340;
521;31;18865;;18867
521;31;18867;18865;18868
521;31;18868;18867;
521;31;563;;564
521;31;564;563;
521;31;579;;580
521;31;580;579;
521;31;582;;583
521;31;583;582;
521;31;19017;;19018
521;31;19018;19017;19019
521;31;19019;19018;
521;31;19118;;19119
521;31;19119;19118;19120
521;31;19120;19119;
521;31;19040;;19041
521;31;19041;19040;19042
521;31;19042;19041;
521;31;12738;;12739
521;31;12739;12738;13164
521;31;13164;12739;12740
521;31;12740;13164;
521;31;19273;;19274
521;31;19274;19273;
521;31;13416;;13417
521;31;13417;13416;
521;31;1148;;1149
521;31;1149;1148;
521;31;2667;;2668
521;31;2668;2667;
521;31;2607;;2608
521;31;2608;2607;2609
521;31;2609;2608;
521;31;2814;;2849
521;31;2849;2814;
521;31;13429;;13430
521;31;13430;13429;
521;31;12758;;13165
521;31;13165;12758;12759
521;31;12759;13165;
521;31;18641;;18642
521;31;18642;18641;18643
521;31;18643;18642;18644
521;31;18644;18643;
521;31;19189;;19190
521;31;19190;19189;19191
521;31;19191;19190;
521;31;18638;;18639
521;31;18639;18638;
521;31;18442;;18443
521;31;18443;18442;18444
521;31;18444;18443;18445
521;31;18445;18444;
521;31;18516;;18517
521;31;18517;18516;18518
521;31;18518;18517;
521;31;18520;;18521
521;31;18521;18520;
521;31;12735;;13166
521;31;13166;12735;12736
521;31;12736;13166;
521;31;383;;
521;31;739;;740
521;31;740;739;741
521;31;741;740;914
521;31;914;741;742
521;31;742;914;915
521;31;915;742;1017
521;31;1017;915;
521;31;1016;;743
521;31;743;1016;744
521;31;744;743;
521;31;2959;;2960
521;31;2960;2959;
521;31;13320;;13321
521;31;13321;13320;
521;31;1779;;
521;31;1308;;1309
521;31;1309;1308;1310
521;31;1310;1309;
521;31;1299;;1300
521;31;1300;1299;1303
521;31;1303;1300;
521;31;1305;;1306
521;31;1306;1305;
521;31;96;;125
521;31;125;96;97
521;31;97;125;
521;31;33071;;33072
521;31;33072;33071;33073
521;31;33073;33072;33074
521;31;33074;33073;33075
521;31;33075;33074;33076
521;31;33076;33075;33077
521;31;33077;33076;33078
521;31;33078;33077;33079
521;31;33079;33078;33080
521;31;33080;33079;33081
521;31;33081;33080;
521;31;19024;;19025
521;31;19025;19024;
521;31;105;;106
521;31;106;105;107
521;31;107;106;108
521;31;108;107;
521;31;19333;;19334
521;31;19334;19333;
521;31;369;;
521;31;1553;;
521;31;560;;561
521;31;561;560;
521;31;1795;;
521;31;1101;;1102
521;31;1102;1101;
521;31;19257;;19258
521;31;19258;19257;
521;31;18757;;18758
521;31;18758;18757;
521;31;18754;;18755
521;31;18755;18754;
521;31;2952;;2953
521;31;2953;2952;
521;31;1387;;1388
521;31;1388;1387;1389
521;31;1389;1388;
521;31;1384;;3023
521;31;3023;1384;
521;31;3022;;1385
521;31;1385;3022;
521;31;1587;;
521;31;1109;;1469
521;31;1469;1109;1110
521;31;1110;1469;1111
521;31;1111;1110;1112
521;31;1112;1111;
521;31;1635;;
521;31;948;;949
521;31;949;948;950
521;31;950;949;
521;31;57072;;57073
521;31;57073;57072;57074
521;31;57074;57073;57075
521;31;57075;57074;57076
521;31;57076;57075;57077
521;31;57077;57076;57078
521;31;57078;57077;57079
521;31;57079;57078;57080
521;31;57080;57079;
521;31;19062;;19063
521;31;19063;19062;
521;31;19281;;19282
521;31;19282;19281;
521;31;13283;;13284
521;31;13284;13283;
521;31;13411;;13412
521;31;13412;13411;13413
521;31;13413;13412;13414
521;31;13414;13413;
521;31;13422;;13423
521;31;13423;13422;13424
521;31;13424;13423;
521;31;13280;;13281
521;31;13281;13280;
521;31;18581;;18582
521;31;18582;18581;18583
521;31;18583;18582;
521;31;19143;;19144
521;31;19144;19143;19145
521;31;19145;19144;19146
521;31;19146;19145;
521;31;19357;;19358
521;31;19358;19357;
521;31;19160;;19161
521;31;19161;19160;
521;31;1807;;
521;31;1331;;1332
521;31;1332;1331;1333
521;31;1333;1332;1334
521;31;1334;1333;
521;31;19097;;19098
521;31;19098;19097;19099
521;31;19099;19098;19100
521;31;19100;19099;19103
521;31;19103;19100;
521;31;576;;577
521;31;577;576;
521;31;18570;;19290
521;31;19290;18570;18571
521;31;18571;19290;
521;31;12877;;12878
521;31;12878;12877;
521;31;12582;;12583
521;31;12583;12582;
521;31;18663;;18664
521;31;18664;18663;
521;31;19109;;19110
521;31;19110;19109;
521;31;12610;;13173
521;31;13173;12610;12611
521;31;12611;13173;12612
521;31;12612;12611;
521;31;13444;;13445
521;31;13445;13444;13446
521;31;13446;13445;13447
521;31;13447;13446;
521;31;12659;;12660
521;31;12660;12659;13067
521;31;13067;12660;12661
521;31;12661;13067;13068
521;31;13068;12661;12662
521;31;12662;13068;13258
521;31;13258;12662;13435
521;31;13435;13258;
521;31;18588;;18589
521;31;18589;18588;
521;31;12864;;13174
521;31;13174;12864;13175
521;31;13175;13174;12865
521;31;12865;13175;
521;31;2940;;2941
521;31;2941;2940;2942
521;31;2942;2941;2943
521;31;2943;2942;
521;31;12676;;13069
521;31;13069;12676;12677
521;31;12677;13069;13070
521;31;13070;12677;12678
521;31;12678;13070;
521;31;12667;;13071
521;31;13071;12667;12668
521;31;12668;13071;
521;31;12673;;12674
521;31;12674;12673;
521;31;12670;;13072
521;31;13072;12670;12671
521;31;12671;13072;
521;31;12664;;13073
521;31;13073;12664;12665
521;31;12665;13073;
521;31;1549;;
521;31;2698;;2699
521;31;2699;2698;2700
521;31;2700;2699;
521;31;19307;;19181
521;31;19181;19307;
521;31;18573;;18574
521;31;18574;18573;18575
521;31;18575;18574;
521;31;18577;;18578
521;31;18578;18577;18579
521;31;18579;18578;19352
521;31;19352;18579;
521;31;19366;;19367
521;31;19367;19366;
521;31;18430;;18431
521;31;18431;18430;18432
521;31;18432;18431;18433
521;31;18433;18432;18434
521;31;18434;18433;18435
521;31;18435;18434;
521;31;888;;889
521;31;889;888;890
521;31;890;889;891
521;31;891;890;892
521;31;892;891;
521;31;18474;;18478
521;31;18478;18474;18479
521;31;18479;18478;18480
521;31;18480;18479;18481
521;31;18481;18480;18482
521;31;18482;18481;18483
521;31;18483;18482;18484
521;31;18484;18483;18485
521;31;18485;18484;18486
521;31;18486;18485;18487
521;31;18487;18486;18488
521;31;18488;18487;18489
521;31;18489;18488;18490
521;31;18490;18489;18491
521;31;18491;18490;
521;31;13385;;13386
521;31;13386;13385;13387
521;31;13387;13386;
521;31;13051;;13052
521;31;13052;13051;13053
521;31;13053;13052;13054
521;31;13054;13053;13055
521;31;13055;13054;
521;31;13372;;13373
521;31;13373;13372;13374
521;31;13374;13373;
521;31;13376;;13377
521;31;13377;13376;
521;31;13260;;13261
521;31;13261;13260;13262
521;31;13262;13261;
521;31;13389;;13390
521;31;13390;13389;13187
521;31;13187;13390;13188
521;31;13188;13187;13450
521;31;13450;13188;
521;31;2670;;2671
521;31;2671;2670;2672
521;31;2672;2671;
521;31;2674;;2675
521;31;2675;2674;
521;31;12692;;13074
521;31;13074;12692;
521;31;13342;;13177
521;31;13177;13342;12693
521;31;12693;13177;
521;31;12690;;12691
521;31;12691;12690;
521;31;13459;;13176
521;31;13176;13459;13452
521;31;13452;13176;
521;31;13323;;13324
521;31;13324;13323;
521;31;2844;;2845
521;31;2845;2844;
521;31;12642;;12643
521;31;12643;12642;
521;31;13253;;12635
521;31;12635;13253;12636
521;31;12636;12635;
521;31;1197;;1198
521;31;1198;1197;
521;31;19292;;19293
521;31;19293;19292;19294
521;31;19294;19293;
521;31;12766;;13178
521;31;13178;12766;12767
521;31;12767;13178;12768
521;31;12768;12767;12769
521;31;12769;12768;12770
521;31;12770;12769;13075
521;31;13075;12770;12771
521;31;12771;13075;
521;31;13076;;12774
521;31;12774;13076;13179
521;31;13179;12774;12775
521;31;12775;13179;13180
521;31;13180;12775;12776
521;31;12776;13180;13077
521;31;13077;12776;13078
521;31;13078;13077;13181
521;31;13181;13078;12777
521;31;12777;13181;13334
521;31;13334;12777;
521;31;1823;;
521;31;19201;;19202
521;31;19202;19201;
521;31;1869;;
521;31;13392;;13393
521;31;13393;13392;13394
521;31;13394;13393;
521;31;2809;;1006
521;31;1006;2809;
521;31;19065;;19066
521;31;19066;19065;
521;31;12419;;13082
521;31;13082;12419;12420
521;31;12420;13082;
521;31;2854;;1406
521;31;1406;2854;
521;31;1527;;1528
521;31;1528;1527;
521;31;1402;;1403
521;31;1403;1402;2855
521;31;2855;1403;
521;31;18969;;18970
521;31;18970;18969;18971
521;31;18971;18970;
521;31;2794;;1329
521;31;1329;2794;
521;31;1206;;1207
521;31;1207;1206;
521;31;18889;;18890
521;31;18890;18889;18891
521;31;18891;18890;
521;31;18789;;18790
521;31;18790;18789;
521;31;19054;;19055
521;31;19055;19054;19056
521;31;19056;19055;19057
521;31;19057;19056;
521;31;18675;;18676
521;31;18676;18675;18677
521;31;18677;18676;
521;31;18550;;18551
521;31;18551;18550;
521;31;12922;;13189
521;31;13189;12922;12923
521;31;12923;13189;
521;31;2567;;2568
521;31;2568;2567;
521;31;2909;;2910
521;31;2910;2909;2911
521;31;2911;2910;
521;31;1470;;756
521;31;756;1470;757
521;31;757;756;
521;31;13348;;13349
521;31;13349;13348;
521;31;2980;;2981
521;31;2981;2980;
521;31;2042;;2043
521;31;2043;2042;
521;31;18072;;18064
521;31;18064;18072;18065
521;31;18065;18064;
521;31;3052;;3053
521;31;3053;3052;3054
521;31;3054;3053;3055
521;31;3055;3054;3056
521;31;3056;3055;
521;31;67;;68
521;31;68;67;69
521;31;69;68;70
521;31;70;69;71
521;31;71;70;72
521;31;72;71;120
521;31;120;72;73
521;31;73;120;74
521;31;74;73;75
521;31;75;74;76
521;31;76;75;77
521;31;77;76;
521;31;30052;;30053
521;31;30053;30052;30054
521;31;30054;30053;30055
521;31;30055;30054;30056
521;31;30056;30055;30057
521;31;30057;30056;30058
521;31;30058;30057;30059
521;31;30059;30058;
521;31;60064;;60065
521;31;60065;60064;60066
521;31;60066;60065;60067
521;31;60067;60066;60068
521;31;60068;60067;60069
521;31;60069;60068;60070
521;31;60070;60069;60071
521;31;60071;60070;60072
521;31;60072;60071;60073
521;31;60073;60072;60074
521;31;60074;60073;60075
521;31;60075;60074;60097
521;31;60097;60075;60076
521;31;60076;60097;60077
521;31;60077;60076;
521;31;24052;;24053
521;31;24053;24052;24054
521;31;24054;24053;24055
521;31;24055;24054;24056
521;31;24056;24055;
521;31;54052;;54053
521;31;54053;54052;54054
521;31;54054;54053;54055
521;31;54055;54054;54056
521;31;54056;54055;54057
521;31;54057;54056;54058
521;31;54058;54057;54059
521;31;54059;54058;54060
521;31;54060;54059;
521;31;9052;;9053
521;31;9053;9052;9054
521;31;9054;9053;9055
521;31;9055;9054;9056
521;31;9056;9055;9057
521;31;9057;9056;9058
521;31;9058;9057;9059
521;31;9059;9058;9060
521;31;9060;9059;9061
521;31;9061;9060;
521;31;27052;;27053
521;31;27053;27052;27054
521;31;27054;27053;27055
521;31;27055;27054;27056
521;31;27056;27055;27057
521;31;27057;27056;27058
521;31;27058;27057;27059
521;31;27059;27058;27060
521;31;27060;27059;27061
521;31;27061;27060;
521;31;57052;;57053
521;31;57053;57052;57054
521;31;57054;57053;57055
521;31;57055;57054;57069
521;31;57069;57055;57056
521;31;57056;57069;57057
521;31;57057;57056;57070
521;31;57070;57057;57058
521;31;57058;57070;57059
521;31;57059;57058;57060
521;31;57060;57059;57061
521;31;57061;57060;
521;31;51607;;51608
521;31;51608;51607;51609
521;31;51609;51608;51610
521;31;51610;51609;51611
521;31;51611;51610;51612
521;31;51612;51611;51613
521;31;51613;51612;51614
521;31;51614;51613;51615
521;31;51615;51614;51616
521;31;51616;51615;51617
521;31;51617;51616;51618
521;31;51618;51617;51062
521;31;51062;51618;51063
521;31;51063;51062;51064
521;31;51064;51063;51065
521;31;51065;51064;51066
521;31;51066;51065;
521;31;18563;;18564
521;31;18564;18563;18565
521;31;18565;18564;
521;31;1865;;
521;31;1863;;
521;31;482;;483
521;31;483;482;
521;31;1209;;1210
521;31;1210;1209;1211
521;31;1211;1210;
521;31;1793;;
521;31;12961;;13083
521;31;13083;12961;13190
521;31;13190;13083;12962
521;31;12962;13190;
521;31;1791;;
521;31;323;;
521;31;327;;
521;31;12805;;12806
521;31;12806;12805;
521;31;12802;;13084
521;31;13084;12802;12803
521;31;12803;13084;
521;31;2916;;2917
521;31;2917;2916;2918
521;31;2918;2917;
521;31;902;;903
521;31;903;902;904
521;31;904;903;905
521;31;905;904;
521;31;907;;908
521;31;908;907;
521;31;1432;;1433
521;31;1433;1432;
521;31;1391;;1392
521;31;1392;1391;
521;31;18932;;18933
521;31;18933;18932;18934
521;31;18934;18933;
521;31;19315;;19316
521;31;19316;19315;19317
521;31;19317;19316;
521;31;3004;;3005
521;31;3005;3004;
521;31;1400;;2575
521;31;2575;1400;
521;31;2998;;2999
521;31;2999;2998;
521;31;3001;;3002
521;31;3002;3001;
521;31;389;;
521;31;551;;552
521;31;552;551;553
521;31;553;552;554
521;31;554;553;555
521;31;555;554;
521;31;18897;;18898
521;31;18898;18897;18899
521;31;18899;18898;18900
521;31;18900;18899;18901
521;31;18901;18900;18902
521;31;18902;18901;
521;31;2652;;2653
521;31;2653;2652;
521;31;2595;;2596
521;31;2596;2595;
521;31;13379;;13380
521;31;13380;13379;
521;31;19329;;19330
521;31;19330;19329;19331
521;31;19331;19330;
521;31;13295;;13296
521;31;13296;13295;
521;31;1104;;1105
521;31;1105;1104;1106
521;31;1106;1105;1107
521;31;1107;1106;
521;31;2747;;
521;31;12761;;13191
521;31;13191;12761;13192
521;31;13192;13191;13085
521;31;13085;13192;13193
521;31;13193;13085;12762
521;31;12762;13193;12763
521;31;12763;12762;
521;31;12764;;13196
521;31;13196;12764;
521;31;3011;;
521;31;1853;;
521;31;2735;;
521;31;2729;;
521;31;1851;;
521;31;2945;;2946
521;31;2946;2945;
521;31;2977;;2978
521;31;2978;2977;
521;31;1845;;
521;31;1561;;
521;31;2875;;769
521;31;769;2875;770
521;31;770;769;771
521;31;771;770;772
521;31;772;771;
521;31;351;;
521;31;347;;
521;31;2051;;2052
521;31;2052;2051;2053
521;31;2053;2052;2054
521;31;2054;2053;
521;31;19168;;19169
521;31;19169;19168;19170
521;31;19170;19169;
521;31;18610;;18612
521;31;18612;18610;18613
521;31;18613;18612;18614
521;31;18614;18613;
521;31;18616;;18617
521;31;18617;18616;18618
521;31;18618;18617;
521;31;1118;;1119
521;31;1119;1118;1120
521;31;1120;1119;
521;31;1625;;
521;31;1240;;1241
521;31;1241;1240;1242
521;31;1242;1241;1243
521;31;1243;1242;
521;31;1237;;1238
521;31;1238;1237;
521;31;13441;;13442
521;31;13442;13441;
521;31;13255;;13256
521;31;13256;13255;13257
521;31;13257;13256;
521;31;2695;;2696
521;31;2696;2695;
521;31;12933;;12934
521;31;12934;12933;
521;31;19175;;19176
521;31;19176;19175;
521;31;2598;;2599
521;31;2599;2598;
521;31;19031;;19032
521;31;19032;19031;19033
521;31;19033;19032;
521;31;19122;;19123
521;31;19123;19122;19124
521;31;19124;19123;19125
521;31;19125;19124;19126
521;31;19126;19125;
521;31;870;;871
521;31;871;870;872
521;31;872;871;873
521;31;873;872;874
521;31;874;873;
521;31;836;;837
521;31;837;836;838
521;31;838;837;
521;31;19078;;19079
521;31;19079;19078;19080
521;31;19080;19079;
521;31;1563;;
521;31;12648;;12649
521;31;12649;12648;
521;31;12638;;12639
521;31;12639;12638;
521;31;12632;;12633
521;31;12633;12632;
521;31;1577;;
521;31;1575;;
521;31;397;;
521;31;1175;;1176
521;31;1176;1175;1177
521;31;1177;1176;1178
521;31;1178;1177;
521;31;1747;;
521;31;1319;;1320
521;31;1320;1319;1472
521;31;1472;1320;
521;31;1312;;1313
521;31;1313;1312;1314
521;31;1314;1313;
521;31;1316;;1317
521;31;1317;1316;
521;31;1841;;
521;31;1843;;
521;31;1705;;
521;31;1713;;
521;31;1683;;
521;31;1699;;
521;31;1695;;
521;31;1605;;
521;31;1603;;
521;31;395;;
521;31;1180;;1181
521;31;1181;1180;2877
521;31;2877;1181;
521;31;329;;
521;31;335;;
521;31;1621;;
521;31;1619;;
521;31;809;;810
521;31;810;809;811
521;31;811;810;584
521;31;584;811;812
521;31;812;584;
521;31;2646;;2647
521;31;2647;2646;
521;31;2992;;2993
521;31;2993;2992;
521;31;541;;542
521;31;542;541;
521;31;1647;;
521;31;1643;;
521;31;1661;;
521;31;1649;;
521;31;12992;;13198
521;31;13198;12992;12993
521;31;12993;13198;
521;31;1170;;1872
521;31;1872;1170;
521;31;1171;;1172
521;31;1172;1171;1173
521;31;1173;1172;
521;31;2879;;2880
521;31;2880;2879;
521;31;1477;;1478
521;31;1478;1477;
521;31;1186;;1191
521;31;1191;1186;1192
521;31;1192;1191;1188
521;31;1188;1192;1189
521;31;1189;1188;
521;31;2937;;2938
521;31;2938;2937;
521;31;1234;;1235
521;31;1235;1234;
521;31;12925;;13199
521;31;13199;12925;12926
521;31;12926;13199;13462
521;31;13462;12926;
521;31;13200;;12927
521;31;12927;13200;
521;31;2611;;2612
521;31;2612;2611;
521;31;60052;;60053
521;31;60053;60052;60054
521;31;60054;60053;60055
521;31;60055;60054;60056
521;31;60056;60055;60057
521;31;60057;60056;60058
521;31;60058;60057;60059
521;31;60059;60058;60060
521;31;60060;60059;60061
521;31;60061;60060;60062
521;31;60062;60061;
521;31;57063;;57064
521;31;57064;57063;57065
521;31;57065;57064;57066
521;31;57066;57065;57067
521;31;57067;57066;57068
521;31;57068;57067;
521;31;12073;;12052
521;31;12052;12073;12053
521;31;12053;12052;12054
521;31;12054;12053;12055
521;31;12055;12054;12056
521;31;12056;12055;
521;31;19354;;19355
521;31;19355;19354;
521;31;19138;;19139
521;31;19139;19138;19140
521;31;19140;19139;19141
521;31;19141;19140;
521;31;1479;;1336
521;31;1336;1479;1337
521;31;1337;1336;
521;31;355;;
521;31;373;;
521;31;1134;;1135
521;31;1135;1134;1136
521;31;1136;1135;
521;31;1122;;1123
521;31;1123;1122;
521;31;2913;;2914
521;31;2914;2913;
521;31;2649;;2650
521;31;2650;2649;
521;31;2039;;2040
521;31;2040;2039;
521;31;12897;;12898
521;31;12898;12897;13204
521;31;13204;12898;13205
521;31;13205;13204;12899
521;31;12899;13205;
521;31;12700;;13206
521;31;13206;12700;12701
521;31;12701;13206;12702
521;31;12702;12701;
521;31;12714;;12715
521;31;12715;12714;
521;31;19014;;19015
521;31;19015;19014;
521;31;12683;;12684
521;31;12684;12683;
521;31;13303;;13304
521;31;13304;13303;
521;31;18585;;18586
521;31;18586;18585;
521;31;2995;;2996
521;31;2996;2995;
521;31;12914;;12915
521;31;12915;12914;12916
521;31;12916;12915;
521;31;13248;;13207
521;31;13207;13248;12917
521;31;12917;13207;
521;31;13299;;13300
521;31;13300;13299;13301
521;31;13301;13300;
521;31;13365;;13297
521;31;13297;13365;
521;31;1138;;1139
521;31;1139;1138;1140
521;31;1140;1139;1480
521;31;1480;1140;1481
521;31;1481;1480;1482
521;31;1482;1481;
521;31;12886;;13208
521;31;13208;12886;12887
521;31;12887;13208;12888
521;31;12888;12887;
521;31;12919;;12920
521;31;12920;12919;
521;31;824;;825
521;31;825;824;826
521;31;826;825;827
521;31;827;826;828
521;31;828;827;1028
521;31;1028;828;1029
521;31;1029;1028;
521;31;566;;567
521;31;567;566;568
521;31;568;567;
521;31;1483;;1484
521;31;1484;1483;1083
521;31;1083;1484;1084
521;31;1084;1083;
521;31;1639;;
521;31;1669;;
521;31;1667;;
521;31;13401;;13346
521;31;13346;13401;
521;31;13368;;12902
521;31;12902;13368;12903
521;31;12903;12902;
521;31;1629;;
521;31;19288;;19289
521;31;19289;19288;
521;31;1216;;1217
521;31;1217;1216;1485
521;31;1485;1217;
521;31;18547;;18548
521;31;18548;18547;
521;31;1229;;1228
521;31;1228;1229;
521;31;1711;;
521;31;2626;;2627
521;31;2627;2626;
521;31;19343;;19344
521;31;19344;19343;19345
521;31;19345;19344;19346
521;31;19346;19345;19347
521;31;19347;19346;
521;31;60079;;60080
521;31;60080;60079;60081
521;31;60081;60080;60082
521;31;60082;60081;60083
521;31;60083;60082;60084
521;31;60084;60083;60085
521;31;60085;60084;60086
521;31;60086;60085;
521;31;2983;;2984
521;31;2984;2983;2985
521;31;2985;2984;
521;31;2553;;2554
521;31;2554;2553;
521;31;2543;;2544
521;31;2544;2543;
521;31;19239;;19240
521;31;19240;19239;
521;31;19227;;19228
521;31;19228;19227;19229
521;31;19229;19228;19230
521;31;19230;19229;19233
521;31;19233;19230;
521;31;19235;;19236
521;31;19236;19235;19237
521;31;19237;19236;
521;31;19151;;19152
521;31;19152;19151;19153
521;31;19153;19152;19154
521;31;19154;19153;
521;31;1354;;1355
521;31;1355;1354;
521;31;1351;;3019
521;31;3019;1351;
521;31;3018;;1352
521;31;1352;3018;
521;31;18597;;18598
521;31;18598;18597;
521;31;12890;;12891
521;31;12891;12890;
521;31;18994;;18995
521;31;18995;18994;18996
521;31;18996;18995;18997
521;31;18997;18996;19255
521;31;19255;18997;19002
521;31;19002;19255;19003
521;31;19003;19002;
521;31;18998;;18999
521;31;18999;18998;
521;31;18456;;18457
521;31;18457;18456;18458
521;31;18458;18457;18459
521;31;18459;18458;18460
521;31;18460;18459;18461
521;31;18461;18460;18462
521;31;18462;18461;18463
521;31;18463;18462;
521;31;19260;;19261
521;31;19261;19260;19262
521;31;19262;19261;
521;31;19267;;19268
521;31;19268;19267;
521;31;19264;;19265
521;31;19265;19264;
521;31;2926;;2927
521;31;2927;2926;
521;31;391;;
521;31;1155;;1156
521;31;1156;1155;
521;31;1151;;1152
521;31;1152;1151;1153
521;31;1153;1152;
521;31;18465;;18466
521;31;18466;18465;
521;31;952;;953
521;31;953;952;954
521;31;954;953;
521;31;19027;;19028
521;31;19028;19027;19029
521;31;19029;19028;
521;31;967;;968
521;31;968;967;
521;31;1633;;
521;31;12971;;13220
521;31;13220;12971;12972
521;31;12972;13220;
521;31;13088;;13221
521;31;13221;13088;13249
521;31;13249;13221;
521;31;12973;;12974
521;31;12974;12973;
521;31;2955;;2956
521;31;2956;2955;2957
521;31;2957;2956;
521;31;2584;;2585
521;31;2585;2584;2586
521;31;2586;2585;
521;31;504;;505
521;31;505;504;
521;31;13396;;13397
521;31;13397;13396;13398
521;31;13398;13397;13399
521;31;13399;13398;
521;31;18922;;18923
521;31;18923;18922;18924
521;31;18924;18923;
521;31;2882;;1415
521;31;1415;2882;
521;31;1413;;1414
521;31;1414;1413;
521;31;18926;;18927
521;31;18927;18926;
521;31;1203;;1204
521;31;1204;1203;
521;31;1296;;1297
521;31;1297;1296;2712
521;31;2712;1297;
521;31;1293;;1294
521;31;1294;1293;
521;31;13015;;13016
521;31;13016;13015;13223
521;31;13223;13016;13017
521;31;13017;13223;13224
521;31;13224;13017;13018
521;31;13018;13224;
521;31;2680;;2681
521;31;2681;2680;2885
521;31;2885;2681;
521;31;2058;;2886
521;31;2886;2058;2887
521;31;2887;2886;
521;31;2056;;2037
521;31;2037;2056;
521;31;1158;;1159
521;31;1159;1158;
521;31;19044;;19045
521;31;19045;19044;19046
521;31;19046;19045;19047
521;31;19047;19046;
521;31;19089;;19090
521;31;19090;19089;19091
521;31;19091;19090;
521;31;19301;;19302
521;31;19302;19301;
521;31;19204;;19205
521;31;19205;19204;19206
521;31;19206;19205;
521;31;12656;;12657
521;31;12657;12656;
521;31;19008;;19009
521;31;19009;19008;
521;31;12952;;12953
521;31;12953;12952;
521;31;1200;;1201
521;31;1201;1200;
521;31;2677;;2678
521;31;2678;2677;
521;31;2753;;
521;31;2759;;
521;31;19059;;19060
521;31;19060;19059;
521;31;18591;;18592
521;31;18592;18591;
521;31;18594;;18595
521;31;18595;18594;19368
521;31;19368;18595;19369
521;31;19369;19368;
521;31;2822;;2823
521;31;2823;2822;2824
521;31;2824;2823;
521;31;535;;536
521;31;536;535;
521;31;885;;886
521;31;886;885;
521;31;1489;;1429
521;31;1429;1489;1430
521;31;1430;1429;1490
521;31;1490;1430;
521;31;557;;558
521;31;558;557;
521;31;544;;545
521;31;545;544;546
521;31;546;545;547
521;31;547;546;548
521;31;548;547;549
521;31;549;548;
521;31;479;;480
521;31;480;479;
521;31;1129;;1130
521;31;1130;1129;1131
521;31;1131;1130;1132
521;31;1132;1131;
521;31;12824;;13231
521;31;13231;12824;13232
521;31;13232;13231;12825
521;31;12825;13232;13311
521;31;13311;12825;
521;31;13090;;12937
521;31;12937;13090;
521;31;1425;;1426
521;31;1426;1425;1427
521;31;1427;1426;
521;31;19198;;19199
521;31;19199;19198;
521;31;18606;;18607
521;31;18607;18606;18608
521;31;18608;18607;
521;31;19082;;19083
521;31;19083;19082;19084
521;31;19084;19083;
521;31;12732;;13091
521;31;13091;12732;13233
521;31;13233;13091;12733
521;31;12733;13233;
521;31;12725;;13092
521;31;13092;12725;12726
521;31;12726;13092;
521;31;12728;;13234
521;31;13234;12728;12729
521;31;12729;13234;13093
521;31;13093;12729;12730
521;31;12730;13093;
521;31;12695;;13235
521;31;13235;12695;12696
521;31;12696;13235;12697
521;31;12697;12696;13094
521;31;13094;12697;
521;31;13455;;13236
521;31;13236;13455;12698
521;31;12698;13236;
521;31;441;;864
521;31;864;441;961
521;31;961;864;
521;31;448;;449
521;31;449;448;450
521;31;450;449;
521;31;435;;436
521;31;436;435;437
521;31;437;436;865
521;31;865;437;438
521;31;438;865;439
521;31;439;438;
521;31;442;;445
521;31;445;442;446
521;31;446;445;
521;31;2970;;2971
521;31;2971;2970;2973
521;31;2973;2971;2974
521;31;2974;2973;2975
521;31;2975;2974;
521;31;972;;973
521;31;973;972;
521;31;970;;3033
521;31;3033;970;455
521;31;455;3033;
521;31;975;;976
521;31;976;975;977
521;31;977;976;
521;31;2591;;2592
521;31;2592;2591;2593
521;31;2593;2592;
521;31;2870;;2871
521;31;2871;2870;
521;31;2866;;2867
521;31;2867;2866;2868
521;31;2868;2867;
521;31;1547;;
521;31;2862;;2863
521;31;2863;2862;2864
521;31;2864;2863;
521;31;845;;846
521;31;846;845;847
521;31;847;846;
521;31;18904;;18905
521;31;18905;18904;18906
521;31;18906;18905;18907
521;31;18907;18906;19244
521;31;19244;18907;
521;31;18738;;18739
521;31;18739;18738;
521;31;853;;854
521;31;854;853;855
521;31;855;854;856
521;31;856;855;
521;31;13267;;12541
521;31;12541;13267;13095
521;31;13095;12541;12542
521;31;12542;13095;13238
521;31;13238;12542;12543
521;31;12543;13238;
521;31;1099;;1098
521;31;1098;1099;
521;31;1213;;1214
521;31;1214;1213;
521;31;52;;53
521;31;53;52;54
521;31;54;53;55
521;31;55;54;56
521;31;56;55;57
521;31;57;56;58
521;31;58;57;59
521;31;59;58;60
521;31;60;59;61
521;31;61;60;115
521;31;115;61;110
521;31;110;115;111
521;31;111;110;
521;31;60100;;60101
521;31;60101;60100;60102
521;31;60102;60101;60103
521;31;60103;60102;60104
521;31;60104;60103;60105
521;31;60105;60104;60106
521;31;60106;60105;
521;31;60088;;60089
521;31;60089;60088;60090
521;31;60090;60089;60098
521;31;60098;60090;60091
521;31;60091;60098;60092
521;31;60092;60091;
521;31;18058;;18059
521;31;18059;18058;18060
521;31;18060;18059;18070
521;31;18070;18060;18061
521;31;18061;18070;18062
521;31;18062;18061;18063
521;31;18063;18062;
521;31;12840;;12841
521;31;12841;12840;
521;31;19172;;19173
521;31;19173;19172;
521;31;12867;;13100
521;31;13100;12867;12868
521;31;12868;13100;12869
521;31;12869;12868;12870
521;31;12870;12869;
