CID;TABCD;LCD;CLASS;TCD;STCD;ROADNUMBER;RNID;N1ID;N2ID;POL_LCD;PES_LEV
521;31;18508;L;1;2;G105;136982;112067;112074;7;
521;31;12401;L;1;2;G105;35473;35471;49841;6;
521;31;18401;L;1;2;G105;112000;112001;112003;7;
521;31;18535;L;1;2;G105;112074;124795;112093;7;
521;31;18404;L;1;2;G105;112004;112003;112005;7;
521;31;18410;L;1;2;G105;112008;112007;112009;7;
521;31;18407;L;1;2;G105;112006;112005;112007;7;
521;31;12408;L;1;2;G105;35477;35478;35481;6;
521;31;12404;L;1;2;G105;35474;35475;35471;6;
521;31;12413;L;1;2;G105;35482;35481;35475;6;
521;31;18542;L;1;2;G105;112093;112074;111995;7;
521;31;19319;L;1;2;G105;111995;112093;324599;7;
521;31;18504;L;1;2;G105;112067;112009;199784;7;
521;31;829;L;1;4;;263086;313172;263088;4;
521;31;429;L;1;2;G107;263043;262998;263021;4;
521;31;39059;L;1;1;G107;324503;324504;324421;14;
521;31;1521;L;1;2;G107;274850;274183;264155;4;
521;31;718;L;1;2;G107;263131;274221;263025;4;
521;31;728;L;1;2;G107;263143;266542;263144;4;
521;31;754;L;1;2;G107;263174;263025;263043;4;
521;31;586;L;1;2;G107;263021;274727;263045;4;
521;31;789;L;1;2;G107;263144;274183;263133;4;
521;31;30101;L;1;1;G15;324639;324431;324460;11;
521;31;866;L;1;4;;263165;263163;263176;4;
521;31;19155;L;1;4;;112126;112124;112242;7;
521;31;18492;L;1;4;;112062;261832;112052;7;
521;31;18854;L;1;4;G324;199785;124762;112158;7;
521;31;12941;L;1;4;;35669;35493;35641;6;
521;31;12849;L;1;4;;35493;35492;35641;6;
521;31;30077;L;1;1;G35;324424;324444;324386;11;
521;31;30068;L;1;1;G35;324444;324435;324424;11;
521;31;12069;L;1;1;G4W;149674;35469;99871;6;
521;31;12064;L;1;1;G4W;99873;35466;149677;6;
521;31;51051;L;1;1;G15;324540;324541;324548;18;
521;31;78;L;1;1;G9411;299697;299693;324599;4;
521;31;18799;L;1;3;S111;199786;112180;112173;7;
521;31;13035;L;1;3;S111;49791;35617;35469;6;
521;31;13031;L;1;3;S111;35494;35492;35617;6;
521;31;13027;L;1;3;S111;35476;35474;35494;6;
521;31;18791;L;1;3;S111;137063;112176;112180;7;
521;31;12782;L;1;4;;137063;35480;35622;6;
521;31;12957;L;1;4;;35671;35656;35617;6;
521;31;598;L;1;3;S120;274183;299735;263202;4;
521;31;661;L;1;3;S120;263124;262989;263125;4;
521;31;18869;L;1;4;;112209;112208;112187;7;
521;31;788;L;1;3;S120;274240;274733;263118;4;
521;31;780;L;1;3;S256;262989;263137;263110;4;
521;31;1473;L;1;3;S120;263933;299736;274733;4;
521;31;813;L;1;3;S120;263110;263109;263120;4;
521;31;817;L;1;3;S120;263121;263120;299736;4;
521;31;923;L;1;4;;263205;263177;263055;4;
521;31;12853;L;1;4;;35475;35474;35493;6;
521;31;2613;L;1;4;;274117;274116;263205;4;
521;31;98;L;1;1;S252;263015;263016;274539;4;
521;31;569;L;1;4;;263232;263178;263233;4;
521;31;2795;L;1;4;;261842;263026;274767;4;
521;31;626;L;1;4;;261842;313170;313172;4;
521;31;18769;L;1;4;;199783;136982;199787;7;
521;31;12544;L;1;3;S254;34851;35543;35537;6;
521;31;515;L;1;3;S256;263045;263021;263039;4;
521;31;2804;L;1;4;;263103;274770;261842;4;
521;31;522;L;1;3;S256;263103;262988;262989;4;
521;31;518;L;1;3;S256;263215;263039;262988;4;
521;31;1321;L;1;3;S256;264048;263128;274143;4;
521;31;664;L;1;3;S256;263126;263125;263128;4;
521;31;402;L;1;3;S256;263025;263936;263178;4;
521;31;510;L;1;3;S256;263185;263043;263045;4;
521;31;18704;L;1;3;S268;199768;112144;199788;7;
521;31;18446;L;1;3;S268;112035;112036;112043;7;
521;31;18708;L;1;3;S268;112072;199788;112140;7;
521;31;18525;L;1;3;S268;112083;112084;124795;7;
521;31;695;L;1;4;;263026;274099;263131;4;
521;31;18654;L;1;4;;263026;112136;199766;7;
521;31;12449;L;1;3;S270;310309;35506;49792;6;
521;31;820;L;1;4;;313170;263093;261842;4;
521;31;2903;L;1;4;;313170;263090;261842;4;
521;31;12443;L;1;3;S270;35505;35504;35506;6;
521;31;12446;L;1;3;S270;35506;35505;310309;6;
521;31;13336;L;1;3;S272;310365;35155;49796;6;
521;31;12512;L;1;3;S272;310365;35529;310311;6;
521;31;12526;L;1;3;S272;35534;35535;310365;6;
521;31;12536;L;1;3;S272;35539;35541;135426;6;
521;31;12503;L;1;3;S272;35523;35516;35529;6;
521;31;12509;L;1;3;S272;35529;35523;310365;6;
521;31;12531;L;1;4;;135426;310365;35540;6;
521;31;19275;L;1;4;;135426;112083;263237;7;
521;31;12548;L;1;3;S272;35545;35537;35547;6;
521;31;1263;L;1;4;;264020;274272;274788;4;
521;31;3014;L;1;4;;264014;274846;264062;4;
521;31;18717;L;1;3;S286;112084;112083;112020;7;
521;31;18723;L;1;3;S286;112026;112020;112047;7;
521;31;18728;L;1;4;;112047;112044;112055;7;
521;31;18733;L;1;4;;112055;112053;112065;7;
521;31;13329;L;1;4;;136961;263003;35678;6;
521;31;121;L;1;1;S304;274533;324386;299697;4;
521;31;12494;L;1;4;S309;35526;35525;35527;6;
521;31;722;L;1;4;X246;299738;263081;274740;4;
521;31;451;L;1;4;;263193;263024;263186;4;
521;31;459;L;1;4;;263044;263021;274792;4;
521;31;2657;L;1;4;;274127;263189;264007;4;
521;31;2840;L;1;4;;274127;264029;262999;4;
521;31;2721;L;1;1;S341;274539;263144;263015;4;
521;31;207;L;1;1;S342;263024;262998;299700;4;
521;31;795;L;1;3;S357;262988;263103;274741;4;
521;31;955;L;1;4;;313357;262988;263015;4;
521;31;667;L;1;4;;313172;263086;261842;4;
521;31;2947;L;1;4;;274632;263047;274815;4;
521;31;12967;L;1;4;;263166;35493;35643;6;
521;31;839;L;1;4;;263166;324386;263156;4;
521;31;938;L;1;3;S359;263206;263247;263103;4;
521;31;12555;L;1;3;S365;310308;49795;35718;6;
521;31;1224;L;1;4;;264007;264006;264009;4;
521;31;12650;L;1;3;S365;35537;35545;310308;6;
521;31;12462;L;1;3;S366;35464;310365;35480;6;
521;31;12454;L;1;3;S366;35504;35505;35509;6;
521;31;12457;L;1;3;S366;35510;35509;310365;6;
521;31;2846;L;1;4;;274784;264029;299739;4;
521;31;18066;L;1;1;S43;111996;310307;111999;7;
521;31;12060;L;1;1;S47;99872;35464;311804;6;
521;31;13405;L;1;4;;39164;35493;136961;6;
521;31;18928;L;1;4;X125;112197;112177;112178;7;
521;31;1460;L;1;4;X195;274210;263077;263093;4;
521;31;733;L;1;4;X195;263029;263063;263102;4;
521;31;1031;L;1;4;X197;263097;263946;263949;4;
521;31;880;L;1;4;X207;263222;263240;263241;4;
521;31;993;L;1;4;X207;263222;263909;274196;4;
521;31;19295;L;1;4;X207;263092;112166;261901;7;
521;31;12552;L;1;3;S365;35155;35547;35548;6;
521;31;13366;L;1;4;X217;35155;35474;35658;6;
521;31;1071;L;1;4;X225;263939;263025;274743;4;
521;31;641;L;1;4;X234;263109;274837;263110;4;
521;31;635;L;1;4;X234;274744;274745;274746;4;
521;31;2777;L;1;4;X234;274746;274744;263083;4;
521;31;644;L;1;4;X234;274748;263083;274837;4;
521;31;989;L;1;4;X234;263907;263021;274745;4;
521;31;1674;L;7;0;;;263000;266488;4;
521;31;1038;L;1;4;X235;263000;274192;263144;4;
521;31;1037;L;1;4;X235;274729;263021;299741;4;
521;31;1052;L;1;4;X235;262997;263964;263026;4;
521;31;1049;L;1;4;X235;263956;263964;299741;4;
521;31;2781;L;1;4;X235;274757;263026;274756;4;
521;31;2784;L;1;4;X235;274753;274756;274148;4;
521;31;1058;L;1;4;X235;263957;263000;262999;4;
521;31;2713;L;1;4;X235;274148;274753;263957;4;
521;31;1702;L;7;0;;;274172;266488;4;
521;31;703;L;1;4;X238;274759;299744;263149;4;
521;31;1362;L;1;4;X238;263142;274183;264056;4;
521;31;1356;L;1;4;X238;263923;274759;264045;4;
521;31;1359;L;1;4;X238;264045;264019;263142;4;
521;31;1377;L;1;4;X238;264058;264038;264034;4;
521;31;1373;L;1;4;X238;263128;264057;264038;4;
521;31;1365;L;1;4;X238;264056;263142;263015;4;
521;31;1368;L;1;4;X238;264042;263015;264057;4;
521;31;2810;L;1;4;X238;299743;263144;274759;4;
521;31;995;L;1;4;X242;263911;274199;274201;4;
521;31;3024;L;1;4;X242;274201;263911;313172;4;
521;31;13240;L;1;4;X242;35488;35487;35592;6;
521;31;443;L;1;4;X246;263081;299738;274744;4;
521;31;2773;L;1;4;X246;274738;263083;262989;4;
521;31;2771;L;1;4;X246;274736;274740;263083;4;
521;31;682;L;1;4;X246;263073;274760;274210;4;
521;31;686;L;1;4;X246;263027;263077;274838;4;
521;31;691;L;1;4;X246;263077;274210;263027;4;
521;31;651;L;1;4;X246;274760;274196;263073;4;
521;31;857;L;1;4;X246;274838;263027;274744;4;
521;31;230;L;7;0;;;264169;274644;4;
521;31;238;L;7;0;;;264169;274640;4;
521;31;2898;L;1;4;X248;263090;263026;263025;4;
521;31;748;L;1;4;X248;263090;263093;313172;4;
521;31;18760;L;1;3;;199782;199793;124762;7;
521;31;12644;L;1;4;X255;35571;35570;35574;6;
521;31;12429;L;1;4;X260;35492;35485;35494;6;
521;31;893;L;1;4;X260;263039;263045;274761;4;
521;31;12424;L;1;4;X260;35487;35488;35485;6;
521;31;1288;L;1;4;X265;264034;264029;264036;4;
521;31;19104;L;1;4;X291;135494;112146;112021;7;
521;31;13056;L;1;4;X291;135494;35602;35607;6;
521;31;2634;L;1;4;X466;274123;263144;261811;4;
521;31;12954;L;1;4;X471;263860;35657;35676;6;
521;31;2638;L;1;4;X471;263860;263144;263752;4;
521;31;1394;L;1;4;X516;264062;264014;264130;4;
521;31;1407;L;1;4;X516;264044;274183;274846;4;
521;31;848;L;1;4;X535;263096;263092;274273;4;
521;31;12910;L;1;4;X555;259746;35658;35486;6;
521;31;916;L;1;4;X555;259746;263261;263025;4;
521;31;19246;L;1;4;X572;112173;124769;112174;7;
521;31;18784;L;1;4;X572;124769;112171;112174;7;
521;31;18777;L;1;4;X572;112092;112074;112170;7;
521;31;18780;L;1;4;X572;112171;112170;124769;7;
521;31;18820;L;1;4;X575;112030;112076;112195;7;
521;31;18814;L;1;4;X575;112187;112181;199804;7;
521;31;18807;L;1;4;X575;112180;112195;112181;7;
521;31;12468;L;1;4;X583;35508;310309;310365;6;
521;31;12485;L;1;4;X587;35512;35524;35510;6;
521;31;12482;L;1;4;X587;35521;35520;35524;6;
521;31;12472;L;1;4;X587;35516;35523;272648;6;
521;31;12479;L;1;4;X587;35522;35521;35523;6;
521;31;12476;L;1;4;X587;35520;272648;35521;6;
521;31;13044;L;1;4;X590;35518;35516;35527;6;
521;31;12500;L;1;4;X590;35528;35518;35523;6;
521;31;12497;L;1;4;X590;35527;35526;35518;6;
521;31;12491;L;1;4;X590;35525;35518;35526;6;
521;31;18633;L;1;4;X624;112133;112034;124772;7;
521;31;13343;L;1;4;X762;49801;49800;35504;6;
521;31;12438;L;1;4;X762;49799;35501;49800;6;
521;31;1327;L;1;4;X884;274194;263144;274732;4;
521;31;12928;L;1;4;X886;260412;35669;35617;6;
521;31;13009;L;1;4;X942;263003;35491;35494;6;
521;31;12566;L;1;4;X981;35553;35515;35554;6;
521;31;12572;L;1;4;X981;35541;35555;34851;6;
521;31;12569;L;1;4;X981;35554;35553;35541;6;
521;31;2707;L;1;4;X983;263034;263021;263907;4;
521;31;18423;L;1;4;Y007;112016;112014;112021;7;
521;31;18599;L;1;4;Y007;112018;112016;112084;7;
521;31;933;L;1;4;Y124;263053;263246;262988;4;
521;31;19067;L;1;4;Y923;112127;112084;112124;7;
521;31;12685;L;1;4;YG31;35575;35588;35482;6;
521;31;19218;L;1;4;YG82;112052;112261;112062;7;
521;31;18658;L;1;4;;112138;112084;112139;7;
521;31;13290;L;1;4;;36984;35492;36985;6;
521;31;12938;L;1;4;;35672;35655;35669;6;
521;31;19085;L;1;4;;112246;112145;112121;7;
521;31;2961;L;1;4;;263083;274817;274746;4;
521;31;18915;L;1;4;;112271;112196;112218;7;
521;31;13269;L;1;4;;36973;49804;35482;6;
521;31;13448;L;1;4;X316;99880;35482;99876;6;
521;31;919;L;1;4;;263177;263025;263183;4;
521;31;622;L;1;4;;274195;263130;263156;4;
521;31;1612;L;7;0;;;266542;266525;4;
521;31;616;L;1;4;;266542;274095;263143;4;
521;31;12709;L;1;4;;35603;135494;35480;6;
521;31;12810;L;1;4;;35631;35626;35627;6;
521;31;1441;L;1;4;;274803;263166;263025;4;
521;31;19303;L;1;4;;124794;135494;112021;7;
521;31;19147;L;1;4;;112241;112127;112027;7;
521;31;2576;L;1;4;;263052;266418;262988;4;
521;31;19162;L;1;4;;112029;112027;112044;7;
521;31;18892;L;1;4;;112184;112180;137063;7;
521;31;1654;L;7;0;;;263958;266570;4;
521;31;2701;L;1;4;;263958;299708;263000;4;
521;31;1610;L;7;0;;;266540;266527;4;
521;31;18671;L;1;4;;112143;112144;112097;7;
521;31;12879;L;1;4;;35650;35492;35493;6;
521;31;2988;L;1;4;;274829;261842;274538;4;
521;31;1758;L;7;0;;;274183;274552;4;
521;31;1762;L;7;0;;;274183;274554;4;
521;31;1764;L;7;0;;;274186;274554;4;
521;31;1760;L;7;0;;;274188;274554;4;
521;31;18522;L;1;4;;112081;112080;124795;7;
521;31;2654;L;1;4;;263189;274126;263262;4;
521;31;1280;L;1;4;;263947;264028;264033;4;
521;31;1266;L;1;4;;299745;274272;264022;4;
521;31;12624;L;1;4;;299745;35342;35544;6;
521;31;1421;L;1;4;;264029;274769;264025;4;
521;31;2836;L;1;4;;264029;274783;274784;4;
521;31;1416;L;1;4;;264029;263110;263947;4;
521;31;1273;L;1;4;;264025;264022;263947;4;
521;31;18681;L;1;3;;112145;112071;112021;7;
521;31;18697;L;1;3;;111987;112053;112062;7;
521;31;19321;L;1;4;;199765;112053;112062;7;
521;31;19251;L;1;3;;124762;112062;137063;7;
521;31;18685;L;1;3;;112021;112018;112020;7;
521;31;18690;L;1;3;;112148;112020;112043;7;
521;31;18694;L;1;3;;112043;112035;111987;7;
521;31;18678;L;1;3;;112071;199794;112089;7;
521;31;1063;L;1;4;;263964;264097;263967;4;
521;31;19020;L;1;4;;112234;112047;112049;7;
521;31;2922;L;1;4;;274810;274766;263939;4;
521;31;2919;L;1;4;;274766;262997;261842;4;
521;31;1537;L;7;0;;;266366;274640;4;
521;31;286;L;7;0;;;266368;274644;4;
521;31;1535;L;7;0;;;266368;274640;4;
521;31;290;L;7;0;;;266381;274644;4;
521;31;1530;L;7;0;;;266381;274640;4;
521;31;292;L;7;0;;;266381;264166;4;
521;31;19325;L;1;4;;112116;199769;112009;7;
521;31;12741;L;1;4;;35595;35478;35600;6;
521;31;12720;L;1;4;;35478;36954;35608;6;
521;31;1814;L;7;0;;;266734;274552;4;
521;31;12907;L;1;4;;35661;35660;35486;6;
521;31;18500;L;1;4;;112066;112052;112061;7;
521;31;18963;L;1;4;;112038;112035;111987;7;
521;31;33051;L;1;1;;324462;324459;324476;12;
521;31;30086;L;1;1;;324447;324448;324459;11;
521;31;36051;L;1;1;;324478;324476;324493;13;
521;31;18566;L;1;4;;112104;112072;112105;7;
521;31;2619;L;1;4;;274119;263206;263103;4;
521;31;654;L;1;4;;263060;263909;274199;4;
521;31;12598;L;1;4;;35561;35556;35544;6;
521;31;114;L;1;1;;274504;324599;313357;4;
521;31;30060;L;1;1;;324429;313357;324392;11;
521;31;1091;L;1;4;;263172;263025;263180;4;
521;31;18416;L;1;4;;112012;112011;112013;7;
521;31;18413;L;1;4;;112010;112009;112011;7;
521;31;18419;L;1;4;;112014;112013;112016;7;
521;31;1434;L;1;4;;274220;263025;262998;4;
521;31;1346;L;1;4;;264037;263125;264035;4;
521;31;1338;L;1;4;;263203;274183;263125;4;
521;31;1820;L;7;0;;;263125;266437;4;
521;31;1826;L;7;0;;;263125;266439;4;
521;31;1341;L;1;4;;263125;264041;263124;4;
521;31;1836;L;7;0;;;274156;263015;4;
521;31;1830;L;7;0;;;274156;266439;4;
521;31;1163;L;1;4;;263988;263987;263989;4;
521;31;3026;L;1;4;;274271;263184;263185;4;
521;31;19335;L;1;4;;199770;112089;112074;7;
521;31;13305;L;1;4;;36988;35644;35621;6;
521;31;18552;L;1;4;;112089;112071;199783;7;
521;31;12871;L;1;4;;35645;35646;35648;6;
521;31;18803;L;1;4;;112159;112158;112183;7;
521;31;12997;L;1;4;;35646;35483;35475;6;
521;31;12778;L;1;4;;35622;35482;35483;6;
521;31;19177;L;1;4;;124766;112089;199795;7;
521;31;12860;L;1;4;;35485;35484;35492;6;
521;31;12857;L;1;4;;35483;49807;35485;6;
521;31;12963;L;1;4;;35644;35642;35617;6;
521;31;1582;L;7;0;;;274615;266497;4;
521;31;18918;L;1;4;;112219;112218;112184;7;
521;31;13316;L;1;4;;36993;36991;35617;6;
521;31;1160;L;1;4;;263216;263103;313357;4;
521;31;19308;L;1;4;;124772;261901;112133;7;
521;31;2685;L;1;4;;274136;263103;274137;4;
521;31;2691;L;1;4;;274138;274139;274134;4;
521;31;2682;L;1;4;;274135;263208;263103;4;
521;31;2688;L;1;4;;274139;274137;274138;4;
521;31;1250;L;1;4;;264016;264011;263145;4;
521;31;19185;L;1;4;;112077;112075;112033;7;
521;31;19312;L;1;4;;124765;112096;199793;7;
521;31;1078;L;1;4;;263922;263970;313357;4;
521;31;18938;L;1;4;;112221;112163;112198;7;
521;31;18935;L;1;4;;112220;112213;112163;7;
521;31;2932;L;1;4;;274811;263975;263260;4;
521;31;2736;L;7;0;;;274538;274644;4;
521;31;1866;L;7;0;;;274538;299730;4;
521;31;1856;L;7;0;;;274538;299721;4;
521;31;3008;L;7;0;;;274538;274632;4;
521;31;2730;L;7;0;;;274538;274637;4;
521;31;1854;L;7;0;;;274538;274633;4;
521;31;213;L;1;1;;274538;324599;263031;4;
521;31;224;L;7;0;;;274644;264169;4;
521;31;228;L;7;0;;;274644;264180;4;
521;31;226;L;7;0;;;274644;264178;4;
521;31;276;L;7;0;;;274644;266366;4;
521;31;280;L;7;0;;;274644;266371;4;
521;31;284;L;7;0;;;274644;266375;4;
521;31;282;L;7;0;;;274644;266373;4;
521;31;2738;L;7;0;;;274644;274538;4;
521;31;1539;L;7;0;;;274644;263027;4;
521;31;240;L;7;0;;;274644;263029;4;
521;31;244;L;7;0;;;274644;264188;4;
521;31;242;L;7;0;;;274644;264186;4;
521;31;248;L;7;0;;;274644;264201;4;
521;31;260;L;7;0;;;274644;264198;4;
521;31;246;L;7;0;;;274644;264190;4;
521;31;320;L;7;0;;;274644;263907;4;
521;31;2732;L;7;0;;;274644;274633;4;
521;31;1848;L;7;0;;;274644;263016;4;
521;31;278;L;7;0;;;274681;266368;4;
521;31;288;L;7;0;;;274681;266381;4;
521;31;268;L;7;0;;;274681;263029;4;
521;31;348;L;7;0;;;274620;266423;4;
521;31;352;L;7;0;;;274620;266430;4;
521;31;332;L;7;0;;;274620;262988;4;
521;31;232;L;7;0;;;274640;264169;4;
521;31;236;L;7;0;;;274640;264180;4;
521;31;234;L;7;0;;;274640;264178;4;
521;31;294;L;7;0;;;274640;266366;4;
521;31;300;L;7;0;;;274640;266371;4;
521;31;296;L;7;0;;;274640;266375;4;
521;31;298;L;7;0;;;274640;266373;4;
521;31;1543;L;7;0;;;274640;263027;4;
521;31;256;L;7;0;;;274640;263029;4;
521;31;264;L;7;0;;;274640;264188;4;
521;31;258;L;7;0;;;274640;264201;4;
521;31;262;L;7;0;;;274640;264190;4;
521;31;1858;L;7;0;;;274640;274741;4;
521;31;1860;L;7;0;;;274640;299726;4;
521;31;324;L;7;0;;;274640;263907;4;
521;31;3012;L;7;0;;;274640;274633;4;
521;31;1533;L;7;0;;;274696;266368;4;
521;31;302;L;7;0;;;274696;266381;4;
521;31;272;L;7;0;;;274696;263029;4;
521;31;336;L;7;0;;;274616;266415;4;
521;31;340;L;7;0;;;274616;263016;4;
521;31;344;L;7;0;;;274616;266423;4;
521;31;330;L;7;0;;;274616;262988;4;
521;31;338;L;7;0;;;274616;266418;4;
521;31;897;L;1;4;;263204;263240;263039;4;
521;31;875;L;1;4;;263240;263176;263206;4;
521;31;2622;L;1;4;;274120;263204;263205;4;
521;31;488;L;1;3;;263137;263183;263202;4;
521;31;12628;L;1;4;;263752;35568;35569;6;
521;31;658;L;1;4;;263752;262989;263129;4;
521;31;2718;L;1;4;;263752;274123;274125;4;
521;31;672;L;1;4;;263130;266542;263124;4;
521;31;1113;L;1;4;;263975;263022;263184;4;
521;31;1124;L;1;4;;263976;263916;274204;4;
521;31;18649;L;1;4;;112115;199809;112136;7;
521;31;18645;L;1;4;;261901;112052;199809;7;
521;31;1068;L;1;4;;261901;263025;263967;4;
521;31;380;L;7;0;;;263053;266437;4;
521;31;928;L;1;4;;263055;263215;263246;4;
521;31;2616;L;1;4;;262041;263205;263206;4;
521;31;2928;L;1;4;;274204;263020;263976;4;
521;31;1592;L;7;0;;;262998;266494;4;
521;31;1594;L;7;0;;;262998;266525;4;
521;31;422;L;1;3;;262998;263025;263183;4;
521;31;2044;L;1;4;;299686;299687;263182;4;
521;31;19004;L;1;4;;112156;112055;112030;7;
521;31;2546;L;1;4;;274774;274101;274105;4;
521;31;19215;L;1;4;;112060;112053;112066;7;
521;31;1541;L;7;0;;;263027;274644;4;
521;31;1545;L;7;0;;;263027;274640;4;
521;31;18960;L;1;4;;112189;263938;112187;7;
521;31;18954;L;1;4;;112198;261991;112189;7;
521;31;19127;L;1;4;;112046;112044;112053;7;
521;31;18983;L;1;4;;112155;112046;112192;7;
521;31;18978;L;1;4;;112040;112225;112046;7;
521;31;18837;L;1;4;;112183;112159;112178;7;
521;31;18912;L;1;4;;112196;112161;124773;7;
521;31;18841;L;1;4;;112178;137063;112164;7;
521;31;758;L;1;4;;274199;263058;263060;4;
521;31;1218;L;1;4;;264006;263231;264007;4;
521;31;12617;L;1;4;;35544;35546;299745;6;
521;31;48060;L;1;1;;324683;263252;324692;17;
521;31;19073;L;1;4;;112147;112021;112084;7;
521;31;1253;L;1;4;;263145;264100;263144;4;
521;31;13023;L;1;4;;35676;35671;35494;6;
521;31;13019;L;1;4;;35641;35640;35671;6;
521;31;18665;L;1;4;;112142;112141;263237;7;
521;31;1438;L;1;4;;262986;264103;263016;4;
521;31;19269;L;1;4;;124787;199768;124786;7;
521;31;18467;L;1;4;;112050;263241;112053;7;
521;31;19192;L;1;4;;112051;112258;112058;7;
521;31;13286;L;1;4;;35651;49808;35491;6;
521;31;19182;L;1;4;;112057;112053;112193;7;
521;31;19010;L;1;4;;112193;112030;112057;7;
521;31;12706;L;1;4;;35600;35695;35602;6;
521;31;12703;L;1;4;;35597;35695;35605;6;
521;31;12613;L;1;4;;35562;35563;299745;6;
521;31;18949;L;1;4;;112188;112178;112187;7;
521;31;1742;L;7;0;;;266647;274552;4;
521;31;1730;L;7;0;;;266647;274554;4;
521;31;700;L;1;4;;266647;263147;299747;4;
521;31;2726;L;7;0;;;266658;274554;4;
521;31;1732;L;7;0;;;266652;274554;4;
521;31;1818;L;7;0;;;266653;274539;4;
521;31;1744;L;7;0;;;266653;274552;4;
521;31;708;L;1;4;;263149;274759;263147;4;
521;31;572;L;1;4;;263230;263233;263229;4;
521;31;12201;L;1;1;;324702;310309;35548;6;
521;31;1166;L;1;4;;263990;263989;263208;4;
521;31;2059;L;1;4;;299761;262998;263972;4;
521;31;19092;L;1;4;;261811;112019;112035;7;
521;31;2631;L;1;4;;261811;263144;274123;4;
521;31;19362;L;1;4;;199780;112124;112125;7;
521;31;507;L;1;4;;263214;263185;263021;4;
521;31;2562;L;1;4;;263195;263237;263044;4;
521;31;2555;L;1;4;;263237;263021;266504;4;
521;31;18668;L;1;4;;263237;135426;112128;7;
521;31;2660;L;1;4;;263237;263262;263130;4;
521;31;1568;L;7;0;;;266504;266500;4;
521;31;2559;L;1;4;;266504;263020;263195;4;
521;31;12994;L;1;4;;49822;149674;35499;6;
521;31;18051;L;1;1;;124732;149677;111990;7;
521;31;2534;L;1;4;;263173;263025;263179;4;
521;31;13244;L;1;4;;35540;299745;135426;6;
521;31;45051;L;1;1;;324529;324392;324531;16;
521;31;48051;L;1;1;;324533;324531;324538;17;
521;31;92;L;1;1;;299707;274539;263013;4;
521;31;2872;L;1;4;;274790;274220;263174;4;
521;31;12749;L;1;4;;35612;35602;35607;6;
521;31;12745;L;1;4;;35591;49809;35602;6;
521;31;13425;L;1;4;;49809;35591;49847;6;
521;31;12846;L;1;4;;35640;35629;35641;6;
521;31;12842;L;1;4;;35629;35628;35627;6;
521;31;18630;L;1;4;;112131;112130;261901;7;
521;31;12945;L;1;4;;35620;35641;35617;6;
521;31;12832;L;1;4;;35636;35628;35617;6;
521;31;18988;L;1;4;;112192;112030;112034;7;
521;31;19359;L;1;4;X575;112157;112158;112030;7;
521;31;18861;L;1;4;;112202;112203;112205;7;
521;31;18857;L;1;4;;112061;112053;112203;7;
521;31;2603;L;1;4;;274114;263183;263240;4;
521;31;1221;L;1;4;;264008;264007;263241;4;
521;31;19114;L;1;4;;112250;199796;263176;7;
521;31;711;L;1;4;;263093;263090;263100;4;
521;31;376;L;7;0;;;263017;266439;4;
521;31;909;L;1;4;;263017;263056;262988;4;
521;31;715;L;1;4;;263056;263017;263055;4;
521;31;2600;L;1;4;;274113;263227;263183;4;
521;31;2580;L;1;4;;274109;262988;263993;4;
521;31;2663;L;1;4;;263135;263130;263190;4;
521;31;530;L;1;4;;263136;263130;263219;4;
521;31;1380;L;1;4;;264036;264034;264059;4;
521;31;13005;L;1;4;;35647;35645;35685;6;
521;31;1094;L;1;4;;263180;263179;262998;4;
521;31;19207;L;1;4;;112034;112078;112053;7;
521;31;416;L;1;4;;263179;299748;263174;4;
521;31;2537;L;1;4;;274101;263022;263043;4;
521;31;463;L;1;4;;263182;262998;263021;4;
521;31;468;L;1;4;;263175;263025;263182;4;
521;31;474;L;1;4;;263186;263130;263175;4;
521;31;1074;L;1;4;;263968;263939;263970;4;
521;31;2830;L;1;4;;274781;274779;274780;4;
521;31;2531;L;1;4;X237;263921;263026;263090;4;
521;31;12892;L;1;4;;35654;35491;35493;6;
521;31;18627;L;1;4;;112130;112052;263092;7;
521;31;18619;L;1;4;;112128;112125;112078;7;
521;31;18623;L;1;4;;112078;112075;112052;7;
521;31;1750;L;7;0;;;266667;274552;4;
521;31;1230;L;1;4;;263218;264010;263136;4;
521;31;18436;L;1;4;;112027;199797;112030;7;
521;31;12985;L;1;4;;35681;35680;35617;6;
521;31;13325;L;1;4;;36996;99875;35479;6;
521;31;19132;L;1;4;;112025;112020;112253;7;
521;31;527;L;1;4;;263209;263137;263103;4;
521;31;19048;L;1;4;;112152;199797;112030;7;
521;31;631;L;1;4;;274196;263222;274760;4;
521;31;1708;L;7;0;;;274539;266527;4;
521;31;1768;L;7;0;;;274552;313109;4;
521;31;1766;L;7;0;;;274552;266743;4;
521;31;1772;L;7;0;;;274552;266679;4;
521;31;1734;L;7;0;;;274552;266658;4;
521;31;1740;L;7;0;;;274552;266652;4;
521;31;1738;L;7;0;;;274552;266653;4;
521;31;1748;L;7;0;;;274552;266667;4;
521;31;1754;L;7;0;;;274552;274539;4;
521;31;1774;L;7;0;;;274552;274554;4;
521;31;1756;L;7;0;;;274554;313109;4;
521;31;1722;L;7;0;;;274554;266649;4;
521;31;1726;L;7;0;;;274554;266652;4;
521;31;1728;L;7;0;;;274554;266653;4;
521;31;1752;L;7;0;;;274554;274558;4;
521;31;1780;L;7;0;;;274554;266695;4;
521;31;1810;L;7;0;;;274554;274592;4;
521;31;1776;L;7;0;;;274584;264043;4;
521;31;1706;L;7;0;;;274544;266632;4;
521;31;1720;L;7;0;;;274544;264081;4;
521;31;1834;L;7;0;;;263015;274156;4;
521;31;1838;L;7;0;;;263015;274165;4;
521;31;1812;L;7;0;;;274588;266734;4;
521;31;1828;L;7;0;;;266437;263125;4;
521;31;1832;L;7;0;;;266437;274156;4;
521;31;374;L;7;0;;;266437;263017;4;
521;31;1846;L;7;0;;;266437;263019;4;
521;31;398;L;7;0;;;266437;264145;4;
521;31;1824;L;7;0;;;266437;264042;4;
521;31;1550;L;7;0;;;266437;266483;4;
521;31;392;L;7;0;;;266437;263018;4;
521;31;384;L;7;0;;;266437;262988;4;
521;31;364;L;7;0;;;266437;266418;4;
521;31;356;L;7;0;;;266433;266437;4;
521;31;366;L;7;0;;;266433;266439;4;
521;31;1502;L;1;4;;266433;266418;263019;4;
521;31;1556;L;7;0;;;266439;263125;4;
521;31;378;L;7;0;;;266439;263017;4;
521;31;370;L;7;0;;;266439;266433;4;
521;31;1724;L;7;0;;;266439;263019;4;
521;31;1554;L;7;0;;;266439;264145;4;
521;31;358;L;7;0;;;266439;263016;4;
521;31;360;L;7;0;;;266439;266441;4;
521;31;362;L;7;0;;;266439;266444;4;
521;31;386;L;7;0;;;266439;262988;4;
521;31;305;L;1;1;;263903;324386;263144;4;
521;31;1652;L;7;0;;;266570;263958;4;
521;31;1644;L;7;0;;;266570;266566;4;
521;31;1672;L;7;0;;;266590;266596;4;
521;31;1696;L;7;0;;;266590;266621;4;
521;31;1678;L;7;0;;;266590;266604;4;
521;31;1692;L;7;0;;;266590;266616;4;
521;31;1680;L;7;0;;;266590;266603;4;
521;31;1676;L;7;0;;;266590;266744;4;
521;31;1716;L;7;0;;;266590;266639;4;
521;31;1664;L;7;0;;;266590;264080;4;
521;31;1640;L;7;0;;;266565;266566;4;
521;31;1650;L;7;0;;;266565;266573;4;
521;31;1684;L;7;0;;;266488;266605;4;
521;31;1688;L;7;0;;;266488;266604;4;
521;31;1686;L;7;0;;;266488;266603;4;
521;31;1658;L;7;0;;;266488;266581;4;
521;31;1690;L;7;0;;;266488;266566;4;
521;31;1656;L;7;0;;;266488;266579;4;
521;31;1670;L;7;0;;;266488;264080;4;
521;31;1700;L;7;0;;;266623;263000;4;
521;31;2704;L;1;4;;274142;263903;263000;4;
521;31;201;L;1;1;;263020;299709;263016;4;
521;31;1564;L;7;0;;;266500;266501;4;
521;31;1566;L;7;0;;;266500;266504;4;
521;31;1584;L;7;0;;;266500;263022;4;
521;31;1572;L;7;0;;;266500;263021;4;
521;31;1580;L;7;0;;;266500;263260;4;
521;31;1590;L;7;0;;;266492;262998;4;
521;31;1558;L;7;0;;;266492;263016;4;
521;31;1570;L;7;0;;;266497;266504;4;
521;31;1578;L;7;0;;;266497;263021;4;
521;31;1588;L;7;0;;;266494;263022;4;
521;31;2760;L;7;0;;;263024;274649;4;
521;31;1608;L;7;0;;;266525;263026;4;
521;31;1630;L;7;0;;;266525;266557;4;
521;31;1598;L;7;0;;;266525;263025;4;
521;31;1616;L;7;0;;;266525;262999;4;
521;31;1614;L;7;0;;;266527;266542;4;
521;31;1596;L;7;0;;;266527;262998;4;
521;31;1600;L;7;0;;;266527;266531;4;
521;31;2764;L;7;0;;;266527;274649;4;
521;31;1626;L;7;0;;;266527;266550;4;
521;31;1606;L;7;0;;;266527;263025;4;
521;31;1622;L;7;0;;;266527;262999;4;
521;31;1636;L;7;0;;;266527;266559;4;
521;31;12904;L;1;4;;35660;35661;35475;6;
521;31;13356;L;1;4;;49813;35660;35661;6;
521;31;12433;L;1;4;;35495;35496;35499;6;
521;31;18749;L;1;4;;112162;137063;112164;7;
521;31;12605;L;1;4;;35546;35562;35545;6;
521;31;12595;L;1;4;;35558;35557;35556;6;
521;31;12602;L;1;4;;35563;35556;35562;6;
521;31;2750;L;7;0;;;274649;262998;4;
521;31;2762;L;7;0;;;274649;263020;4;
521;31;2766;L;7;0;;;274649;266527;4;
521;31;2768;L;7;0;;;274649;263022;4;
521;31;2748;L;7;0;;;274649;274652;4;
521;31;2756;L;7;0;;;274649;274655;4;
521;31;2754;L;7;0;;;274649;274658;4;
521;31;2740;L;1;1;;274649;263964;263024;4;
521;31;13436;L;1;4;;99870;36966;99867;6;
521;31;2642;L;1;4;;274124;299743;274125;4;
521;31;1085;L;1;4;;263181;263166;262998;4;
521;31;1144;L;1;4;;263978;262988;263979;4;
521;31;2965;L;1;4;;266415;266418;262988;4;
521;31;2587;L;1;4;;263225;263199;263239;4;
521;31;18876;L;1;4;;263938;112163;112164;7;
521;31;18872;L;1;4;;112181;112187;112163;7;
521;31;18881;L;1;4;;112203;112202;112180;7;
521;31;12814;L;1;4;;35619;35627;35617;6;
521;31;12835;L;1;4;;35632;35490;35631;6;
521;31;12882;L;1;4;;35637;35491;35631;6;
521;31;12807;L;1;4;;35626;35630;35490;6;
521;31;12421;L;1;4;;35486;35475;49842;6;
521;31;1260;L;1;4;;264018;264017;264019;4;
521;31;1257;L;1;4;;263153;274759;264017;4;
521;31;18745;L;1;4;;112160;112159;137063;7;
521;31;18740;L;1;4;;112158;112157;112159;7;
521;31;12584;L;1;4;;35340;35541;135426;6;
521;31;18559;L;1;4;;112100;112089;112103;7;
521;31;12577;L;1;4;;35171;35541;135426;6;
521;31;12588;L;1;4;;35342;35541;135426;6;
521;31;12620;L;1;4;;35566;35539;35342;6;
521;31;60093;L;1;1;S47;310311;324599;311804;21;
521;31;1718;L;7;0;;;264081;274542;4;
521;31;1714;L;7;0;;;266639;274542;4;
521;31;13431;L;1;4;;99865;99870;35471;6;
521;31;2825;L;1;4;;274780;263143;274782;4;
521;31;19348;L;1;4;;112091;112074;199777;7;
521;31;13381;L;1;4;;49835;35575;49836;6;
521;31;13263;L;1;4;;36972;35575;36973;6;
521;31;943;L;1;4;;263233;263178;263234;4;
521;31;2833;L;1;4;;274783;274779;264029;4;
521;31;2628;L;1;4;;274121;262999;274779;4;
521;31;2569;L;1;4;;263196;263213;263183;4;
521;31;2818;L;1;4;;274777;274121;263144;4;
521;31;39051;L;1;1;;324495;324496;324502;14;
521;31;42051;L;1;1;;324508;324502;324526;15;
521;31;18848;L;1;4;;261832;112199;124762;7;
521;31;13312;L;1;4;;36991;36993;35619;6;
521;31;12826;L;1;4;;35634;35628;35619;6;
521;31;12818;L;1;4;;35627;35615;35629;6;
521;31;12829;L;1;4;;35635;35628;35619;6;
521;31;13418;L;1;4;;49844;35476;49842;6;
521;31;13001;L;1;4;;35659;35475;35476;6;
521;31;12982;L;1;4;;35680;35644;35681;6;
521;31;499;L;1;4;;263211;263260;263021;4;
521;31;13360;L;1;4;;49815;35608;35617;6;
521;31;12797;L;1;4;;35628;35627;35617;6;
521;31;12789;L;1;4;;35480;35477;35490;6;
521;31;12793;L;1;4;;35490;35480;35627;6;
521;31;2850;L;1;4;;274786;263211;263043;4;
521;31;19284;L;1;4;;124800;112089;124792;7;
521;31;18885;L;1;4;;112185;112180;112184;7;
521;31;2894;L;1;4;;274765;260412;261842;4;
521;31;18942;L;1;4;;112163;112162;112187;7;
521;31;19034;L;1;4;;112153;112026;112030;7;
521;31;250;L;7;0;;;263029;274644;4;
521;31;252;L;7;0;;;263029;274681;4;
521;31;266;L;7;0;;;263029;274640;4;
521;31;274;L;7;0;;;264186;274640;4;
521;31;254;L;7;0;;;264198;274644;4;
521;31;270;L;7;0;;;264198;274640;4;
521;31;2888;L;1;4;;274806;264150;260412;4;
521;31;18908;L;1;4;;112161;112160;112183;7;
521;31;19339;L;1;4;;199771;199770;124766;7;
521;31;18866;L;1;4;;112204;112207;112208;7;
521;31;562;L;1;4;;263228;263130;263188;4;
521;31;578;L;1;4;;263133;263130;263178;4;
521;31;581;L;1;4;;263178;263262;263025;4;
521;31;19016;L;1;4;;112154;112233;112047;7;
521;31;19117;L;1;4;;112045;112044;112040;7;
521;31;19039;L;1;4;;112238;261811;112149;7;
521;31;12737;L;1;4;;35607;137063;35487;6;
521;31;19272;L;1;4;;124789;112145;112083;7;
521;31;13415;L;1;4;;36964;35476;49842;6;
521;31;1147;L;1;4;;263980;262988;263250;4;
521;31;2666;L;1;4;;274128;263218;263190;4;
521;31;2606;L;1;4;;274115;263183;263205;4;
521;31;2549;L;1;4;;274104;274105;274786;4;
521;31;13428;L;1;4;;49848;35495;49847;6;
521;31;12753;L;1;4;;35373;35593;35609;6;
521;31;18640;L;1;4;;112134;199799;112052;7;
521;31;19188;L;1;4;;112033;112134;112258;7;
521;31;18637;L;1;4;;112076;112125;112075;7;
521;31;18441;L;1;4;;112031;112030;112034;7;
521;31;18515;L;1;4;;112075;112076;112078;7;
521;31;18519;L;1;4;;112079;112078;112080;7;
521;31;12734;L;1;4;;35609;35487;35608;6;
521;31;382;L;7;0;;;263049;266439;4;
521;31;1014;L;1;4;;263049;261991;263055;4;
521;31;2958;L;1;4;;274817;274745;263083;4;
521;31;13319;L;1;4;;36994;35612;35487;6;
521;31;1778;L;7;0;;;264043;274552;4;
521;31;1307;L;1;4;;264043;264056;264044;4;
521;31;1298;L;1;4;;264022;264025;263125;4;
521;31;1304;L;1;4;;264041;263125;264056;4;
521;31;95;L;1;1;;263611;274233;299697;4;
521;31;33070;L;1;1;;324663;324431;324672;12;
521;31;19023;L;1;4;;112235;112049;112191;7;
521;31;104;L;1;1;;262981;324599;263931;4;
521;31;19332;L;1;4;;112037;199769;112035;7;
521;31;368;L;7;0;;;263019;266437;4;
521;31;1552;L;7;0;;;263019;266439;4;
521;31;559;L;1;3;;263019;263015;262989;4;
521;31;1794;L;7;0;;;274076;266437;4;
521;31;1100;L;1;4;;263924;263179;262998;4;
521;31;19256;L;1;4;;124782;112144;124783;7;
521;31;18756;L;1;4;;112070;112144;112095;7;
521;31;18753;L;1;4;;112144;199768;112143;7;
521;31;2951;L;1;4;;274816;274815;274745;4;
521;31;1386;L;1;4;;263949;263097;264060;4;
521;31;1383;L;1;4;;264059;264036;274848;4;
521;31;3021;L;1;4;;274848;264059;263949;4;
521;31;1586;L;7;0;;;263022;266492;4;
521;31;1108;L;1;4;;263022;263035;262998;4;
521;31;1634;L;7;0;;;266557;266525;4;
521;31;947;L;1;4;;263247;263183;263241;4;
521;31;57071;L;1;1;;324676;324677;324693;20;
521;31;19061;L;1;4;;112239;112023;112240;7;
521;31;19280;L;1;4;;124790;112083;135426;7;
521;31;13282;L;1;4;;36981;137063;99880;6;
521;31;13410;L;1;4;;49842;49843;35486;6;
521;31;13421;L;1;4;;49843;35474;49845;6;
521;31;13279;L;1;4;;36980;99880;35483;6;
521;31;18580;L;1;4;;112111;124777;112115;7;
521;31;19142;L;1;4;;112123;112138;112127;7;
521;31;19356;L;1;4;;199779;199778;112264;7;
521;31;19159;L;1;4;;112242;112127;112029;7;
521;31;1806;L;7;0;;;264053;324599;4;
521;31;1330;L;1;4;;264053;263125;264044;4;
521;31;19096;L;1;4;;112121;112247;112147;7;
521;31;575;L;1;4;;263234;263231;263233;4;
521;31;18569;L;1;4;;112086;112105;112083;7;
521;31;12876;L;1;4;;35649;35648;35492;6;
521;31;12581;L;1;4;;35557;35558;35340;6;
521;31;18662;L;1;4;;112140;112139;112141;7;
521;31;19108;L;1;4;;112022;112021;112020;7;
521;31;12609;L;1;4;;35556;35558;135426;6;
521;31;13443;L;1;4;;35471;36966;35474;6;
521;31;12658;L;1;4;;36963;36965;99870;6;
521;31;18587;L;1;4;;112117;112116;112118;7;
521;31;12863;L;1;4;;35491;35492;35493;6;
521;31;2939;L;1;4;;263047;274812;274632;4;
521;31;12675;L;1;4;;35583;35576;36963;6;
521;31;12666;L;1;4;;35578;35464;35579;6;
521;31;12672;L;1;4;;35582;35464;35583;6;
521;31;12669;L;1;4;;35580;35464;35581;6;
521;31;12663;L;1;4;;35576;35464;35577;6;
521;31;1548;L;7;0;;;264145;266437;4;
521;31;2697;L;1;4;;264145;274140;264003;4;
521;31;19306;L;1;4;;199795;124766;124795;7;
521;31;18572;L;1;4;;124795;112081;112108;7;
521;31;18576;L;1;4;;124777;124795;113863;7;
521;31;19365;L;1;4;;199781;112158;124762;7;
521;31;18429;L;1;4;;112020;112021;112027;7;
521;31;887;L;1;4;;263183;263045;263233;4;
521;31;18476;L;1;4;;112053;199782;112061;7;
521;31;13384;L;1;4;;49836;99887;99876;6;
521;31;13050;L;1;4;;35695;99875;35600;6;
521;31;13371;L;1;4;;49831;35583;49833;6;
521;31;13375;L;1;4;;49833;49831;35464;6;
521;31;13259;L;1;4;;36969;36970;35481;6;
521;31;13388;L;1;4;;99876;49836;35485;6;
521;31;2669;L;1;4;;274129;264007;263219;4;
521;31;2673;L;1;4;;274130;274129;263136;4;
521;31;12689;L;1;4;;35589;35591;35592;6;
521;31;13457;L;1;4;;99875;35695;35591;6;
521;31;13322;L;1;4;;36995;35602;36994;6;
521;31;2843;L;1;4;;274785;263922;299739;4;
521;31;12641;L;1;4;;35573;35571;35537;6;
521;31;12634;L;1;4;;35570;35534;35571;6;
521;31;1196;L;1;4;;263251;313357;274134;4;
521;31;19291;L;1;4;;112080;263237;112166;7;
521;31;12765;L;1;3;;35608;35478;35628;6;
521;31;12772;L;1;3;;35617;35628;35494;6;
521;31;1822;L;7;0;;;264042;266439;4;
521;31;19200;L;1;4;;124781;112259;112059;7;
521;31;1868;L;7;0;;;263031;274538;4;
521;31;13391;L;1;4;;36971;49836;35575;6;
521;31;2808;L;1;4;;274763;266647;274194;4;
521;31;19064;L;1;4;;112240;112239;112127;7;
521;31;12417;L;1;4;;35484;35485;35475;6;
521;31;1525;L;1;4;;263141;263147;274183;4;
521;31;1401;L;1;4;;263147;266647;263141;4;
521;31;18968;L;1;4;;112064;112038;112062;7;
521;31;2792;L;1;4;X884;274732;274194;274183;4;
521;31;1205;L;1;4;;264004;264003;266483;4;
521;31;18888;L;1;4;;112211;199800;112180;7;
521;31;18788;L;1;4;;112174;199786;112173;7;
521;31;19053;L;1;4;;112019;112041;112016;7;
521;31;18674;L;1;4;;112097;112143;199794;7;
521;31;18549;L;1;4;;112098;112097;199768;7;
521;31;12921;L;1;4;;35667;35492;263003;6;
521;31;2566;L;1;4;;274106;263022;263021;4;
521;31;2908;L;1;4;;274807;263025;274808;4;
521;31;755;L;1;4;;263163;264112;274195;4;
521;31;13347;L;1;4;;49806;35474;35658;6;
521;31;2979;L;1;4;;274822;274821;274805;4;
521;31;2041;L;1;4;;299692;299691;262999;4;
521;31;18071;L;1;1;G94;199766;111996;149674;7;
521;31;3051;L;1;1;;324387;324388;324392;5;
521;31;66;L;1;1;;274509;274217;274262;4;
521;31;30051;L;1;1;;324420;324421;324392;11;
521;31;60063;L;1;1;;324589;324571;324541;21;
521;31;24051;L;1;1;;324403;324404;324407;9;
521;31;54051;L;1;1;;324554;324552;324562;19;
521;31;9051;L;1;1;;324394;324395;324388;8;
521;31;27051;L;1;1;;324409;324392;324404;10;
521;31;57051;L;1;1;;324564;324562;324571;20;
521;31;51061;L;1;1;;324549;324547;324552;18;
521;31;18562;L;1;4;;112103;112100;112072;7;
521;31;1864;L;7;0;;;299726;274644;4;
521;31;1862;L;7;0;;;299721;274644;4;
521;31;481;L;1;4;;263197;263175;263176;4;
521;31;1208;L;1;4;;266483;263019;262989;4;
521;31;1792;L;7;0;;;274078;266437;4;
521;31;12960;L;1;4;;35657;35644;35671;6;
521;31;1790;L;7;0;;;266713;266439;4;
521;31;322;L;7;0;;;263907;274644;4;
521;31;326;L;7;0;;;263907;274640;4;
521;31;12804;L;1;4;;35615;35592;35608;6;
521;31;12801;L;1;4;;35630;35487;35615;6;
521;31;2915;L;1;4;;274770;274809;313170;4;
521;31;901;L;1;4;;263914;263039;262988;4;
521;31;906;L;1;4;;263244;263914;263017;4;
521;31;1431;L;1;4;;274274;263947;264076;4;
521;31;1390;L;1;4;;264060;263949;314169;4;
521;31;18931;L;1;4;;112213;112178;112220;7;
521;31;19314;L;1;4;;124801;112178;112213;7;
521;31;3003;L;1;4;;264068;299750;274836;4;
521;31;1395;L;1;4;;274267;314169;274789;4;
521;31;2997;L;1;4;;274789;274267;274834;4;
521;31;3000;L;1;4;;274835;274834;299751;4;
521;31;388;L;7;0;;;266466;266437;4;
521;31;550;L;1;4;;263198;263174;263176;4;
521;31;18896;L;1;4;;112179;137063;112214;7;
521;31;2651;L;1;4;;264120;263189;263231;4;
521;31;2594;L;1;4;;299760;263197;263198;4;
521;31;13378;L;1;4;;49832;35464;49831;6;
521;31;19328;L;1;4;;199769;112006;112037;7;
521;31;13294;L;1;4;;36985;36984;35491;6;
521;31;1103;L;1;4;;263035;262998;263021;4;
521;31;2746;L;7;0;;;274650;274649;4;
521;31;12760;L;1;4;;35592;35478;49821;6;
521;31;13195;L;1;4;;35592;35608;35615;6;
521;31;3010;L;7;0;;;274632;274538;4;
521;31;1852;L;7;0;;;274632;274644;4;
521;31;2734;L;7;0;;;274637;274538;4;
521;31;2728;L;7;0;;;274633;274538;4;
521;31;1850;L;7;0;;;274633;274644;4;
521;31;2944;L;1;4;;299749;274632;263907;4;
521;31;2976;L;1;4;;274820;262989;274821;4;
521;31;1844;L;7;0;;;263016;274538;4;
521;31;1560;L;7;0;;;263016;266494;4;
521;31;767;L;1;4;;263016;274792;263907;4;
521;31;350;L;7;0;;;266423;274620;4;
521;31;346;L;7;0;;;266423;274616;4;
521;31;2050;L;1;4;;266423;299688;263907;4;
521;31;19167;L;1;4;;112049;112044;112228;7;
521;31;18609;L;1;4;;112124;199801;112030;7;
521;31;18615;L;1;4;;112125;112124;112076;7;
521;31;1117;L;1;4;;263184;263043;263182;4;
521;31;1624;L;7;0;;;266550;266525;4;
521;31;1239;L;1;4;;266550;264016;262999;4;
521;31;1236;L;1;4;;264011;262999;264016;4;
521;31;13440;L;1;4;;99867;99870;35471;6;
521;31;13254;L;1;4;;36966;99881;35471;6;
521;31;2694;L;1;4;;264001;263251;274140;4;
521;31;12932;L;1;4;;35670;35642;35655;6;
521;31;19174;L;1;4;;112056;112053;112030;7;
521;31;2597;L;1;4;;274112;263176;263227;4;
521;31;19030;L;1;4;;112237;263176;112026;7;
521;31;19121;L;1;4;;263176;112020;112046;7;
521;31;869;L;1;4;;263176;263025;263183;4;
521;31;835;L;1;4;;274254;263100;263063;4;
521;31;19077;L;1;4;;112245;112084;112126;7;
521;31;1562;L;7;0;;;266496;266497;4;
521;31;12647;L;1;4;;35536;35574;35534;6;
521;31;12637;L;1;4;;35569;263752;35571;6;
521;31;12631;L;1;4;;35568;263752;35570;6;
521;31;1576;L;7;0;;;263021;266500;4;
521;31;1574;L;7;0;;;263021;266497;4;
521;31;396;L;7;0;;;263217;266439;4;
521;31;1174;L;1;4;;263217;263103;263018;4;
521;31;1746;L;7;0;;;266665;274554;4;
521;31;1318;L;1;4;;266665;263147;264113;4;
521;31;1311;L;1;4;;264019;264020;264045;4;
521;31;1315;L;1;4;;264046;264045;263147;4;
521;31;1840;L;7;0;;;274165;263015;4;
521;31;1842;L;7;0;;;274167;263015;4;
521;31;1704;L;7;0;;;263144;266527;4;
521;31;1712;L;7;0;;;274175;274542;4;
521;31;1682;L;7;0;;;274177;266590;4;
521;31;1698;L;7;0;;;274179;266488;4;
521;31;1694;L;7;0;;;274181;266590;4;
521;31;1604;L;7;0;;;263025;266525;4;
521;31;1602;L;7;0;;;263025;266527;4;
521;31;394;L;7;0;;;263018;266437;4;
521;31;1179;L;1;4;;263018;263015;274794;4;
521;31;328;L;7;0;;;262988;274620;4;
521;31;334;L;7;0;;;262988;274616;4;
521;31;1620;L;7;0;;;262999;266525;4;
521;31;1618;L;7;0;;;262999;266527;4;
521;31;808;L;1;4;X236;262999;324386;263144;4;
521;31;2645;L;1;4;;274125;263752;274124;4;
521;31;2991;L;1;4;;274832;263231;264007;4;
521;31;540;L;1;4;;263207;263222;263137;4;
521;31;1646;L;7;0;;;266566;266570;4;
521;31;1642;L;7;0;;;266566;266565;4;
521;31;1660;L;7;0;;;266579;266488;4;
521;31;1648;L;7;0;;;266573;266565;4;
521;31;12991;L;1;4;;35678;35644;35621;6;
521;31;1870;L;1;4;;263208;263222;263217;4;
521;31;2878;L;1;4;;274794;263018;299753;4;
521;31;1476;L;1;4;;274795;274794;263978;4;
521;31;1190;L;1;4;;263991;263993;263997;4;
521;31;2936;L;1;4;;274812;262986;263047;4;
521;31;1233;L;1;4;;263210;263218;263137;4;
521;31;13460;L;1;4;;35666;35493;35667;6;
521;31;2610;L;1;4;;274116;263205;274117;4;
521;31;60051;L;1;1;;324579;324577;324588;21;
521;31;57062;L;1;1;;324572;324386;324577;20;
521;31;12051;L;1;1;;35463;324587;149674;6;
521;31;19353;L;1;4;;199778;113863;199779;7;
521;31;19137;L;1;4;;112085;112254;112083;7;
521;31;1335;L;1;4;;263119;264116;263946;4;
521;31;354;L;7;0;;;266418;274644;4;
521;31;372;L;7;0;;;266418;266437;4;
521;31;1133;L;1;4;;266418;263015;266415;4;
521;31;1121;L;1;4;;263916;262998;263976;4;
521;31;2912;L;1;4;;274808;274807;274809;4;
521;31;2648;L;1;4;;274126;263262;263189;4;
521;31;2038;L;1;4;;299690;262999;299691;4;
521;31;12896;L;1;4;;35655;35493;35657;6;
521;31;12699;L;1;4;;35479;35695;35591;6;
521;31;12713;L;1;4;;35605;35597;35602;6;
521;31;19013;L;1;4;;112233;112045;112154;7;
521;31;12682;L;1;4;;35587;36963;35464;6;
521;31;13302;L;1;4;;36987;35641;35617;6;
521;31;18584;L;1;4;;112009;112008;112116;7;
521;31;2994;L;1;4;;274833;264006;274832;4;
521;31;13212;L;1;4;;35664;35486;263003;6;
521;31;13298;L;1;4;;35652;36986;35654;6;
521;31;13364;L;1;4;;99882;35491;35639;6;
521;31;1137;L;1;4;;263236;262988;264118;4;
521;31;12885;L;1;4;;35639;35651;35652;6;
521;31;12918;L;1;4;;35665;35666;263003;6;
521;31;823;L;1;4;;261991;263907;262988;4;
521;31;565;L;1;4;;263229;263188;263231;4;
521;31;1082;L;1;4;;263971;274798;313357;4;
521;31;1638;L;7;0;;;266563;266527;4;
521;31;1668;L;7;0;;;264080;266590;4;
521;31;1666;L;7;0;;;264080;266488;4;
521;31;13345;L;1;4;;35658;35476;35486;6;
521;31;1628;L;7;0;;;266554;266527;4;
521;31;19287;L;1;4;;124792;124800;112086;7;
521;31;1215;L;1;4;;263231;263234;264120;4;
521;31;18546;L;1;4;;112095;112096;112097;7;
521;31;1227;L;1;4;;264010;263190;264009;4;
521;31;1710;L;7;0;;;263168;274542;4;
521;31;2625;L;1;4;;263168;263166;263025;4;
521;31;19342;L;1;3;S268;199772;199773;136982;7;
521;31;60078;L;1;1;S49;324597;324601;324386;21;
521;31;2982;L;1;4;;274824;262989;263130;4;
521;31;2552;L;1;4;;274105;274104;263185;4;
521;31;2542;L;1;4;;274102;262998;274101;4;
521;31;19238;L;1;4;;112172;199805;112171;7;
521;31;19226;L;1;4;;112166;112052;113863;7;
521;31;19234;L;1;4;;112264;113863;199805;7;
521;31;19150;L;1;4;;112028;112027;112044;7;
521;31;1353;L;1;4;;263948;263097;264033;4;
521;31;1350;L;1;4;;264035;264034;274847;4;
521;31;3017;L;1;4;;274847;264035;263948;4;
521;31;18596;L;1;4;;112015;112014;112118;7;
521;31;12889;L;1;4;;35653;35491;35650;6;
521;31;18993;L;1;4;;112041;112019;112064;7;
521;31;19254;L;1;4;;124779;112041;111987;7;
521;31;18455;L;1;3;S268;112044;112043;263241;7;
521;31;19259;L;1;4;;124783;124782;124785;7;
521;31;19266;L;1;4;;124788;124787;136982;7;
521;31;19263;L;1;4;;124786;124785;124787;7;
521;31;2925;L;1;4;;274791;263956;263035;4;
521;31;390;L;7;0;;;263250;266439;4;
521;31;1154;L;1;4;;263250;263980;263217;4;
521;31;1150;L;1;4;;263250;313357;263015;4;
521;31;18464;L;1;4;;263241;112031;112044;7;
521;31;951;L;1;4;;263241;263247;262989;4;
521;31;19026;L;1;4;;112191;112030;112192;7;
521;31;500;L;1;4;;263260;263020;263211;4;
521;31;1632;L;7;0;;;266559;266527;4;
521;31;13086;L;1;4;;35621;35643;35617;6;
521;31;2954;L;1;4;;274745;274744;274817;4;
521;31;2583;L;1;4;;263224;263198;262998;4;
521;31;503;L;1;4;;263213;262998;263184;4;
521;31;13395;L;1;4;;49839;35661;35476;6;
521;31;18921;L;1;4;;112182;112159;137063;7;
521;31;2881;L;1;4;;274793;264019;274183;4;
521;31;1412;L;1;4;;274796;274759;264019;4;
521;31;18925;L;1;4;;112177;137063;112197;7;
521;31;1202;L;1;4;;264002;263015;264003;4;
521;31;1295;L;1;4;;264038;264037;264062;4;
521;31;1292;L;1;4;;264032;263947;264037;4;
521;31;13014;L;1;4;;35643;35647;35642;6;
521;31;2679;L;1;4;;274131;274134;274133;4;
521;31;2057;L;1;4;;274804;274133;263130;4;
521;31;2055;L;1;4;;299689;262999;266550;4;
521;31;1157;L;1;4;;263987;263988;263216;4;
521;31;19043;L;1;4;;112149;112148;112152;7;
521;31;19088;L;1;4;;112017;112016;112238;7;
521;31;19300;L;1;4;;124793;112059;112052;7;
521;31;19203;L;1;4;;112059;112053;112194;7;
521;31;12655;L;1;4;;35499;35495;36954;6;
521;31;19007;L;1;4;;112194;112030;112059;7;
521;31;12951;L;1;4;;35674;35642;35655;6;
521;31;1199;L;1;4;;274134;274138;262989;4;
521;31;2676;L;1;4;;274797;263137;274131;4;
521;31;2752;L;7;0;;;274655;274649;4;
521;31;2758;L;7;0;;;274658;274649;4;
521;31;19058;L;1;4;;112023;112239;112020;7;
521;31;18590;L;1;4;;112118;112117;112015;7;
521;31;18593;L;1;4;;112119;112015;112018;7;
521;31;2821;L;1;4;;274778;274121;262999;4;
521;31;534;L;1;4;;263220;263219;263209;4;
521;31;884;L;1;4;;263219;263222;263220;4;
521;31;1428;L;1;4;;264076;264132;264133;4;
521;31;556;L;1;4;;263227;263176;263177;4;
521;31;543;L;1;4;;263199;263174;263198;4;
521;31;478;L;1;4;;263200;263174;263197;4;
521;31;1128;L;1;4;;263223;263200;262998;4;
521;31;12823;L;1;4;;35633;35627;36991;6;
521;31;12935;L;1;4;;35656;35672;35671;6;
521;31;1424;L;1;4;;264033;263947;263949;4;
521;31;19197;L;1;4;;112058;112053;112259;7;
521;31;18605;L;1;4;;112122;112084;112124;7;
521;31;19081;L;1;4;;112146;112016;112145;7;
521;31;12731;L;1;4;;35489;35487;35608;6;
521;31;12724;L;1;4;;35481;35477;35480;6;
521;31;12727;L;1;4;;35602;35480;35489;6;
521;31;13453;L;1;4;;35593;35695;35592;6;
521;31;440;L;1;4;;263188;263178;263189;4;
521;31;447;L;1;4;;263191;263136;263137;4;
521;31;434;L;1;4;;263156;263131;263178;4;
521;31;444;L;1;4;;263190;263189;263136;4;
521;31;2969;L;1;4;;274805;263137;263124;4;
521;31;971;L;1;4;;263262;263261;263237;4;
521;31;969;L;1;4;;263261;274195;263262;4;
521;31;974;L;1;4;;263263;263237;263130;4;
521;31;2590;L;1;4;;263239;262998;263176;4;
521;31;2869;L;1;4;;274788;264020;263147;4;
521;31;2865;L;1;4;;263154;264020;274759;4;
521;31;400;L;7;0;;;313357;266439;4;
521;31;2861;L;1;4;;324497;264020;274787;4;
521;31;844;L;1;4;;263087;263089;313172;4;
521;31;18903;L;1;4;;112208;112211;112273;7;
521;31;18737;L;1;4;;112065;112062;112157;7;
521;31;852;L;1;4;;263089;263090;263092;4;
521;31;12540;L;1;3;;35542;35554;99888;6;
521;31;1097;L;1;4;;263973;263924;263025;4;
521;31;1212;L;1;4;;263997;262989;263991;4;
521;31;51;L;1;1;;274505;274536;299714;4;
521;31;60099;L;1;1;;324606;324694;324698;21;
521;31;60087;L;1;1;;324606;324386;310311;21;
521;31;18057;L;1;1;;124731;310311;111996;7;
521;31;12839;L;1;4;;35638;35637;35639;6;
521;31;19171;L;1;4;;112228;112155;112056;7;
521;31;12866;L;1;4;;35642;35491;35494;6;
