CID;TABCD;LCD;INT_CID;INT_TABCD;INT_LCD
518;28;2448;518;28;2454
518;28;2454;518;28;2458
518;28;2458;518;28;2448
518;28;2452;518;28;2456
518;28;2456;518;28;2460
518;28;2460;518;28;2452
518;28;77;518;28;3381
518;28;3381;518;28;77
518;28;27;518;28;78
518;28;78;518;28;224
518;28;224;518;28;27
518;28;3571;518;28;3573
518;28;3573;518;28;3571
518;28;712;518;28;1405
518;28;1405;518;28;2092
518;28;2092;518;28;712
518;28;28;518;28;227
518;28;227;518;28;299
518;28;299;518;28;28
518;28;228;518;28;831
518;28;831;518;28;3610
518;28;3610;518;28;228
518;28;29;518;28;231
518;28;231;518;28;932
518;28;932;518;28;29
518;28;22;518;28;30
518;28;30;518;28;234
518;28;234;518;28;2093
518;28;2093;518;28;22
518;28;31;518;28;2088
518;28;2088;518;28;31
518;28;32;518;28;237
518;28;237;518;28;368
518;28;368;518;28;32
518;28;33;518;28;354
518;28;354;518;28;2089
518;28;2089;518;28;33
518;28;34;518;28;146
518;28;146;518;28;34
518;28;36;518;28;249
518;28;249;518;28;3386
518;28;3386;518;28;36
518;28;225;518;28;786
518;28;786;518;28;225
518;28;233;518;28;468
518;28;468;518;28;233
518;28;3498;518;28;3574
518;28;3574;518;28;3498
518;28;240;518;28;1710
518;28;1710;518;28;240
518;28;256;518;28;258
518;28;258;518;28;3284
518;28;3284;518;28;3389
518;28;3389;518;28;3391
518;28;3391;518;28;256
518;28;38;518;28;106
518;28;106;518;28;259
518;28;259;518;28;423
518;28;423;518;28;38
518;28;260;518;28;1200
518;28;1200;518;28;260
518;28;163;518;28;165
518;28;165;518;28;263
518;28;263;518;28;163
518;28;39;518;28;57
518;28;57;518;28;39
518;28;83;518;28;612
518;28;612;518;28;614
518;28;614;518;28;83
518;28;84;518;28;113
518;28;113;518;28;575
518;28;575;518;28;84
518;28;85;518;28;587
518;28;587;518;28;85
518;28;86;518;28;557
518;28;557;518;28;86
518;28;88;518;28;265
518;28;265;518;28;88
518;28;90;518;28;513
518;28;513;518;28;90
518;28;37;518;28;67
518;28;67;518;28;251
518;28;251;518;28;253
518;28;253;518;28;407
518;28;407;518;28;409
518;28;409;518;28;3388
518;28;3388;518;28;37
518;28;255;518;28;1142
518;28;1142;518;28;255
518;28;248;518;28;377
518;28;377;518;28;480
518;28;480;518;28;248
518;28;697;518;28;2123
518;28;2123;518;28;697
518;28;72;518;28;765
518;28;765;518;28;72
518;28;73;518;28;2133
518;28;2133;518;28;73
518;28;74;518;28;151
518;28;151;518;28;74
518;28;75;518;28;1562
518;28;1562;518;28;75
518;28;76;518;28;811
518;28;811;518;28;76
518;28;54;518;28;190
518;28;190;518;28;1418
518;28;1418;518;28;2776
518;28;2776;518;28;3393
518;28;3393;518;28;3401
518;28;3401;518;28;54
518;28;55;518;28;192
518;28;192;518;28;465
518;28;465;518;28;3604
518;28;3604;518;28;55
518;28;56;518;28;174
518;28;174;518;28;176
518;28;176;518;28;193
518;28;193;518;28;3395
518;28;3395;518;28;56
518;28;8;518;28;16
518;28;16;518;28;8
518;28;1448;518;28;1498
518;28;1498;518;28;1448
518;28;20;518;28;65
518;28;65;518;28;20
518;28;1460;518;28;1482
518;28;1482;518;28;1460
518;28;1461;518;28;1530
518;28;1530;518;28;1461
518;28;1466;518;28;1469
518;28;1469;518;28;1466
518;28;107;518;28;3383
518;28;3383;518;28;107
518;28;110;518;28;1514
518;28;1514;518;28;110
518;28;1524;518;28;2275
518;28;2275;518;28;1524
518;28;1523;518;28;1525
518;28;1525;518;28;2292
518;28;2292;518;28;3414
518;28;3414;518;28;1523
518;28;1480;518;28;1526
518;28;1526;518;28;1480
518;28;418;518;28;420
518;28;420;518;28;490
518;28;490;518;28;418
518;28;421;518;28;1267
518;28;1267;518;28;3287
518;28;3287;518;28;421
518;28;422;518;28;1897
518;28;1897;518;28;422
518;28;1479;518;28;3322
518;28;3322;518;28;1479
518;28;1476;518;28;1481
518;28;1481;518;28;1476
518;28;1152;518;28;1157
518;28;1157;518;28;1152
518;28;1158;518;28;2086
518;28;2086;518;28;1158
518;28;1159;518;28;1322
518;28;1322;518;28;1159
518;28;1148;518;28;1161
518;28;1161;518;28;1163
518;28;1163;518;28;1953
518;28;1953;518;28;1985
518;28;1985;518;28;1148
518;28;1999;518;28;2002
518;28;2002;518;28;1999
518;28;597;518;28;655
518;28;655;518;28;597
518;28;657;518;28;681
518;28;681;518;28;657
518;28;1361;518;28;1675
518;28;1675;518;28;1361
518;28;1235;518;28;1696
518;28;1696;518;28;1235
518;28;9;518;28;559
518;28;559;518;28;9
518;28;10;518;28;301
518;28;301;518;28;1494
518;28;1494;518;28;10
518;28;12;518;28;437
518;28;437;518;28;12
518;28;14;518;28;139
518;28;139;518;28;3307
518;28;3307;518;28;14
518;28;373;518;28;1240
518;28;1240;518;28;1242
518;28;1242;518;28;373
518;28;1243;518;28;1807
518;28;1807;518;28;1243
518;28;1116;518;28;1245
518;28;1245;518;28;1116
518;28;1247;518;28;1386
518;28;1386;518;28;1247
518;28;1193;518;28;1251
518;28;1251;518;28;1193
518;28;384;518;28;1253
518;28;1253;518;28;384
518;28;1315;518;28;1949
518;28;1949;518;28;2079
518;28;2079;518;28;1315
518;28;1127;518;28;1952
518;28;1952;518;28;1127
518;28;412;518;28;1540
518;28;1540;518;28;2234
518;28;2234;518;28;412
518;28;1545;518;28;2237
518;28;2237;518;28;1545
518;28;25;518;28;69
518;28;69;518;28;1473
518;28;1473;518;28;2037
518;28;2037;518;28;25
518;28;595;518;28;609
518;28;609;518;28;595
518;28;596;518;28;662
518;28;662;518;28;596
518;28;572;518;28;598
518;28;598;518;28;572
518;28;601;518;28;644
518;28;644;518;28;601
518;28;583;518;28;602
518;28;602;518;28;583
518;28;578;518;28;606
518;28;606;518;28;578
518;28;1840;518;28;1842
518;28;1842;518;28;1840
518;28;2358;518;28;2360
518;28;2360;518;28;2381
518;28;2381;518;28;3590
518;28;3590;518;28;2358
518;28;2338;518;28;2362
518;28;2362;518;28;3289
518;28;3289;518;28;2338
518;28;2331;518;28;2363
518;28;2363;518;28;2331
518;28;2320;518;28;2364
518;28;2364;518;28;2320
518;28;2367;518;28;3072
518;28;3072;518;28;2367
518;28;3372;518;28;3373
518;28;3373;518;28;3372
518;28;1581;518;28;1588
518;28;1588;518;28;1581
518;28;1589;518;28;2083
518;28;2083;518;28;1589
518;28;1452;518;28;1511
518;28;1511;518;28;1452
518;28;1447;518;28;3619
518;28;3619;518;28;1447
518;28;2303;518;28;2406
518;28;2406;518;28;2303
518;28;1444;518;28;1450
518;28;1450;518;28;1444
518;28;2050;518;28;3066
518;28;3066;518;28;2050
518;28;3064;518;28;3067
518;28;3067;518;28;3064
518;28;2042;518;28;3068
518;28;3068;518;28;2042
518;28;2321;518;28;3073
518;28;3073;518;28;2321
518;28;2322;518;28;2392
518;28;2392;518;28;2322
518;28;3272;518;28;3273
518;28;3273;518;28;3272
518;28;1930;518;28;1933
518;28;1933;518;28;1930
518;28;157;518;28;416
518;28;416;518;28;1934
518;28;1934;518;28;157
518;28;374;518;28;1378
518;28;1378;518;28;374
518;28;1117;518;28;1379
518;28;1379;518;28;1117
518;28;1380;518;28;1385
518;28;1385;518;28;1380
518;28;1192;518;28;1381
518;28;1381;518;28;1192
518;28;385;518;28;1382
518;28;1382;518;28;385
518;28;126;518;28;127
518;28;127;518;28;3478
518;28;3478;518;28;126
518;28;128;518;28;3058
518;28;3058;518;28;128
518;28;131;518;28;133
518;28;133;518;28;131
518;28;114;518;28;3036
518;28;3036;518;28;114
518;28;115;518;28;504
518;28;504;518;28;115
518;28;117;518;28;3353
518;28;3353;518;28;117
518;28;119;518;28;627
518;28;627;518;28;119
518;28;120;518;28;917
518;28;917;518;28;120
518;28;2287;518;28;2289
518;28;2289;518;28;2287
518;28;2290;518;28;2300
518;28;2300;518;28;2290
518;28;3583;518;28;3584
518;28;3584;518;28;3583
518;28;2304;518;28;3366
518;28;3366;518;28;2304
518;28;1513;518;28;2034
518;28;2034;518;28;1513
518;28;1546;518;28;2036
518;28;2036;518;28;1546
518;28;2039;518;28;3086
518;28;3086;518;28;2039
518;28;2041;518;28;2337
518;28;2337;518;28;2041
518;28;2043;518;28;3071
518;28;3071;518;28;2043
518;28;2045;518;28;2390
518;28;2390;518;28;2045
518;28;2046;518;28;2103
518;28;2103;518;28;2046
518;28;170;518;28;1519
518;28;1519;518;28;1521
518;28;1521;518;28;170
518;28;1495;518;28;2239
518;28;2239;518;28;1495
518;28;316;518;28;1497
518;28;1497;518;28;316
518;28;1170;518;28;1172
518;28;1172;518;28;1987
518;28;1987;518;28;3485
518;28;3485;518;28;1170
518;28;489;518;28;1173
518;28;1173;518;28;1175
518;28;1175;518;28;489
518;28;1144;518;28;1150
518;28;1150;518;28;1144
518;28;185;518;28;1151
518;28;1151;518;28;185
518;28;1154;518;28;1323
518;28;1323;518;28;1154
518;28;461;518;28;1155
518;28;1155;518;28;461
518;28;266;518;28;492
518;28;492;518;28;266
518;28;1412;518;28;2048
518;28;2048;518;28;3472
518;28;3472;518;28;1412
518;28;1410;518;28;2049
518;28;2049;518;28;1410
518;28;200;518;28;303
518;28;303;518;28;200
518;28;304;518;28;854
518;28;854;518;28;304
518;28;305;518;28;755
518;28;755;518;28;305
518;28;306;518;28;864
518;28;864;518;28;306
518;28;307;518;28;432
518;28;432;518;28;307
518;28;308;518;28;908
518;28;908;518;28;308
518;28;309;518;28;2424
518;28;2424;518;28;309
518;28;310;518;28;1554
518;28;1554;518;28;1555
518;28;1555;518;28;310
518;28;313;518;28;2241
518;28;2241;518;28;313
518;28;314;518;28;2245
518;28;2245;518;28;314
518;28;1488;518;28;1491
518;28;1491;518;28;1488
518;28;3006;518;28;3070
518;28;3070;518;28;3006
518;28;751;518;28;1439
518;28;1439;518;28;2150
518;28;2150;518;28;751
518;28;753;518;28;822
518;28;822;518;28;753
518;28;754;518;28;846
518;28;846;518;28;754
518;28;926;518;28;949
518;28;949;518;28;926
518;28;953;518;28;957
518;28;957;518;28;953
518;28;322;518;28;954
518;28;954;518;28;322
518;28;153;518;28;155
518;28;155;518;28;779
518;28;779;518;28;153
518;28;41;518;28;197
518;28;197;518;28;293
518;28;293;518;28;41
518;28;202;518;28;956
518;28;956;518;28;3609
518;28;3609;518;28;202
518;28;43;518;28;203
518;28;203;518;28;321
518;28;321;518;28;43
518;28;44;518;28;46
518;28;46;518;28;205
518;28;205;518;28;206
518;28;206;518;28;44
518;28;2313;518;28;2343
518;28;2343;518;28;2313
518;28;2324;518;28;2344
518;28;2344;518;28;2346
518;28;2346;518;28;2324
518;28;2273;518;28;2276
518;28;2276;518;28;2273
518;28;2281;518;28;2284
518;28;2284;518;28;2281
518;28;455;518;28;1835
518;28;1835;518;28;2184
518;28;2184;518;28;455
518;28;338;518;28;1085
518;28;1085;518;28;1087
518;28;1087;518;28;338
518;28;1089;518;28;1296
518;28;1296;518;28;1089
518;28;214;518;28;1091
518;28;1091;518;28;214
518;28;1092;518;28;1664
518;28;1664;518;28;1092
518;28;1093;518;28;1360
518;28;1360;518;28;1093
518;28;1094;518;28;1659
518;28;1659;518;28;1094
518;28;442;518;28;1095
518;28;1095;518;28;442
518;28;1096;518;28;1685
518;28;1685;518;28;1096
518;28;1097;518;28;1234
518;28;1234;518;28;1097
518;28;1098;518;28;1680
518;28;1680;518;28;1098
518;28;983;518;28;1099
518;28;1099;518;28;983
518;28;1106;518;28;1781
518;28;1781;518;28;1106
518;28;1107;518;28;1364
518;28;1364;518;28;1107
518;28;445;518;28;1108
518;28;1108;518;28;445
518;28;167;518;28;1211
518;28;1211;518;28;167
518;28;1209;518;28;1212
518;28;1212;518;28;1209
518;28;1213;518;28;1894
518;28;1894;518;28;1213
518;28;1214;518;28;1219
518;28;1219;518;28;3013
518;28;3013;518;28;1214
518;28;158;518;28;1865
518;28;1865;518;28;158
518;28;160;518;28;172
518;28;172;518;28;1190
518;28;1190;518;28;160
518;28;161;518;28;195
518;28;195;518;28;161
518;28;162;518;28;1273
518;28;1273;518;28;162
518;28;1371;518;28;1820
518;28;1820;518;28;1371
518;28;452;518;28;1821
518;28;1821;518;28;452
518;28;669;518;28;773
518;28;773;518;28;669
518;28;916;518;28;1576
518;28;1576;518;28;916
518;28;760;518;28;1374
518;28;1374;518;28;760
518;28;771;518;28;1376
518;28;1376;518;28;771
518;28;391;518;28;1337
518;28;1337;518;28;391
518;28;1338;518;28;1959
518;28;1959;518;28;1964
518;28;1964;518;28;1338
518;28;1340;518;28;1403
518;28;1403;518;28;1340
518;28;405;518;28;1339
518;28;1339;518;28;1342
518;28;1342;518;28;405
518;28;1258;518;28;1402
518;28;1402;518;28;1258
518;28;392;518;28;1255
518;28;1255;518;28;392
518;28;1256;518;28;1963
518;28;1963;518;28;1256
518;28;1257;518;28;1960
518;28;1960;518;28;1257
518;28;406;518;28;1259
518;28;1259;518;28;1261
518;28;1261;518;28;406
518;28;2111;518;28;2127
518;28;2127;518;28;2111
518;28;738;518;28;740
518;28;740;518;28;2128
518;28;2128;518;28;738
518;28;2187;518;28;2190
518;28;2190;518;28;2187
518;28;2307;518;28;2309
518;28;2309;518;28;2307
518;28;2310;518;28;2315
518;28;2315;518;28;2310
518;28;2886;518;28;2888
518;28;2888;518;28;2890
518;28;2890;518;28;3186
518;28;3186;518;28;2886
518;28;2257;518;28;3172
518;28;3172;518;28;2257
518;28;991;518;28;2016
518;28;2016;518;28;991
518;28;2017;518;28;2027
518;28;2027;518;28;2017
518;28;2018;518;28;2024
518;28;2024;518;28;2018
518;28;1120;518;28;2013
518;28;2013;518;28;1120
518;28;2010;518;28;2025
518;28;2025;518;28;2010
518;28;1119;518;28;2006
518;28;2006;518;28;2008
518;28;2008;518;28;1119
518;28;2009;518;28;2028
518;28;2028;518;28;2009
518;28;387;518;28;2022
518;28;2022;518;28;387
518;28;3148;518;28;3152
518;28;3152;518;28;3154
518;28;3154;518;28;3148
518;28;3146;518;28;3150
518;28;3150;518;28;3146
518;28;2356;518;28;3087
518;28;3087;518;28;2356
518;28;2710;518;28;2712
518;28;2712;518;28;3118
518;28;3118;518;28;2710
518;28;486;518;28;1130
518;28;1130;518;28;1132
518;28;1132;518;28;486
518;28;1133;518;28;1344
518;28;1344;518;28;1133
518;28;1134;518;28;1263
518;28;1263;518;28;1134
518;28;1135;518;28;1351
518;28;1351;518;28;1135
518;28;2430;518;28;2434
518;28;2434;518;28;2442
518;28;2442;518;28;2430
518;28;425;518;28;1406
518;28;1406;518;28;425
518;28;521;518;28;610
518;28;610;518;28;3599
518;28;3599;518;28;521
518;28;524;518;28;573
518;28;573;518;28;524
518;28;525;518;28;647
518;28;647;518;28;525
518;28;526;518;28;635
518;28;635;518;28;526
518;28;527;518;28;579
518;28;579;518;28;3300
518;28;3300;518;28;527
518;28;528;518;28;3339
518;28;3339;518;28;528
518;28;529;518;28;555
518;28;555;518;28;529
518;28;517;518;28;531
518;28;531;518;28;517
518;28;2432;518;28;2436
518;28;2436;518;28;2438
518;28;2438;518;28;2446
518;28;2446;518;28;2432
518;28;1123;518;28;2085
518;28;2085;518;28;1123
518;28;1124;518;28;1320
518;28;1320;518;28;1124
518;28;1125;518;28;1982
518;28;1982;518;28;1125
518;28;457;518;28;1126
518;28;1126;518;28;457
518;28;1128;518;28;1979
518;28;1979;518;28;1128
518;28;999;518;28;1129
518;28;1129;518;28;999
518;28;487;518;28;2399
518;28;2399;518;28;487
518;28;1139;518;28;1345
518;28;1345;518;28;1139
518;28;1140;518;28;1264
518;28;1264;518;28;1140
518;28;1141;518;28;1352
518;28;1352;518;28;1141
518;28;2714;518;28;2718
518;28;2718;518;28;2714
518;28;3028;518;28;3030
518;28;3030;518;28;3028
518;28;3032;518;28;3060
518;28;3060;518;28;3032
518;28;3026;518;28;3045
518;28;3045;518;28;3026
518;28;3027;518;28;3051
518;28;3051;518;28;3027
518;28;838;518;28;2422
518;28;2422;518;28;838
518;28;561;518;28;567
518;28;567;518;28;2116
518;28;2116;518;28;561
518;28;562;518;28;3338
518;28;3338;518;28;562
518;28;553;518;28;563
518;28;563;518;28;553
518;28;2113;518;28;3342
518;28;3342;518;28;2113
518;28;3279;518;28;3344
518;28;3344;518;28;3279
518;28;566;518;28;582
518;28;582;518;28;566
518;28;569;518;28;643
518;28;643;518;28;3329
518;28;3329;518;28;569
518;28;570;518;28;3588
518;28;3588;518;28;570
518;28;191;518;28;1227
518;28;1227;518;28;191
518;28;1228;518;28;1335
518;28;1335;518;28;1228
518;28;464;518;28;1229
518;28;1229;518;28;464
518;28;2586;518;28;2588
518;28;2588;518;28;2590
518;28;2590;518;28;3510
518;28;3510;518;28;3512
518;28;3512;518;28;2586
518;28;2580;518;28;2608
518;28;2608;518;28;2580
518;28;2596;518;28;2598
518;28;2598;518;28;2616
518;28;2616;518;28;3256
518;28;3256;518;28;2596
518;28;2636;518;28;2638
518;28;2638;518;28;2640
518;28;2640;518;28;3268
518;28;3268;518;28;2636
518;28;3246;518;28;3248
518;28;3248;518;28;3246
518;28;2504;518;28;2512
518;28;2512;518;28;2514
518;28;2514;518;28;2516
518;28;2516;518;28;3254
518;28;3254;518;28;2504
518;28;3102;518;28;3104
518;28;3104;518;28;3102
518;28;2624;518;28;2628
518;28;2628;518;28;2630
518;28;2630;518;28;3250
518;28;3250;518;28;3252
518;28;3252;518;28;2624
518;28;2524;518;28;2526
518;28;2526;518;28;2524
518;28;2548;518;28;3100
518;28;3100;518;28;3106
518;28;3106;518;28;3508
518;28;3508;518;28;2548
518;28;2470;518;28;3224
518;28;3224;518;28;3226
518;28;3226;518;28;2470
518;28;2690;518;28;2692
518;28;2692;518;28;2696
518;28;2696;518;28;2698
518;28;2698;518;28;3520
518;28;3520;518;28;3522
518;28;3522;518;28;2690
518;28;2540;518;28;2542
518;28;2542;518;28;3232
518;28;3232;518;28;2540
518;28;3500;518;28;3502
518;28;3502;518;28;3500
518;28;3230;518;28;3240
518;28;3240;518;28;3576
518;28;3576;518;28;3230
518;28;2618;518;28;2620
518;28;2620;518;28;2618
518;28;2642;518;28;2644
518;28;2644;518;28;3266
518;28;3266;518;28;2642
518;28;2464;518;28;3228
518;28;3228;518;28;2464
518;28;2648;518;28;2650
518;28;2650;518;28;2652
518;28;2652;518;28;2654
518;28;2654;518;28;2656
518;28;2656;518;28;2648
518;28;2600;518;28;2602
518;28;2602;518;28;2604
518;28;2604;518;28;2614
518;28;2614;518;28;2600
518;28;2592;518;28;2594
518;28;2594;518;28;2606
518;28;2606;518;28;2592
518;28;2658;518;28;2666
518;28;2666;518;28;2668
518;28;2668;518;28;2670
518;28;2670;518;28;2672
518;28;2672;518;28;3514
518;28;3514;518;28;2658
518;28;3238;518;28;3242
518;28;3242;518;28;3244
518;28;3244;518;28;3238
518;28;3234;518;28;3236
518;28;3236;518;28;3234
518;28;2500;518;28;2502
518;28;2502;518;28;2500
518;28;2496;518;28;2498
518;28;2498;518;28;2496
518;28;2488;518;28;2528
518;28;2528;518;28;2530
518;28;2530;518;28;2488
518;28;2492;518;28;2494
518;28;2494;518;28;2492
518;28;2552;518;28;2576
518;28;2576;518;28;2578
518;28;2578;518;28;3098
518;28;3098;518;28;3270
518;28;3270;518;28;2552
518;28;2486;518;28;2490
518;28;2490;518;28;2486
518;28;2632;518;28;2634
518;28;2634;518;28;2632
518;28;2478;518;28;2510
518;28;2510;518;28;2478
518;28;2428;518;28;2472
518;28;2472;518;28;2428
518;28;2686;518;28;2688
518;28;2688;518;28;2686
518;28;2426;518;28;2440
518;28;2440;518;28;2444
518;28;2444;518;28;2450
518;28;2450;518;28;2426
518;28;2676;518;28;2682
518;28;2682;518;28;2684
518;28;2684;518;28;3518
518;28;3518;518;28;2676
518;28;2554;518;28;2558
518;28;2558;518;28;2574
518;28;2574;518;28;2554
518;28;2582;518;28;2612
518;28;2612;518;28;2582
518;28;2660;518;28;2662
518;28;2662;518;28;2664
518;28;2664;518;28;2660
518;28;2480;518;28;2482
518;28;2482;518;28;3506
518;28;3506;518;28;2480
518;28;2520;518;28;2522
518;28;2522;518;28;2520
518;28;2466;518;28;2468
518;28;2468;518;28;2466
518;28;2896;518;28;2898
518;28;2898;518;28;2900
518;28;2900;518;28;3542
518;28;3542;518;28;2896
518;28;2922;518;28;2924
518;28;2924;518;28;2932
518;28;2932;518;28;3138
518;28;3138;518;28;2922
518;28;3538;518;28;3540
518;28;3540;518;28;3538
518;28;3128;518;28;3130
518;28;3130;518;28;3128
518;28;2912;518;28;2914
518;28;2914;518;28;2912
518;28;2892;518;28;2894
518;28;2894;518;28;2892
518;28;2906;518;28;2910
518;28;2910;518;28;3136
518;28;3136;518;28;3544
518;28;3544;518;28;2906
518;28;198;518;28;748
518;28;748;518;28;198
518;28;199;518;28;3463
518;28;3463;518;28;199
518;28;201;518;28;923
518;28;923;518;28;201
518;28;2916;518;28;2918
518;28;2918;518;28;2920
518;28;2920;518;28;2916
518;28;2928;518;28;2930
518;28;2930;518;28;2928
518;28;3132;518;28;3134
518;28;3134;518;28;3132
518;28;2904;518;28;2908
518;28;2908;518;28;2904
518;28;2800;518;28;2802
518;28;2802;518;28;2800
518;28;2826;518;28;2828
518;28;2828;518;28;2830
518;28;2830;518;28;3217
518;28;3217;518;28;2826
518;28;2850;518;28;2852
518;28;2852;518;28;2850
518;28;2854;518;28;2856
518;28;2856;518;28;2854
518;28;47;518;28;209
518;28;209;518;28;327
518;28;327;518;28;333
518;28;333;518;28;47
518;28;81;518;28;210
518;28;210;518;28;1225
518;28;1225;518;28;81
518;28;48;518;28;211
518;28;211;518;28;361
518;28;361;518;28;48
518;28;49;518;28;140
518;28;140;518;28;216
518;28;216;518;28;49
518;28;50;518;28;219
518;28;219;518;28;1110
518;28;1110;518;28;50
518;28;51;518;28;221
518;28;221;518;28;2411
518;28;2411;518;28;51
518;28;52;518;28;1145
518;28;1145;518;28;52
518;28;53;518;28;2410
518;28;2410;518;28;53
518;28;2842;518;28;2844
518;28;2844;518;28;2842
518;28;2832;518;28;2834
518;28;2834;518;28;2836
518;28;2836;518;28;2832
518;28;2822;518;28;2824
518;28;2824;518;28;2822
518;28;2838;518;28;2840
518;28;2840;518;28;2838
518;28;2808;518;28;2814
518;28;2814;518;28;2818
518;28;2818;518;28;2820
518;28;2820;518;28;2808
518;28;2862;518;28;2864
518;28;2864;518;28;2862
518;28;2866;518;28;2868
518;28;2868;518;28;2870
518;28;2870;518;28;2872
518;28;2872;518;28;2866
518;28;207;518;28;1610
518;28;1610;518;28;207
518;28;212;518;28;1070
518;28;1070;518;28;212
518;28;215;518;28;341
518;28;341;518;28;343
518;28;343;518;28;215
518;28;220;518;28;1391
518;28;1391;518;28;220
518;28;222;518;28;394
518;28;394;518;28;222
518;28;2874;518;28;2876
518;28;2876;518;28;2878
518;28;2878;518;28;2874
518;28;2846;518;28;2848
518;28;2848;518;28;2846
518;28;2804;518;28;2806
518;28;2806;518;28;2804
518;28;2810;518;28;2812
518;28;2812;518;28;2816
518;28;2816;518;28;2810
518;28;2880;518;28;2882
518;28;2882;518;28;2884
518;28;2884;518;28;2880
518;28;2858;518;28;2860
518;28;2860;518;28;2858
518;28;2722;518;28;2728
518;28;2728;518;28;2734
518;28;2734;518;28;3120
518;28;3120;518;28;3578
518;28;3578;518;28;2722
518;28;2954;518;28;2958
518;28;2958;518;28;2954
518;28;2956;518;28;2960
518;28;2960;518;28;2956
518;28;3417;518;28;3419
518;28;3419;518;28;3417
518;28;2740;518;28;2742
518;28;2742;518;28;2744
518;28;2744;518;28;2748
518;28;2748;518;28;3580
518;28;3580;518;28;2740
518;28;2726;518;28;2732
518;28;2732;518;28;3524
518;28;3524;518;28;2726
518;28;2736;518;28;2738
518;28;2738;518;28;2736
518;28;344;518;28;1671
518;28;1671;518;28;344
518;28;345;518;28;1665
518;28;1665;518;28;345
518;28;346;518;28;1362
518;28;1362;518;28;346
518;28;348;518;28;443
518;28;443;518;28;348
518;28;349;518;28;1686
518;28;1686;518;28;349
518;28;350;518;28;1236
518;28;1236;518;28;350
518;28;351;518;28;984
518;28;984;518;28;351
518;28;352;518;28;478
518;28;478;518;28;1065
518;28;1065;518;28;352
518;28;353;518;28;2179
518;28;2179;518;28;353
518;28;59;518;28;148
518;28;148;518;28;355
518;28;355;518;28;59
518;28;1550;518;28;1552
518;28;1552;518;28;1550
518;28;2794;518;28;2796
518;28;2796;518;28;2794
518;28;2792;518;28;2798
518;28;2798;518;28;2792
518;28;777;518;28;789
518;28;789;518;28;777
518;28;291;518;28;790
518;28;790;518;28;291
518;28;745;518;28;792
518;28;792;518;28;745
518;28;793;518;28;2140
518;28;2140;518;28;793
518;28;2130;518;28;3461
518;28;3461;518;28;2130
518;28;574;518;28;683
518;28;683;518;28;574
518;28;2784;518;28;2786
518;28;2786;518;28;2790
518;28;2790;518;28;3530
518;28;3530;518;28;3532
518;28;3532;518;28;2784
518;28;1912;518;28;2087
518;28;2087;518;28;1912
518;28;1328;518;28;1330
518;28;1330;518;28;1328
518;28;1179;518;28;1331
518;28;1331;518;28;1179
518;28;1333;518;28;1925
518;28;1925;518;28;1333
518;28;1334;518;28;1417
518;28;1417;518;28;1334
518;28;3011;518;28;3016
518;28;3016;518;28;3011
518;28;1189;518;28;1196
518;28;1196;518;28;1866
518;28;1866;518;28;1189
518;28;1197;518;28;1940
518;28;1940;518;28;1197
518;28;1198;518;28;1268
518;28;1268;518;28;1270
518;28;1270;518;28;1198
518;28;1199;518;28;1898
518;28;1898;518;28;1900
518;28;1900;518;28;1199
518;28;1201;518;28;1204
518;28;1204;518;28;1201
518;28;911;518;28;913
518;28;913;518;28;911
518;28;915;518;28;1597
518;28;1597;518;28;915
518;28;919;518;28;3305
518;28;3305;518;28;919
518;28;921;518;28;3056
518;28;3056;518;28;921
518;28;3560;518;28;3562
518;28;3562;518;28;3560
518;28;3556;518;28;3558
518;28;3558;518;28;3556
518;28;3546;518;28;3548
518;28;3548;518;28;3546
518;28;3421;518;28;3423
518;28;3423;518;28;3421
518;28;3564;518;28;3566
518;28;3566;518;28;3564
518;28;3429;518;28;3437
518;28;3437;518;28;3429
518;28;3427;518;28;3439
518;28;3439;518;28;3550
518;28;3550;518;28;3554
518;28;3554;518;28;3427
518;28;3425;518;28;3435
518;28;3435;518;28;3552
518;28;3552;518;28;3425
518;28;3441;518;28;3445
518;28;3445;518;28;3441
518;28;3431;518;28;3433
518;28;3433;518;28;3431
518;28;3449;518;28;3451
518;28;3451;518;28;3449
518;28;2295;518;28;2297
518;28;2297;518;28;2295
518;28;2760;518;28;3528
518;28;3528;518;28;2760
518;28;1870;518;28;1873
518;28;1873;518;28;1870
518;28;776;518;28;1592
518;28;1592;518;28;776
518;28;744;518;28;3020
518;28;3020;518;28;744
518;28;3021;518;28;3460
518;28;3460;518;28;3021
518;28;708;518;28;764
518;28;764;518;28;708
518;28;766;518;28;796
518;28;796;518;28;766
518;28;767;518;28;775
518;28;775;518;28;767
518;28;768;518;28;1566
518;28;1566;518;28;768
518;28;288;518;28;770
518;28;770;518;28;288
518;28;743;518;28;772
518;28;772;518;28;743
518;28;1411;518;28;2136
518;28;2136;518;28;1411
518;28;1206;518;28;1217
518;28;1217;518;28;1206
518;28;2382;518;28;3081
518;28;3081;518;28;2382
518;28;2340;518;28;2383
518;28;2383;518;28;2340
518;28;2384;518;28;3075
518;28;3075;518;28;2384
518;28;2388;518;28;2396
518;28;2396;518;28;2388
518;28;2393;518;28;2395
518;28;2395;518;28;3078
518;28;3078;518;28;2393
518;28;3074;518;28;3079
518;28;3079;518;28;3074
518;28;2339;518;28;3080
518;28;3080;518;28;2339
518;28;1272;518;28;1880
518;28;1880;518;28;1272
518;28;1881;518;28;1902
518;28;1902;518;28;1881
518;28;1208;518;28;1885
518;28;1885;518;28;1208
518;28;417;518;28;1186
518;28;1186;518;28;3271
518;28;3271;518;28;417
518;28;188;518;28;2091
518;28;2091;518;28;188
518;28;1180;518;28;1325
518;28;1325;518;28;1180
518;28;462;518;28;1181
518;28;1181;518;28;1183
518;28;1183;518;28;462
518;28;1184;518;28;1852
518;28;1852;518;28;1184
518;28;1169;518;28;1185
518;28;1185;518;28;3178
518;28;3178;518;28;1169
518;28;1271;518;28;1888
518;28;1888;518;28;1271
518;28;1889;518;28;1901
518;28;1901;518;28;1889
518;28;1207;518;28;1893
518;28;1893;518;28;1207
518;28;1831;518;28;2182
518;28;2182;518;28;1831
518;28;3486;518;28;3488
518;28;3488;518;28;3486
518;28;611;518;28;678
518;28;678;518;28;611
518;28;666;518;28;679
518;28;679;518;28;666
518;28;650;518;28;684
518;28;684;518;28;650
518;28;638;518;28;686
518;28;686;518;28;638
518;28;580;518;28;691
518;28;691;518;28;580
518;28;415;518;28;1854
518;28;1854;518;28;1856
518;28;1856;518;28;415
518;28;1857;518;28;1863
518;28;1863;518;28;1857
518;28;1782;518;28;1784
518;28;1784;518;28;1782
518;28;1366;518;28;1796
518;28;1796;518;28;1366
518;28;363;518;28;1354
518;28;1354;518;28;363
518;28;1355;518;28;1651
518;28;1651;518;28;1355
518;28;1072;518;28;1357
518;28;1357;518;28;1072
518;28;141;518;28;1363
518;28;1363;518;28;141
518;28;1365;518;28;1778
518;28;1778;518;28;1365
518;28;1111;518;28;1367
518;28;1367;518;28;1369
518;28;1369;518;28;1111
518;28;1650;518;28;1662
518;28;1662;518;28;1650
518;28;1071;518;28;1663
518;28;1663;518;28;1071
518;28;1652;518;28;1656
518;28;1656;518;28;1652
518;28;1073;518;28;1657
518;28;1657;518;28;1073
518;28;2966;518;28;2970
518;28;2970;518;28;2990
518;28;2990;518;28;3160
518;28;3160;518;28;2966
518;28;2962;518;28;3158
518;28;3158;518;28;3258
518;28;3258;518;28;2962
518;28;3203;518;28;3213
518;28;3213;518;28;3203
518;28;2584;518;28;2610
518;28;2610;518;28;2584
518;28;3205;518;28;3211
518;28;3211;518;28;3205
518;28;2972;518;28;2976
518;28;2976;518;28;2988
518;28;2988;518;28;3144
518;28;3144;518;28;2972
518;28;2938;518;28;2978
518;28;2978;518;28;2938
518;28;3207;518;28;3209
518;28;3209;518;28;3207
518;28;3164;518;28;3166
518;28;3166;518;28;3164
518;28;2940;518;28;2964
518;28;2964;518;28;2940
518;28;2980;518;28;2982
518;28;2982;518;28;2984
518;28;2984;518;28;2986
518;28;2986;518;28;3156
518;28;3156;518;28;3215
518;28;3215;518;28;2980
518;28;3199;518;28;3201
518;28;3201;518;28;3199
518;28;360;518;28;1292
518;28;1292;518;28;360
518;28;1294;518;28;1647
518;28;1647;518;28;1294
518;28;1069;518;28;1295
518;28;1295;518;28;1069
518;28;339;518;28;1300
518;28;1300;518;28;339
518;28;371;518;28;448
518;28;448;518;28;1800
518;28;1800;518;28;371
518;28;1776;518;28;1780
518;28;1780;518;28;1776
518;28;334;518;28;1223
518;28;1223;518;28;334
518;28;335;518;28;1637
518;28;1637;518;28;2163
518;28;2163;518;28;335
518;28;336;518;28;358
518;28;358;518;28;336
518;28;337;518;28;1068
518;28;1068;518;28;337
518;28;1777;518;28;1787
518;28;1787;518;28;1777
518;28;1221;518;28;1276
518;28;1276;518;28;1221
518;28;357;518;28;1278
518;28;1278;518;28;357
518;28;1281;518;28;1284
518;28;1284;518;28;1281
518;28;2256;518;28;3404
518;28;3404;518;28;2256
518;28;365;518;28;1231
518;28;1231;518;28;365
518;28;1232;518;28;1690
518;28;1690;518;28;1232
518;28;1076;518;28;1233
518;28;1233;518;28;1076
518;28;143;518;28;1237
518;28;1237;518;28;1239
518;28;1239;518;28;143
518;28;1075;518;28;1684
518;28;1684;518;28;1075
518;28;1077;518;28;1679
518;28;1679;518;28;1077
518;28;700;518;28;3304
518;28;3304;518;28;700
518;28;277;518;28;702
518;28;702;518;28;277
518;28;821;518;28;2058
518;28;2058;518;28;2146
518;28;2146;518;28;821
518;28;844;518;28;2059
518;28;2059;518;28;844
518;28;820;518;28;850
518;28;850;518;28;2152
518;28;2152;518;28;820
518;28;843;518;28;852
518;28;852;518;28;843
518;28;819;518;28;2054
518;28;2054;518;28;819
518;28;842;518;28;2055
518;28;2055;518;28;842
518;28;824;518;28;857
518;28;857;518;28;824
518;28;847;518;28;860
518;28;860;518;28;847
518;28;869;518;28;871
518;28;871;518;28;2090
518;28;2090;518;28;869
518;28;872;518;28;2064
518;28;2064;518;28;872
518;28;873;518;28;889
518;28;889;518;28;873
518;28;874;518;28;2069
518;28;2069;518;28;874
518;28;829;518;28;875
518;28;875;518;28;877
518;28;877;518;28;829
518;28;2063;518;28;2073
518;28;2073;518;28;2063
518;28;887;518;28;2074
518;28;2074;518;28;887
518;28;2068;518;28;2075
518;28;2075;518;28;2068
518;28;828;518;28;2076
518;28;2076;518;28;3275
518;28;3275;518;28;828
518;28;890;518;28;1558
518;28;1558;518;28;890
518;28;830;518;28;1559
518;28;1559;518;28;830
518;28;287;518;28;757
518;28;757;518;28;287
518;28;721;518;28;758
518;28;758;518;28;721
518;28;742;518;28;761
518;28;761;518;28;742
518;28;3455;518;28;3466
518;28;3466;518;28;3455
518;28;286;518;28;1574
518;28;1574;518;28;286
518;28;719;518;28;1575
518;28;1575;518;28;719
518;28;741;518;28;1577
518;28;1577;518;28;741
518;28;281;518;28;3358
518;28;3358;518;28;281
518;28;278;518;28;3378
518;28;3378;518;28;278
518;28;3277;518;28;3379
518;28;3379;518;28;3277
518;28;624;518;28;718
518;28;718;518;28;728
518;28;728;518;28;624
518;28;592;518;28;3350
518;28;3350;518;28;592
518;28;3054;518;28;3351
518;28;3351;518;28;3054
518;28;3048;518;28;3352
518;28;3352;518;28;3048
518;28;620;518;28;910
518;28;910;518;28;3354
518;28;3354;518;28;620
518;28;714;518;28;724
518;28;724;518;28;714
518;28;725;518;28;2084
518;28;2084;518;28;725
518;28;726;518;28;1586
518;28;1586;518;28;726
518;28;727;518;28;733
518;28;733;518;28;727
518;28;3591;518;28;3593
518;28;3593;518;28;3591
518;28;1084;518;28;1306
518;28;1306;518;28;1084
518;28;150;518;28;709
518;28;709;518;28;150
518;28;152;518;28;797
518;28;797;518;28;152
518;28;2205;518;28;2209
518;28;2209;518;28;2205
518;28;1001;518;28;2206
518;28;2206;518;28;3481
518;28;3481;518;28;1001
518;28;1745;518;28;1764
518;28;1764;518;28;3595
518;28;3595;518;28;1745
518;28;1746;518;28;1760
518;28;1760;518;28;1746
518;28;1747;518;28;1756
518;28;1756;518;28;1747
518;28;1748;518;28;1751
518;28;1751;518;28;1748
518;28;3333;518;28;3337
518;28;3337;518;28;3333
518;28;807;518;28;2141
518;28;2141;518;28;807
518;28;808;518;28;3462
518;28;3462;518;28;808
518;28;1407;518;28;2137
518;28;2137;518;28;1407
518;28;2220;518;28;2224
518;28;2224;518;28;2220
518;28;2226;518;28;3375
518;28;3375;518;28;2226
518;28;1510;518;28;2230
518;28;2230;518;28;1510
518;28;1509;518;28;3376
518;28;3376;518;28;1509
518;28;493;518;28;549
518;28;549;518;28;493
518;28;1808;518;28;1810
518;28;1810;518;28;1808
518;28;3076;518;28;3090
518;28;3090;518;28;3076
518;28;1146;518;28;1321
518;28;1321;518;28;1146
518;28;460;518;28;1147
518;28;1147;518;28;460
518;28;399;518;28;1978
518;28;1978;518;28;399
518;28;400;518;28;995
518;28;995;518;28;997
518;28;997;518;28;400
518;28;366;518;28;981
518;28;981;518;28;2099
518;28;2099;518;28;366
518;28;982;518;28;1078
518;28;1078;518;28;982
518;28;144;518;28;987
518;28;987;518;28;144
518;28;375;518;28;989
518;28;989;518;28;375
518;28;990;518;28;1118
518;28;1118;518;28;990
518;28;992;518;28;1191
518;28;1191;518;28;992
518;28;386;518;28;993
518;28;993;518;28;386
518;28;961;518;28;974
518;28;974;518;28;961
518;28;969;518;28;976
518;28;976;518;28;969
518;28;329;518;28;977
518;28;977;518;28;329
518;28;978;518;28;1006
518;28;1006;518;28;978
518;28;979;518;28;1013
518;28;1013;518;28;979
518;28;395;518;28;1308
518;28;1308;518;28;2191
518;28;2191;518;28;395
518;28;396;518;28;456
518;28;456;518;28;2078
518;28;2078;518;28;396
518;28;401;518;28;1973
518;28;1973;518;28;401
518;28;404;518;28;482
518;28;482;518;28;484
518;28;484;518;28;404
518;28;2704;518;28;2706
518;28;2706;518;28;2708
518;28;2708;518;28;3114
518;28;3114;518;28;3116
518;28;3116;518;28;2704
518;28;1063;518;28;1726
518;28;1726;518;28;1063
518;28;1996;518;28;3283
518;28;3283;518;28;1996
518;28;488;518;28;1164
518;28;1164;518;28;1166
518;28;1166;518;28;488
518;28;621;518;28;1596
518;28;1596;518;28;621
518;28;1853;518;28;1929
518;28;1929;518;28;1853
518;28;1395;518;28;1399
518;28;1399;518;28;1395
518;28;451;518;28;1387
518;28;1387;518;28;1389
518;28;1389;518;28;451
518;28;1370;518;28;1390
518;28;1390;518;28;1370
518;28;372;518;28;1393
518;28;1393;518;28;372
518;28;376;518;28;2005
518;28;2005;518;28;376
518;28;1864;518;28;1868
518;28;1868;518;28;1864
518;28;2375;518;28;2377
518;28;2377;518;28;2375
518;28;2996;518;28;2997
518;28;2997;518;28;2996
518;28;450;518;28;1112
518;28;1112;518;28;1114
518;28;1114;518;28;450
518;28;1115;518;28;1394
518;28;1394;518;28;1115
518;28;142;518;28;444
518;28;444;518;28;3295
518;28;3295;518;28;142
518;28;145;518;28;479
518;28;479;518;28;145
518;28;2678;518;28;3222
518;28;3222;518;28;3516
518;28;3516;518;28;2678
518;28;2750;518;28;2756
518;28;2756;518;28;3526
518;28;3526;518;28;2750
518;28;173;518;28;1869
518;28;1869;518;28;173
518;28;194;518;28;1871
518;28;1871;518;28;194
518;28;1541;518;28;1543
518;28;1543;518;28;1541
518;28;2349;518;28;2357
518;28;2357;518;28;2349
518;28;1312;518;28;1317
518;28;1317;518;28;1312
518;28;1319;518;28;2202
518;28;2202;518;28;1319
518;28;1324;518;28;1913
518;28;1913;518;28;1324
518;28;2192;518;28;2199
518;28;2199;518;28;2192
518;28;588;518;28;3039
518;28;3039;518;28;3041
518;28;3041;518;28;3301
518;28;3301;518;28;588
518;28;3043;518;28;3061
518;28;3061;518;28;3043
518;28;615;518;28;3035
518;28;3035;518;28;615
518;28;3037;518;28;3046
518;28;3046;518;28;3037
518;28;3038;518;28;3052
518;28;3052;518;28;3038
518;28;187;518;28;1327
518;28;1327;518;28;187
518;28;1921;518;28;1923
518;28;1923;518;28;1921
518;28;1222;518;28;2165
518;28;2165;518;28;1222
518;28;2162;518;28;2166
518;28;2166;518;28;2162
518;28;1309;518;28;1313
518;28;1313;518;28;1309
518;28;2219;518;28;2222
518;28;2222;518;28;2219
518;28;716;518;28;730
518;28;730;518;28;716
518;28;731;518;28;737
518;28;737;518;28;731
518;28;1314;518;28;1981
518;28;1981;518;28;1314
518;28;476;518;28;1009
518;28;1009;518;28;1700
518;28;1700;518;28;476
518;28;1020;518;28;1701
518;28;1701;518;28;1020
518;28;1012;518;28;1042
518;28;1042;518;28;1012
518;28;1015;518;28;1707
518;28;1707;518;28;1015
518;28;1016;518;28;1059
518;28;1059;518;28;1016
518;28;1005;518;28;1703
518;28;1703;518;28;1005
518;28;180;518;28;1754
518;28;1754;518;28;180
518;28;1755;518;28;1769
518;28;1769;518;28;1755
518;28;1711;518;28;1739
518;28;1739;518;28;1711
518;28;1031;518;28;1712
518;28;1712;518;28;1031
518;28;883;518;28;2077
518;28;2077;518;28;883
518;28;880;518;28;884
518;28;884;518;28;880
518;28;430;518;28;848
518;28;848;518;28;882
518;28;882;518;28;430
518;28;2145;518;28;2151
518;28;2151;518;28;2145
518;28;429;518;28;825
518;28;825;518;28;429
518;28;833;518;28;902
518;28;902;518;28;833
518;28;300;518;28;898
518;28;898;518;28;300
518;28;485;518;28;1347
518;28;1347;518;28;485
518;28;1343;518;28;1348
518;28;1348;518;28;1343
518;28;1262;518;28;1350
518;28;1350;518;28;1262
518;28;1986;518;28;1989
518;28;1989;518;28;1986
518;28;2246;518;28;2248
518;28;2248;518;28;2246
518;28;1008;518;28;1057
518;28;1057;518;28;1008
518;28;367;518;28;1061
518;28;1061;518;28;367
518;28;1062;518;28;1723
518;28;1723;518;28;1062
518;28;1064;518;28;2178
518;28;2178;518;28;1064
518;28;1761;518;28;1765
518;28;1765;518;28;1761
518;28;1759;518;28;1768
518;28;1768;518;28;1759
518;28;3474;518;28;3479
518;28;3479;518;28;3474
518;28;2934;518;28;2936
518;28;2936;518;28;2934
518;28;2371;518;28;2391
518;28;2391;518;28;2371
518;28;943;518;28;3495
518;28;3495;518;28;943
518;28;939;518;28;945
518;28;945;518;28;939
518;28;3492;518;28;3494
518;28;3494;518;28;3492
518;28;933;518;28;937
518;28;937;518;28;933
518;28;1846;518;28;1849
518;28;1849;518;28;1846
518;28;177;518;28;1850
518;28;1850;518;28;177
518;28;2752;518;28;2754
518;28;2754;518;28;2752
518;28;179;518;28;1763
518;28;1763;518;28;179
518;28;1505;518;28;1507
518;28;1507;518;28;2213
518;28;2213;518;28;1505
518;28;3298;518;28;3299
518;28;3299;518;28;3298
518;28;1730;518;28;1737
518;28;1737;518;28;1730
518;28;1029;518;28;1731
518;28;1731;518;28;1029
518;28;1735;518;28;2047
518;28;2047;518;28;1735
518;28;1721;518;28;1736
518;28;1736;518;28;1721
518;28;1716;518;28;1738
518;28;1738;518;28;1716
518;28;1026;518;28;1081
518;28;1081;518;28;1026
518;28;1025;518;28;1743
518;28;1743;518;28;1025
518;28;1030;518;28;1717
518;28;1717;518;28;1030
518;28;2335;518;28;2373
518;28;2373;518;28;2335
518;28;62;518;28;2374
518;28;2374;518;28;62
518;28;2334;518;28;3368
518;28;3368;518;28;2334
518;28;815;518;28;1572
518;28;1572;518;28;815
518;28;2154;518;28;2155
518;28;2155;518;28;2154
518;28;2156;518;28;2158
518;28;2158;518;28;2156
518;28;295;518;28;816
518;28;816;518;28;295
518;28;296;518;28;428
518;28;428;518;28;296
518;28;186;518;28;2409
518;28;2409;518;28;186
518;28;690;518;28;3303
518;28;3303;518;28;690
518;28;3110;518;28;3112
518;28;3112;518;28;3110
518;28;2556;518;28;2566
518;28;2566;518;28;3108
518;28;3108;518;28;3504
518;28;3504;518;28;2556
518;28;3195;518;28;3197
518;28;3197;518;28;3195
518;28;1518;518;28;3622
518;28;3622;518;28;1518
518;28;24;518;28;60
518;28;60;518;28;24
518;28;2944;518;28;2950
518;28;2950;518;28;2944
518;28;2946;518;28;2952
518;28;2952;518;28;2946
518;28;2942;518;28;2948
518;28;2948;518;28;2942
518;28;780;518;28;1563
518;28;1563;518;28;780
518;28;781;518;28;814
518;28;814;518;28;781
518;28;782;518;28;1600
518;28;1600;518;28;782
518;28;427;518;28;784
518;28;784;518;28;427
518;28;785;518;28;866
518;28;866;518;28;785
518;28;787;518;28;1548
518;28;1548;518;28;787
518;28;1583;518;28;1585
518;28;1585;518;28;1583
518;28;800;518;28;1599
518;28;1599;518;28;800
518;28;799;518;28;812
518;28;812;518;28;799
518;28;426;518;28;802
518;28;802;518;28;426
518;28;379;518;28;1372
518;28;1372;518;28;379
518;28;1833;518;28;2183
518;28;2183;518;28;1833
518;28;2716;518;28;2720
518;28;2720;518;28;2716
518;28;2694;518;28;2700
518;28;2700;518;28;2702
518;28;2702;518;28;2694
518;28;960;518;28;1602
518;28;1602;518;28;960
518;28;473;518;28;964
518;28;964;518;28;473
518;28;967;518;28;1603
518;28;1603;518;28;967
518;28;968;518;28;1607
518;28;1607;518;28;968
518;28;474;518;28;972
518;28;972;518;28;474
518;28;2286;518;28;3596
518;28;3596;518;28;2286
518;28;498;518;28;500
518;28;500;518;28;589
518;28;589;518;28;498
518;28;496;518;28;3062
518;28;3062;518;28;496
518;28;495;518;28;558
518;28;558;518;28;495
518;28;507;518;28;617
518;28;617;518;28;507
518;28;503;518;28;3047
518;28;3047;518;28;503
518;28;501;518;28;3053
518;28;3053;518;28;501
518;28;323;518;28;435
518;28;435;518;28;323
518;28;325;518;28;472
518;28;472;518;28;325
518;28;470;518;28;3356
518;28;3356;518;28;470
518;28;330;518;28;475
518;28;475;518;28;330
518;28;433;518;28;928
518;28;928;518;28;433
518;28;2212;518;28;2215
518;28;2215;518;28;2212
518;28;1508;518;28;2217
518;28;2217;518;28;1508
518;28;1224;518;28;1641
518;28;1641;518;28;1224
518;28;1049;518;28;1420
518;28;1420;518;28;1049
518;28;1052;518;28;1708
518;28;1708;518;28;1052
518;28;1044;518;28;1046
518;28;1046;518;28;1044
518;28;1007;518;28;1706
518;28;1706;518;28;1007
518;28;380;518;28;454
518;28;454;518;28;380
518;28;383;518;28;1397
518;28;1397;518;28;383
518;28;390;518;28;481
518;28;481;518;28;390
518;28;593;518;28;632
518;28;632;518;28;3055
518;28;3055;518;28;593
518;28;431;518;28;893
518;28;893;518;28;431
518;28;328;518;28;438
518;28;438;518;28;328
518;28;439;518;28;1002
518;28;1002;518;28;439
518;28;364;518;28;440
518;28;440;518;28;364
518;28;414;518;28;463
518;28;463;518;28;1416
518;28;1416;518;28;414
518;28;466;518;28;1845
518;28;1845;518;28;466
518;28;2762;518;28;2764
518;28;2764;518;28;2762
518;28;2766;518;28;2768
518;28;2768;518;28;2770
518;28;2770;518;28;2766
518;28;449;518;28;1802
518;28;1802;518;28;449
518;28;453;518;28;1194
518;28;1194;518;28;453
518;28;3443;518;28;3447
518;28;3447;518;28;3443
518;28;1972;518;28;1975
518;28;1975;518;28;1972
518;28;1618;518;28;1627
518;28;1627;518;28;1618
518;28;1611;518;28;1623
518;28;1623;518;28;1611
518;28;1621;518;28;1624
518;28;1624;518;28;1621
518;28;1626;518;28;1630
518;28;1630;518;28;1626
518;28;711;518;28;810
518;28;810;518;28;711
518;28;3465;518;28;3471
518;28;3471;518;28;3465
518;28;2772;518;28;2774
518;28;2774;518;28;2778
518;28;2778;518;28;2772
518;28;2347;518;28;2378
518;28;2378;518;28;2347
518;28;552;518;28;3332
518;28;3332;518;28;552
518;28;1004;518;28;1040
518;28;1040;518;28;1004
518;28;3534;518;28;3536
518;28;3536;518;28;3534
518;28;625;518;28;3597
518;28;3597;518;28;625
518;28;2115;518;28;3334
518;28;3334;518;28;2115
518;28;189;518;28;1916
518;28;1916;518;28;189
518;28;628;518;28;3049
518;28;3049;518;28;628
518;28;1638;518;28;1642
518;28;1642;518;28;1638
518;28;698;518;28;705
518;28;705;518;28;698
518;28;3331;518;28;3341
518;28;3341;518;28;3331
518;28;3328;518;28;3335
518;28;3335;518;28;3328
518;28;710;518;28;1561
518;28;1561;518;28;710
518;28;2780;518;28;2782
518;28;2782;518;28;2780
518;28;1396;518;28;1398
518;28;1398;518;28;1396
518;28;867;518;28;2159
518;28;2159;518;28;867
