CID;LID;NID;NAME;NCOMMENT
518;1;1852;亚洲;
518;1;1853;中国;
518;1;3283;广东省;
518;1;3284;深圳市;
518;1;5186;１０号干线;
518;1;5182;香港;
518;1;5187;１０号干线深圳出入口;
518;1;1920;Ｇ１０７;
518;1;1928;北环大道;
518;1;3716;北环大道Ｇ１０７入口匝道;
518;1;3701;北环大道南侧;
518;1;4318;北环大道南侧Ｇ１０７入口匝道;
518;1;3666;北环大道西侧;
518;1;3715;北环大道西侧Ｇ１０７入口匝道;
518;1;2347;宝安大道;
518;1;4759;广深公路;
518;1;1953;深南大道;
518;1;3208;泥岗西路;
518;1;1892;南海大道;
518;1;3218;科苑大道;
518;1;2761;沙河东路;
518;1;1881;南坪快速路;
518;1;4998;深云村出口;
518;1;3298;福龙路;
518;1;1883;新洲路;
518;1;1884;彩田路;
518;1;1885;皇岗路;
518;1;3411;金湖路;
518;1;1882;北环大道辅路;
518;1;5315;深圳南北环立交;
518;1;2982;三号路;
518;1;2070;南山大道;
518;1;2071;艺园路;
518;1;2074;铜鼓路;
518;1;2571;沙河西路;
518;1;2077;龙珠四路;
518;1;2078;侨香路;
518;1;3250;香梅路;
518;1;3251;景田路;
518;1;3253;梅村路;
518;1;3254;中康路;
518;1;3255;凯丰路;
518;1;1890;布心路;
518;1;2090;洪湖西路;
518;1;2012;沙湾路;
518;1;2249;文锦北路;
518;1;2092;翠竹路;
518;1;2093;东昌路;
518;1;2094;东晓路;
518;1;4731;沿河北路;
518;1;3307;布吉路;
518;1;4710;东黎街（莞长路）;
518;1;1933;新安二路;
518;1;1977;创业二路;
518;1;1935;新安五路;
518;1;1936;西乡大道;
518;1;1937;航城大道;
518;1;2107;洲石公路;
518;1;5312;凯成二路;
518;1;1939;机场二道;
518;1;1940;机场道;
518;1;1941;怀德南路;
518;1;4708;翠岗西路;
518;1;1944;福永大道;
518;1;1945;凤凰路;
518;1;1946;凤塘大道;
518;1;4709;兴业一路;
518;1;1949;创新路;
518;1;3340;新沙路;
518;1;5314;新桥立交桥;
518;1;3299;芙蓉西路;
518;1;3300;东方大道;
518;1;2374;沙江路;
518;1;2084;泥岗东路;
518;1;5321;红岭路;
518;1;2934;宝岗路;
518;1;3211;笋岗西路;
518;1;3131;八卦路;
518;1;3022;深南东路;
518;1;2005;爱国路;
518;1;2009;怡景路;
518;1;2022;黄贝路;
518;1;3646;沿河南路;
518;1;2941;人民南路;
518;1;3116;南湖路;
518;1;3118;江背路;
518;1;3123;东门南路;
518;1;2038;新安路;
518;1;3126;文锦南路;
518;1;3019;北斗路;
518;1;4948;沈海高速公路;
518;1;3279;横安路;
518;1;4793;人民四路;
518;1;1856;外环路;
518;1;3528;南浦路;
518;1;4958;京港澳高速公路;
518;1;3269;南光高速公路;
518;1;1980;松白公路;
518;1;5459;羊台山工业路;
518;1;1869;龙大高速公路;
518;1;1870;观澜大道;
518;1;4959;珠三角环线高速公路;
518;1;3581;平新北路;
518;1;3529;丹平路;
518;1;5180;排榜立交;
518;1;3641;荷坳服务区;
518;1;4738;深惠路;
518;1;3286;深汕公路;
518;1;4951;长深高速公路;
518;1;3289;丹梓中路;
518;1;5143;Ｓ３５８;
518;1;5322;百鸽路;
518;1;3573;吉政路;
518;1;1960;布沙路;
518;1;3578;布澜路;
518;1;3312;丹沙路;
518;1;5144;埔厦路;
518;1;5135;力嘉路;
518;1;5136;保安街;
518;1;5323;如意路;
518;1;5324;龙城大道;
518;1;5139;龙岗路;
518;1;2774;丰田路;
518;1;5140;吉祥一路;
518;1;5141;教育中路;
518;1;5325;富坪路;
518;1;3288;坪梓路;
518;1;5419;盐排高速公路;
518;1;5460;坤达服务区;
518;1;3290;水官高速公路;
518;1;3306;盐坝高速公路;
518;1;5418;梧桐山大道;
518;1;3567;福田南路;
518;1;2726;洪浪南路;
518;1;2057;益田路;
518;1;2170;国花路;
518;1;1876;清平高速公路;
518;1;2239;红岗路;
518;1;2363;西环路;
518;1;5463;出入口;
518;1;5151;坪辉路;
518;1;5227;盛宝路;
518;1;3492;龙翔大道;
518;1;3653;布龙收费站;
518;1;3292;红棉四路;
518;1;5266;罗沙路;
518;1;4918;西乡路;
518;1;4742;恩上公路;
518;1;3272;深盐路;
518;1;4973;洪安路;
518;1;5428;东海道;
518;1;3273;环梅路;
518;1;4812;Ｓ３６０;
518;1;3275;溪坪路;
518;1;4811;深葵公路;
518;1;4813;坪癸公路;
518;1;1976;宝石公路;
518;1;4779;根玉路;
518;1;4939;北环路;
518;1;4739;人民路;
518;1;5075;龙观路;
518;1;3591;新区大道;
518;1;3419;布龙路;
518;1;4771;龙胜路;
518;1;2382;工业路;
518;1;2940;和平路;
518;1;5329;宝石路;
518;1;5330;松白路;
518;1;1971;上川路;
518;1;5147;牛成村路;
518;1;1964;建安一路;
518;1;1965;前进一路;
518;1;1966;创业二路北一巷;
518;1;1967;公园路;
518;1;5331;怡园路南一巷;
518;1;1969;新安三路;
518;1;1970;大宝路;
518;1;4740;留仙一路;
518;1;1972;留仙二路;
518;1;1973;留仙三路;
518;1;3454;扬田路;
518;1;4782;平龙路;
518;1;4783;山厦路;
518;1;3378;益民路;
518;1;4798;天宝路;
518;1;1983;塘头大道;
518;1;5332;粤鹏路;
518;1;5333;宝石南路;
518;1;5334;龙大高速公路（宝石东路）;
518;1;3420;金运路;
518;1;3323;吉华路;
518;1;3421;雪围路;
518;1;3607;坂雪岗大道;
518;1;3423;民治大道;
518;1;3614;龙华路;
518;1;5336;大芬立交;
518;1;4899;湖西路;
518;1;5335;金坑大道;
518;1;5076;樟富路;
518;1;2967;人民北路;
518;1;3407;立新路;
518;1;2929;笋岗东路;
518;1;2969;晒布路;
518;1;3114;建设路;
518;1;3021;春风路;
518;1;2921;嘉宾路;
518;1;3243;前进二路;
518;1;5100;北八路;
518;1;1938;鹤洲路;
518;1;2103;光散科技工业园路;
518;1;2100;九围路;
518;1;5337;统庆工业园;
518;1;5338;泰安路;
518;1;4762;黄麻埔;
518;1;5277;滨河大道辅道;
518;1;3341;新沙街;
518;1;3379;同心路;
518;1;2213;深南中路;
518;1;3380;同福路;
518;1;3377;荔香街;
518;1;3178;东滨路;
518;1;2618;海德三道;
518;1;1891;滨海大道;
518;1;2662;高新南十道;
518;1;2659;白石路;
518;1;2668;高新南四道;
518;1;5110;朗山路;
518;1;2651;宝深路;
518;1;2752;龙珠大道;
518;1;2143;西丽南支路;
518;1;2756;珠光路;
518;1;2145;留仙大道;
518;1;2146;西丽路;
518;1;3563;同发路;
518;1;3271;同乐路;
518;1;2567;学府路;
518;1;2568;科技南一路;
518;1;2570;科技南路;
518;1;2762;深湾一路;
518;1;2763;深湾二路;
518;1;2764;深湾四路;
518;1;2765;深湾五路;
518;1;2766;侨城东路;
518;1;3220;红树林路;
518;1;2562;创业路;
518;1;2580;月亮湾大道;
518;1;2514;前海路;
518;1;2606;文心二路;
518;1;1929;后海大道;
518;1;2608;文心五路;
518;1;3431;龙城路;
518;1;3538;后海滨路;
518;1;3592;金龙路;
518;1;1912;梅龙路;
518;1;3580;秀峰路;
518;1;3574;东西干道;
518;1;5086;下李南路;
518;1;5087;平吉大道;
518;1;2059;金田路;
518;1;1993;红荔路;
518;1;2894;水围街;
518;1;3094;福民路;
518;1;4761;吉龙七街;
518;1;3020;滨河大道;
518;1;2177;福华三路;
518;1;2178;福华路;
518;1;2879;福华一路;
518;1;2181;福中三路;
518;1;2182;福中路;
518;1;2883;福中一路;
518;1;2062;福田路;
518;1;3238;福宁街;
518;1;3012;东湖路;
518;1;3007;金稻田路;
518;1;2994;太白路;
518;1;2006;文锦中路;
518;1;2007;华丽路;
518;1;2008;鸿业街;
518;1;2011;太宁路;
518;1;2283;爱华路;
518;1;2210;南园路;
518;1;3172;爱榕路;
518;1;2535;招商路;
518;1;3174;工业七路;
518;1;3175;荔园路;
518;1;3176;工业八路;
518;1;3177;工业九路;
518;1;3864;安托山九路;
518;1;5462;禾镰坑水库;
518;1;3128;八卦二路;
518;1;5327;上步路;
518;1;3130;八卦一路;
518;1;3404;八卦六街;
518;1;2223;八卦三路;
518;1;3050;八卦五街;
518;1;3403;八卦四路;
518;1;3514;八号路;
518;1;3219;望海路;
518;1;2544;蛇口新街;
518;1;5083;巴丁街;
518;1;3375;东园路;
518;1;3549;埔尾街;
518;1;3590;白龙路;
518;1;3442;玉龙路;
518;1;4233;滨海大道北侧;
518;1;4662;滨海大道北侧白石路上匝道;
518;1;4549;滨河大道南侧;
518;1;4661;滨河大道南侧白石路上匝道;
518;1;3569;百合路;
518;1;3568;百合三路;
518;1;2802;百花二路;
518;1;3414;百花五路;
518;1;3415;百花三路;
518;1;2917;百花六路;
518;1;2281;华强北路;
518;1;3413;百花四路;
518;1;3416;百花一路;
518;1;3831;南坪快速路北侧;
518;1;5341;南坪快速路北侧坂雪岗大道入口匝道;
518;1;3819;南坪快速路南侧;
518;1;5340;南坪快速路南侧坂雪岗大道入口匝道;
518;1;2928;宝安北路;
518;1;4476;泥岗东路宝安北路上匝道;
518;1;2930;桃园路;
518;1;2931;梅园路;
518;1;2932;梨园路;
518;1;3681;北环大道西侧宝安大道入口匝道;
518;1;2348;新安一路;
518;1;2350;兴华一路;
518;1;2351;创业一路;
518;1;2352;裕安一路;
518;1;3462;上川一路;
518;1;2355;海城路;
518;1;2357;固戍一路;
518;1;5342;凯成一路;
518;1;2360;兴华路;
518;1;5084;航站七路;
518;1;2362;下十围路;
518;1;3459;永和大道;
518;1;2365;福海大道;
518;1;4732;桥和路;
518;1;2368;南环路;
518;1;4733;新和大道;
518;1;5085;高速桥辅道;
518;1;3693;宝安大道南侧;
518;1;3668;北环大道东侧;
518;1;4311;北环大道东侧宝安大道南侧入口匝道;
518;1;2919;宝安南路;
518;1;2922;书城路;
518;1;2924;解放路;
518;1;2925;红宝路;
518;1;2926;红桂路;
518;1;3984;泥岗东路宝岗路上匝道;
518;1;4478;宝岗路东侧;
518;1;4479;泥岗东路南侧;
518;1;4477;泥岗东路南侧宝岗路东侧上匝道;
518;1;4824;宝民二路;
518;1;2328;流塘路;
518;1;2327;庄边路;
518;1;4823;宝民一路;
518;1;2731;裕安二路;
518;1;3665;松坪山路;
518;1;2386;宝源路;
518;1;2387;新安六路;
518;1;5343;共乐路;
518;1;3531;银田路;
518;1;5348;宝源南路;
518;1;3432;宝兴路;
518;1;2392;罗田路;
518;1;5053;北环大道安托山九路下匝道;
518;1;4415;福龙路北环大道入口匝道;
518;1;3873;福龙路东侧;
518;1;4395;福龙路东侧北环大道下匝道;
518;1;2869;宏威路;
518;1;3894;北环大道宏威路下匝道;
518;1;5431;景田北六街;
518;1;5430;北环大道景田北六街下匝道;
518;1;3743;朗山二号路;
518;1;5040;北环大道朗山二号路下匝道;
518;1;4841;龙珠大道北侧;
518;1;4842;北环大道龙珠大道北侧出口匝道;
518;1;1996;梅林路;
518;1;5034;北环大道梅林路下匝道;
518;1;3354;梅秀路;
518;1;3893;北环大道梅秀路下匝道;
518;1;3787;南海大道东侧;
518;1;4685;北环大道南海大道东侧出口匝道;
518;1;3829;南坪快速路东侧;
518;1;4897;北环大道南坪快速路东侧下匝道;
518;1;5010;北环大道南山大道下匝道;
518;1;3946;北环大道泥岗西路出口匝道;
518;1;5015;侨香路西侧;
518;1;5017;北环大道侨香路西侧下匝道;
518;1;5234;北环大道三号路出口匝道;
518;1;4533;沙河西路东侧;
518;1;5244;北环大道沙河西路东侧下匝道;
518;1;3875;北环大道香梅路下匝道;
518;1;4427;中康路东侧;
518;1;4426;北环大道中康路东侧下匝道;
518;1;5251;北环大道安;
518;1;5250;安托山九路东侧;
518;1;5252;北环大道安托山九路东侧出口匝道;
518;1;3703;北环大道北侧;
518;1;3724;北环大道北侧Ｇ１０７下匝道;
518;1;3705;Ｇ１０７东侧;
518;1;4320;北环大道北侧Ｇ１０７东侧出口匝道;
518;1;4433;彩田路东侧;
518;1;4668;北环大道北侧彩田路东侧出口匝道;
518;1;4387;福龙路北环大道北侧出口匝道;
518;1;4393;福龙路东侧北环大道北侧入口匝道;
518;1;3845;福龙路西侧;
518;1;5039;福龙路西侧北环大道北侧出口匝道;
518;1;4444;皇岗路东侧;
518;1;4445;北环大道北侧皇岗路东侧出口匝道;
518;1;4439;皇岗路西侧;
518;1;4448;北环大道北侧皇岗路西侧出口匝道;
518;1;5078;北环大道北侧凯丰路下匝道;
518;1;5432;北环大道北侧科苑大道下匝道;
518;1;5020;北环大道北侧龙珠四路下匝道;
518;1;4332;北环大道北侧南海大道出口匝道;
518;1;4659;北环大道北侧南海大道东侧出口匝道;
518;1;3730;南海大道西侧;
518;1;3757;北环大道北侧南海大道西侧出口匝道;
518;1;3749;南海大道中侧;
518;1;4344;北环大道北侧南海大道中侧出口匝道;
518;1;4375;南坪快速路东侧北环大道北侧入口匝道;
518;1;4331;北环大道北侧南山大道出口匝道;
518;1;4424;新洲路东侧;
518;1;4425;北环大道北侧新洲路东侧出口匝道;
518;1;3325;中山园路;
518;1;3774;北环大道北侧中山园路下匝道;
518;1;3669;北环大道东侧Ｇ１０７下匝道;
518;1;4316;Ｇ１０７西侧;
518;1;4317;北环大道东侧Ｇ１０７西侧出口匝道;
518;1;3954;金碧路;
518;1;4474;北环大道东侧金碧路下匝道;
518;1;4310;前海路西侧;
518;1;4309;北环大道东侧前海路西侧出口匝道;
518;1;3410;银湖路;
518;1;3944;北环大道东侧银湖路下匝道;
518;1;4363;北环大道辅路南侧;
518;1;4365;南坪快速路北环大道辅路南侧入口匝道;
518;1;4319;北环大道南侧Ｇ１０７东侧出口匝道;
518;1;4432;北环大道南侧彩田路东侧出口匝道;
518;1;4431;彩田路西侧;
518;1;4430;北环大道南侧彩田路西侧出口匝道;
518;1;4672;福龙路北环大道南侧出口匝道;
518;1;4417;福龙路东侧北环大道南侧入口匝道;
518;1;4925;北环大道南侧皇岗路西侧出口匝道;
518;1;5256;北环大道南侧金湖路下匝道;
518;1;2686;科技中二路;
518;1;3752;北环大道南侧科技中二路出口匝道;
518;1;4350;科技中二路西侧;
518;1;4351;北环大道南侧科技中二路西侧下匝道;
518;1;5433;北环大道南侧科苑大道下匝道;
518;1;3729;北环大道南侧南海大道出口匝道;
518;1;3788;北环大道南侧南海大道东侧出口匝道;
518;1;3731;北环大道南侧南海大道西侧出口匝道;
518;1;3751;北环大道南侧南海大道中侧出口匝道;
518;1;3812;北环大道南侧南坪快速路下匝道;
518;1;4933;北环大道南侧南坪快速路东侧上匝道;
518;1;4323;北环大道南侧南山大道下匝道;
518;1;5395;上步路西侧;
518;1;5434;北环大道南侧上步路西侧出口匝道;
518;1;3783;北环大道南侧铜鼓路下匝道;
518;1;4420;新洲路西侧;
518;1;4421;北环大道南侧新洲路西侧出口匝道;
518;1;3678;北环大道西侧宝安大道下匝道;
518;1;3689;宝安大道北侧;
518;1;3690;北环大道西侧宝安大道北侧出口匝道;
518;1;4313;宝安大道东侧;
518;1;4312;北环大道西侧宝安大道东侧出口匝道;
518;1;3694;北环大道西侧宝安大道南侧入口匝道;
518;1;3691;宝安大道中侧;
518;1;3692;北环大道西侧宝安大道中侧出口匝道;
518;1;4461;北环大道西侧泥岗西路出口匝道;
518;1;3948;泥岗西路西侧;
518;1;5066;北环大道西侧泥岗西路西侧上匝道;
518;1;3674;北环大道西侧前海路出口匝道;
518;1;3722;北环大道西侧月亮湾大道入口匝道;
518;1;3571;贝丽北路;
518;1;2252;田贝四路;
518;1;2253;水贝一路;
518;1;3394;水贝二路;
518;1;3400;贝丽南路;
518;1;2990;田贝一路;
518;1;3387;碧波一街;
518;1;5284;滨海深湾立交桥;
518;1;5283;滨海大道滨海深湾立交桥入口匝道;
518;1;4225;滨海大道南海大道东侧下匝道;
518;1;5282;滨海大道深湾五路出口匝道;
518;1;2004;桂庙路;
518;1;2569;科苑南路;
518;1;4866;滨海大道北侧白石路出口匝道;
518;1;4223;后海大道东侧;
518;1;4521;滨海大道北侧后海大道东侧下匝道;
518;1;5436;科苑大道东侧;
518;1;5435;滨海大道北侧科苑大道东侧下匝道;
518;1;4543;侨城东路东侧;
518;1;4542;滨海大道北侧侨城东路东侧下匝道;
518;1;4532;滨海大道北侧沙河西路东侧下匝道;
518;1;4539;深湾五路东侧;
518;1;4538;滨海大道北侧深湾五路东侧下匝道;
518;1;5149;滨海大道辅路;
518;1;5345;竹子林立交桥;
518;1;5344;滨海海滨立交桥;
518;1;5346;滨海沙河东立交桥;
518;1;5347;滨海侨城东立交;
518;1;4195;滨海大道南侧;
518;1;4865;滨海大道南侧白石路出口匝道;
518;1;4219;海德三道北侧;
518;1;4524;滨海大道南侧海德三道北侧下匝道;
518;1;2584;南光路;
518;1;4675;滨海大道南侧南光路下匝道;
518;1;4867;滨海大道南侧侨城东路出口匝道;
518;1;4202;沙河东路南;
518;1;4201;滨海大道南侧沙河东路南入口匝道;
518;1;5288;滨海大道南侧沙河西路下匝道;
518;1;4526;沙河西路西侧;
518;1;4527;滨海大道南侧沙河西路西侧下匝道;
518;1;1904;船步路;
518;1;4099;滨河大道船步路下匝道;
518;1;4602;华强南路西侧;
518;1;4601;滨河大道华强南路西侧下匝道;
518;1;3147;民田路;
518;1;4143;滨河大道民田路下匝道;
518;1;4149;滨河大道益田路下匝道;
518;1;5179;文锦南路（春风路高架桥）;
518;1;1898;香蜜湖路;
518;1;1931;沙嘴路;
518;1;1901;华强南路;
518;1;2066;上步南路;
518;1;3626;和平路（船步路高架桥）;
518;1;3627;船步路（春风路高架桥）;
518;1;4552;滨河大道北侧;
518;1;4590;滨河大道北侧道彩田路东侧下匝道;
518;1;3364;福祥街;
518;1;4600;滨河大道北侧福祥街下匝道;
518;1;4598;福星路东侧;
518;1;4597;滨河大道北侧福星路东侧下匝道;
518;1;4607;华强南路东侧;
518;1;4606;滨河大道北侧华强南路东侧下匝道;
518;1;4594;滨河大道北侧皇岗路东侧下匝道;
518;1;5396;上步路东侧;
518;1;5437;滨河大道北侧上步路东侧下匝道;
518;1;4555;深南大道南侧;
518;1;4554;滨河大道北侧深南大道南侧出口匝道;
518;1;3338;泰然一路;
518;1;4578;滨河大道北侧泰然一路下匝道;
518;1;4575;泰然一路东侧;
518;1;4574;滨河大道北侧泰然一路东侧下匝道;
518;1;4571;滨河大道北侧香蜜湖路下匝道;
518;1;2052;泰然九路;
518;1;2053;下沙大道;
518;1;5150;皇岗四街;
518;1;2063;福星路;
518;1;2065;华发南路;
518;1;3099;福强路;
518;1;4589;滨河大道南侧福强路下匝道;
518;1;4564;福强路西侧;
518;1;4563;滨河大道南侧福强路西侧下匝道;
518;1;4592;福田南路西侧;
518;1;4591;滨河大道南侧福田南路西侧下匝道;
518;1;5438;滨河大道南侧红岭路下匝道;
518;1;5439;红岭路东侧;
518;1;5440;滨河大道南侧红岭路东侧下匝道;
518;1;4577;沙嘴路西侧;
518;1;4576;滨河大道南侧沙嘴路西侧下匝道;
518;1;5441;滨河大道南侧上步路下匝道;
518;1;5443;滨河大道南侧上步路东侧出口匝道;
518;1;4560;下沙大道西侧;
518;1;4559;滨河大道南侧下沙大道西侧下匝道;
518;1;4582;滨河大道南侧新洲路西侧下匝道;
518;1;4091;滨河大道西侧;
518;1;4126;赤尾二街;
518;1;4599;滨河大道南侧赤尾二街下匝道;
518;1;5005;布吉路东侧;
518;1;4488;布心路北侧;
518;1;5006;布心路北侧布吉路东侧上匝道;
518;1;4266;布龙路北侧;
518;1;4267;南坪快速路布龙路北侧入口匝道;
518;1;4259;布龙路南侧;
518;1;4265;南坪快速路南侧布龙路南侧上匝道;
518;1;5193;布沙路南侧;
518;1;5188;丹平快速路;
518;1;5194;丹平快速路布沙路南侧入口匝道;
518;1;3001;东乐路;
518;1;4022;布心路东乐路下匝道;
518;1;5043;布吉路西侧;
518;1;5042;布心路北侧布吉路西侧下匝道;
518;1;4500;翠竹路东侧;
518;1;4501;布心路北侧翠竹路东侧下匝道;
518;1;4491;布心路南侧;
518;1;4935;贝丽北路西侧;
518;1;4934;布心路南侧贝丽北路西侧出口匝道;
518;1;4502;布心路南侧东晓路下匝道;
518;1;2176;福华五路;
518;1;5088;岗厦牌坊街;
518;1;2184;莲花路;
518;1;2185;莲花支路;
518;1;4437;北环大道南侧彩田路东侧入口匝道;
518;1;4435;北环大道南侧彩田路西侧入口匝道;
518;1;3327;茶光路;
518;1;5089;二十九号路;
518;1;4996;赤尾四街;
518;1;4997;滨河大道赤尾四街上匝道;
518;1;4627;船步路高架桥北侧;
518;1;4628;船步路高架桥北侧滨河大道北侧下匝道;
518;1;4085;船步路高架桥西侧;
518;1;4070;船步路东侧;
518;1;4095;船步路高架桥西侧船步路东侧下匝道;
518;1;2397;宝华路;
518;1;2398;新湖路;
518;1;2400;翻身路;
518;1;4058;春风路高架桥;
518;1;5273;春风路高架桥春风路上匝道;
518;1;3124;向西路;
518;1;3125;南极路;
518;1;4077;春风路高架桥船步路出口匝道;
518;1;4636;船步路南侧;
518;1;4635;春风路高架桥船步路南侧下匝道;
518;1;4820;翠山路;
518;1;5263;布心路翠竹路上匝道;
518;1;2989;东门北路;
518;1;4499;布心路南侧翠竹路东侧上匝道;
518;1;5349;宝安中学;
518;1;2728;洪浪北路;
518;1;3460;新安三路一巷;
518;1;2732;大宝路西一巷;
518;1;5295;大山路;
518;1;5208;丹平快速路西侧;
518;1;5304;丹平快速路西侧大山路上匝道;
518;1;5299;大山路北侧;
518;1;5300;丹平快速路大山路北侧入口匝道;
518;1;5190;布沙路北侧;
518;1;5192;丹平快速路布沙路北侧出口匝道;
518;1;5297;大山路南侧;
518;1;5298;丹平快速路大山路南侧出口匝道;
518;1;5289;丹平快速路丹沙路出口匝道;
518;1;5195;丹沙路西侧;
518;1;5197;丹平快速路丹沙路西侧出口匝道;
518;1;5305;平湖麻布路;
518;1;5306;丹平快速路平湖麻布路下匝道;
518;1;5205;深惠路北侧;
518;1;5207;丹平快速路深惠路北侧出口匝道;
518;1;5202;深惠路南侧;
518;1;5458;丹平快速路东侧深惠路南侧出口匝道;
518;1;5189;沙平南路;
518;1;5214;丹平快速路东侧;
518;1;5302;丹平快速路东侧大山路下匝道;
518;1;5290;丹平快速路东侧丹沙路出口匝道;
518;1;5204;丹平快速路深惠路南侧出口匝道;
518;1;5217;盛宝路南侧;
518;1;5219;丹平快速路东侧盛宝路南侧下匝道;
518;1;5209;丹平快速路西侧深惠路出口匝道;
518;1;5224;盛宝路北侧;
518;1;5225;丹平快速路西侧盛宝路北侧下匝道;
518;1;5222;丹平快速路西侧盛宝路南侧下匝道;
518;1;5199;丹平快速路丹沙路西侧入口匝道;
518;1;5291;丹竹头立交;
518;1;5293;丹竹头立交丹平快速路入口匝道;
518;1;5294;丹竹头立交深惠路出口匝道;
518;1;3386;德智路;
518;1;5269;沿河北路德智路上匝道;
518;1;2122;登良路;
518;1;2001;南新路;
518;1;5175;雅仕荔景苑;
518;1;5350;后海路;
518;1;2585;向南路;
518;1;5152;布心村;
518;1;3613;东环二路;
518;1;5352;龙观东路;
518;1;4745;东环一路;
518;1;4746;民清路;
518;1;3612;三联路;
518;1;5264;布心路北侧东乐路下匝道;
518;1;3389;太安路;
518;1;2978;东门中路;
518;1;5353;太阳岛大厦;
518;1;3382;湖贝路;
518;1;5091;政清路;
518;1;5354;东方半岛幼儿园;
518;1;5320;布心路东晓路上匝道;
518;1;4748;翠荫路;
518;1;5090;泰和花园;
518;1;4015;东晓路南侧;
518;1;4504;东晓路南侧布心路南侧上匝道;
518;1;3372;松岭路;
518;1;5465;上步路西;
518;1;3376;同心南路;
518;1;3304;海山路;
518;1;3434;湖滨中路;
518;1;3461;龙泉一路;
518;1;2494;新乐路;
518;1;2496;甲岸路;
518;1;5355;乐平路;
518;1;5356;自由路南一巷;
518;1;5357;海汇路;
518;1;2504;河东工业路;
518;1;3363;福安街;
518;1;3362;福庆街;
518;1;3570;福港路;
518;1;3158;福虹路;
518;1;5358;福新立交桥;
518;1;3148;中心二路;
518;1;3150;中心四路;
518;1;3151;中心五路;
518;1;3028;海田路;
518;1;3345;福华四路;
518;1;3365;福景路;
518;1;5054;北环大道福龙路上匝道;
518;1;4400;北环大道北侧福龙路入口匝道;
518;1;3855;北环大道南侧福龙路入口匝道;
518;1;3424;和平西路;
518;1;4658;福龙路和平西路下匝道;
518;1;4994;人民路南侧;
518;1;5055;福龙路人民路南侧出口匝道;
518;1;3491;上塘路;
518;1;4270;福龙路上塘路出口匝道;
518;1;4882;塘长路;
518;1;4993;福龙路塘长路出口匝道;
518;1;4378;福龙路香蜜湖路出口匝道;
518;1;4985;新区大道西侧;
518;1;4992;福龙路新区大道西侧出口匝道;
518;1;4418;北环大道福龙路东侧入口匝道;
518;1;4385;北环大道南侧福龙路东侧入口匝道;
518;1;4875;南坪快速路北侧福龙路东侧入口匝;
518;1;4283;南坪快速路南侧福龙路东侧入口匝道;
518;1;4932;福龙路东侧人民路下匝道;
518;1;4990;福龙路东侧新区大道出口匝道;
518;1;4405;福龙路西;
518;1;4406;北环大道北侧福龙路西入口匝道;
518;1;4407;福龙路西侧安托山九路出口匝道;
518;1;4381;北环大道福龙路西侧入口匝道;
518;1;4403;北环大道北侧福龙路西侧入口匝道;
518;1;4398;北环大道北南侧;
518;1;4399;北环大道南侧福龙路西侧入口匝道;
518;1;4936;福龙路西侧北环大道南侧下匝道;
518;1;4890;和平路北侧;
518;1;4892;福龙路西侧和平路北侧下匝道;
518;1;4285;南坪快速路福龙路西侧入口匝道;
518;1;4298;南坪快速路北侧福龙路西侧入口匝道;
518;1;4287;南坪快速路南侧福龙路西侧入口匝道;
518;1;3847;福龙路西侧香蜜湖路入口匝道;
518;1;4981;福龙路西侧新区大道出口匝道;
518;1;5359;石厦北二街;
518;1;3366;福明路;
518;1;2167;沙尾路;
518;1;2172;吉龙三街;
518;1;4566;福强路东侧;
518;1;4567;滨河大道北侧福强路东侧入口匝道;
518;1;4587;滨河大道南侧福强路东侧上匝道;
518;1;3067;福荣路;
518;1;4797;菩提路;
518;1;3435;金地十路;
518;1;4749;益田五路;
518;1;5360;福田保税区三号隧道;
518;1;4557;福荣路东侧;
518;1;4556;滨河大道南侧福荣路东侧上匝道;
518;1;4596;福田南路东侧;
518;1;4595;滨河大道南侧福田南路东侧上匝道;
518;1;3358;港莲路;
518;1;3360;深圳市莲南小学;
518;1;5361;畔山支路;
518;1;2516;港湾大道;
518;1;5092;南康路;
518;1;2518;松湖路;
518;1;2634;高新南九道;
518;1;5093;高新南环路;
518;1;5153;海怡东方花园;
518;1;2632;高新南十一道;
518;1;2671;科技南五路;
518;1;2672;科技南六路;
518;1;2674;科技南八路;
518;1;2675;科技南十路;
518;1;2636;高新南七道;
518;1;2683;高新中二道;
518;1;2685;科技中一路;
518;1;2687;科技中三路;
518;1;2641;高新中四道;
518;1;2643;高新中一道;
518;1;5095;工发路;
518;1;2205;振兴路;
518;1;3536;兴工路;
518;1;5228;中心路;
518;1;5096;公园北路;
518;1;2575;四海路;
518;1;2578;海月路;
518;1;3609;油松路;
518;1;3450;沿山路;
518;1;2113;工业三路;
518;1;3332;太子路;
518;1;2110;工业一路;
518;1;2329;新安四路;
518;1;2539;公园南路;
518;1;2542;蛇口老街;
518;1;5362;南水路;
518;1;5363;清湖路;
518;1;4758;桂花路;
518;1;5097;香樟道;
518;1;4706;福保隧道;
518;1;4757;凤凰道;
518;1;5364;椰风道;
518;1;3083;绒花路;
518;1;2812;桂园路;
518;1;3356;国威路;
518;1;2028;鹏兴路;
518;1;3561;仙桐御景;
518;1;3357;仙湖路;
518;1;2029;聚宝路;
518;1;2031;畔山路;
518;1;5098;海昌街;
518;1;3532;兴业路;
518;1;4216;滨海大道海德三道上匝道;
518;1;5154;海印长城二期;
518;1;3305;海景二路;
518;1;3557;海景路;
518;1;3556;金融路;
518;1;3558;东和路;
518;1;5366;临海路;
518;1;5232;梧桐路;
518;1;4586;海田路西侧;
518;1;4585;滨河大道北侧海田路西侧上匝道;
518;1;5367;阳光百货;
518;1;3369;航天路;
518;1;5368;火车站高架桥;
518;1;4891;福龙路东侧和平路北侧上匝道;
518;1;4633;和平路东侧;
518;1;4921;船步路高架桥北侧和平路东侧入口匝道;
518;1;4886;和平路南侧;
518;1;4888;福龙路和平路南侧上匝道;
518;1;4631;和平路西侧;
518;1;4630;船步路高架桥北侧和平路西侧入口匝道;
518;1;3552;河边路;
518;1;2243;粤宝路;
518;1;5156;宝清路;
518;1;2242;清水河一路;
518;1;5102;红岗路至清平高速公路;
518;1;2809;松园南街;
518;1;2811;桂园北路;
518;1;2800;华富路;
518;1;2803;燕南路;
518;1;2805;园岭东路;
518;1;2785;红荔西路;
518;1;2786;农林路;
518;1;2787;农轩路;
518;1;2788;农园路;
518;1;2792;景田东路;
518;1;5446;滨河大道南侧红岭路上匝道;
518;1;2226;金华街;
518;1;2232;园岭八街;
518;1;5444;红岭路西侧;
518;1;5447;滨河大道北侧红岭路西侧上匝道;
518;1;5445;泥岗西路红岭路西侧下匝道;
518;1;4182;滨海大道红树林路上匝道;
518;1;4429;宏威路东侧;
518;1;4428;北环大道南侧宏威路东侧上匝道;
518;1;2971;洪湖东路;
518;1;3409;洪湖二街;
518;1;4857;洪湖西路西侧;
518;1;4858;泥岗东路洪湖西路西侧上匝道;
518;1;4822;洪湖一街;
518;1;2563;海德一道;
518;1;4520;滨海大道南侧后海大道东侧上匝道;
518;1;3383;乐园路;
518;1;3190;华发北路;
518;1;3193;振华路;
518;1;3206;振中路;
518;1;2204;振华西路;
518;1;2207;华新路;
518;1;5382;华南路;
518;1;3441;民康路;
518;1;4772;永香西路;
518;1;4609;滨河大道南侧华强南路上匝道;
518;1;4608;滨河大道南侧华强南路东侧上匝道;
518;1;4605;滨河大道北侧华强南路西侧上匝道;
518;1;4442;北环大道皇岗路入口匝道;
518;1;5369;深南皇岗立交桥;
518;1;4447;北环大道皇岗路东侧入口匝道;
518;1;5255;北环大道皇岗路东侧上匝道;
518;1;4443;北环大道南侧皇岗路东侧入口匝道;
518;1;5254;北环大道南侧皇岗路东侧下匝道;
518;1;4440;北环大道北侧皇岗路西侧入口匝道;
518;1;4507;沿河北路西侧;
518;1;4506;沿河北路西侧黄贝路上匝道;
518;1;5103;航站四路;
518;1;5157;中海怡翠山庄;
518;1;3324;金鹏路;
518;1;5105;雪岗南路;
518;1;3606;贝尔路;
518;1;4814;五和大道;
518;1;3110;金塘街;
518;1;3466;万象街;
518;1;4760;海天路;
518;1;5466;宝安大道南;
518;1;2487;安乐二街;
518;1;2488;安乐一街;
518;1;2407;建安二路;
518;1;2340;湖滨路;
518;1;2958;人民公园路;
518;1;3396;友谊路;
518;1;5230;蛟湖路;
518;1;5231;人民公园;
518;1;2960;新园路;
518;1;4458;泥岗西路北侧;
518;1;4475;泥岗西路北侧金碧路上匝道;
518;1;4850;金碧路西侧;
518;1;4851;泥岗西路北侧金碧路西侧上匝道;
518;1;4821;稻花路;
518;1;3015;金地一路;
518;1;3517;宝洁路;
518;1;5106;沙深路;
518;1;2546;金世纪路;
518;1;5011;北环大道京港澳高速公路上匝道;
518;1;5118;京港澳高速公路至百合三路;
518;1;5119;京港澳高速公路至福田南路;
518;1;2832;景田北街;
518;1;5448;北环大道景田北六街上匝道;
518;1;2824;新闻路;
518;1;5370;新景街;
518;1;2827;商报路;
518;1;2829;景田东一街;
518;1;2830;景田北一街;
518;1;2831;景田北三街;
518;1;5036;景田路东侧;
518;1;5038;北环大道景田路东侧上匝道;
518;1;3350;景田南路;
518;1;2864;景田西路;
518;1;3545;景田北五街;
518;1;5371;香丽大厦;
518;1;4765;莲塘路;
518;1;5372;梅东二路;
518;1;3351;梅华路;
518;1;2696;科发路;
518;1;2693;科技路;
518;1;2689;科华路;
518;1;2691;科伟路;
518;1;2692;科慧路;
518;1;5373;威新软件科技园;
518;1;2701;高新中三道;
518;1;3542;科园路;
518;1;5449;北环大道南侧科苑大道上匝道;
518;1;5111;朗山五号路;
518;1;5160;金汇球大厦;
518;1;5108;朗山二路;
518;1;5374;梦溪道;
518;1;5451;科苑大道西侧;
518;1;5450;滨海大道科苑大道西侧上匝道;
518;1;3780;北环大道北侧朗山二号路上匝道;
518;1;5109;朗山一路;
518;1;4766;朗山三号路;
518;1;5375;水木路;
518;1;5376;乌石头路;
518;1;5377;松坪山街;
518;1;3397;中兴路;
518;1;3141;展艺路;
518;1;3565;丽水路;
518;1;3566;学苑大道;
518;1;2868;雨田路;
518;1;4943;莲十路;
518;1;2848;林园东路;
518;1;3931;林园东路西侧;
518;1;3930;北环大道林园东路西侧入口匝道;
518;1;5229;洪浪北二路;
518;1;3564;丽山路;
518;1;4243;留仙大道南侧;
518;1;4929;南坪快速路南侧留仙大道西侧入口匝道;
518;1;3526;龙大高速公路深圳段;
518;1;4949;莞佛高速公路;
518;1;3642;石龙大道;
518;1;3268;光明大道;
518;1;4768;公常路;
518;1;5077;清泉路;
518;1;5246;龙珠八路;
518;1;5247;北环大道龙珠八路上匝道;
518;1;2753;龙井路;
518;1;2754;龙珠二路;
518;1;2755;龙珠三路;
518;1;2758;龙珠六路;
518;1;3469;龙珠七路;
518;1;4834;龙珠大道南侧;
518;1;4840;北环大道龙珠大道南侧入口匝道;
518;1;4836;南坪快速路龙珠大道南侧入口匝道;
518;1;3806;北环大道龙珠四路上匝道;
518;1;2026;罗芳路;
518;1;2027;延芳路;
518;1;2297;新秀路;
518;1;5267;沿河北路罗沙路上匝道;
518;1;4509;沿河北路东侧;
518;1;5379;沿河北路东侧罗沙路上匝道;
518;1;5378;罗沙仙湖立交桥;
518;1;5081;盘山路;
518;1;5116;梅坂大道;
518;1;3355;公安街;
518;1;3417;梅岗路;
518;1;3418;梅岗南街;
518;1;2200;梅丽路;
518;1;2647;一号路;
518;1;5033;北环大道梅林路上匝道;
518;1;2836;下梅林一街;
518;1;2837;梅山街;
518;1;2839;梅星路;
518;1;2840;龙尾路;
518;1;5380;梅东五路;
518;1;5381;梅东一路;
518;1;3598;民乐路;
518;1;3599;民旺路;
518;1;5383;富士康科技集团;
518;1;4583;滨河大道民田路上匝道;
518;1;5384;广电大厦;
518;1;5127;民治路;
518;1;5385;民乐立交;
518;1;3533;内环路;
518;1;3534;深圳湾海关;
518;1;2597;南头街;
518;1;4232;南光路北侧;
518;1;4231;滨海大道北侧南光路北侧上匝道;
518;1;3740;北环大道南海大道入口匝道;
518;1;4677;北环大道北侧南海大道入口匝道;
518;1;2109;港湾一路;
518;1;2111;工业二路;
518;1;2114;工业四路;
518;1;2115;工业五路;
518;1;5113;工业六路;
518;1;2121;华明路;
518;1;2593;海德二道;
518;1;4347;北环大道南海大道东侧入口匝道;
518;1;4928;北环大道北侧南海大道东侧入口匝道;
518;1;4330;北环大道南侧南海大道东侧入口匝道;
518;1;4870;滨海大道南海大道东侧入口匝道;
518;1;3769;北环大道南海大道西侧入口匝道;
518;1;3739;北环大道北侧南海大道西侧入口匝道;
518;1;5059;北环大道西侧南海大道西侧入口匝道;
518;1;5270;春风路高架桥南湖路入口匝道;
518;1;5271;南湖路西侧;
518;1;5274;春风路高架桥南湖路西侧上匝道;
518;1;2511;兴海大道;
518;1;5453;坂雪岗大道东侧;
518;1;5452;南坪快速路坂雪岗大道东侧出口匝道;
518;1;5130;北环大道南坪快速路出口匝道;
518;1;4354;南坪快速路北环大道辅路出口匝道;
518;1;4302;福龙路东侧南坪快速路入口匝道;
518;1;4847;建工北路;
518;1;4849;南坪快速路建工北路下匝道;
518;1;5060;南坪快速路京港澳高速公路下匝道;
518;1;5062;京港澳高速公路西侧;
518;1;5061;南坪快速路京港澳高速公路西侧下匝道;
518;1;4975;南坪快速路珠三角环线高速公路上匝道;
518;1;4701;坂松岗大道;
518;1;5429;南坪快速路北侧坂雪岗大道出口匝道;
518;1;4291;福龙路南坪快速路北侧入口匝道;
518;1;4295;福龙路东侧南坪快速路北侧入口匝道;
518;1;4296;福龙路西侧南坪快速路北侧入口匝道;
518;1;4306;留仙大道东侧;
518;1;4305;南坪快速路北侧留仙大道东侧出口匝道;
518;1;4252;玉龙路东侧;
518;1;4282;南坪快速路北侧玉龙路东侧出口匝道;
518;1;4260;南坪快速路东侧布龙路南侧出口匝道;
518;1;3839;南坪快速路东侧龙珠大道出口匝道;
518;1;5454;南坪快速路南侧坂雪岗大道出口匝道;
518;1;4367;南坪快速路东侧北环大道辅路南侧出口匝道;
518;1;4930;福龙路南坪快速路南侧入口匝道;
518;1;4931;福龙路东侧南坪快速路南侧入口匝道;
518;1;4304;福龙路西侧南坪快速路南侧入口匝道;
518;1;4278;南坪快速路南侧玉龙路东侧出口匝道;
518;1;4251;南坪快速路西侧;
518;1;4848;南坪快速路西侧建工北路下匝道;
518;1;4374;南坪快速路西侧龙珠大道出口匝道;
518;1;5071;三角环线高速公路;
518;1;4977;南坪快速路西侧珠三角环线高速公路下匝道;
518;1;2301;深云路;
518;1;4361;南坪快速路西侧深云路出口匝道;
518;1;4253;南坪快速路西侧玉龙路东侧出口匝道;
518;1;2598;红花路;
518;1;2600;玉泉路;
518;1;3712;南山大道东侧;
518;1;4327;北环大道南侧南山大道东侧上匝道;
518;1;3708;南山大道西侧;
518;1;5012;北环大道南山大道西侧上匝道;
518;1;4321;北环大道北侧南山大道西侧上匝道;
518;1;3472;水湾路;
518;1;4481;宝岗路西侧;
518;1;4480;泥岗东路宝岗路西侧下匝道;
518;1;5317;泥岗东路布心路上匝道;
518;1;4855;红岗路东侧;
518;1;4856;泥岗东路红岗路东侧下匝道;
518;1;3990;泥岗东路洪湖西路下匝道;
518;1;4483;泥岗东路北侧;
518;1;4482;泥岗东路北侧宝岗路东侧下匝道;
518;1;5064;泥岗东路南侧布吉路西侧下匝道;
518;1;4484;泥岗东路南侧布心路出口匝道;
518;1;3979;泥岗西路八卦路下匝道;
518;1;5257;泥岗西路梅岗路出口匝道;
518;1;5455;泥岗西路上步路出口匝道;
518;1;5259;泥岗西路北侧梅岗路出口匝道;
518;1;5456;泥岗西路北侧上步路西侧出口匝道;
518;1;4465;北环大道东侧泥岗西路西侧入口匝道;
518;1;2772;香林路;
518;1;2775;泽田路;
518;1;2780;香轩路;
518;1;2783;润田路;
518;1;5386;仙湖山庄;
518;1;4784;平湖大街;
518;1;5387;东深公路;
518;1;4781;横岭二街;
518;1;5307;丹平快速路平湖麻布路上匝道;
518;1;5115;富安大道;
518;1;5388;粮库一号路;
518;1;3583;新木路;
518;1;5389;福田保税区一号隧道;
518;1;4915;银桂道;
518;1;4796;金桂道;
518;1;3667;北环大道西侧前海路入口匝道;
518;1;3535;棉山路;
518;1;1921;沿湖路;
518;1;2325;宝田一路;
518;1;2339;龙井二路;
518;1;4785;新圳路;
518;1;2336;兴华二路;
518;1;2333;宝民一路一巷;
518;1;4868;滨海大道南侧侨城东路入口匝道;
518;1;3476;锦绣街;
518;1;4541;侨城东路西侧;
518;1;4540;滨海大道北侧侨城东路西侧上匝道;
518;1;3807;北环大道侨香路入口匝道;
518;1;2300;香山西街;
518;1;5461;华侨城医院;
518;1;5351;清富路;
518;1;4268;南坪快速路清平高速公路入口匝道;
518;1;3385;清平路;
518;1;5067;福龙路西侧人民路入口匝道;
518;1;4884;人民路北侧;
518;1;4885;福龙路东侧人民路北侧上匝道;
518;1;4995;福龙路西侧人民路南侧出口匝道;
518;1;5237;北环大道三号路入口匝道;
518;1;5248;南坪快速路三号路上匝道;
518;1;3398;兴湖路;
518;1;5019;北环大道南侧沙河东路上匝道;
518;1;5233;百安居;
518;1;2736;白石三道;
518;1;2737;白石二道;
518;1;2739;石洲北路;
518;1;2741;新中路;
518;1;2742;新塘街;
518;1;4203;沙河东路西侧;
518;1;4534;滨海大道北侧沙河东路西侧上匝道;
518;1;5022;北环大道北侧沙河西路上匝道;
518;1;5286;滨海大道沙河西路上匝道;
518;1;5014;北环大道沙河西路东侧上匝道;
518;1;4869;滨海大道南侧沙河西路东侧上匝道;
518;1;3554;海涛路;
518;1;3303;沙盐路;
518;1;5391;沙头角公路－石涌凹段;
518;1;5392;祝福路;
518;1;5163;望桐路;
518;1;3555;官下路;
518;1;3017;新洲九街;
518;1;4580;沙嘴路东侧;
518;1;4579;滨河大道南侧沙嘴路东侧上匝道;
518;1;2856;商报东路;
518;1;5393;北环新洲立交桥;
518;1;2859;景田南三街;
518;1;2860;景田南四街;
518;1;5399;北环大道东侧上步路入口匝道;
518;1;2218;园岭四街;
518;1;5397;北环大道东侧上步路东侧入口匝道;
518;1;3962;泥岗西路南侧;
518;1;5398;泥岗西路南侧上步路东侧入口匝道;
518;1;5394;滨河大道南侧上步路西侧入口匝道;
518;1;4791;川安路;
518;1;5400;翻身小区八巷;
518;1;2462;自由路;
518;1;2551;石云路;
518;1;2552;渔村路;
518;1;2553;湾厦路;
518;1;5213;丹平快速路深惠路入口匝道;
518;1;5201;丹平快速路深惠路出口匝道;
518;1;5215;丹平快速路东侧深惠路入口匝道;
518;1;5216;丹平快速路西侧深惠路入口匝道;
518;1;5211;丹平快速路深惠路南侧入口匝道;
518;1;3670;北环大道东侧深南大道上匝道;
518;1;4792;侨城西街;
518;1;4650;深南东路北侧;
518;1;5457;沿河北路东侧深南东路北侧上匝道;
518;1;4648;深南东路南侧;
518;1;4516;沿河南路西侧;
518;1;4647;沿河南路西侧深南东路南侧上匝道;
518;1;2280;中航路;
518;1;5281;滨海大道深湾五路入口匝道;
518;1;4537;深湾五路西侧;
518;1;4536;滨海大道北侧深湾五路西侧上匝道;
518;1;3652;北山道;
518;1;5226;丹平快速路东侧盛宝路北侧上匝道;
518;1;5221;丹平快速路东侧盛宝路南侧上匝道;
518;1;5223;丹平快速路西侧盛宝路南侧上匝道;
518;1;3344;石厦街;
518;1;5401;福民路（石厦北二街）;
518;1;4111;滨河大道松岭路上匝道;
518;1;5402;上田大厦;
518;1;3406;松园北街;
518;1;3405;松园路;
518;1;2998;东盛路;
518;1;3336;泰然八路;
518;1;3337;泰然七路;
518;1;4940;滨河大道泰然九路入口匝道;
518;1;3334;泰然四路;
518;1;3335;泰然六路;
518;1;4573;泰然一路西侧;
518;1;4572;滨河大道北侧泰然一路西侧上匝道;
518;1;5068;福龙路西侧塘长路入口匝道;
518;1;4978;塘长路东侧;
518;1;4980;福龙路西侧塘长路东侧入口匝道;
518;1;2626;常兴路;
518;1;3401;田贝三路;
518;1;3381;同德路;
518;1;3480;文华路;
518;1;3408;童乐路;
518;1;5167;海欣花园;
518;1;5183;文锦渡路;
518;1;4641;文锦南路西侧;
518;1;4640;沿河南路文锦南路西侧入口匝道;
518;1;3562;宝丽路;
518;1;3445;Ｙ１３４;
518;1;5403;宝安立交;
518;1;3879;北环大道北侧下梅林一街上匝道;
518;1;4562;下沙大道东侧;
518;1;4561;滨河大道南侧下沙大道东侧上匝道;
518;1;4807;景田南七街;
518;1;2817;香蜜南四街;
518;1;5279;滨河大道香蜜湖路入口匝道;
518;1;5280;香蜜湖路滨河大道辅道出口匝道;
518;1;4569;香蜜湖路西侧;
518;1;4568;滨河大道南侧香蜜湖路西侧入口匝道;
518;1;5405;丽景阁;
518;1;2442;公园路东一巷;
518;1;5406;宝安文化艺术馆;
518;1;5407;怡园路东二巷;
518;1;3446;宝龙艺术学校;
518;1;2448;民窑花园三巷;
518;1;2409;锦花路;
518;1;2410;新安四路一巷;
518;1;5328;新安西路;
518;1;4808;雅兰路;
518;1;4809;金兰路;
518;1;4810;和丰路;
518;1;4987;福龙路新区大道入口匝道;
518;1;3593;石龙路;
518;1;4989;福龙路东侧新区大道西侧入口匝道;
518;1;4986;福龙路西侧新区大道西侧入口匝道;
518;1;5184;新深路;
518;1;2853;景田南五街;
518;1;3342;新洲三街;
518;1;3343;新洲二街;
518;1;5079;北环大道新洲路上匝道;
518;1;2191;新洲六街;
518;1;4423;北环大道南新洲路东侧入口匝道;
518;1;4584;滨河大道南侧新洲路东侧上匝道;
518;1;4422;北环大道北侧新洲路西侧入口匝道;
518;1;4581;滨河大道北侧新洲路西侧上匝道;
518;1;3537;连洋路;
518;1;2507;碧海路;
518;1;2509;港航路;
518;1;5146;康乐路;
518;1;5326;海秀路;
518;1;5427;特蕾新裕锦幼儿园;
518;1;2479;安乐三街;
518;1;5123;裕安路;
518;1;5171;创世纪滨海花园;
518;1;5415;沿河北路东侧沿河北路下匝道;
518;1;5414;罗沙路南侧;
518;1;5417;沿河北路东侧罗沙路南侧下匝道;
518;1;4510;沿河北路西侧德智路下匝道;
518;1;5416;沿河北路西侧深南东路北侧下匝道;
518;1;4055;沿河南路北斗路出口匝道;
518;1;4080;春风路高架桥沿河南路上匝道;
518;1;4639;春风路高架桥东侧;
518;1;4638;春风路高架桥东侧沿河南路入口匝道;
518;1;4057;沿河南路东门南路出口匝道;
518;1;4047;沿河南路延芳路下匝道;
518;1;4034;沿河南路南侧;
518;1;4645;沿河南路南侧延芳路下匝道;
518;1;5412;沿河南路沿河南路西侧入口匝道;
518;1;5410;沿河南路至东门南路;
518;1;5241;北环大道艺园路入口匝道;
518;1;5009;北环大道银湖路上匝道;
518;1;5420;田园居别墅;
518;1;4454;银湖路西侧;
518;1;4455;北环大道北侧银湖路西侧上匝道;
518;1;4453;北环大道南侧银湖路西侧入口匝道;
518;1;5422;玉龙立交;
518;1;4248;玉龙路西侧;
518;1;4280;南坪快速路玉龙路西侧入口匝道;
518;1;4281;南坪快速路北侧玉龙路西侧入口匝道;
518;1;4249;南坪快速路南侧玉龙路西侧入口匝道;
518;1;2681;泉园路;
518;1;5423;西海岸花园;
518;1;3453;五二队南四巷;
518;1;5424;怡景新邨;
518;1;2521;妈湾大道;
518;1;2522;兴海路;
518;1;5425;荔湾路;
518;1;3331;招商西路;
518;1;3167;花果路;
518;1;4817;雷岭路;
518;1;3042;兰海路;
518;1;3043;兰光路;
518;1;3045;甘泉路;
518;1;5173;通宝旧货市场;
518;1;3896;北环大道中康路上匝道;
518;1;3488;梅坳八路;
518;1;3326;铁二路;
518;1;5001;珠三角环线高速公路深圳段;
518;1;5002;黎光收费站;
518;1;1915;张衡路;
518;1;3294;观光路;
518;1;4911;黎岗村;
