CID;TABCD;LCD;NEG_OFF_LCD;POS_OFF_LCD
518;28;3408;;3409
518;28;3409;3408;
518;28;2448;;
518;28;2452;;
518;28;2454;;
518;28;77;;103
518;28;103;77;78
518;28;78;103;3573
518;28;3573;78;
518;28;1405;;27
518;28;27;1405;28
518;28;28;27;3610
518;28;3610;28;29
518;28;29;3610;30
518;28;30;29;3218
518;28;3218;30;31
518;28;31;3218;32
518;28;32;31;33
518;28;33;32;34
518;28;34;33;35
518;28;35;34;36
518;28;36;35;
518;28;224;;225
518;28;225;224;226
518;28;226;225;227
518;28;227;226;228
518;28;228;227;229
518;28;229;228;230
518;28;230;229;231
518;28;231;230;232
518;28;232;231;233
518;28;233;232;234
518;28;234;233;3574
518;28;3574;234;
518;28;2088;;235
518;28;235;2088;236
518;28;236;235;237
518;28;237;236;238
518;28;238;237;239
518;28;239;238;240
518;28;240;239;2089
518;28;2089;240;
518;28;258;;259
518;28;259;258;260
518;28;260;259;261
518;28;261;260;262
518;28;262;261;263
518;28;263;262;
518;28;3391;;38
518;28;38;3391;39
518;28;39;38;
518;28;3571;;83
518;28;83;3571;84
518;28;84;83;85
518;28;85;84;86
518;28;86;85;87
518;28;87;86;88
518;28;88;87;104
518;28;104;88;89
518;28;89;104;90
518;28;90;89;91
518;28;91;90;92
518;28;92;91;94
518;28;94;92;95
518;28;95;94;96
518;28;96;95;97
518;28;97;96;99
518;28;99;97;100
518;28;100;99;102
518;28;102;100;1499
518;28;1499;102;1500
518;28;1500;1499;1501
518;28;1501;1500;1502
518;28;1502;1501;
518;28;253;;255
518;28;255;253;256
518;28;256;255;
518;28;3388;;3389
518;28;3389;3388;
518;28;3386;;37
518;28;37;3386;
518;28;248;;249
518;28;249;248;250
518;28;250;249;251
518;28;251;250;
518;28;3604;;193
518;28;193;3604;194
518;28;194;193;195
518;28;195;194;
518;28;3395;;57
518;28;57;3395;
518;28;185;;186
518;28;186;185;187
518;28;187;186;188
518;28;188;187;189
518;28;189;188;190
518;28;190;189;191
518;28;191;190;192
518;28;192;191;
518;28;3393;;55
518;28;55;3393;56
518;28;56;55;
518;28;1458;;5
518;28;5;1458;6
518;28;6;5;7
518;28;7;6;16
518;28;16;7;1498
518;28;1498;16;17
518;28;17;1498;3606
518;28;3606;17;18
518;28;18;3606;19
518;28;19;18;20
518;28;20;19;3008
518;28;3008;20;1459
518;28;1459;3008;1460
518;28;1460;1459;2104
518;28;2104;1460;1461
518;28;1461;2104;1465
518;28;1465;1461;1469
518;28;1469;1465;1470
518;28;1470;1469;1471
518;28;1471;1470;
518;28;106;;3383
518;28;3383;106;
518;28;107;;108
518;28;108;107;109
518;28;109;108;110
518;28;110;109;1524
518;28;1524;110;1525
518;28;1525;1524;1526
518;28;1526;1525;1527
518;28;1527;1526;1528
518;28;1528;1527;1529
518;28;1529;1528;1530
518;28;1530;1529;1531
518;28;1531;1530;1532
518;28;1532;1531;1533
518;28;1533;1532;1534
518;28;1534;1533;1535
518;28;1535;1534;1536
518;28;1536;1535;1537
518;28;1537;1536;1538
518;28;1538;1537;2109
518;28;2109;1538;
518;28;1466;;1467
518;28;1467;1466;
518;28;1479;;3607
518;28;3607;1479;1480
518;28;1480;3607;1481
518;28;1481;1480;1482
518;28;1482;1481;
518;28;3322;;3323
518;28;3323;3322;3605
518;28;3605;3323;
518;28;8;;9
518;28;9;8;2994
518;28;2994;9;10
518;28;10;2994;11
518;28;11;10;12
518;28;12;11;2991
518;28;2991;12;13
518;28;13;2991;14
518;28;14;13;
518;28;67;;68
518;28;68;67;1431
518;28;1431;68;3608
518;28;3608;1431;69
518;28;69;3608;
518;28;2292;;3454
518;28;3454;2292;
518;28;2293;;2294
518;28;2294;2293;2295
518;28;2295;2294;
518;28;1473;;2413
518;28;2413;1473;3360
518;28;3360;2413;1475
518;28;1475;3360;1476
518;28;1476;1475;1477
518;28;1477;1476;2095
518;28;2095;1477;
518;28;2415;;2416
518;28;2416;2415;2417
518;28;2417;2416;3192
518;28;3192;2417;1452
518;28;1452;3192;1453
518;28;1453;1452;1454
518;28;1454;1453;1455
518;28;1455;1454;1456
518;28;1456;1455;1457
518;28;1457;1456;3169
518;28;3169;1457;
518;28;1447;;2993
518;28;2993;1447;1448
518;28;1448;2993;2406
518;28;2406;1448;1449
518;28;1449;2406;2407
518;28;2407;1449;1450
518;28;1450;2407;
518;28;3066;;3067
518;28;3067;3066;3068
518;28;3068;3067;2319
518;28;2319;3068;2320
518;28;2320;2319;2321
518;28;2321;2320;2322
518;28;2322;2321;
518;28;127;;128
518;28;128;127;130
518;28;130;128;131
518;28;131;130;
518;28;113;;114
518;28;114;113;115
518;28;115;114;116
518;28;116;115;117
518;28;117;116;118
518;28;118;117;119
518;28;119;118;120
518;28;120;119;121
518;28;121;120;122
518;28;122;121;123
518;28;123;122;124
518;28;124;123;126
518;28;126;124;
518;28;2289;;2290
518;28;2290;2289;
518;28;3584;;318
518;28;318;3584;133
518;28;133;318;134
518;28;134;133;135
518;28;135;134;136
518;28;136;135;138
518;28;138;136;3366
518;28;3366;138;
518;28;2034;;2035
518;28;2035;2034;2036
518;28;2036;2035;2037
518;28;2037;2036;2038
518;28;2038;2037;2039
518;28;2039;2038;2040
518;28;2040;2039;2041
518;28;2041;2040;2042
518;28;2042;2041;2043
518;28;2043;2042;2044
518;28;2044;2043;2045
518;28;2045;2044;2046
518;28;2046;2045;
518;28;1513;;1514
518;28;1514;1513;1515
518;28;1515;1514;1516
518;28;1516;1515;1517
518;28;1517;1516;1519
518;28;1519;1517;
518;28;3184;;1172
518;28;1172;3184;1173
518;28;1173;1172;
518;28;1150;;1151
518;28;1151;1150;1152
518;28;1152;1151;1153
518;28;1153;1152;1154
518;28;1154;1153;1155
518;28;1155;1154;
518;28;265;;266
518;28;266;265;267
518;28;267;266;270
518;28;270;267;271
518;28;271;270;272
518;28;272;271;273
518;28;273;272;274
518;28;274;273;275
518;28;275;274;2303
518;28;2303;275;2304
518;28;2304;2303;
518;28;1633;;1634
518;28;1634;1633;1635
518;28;1635;1634;
518;28;1835;;1836
518;28;1836;1835;1837
518;28;1837;1836;1840
518;28;1840;1837;
518;28;2048;;2049
518;28;2049;2048;303
518;28;303;2049;304
518;28;304;303;305
518;28;305;304;306
518;28;306;305;307
518;28;307;306;308
518;28;308;307;309
518;28;309;308;310
518;28;310;309;311
518;28;311;310;312
518;28;312;311;313
518;28;313;312;314
518;28;314;313;3582
518;28;3582;314;316
518;28;316;3582;3583
518;28;3583;316;
518;28;751;;752
518;28;752;751;753
518;28;753;752;754
518;28;754;753;755
518;28;755;754;949
518;28;949;755;950
518;28;950;949;951
518;28;951;950;952
518;28;952;951;953
518;28;953;952;954
518;28;954;953;1413
518;28;1413;954;1414
518;28;1414;1413;
518;28;2132;;2133
518;28;2133;2132;
518;28;789;;790
518;28;790;789;791
518;28;791;790;792
518;28;792;791;793
518;28;793;792;794
518;28;794;793;2130
518;28;2130;794;3473
518;28;3473;2130;
518;28;2343;;2344
518;28;2344;2343;
518;28;2275;;2276
518;28;2276;2275;3384
518;28;3384;2276;2278
518;28;2278;3384;2281
518;28;2281;2278;2282
518;28;2282;2281;
518;28;1087;;1088
518;28;1088;1087;1089
518;28;1089;1088;1090
518;28;1090;1089;1091
518;28;1091;1090;1092
518;28;1092;1091;1093
518;28;1093;1092;1094
518;28;1094;1093;1095
518;28;1095;1094;1096
518;28;1096;1095;1097
518;28;1097;1096;1098
518;28;1098;1097;1099
518;28;1099;1098;
518;28;1105;;1106
518;28;1106;1105;1107
518;28;1107;1106;1108
518;28;1108;1107;
518;28;1211;;1212
518;28;1212;1211;1213
518;28;1213;1212;1214
518;28;1214;1213;
518;28;157;;158
518;28;158;157;159
518;28;159;158;160
518;28;160;159;161
518;28;161;160;162
518;28;162;161;163
518;28;163;162;
518;28;1819;;1820
518;28;1820;1819;1821
518;28;1821;1820;
518;28;773;;916
518;28;916;773;1373
518;28;1373;916;1374
518;28;1374;1373;1375
518;28;1375;1374;1376
518;28;1376;1375;
518;28;3181;;3182
518;28;3182;3181;
518;28;1337;;1338
518;28;1338;1337;1340
518;28;1340;1338;1339
518;28;1339;1340;
518;28;1968;;1969
518;28;1969;1968;
518;28;1401;;1402
518;28;1402;1401;1403
518;28;1403;1402;1404
518;28;1404;1403;
518;28;1255;;1256
518;28;1256;1255;1257
518;28;1257;1256;1258
518;28;1258;1257;1259
518;28;1259;1258;
518;28;1955;;1956
518;28;1956;1955;1957
518;28;1957;1956;
518;28;1959;;1960
518;28;1960;1959;1961
518;28;1961;1960;
518;28;1963;;1964
518;28;1964;1963;1965
518;28;1965;1964;1966
518;28;1966;1965;
518;28;2127;;2128
518;28;2128;2127;
518;28;2186;;2187
518;28;2187;2186;2188
518;28;2188;2187;
518;28;2309;;2310
518;28;2310;2309;
518;28;2890;;
518;28;2888;;
518;28;3171;;3172
518;28;3172;3171;
518;28;3307;;3308
518;28;3308;3307;
518;28;2016;;2017
518;28;2017;2016;2018
518;28;2018;2017;2019
518;28;2019;2018;
518;28;2013;;2014
518;28;2014;2013;
518;28;2024;;2025
518;28;2025;2024;
518;28;2008;;2009
518;28;2009;2008;2010
518;28;2010;2009;2011
518;28;2011;2010;
518;28;2027;;2028
518;28;2028;2027;
518;28;2021;;2022
518;28;2022;2021;
518;28;3148;;
518;28;3146;;
518;28;3083;;3086
518;28;3086;3083;3087
518;28;3087;3086;
518;28;2710;;
518;28;1132;;1133
518;28;1133;1132;1134
518;28;1134;1133;1135
518;28;1135;1134;1136
518;28;1136;1135;
518;28;2442;;
518;28;1406;;2092
518;28;2092;1406;521
518;28;521;2092;523
518;28;523;521;524
518;28;524;523;525
518;28;525;524;526
518;28;526;525;527
518;28;527;526;528
518;28;528;527;529
518;28;529;528;530
518;28;530;529;531
518;28;531;530;532
518;28;532;531;533
518;28;533;532;534
518;28;534;533;535
518;28;535;534;536
518;28;536;535;537
518;28;537;536;538
518;28;538;537;539
518;28;539;538;540
518;28;540;539;541
518;28;541;540;542
518;28;542;541;543
518;28;543;542;544
518;28;544;543;545
518;28;545;544;546
518;28;546;545;547
518;28;547;546;
518;28;2432;;
518;28;1123;;1124
518;28;1124;1123;1125
518;28;1125;1124;1126
518;28;1126;1125;1127
518;28;1127;1126;1128
518;28;1128;1127;1129
518;28;1129;1128;1130
518;28;1130;1129;
518;28;2712;;
518;28;2399;;1139
518;28;1139;2399;1140
518;28;1140;1139;1141
518;28;1141;1140;1142
518;28;1142;1141;
518;28;2714;;
518;28;3030;;3031
518;28;3031;3030;3032
518;28;3032;3031;3033
518;28;3033;3032;
518;28;3024;;3025
518;28;3025;3024;3026
518;28;3026;3025;3027
518;28;3027;3026;3028
518;28;3028;3027;
518;28;2422;;2423
518;28;2423;2422;2424
518;28;2424;2423;
518;28;561;;562
518;28;562;561;563
518;28;563;562;2112
518;28;2112;563;2113
518;28;2113;2112;3344
518;28;3344;2113;
518;28;567;;566
518;28;566;567;569
518;28;569;566;3588
518;28;3588;569;
518;28;1227;;1228
518;28;1228;1227;1229
518;28;1229;1228;
518;28;3510;;
518;28;2608;;
518;28;2616;;
518;28;2638;;
518;28;3246;;
518;28;3254;;
518;28;3104;;
518;28;3250;;
518;28;2636;;
518;28;2524;;
518;28;3100;;
518;28;3224;;
518;28;2690;;
518;28;3232;;
518;28;3500;;
518;28;3576;;
518;28;2618;;
518;28;2642;;
518;28;3512;;
518;28;2464;;
518;28;2460;;
518;28;2656;;
518;28;2598;;
518;28;2600;;
518;28;2606;;
518;28;2670;;
518;28;2666;;
518;28;3266;;
518;28;3242;;
518;28;3236;;
518;28;2502;;
518;28;2496;;
518;28;2530;;
518;28;2494;;
518;28;2576;;
518;28;2486;;
518;28;2634;;
518;28;2510;;
518;28;2428;;
518;28;2456;;
518;28;2688;;
518;28;2444;;
518;28;2682;;
518;28;2554;;
518;28;2458;;
518;28;2650;;
518;28;2648;;
518;28;2580;;
518;28;2582;;
518;28;2664;;
518;28;3518;;
518;28;2498;;
518;28;2512;;
518;28;2516;;
518;28;2480;;
518;28;2522;;
518;28;2490;;
518;28;2492;;
518;28;2548;;
518;28;3106;;
518;28;2468;;
518;28;2698;;
518;28;3244;;
518;28;2630;;
518;28;2438;;
518;28;2440;;
518;28;2436;;
518;28;2450;;
518;28;2446;;
518;28;2684;;
518;28;2686;;
518;28;2434;;
518;28;2472;;
518;28;1908;;1909
518;28;1909;1908;1910
518;28;1910;1909;2262
518;28;2262;1910;
518;28;1942;;1943
518;28;1943;1942;
518;28;1876;;1877
518;28;1877;1876;
518;28;3542;;
518;28;2924;;
518;28;3540;;
518;28;155;;41
518;28;41;155;79
518;28;79;41;80
518;28;80;79;42
518;28;42;80;3609
518;28;3609;42;43
518;28;43;3609;44
518;28;44;43;
518;28;3130;;
518;28;2922;;
518;28;2912;;
518;28;2894;;
518;28;2910;;
518;28;2898;;
518;28;196;;197
518;28;197;196;198
518;28;198;197;199
518;28;199;198;200
518;28;200;199;201
518;28;201;200;202
518;28;202;201;203
518;28;203;202;204
518;28;204;203;205
518;28;205;204;
518;28;3128;;
518;28;2920;;
518;28;2930;;
518;28;3132;;
518;28;2906;;
518;28;2904;;
518;28;2914;;
518;28;2802;;
518;28;2830;;
518;28;2850;;
518;28;2856;;
518;28;46;;47
518;28;47;46;81
518;28;81;47;48
518;28;48;81;82
518;28;82;48;49
518;28;49;82;50
518;28;50;49;51
518;28;51;50;52
518;28;52;51;53
518;28;53;52;54
518;28;54;53;
518;28;2842;;
518;28;2828;;
518;28;2832;;
518;28;2822;;
518;28;2838;;
518;28;2808;;
518;28;2886;;
518;28;2862;;
518;28;2866;;
518;28;2872;;
518;28;206;;207
518;28;207;206;208
518;28;208;207;209
518;28;209;208;210
518;28;210;209;211
518;28;211;210;212
518;28;212;211;213
518;28;213;212;214
518;28;214;213;215
518;28;215;214;216
518;28;216;215;217
518;28;217;216;218
518;28;218;217;219
518;28;219;218;220
518;28;220;219;221
518;28;221;220;222
518;28;222;221;2085
518;28;2085;222;
518;28;2878;;
518;28;2848;;
518;28;2840;;
518;28;2818;;
518;28;2806;;
518;28;2868;;
518;28;2816;;
518;28;2810;;
518;28;2880;;
518;28;2860;;
518;28;2834;;
518;28;2734;;
518;28;2958;;
518;28;2956;;
518;28;3419;;
518;28;2748;;
518;28;2732;;
518;28;2738;;
518;28;2726;;
518;28;2740;;
518;28;343;;344
518;28;344;343;345
518;28;345;344;346
518;28;346;345;347
518;28;347;346;348
518;28;348;347;349
518;28;349;348;350
518;28;350;349;351
518;28;351;350;352
518;28;352;351;353
518;28;353;352;354
518;28;354;353;355
518;28;355;354;
518;28;2654;;
518;28;2652;;
518;28;1552;;1553
518;28;1553;1552;1554
518;28;1554;1553;
518;28;3217;;
518;28;3362;;3363
518;28;3363;3362;
518;28;2796;;
518;28;2798;;
518;28;570;;571
518;28;571;570;572
518;28;572;571;573
518;28;573;572;574
518;28;574;573;575
518;28;575;574;
518;28;3532;;
518;28;2086;;2087
518;28;2087;2086;1330
518;28;1330;2087;1331
518;28;1331;1330;1332
518;28;1332;1331;1333
518;28;1333;1332;1334
518;28;1334;1333;1335
518;28;1335;1334;
518;28;2784;;
518;28;2786;;
518;28;3015;;3016
518;28;3016;3015;
518;28;3524;;
518;28;1196;;1197
518;28;1197;1196;1198
518;28;1198;1197;1199
518;28;1199;1198;1200
518;28;1200;1199;1201
518;28;1201;1200;
518;28;2736;;
518;28;913;;914
518;28;914;913;915
518;28;915;914;917
518;28;917;915;918
518;28;918;917;919
518;28;919;918;920
518;28;920;919;921
518;28;921;920;
518;28;3562;;
518;28;3558;;
518;28;3417;;
518;28;3556;;
518;28;3546;;
518;28;3421;;
518;28;3566;;
518;28;3429;;
518;28;3427;;
518;28;3411;;3412
518;28;3412;3411;3413
518;28;3413;3412;3414
518;28;3414;3413;3415
518;28;3415;3414;
518;28;3560;;
518;28;3548;;
518;28;3425;;
518;28;3441;;
518;28;3431;;
518;28;3449;;
518;28;3445;;
518;28;1521;;1522
518;28;1522;1521;1523
518;28;1523;1522;
518;28;3423;;
518;28;3552;;
518;28;3554;;
518;28;3528;;
518;28;1873;;1874
518;28;1874;1873;
518;28;1591;;1592
518;28;1592;1591;1593
518;28;1593;1592;1594
518;28;1594;1593;
518;28;3189;;2134
518;28;2134;3189;3020
518;28;3020;2134;3021
518;28;3021;3020;
518;28;764;;765
518;28;765;764;766
518;28;766;765;767
518;28;767;766;768
518;28;768;767;769
518;28;769;768;770
518;28;770;769;771
518;28;771;770;772
518;28;772;771;1411
518;28;1411;772;1412
518;28;1412;1411;
518;28;1216;;1217
518;28;1217;1216;1218
518;28;1218;1217;1219
518;28;1219;1218;
518;28;3590;;2382
518;28;2382;3590;2383
518;28;2383;2382;2384
518;28;2384;2383;2385
518;28;2385;2384;2388
518;28;2388;2385;
518;28;3078;;3079
518;28;3079;3078;3080
518;28;3080;3079;3081
518;28;3081;3080;
518;28;3580;;
518;28;1880;;1881
518;28;1881;1880;
518;28;1884;;1885
518;28;1885;1884;
518;28;3271;;1189
518;28;1189;3271;1190
518;28;1190;1189;
518;28;2091;;1178
518;28;1178;2091;1179
518;28;1179;1178;1180
518;28;1180;1179;1181
518;28;1181;1180;
518;28;1183;;1184
518;28;1184;1183;1185
518;28;1185;1184;1186
518;28;1186;1185;
518;28;3273;;2272
518;28;2272;3273;2273
518;28;2273;2272;
518;28;2742;;
518;28;1888;;1889
518;28;1889;1888;1890
518;28;1890;1889;
518;28;1892;;1893
518;28;1893;1892;1894
518;28;1894;1893;1895
518;28;1895;1894;3007
518;28;3007;1895;
518;28;2744;;
518;28;2401;;2402
518;28;2402;2401;
518;28;1830;;1831
518;28;1831;1830;1832
518;28;1832;1831;
518;28;3488;;3489
518;28;3489;3488;
518;28;674;;676
518;28;676;674;677
518;28;677;676;678
518;28;678;677;679
518;28;679;678;680
518;28;680;679;681
518;28;681;680;683
518;28;683;681;684
518;28;684;683;685
518;28;685;684;686
518;28;686;685;687
518;28;687;686;688
518;28;688;687;691
518;28;691;688;
518;28;1856;;1857
518;28;1857;1856;1858
518;28;1858;1857;
518;28;1784;;1785
518;28;1785;1784;
518;28;2260;;2261
518;28;2261;2260;
518;28;1796;;1797
518;28;1797;1796;
518;28;1354;;1355
518;28;1355;1354;1356
518;28;1356;1355;1357
518;28;1357;1356;1358
518;28;1358;1357;1359
518;28;1359;1358;1360
518;28;1360;1359;1361
518;28;1361;1360;1362
518;28;1362;1361;1363
518;28;1363;1362;1364
518;28;1364;1363;1365
518;28;1365;1364;1366
518;28;1366;1365;1367
518;28;1367;1366;
518;28;1661;;1662
518;28;1662;1661;1663
518;28;1663;1662;1664
518;28;1664;1663;1665
518;28;1665;1664;
518;28;1667;;1668
518;28;1668;1667;
518;28;1670;;1671
518;28;1671;1670;
518;28;1655;;1656
518;28;1656;1655;1657
518;28;1657;1656;1658
518;28;1658;1657;1659
518;28;1659;1658;
518;28;1793;;1794
518;28;1794;1793;
518;28;3256;;
518;28;2590;;
518;28;2594;;
518;28;2990;;
518;28;3258;;
518;28;2962;;
518;28;3213;;
518;28;2584;;
518;28;3211;;
518;28;1490;;1491
518;28;1491;1490;3193
518;28;3193;1491;2050
518;28;2050;3193;3006
518;28;3006;2050;1492
518;28;1492;3006;
518;28;2592;;
518;28;2596;;
518;28;3144;;
518;28;2938;;
518;28;2966;;
518;28;3209;;
518;28;2614;;
518;28;2610;;
518;28;2602;;
518;28;2612;;
518;28;2604;;
518;28;2588;;
518;28;3166;;
518;28;2964;;
518;28;2980;;
518;28;2972;;
518;28;2586;;
518;28;3201;;
518;28;1292;;1294
518;28;1294;1292;1295
518;28;1295;1294;1296
518;28;1296;1295;1300
518;28;1300;1296;
518;28;1799;;1800
518;28;1800;1799;
518;28;1780;;1782
518;28;1782;1780;1781
518;28;1781;1782;
518;28;333;;334
518;28;334;333;335
518;28;335;334;336
518;28;336;335;337
518;28;337;336;338
518;28;338;337;339
518;28;339;338;340
518;28;340;339;341
518;28;341;340;
518;28;2876;;
518;28;2844;;
518;28;1787;;1788
518;28;1788;1787;
518;28;1275;;1276
518;28;1276;1275;1277
518;28;1277;1276;1278
518;28;1278;1277;1279
518;28;1279;1278;1280
518;28;1280;1279;1281
518;28;1281;1280;
518;28;2884;;
518;28;2256;;2257
518;28;2257;2256;2258
518;28;2258;2257;
518;28;2836;;
518;28;1791;;1790
518;28;1790;1791;
518;28;1775;;1776
518;28;1776;1775;1777
518;28;1777;1776;1778
518;28;1778;1777;
518;28;1231;;1232
518;28;1232;1231;1233
518;28;1233;1232;1234
518;28;1234;1233;1235
518;28;1235;1234;1236
518;28;1236;1235;1237
518;28;1237;1236;
518;28;1683;;1684
518;28;1684;1683;1685
518;28;1685;1684;1686
518;28;1686;1685;
518;28;1677;;1678
518;28;1678;1677;1679
518;28;1679;1678;1680
518;28;1680;1679;1681
518;28;1681;1680;
518;28;1771;;1772
518;28;1772;1771;1773
518;28;1773;1772;
518;28;700;;701
518;28;701;700;702
518;28;702;701;
518;28;2058;;2059
518;28;2059;2058;2060
518;28;2060;2059;
518;28;850;;851
518;28;851;850;852
518;28;852;851;853
518;28;853;852;854
518;28;854;853;
518;28;2054;;2055
518;28;2055;2054;2056
518;28;2056;2055;
518;28;856;;857
518;28;857;856;858
518;28;858;857;859
518;28;859;858;860
518;28;860;859;861
518;28;861;860;862
518;28;862;861;863
518;28;863;862;864
518;28;864;863;
518;28;871;;872
518;28;872;871;873
518;28;873;872;874
518;28;874;873;875
518;28;875;874;
518;28;2072;;2073
518;28;2073;2072;2074
518;28;2074;2073;2075
518;28;2075;2074;2076
518;28;2076;2075;
518;28;1557;;1558
518;28;1558;1557;1559
518;28;1559;1558;
518;28;1813;;1814
518;28;1814;1813;
518;28;2125;;757
518;28;757;2125;758
518;28;758;757;759
518;28;759;758;760
518;28;760;759;761
518;28;761;760;762
518;28;762;761;3455
518;28;3455;762;
518;28;2360;;2361
518;28;2361;2360;2362
518;28;2362;2361;2363
518;28;2363;2362;2364
518;28;2364;2363;2367
518;28;2367;2364;2368
518;28;2368;2367;3373
518;28;3373;2368;
518;28;2110;;1574
518;28;1574;2110;1575
518;28;1575;1574;1576
518;28;1576;1575;1577
518;28;1577;1576;
518;28;3358;;3359
518;28;3359;3358;
518;28;3378;;3379
518;28;3379;3378;
518;28;718;;719
518;28;719;718;720
518;28;720;719;721
518;28;721;720;
518;28;3349;;3350
518;28;3350;3349;3351
518;28;3351;3350;3352
518;28;3352;3351;3353
518;28;3353;3352;3354
518;28;3354;3353;
518;28;724;;725
518;28;725;724;726
518;28;726;725;727
518;28;727;726;728
518;28;728;727;
518;28;3593;;2398
518;28;2398;3593;
518;28;3278;;1290
518;28;1290;3278;1293
518;28;1293;1290;1297
518;28;1297;1293;1301
518;28;1301;1297;1302
518;28;1302;1301;1305
518;28;1305;1302;1306
518;28;1306;1305;
518;28;150;;151
518;28;151;150;152
518;28;152;151;153
518;28;153;152;
518;28;2205;;2206
518;28;2206;2205;
518;28;1084;;1085
518;28;1085;1084;
518;28;1745;;1746
518;28;1746;1745;1747
518;28;1747;1746;1748
518;28;1748;1747;2232
518;28;2232;1748;
518;28;2083;;2084
518;28;2084;2083;
518;28;3337;;3338
518;28;3338;3337;3339
518;28;3339;3338;
518;28;2916;;
518;28;2420;;806
518;28;806;2420;
518;28;3005;;807
518;28;807;3005;808
518;28;808;807;1407
518;28;1407;808;1410
518;28;1410;1407;
518;28;3002;;2224
518;28;2224;3002;2225
518;28;2225;2224;2226
518;28;2226;2225;2229
518;28;2229;2226;2230
518;28;2230;2229;
518;28;3375;;3376
518;28;3376;3375;3486
518;28;3486;3376;
518;28;1673;;1674
518;28;1674;1673;1675
518;28;1675;1674;
518;28;1694;;1695
518;28;1695;1694;1696
518;28;1696;1695;1697
518;28;1697;1696;1698
518;28;1698;1697;
518;28;2846;;
518;28;3279;;517
518;28;517;3279;548
518;28;548;517;
518;28;1430;;549
518;28;549;1430;
518;28;1810;;1811
518;28;1811;1810;
518;28;3070;;3076
518;28;3076;3070;3071
518;28;3071;3076;3072
518;28;3072;3071;3073
518;28;3073;3072;3074
518;28;3074;3073;3075
518;28;3075;3074;
518;28;1144;;1145
518;28;1145;1144;1146
518;28;1146;1145;1147
518;28;1147;1146;1148
518;28;1148;1147;
518;28;3164;;
518;28;2792;;
518;28;3160;;
518;28;2794;;
518;28;2208;;2209
518;28;2209;2208;
518;28;1978;;1979
518;28;1979;1978;
518;28;409;;410
518;28;410;409;411
518;28;411;410;412
518;28;412;411;
518;28;3281;;3282
518;28;3282;3281;
518;28;997;;998
518;28;998;997;999
518;28;999;998;1000
518;28;1000;999;1001
518;28;1001;1000;
518;28;2099;;982
518;28;982;2099;983
518;28;983;982;984
518;28;984;983;987
518;28;987;984;989
518;28;989;987;990
518;28;990;989;991
518;28;991;990;992
518;28;992;991;993
518;28;993;992;994
518;28;994;993;995
518;28;995;994;
518;28;974;;975
518;28;975;974;976
518;28;976;975;977
518;28;977;976;978
518;28;978;977;979
518;28;979;978;980
518;28;980;979;981
518;28;981;980;
518;28;2800;;
518;28;394;;395
518;28;395;394;396
518;28;396;395;399
518;28;399;396;400
518;28;400;399;401
518;28;401;400;404
518;28;404;401;405
518;28;405;404;406
518;28;406;405;407
518;28;407;406;
518;28;2804;;
518;28;3116;;
518;28;2892;;
518;28;1726;;1727
518;28;1727;1726;
518;28;2644;;
518;28;1175;;3283
518;28;3283;1175;2404
518;28;2404;3283;
518;28;1996;;1997
518;28;1997;1996;
518;28;1166;;1167
518;28;1167;1166;3284
518;28;3284;1167;
518;28;3120;;
518;28;3018;;3019
518;28;3019;3018;
518;28;1596;;1597
518;28;1597;1596;
518;28;910;;911
518;28;911;910;
518;28;3457;;3458
518;28;3458;3457;3459
518;28;3459;3458;3460
518;28;3460;3459;3461
518;28;3461;3460;3462
518;28;3462;3461;3463
518;28;3463;3462;
518;28;740;;741
518;28;741;740;742
518;28;742;741;743
518;28;743;742;744
518;28;744;743;745
518;28;745;744;746
518;28;746;745;747
518;28;747;746;748
518;28;748;747;1439
518;28;1439;748;
518;28;2932;;
518;28;1852;;1853
518;28;1853;1852;1854
518;28;1854;1853;
518;28;1384;;1385
518;28;1385;1384;1386
518;28;1386;1385;1399
518;28;1399;1386;1387
518;28;1387;1399;
518;28;1389;;1390
518;28;1390;1389;1391
518;28;1391;1390;
518;28;371;;372
518;28;372;371;373
518;28;373;372;374
518;28;374;373;375
518;28;375;374;376
518;28;376;375;377
518;28;377;376;
518;28;1863;;1864
518;28;1864;1863;1865
518;28;1865;1864;1866
518;28;1866;1865;
518;28;2377;;2996
518;28;2996;2377;
518;28;1114;;1115
518;28;1115;1114;1116
518;28;1116;1115;1117
518;28;1117;1116;1118
518;28;1118;1117;1119
518;28;1119;1118;1120
518;28;1120;1119;1121
518;28;1121;1120;
518;28;2820;;
518;28;1110;;1111
518;28;1111;1110;1112
518;28;1112;1111;
518;28;2824;;
518;28;2826;;
518;28;2005;;2006
518;28;2006;2005;
518;28;2658;;
518;28;139;;140
518;28;140;139;141
518;28;141;140;142
518;28;142;141;143
518;28;143;142;144
518;28;144;143;145
518;28;145;144;146
518;28;146;145;147
518;28;147;146;148
518;28;148;147;
518;28;2662;;
518;28;3516;;
518;28;2668;;
518;28;3514;;
518;28;2660;;
518;28;2750;;
518;28;1868;;1869
518;28;1869;1868;1870
518;28;1870;1869;1871
518;28;1871;1870;
518;28;511;;512
518;28;512;511;513
518;28;513;512;
518;28;1543;;1544
518;28;1544;1543;1545
518;28;1545;1544;1546
518;28;1546;1545;
518;28;2352;;2353
518;28;2353;2352;2354
518;28;2354;2353;2355
518;28;2355;2354;2356
518;28;2356;2355;2357
518;28;2357;2356;2358
518;28;2358;2357;
518;28;1317;;1319
518;28;1319;1317;1320
518;28;1320;1319;1321
518;28;1321;1320;1322
518;28;1322;1321;1323
518;28;1323;1322;1324
518;28;1324;1323;1325
518;28;1325;1324;2192
518;28;2192;1325;
518;28;2106;;662
518;28;662;2106;663
518;28;663;662;
518;28;665;;666
518;28;666;665;670
518;28;670;666;671
518;28;671;670;672
518;28;672;671;
518;28;3041;;3042
518;28;3042;3041;3043
518;28;3043;3042;
518;28;3285;;3035
518;28;3035;3285;3036
518;28;3036;3035;3037
518;28;3037;3036;3038
518;28;3038;3037;3039
518;28;3039;3038;
518;28;1157;;1158
518;28;1158;1157;1159
518;28;1159;1158;1160
518;28;1160;1159;1161
518;28;1161;1160;
518;28;1327;;1328
518;28;1328;1327;1923
518;28;1923;1328;
518;28;3481;;3482
518;28;3482;3481;
518;28;3484;;3485
518;28;3485;3484;
518;28;1949;;1952
518;28;1952;1949;1953
518;28;1953;1952;
518;28;2708;;
518;28;3114;;
518;28;3011;;3012
518;28;3012;3011;3013
518;28;3013;3012;
518;28;2165;;2166
518;28;2166;2165;
518;28;2002;;2003
518;28;2003;2002;2107
518;28;2107;2003;
518;28;1308;;1309
518;28;1309;1308;
518;28;2219;;2220
518;28;2220;2219;2221
518;28;2221;2220;
518;28;730;;731
518;28;731;730;
518;28;1311;;1312
518;28;1312;1311;1313
518;28;1313;1312;1314
518;28;1314;1313;1315
518;28;1315;1314;
518;28;3226;;
518;28;3310;;3311
518;28;3311;3310;
518;28;3313;;3314
518;28;3314;3313;
518;28;1700;;1701
518;28;1701;1700;
518;28;2624;;
518;28;1012;;1013
518;28;1013;1012;1014
518;28;1014;1013;1015
518;28;1015;1014;1016
518;28;1016;1015;1017
518;28;1017;1016;1018
518;28;1018;1017;1019
518;28;1019;1018;1020
518;28;1020;1019;1021
518;28;1021;1020;
518;28;3252;;
518;28;1703;;1704
518;28;1704;1703;2254
518;28;2254;1704;
518;28;2168;;2169
518;28;2169;2168;2170
518;28;2170;2169;
518;28;2173;;2176
518;28;2176;2173;2175
518;28;2175;2176;
518;28;1754;;1755
518;28;1755;1754;1756
518;28;1756;1755;
518;28;1710;;1711
518;28;1711;1710;1712
518;28;1712;1711;1713
518;28;1713;1712;
518;28;3275;;2077
518;28;2077;3275;
518;28;877;;878
518;28;878;877;879
518;28;879;878;880
518;28;880;879;
518;28;882;;883
518;28;883;882;884
518;28;884;883;
518;28;840;;841
518;28;841;840;842
518;28;842;841;843
518;28;843;842;844
518;28;844;843;845
518;28;845;844;846
518;28;846;845;847
518;28;847;846;848
518;28;848;847;
518;28;886;;887
518;28;887;886;888
518;28;888;887;889
518;28;889;888;890
518;28;890;889;891
518;28;891;890;
518;28;2067;;2068
518;28;2068;2067;2069
518;28;2069;2068;2070
518;28;2070;2069;
518;28;2062;;2063
518;28;2063;2062;2064
518;28;2064;2063;2065
518;28;2065;2064;
518;28;2144;;2145
518;28;2145;2144;2146
518;28;2146;2145;
518;28;3238;;
518;28;3468;;3286
518;28;3286;3468;3183
518;28;3183;3286;2136
518;28;2136;3183;2137
518;28;2137;2136;818
518;28;818;2137;819
518;28;819;818;820
518;28;820;819;821
518;28;821;820;822
518;28;822;821;823
518;28;823;822;824
518;28;824;823;825
518;28;825;824;828
518;28;828;825;829
518;28;829;828;830
518;28;830;829;831
518;28;831;830;832
518;28;832;831;833
518;28;833;832;835
518;28;835;833;836
518;28;836;835;837
518;28;837;836;838
518;28;838;837;
518;28;2918;;
518;28;2514;;
518;28;898;;899
518;28;899;898;900
518;28;900;899;901
518;28;901;900;902
518;28;902;901;903
518;28;903;902;905
518;28;905;903;906
518;28;906;905;907
518;28;907;906;908
518;28;908;907;
518;28;1928;;1929
518;28;1929;1928;1930
518;28;1930;1929;
518;28;1347;;1348
518;28;1348;1347;1349
518;28;1349;1348;1350
518;28;1350;1349;1351
518;28;1351;1350;1352
518;28;1352;1351;
518;28;1989;;1990
518;28;1990;1989;
518;28;2248;;2249
518;28;2249;2248;2250
518;28;2250;2249;
518;28;1057;;1058
518;28;1058;1057;1059
518;28;1059;1058;1060
518;28;1060;1059;1061
518;28;1061;1060;1062
518;28;1062;1061;1063
518;28;1063;1062;1064
518;28;1064;1063;1065
518;28;1065;1064;
518;28;2178;;2179
518;28;2179;2178;
518;28;3595;;1765
518;28;1765;3595;
518;28;1767;;1768
518;28;1768;1767;1769
518;28;1769;1768;2108
518;28;2108;1769;
518;28;1037;;1038
518;28;1038;1037;
518;28;2672;;
518;28;3474;;2239
518;28;2239;3474;2240
518;28;2240;2239;2241
518;28;2241;2240;2242
518;28;2242;2241;2243
518;28;2243;2242;3475
518;28;3475;2243;3476
518;28;3476;3475;
518;28;2934;;
518;28;3478;;3479
518;28;3479;3478;
518;28;2103;;1441
518;28;1441;2103;2405
518;28;2405;1441;1442
518;28;1442;2405;1443
518;28;1443;1442;1444
518;28;1444;1443;1445
518;28;1445;1444;
518;28;2395;;2396
518;28;2396;2395;2397
518;28;2397;2396;3591
518;28;3591;2397;
518;28;2390;;2391
518;28;2391;2390;2392
518;28;2392;2391;2393
518;28;2393;2392;
518;28;3372;;2371
518;28;2371;3372;
518;28;3508;;
518;28;1555;;941
518;28;941;1555;942
518;28;942;941;943
518;28;943;942;944
518;28;944;943;945
518;28;945;944;946
518;28;946;945;947
518;28;947;946;2093
518;28;2093;947;
518;28;3102;;
518;28;3098;;
518;28;3494;;3495
518;28;3495;3494;
518;28;2540;;
518;28;935;;937
518;28;937;935;938
518;28;938;937;939
518;28;939;938;
518;28;1848;;1849
518;28;1849;1848;1850
518;28;1850;1849;
518;28;3526;;
518;28;2754;;
518;28;176;;177
518;28;177;176;178
518;28;178;177;179
518;28;179;178;180
518;28;180;179;182
518;28;182;180;183
518;28;183;182;1505
518;28;1505;183;
518;28;582;;583
518;28;583;582;585
518;28;585;583;
518;28;2346;;3298
518;28;3298;2346;
518;28;1729;;1730
518;28;1730;1729;1731
518;28;1731;1730;1732
518;28;1732;1731;
518;28;2030;;2031
518;28;2031;2030;2032
518;28;2032;2031;
518;28;1734;;1735
518;28;1735;1734;1736
518;28;1736;1735;1737
518;28;1737;1736;1738
518;28;1738;1737;1739
518;28;1739;1738;
518;28;2047;;1081
518;28;1081;2047;1740
518;28;1740;1081;
518;28;3248;;
518;28;1023;;1024
518;28;1024;1023;1025
518;28;1025;1024;1026
518;28;1026;1025;1027
518;28;1027;1026;1028
518;28;1028;1027;1029
518;28;1029;1028;1030
518;28;1030;1029;1031
518;28;1031;1030;1032
518;28;1032;1031;1033
518;28;1033;1032;1034
518;28;1034;1033;1035
518;28;1035;1034;
518;28;2324;;2325
518;28;2325;2324;2326
518;28;2326;2325;2327
518;28;2327;2326;2330
518;28;2330;2327;2331
518;28;2331;2330;
518;28;1742;;1743
518;28;1743;1742;
518;28;1720;;1721
518;28;1721;1720;3167
518;28;3167;1721;
518;28;1261;;1262
518;28;1262;1261;1263
518;28;1263;1262;1264
518;28;1264;1263;3287
518;28;3287;1264;
518;28;2373;;2374
518;28;2374;2373;2375
518;28;2375;2374;
518;28;3289;;2339
518;28;2339;3289;2340
518;28;2340;2339;2341
518;28;2341;2340;
518;28;2854;;
518;28;1649;;1650
518;28;1650;1649;1651
518;28;1651;1650;1652
518;28;1652;1651;1653
518;28;1653;1652;
518;28;1689;;1690
518;28;1690;1689;1691
518;28;1691;1690;
518;28;2334;;2335
518;28;2335;2334;2336
518;28;2336;2335;2337
518;28;2337;2336;2338
518;28;2338;2337;
518;28;2333;;3368
518;28;3368;2333;
518;28;2119;;2120
518;28;2120;2119;
518;28;1570;;1571
518;28;1571;1570;1572
518;28;1572;1571;2155
518;28;2155;1572;2156
518;28;2156;2155;
518;28;2052;;1568
518;28;1568;2052;
518;28;1566;;1567
518;28;1567;1566;
518;28;2928;;
518;28;2504;;
518;28;2520;;
518;28;277;;278
518;28;278;277;279
518;28;279;278;281
518;28;281;279;282
518;28;282;281;283
518;28;283;282;284
518;28;284;283;286
518;28;286;284;287
518;28;287;286;288
518;28;288;287;289
518;28;289;288;290
518;28;290;289;291
518;28;291;290;292
518;28;292;291;293
518;28;293;292;294
518;28;294;293;295
518;28;295;294;296
518;28;296;295;2090
518;28;2090;296;299
518;28;299;2090;300
518;28;300;299;301
518;28;301;300;
518;28;2500;;
518;28;2488;;
518;28;2528;;
518;28;3138;;
518;28;2478;;
518;28;2482;;
518;28;2526;;
518;28;2790;;
518;28;2409;;2410
518;28;2410;2409;
518;28;1912;;1913
518;28;1913;1912;1914
518;28;1914;1913;
518;28;3530;;
518;28;1925;;1926
518;28;1926;1925;
518;28;3303;;3304
518;28;3304;3303;
518;28;3154;;
518;28;3270;;
518;28;2552;;
518;28;2986;;
518;28;3112;;
518;28;2556;;
518;28;3108;;
518;28;3195;;
518;28;22;;1518
518;28;1518;22;1488
518;28;1488;1518;23
518;28;23;1488;24
518;28;24;23;3001
518;28;3001;24;25
518;28;25;3001;
518;28;3619;;3620
518;28;3620;3619;3621
518;28;3621;3620;3622
518;28;3622;3621;
518;28;3150;;
518;28;2940;;
518;28;2976;;
518;28;2978;;
518;28;2936;;
518;28;2950;;
518;28;2954;;
518;28;2578;;
518;28;3152;;
518;28;2558;;
518;28;2982;;
518;28;2984;;
518;28;2988;;
518;28;2946;;
518;28;3110;;
518;28;2574;;
518;28;3197;;
518;28;2566;;
518;28;2948;;
518;28;775;;776
518;28;776;775;777
518;28;777;776;778
518;28;778;777;779
518;28;779;778;780
518;28;780;779;781
518;28;781;780;782
518;28;782;781;783
518;28;783;782;784
518;28;784;783;785
518;28;785;784;786
518;28;786;785;787
518;28;787;786;
518;28;2470;;
518;28;3228;;
518;28;2466;;
518;28;1585;;1586
518;28;1586;1585;
518;28;2153;;1599
518;28;1599;2153;1600
518;28;1600;1599;2154
518;28;2154;1600;
518;28;796;;797
518;28;797;796;798
518;28;798;797;799
518;28;799;798;800
518;28;800;799;801
518;28;801;800;802
518;28;802;801;
518;28;1369;;1370
518;28;1370;1369;1371
518;28;1371;1370;1372
518;28;1372;1371;1833
518;28;1833;1372;
518;28;2718;;
518;28;3578;;
518;28;3118;;
518;28;2716;;
518;28;2720;;
518;28;2728;;
518;28;2722;;
518;28;2706;;
518;28;3520;;
518;28;2702;;
518;28;3522;;
518;28;2700;;
518;28;2692;;
518;28;959;;960
518;28;960;959;961
518;28;961;960;962
518;28;962;961;963
518;28;963;962;964
518;28;964;963;
518;28;966;;967
518;28;967;966;968
518;28;968;967;969
518;28;969;968;970
518;28;970;969;971
518;28;971;970;972
518;28;972;971;
518;28;3168;;2998
518;28;2998;3168;1751
518;28;1751;2998;1752
518;28;1752;1751;
518;28;1763;;1764
518;28;1764;1763;
518;28;2297;;2298
518;28;2298;2297;2299
518;28;2299;2298;2300
518;28;2300;2299;
518;28;3564;;
518;28;2284;;3291
518;28;3291;2284;3293
518;28;3293;3291;2285
518;28;2285;3293;3596
518;28;3596;2285;
518;28;2286;;2287
518;28;2287;2286;
518;28;1283;;1284
518;28;1284;1283;1285
518;28;1285;1284;1286
518;28;1286;1285;1287
518;28;1287;1286;1288
518;28;1288;1287;3294
518;28;3294;1288;
518;28;2190;;2191
518;28;2191;2190;
518;28;2426;;
518;28;3009;;2123
518;28;2123;3009;2124
518;28;2124;2123;72
518;28;72;2124;73
518;28;73;72;74
518;28;74;73;75
518;28;75;74;76
518;28;76;75;3381
518;28;3381;76;
518;28;498;;497
518;28;497;498;496
518;28;496;497;495
518;28;495;496;494
518;28;494;495;493
518;28;493;494;492
518;28;492;493;
518;28;509;;508
518;28;508;509;507
518;28;507;508;506
518;28;506;507;505
518;28;505;506;504
518;28;504;505;503
518;28;503;504;502
518;28;502;503;501
518;28;501;502;500
518;28;500;501;
518;28;3134;;
518;28;321;;322
518;28;322;321;323
518;28;323;322;324
518;28;324;323;325
518;28;325;324;
518;28;2896;;
518;28;2542;;
518;28;468;;469
518;28;469;468;470
518;28;470;469;471
518;28;471;470;472
518;28;472;471;473
518;28;473;472;474
518;28;474;473;475
518;28;475;474;476
518;28;476;475;
518;28;2380;;2381
518;28;2381;2380;
518;28;2960;;
518;28;1860;;1861
518;28;1861;1860;
518;28;1163;;1164
518;28;1164;1163;
518;28;2970;;
518;28;3158;;
518;28;3215;;
518;28;3502;;
518;28;3504;;
518;28;3178;;3179
518;28;3179;3178;
518;28;3497;;3498
518;28;3498;3497;
518;28;3234;;
518;28;3491;;933
518;28;933;3491;
518;28;923;;924
518;28;924;923;925
518;28;925;924;926
518;28;926;925;927
518;28;927;926;928
518;28;928;927;929
518;28;929;928;930
518;28;930;929;931
518;28;931;930;932
518;28;932;931;3492
518;28;3492;932;
518;28;2908;;
518;28;3240;;
518;28;3544;;
518;28;3230;;
518;28;3136;;
518;28;2211;;2222
518;28;2222;2211;2212
518;28;2212;2222;2213
518;28;2213;2212;
518;28;3397;;3398
518;28;3398;3397;
518;28;165;;166
518;28;166;165;167
518;28;167;166;168
518;28;168;167;169
518;28;169;168;170
518;28;170;169;
518;28;2162;;2163
518;28;2163;2162;
518;28;2215;;2216
518;28;2216;2215;2217
518;28;2217;2216;
518;28;1221;;1222
518;28;1222;1221;1223
518;28;1223;1222;1224
518;28;1224;1223;1225
518;28;1225;1224;
518;28;2864;;
518;28;1169;;1170
518;28;1170;1169;
518;28;1420;;1052
518;28;1052;1420;1053
518;28;1053;1052;
518;28;1422;;1055
518;28;1055;1422;1437
518;28;1437;1055;
518;28;1046;;1047
518;28;1047;1046;1048
518;28;1048;1047;1049
518;28;1049;1048;
518;28;1706;;1707
518;28;1707;1706;1708
518;28;1708;1707;
518;28;2696;;
518;28;2411;;379
518;28;379;2411;380
518;28;380;379;383
518;28;383;380;384
518;28;384;383;385
518;28;385;384;386
518;28;386;385;387
518;28;387;386;390
518;28;390;387;391
518;28;391;390;392
518;28;392;391;
518;28;2694;;
518;28;2704;;
518;28;2812;;
518;28;3051;;3052
518;28;3052;3051;3053
518;28;3053;3052;3054
518;28;3054;3053;3055
518;28;3055;3054;3056
518;28;3056;3055;3057
518;28;3057;3056;3058
518;28;3058;3057;
518;28;635;;637
518;28;637;635;638
518;28;638;637;639
518;28;639;638;640
518;28;640;639;641
518;28;641;640;
518;28;733;;734
518;28;734;733;735
518;28;735;734;736
518;28;736;735;737
518;28;737;736;738
518;28;738;737;
518;28;3435;;
518;28;3550;;
518;28;3437;;
518;28;3439;;
518;28;3433;;
518;28;2430;;
518;28;425;;426
518;28;426;425;427
518;28;427;426;428
518;28;428;427;429
518;28;429;428;430
518;28;430;429;431
518;28;431;430;432
518;28;432;431;433
518;28;433;432;434
518;28;434;433;435
518;28;435;434;436
518;28;436;435;437
518;28;437;436;438
518;28;438;437;439
518;28;439;438;440
518;28;440;439;442
518;28;442;440;443
518;28;443;442;444
518;28;444;443;
518;28;2078;;2079
518;28;2079;2078;457
518;28;457;2079;460
518;28;460;457;461
518;28;461;460;462
518;28;462;461;463
518;28;463;462;464
518;28;464;463;465
518;28;465;464;466
518;28;466;465;
518;28;2764;;
518;28;2766;;
518;28;3295;;445
518;28;445;3295;448
518;28;448;445;449
518;28;449;448;450
518;28;450;449;451
518;28;451;450;452
518;28;452;451;453
518;28;453;452;454
518;28;454;453;455
518;28;455;454;456
518;28;456;455;
518;28;3538;;
518;28;956;;957
518;28;957;956;
518;28;2900;;
518;28;1507;;1508
518;28;1508;1507;1509
518;28;1509;1508;1510
518;28;1510;1509;1511
518;28;1511;1510;2412
518;28;2412;1511;
518;28;3356;;3357
518;28;3357;3356;
518;28;3451;;
518;28;3443;;
518;28;3447;;
518;28;1646;;1647
518;28;1647;1646;
518;28;1981;;1982
518;28;1982;1981;
518;28;1905;;1906
518;28;1906;1905;
518;28;1897;;1898
518;28;1898;1897;
518;28;2814;;
518;28;1824;;1825
518;28;1825;1824;
518;28;1827;;1828
518;28;1828;1827;
518;28;1975;;1976
518;28;1976;1975;
518;28;1973;;1972
518;28;1972;1973;1971
518;28;1971;1972;
518;28;484;;485
518;28;485;484;486
518;28;486;485;487
518;28;487;486;488
518;28;488;487;489
518;28;489;488;490
518;28;490;489;
518;28;478;;479
518;28;479;478;480
518;28;480;479;481
518;28;481;480;482
518;28;482;481;
518;28;1900;;1901
518;28;1901;1900;1902
518;28;1902;1901;1903
518;28;1903;1902;
518;28;1203;;1204
518;28;1204;1203;1205
518;28;1205;1204;1206
518;28;1206;1205;1207
518;28;1207;1206;1208
518;28;1208;1207;1209
518;28;1209;1208;
518;28;1270;;1271
518;28;1271;1270;1272
518;28;1272;1271;1273
518;28;1273;1272;
518;28;1580;;1581
518;28;1581;1580;1582
518;28;1582;1581;1583
518;28;1583;1582;
518;28;1617;;1618
518;28;1618;1617;
518;28;3186;;
518;28;1610;;1611
518;28;1611;1610;1612
518;28;1612;1611;
518;28;1614;;1615
518;28;1615;1614;
518;28;1620;;1627
518;28;1627;1620;1621
518;28;1621;1627;
518;28;1623;;1624
518;28;1624;1623;1625
518;28;1625;1624;1626
518;28;1626;1625;
518;28;1630;;1631
518;28;1631;1630;
518;28;2870;;
518;28;3156;;
518;28;3199;;
518;28;1342;;1343
518;28;1343;1342;1344
518;28;1344;1343;1345
518;28;1345;1344;
518;28;810;;811
518;28;811;810;812
518;28;812;811;813
518;28;813;812;814
518;28;814;813;815
518;28;815;814;816
518;28;816;815;
518;28;1945;;1946
518;28;1946;1945;1947
518;28;1947;1946;
518;28;1267;;1268
518;28;1268;1267;
518;28;1939;;1940
518;28;1940;1939;
518;28;1842;;1843
518;28;1843;1842;
518;28;1494;;1495
518;28;1495;1494;1497
518;28;1497;1495;
518;28;2181;;2182
518;28;2182;2181;2183
518;28;2183;2182;2184
518;28;2184;2183;
518;28;893;;895
518;28;895;893;896
518;28;896;895;
518;28;1993;;1994
518;28;1994;1993;
518;28;2202;;2203
518;28;2203;2202;
518;28;3277;;723
518;28;723;3277;714
518;28;714;723;716
518;28;716;714;2111
518;28;2111;716;
518;28;3471;;3472
518;28;3472;3471;
518;28;420;;421
518;28;421;420;422
518;28;422;421;423
518;28;423;422;
518;28;3400;;3401
518;28;3401;3400;
518;28;1418;;1417
518;28;1417;1418;1416
518;28;1416;1417;
518;28;2774;;
518;28;414;;415
518;28;415;414;416
518;28;416;415;417
518;28;417;416;418
518;28;418;417;
518;28;2140;;2141
518;28;2141;2140;2142
518;28;2142;2141;
518;28;3299;;2347
518;28;2347;3299;2348
518;28;2348;2347;2349
518;28;2349;2348;
518;28;2234;;2235
518;28;2235;2234;2236
518;28;2236;2235;2237
518;28;2237;2236;
518;28;2245;;2246
518;28;2246;2245;
518;28;551;;552
518;28;552;551;553
518;28;553;552;554
518;28;554;553;555
518;28;555;554;556
518;28;556;555;557
518;28;557;556;558
518;28;558;557;559
518;28;559;558;
518;28;2620;;
518;28;2882;;
518;28;1758;;1759
518;28;1759;1758;1760
518;28;1760;1759;1761
518;28;1761;1760;
518;28;1602;;1603
518;28;1603;1602;1604
518;28;1604;1603;
518;28;1002;;1003
518;28;1003;1002;1004
518;28;1004;1003;1005
518;28;1005;1004;1006
518;28;1006;1005;1007
518;28;1007;1006;1008
518;28;1008;1007;1009
518;28;1009;1008;1010
518;28;1010;1009;
518;28;3536;;
518;28;3534;;
518;28;327;;328
518;28;328;327;329
518;28;329;328;330
518;28;330;329;
518;28;2874;;
518;28;1606;;1607
518;28;1607;1606;1608
518;28;1608;1607;
518;28;2195;;2196
518;28;2196;2195;
518;28;2198;;2199
518;28;2199;2198;2200
518;28;2200;2199;
518;28;614;;615
518;28;615;614;616
518;28;616;615;617
518;28;617;616;618
518;28;618;617;619
518;28;619;618;620
518;28;620;619;621
518;28;621;620;625
518;28;625;621;
518;28;2115;;2116
518;28;2116;2115;578
518;28;578;2116;3300
518;28;3300;578;
518;28;1916;;1917
518;28;1917;1916;
518;28;3597;;626
518;28;626;3597;627
518;28;627;626;628
518;28;628;627;630
518;28;630;628;631
518;28;631;630;632
518;28;632;631;
518;28;588;;589
518;28;589;588;590
518;28;590;589;591
518;28;591;590;592
518;28;592;591;593
518;28;593;592;
518;28;579;;580
518;28;580;579;587
518;28;587;580;3301
518;28;3301;587;
518;28;609;;3599
518;28;3599;609;
518;28;610;;611
518;28;611;610;612
518;28;612;611;
518;28;595;;596
518;28;596;595;597
518;28;597;596;598
518;28;598;597;599
518;28;599;598;600
518;28;600;599;601
518;28;601;600;602
518;28;602;601;605
518;28;605;602;606
518;28;606;605;
518;28;3205;;
518;28;2312;;2313
518;28;2313;2312;2314
518;28;2314;2313;2315
518;28;2315;2314;3063
518;28;3063;2315;3064
518;28;3064;3063;3090
518;28;3090;3064;
518;28;3207;;
518;28;3203;;
518;28;3403;;3404
518;28;3404;3403;
518;28;1040;;1041
518;28;1041;1040;1042
518;28;1042;1041;1043
518;28;1043;1042;1044
518;28;1044;1043;
518;28;1845;;1846
518;28;1846;1845;
518;28;1985;;1986
518;28;1986;1985;1987
518;28;1987;1986;
518;28;1641;;1642
518;28;1642;1641;1643
518;28;1643;1642;1644
518;28;1644;1643;
518;28;3268;;
518;28;357;;358
518;28;358;357;359
518;28;359;358;360
518;28;360;359;361
518;28;361;360;363
518;28;363;361;364
518;28;364;363;365
518;28;365;364;366
518;28;366;365;367
518;28;367;366;368
518;28;368;367;369
518;28;369;368;
518;28;2632;;
518;28;2852;;
518;28;2628;;
518;28;2858;;
518;28;1637;;1638
518;28;1638;1637;1639
518;28;1639;1638;
518;28;2129;;682
518;28;682;2129;690
518;28;690;682;692
518;28;692;690;696
518;28;696;692;697
518;28;697;696;698
518;28;698;697;
518;28;1588;;1589
518;28;1589;1588;
518;28;3581;;655
518;28;655;3581;1424
518;28;1424;655;
518;28;656;;657
518;28;657;656;658
518;28;658;657;659
518;28;659;658;
518;28;3331;;3332
518;28;3332;3331;3333
518;28;3333;3332;3334
518;28;3334;3333;3335
518;28;3335;3334;
518;28;1561;;1562
518;28;1562;1561;1563
518;28;1563;1562;1564
518;28;1564;1563;
518;28;2149;;2150
518;28;2150;2149;2151
518;28;2151;2150;2152
518;28;2152;2151;
518;28;2756;;
518;28;2760;;
518;28;2752;;
518;28;2762;;
518;28;2772;;
518;28;2778;;
518;28;2780;;
518;28;2776;;
518;28;2768;;
518;28;2770;;
518;28;2782;;
518;28;3319;;3320
518;28;3320;3319;
518;28;1194;;1398
518;28;1398;1194;1193
518;28;1193;1398;1192
518;28;1192;1193;1191
518;28;1191;1192;
518;28;2252;;2253
518;28;2253;2252;
518;28;172;;173
518;28;173;172;174
518;28;174;173;
518;28;3506;;
518;28;2158;;2159
518;28;2159;2158;2160
518;28;2160;2159;
518;28;1067;;1068
518;28;1068;1067;1069
518;28;1069;1068;1070
518;28;1070;1069;1071
518;28;1071;1070;1072
518;28;1072;1071;1073
518;28;1073;1072;
518;28;1075;;1076
518;28;1076;1075;1077
518;28;1077;1076;1078
518;28;1078;1077;
518;28;3222;;
518;28;1999;;2000
518;28;2000;1999;
518;28;2676;;
518;28;2678;;
518;28;3341;;3342
518;28;3342;3341;3343
518;28;3343;3342;
518;28;2997;;2378
518;28;2378;2997;
518;28;1919;;1920
518;28;1920;1919;1921
518;28;1921;1920;1922
518;28;1922;1921;
518;28;1816;;1817
518;28;1817;1816;
518;28;1723;;1724
518;28;1724;1723;
518;28;2306;;2307
518;28;2307;2306;
518;28;2942;;
518;28;2952;;
518;28;2944;;
518;28;866;;867
518;28;867;866;868
518;28;868;867;869
518;28;869;868;
518;28;3045;;3046
518;28;3046;3045;3047
518;28;3047;3046;3048
518;28;3048;3047;3049
518;28;3049;3048;3305
518;28;3305;3049;
518;28;3328;;3329
518;28;3329;3328;
518;28;643;;644
518;28;644;643;647
518;28;647;644;648
518;28;648;647;650
518;28;650;648;651
518;28;651;650;652
518;28;652;651;653
518;28;653;652;654
518;28;654;653;
518;28;704;;705
518;28;705;704;706
518;28;706;705;707
518;28;707;706;708
518;28;708;707;709
518;28;709;708;710
518;28;710;709;711
518;28;711;710;712
518;28;712;711;
518;28;1540;;1541
518;28;1541;1540;
518;28;1578;;624
518;28;624;1578;636
518;28;636;624;668
518;28;668;636;669
518;28;669;668;
518;28;3346;;3617
518;28;3617;3346;
518;28;1242;;1243
518;28;1243;1242;1245
518;28;1245;1243;1246
518;28;1246;1245;1247
518;28;1247;1246;1249
518;28;1249;1247;1250
518;28;1250;1249;1251
518;28;1251;1250;1252
518;28;1252;1251;1253
518;28;1253;1252;
518;28;1239;;1240
518;28;1240;1239;
518;28;1378;;1379
518;28;1379;1378;1380
518;28;1380;1379;1381
518;28;1381;1380;1382
518;28;1382;1381;
518;28;1393;;1394
518;28;1394;1393;1395
518;28;1395;1394;1396
518;28;1396;1395;1397
518;28;1397;1396;
518;28;1802;;1803
518;28;1803;1802;1804
518;28;1804;1803;
518;28;1807;;1808
518;28;1808;1807;
518;28;2640;;
518;28;1715;;1716
518;28;1716;1715;1717
518;28;1717;1716;1718
518;28;1718;1717;
518;28;1548;;1549
518;28;1549;1548;1550
518;28;1550;1549;
518;28;3465;;3466
518;28;3466;3465;3467
518;28;3467;3466;
518;28;2264;;2268
518;28;2268;2264;2269
518;28;2269;2268;3272
518;28;3272;2269;
518;28;1932;;1933
518;28;1933;1932;1934
518;28;1934;1933;
518;28;59;;60
518;28;60;59;61
518;28;61;60;62
518;28;62;61;63
518;28;63;62;64
518;28;64;63;65
518;28;65;64;1483
518;28;1483;65;1484
518;28;1484;1483;1485
518;28;1485;1484;
518;28;3060;;3061
518;28;3061;3060;3062
518;28;3062;3061;
