CID;TABCD;LCD;INT_CID;INT_TABCD;INT_LCD
59;1;4075;59;1;4081
59;1;4081;59;1;4075
59;1;4082;59;1;8802
59;1;8802;59;1;4082
59;1;4083;59;1;4093
59;1;4093;59;1;4083
59;1;8205;59;1;8206
59;1;8206;59;1;8205
59;1;4049;59;1;4098
59;1;4098;59;1;4049
59;1;4100;59;1;4137
59;1;4137;59;1;4100
59;1;7343;59;1;7540
59;1;7540;59;1;8209
59;1;8209;59;1;7343
59;1;4101;59;1;7436
59;1;7436;59;1;7541
59;1;7541;59;1;4101
59;1;4001;59;1;4032
59;1;4032;59;1;4001
59;1;4004;59;1;4018
59;1;4018;59;1;4004
59;1;4007;59;1;7406
59;1;7406;59;1;4007
59;1;183;59;1;3103
59;1;3103;59;1;4950
59;1;4950;59;1;183
59;1;4949;59;1;8437
59;1;8437;59;1;4949
59;1;4948;59;1;4951
59;1;4951;59;1;4948
59;1;113;59;1;4946
59;1;4946;59;1;113
59;1;4945;59;1;6721
59;1;6721;59;1;4945
59;1;4113;59;1;4143
59;1;4143;59;1;4113
59;1;4057;59;1;8770
59;1;8770;59;1;4057
59;1;4058;59;1;4107
59;1;4107;59;1;4058
59;1;4062;59;1;8872
59;1;8872;59;1;4062
59;1;4063;59;1;4087
59;1;4087;59;1;4063
59;1;4054;59;1;4067
59;1;4067;59;1;4078
59;1;4078;59;1;4054
59;1;4070;59;1;4214
59;1;4214;59;1;4070
59;1;4047;59;1;4071
59;1;4071;59;1;4047
59;1;4012;59;1;4021
59;1;4021;59;1;4012
59;1;4019;59;1;7685
59;1;7685;59;1;7687
59;1;7687;59;1;4019
59;1;4122;59;1;4124
59;1;4124;59;1;4122
59;1;4127;59;1;7831
59;1;7831;59;1;4127
59;1;1503;59;1;2202
59;1;2202;59;1;4130
59;1;4130;59;1;1503
59;1;172;59;1;1696
59;1;1696;59;1;172
59;1;1699;59;1;7073
59;1;7073;59;1;9519
59;1;9519;59;1;1699
59;1;174;59;1;3001
59;1;3001;59;1;174
59;1;559;59;1;3004
59;1;3004;59;1;559
59;1;189;59;1;3023
59;1;3023;59;1;7032
59;1;7032;59;1;189
59;1;268;59;1;3027
59;1;3027;59;1;268
59;1;1832;59;1;3030
59;1;3030;59;1;1832
59;1;3032;59;1;3518
59;1;3518;59;1;6869
59;1;6869;59;1;3032
59;1;740;59;1;3036
59;1;3036;59;1;4118
59;1;4118;59;1;4141
59;1;4141;59;1;740
59;1;284;59;1;3042
59;1;3042;59;1;284
59;1;683;59;1;3045
59;1;3045;59;1;683
59;1;329;59;1;676
59;1;676;59;1;3048
59;1;3048;59;1;4139
59;1;4139;59;1;7338
59;1;7338;59;1;329
59;1;1836;59;1;3053
59;1;3053;59;1;9154
59;1;9154;59;1;1836
59;1;3056;59;1;4066
59;1;4066;59;1;3056
59;1;2400;59;1;3059
59;1;3059;59;1;2400
59;1;3063;59;1;4119
59;1;4119;59;1;3063
59;1;3067;59;1;7654
59;1;7654;59;1;3067
59;1;799;59;1;3071
59;1;3071;59;1;799
59;1;1889;59;1;3074
59;1;3074;59;1;1889
59;1;152;59;1;1887
59;1;1887;59;1;3077
59;1;3077;59;1;7828
59;1;7828;59;1;8202
59;1;8202;59;1;152
59;1;1880;59;1;3080
59;1;3080;59;1;6073
59;1;6073;59;1;1880
59;1;1883;59;1;2199
59;1;2199;59;1;3084
59;1;3084;59;1;1883
59;1;3090;59;1;6575
59;1;6575;59;1;3090
59;1;597;59;1;1852
59;1;1852;59;1;3093
59;1;3093;59;1;597
59;1;1848;59;1;2358
59;1;2358;59;1;3097
59;1;3097;59;1;1848
59;1;1846;59;1;3100
59;1;3100;59;1;6609
59;1;6609;59;1;1846
59;1;3106;59;1;3548
59;1;3548;59;1;3106
59;1;2328;59;1;3109
59;1;3109;59;1;2328
59;1;813;59;1;3112
59;1;3112;59;1;813
59;1;2377;59;1;3115
59;1;3115;59;1;6626
59;1;6626;59;1;2377
59;1;3118;59;1;3471
59;1;3471;59;1;4681
59;1;4681;59;1;6657
59;1;6657;59;1;3118
59;1;154;59;1;758
59;1;758;59;1;760
59;1;760;59;1;5730
59;1;5730;59;1;154
59;1;142;59;1;155
59;1;155;59;1;915
59;1;915;59;1;1702
59;1;1702;59;1;1813
59;1;1813;59;1;1897
59;1;1897;59;1;2210
59;1;2210;59;1;142
59;1;1500;59;1;2219
59;1;2219;59;1;1500
59;1;7403;59;1;7815
59;1;7815;59;1;7403
59;1;7399;59;1;7404
59;1;7404;59;1;7399
59;1;7408;59;1;7677
59;1;7677;59;1;7408
59;1;7409;59;1;7725
59;1;7725;59;1;7409
59;1;7410;59;1;7605
59;1;7605;59;1;7713
59;1;7713;59;1;7410
59;1;7411;59;1;7696
59;1;7696;59;1;7411
59;1;7414;59;1;7748
59;1;7748;59;1;7764
59;1;7764;59;1;7414
59;1;7415;59;1;7708
59;1;7708;59;1;7415
59;1;7416;59;1;7649
59;1;7649;59;1;7416
59;1;7417;59;1;7619
59;1;7619;59;1;7417
59;1;7418;59;1;7626
59;1;7626;59;1;7418
59;1;1966;59;1;7420
59;1;7420;59;1;7578
59;1;7578;59;1;1966
59;1;1963;59;1;7421
59;1;7421;59;1;7537
59;1;7537;59;1;1963
59;1;1961;59;1;7423
59;1;7423;59;1;1961
59;1;1952;59;1;3603
59;1;3603;59;1;1952
59;1;136;59;1;1953
59;1;1953;59;1;2242
59;1;2242;59;1;136
59;1;1751;59;1;1954
59;1;1954;59;1;2309
59;1;2309;59;1;1751
59;1;1958;59;1;5699
59;1;5699;59;1;1958
59;1;1959;59;1;6020
59;1;6020;59;1;1959
59;1;1960;59;1;6018
59;1;6018;59;1;1960
59;1;7545;59;1;7562
59;1;7562;59;1;7566
59;1;7566;59;1;7545
59;1;7391;59;1;7547
59;1;7547;59;1;7391
59;1;8463;59;1;9393
59;1;9393;59;1;8463
59;1;7533;59;1;7549
59;1;7549;59;1;7533
59;1;7505;59;1;7551
59;1;7551;59;1;7505
59;1;6006;59;1;6008
59;1;6008;59;1;7552
59;1;7552;59;1;6006
59;1;2306;59;1;2401
59;1;2401;59;1;2306
59;1;707;59;1;1990
59;1;1990;59;1;2238
59;1;2238;59;1;4131
59;1;4131;59;1;707
59;1;483;59;1;699
59;1;699;59;1;701
59;1;701;59;1;483
59;1;22;59;1;465
59;1;465;59;1;704
59;1;704;59;1;22
59;1;705;59;1;712
59;1;712;59;1;705
59;1;706;59;1;2313
59;1;2313;59;1;706
59;1;8595;59;1;9020
59;1;9020;59;1;8595
59;1;7268;59;1;7315
59;1;7315;59;1;7268
59;1;7304;59;1;7306
59;1;7306;59;1;7320
59;1;7320;59;1;7304
59;1;7321;59;1;7424
59;1;7424;59;1;7321
59;1;7332;59;1;7539
59;1;7539;59;1;9403
59;1;9403;59;1;9405
59;1;9405;59;1;7332
59;1;3507;59;1;6916
59;1;6916;59;1;7334
59;1;7334;59;1;3507
59;1;3530;59;1;7335
59;1;7335;59;1;3530
59;1;7337;59;1;7442
59;1;7442;59;1;7337
59;1;7105;59;1;7119
59;1;7119;59;1;7105
59;1;7106;59;1;7226
59;1;7226;59;1;7106
59;1;7109;59;1;7355
59;1;7355;59;1;8859
59;1;8859;59;1;7109
59;1;6980;59;1;7113
59;1;7113;59;1;6980
59;1;6959;59;1;7114
59;1;7114;59;1;6959
59;1;3716;59;1;7115
59;1;7115;59;1;3716
59;1;3665;59;1;6965
59;1;6965;59;1;7116
59;1;7116;59;1;3665
59;1;8853;59;1;9136
59;1;9136;59;1;8853
59;1;8817;59;1;8856
59;1;8856;59;1;8817
59;1;8758;59;1;8760
59;1;8760;59;1;8857
59;1;8857;59;1;8758
59;1;3663;59;1;6938
59;1;6938;59;1;3663
59;1;3664;59;1;6929
59;1;6929;59;1;3664
59;1;3666;59;1;6947
59;1;6947;59;1;3666
59;1;3667;59;1;6888
59;1;6888;59;1;8747
59;1;8747;59;1;3667
59;1;3521;59;1;6896
59;1;6896;59;1;3521
59;1;3492;59;1;3522
59;1;3522;59;1;3492
59;1;3509;59;1;3523
59;1;3523;59;1;3775
59;1;3775;59;1;3509
59;1;3524;59;1;3526
59;1;3526;59;1;6925
59;1;6925;59;1;9123
59;1;9123;59;1;3524
59;1;8588;59;1;8808
59;1;8808;59;1;8588
59;1;8814;59;1;8847
59;1;8847;59;1;8814
59;1;8806;59;1;8815
59;1;8815;59;1;8806
59;1;8816;59;1;8819
59;1;8819;59;1;8816
59;1;3506;59;1;4138
59;1;4138;59;1;3506
59;1;8253;59;1;8441
59;1;8441;59;1;8253
59;1;4042;59;1;4051
59;1;4051;59;1;4042
59;1;3527;59;1;4140
59;1;4140;59;1;3527
59;1;108;59;1;4111
59;1;4111;59;1;108
59;1;109;59;1;7069
59;1;7069;59;1;109
59;1;110;59;1;6646
59;1;6646;59;1;110
59;1;112;59;1;7056
59;1;7056;59;1;112
59;1;114;59;1;4686
59;1;4686;59;1;6699
59;1;6699;59;1;114
59;1;4144;59;1;8056
59;1;8056;59;1;4144
59;1;169;59;1;804
59;1;804;59;1;807
59;1;807;59;1;8194
59;1;8194;59;1;169
59;1;809;59;1;8919
59;1;8919;59;1;809
59;1;808;59;1;2382
59;1;2382;59;1;808
59;1;810;59;1;2287
59;1;2287;59;1;2290
59;1;2290;59;1;810
59;1;811;59;1;3539
59;1;3539;59;1;811
59;1;3632;59;1;6651
59;1;6651;59;1;3632
59;1;7075;59;1;9411
59;1;9411;59;1;7075
59;1;3625;59;1;7077
59;1;7077;59;1;3625
59;1;6801;59;1;7078
59;1;7078;59;1;6801
59;1;7005;59;1;7079
59;1;7079;59;1;7005
59;1;6982;59;1;7081
59;1;7081;59;1;6982
59;1;6811;59;1;7082
59;1;7082;59;1;6811
59;1;6828;59;1;7085
59;1;7085;59;1;6828
59;1;6830;59;1;7088
59;1;7088;59;1;6830
59;1;7063;59;1;7091
59;1;7091;59;1;8957
59;1;8957;59;1;7063
59;1;7060;59;1;7100
59;1;7100;59;1;7060
59;1;7093;59;1;8844
59;1;8844;59;1;7093
59;1;8831;59;1;8871
59;1;8871;59;1;8831
59;1;8763;59;1;8870
59;1;8870;59;1;8763
59;1;6822;59;1;7021
59;1;7021;59;1;6822
59;1;6796;59;1;7027
59;1;7027;59;1;6796
59;1;6786;59;1;7028
59;1;7028;59;1;6786
59;1;286;59;1;3529
59;1;3529;59;1;4148
59;1;4148;59;1;286
59;1;285;59;1;6849
59;1;6849;59;1;285
59;1;282;59;1;3926
59;1;3926;59;1;282
59;1;281;59;1;3937
59;1;3937;59;1;281
59;1;128;59;1;280
59;1;280;59;1;1821
59;1;1821;59;1;128
59;1;279;59;1;5020
59;1;5020;59;1;279
59;1;278;59;1;5026
59;1;5026;59;1;5028
59;1;5028;59;1;278
59;1;277;59;1;3534
59;1;3534;59;1;277
59;1;276;59;1;8011
59;1;8011;59;1;276
59;1;275;59;1;5361
59;1;5361;59;1;275
59;1;272;59;1;274
59;1;274;59;1;746
59;1;746;59;1;1992
59;1;1992;59;1;272
59;1;7230;59;1;7232
59;1;7232;59;1;7230
59;1;7219;59;1;7233
59;1;7233;59;1;7219
59;1;7209;59;1;7234
59;1;7234;59;1;7209
59;1;7235;59;1;7258
59;1;7258;59;1;7235
59;1;7166;59;1;7181
59;1;7181;59;1;7237
59;1;7237;59;1;7166
59;1;7240;59;1;7293
59;1;7293;59;1;7240
59;1;7243;59;1;7349
59;1;7349;59;1;7243
59;1;7244;59;1;8781
59;1;8781;59;1;7244
59;1;3505;59;1;7245
59;1;7245;59;1;3505
59;1;8582;59;1;8756
59;1;8756;59;1;8582
59;1;7145;59;1;7228
59;1;7228;59;1;7145
59;1;8788;59;1;8799
59;1;8799;59;1;8801
59;1;8801;59;1;8788
59;1;7272;59;1;7428
59;1;7428;59;1;7272
59;1;7309;59;1;7432
59;1;7432;59;1;7309
59;1;7380;59;1;7433
59;1;7433;59;1;7380
59;1;7434;59;1;7471
59;1;7471;59;1;7434
59;1;7437;59;1;7485
59;1;7485;59;1;7437
59;1;6920;59;1;7439
59;1;7439;59;1;9152
59;1;9152;59;1;9160
59;1;9160;59;1;9551
59;1;9551;59;1;6920
59;1;3638;59;1;8268
59;1;8268;59;1;3638
59;1;3639;59;1;6002
59;1;6002;59;1;8249
59;1;8249;59;1;9153
59;1;9153;59;1;9196
59;1;9196;59;1;3639
59;1;1837;59;1;3951
59;1;3951;59;1;1837
59;1;477;59;1;2114
59;1;2114;59;1;477
59;1;5532;59;1;9150
59;1;9150;59;1;5532
59;1;203;59;1;791
59;1;791;59;1;5537
59;1;5537;59;1;203
59;1;460;59;1;792
59;1;792;59;1;928
59;1;928;59;1;460
59;1;793;59;1;5635
59;1;5635;59;1;5637
59;1;5637;59;1;793
59;1;3593;59;1;3607
59;1;3607;59;1;3593
59;1;794;59;1;8128
59;1;8128;59;1;794
59;1;795;59;1;2248
59;1;2248;59;1;2276
59;1;2276;59;1;795
59;1;796;59;1;1902
59;1;1902;59;1;9531
59;1;9531;59;1;796
59;1;797;59;1;2121
59;1;2121;59;1;797
59;1;3618;59;1;5995
59;1;5995;59;1;3618
59;1;798;59;1;1768
59;1;1768;59;1;798
59;1;3999;59;1;7585
59;1;7585;59;1;3999
59;1;6080;59;1;7948
59;1;7948;59;1;6080
59;1;5003;59;1;7773
59;1;7773;59;1;5003
59;1;5004;59;1;7820
59;1;7820;59;1;5004
59;1;5005;59;1;7839
59;1;7839;59;1;5005
59;1;4562;59;1;4563
59;1;4563;59;1;4562
59;1;6054;59;1;8147
59;1;8147;59;1;6054
59;1;7587;59;1;7589
59;1;7589;59;1;7829
59;1;7829;59;1;7587
59;1;6086;59;1;7830
59;1;7830;59;1;6086
59;1;6083;59;1;7832
59;1;7832;59;1;6083
59;1;7826;59;1;7838
59;1;7838;59;1;7826
59;1;4080;59;1;8783
59;1;8783;59;1;4080
59;1;4589;59;1;4593
59;1;4593;59;1;4589
59;1;4958;59;1;4959
59;1;4959;59;1;4958
59;1;7050;59;1;8936
59;1;8936;59;1;7050
59;1;6729;59;1;7052
59;1;7052;59;1;6729
59;1;6754;59;1;7053
59;1;7053;59;1;6754
59;1;6703;59;1;7055
59;1;7055;59;1;6703
59;1;7879;59;1;8163
59;1;8163;59;1;7879
59;1;7880;59;1;8166
59;1;8166;59;1;7880
59;1;6696;59;1;7057
59;1;7057;59;1;6696
59;1;6662;59;1;7038
59;1;7038;59;1;7058
59;1;7058;59;1;6662
59;1;8842;59;1;8955
59;1;8955;59;1;8842
59;1;8769;59;1;8843
59;1;8843;59;1;8769
59;1;8834;59;1;8837
59;1;8837;59;1;8834
59;1;7042;59;1;9201
59;1;9201;59;1;7042
59;1;6621;59;1;7043
59;1;7043;59;1;6621
59;1;7035;59;1;7044
59;1;7044;59;1;7035
59;1;6843;59;1;7061
59;1;7061;59;1;6843
59;1;7016;59;1;7049
59;1;7049;59;1;7016
59;1;9321;59;1;9322
59;1;9322;59;1;9321
59;1;6633;59;1;6659
59;1;6659;59;1;6633
59;1;6629;59;1;6634
59;1;6634;59;1;6629
59;1;3669;59;1;6637
59;1;6637;59;1;3669
59;1;6538;59;1;6638
59;1;6638;59;1;6538
59;1;6839;59;1;7064
59;1;7064;59;1;6839
59;1;6837;59;1;7065
59;1;7065;59;1;6837
59;1;7013;59;1;7067
59;1;7067;59;1;7013
59;1;6759;59;1;7068
59;1;7068;59;1;6759
59;1;8768;59;1;8956
59;1;8956;59;1;8768
59;1;6936;59;1;6978
59;1;6978;59;1;6936
59;1;6927;59;1;6979
59;1;6979;59;1;6927
59;1;6944;59;1;6975
59;1;6975;59;1;6944
59;1;9323;59;1;9324
59;1;9324;59;1;9323
59;1;8792;59;1;8794
59;1;8794;59;1;8792
59;1;9325;59;1;9326
59;1;9326;59;1;9325
59;1;7389;59;1;7517
59;1;7517;59;1;7389
59;1;7394;59;1;7574
59;1;7574;59;1;7394
59;1;7395;59;1;7608
59;1;7608;59;1;7610
59;1;7610;59;1;7395
59;1;7396;59;1;7601
59;1;7601;59;1;7396
59;1;7283;59;1;7398
59;1;7398;59;1;7283
59;1;7217;59;1;7365
59;1;7365;59;1;7217
59;1;7207;59;1;7367
59;1;7367;59;1;7207
59;1;7256;59;1;7368
59;1;7368;59;1;7256
59;1;7180;59;1;7369
59;1;7369;59;1;7180
59;1;7290;59;1;7371
59;1;7371;59;1;7290
59;1;9327;59;1;9328
59;1;9328;59;1;9327
59;1;7341;59;1;7379
59;1;7379;59;1;7341
59;1;7383;59;1;7477
59;1;7477;59;1;7383
59;1;7384;59;1;7464
59;1;7464;59;1;7384
59;1;4031;59;1;7385
59;1;7385;59;1;4031
59;1;4547;59;1;4550
59;1;4550;59;1;4547
59;1;7172;59;1;8593
59;1;8593;59;1;7172
59;1;7151;59;1;7358
59;1;7358;59;1;7151
59;1;7359;59;1;9385
59;1;9385;59;1;7359
59;1;7345;59;1;7360
59;1;7360;59;1;7345
59;1;3709;59;1;6794
59;1;6794;59;1;9382
59;1;9382;59;1;3709
59;1;3611;59;1;3626
59;1;3626;59;1;3611
59;1;4687;59;1;4888
59;1;4888;59;1;8626
59;1;8626;59;1;4687
59;1;175;59;1;2362
59;1;2362;59;1;175
59;1;176;59;1;2369
59;1;2369;59;1;176
59;1;177;59;1;178
59;1;178;59;1;177
59;1;179;59;1;2152
59;1;2152;59;1;179
59;1;180;59;1;3557
59;1;3557;59;1;6206
59;1;6206;59;1;180
59;1;181;59;1;538
59;1;538;59;1;815
59;1;815;59;1;2227
59;1;2227;59;1;181
59;1;8784;59;1;8786
59;1;8786;59;1;8784
59;1;4586;59;1;4594
59;1;4594;59;1;4586
59;1;7681;59;1;7816
59;1;7816;59;1;7681
59;1;7757;59;1;7817
59;1;7817;59;1;7757
59;1;7665;59;1;7819
59;1;7819;59;1;7665
59;1;7279;59;1;9520
59;1;9520;59;1;7279
59;1;7567;59;1;7572
59;1;7572;59;1;7595
59;1;7595;59;1;7567
59;1;7575;59;1;7642
59;1;7642;59;1;7575
59;1;7576;59;1;7669
59;1;7669;59;1;7671
59;1;7671;59;1;7576
59;1;7577;59;1;7691
59;1;7691;59;1;7577
59;1;4121;59;1;7579
59;1;7579;59;1;4121
59;1;7581;59;1;7808
59;1;7808;59;1;7581
59;1;7582;59;1;7659
59;1;7659;59;1;7582
59;1;6031;59;1;7583
59;1;7583;59;1;6031
59;1;6041;59;1;7584
59;1;7584;59;1;6041
59;1;7586;59;1;7822
59;1;7822;59;1;7586
59;1;6075;59;1;7590
59;1;7590;59;1;6075
59;1;6064;59;1;7591
59;1;7591;59;1;6064
59;1;6069;59;1;7592
59;1;7592;59;1;6069
59;1;2203;59;1;7593
59;1;7593;59;1;2203
59;1;8975;59;1;8980
59;1;8980;59;1;8975
59;1;6928;59;1;6958
59;1;6958;59;1;6928
59;1;4091;59;1;6930
59;1;6930;59;1;4091
59;1;3675;59;1;6931
59;1;6931;59;1;3675
59;1;3658;59;1;6932
59;1;6932;59;1;3658
59;1;3686;59;1;6933
59;1;6933;59;1;3686
59;1;8761;59;1;8775
59;1;8775;59;1;8761
59;1;8586;59;1;8764
59;1;8764;59;1;8586
59;1;9366;59;1;9367
59;1;9367;59;1;9366
59;1;4552;59;1;4554
59;1;4554;59;1;4552
59;1;4561;59;1;8753
59;1;8753;59;1;4561
59;1;8755;59;1;8848
59;1;8848;59;1;8755
59;1;8826;59;1;8828
59;1;8828;59;1;8826
59;1;8820;59;1;8822
59;1;8822;59;1;8820
59;1;6840;59;1;8729
59;1;8729;59;1;6840
59;1;3511;59;1;4116
59;1;4116;59;1;3511
59;1;4117;59;1;6865
59;1;6865;59;1;4117
59;1;823;59;1;825
59;1;825;59;1;2326
59;1;2326;59;1;823
59;1;4023;59;1;6432
59;1;6432;59;1;4023
59;1;4163;59;1;6511
59;1;6511;59;1;4163
59;1;826;59;1;3546
59;1;3546;59;1;826
59;1;827;59;1;2357
59;1;2357;59;1;827
59;1;828;59;1;1797
59;1;1797;59;1;1850
59;1;1850;59;1;828
59;1;1919;59;1;9340
59;1;9340;59;1;1919
59;1;816;59;1;6237
59;1;6237;59;1;816
59;1;817;59;1;6211
59;1;6211;59;1;6241
59;1;6241;59;1;817
59;1;165;59;1;818
59;1;818;59;1;8193
59;1;8193;59;1;165
59;1;819;59;1;6347
59;1;6347;59;1;6349
59;1;6349;59;1;819
59;1;820;59;1;3572
59;1;3572;59;1;820
59;1;821;59;1;6371
59;1;6371;59;1;6373
59;1;6373;59;1;821
59;1;822;59;1;2292
59;1;2292;59;1;822
59;1;6809;59;1;6816
59;1;6816;59;1;6809
59;1;6803;59;1;6810
59;1;6810;59;1;6803
59;1;8585;59;1;8587
59;1;8587;59;1;8585
59;1;6814;59;1;6823
59;1;6823;59;1;6814
59;1;6797;59;1;6817
59;1;6817;59;1;6797
59;1;6789;59;1;6818
59;1;6818;59;1;6789
59;1;2207;59;1;6819
59;1;6819;59;1;2207
59;1;6176;59;1;6820
59;1;6820;59;1;6176
59;1;6790;59;1;6793
59;1;6793;59;1;6807
59;1;6807;59;1;6790
59;1;6825;59;1;6827
59;1;6827;59;1;6825
59;1;9124;59;1;9126
59;1;9126;59;1;9124
59;1;6003;59;1;7494
59;1;7494;59;1;7496
59;1;7496;59;1;6003
59;1;6004;59;1;7510
59;1;7510;59;1;6004
59;1;3694;59;1;6985
59;1;6985;59;1;6989
59;1;6989;59;1;3694
59;1;6993;59;1;8065
59;1;8065;59;1;6993
59;1;6995;59;1;7995
59;1;7995;59;1;6995
59;1;6765;59;1;7881
59;1;7881;59;1;6765
59;1;6682;59;1;6999
59;1;6999;59;1;6682
59;1;6647;59;1;7000
59;1;7000;59;1;6647
59;1;6750;59;1;7001
59;1;7001;59;1;6750
59;1;6689;59;1;7003
59;1;7003;59;1;6689
59;1;7179;59;1;7263
59;1;7263;59;1;7179
59;1;7287;59;1;8608
59;1;8608;59;1;7287
59;1;7273;59;1;7460
59;1;7460;59;1;7273
59;1;7276;59;1;9488
59;1;9488;59;1;7276
59;1;7280;59;1;7597
59;1;7597;59;1;7280
59;1;7282;59;1;7629
59;1;7629;59;1;7282
59;1;7224;59;1;7247
59;1;7247;59;1;7224
59;1;7248;59;1;8618
59;1;8618;59;1;7248
59;1;7127;59;1;7221
59;1;7221;59;1;7127
59;1;8596;59;1;8597
59;1;8597;59;1;8596
59;1;7652;59;1;7657
59;1;7657;59;1;7652
59;1;6047;59;1;7658
59;1;7658;59;1;6047
59;1;7622;59;1;7660
59;1;7660;59;1;7622
59;1;7662;59;1;7795
59;1;7795;59;1;7662
59;1;7663;59;1;7723
59;1;7723;59;1;7663
59;1;7664;59;1;7771
59;1;7771;59;1;7664
59;1;8911;59;1;8921
59;1;8921;59;1;8911
59;1;8922;59;1;8924
59;1;8924;59;1;8922
59;1;1760;59;1;6021
59;1;6021;59;1;6024
59;1;6024;59;1;1760
59;1;1755;59;1;1762
59;1;1762;59;1;1755
59;1;1763;59;1;9069
59;1;9069;59;1;1763
59;1;2234;59;1;3868
59;1;3868;59;1;3870
59;1;3870;59;1;2234
59;1;786;59;1;2235
59;1;2235;59;1;786
59;1;2239;59;1;8083
59;1;8083;59;1;2239
59;1;135;59;1;2240
59;1;2240;59;1;3900
59;1;3900;59;1;135
59;1;134;59;1;2117
59;1;2117;59;1;2241
59;1;2241;59;1;134
59;1;2245;59;1;5704
59;1;5704;59;1;5706
59;1;5706;59;1;2245
59;1;1899;59;1;2247
59;1;2247;59;1;4039
59;1;4039;59;1;9528
59;1;9528;59;1;1899
59;1;1765;59;1;6027
59;1;6027;59;1;6029
59;1;6029;59;1;1765
59;1;1757;59;1;1766
59;1;1766;59;1;1757
59;1;1767;59;1;5999
59;1;5999;59;1;1767
59;1;6026;59;1;7653
59;1;7653;59;1;6026
59;1;1753;59;1;5701
59;1;5701;59;1;1753
59;1;1754;59;1;4040
59;1;4040;59;1;1754
59;1;7877;59;1;7912
59;1;7912;59;1;7877
59;1;6030;59;1;7876
59;1;7876;59;1;6030
59;1;7823;59;1;7844
59;1;7844;59;1;7823
59;1;6077;59;1;7846
59;1;7846;59;1;6077
59;1;7847;59;1;8081
59;1;8081;59;1;7847
59;1;2205;59;1;7848
59;1;7848;59;1;2205
59;1;7849;59;1;8982
59;1;8982;59;1;7849
59;1;2269;59;1;2274
59;1;2274;59;1;2269
59;1;1894;59;1;2270
59;1;2270;59;1;9541
59;1;9541;59;1;1894
59;1;1770;59;1;2123
59;1;2123;59;1;2271
59;1;2271;59;1;1770
59;1;5942;59;1;9329
59;1;9329;59;1;9330
59;1;9330;59;1;5942
59;1;6056;59;1;6074
59;1;6074;59;1;6056
59;1;6076;59;1;6087
59;1;6087;59;1;6076
59;1;8600;59;1;8601
59;1;8601;59;1;8600
59;1;1771;59;1;5929
59;1;5929;59;1;5931
59;1;5931;59;1;1771
59;1;1772;59;1;1791
59;1;1791;59;1;1772
59;1;1900;59;1;3997
59;1;3997;59;1;9529
59;1;9529;59;1;1900
59;1;1901;59;1;7882
59;1;7882;59;1;9530
59;1;9530;59;1;1901
59;1;1903;59;1;9066
59;1;9066;59;1;9532
59;1;9532;59;1;1903
59;1;1904;59;1;5691
59;1;5691;59;1;9533
59;1;9533;59;1;1904
59;1;1905;59;1;9534
59;1;9534;59;1;1905
59;1;1906;59;1;5337
59;1;5337;59;1;9535
59;1;9535;59;1;1906
59;1;37;59;1;140
59;1;140;59;1;403
59;1;403;59;1;1907
59;1;1907;59;1;9536
59;1;9536;59;1;37
59;1;1908;59;1;9537
59;1;9537;59;1;1908
59;1;1893;59;1;1909
59;1;1909;59;1;8146
59;1;8146;59;1;9538
59;1;9538;59;1;9540
59;1;9540;59;1;1893
59;1;5990;59;1;7480
59;1;7480;59;1;5990
59;1;5994;59;1;5998
59;1;5998;59;1;5994
59;1;6000;59;1;8985
59;1;8985;59;1;6000
59;1;6081;59;1;7824
59;1;7824;59;1;6081
59;1;7699;59;1;9121
59;1;9121;59;1;7699
59;1;7620;59;1;7700
59;1;7700;59;1;7620
59;1;7701;59;1;7710
59;1;7710;59;1;7701
59;1;7702;59;1;7792
59;1;7792;59;1;7702
59;1;7521;59;1;7531
59;1;7531;59;1;7521
59;1;7528;59;1;7532
59;1;7532;59;1;7528
59;1;7536;59;1;7668
59;1;7668;59;1;7536
59;1;7765;59;1;7778
59;1;7778;59;1;7780
59;1;7780;59;1;7765
59;1;7766;59;1;7787
59;1;7787;59;1;7766
59;1;7718;59;1;7720
59;1;7720;59;1;7767
59;1;7767;59;1;7718
59;1;7762;59;1;7768
59;1;7768;59;1;7762
59;1;7769;59;1;7800
59;1;7800;59;1;7769
59;1;7770;59;1;7813
59;1;7813;59;1;7770
59;1;6044;59;1;7772
59;1;7772;59;1;6044
59;1;7569;59;1;7628
59;1;7628;59;1;7569
59;1;7777;59;1;7791
59;1;7791;59;1;7777
59;1;7711;59;1;7793
59;1;7793;59;1;7797
59;1;7797;59;1;7711
59;1;7794;59;1;7810
59;1;7810;59;1;7794
59;1;7596;59;1;7599
59;1;7599;59;1;7596
59;1;7603;59;1;7676
59;1;7676;59;1;7603
59;1;7604;59;1;7689
59;1;7689;59;1;7604
59;1;7753;59;1;7755
59;1;7755;59;1;7760
59;1;7760;59;1;7753
59;1;7756;59;1;7805
59;1;7805;59;1;7756
59;1;9107;59;1;9108
59;1;9108;59;1;9107
59;1;7624;59;1;7672
59;1;7672;59;1;7624
59;1;7613;59;1;7673
59;1;7673;59;1;7613
59;1;7646;59;1;7674
59;1;7674;59;1;7646
59;1;7675;59;1;7705
59;1;7705;59;1;7675
59;1;7678;59;1;7804
59;1;7804;59;1;7678
59;1;7514;59;1;7561
59;1;7561;59;1;7514
59;1;7519;59;1;9391
59;1;9391;59;1;7519
59;1;7522;59;1;7527
59;1;7527;59;1;7522
59;1;7489;59;1;7523
59;1;7523;59;1;7489
59;1;7507;59;1;7524
59;1;7524;59;1;7507
59;1;7503;59;1;7509
59;1;7509;59;1;7503
59;1;7497;59;1;7511
59;1;7511;59;1;7497
59;1;8635;59;1;8636
59;1;8636;59;1;8635
59;1;7483;59;1;7487
59;1;7487;59;1;7483
59;1;6956;59;1;8861
59;1;8861;59;1;6956
59;1;6937;59;1;6957
59;1;6957;59;1;6937
59;1;6945;59;1;6960
59;1;6960;59;1;6945
59;1;6886;59;1;6961
59;1;6961;59;1;6886
59;1;6894;59;1;6962
59;1;6962;59;1;6894
59;1;5500;59;1;8622
59;1;8622;59;1;9450
59;1;9450;59;1;5500
59;1;5501;59;1;9458
59;1;9458;59;1;5501
59;1;1715;59;1;1822
59;1;1822;59;1;1840
59;1;1840;59;1;1715
59;1;680;59;1;1841
59;1;1841;59;1;680
59;1;1546;59;1;1842
59;1;1842;59;1;1546
59;1;64;59;1;325
59;1;325;59;1;1843
59;1;1843;59;1;64
59;1;670;59;1;1844
59;1;1844;59;1;670
59;1;742;59;1;1818
59;1;1818;59;1;1838
59;1;1838;59;1;742
59;1;1819;59;1;2353
59;1;2353;59;1;3746
59;1;3746;59;1;1819
59;1;1820;59;1;3749
59;1;3749;59;1;1820
59;1;1824;59;1;3812
59;1;3812;59;1;1824
59;1;326;59;1;3656
59;1;3656;59;1;326
59;1;671;59;1;3816
59;1;3816;59;1;8602
59;1;8602;59;1;671
59;1;3657;59;1;6941
59;1;6941;59;1;8868
59;1;8868;59;1;3657
59;1;3659;59;1;6971
59;1;6971;59;1;3659
59;1;3660;59;1;6950
59;1;6950;59;1;3660
59;1;1828;59;1;6900
59;1;6900;59;1;1828
59;1;1830;59;1;3497
59;1;3497;59;1;1830
59;1;1831;59;1;3513
59;1;3513;59;1;1831
59;1;1834;59;1;3770
59;1;3770;59;1;1834
59;1;1835;59;1;2297
59;1;2297;59;1;3722
59;1;3722;59;1;1835
59;1;7721;59;1;7799
59;1;7799;59;1;7721
59;1;7722;59;1;7812
59;1;7812;59;1;9333
59;1;9333;59;1;7722
59;1;3717;59;1;6946
59;1;6946;59;1;3717
59;1;3718;59;1;6887
59;1;6887;59;1;3718
59;1;3719;59;1;6895
59;1;6895;59;1;3719
59;1;3491;59;1;3500
59;1;3500;59;1;3491
59;1;3501;59;1;3774
59;1;3774;59;1;3501
59;1;3502;59;1;6924
59;1;6924;59;1;3502
59;1;3503;59;1;8223
59;1;8223;59;1;3503
59;1;3504;59;1;3651
59;1;3651;59;1;3504
59;1;3674;59;1;6940
59;1;6940;59;1;3674
59;1;3676;59;1;6967
59;1;6967;59;1;3676
59;1;3677;59;1;6949
59;1;6949;59;1;3677
59;1;3678;59;1;6891
59;1;6891;59;1;3678
59;1;3496;59;1;3516
59;1;3516;59;1;3496
59;1;3512;59;1;3517
59;1;3517;59;1;3512
59;1;119;59;1;741
59;1;741;59;1;3519
59;1;3519;59;1;8603
59;1;8603;59;1;119
59;1;9144;59;1;9146
59;1;9146;59;1;9144
59;1;3493;59;1;6912
59;1;6912;59;1;3493
59;1;3498;59;1;3576
59;1;3576;59;1;3498
59;1;3528;59;1;3652
59;1;3652;59;1;3528
59;1;9192;59;1;9430
59;1;9430;59;1;9192
59;1;8252;59;1;8272
59;1;8272;59;1;9193
59;1;9193;59;1;8252
59;1;8276;59;1;8277
59;1;8277;59;1;9195
59;1;9195;59;1;8276
59;1;6877;59;1;8604
59;1;8604;59;1;6877
59;1;6874;59;1;6879
59;1;6879;59;1;6874
59;1;3771;59;1;6880
59;1;6880;59;1;3771
59;1;2298;59;1;2300
59;1;2300;59;1;6881
59;1;6881;59;1;2298
59;1;3762;59;1;3765
59;1;3765;59;1;6882
59;1;6882;59;1;3762
59;1;3777;59;1;6883
59;1;6883;59;1;3777
59;1;121;59;1;743
59;1;743;59;1;3532
59;1;3532;59;1;6884
59;1;6884;59;1;121
59;1;6893;59;1;7164
59;1;7164;59;1;6893
59;1;6897;59;1;6911
59;1;6911;59;1;6897
59;1;6898;59;1;8752
59;1;8752;59;1;6898
59;1;6909;59;1;8145
59;1;8145;59;1;6909
59;1;6889;59;1;6910
59;1;6910;59;1;6889
59;1;3510;59;1;6913
59;1;6913;59;1;3510
59;1;6864;59;1;6914
59;1;6914;59;1;6864
59;1;6863;59;1;9335
59;1;9335;59;1;6863
59;1;682;59;1;3916
59;1;3916;59;1;3918
59;1;3918;59;1;682
59;1;681;59;1;3939
59;1;3939;59;1;681
59;1;679;59;1;3536
59;1;3536;59;1;5039
59;1;5039;59;1;679
59;1;678;59;1;731
59;1;731;59;1;5097
59;1;5097;59;1;678
59;1;3650;59;1;8780
59;1;8780;59;1;3650
59;1;3653;59;1;6846
59;1;6846;59;1;6855
59;1;6855;59;1;3653
59;1;2352;59;1;3680
59;1;3680;59;1;2352
59;1;1045;59;1;3458
59;1;3458;59;1;5024
59;1;5024;59;1;1045
59;1;123;59;1;744
59;1;744;59;1;5354
59;1;5354;59;1;123
59;1;745;59;1;3783
59;1;3783;59;1;745
59;1;6966;59;1;8749
59;1;8749;59;1;6966
59;1;3687;59;1;6972
59;1;6972;59;1;3687
59;1;6948;59;1;8750
59;1;8750;59;1;6948
59;1;3688;59;1;6951
59;1;6951;59;1;3688
59;1;3679;59;1;3758
59;1;3758;59;1;5012
59;1;5012;59;1;3679
59;1;3681;59;1;8877
59;1;8877;59;1;3681
59;1;3788;59;1;7999
59;1;7999;59;1;3788
59;1;1714;59;1;3938
59;1;3938;59;1;1714
59;1;7212;59;1;7223
59;1;7223;59;1;7212
59;1;7191;59;1;7255
59;1;7255;59;1;7191
59;1;7169;59;1;7347
59;1;7347;59;1;7169
59;1;9368;59;1;9370
59;1;9370;59;1;9368
59;1;7129;59;1;7193
59;1;7193;59;1;7129
59;1;8598;59;1;8599
59;1;8599;59;1;8598
59;1;7289;59;1;7302
59;1;7302;59;1;7289
59;1;6922;59;1;7170
59;1;7170;59;1;6922
59;1;6983;59;1;7006
59;1;7006;59;1;6983
59;1;6832;59;1;7010
59;1;7010;59;1;6832
59;1;6783;59;1;7012
59;1;7012;59;1;6783
59;1;7014;59;1;9167
59;1;9167;59;1;9168
59;1;9168;59;1;7014
59;1;6779;59;1;7015
59;1;7015;59;1;6779
59;1;2208;59;1;3627
59;1;3627;59;1;2208
59;1;558;59;1;8883
59;1;8883;59;1;558
59;1;3721;59;1;4887
59;1;4887;59;1;8627
59;1;8627;59;1;3721
59;1;556;59;1;4567
59;1;4567;59;1;556
59;1;555;59;1;2361
59;1;2361;59;1;555
59;1;552;59;1;554
59;1;554;59;1;778
59;1;778;59;1;552
59;1;4666;59;1;6104
59;1;6104;59;1;9360
59;1;9360;59;1;4666
59;1;4631;59;1;4667
59;1;4667;59;1;4631
59;1;4622;59;1;4668
59;1;4668;59;1;4622
59;1;4603;59;1;4669
59;1;4669;59;1;4603
59;1;3697;59;1;9172
59;1;9172;59;1;3697
59;1;3698;59;1;7994
59;1;7994;59;1;3698
59;1;2327;59;1;3541
59;1;3541;59;1;2327
59;1;3542;59;1;3547
59;1;3547;59;1;3542
59;1;7308;59;1;7340
59;1;7340;59;1;7308
59;1;7311;59;1;7462
59;1;7462;59;1;7311
59;1;7466;59;1;7479
59;1;7479;59;1;7543
59;1;7543;59;1;7466
59;1;2291;59;1;2367
59;1;2367;59;1;2291
59;1;3563;59;1;3585
59;1;3585;59;1;6361
59;1;6361;59;1;3563
59;1;585;59;1;587
59;1;587;59;1;2293
59;1;2293;59;1;585
59;1;568;59;1;2294
59;1;2294;59;1;568
59;1;8642;59;1;9338
59;1;9338;59;1;9339
59;1;9339;59;1;8642
59;1;6462;59;1;6509
59;1;6509;59;1;6462
59;1;6449;59;1;6510
59;1;6510;59;1;6449
59;1;6512;59;1;6523
59;1;6523;59;1;6512
59;1;4026;59;1;6513
59;1;6513;59;1;4026
59;1;6514;59;1;6520
59;1;6520;59;1;6514
59;1;6469;59;1;6504
59;1;6504;59;1;6469
59;1;589;59;1;8609
59;1;8609;59;1;589
59;1;111;59;1;572
59;1;572;59;1;6478
59;1;6478;59;1;8959
59;1;8959;59;1;111
59;1;8723;59;1;8960
59;1;8960;59;1;8723
59;1;2288;59;1;3470
59;1;3470;59;1;6668
59;1;6668;59;1;2288
59;1;6607;59;1;9064
59;1;9064;59;1;6607
59;1;8610;59;1;8611
59;1;8611;59;1;8610
59;1;6610;59;1;9593
59;1;9593;59;1;6610
59;1;3692;59;1;6479
59;1;6479;59;1;3692
59;1;3693;59;1;8716
59;1;8716;59;1;3693
59;1;147;59;1;164
59;1;164;59;1;573
59;1;573;59;1;147
59;1;574;59;1;2355
59;1;2355;59;1;574
59;1;575;59;1;1794
59;1;1794;59;1;6585
59;1;6585;59;1;575
59;1;596;59;1;1795
59;1;1795;59;1;596
59;1;595;59;1;2356
59;1;2356;59;1;595
59;1;6574;59;1;6584
59;1;6584;59;1;6574
59;1;6613;59;1;6619
59;1;6619;59;1;6613
59;1;6618;59;1;8967
59;1;8967;59;1;6618
59;1;6620;59;1;6624
59;1;6624;59;1;6620
59;1;6539;59;1;6623
59;1;6623;59;1;6539
59;1;3555;59;1;6543
59;1;6543;59;1;3555
59;1;6534;59;1;6536
59;1;6536;59;1;7977
59;1;7977;59;1;6534
59;1;6531;59;1;6544
59;1;6544;59;1;6531
59;1;6654;59;1;8064
59;1;8064;59;1;9113
59;1;9113;59;1;6654
59;1;6644;59;1;6747
59;1;6747;59;1;6644
59;1;6645;59;1;6760
59;1;6760;59;1;6645
59;1;6648;59;1;6688
59;1;6688;59;1;6648
59;1;6649;59;1;6660
59;1;6660;59;1;6649
59;1;3670;59;1;6653
59;1;6653;59;1;3670
59;1;4239;59;1;6522
59;1;6522;59;1;4239
59;1;4025;59;1;6393
59;1;6393;59;1;4025
59;1;4027;59;1;6487
59;1;6487;59;1;4027
59;1;6516;59;1;6658
59;1;6658;59;1;6708
59;1;6708;59;1;6516
59;1;6517;59;1;6627
59;1;6627;59;1;6517
59;1;3565;59;1;6519
59;1;6519;59;1;3565
59;1;4963;59;1;6731
59;1;6731;59;1;6735
59;1;6735;59;1;4963
59;1;6700;59;1;6705
59;1;6705;59;1;6700
59;1;8937;59;1;8939
59;1;8939;59;1;8937
59;1;6751;59;1;6761
59;1;6761;59;1;6751
59;1;6748;59;1;6752
59;1;6752;59;1;6748
59;1;6753;59;1;6781
59;1;6781;59;1;6753
59;1;6666;59;1;6671
59;1;6671;59;1;6666
59;1;6673;59;1;8071
59;1;8071;59;1;6673
59;1;6667;59;1;7986
59;1;7986;59;1;6667
59;1;4688;59;1;9180
59;1;9180;59;1;4688
59;1;2081;59;1;2363
59;1;2363;59;1;2081
59;1;2083;59;1;2370
59;1;2370;59;1;2083
59;1;2085;59;1;2405
59;1;2405;59;1;8198
59;1;8198;59;1;2085
59;1;2088;59;1;2151
59;1;2151;59;1;2088
59;1;167;59;1;2097
59;1;2097;59;1;8196
59;1;8196;59;1;167
59;1;2366;59;1;3571
59;1;3571;59;1;2366
59;1;3720;59;1;4886
59;1;4886;59;1;8629
59;1;8629;59;1;3720
59;1;187;59;1;4565
59;1;4565;59;1;9362
59;1;9362;59;1;187
59;1;186;59;1;8705
59;1;8705;59;1;186
59;1;52;59;1;185
59;1;185;59;1;52
59;1;775;59;1;4676
59;1;4676;59;1;9114
59;1;9114;59;1;9464
59;1;9464;59;1;775
59;1;588;59;1;6460
59;1;6460;59;1;588
59;1;182;59;1;3608
59;1;3608;59;1;182
59;1;6685;59;1;7950
59;1;7950;59;1;6685
59;1;7074;59;1;8624
59;1;8624;59;1;7074
59;1;2048;59;1;3466
59;1;3466;59;1;4689
59;1;4689;59;1;2048
59;1;2049;59;1;8895
59;1;8895;59;1;2049
59;1;2052;59;1;2371
59;1;2371;59;1;2052
59;1;803;59;1;2053
59;1;2053;59;1;2149
59;1;2149;59;1;803
59;1;613;59;1;2153
59;1;2153;59;1;613
59;1;2154;59;1;8306
59;1;8306;59;1;8308
59;1;8308;59;1;2154
59;1;546;59;1;2155
59;1;2155;59;1;3601
59;1;3601;59;1;546
59;1;171;59;1;3467
59;1;3467;59;1;4690
59;1;4690;59;1;171
59;1;170;59;1;2372
59;1;2372;59;1;2374
59;1;2374;59;1;170
59;1;168;59;1;3561
59;1;3561;59;1;168
59;1;581;59;1;773
59;1;773;59;1;581
59;1;565;59;1;772
59;1;772;59;1;565
59;1;6136;59;1;8712
59;1;8712;59;1;6136
59;1;6693;59;1;6695
59;1;6695;59;1;6693
59;1;6698;59;1;9388
59;1;9388;59;1;6698
59;1;6500;59;1;6524
59;1;6524;59;1;6500
59;1;6527;59;1;7894
59;1;7894;59;1;6527
59;1;6528;59;1;9517
59;1;9517;59;1;6528
59;1;4691;59;1;9173
59;1;9173;59;1;9176
59;1;9176;59;1;4691
59;1;8772;59;1;8905
59;1;8905;59;1;8772
59;1;2379;59;1;8910
59;1;8910;59;1;2379
59;1;2375;59;1;2380
59;1;2380;59;1;2375
59;1;3671;59;1;9044
59;1;9044;59;1;3671
59;1;6177;59;1;8886
59;1;8886;59;1;6177
59;1;4566;59;1;6179
59;1;6179;59;1;4566
59;1;6095;59;1;7873
59;1;7873;59;1;6095
59;1;777;59;1;2397
59;1;2397;59;1;6185
59;1;6185;59;1;8612
59;1;8612;59;1;777
59;1;6482;59;1;6490
59;1;6490;59;1;6482
59;1;6488;59;1;6501
59;1;6501;59;1;6488
59;1;4604;59;1;4672
59;1;4672;59;1;4604
59;1;4623;59;1;4671
59;1;4671;59;1;4623
59;1;4632;59;1;4670
59;1;4670;59;1;4632
59;1;3646;59;1;8122
59;1;8122;59;1;3646
59;1;550;59;1;3647
59;1;3647;59;1;550
59;1;6116;59;1;7907
59;1;7907;59;1;6116
59;1;3648;59;1;6121
59;1;6121;59;1;3648
59;1;3649;59;1;6125
59;1;6125;59;1;3649
59;1;6576;59;1;8972
59;1;8972;59;1;6576
59;1;6379;59;1;8932
59;1;8932;59;1;6379
59;1;6389;59;1;8933
59;1;8933;59;1;6389
59;1;7614;59;1;7683
59;1;7683;59;1;7614
59;1;7647;59;1;7684
59;1;7684;59;1;7647
59;1;6680;59;1;6684
59;1;6684;59;1;6680
59;1;6714;59;1;6757
59;1;6757;59;1;6714
59;1;6758;59;1;6763
59;1;6763;59;1;9422
59;1;9422;59;1;6758
59;1;4150;59;1;6784
59;1;6784;59;1;4150
59;1;4151;59;1;6712
59;1;6712;59;1;4151
59;1;9421;59;1;9423
59;1;9423;59;1;9421
59;1;6676;59;1;6718
59;1;6718;59;1;6676
59;1;4161;59;1;6719
59;1;6719;59;1;4161
59;1;6918;59;1;8242
59;1;8242;59;1;8244
59;1;8244;59;1;9017
59;1;9017;59;1;9159
59;1;9159;59;1;6918
59;1;675;59;1;1928
59;1;1928;59;1;3614
59;1;3614;59;1;675
59;1;674;59;1;7446
59;1;7446;59;1;674
59;1;673;59;1;3920
59;1;3920;59;1;673
59;1;3588;59;1;3953
59;1;3953;59;1;3588
59;1;672;59;1;7955
59;1;7955;59;1;672
59;1;669;59;1;5045
59;1;5045;59;1;5047
59;1;5047;59;1;669
59;1;323;59;1;668
59;1;668;59;1;1801
59;1;1801;59;1;323
59;1;667;59;1;5075
59;1;5075;59;1;8221
59;1;8221;59;1;667
59;1;666;59;1;732
59;1;732;59;1;666
59;1;665;59;1;2060
59;1;2060;59;1;5081
59;1;5081;59;1;665
59;1;664;59;1;1720
59;1;1720;59;1;5110
59;1;5110;59;1;664
59;1;524;59;1;658
59;1;658;59;1;663
59;1;663;59;1;752
59;1;752;59;1;524
59;1;6065;59;1;8142
59;1;8142;59;1;6065
59;1;6070;59;1;6088
59;1;6088;59;1;6070
59;1;2204;59;1;6089
59;1;6089;59;1;2204
59;1;8976;59;1;8981
59;1;8981;59;1;8976
59;1;4162;59;1;6707
59;1;6707;59;1;4162
59;1;6670;59;1;6774
59;1;6774;59;1;6670
59;1;6499;59;1;9514
59;1;9514;59;1;6499
59;1;6188;59;1;6192
59;1;6192;59;1;6188
59;1;6193;59;1;6195
59;1;6195;59;1;6193
59;1;6459;59;1;6468
59;1;6468;59;1;6459
59;1;6470;59;1;6473
59;1;6473;59;1;6470
59;1;6034;59;1;6039
59;1;6039;59;1;6034
59;1;5675;59;1;8068
59;1;8068;59;1;5675
59;1;3699;59;1;5677
59;1;5677;59;1;9503
59;1;9503;59;1;3699
59;1;4637;59;1;4661
59;1;4661;59;1;4637
59;1;4630;59;1;4662
59;1;4662;59;1;4630
59;1;4621;59;1;4663
59;1;4663;59;1;4621
59;1;4602;59;1;4664
59;1;4664;59;1;4602
59;1;4627;59;1;4647
59;1;4647;59;1;4627
59;1;4618;59;1;4648
59;1;4648;59;1;4618
59;1;4599;59;1;4649
59;1;4649;59;1;4599
59;1;4638;59;1;4656
59;1;4656;59;1;4638
59;1;4629;59;1;4657
59;1;4657;59;1;4629
59;1;4620;59;1;4658
59;1;4658;59;1;4620
59;1;4601;59;1;4659
59;1;4659;59;1;4601
59;1;5974;59;1;5976
59;1;5976;59;1;5974
59;1;5937;59;1;7850
59;1;7850;59;1;5937
59;1;1789;59;1;5977
59;1;5977;59;1;1789
59;1;5941;59;1;7851
59;1;7851;59;1;5941
59;1;7639;59;1;7643
59;1;7643;59;1;7639
59;1;4577;59;1;4579
59;1;4579;59;1;4577
59;1;8171;59;1;8180
59;1;8180;59;1;8171
59;1;6723;59;1;8172
59;1;8172;59;1;6723
59;1;874;59;1;875
59;1;875;59;1;5442
59;1;5442;59;1;874
59;1;2256;59;1;5443
59;1;5443;59;1;5445
59;1;5445;59;1;2256
59;1;3826;59;1;8124
59;1;8124;59;1;3826
59;1;733;59;1;3827
59;1;3827;59;1;733
59;1;3828;59;1;5082
59;1;5082;59;1;3828
59;1;5091;59;1;7852
59;1;7852;59;1;5091
59;1;8427;59;1;8429
59;1;8429;59;1;8427
59;1;5847;59;1;8430
59;1;8430;59;1;5847
59;1;5827;59;1;8431
59;1;8431;59;1;5827
59;1;5852;59;1;8432
59;1;8432;59;1;5852
59;1;5857;59;1;8433
59;1;8433;59;1;5857
59;1;1915;59;1;5630
59;1;5630;59;1;8426
59;1;8426;59;1;1915
59;1;6346;59;1;7859
59;1;7859;59;1;6346
59;1;6363;59;1;7853
59;1;7853;59;1;6363
59;1;4605;59;1;4610
59;1;4610;59;1;4605
59;1;4611;59;1;4616
59;1;4616;59;1;4611
59;1;4612;59;1;4633
59;1;4633;59;1;4612
59;1;4613;59;1;6106
59;1;6106;59;1;4613
59;1;6196;59;1;8197
59;1;8197;59;1;6196
59;1;3559;59;1;6197
59;1;6197;59;1;3559
59;1;7638;59;1;7645
59;1;7645;59;1;7638
59;1;7648;59;1;7694
59;1;7694;59;1;7648
59;1;3766;59;1;5348
59;1;5348;59;1;3766
59;1;4673;59;1;4889
59;1;4889;59;1;4910
59;1;4910;59;1;5424
59;1;5424;59;1;4673
59;1;4895;59;1;4903
59;1;4903;59;1;4907
59;1;4907;59;1;4895
59;1;4905;59;1;5273
59;1;5273;59;1;5425
59;1;5425;59;1;4905
59;1;4913;59;1;8211
59;1;8211;59;1;4913
59;1;1914;59;1;5807
59;1;5807;59;1;5809
59;1;5809;59;1;1914
59;1;5810;59;1;5846
59;1;5846;59;1;5810
59;1;7854;59;1;7928
59;1;7928;59;1;7854
59;1;5811;59;1;5851
59;1;5851;59;1;5811
59;1;5856;59;1;7855
59;1;7855;59;1;5856
59;1;5862;59;1;7856
59;1;7856;59;1;5862
59;1;8614;59;1;8615
59;1;8615;59;1;8614
59;1;5629;59;1;5806
59;1;5806;59;1;5629
59;1;9298;59;1;9300
59;1;9300;59;1;9298
59;1;9296;59;1;9302
59;1;9302;59;1;9296
59;1;3805;59;1;6847
59;1;6847;59;1;3805
59;1;1968;59;1;2044
59;1;2044;59;1;1968
59;1;1969;59;1;9341
59;1;9341;59;1;1969
59;1;910;59;1;1972
59;1;1972;59;1;2196
59;1;2196;59;1;910
59;1;1975;59;1;5901
59;1;5901;59;1;1975
59;1;1976;59;1;2385
59;1;2385;59;1;5545
59;1;5545;59;1;1976
59;1;4187;59;1;4189
59;1;4189;59;1;4187
59;1;5926;59;1;5966
59;1;5966;59;1;5926
59;1;406;59;1;5927
59;1;5927;59;1;406
59;1;5972;59;1;7857
59;1;7857;59;1;5972
59;1;5928;59;1;5982
59;1;5982;59;1;5928
59;1;4899;59;1;4908
59;1;4908;59;1;4899
59;1;5664;59;1;5905
59;1;5905;59;1;5907
59;1;5907;59;1;5664
59;1;5659;59;1;7858
59;1;7858;59;1;5659
59;1;5643;59;1;5908
59;1;5908;59;1;5643
59;1;2127;59;1;5909
59;1;5909;59;1;2127
59;1;5910;59;1;5912
59;1;5912;59;1;5910
59;1;1775;59;1;3822
59;1;3822;59;1;1775
59;1;1777;59;1;3835
59;1;3835;59;1;1777
59;1;1778;59;1;9462
59;1;9462;59;1;1778
59;1;131;59;1;726
59;1;726;59;1;1779
59;1;1779;59;1;2349
59;1;2349;59;1;131
59;1;4;59;1;223
59;1;223;59;1;443
59;1;443;59;1;5389
59;1;5389;59;1;4
59;1;224;59;1;5293
59;1;5293;59;1;224
59;1;225;59;1;905
59;1;905;59;1;225
59;1;226;59;1;2192
59;1;2192;59;1;226
59;1;227;59;1;229
59;1;229;59;1;227
59;1;1216;59;1;1218
59;1;1218;59;1;1216
59;1;3460;59;1;3594
59;1;3594;59;1;5190
59;1;5190;59;1;3460
59;1;217;59;1;686
59;1;686;59;1;217
59;1;3461;59;1;7966
59;1;7966;59;1;3461
59;1;218;59;1;5181
59;1;5181;59;1;218
59;1;219;59;1;2167
59;1;2167;59;1;219
59;1;220;59;1;2065
59;1;2065;59;1;220
59;1;214;59;1;221
59;1;221;59;1;214
59;1;222;59;1;390
59;1;390;59;1;222
59;1;624;59;1;9449
59;1;9449;59;1;624
59;1;9268;59;1;9274
59;1;9274;59;1;9268
59;1;9270;59;1;9272
59;1;9272;59;1;9270
59;1;9260;59;1;9262
59;1;9262;59;1;9260
59;1;8444;59;1;8454
59;1;8454;59;1;8444
59;1;8456;59;1;8458
59;1;8458;59;1;8456
59;1;9266;59;1;9276
59;1;9276;59;1;9266
59;1;9258;59;1;9264
59;1;9264;59;1;9258
59;1;8560;59;1;8562
59;1;8562;59;1;8560
59;1;8446;59;1;8448
59;1;8448;59;1;8446
59;1;8450;59;1;8452
59;1;8452;59;1;8450
59;1;3173;59;1;3333
59;1;3333;59;1;3173
59;1;8544;59;1;8546
59;1;8546;59;1;8544
59;1;8550;59;1;8552
59;1;8552;59;1;8550
59;1;8548;59;1;8554
59;1;8554;59;1;8548
59;1;6557;59;1;9483
59;1;9483;59;1;6557
59;1;6558;59;1;8158
59;1;8158;59;1;6558
59;1;6559;59;1;6561
59;1;6561;59;1;8918
59;1;8918;59;1;6559
59;1;6341;59;1;6358
59;1;6358;59;1;6341
59;1;3551;59;1;6360
59;1;6360;59;1;6370
59;1;6370;59;1;3551
59;1;4617;59;1;4644
59;1;4644;59;1;4617
59;1;4919;59;1;4923
59;1;4923;59;1;4919
59;1;4619;59;1;4653
59;1;4653;59;1;4619
59;1;7739;59;1;7746
59;1;7746;59;1;7781
59;1;7781;59;1;7739
59;1;7716;59;1;7782
59;1;7782;59;1;7716
59;1;7729;59;1;7783
59;1;7783;59;1;7729
59;1;7736;59;1;7784
59;1;7784;59;1;7736
59;1;4123;59;1;7709
59;1;7709;59;1;7776
59;1;7776;59;1;4123
59;1;6290;59;1;6292
59;1;6292;59;1;6290
59;1;6293;59;1;8348
59;1;8348;59;1;6293
59;1;6294;59;1;6353
59;1;6353;59;1;6294
59;1;3574;59;1;7860
59;1;7860;59;1;3574
59;1;6295;59;1;6376
59;1;6376;59;1;6295
59;1;6289;59;1;7914
59;1;7914;59;1;6289
59;1;6438;59;1;7861
59;1;7861;59;1;6438
59;1;6435;59;1;6446
59;1;6446;59;1;6435
59;1;6421;59;1;7862
59;1;7862;59;1;6421
59;1;6425;59;1;6448
59;1;6448;59;1;6425
59;1;6450;59;1;6496
59;1;6496;59;1;6450
59;1;6451;59;1;6456
59;1;6456;59;1;6451
59;1;8908;59;1;9482
59;1;9482;59;1;8908
59;1;8909;59;1;8915
59;1;8915;59;1;8909
59;1;7740;59;1;7786
59;1;7786;59;1;7740
59;1;7788;59;1;7798
59;1;7798;59;1;7788
59;1;7789;59;1;7811
59;1;7811;59;1;7789
59;1;6733;59;1;8945
59;1;8945;59;1;6733
59;1;3163;59;1;3323
59;1;3323;59;1;3163
59;1;4471;59;1;4477
59;1;4477;59;1;4471
59;1;4473;59;1;4475
59;1;4475;59;1;4473
59;1;3165;59;1;3325
59;1;3325;59;1;3165
59;1;715;59;1;717
59;1;717;59;1;8990
59;1;8990;59;1;715
59;1;714;59;1;780
59;1;780;59;1;5516
59;1;5516;59;1;714
59;1;466;59;1;713
59;1;713;59;1;1131
59;1;1131;59;1;466
59;1;711;59;1;3896
59;1;3896;59;1;711
59;1;710;59;1;3904
59;1;3904;59;1;3991
59;1;3991;59;1;710
59;1;709;59;1;2118
59;1;2118;59;1;709
59;1;1059;59;1;1062
59;1;1062;59;1;1059
59;1;3189;59;1;3348
59;1;3348;59;1;3189
59;1;3191;59;1;3350
59;1;3350;59;1;3191
59;1;1580;59;1;1582
59;1;1582;59;1;1580
59;1;1576;59;1;1578
59;1;1578;59;1;1576
59;1;729;59;1;749
59;1;749;59;1;1994
59;1;1994;59;1;2388
59;1;2388;59;1;729
59;1;750;59;1;3729
59;1;3729;59;1;750
59;1;751;59;1;3741
59;1;3741;59;1;3743
59;1;3743;59;1;751
59;1;1051;59;1;1053
59;1;1053;59;1;1055
59;1;1055;59;1;1057
59;1;1057;59;1;1064
59;1;1064;59;1;1068
59;1;1068;59;1;1072
59;1;1072;59;1;1051
59;1;28;59;1;1066
59;1;1066;59;1;1070
59;1;1070;59;1;28
59;1;1993;59;1;3796
59;1;3796;59;1;1993
59;1;5226;59;1;9455
59;1;9455;59;1;5226
59;1;5225;59;1;7883
59;1;7883;59;1;5225
59;1;5223;59;1;7864
59;1;7864;59;1;5223
59;1;5410;59;1;7865
59;1;7865;59;1;5410
59;1;3734;59;1;5227
59;1;5227;59;1;3734
59;1;2502;59;1;8120
59;1;8120;59;1;2502
59;1;2503;59;1;8370
59;1;8370;59;1;2503
59;1;480;59;1;2505
59;1;2505;59;1;480
59;1;2506;59;1;5317
59;1;5317;59;1;5524
59;1;5524;59;1;2506
59;1;6097;59;1;6099
59;1;6099;59;1;6109
59;1;6109;59;1;6097
59;1;6114;59;1;7866
59;1;7866;59;1;6114
59;1;6100;59;1;6119
59;1;6119;59;1;6100
59;1;6101;59;1;6124
59;1;6124;59;1;6101
59;1;6102;59;1;8052
59;1;8052;59;1;6102
59;1;698;59;1;5397
59;1;5397;59;1;8363
59;1;8363;59;1;698
59;1;8364;59;1;8376
59;1;8376;59;1;8364
59;1;2169;59;1;8368
59;1;8368;59;1;2169
59;1;2067;59;1;8369
59;1;8369;59;1;2067
59;1;8334;59;1;9373
59;1;9373;59;1;8334
59;1;8330;59;1;8335
59;1;8335;59;1;8330
59;1;8336;59;1;8340
59;1;8340;59;1;8336
59;1;8337;59;1;8341
59;1;8341;59;1;8337
59;1;8338;59;1;8342
59;1;8342;59;1;8338
59;1;6434;59;1;6439
59;1;6439;59;1;6434
59;1;6416;59;1;7867
59;1;7867;59;1;6416
59;1;6420;59;1;6441
59;1;6441;59;1;6420
59;1;6424;59;1;6442
59;1;6442;59;1;6424
59;1;5829;59;1;7926
59;1;7926;59;1;5829
59;1;4574;59;1;5830
59;1;5830;59;1;4574
59;1;1781;59;1;1792
59;1;1792;59;1;5947
59;1;5947;59;1;1781
59;1;1782;59;1;1863
59;1;1863;59;1;1782
59;1;1783;59;1;2218
59;1;2218;59;1;1783
59;1;5945;59;1;5948
59;1;5948;59;1;5945
59;1;2216;59;1;5949
59;1;5949;59;1;5958
59;1;5958;59;1;2216
59;1;690;59;1;5151
59;1;5151;59;1;5365
59;1;5365;59;1;690
59;1;5367;59;1;8108
59;1;8108;59;1;5367
59;1;2178;59;1;7870
59;1;7870;59;1;2178
59;1;2136;59;1;7871
59;1;7871;59;1;2136
59;1;363;59;1;383
59;1;383;59;1;5369
59;1;5369;59;1;363
59;1;7872;59;1;8133
59;1;8133;59;1;7872
59;1;6223;59;1;6228
59;1;6228;59;1;6223
59;1;475;59;1;5066
59;1;5066;59;1;8987
59;1;8987;59;1;475
59;1;474;59;1;737
59;1;737;59;1;474
59;1;473;59;1;5085
59;1;5085;59;1;473
59;1;472;59;1;5095
59;1;5095;59;1;472
59;1;470;59;1;655
59;1;655;59;1;718
59;1;718;59;1;470
59;1;469;59;1;484
59;1;484;59;1;8991
59;1;8991;59;1;469
59;1;4636;59;1;4651
59;1;4651;59;1;4636
59;1;4628;59;1;4652
59;1;4652;59;1;4628
59;1;4600;59;1;4654
59;1;4654;59;1;4600
59;1;3584;59;1;5198
59;1;5198;59;1;3584
59;1;482;59;1;5184
59;1;5184;59;1;482
59;1;3586;59;1;5284
59;1;5284;59;1;3586
59;1;481;59;1;2171
59;1;2171;59;1;481
59;1;2069;59;1;3587
59;1;3587;59;1;2069
59;1;191;59;1;479
59;1;479;59;1;191
59;1;1996;59;1;2023
59;1;2023;59;1;1996
59;1;602;59;1;1998
59;1;1998;59;1;602
59;1;2004;59;1;5586
59;1;5586;59;1;2004
59;1;369;59;1;1869
59;1;1869;59;1;2008
59;1;2008;59;1;369
59;1;2009;59;1;2105
59;1;2105;59;1;2009
59;1;2010;59;1;8034
59;1;8034;59;1;2010
59;1;1021;59;1;1023
59;1;1023;59;1;1025
59;1;1025;59;1;1021
59;1;2012;59;1;8721
59;1;8721;59;1;2012
59;1;2016;59;1;2020
59;1;2020;59;1;2099
59;1;2099;59;1;4157
59;1;4157;59;1;9316
59;1;9316;59;1;2016
59;1;58;59;1;305
59;1;305;59;1;5175
59;1;5175;59;1;5179
59;1;5179;59;1;58
59;1;434;59;1;5180
59;1;5180;59;1;434
59;1;5385;59;1;7874
59;1;7874;59;1;5385
59;1;7875;59;1;8094
59;1;8094;59;1;7875
59;1;5182;59;1;5399
59;1;5399;59;1;5182
59;1;5186;59;1;8125
59;1;8125;59;1;9071
59;1;9071;59;1;5186
59;1;353;59;1;2015
59;1;2015;59;1;353
59;1;692;59;1;2018
59;1;2018;59;1;692
59;1;1298;59;1;1300
59;1;1300;59;1;1298
59;1;84;59;1;90
59;1;90;59;1;84
59;1;148;59;1;405
59;1;405;59;1;2122
59;1;2122;59;1;148
59;1;2124;59;1;2213
59;1;2213;59;1;5833
59;1;5833;59;1;2124
59;1;3615;59;1;3992
59;1;3992;59;1;3994
59;1;3994;59;1;3615
59;1;5787;59;1;8413
59;1;8413;59;1;5787
59;1;5671;59;1;5788
59;1;5788;59;1;5671
59;1;5762;59;1;5789
59;1;5789;59;1;5762
59;1;5790;59;1;5792
59;1;5792;59;1;5790
59;1;6048;59;1;6050
59;1;6050;59;1;6048
59;1;6040;59;1;6051
59;1;6051;59;1;6040
59;1;56;59;1;297
59;1;297;59;1;299
59;1;299;59;1;384
59;1;384;59;1;386
59;1;386;59;1;56
59;1;387;59;1;5373
59;1;5373;59;1;387
59;1;388;59;1;428
59;1;428;59;1;388
59;1;45;59;1;389
59;1;389;59;1;45
59;1;391;59;1;5388
59;1;5388;59;1;391
59;1;392;59;1;394
59;1;394;59;1;392
59;1;2360;59;1;8702
59;1;8702;59;1;2360
59;1;7745;59;1;7749
59;1;7749;59;1;7745
59;1;7715;59;1;7750
59;1;7750;59;1;7715
59;1;7728;59;1;7751
59;1;7751;59;1;7728
59;1;7733;59;1;7735
59;1;7735;59;1;7752
59;1;7752;59;1;7733
59;1;3808;59;1;3935
59;1;3935;59;1;3808
59;1;3809;59;1;3811
59;1;3811;59;1;3809
59;1;3943;59;1;7878
59;1;7878;59;1;3943
59;1;7621;59;1;7809
59;1;7809;59;1;7621
59;1;757;59;1;5736
59;1;5736;59;1;757
59;1;5738;59;1;5745
59;1;5745;59;1;5738
59;1;9355;59;1;9356
59;1;9356;59;1;9355
59;1;6683;59;1;6687
59;1;6687;59;1;6683
59;1;6690;59;1;6692
59;1;6692;59;1;6690
59;1;4265;59;1;4271
59;1;4271;59;1;4265
59;1;4267;59;1;4269
59;1;4269;59;1;4267
59;1;3564;59;1;6390
59;1;6390;59;1;3564
59;1;4279;59;1;4285
59;1;4285;59;1;4279
59;1;4281;59;1;4283
59;1;4283;59;1;4281
59;1;8287;59;1;8621
59;1;8621;59;1;8287
59;1;8284;59;1;8286
59;1;8286;59;1;8284
59;1;493;59;1;503
59;1;503;59;1;493
59;1;502;59;1;513
59;1;513;59;1;502
59;1;246;59;1;501
59;1;501;59;1;246
59;1;8013;59;1;8464
59;1;8464;59;1;8013
59;1;1336;59;1;1340
59;1;1340;59;1;1336
59;1;1332;59;1;1334
59;1;1334;59;1;1338
59;1;1338;59;1;1332
59;1;1521;59;1;1523
59;1;1523;59;1;1529
59;1;1529;59;1;1531
59;1;1531;59;1;3610
59;1;3610;59;1;1521
59;1;8724;59;1;8727
59;1;8727;59;1;8724
59;1;1806;59;1;3643
59;1;3643;59;1;1806
59;1;2311;59;1;3859
59;1;3859;59;1;2311
59;1;785;59;1;2312
59;1;2312;59;1;785
59;1;2314;59;1;3895
59;1;3895;59;1;2314
59;1;5009;59;1;5709
59;1;5709;59;1;5009
59;1;608;59;1;6321
59;1;6321;59;1;9521
59;1;9521;59;1;608
59;1;603;59;1;648
59;1;648;59;1;603
59;1;604;59;1;2340
59;1;2340;59;1;604
59;1;605;59;1;633
59;1;633;59;1;919
59;1;919;59;1;605
59;1;917;59;1;2273
59;1;2273;59;1;2387
59;1;2387;59;1;9504
59;1;9504;59;1;917
59;1;913;59;1;918
59;1;918;59;1;913
59;1;9436;59;1;9440
59;1;9440;59;1;9436
59;1;9437;59;1;9444
59;1;9444;59;1;9437
59;1;5497;59;1;9523
59;1;9523;59;1;5497
59;1;3582;59;1;3612
59;1;3612;59;1;4156
59;1;4156;59;1;3582
59;1;5218;59;1;8007
59;1;8007;59;1;5218
59;1;515;59;1;5219
59;1;5219;59;1;515
59;1;520;59;1;5220
59;1;5220;59;1;520
59;1;5652;59;1;5679
59;1;5679;59;1;5687
59;1;5687;59;1;5652
59;1;5680;59;1;8087
59;1;8087;59;1;5680
59;1;5682;59;1;9507
59;1;9507;59;1;5682
59;1;5276;59;1;9442
59;1;9442;59;1;5276
59;1;6563;59;1;6565
59;1;6565;59;1;6563
59;1;6568;59;1;6572
59;1;6572;59;1;6568
59;1;6279;59;1;8346
59;1;8346;59;1;6279
59;1;6304;59;1;8349
59;1;8349;59;1;6304
59;1;8701;59;1;8706
59;1;8706;59;1;8701
59;1;8709;59;1;8710
59;1;8710;59;1;8709
59;1;6216;59;1;6221
59;1;6221;59;1;6216
59;1;2404;59;1;7885
59;1;7885;59;1;2404
59;1;7886;59;1;8029
59;1;8029;59;1;7886
59;1;6231;59;1;7887
59;1;7887;59;1;6231
59;1;7888;59;1;7899
59;1;7899;59;1;7888
59;1;6224;59;1;6234
59;1;6234;59;1;6224
59;1;6219;59;1;7889
59;1;7889;59;1;6219
59;1;6214;59;1;6225
59;1;6225;59;1;6214
59;1;3892;59;1;7890
59;1;7890;59;1;3892
59;1;3707;59;1;7891
59;1;7891;59;1;3707
59;1;3848;59;1;5092
59;1;5092;59;1;3848
59;1;316;59;1;5093
59;1;5093;59;1;316
59;1;3854;59;1;5094
59;1;5094;59;1;3854
59;1;8465;59;1;8689
59;1;8689;59;1;8465
59;1;8466;59;1;8473
59;1;8473;59;1;8466
59;1;3732;59;1;5138
59;1;5138;59;1;3732
59;1;517;59;1;5139
59;1;5139;59;1;517
59;1;522;59;1;5140
59;1;5140;59;1;5142
59;1;5142;59;1;522
59;1;456;59;1;5899
59;1;5899;59;1;5904
59;1;5904;59;1;456
59;1;5546;59;1;5900
59;1;5900;59;1;9494
59;1;9494;59;1;5546
59;1;2185;59;1;7892
59;1;7892;59;1;2185
59;1;5896;59;1;5902
59;1;5902;59;1;5896
59;1;6474;59;1;8962
59;1;8962;59;1;6474
59;1;1876;59;1;6317
59;1;6317;59;1;8391
59;1;8391;59;1;1876
59;1;2021;59;1;8114
59;1;8114;59;1;2021
59;1;4871;59;1;4873
59;1;4873;59;1;4871
59;1;3685;59;1;7893
59;1;7893;59;1;3685
59;1;621;59;1;7909
59;1;7909;59;1;621
59;1;9342;59;1;9343
59;1;9343;59;1;9342
59;1;549;59;1;616
59;1;616;59;1;549
59;1;615;59;1;6137
59;1;6137;59;1;615
59;1;614;59;1;2406
59;1;2406;59;1;614
59;1;612;59;1;6263
59;1;6263;59;1;612
59;1;611;59;1;6271
59;1;6271;59;1;611
59;1;535;59;1;578
59;1;578;59;1;610
59;1;610;59;1;535
59;1;609;59;1;6311
59;1;6311;59;1;609
59;1;562;59;1;607
59;1;607;59;1;562
59;1;5171;59;1;5174
59;1;5174;59;1;5171
59;1;5169;59;1;5172
59;1;5172;59;1;5169
59;1;2186;59;1;2384
59;1;2384;59;1;2186
59;1;5450;59;1;9029
59;1;9029;59;1;5450
59;1;9030;59;1;9032
59;1;9032;59;1;9030
59;1;499;59;1;3628
59;1;3628;59;1;9477
59;1;9477;59;1;499
59;1;4568;59;1;9181
59;1;9181;59;1;4568
59;1;8297;59;1;8299
59;1;8299;59;1;8297
59;1;8676;59;1;8679
59;1;8679;59;1;8676
59;1;6170;59;1;8042
59;1;8042;59;1;9119
59;1;9119;59;1;6170
59;1;4941;59;1;4944
59;1;4944;59;1;4941
59;1;6150;59;1;6155
59;1;6155;59;1;6150
59;1;6160;59;1;7895
59;1;7895;59;1;6160
59;1;6148;59;1;6151
59;1;6151;59;1;6148
59;1;6143;59;1;6152
59;1;6152;59;1;6143
59;1;6133;59;1;6153
59;1;6153;59;1;6158
59;1;6158;59;1;6133
59;1;1742;59;1;6325
59;1;6325;59;1;1742
59;1;531;59;1;925
59;1;925;59;1;6326
59;1;6326;59;1;531
59;1;9399;59;1;9401
59;1;9401;59;1;9399
59;1;1790;59;1;9486
59;1;9486;59;1;1790
59;1;8176;59;1;8184
59;1;8184;59;1;8176
59;1;6724;59;1;8177
59;1;8177;59;1;6724
59;1;5455;59;1;9034
59;1;9034;59;1;5455
59;1;240;59;1;5456
59;1;5456;59;1;240
59;1;6890;59;1;8751
59;1;8751;59;1;6890
59;1;5608;59;1;8070
59;1;8070;59;1;5608
59;1;2344;59;1;5603
59;1;5603;59;1;5609
59;1;5609;59;1;2344
59;1;6204;59;1;8309
59;1;8309;59;1;6204
59;1;3849;59;1;5103
59;1;5103;59;1;3849
59;1;2062;59;1;3850
59;1;3850;59;1;2062
59;1;5080;59;1;5098
59;1;5098;59;1;5100
59;1;5100;59;1;5080
59;1;3739;59;1;7896
59;1;7896;59;1;3739
59;1;2061;59;1;5102
59;1;5102;59;1;2061
59;1;7897;59;1;8113
59;1;8113;59;1;7897
59;1;314;59;1;5104
59;1;5104;59;1;314
59;1;2157;59;1;2258
59;1;2258;59;1;5463
59;1;5463;59;1;2157
59;1;1744;59;1;5464
59;1;5464;59;1;1744
59;1;5465;59;1;5468
59;1;5468;59;1;5465
59;1;6555;59;1;6570
59;1;6570;59;1;6555
59;1;3560;59;1;6209
59;1;6209;59;1;3560
59;1;7898;59;1;8134
59;1;8134;59;1;7898
59;1;8512;59;1;8514
59;1;8514;59;1;8512
59;1;7900;59;1;8004
59;1;8004;59;1;7900
59;1;5924;59;1;8123
59;1;8123;59;1;5924
59;1;5165;59;1;5167
59;1;5167;59;1;5165
59;1;5208;59;1;7901
59;1;7901;59;1;5208
59;1;3683;59;1;9025
59;1;9025;59;1;3683
59;1;8653;59;1;9026
59;1;9026;59;1;8653
59;1;8688;59;1;9027
59;1;9027;59;1;8688
59;1;7500;59;1;9011
59;1;9011;59;1;7500
59;1;9288;59;1;9292
59;1;9292;59;1;9288
59;1;3151;59;1;3313
59;1;3313;59;1;4497
59;1;4497;59;1;3151
59;1;4485;59;1;4487
59;1;4487;59;1;4485
59;1;3153;59;1;3315
59;1;3315;59;1;4493
59;1;4493;59;1;4495
59;1;4495;59;1;3153
59;1;4489;59;1;4491
59;1;4491;59;1;4489
59;1;9290;59;1;9294
59;1;9294;59;1;9290
59;1;5770;59;1;8415
59;1;8415;59;1;5770
59;1;5771;59;1;8069
59;1;8069;59;1;5771
59;1;5766;59;1;5772
59;1;5772;59;1;5766
59;1;9013;59;1;9014
59;1;9014;59;1;9013
59;1;3879;59;1;3975
59;1;3975;59;1;3879
59;1;3880;59;1;3882
59;1;3882;59;1;3880
59;1;3875;59;1;3974
59;1;3974;59;1;3875
59;1;3874;59;1;9012
59;1;9012;59;1;3874
59;1;8690;59;1;8692
59;1;8692;59;1;9185
59;1;9185;59;1;8690
59;1;5158;59;1;8006
59;1;8006;59;1;5158
59;1;5160;59;1;5162
59;1;5162;59;1;5160
59;1;5053;59;1;7938
59;1;7938;59;1;5053
59;1;7902;59;1;8103
59;1;8103;59;1;7902
59;1;5054;59;1;8022
59;1;8022;59;1;5054
59;1;5305;59;1;9473
59;1;9473;59;1;5305
59;1;2159;59;1;5300
59;1;5300;59;1;8390
59;1;8390;59;1;2159
59;1;2076;59;1;7903
59;1;7903;59;1;2076
59;1;292;59;1;5301
59;1;5301;59;1;5303
59;1;5303;59;1;292
59;1;1452;59;1;1454
59;1;1454;59;1;1452
59;1;7904;59;1;7918
59;1;7918;59;1;7904
59;1;416;59;1;7905
59;1;7905;59;1;416
59;1;5304;59;1;5477
59;1;5477;59;1;5304
59;1;9002;59;1;9004
59;1;9004;59;1;9002
59;1;536;59;1;6272
59;1;6272;59;1;8325
59;1;8325;59;1;536
59;1;231;59;1;413
59;1;413;59;1;231
59;1;414;59;1;2190
59;1;2190;59;1;414
59;1;415;59;1;904
59;1;904;59;1;415
59;1;417;59;1;419
59;1;419;59;1;440
59;1;440;59;1;417
59;1;331;59;1;339
59;1;339;59;1;864
59;1;864;59;1;331
59;1;332;59;1;2257
59;1;2257;59;1;332
59;1;333;59;1;1736
59;1;1736;59;1;333
59;1;334;59;1;2251
59;1;2251;59;1;334
59;1;239;59;1;335
59;1;335;59;1;239
59;1;689;59;1;870
59;1;870;59;1;689
59;1;858;59;1;859
59;1;859;59;1;872
59;1;872;59;1;858
59;1;863;59;1;868
59;1;868;59;1;863
59;1;373;59;1;862
59;1;862;59;1;373
59;1;861;59;1;885
59;1;885;59;1;861
59;1;860;59;1;2176
59;1;2176;59;1;860
59;1;3143;59;1;3305
59;1;3305;59;1;3143
59;1;6591;59;1;6602
59;1;6602;59;1;6591
59;1;6592;59;1;6597
59;1;6597;59;1;6592
59;1;9057;59;1;9061
59;1;9061;59;1;9057
59;1;6600;59;1;9058
59;1;9058;59;1;6600
59;1;2042;59;1;3724
59;1;3724;59;1;8356
59;1;8356;59;1;2042
59;1;351;59;1;8357
59;1;8357;59;1;8359
59;1;8359;59;1;351
59;1;8966;59;1;8970
59;1;8970;59;1;8966
59;1;3446;59;1;3448
59;1;3448;59;1;3446
59;1;3444;59;1;3450
59;1;3450;59;1;3444
59;1;5684;59;1;5689
59;1;5689;59;1;5684
59;1;5692;59;1;7959
59;1;7959;59;1;5692
59;1;5256;59;1;5421
59;1;5421;59;1;5256
59;1;3702;59;1;4608
59;1;4608;59;1;7908
59;1;7908;59;1;3702
59;1;5553;59;1;8407
59;1;8407;59;1;5553
59;1;5558;59;1;8408
59;1;8408;59;1;5558
59;1;2215;59;1;5871
59;1;5871;59;1;5933
59;1;5933;59;1;5954
59;1;5954;59;1;2215
59;1;5956;59;1;7929
59;1;7929;59;1;5956
59;1;5559;59;1;7910
59;1;7910;59;1;5559
59;1;647;59;1;5563
59;1;5563;59;1;647
59;1;9344;59;1;9345
59;1;9345;59;1;9344
59;1;6844;59;1;9395
59;1;9395;59;1;6844
59;1;6842;59;1;8730
59;1;8730;59;1;6842
59;1;1237;59;1;1239
59;1;1239;59;1;1241
59;1;1241;59;1;1346
59;1;1346;59;1;1237
59;1;99;59;1;1243
59;1;1243;59;1;1245
59;1;1245;59;1;1247
59;1;1247;59;1;1250
59;1;1250;59;1;99
59;1;96;59;1;1255
59;1;1255;59;1;96
59;1;43;59;1;196
59;1;196;59;1;395
59;1;395;59;1;1704
59;1;1704;59;1;43
59;1;25;59;1;398
59;1;398;59;1;459
59;1;459;59;1;3008
59;1;3008;59;1;25
59;1;399;59;1;5662
59;1;5662;59;1;399
59;1;39;59;1;400
59;1;400;59;1;5647
59;1;5647;59;1;5655
59;1;5655;59;1;5657
59;1;5657;59;1;39
59;1;401;59;1;2126
59;1;2126;59;1;2278
59;1;2278;59;1;401
59;1;38;59;1;402
59;1;402;59;1;2333
59;1;2333;59;1;38
59;1;404;59;1;5697
59;1;5697;59;1;404
59;1;407;59;1;5935
59;1;5935;59;1;407
59;1;151;59;1;409
59;1;409;59;1;151
59;1;1001;59;1;1003
59;1;1003;59;1;1001
59;1;5938;59;1;7945
59;1;7945;59;1;5938
59;1;115;59;1;1388
59;1;1388;59;1;115
59;1;1707;59;1;1799
59;1;1799;59;1;1707
59;1;1802;59;1;3837
59;1;3837;59;1;1802
59;1;1803;59;1;3844
59;1;3844;59;1;1803
59;1;724;59;1;1804
59;1;1804;59;1;724
59;1;5014;59;1;8878
59;1;8878;59;1;5014
59;1;7911;59;1;8077
59;1;8077;59;1;7911
59;1;3755;59;1;3928
59;1;3928;59;1;3755
59;1;3756;59;1;3923
59;1;3923;59;1;3756
59;1;1708;59;1;8220
59;1;8220;59;1;1708
59;1;1709;59;1;5040
59;1;5040;59;1;1709
59;1;3193;59;1;3352
59;1;3352;59;1;3193
59;1;3195;59;1;3354
59;1;3354;59;1;3195
59;1;1572;59;1;1574
59;1;1574;59;1;1572
59;1;6278;59;1;7913
59;1;7913;59;1;6278
59;1;6300;59;1;7915
59;1;7915;59;1;6300
59;1;3782;59;1;5355
59;1;5355;59;1;3782
59;1;7916;59;1;8058
59;1;8058;59;1;7916
59;1;3861;59;1;5088
59;1;5088;59;1;3861
59;1;3862;59;1;5520
59;1;5520;59;1;3862
59;1;3654;59;1;3864
59;1;3864;59;1;3654
59;1;463;59;1;2032
59;1;2032;59;1;463
59;1;2035;59;1;2282
59;1;2282;59;1;2035
59;1;2036;59;1;2244
59;1;2244;59;1;2036
59;1;7917;59;1;8149
59;1;8149;59;1;7917
59;1;5471;59;1;7942
59;1;7942;59;1;5471
59;1;7919;59;1;7962
59;1;7962;59;1;7919
59;1;7201;59;1;7203
59;1;7203;59;1;7201
59;1;7190;59;1;7206
59;1;7206;59;1;7190
59;1;5727;59;1;8411
59;1;8411;59;1;5727
59;1;5669;59;1;5728
59;1;5728;59;1;5669
59;1;5729;59;1;5758
59;1;5758;59;1;5729
59;1;6858;59;1;6904
59;1;6904;59;1;6858
59;1;659;59;1;901
59;1;901;59;1;5108
59;1;5108;59;1;659
59;1;900;59;1;1747
59;1;1747;59;1;2040
59;1;2040;59;1;8634
59;1;8634;59;1;900
59;1;5107;59;1;5111
59;1;5111;59;1;5107
59;1;1653;59;1;1655
59;1;1655;59;1;1653
59;1;1649;59;1;1651
59;1;1651;59;1;1649
59;1;5885;59;1;5889
59;1;5889;59;1;5914
59;1;5914;59;1;5885
59;1;1342;59;1;1344
59;1;1344;59;1;1342
59;1;1261;59;1;1263
59;1;1263;59;1;1261
59;1;2128;59;1;5668
59;1;5668;59;1;2128
59;1;756;59;1;2272
59;1;2272;59;1;756
59;1;2277;59;1;5335
59;1;5335;59;1;2277
59;1;6454;59;1;6494
59;1;6494;59;1;6454
59;1;6455;59;1;8093
59;1;8093;59;1;6455
59;1;1082;59;1;1087
59;1;1087;59;1;4329
59;1;4329;59;1;1082
59;1;3533;59;1;3751
59;1;3751;59;1;3533
59;1;1716;59;1;3535
59;1;3535;59;1;1716
59;1;5018;59;1;7958
59;1;7958;59;1;5018
59;1;5019;59;1;8059
59;1;8059;59;1;5019
59;1;7921;59;1;8078
59;1;8078;59;1;7921
59;1;1722;59;1;5021
59;1;5021;59;1;1722
59;1;3798;59;1;5022
59;1;5022;59;1;3798
59;1;6395;59;1;7971
59;1;7971;59;1;6395
59;1;6398;59;1;7968
59;1;7968;59;1;6398
59;1;922;59;1;5818
59;1;5818;59;1;5820
59;1;5820;59;1;922
59;1;144;59;1;1912
59;1;1912;59;1;5821
59;1;5821;59;1;5823
59;1;5823;59;1;144
59;1;5814;59;1;5835
59;1;5835;59;1;5814
59;1;5779;59;1;5815
59;1;5815;59;1;5779
59;1;5782;59;1;7922
59;1;7922;59;1;5782
59;1;1815;59;1;5816
59;1;5816;59;1;1815
59;1;5754;59;1;7923
59;1;7923;59;1;5754
59;1;635;59;1;5817
59;1;5817;59;1;635
59;1;5592;59;1;7924
59;1;7924;59;1;5592
59;1;2320;59;1;5866
59;1;5866;59;1;2320
59;1;5867;59;1;7960
59;1;7960;59;1;5867
59;1;1661;59;1;1663
59;1;1663;59;1;1665
59;1;1665;59;1;1661
59;1;5784;59;1;7925
59;1;7925;59;1;5784
59;1;5824;59;1;5837
59;1;5837;59;1;5824
59;1;5825;59;1;5841
59;1;5841;59;1;5825
59;1;5801;59;1;7927
59;1;7927;59;1;5801
59;1;2263;59;1;5826
59;1;5826;59;1;2263
59;1;8735;59;1;8740
59;1;8740;59;1;8735
59;1;376;59;1;5275
59;1;5275;59;1;8736
59;1;8736;59;1;376
59;1;5798;59;1;5834
59;1;5834;59;1;5961
59;1;5961;59;1;5798
59;1;5872;59;1;5962
59;1;5962;59;1;5872
59;1;5959;59;1;5963
59;1;5963;59;1;5959
59;1;5624;59;1;5626
59;1;5626;59;1;5624
59;1;2224;59;1;5628
59;1;5628;59;1;2224
59;1;1814;59;1;5620
59;1;5620;59;1;1814
59;1;5621;59;1;5753
59;1;5753;59;1;5621
59;1;5623;59;1;8151
59;1;8151;59;1;5623
59;1;4597;59;1;4625
59;1;4625;59;1;4597
59;1;4626;59;1;4643
59;1;4643;59;1;4626
59;1;4918;59;1;4922
59;1;4922;59;1;4918
59;1;3954;59;1;3960
59;1;3960;59;1;3954
59;1;3955;59;1;9001
59;1;9001;59;1;3955
59;1;7930;59;1;7957
59;1;7957;59;1;7930
59;1;3832;59;1;3834
59;1;3834;59;1;3957
59;1;3957;59;1;3832
59;1;5403;59;1;8143
59;1;8143;59;1;5403
59;1;7931;59;1;8100
59;1;8100;59;1;7931
59;1;8396;59;1;8400
59;1;8400;59;1;9526
59;1;9526;59;1;8396
59;1;197;59;1;638
59;1;638;59;1;197
59;1;448;59;1;639
59;1;639;59;1;448
59;1;640;59;1;5297
59;1;5297;59;1;640
59;1;641;59;1;909
59;1;909;59;1;641
59;1;2183;59;1;3455
59;1;3455;59;1;2183
59;1;627;59;1;642
59;1;642;59;1;627
59;1;643;59;1;645
59;1;645;59;1;2101
59;1;2101;59;1;643
59;1;8186;59;1;8948
59;1;8948;59;1;8186
59;1;8189;59;1;8949
59;1;8949;59;1;8189
59;1;4195;59;1;4197
59;1;4197;59;1;4199
59;1;4199;59;1;4195
59;1;8168;59;1;8179
59;1;8179;59;1;8168
59;1;8181;59;1;8187
59;1;8187;59;1;8181
59;1;8182;59;1;8190
59;1;8190;59;1;8182
59;1;4193;59;1;4201
59;1;4201;59;1;4193
59;1;4227;59;1;4229
59;1;4229;59;1;4227
59;1;3273;59;1;3432
59;1;3432;59;1;3273
59;1;2399;59;1;5613
59;1;5613;59;1;2399
59;1;636;59;1;923
59;1;923;59;1;1816
59;1;1816;59;1;1911
59;1;1911;59;1;2317
59;1;2317;59;1;636
59;1;82;59;1;88
59;1;88;59;1;1509
59;1;1509;59;1;1519
59;1;1519;59;1;82
59;1;6736;59;1;6738
59;1;6738;59;1;6736
59;1;6722;59;1;6739
59;1;6739;59;1;6722
59;1;6740;59;1;7934
59;1;7934;59;1;6740
59;1;3271;59;1;3430
59;1;3430;59;1;3271
59;1;9346;59;1;9348
59;1;9348;59;1;9346
59;1;9133;59;1;9134
59;1;9134;59;1;9133
59;1;4965;59;1;6742
59;1;6742;59;1;4965
59;1;4961;59;1;9426
59;1;9426;59;1;4961
59;1;4962;59;1;8942
59;1;8942;59;1;4962
59;1;1312;59;1;1314
59;1;1314;59;1;1312
59;1;5600;59;1;8035
59;1;8035;59;1;5600
59;1;906;59;1;908
59;1;908;59;1;906
59;1;487;59;1;1734
59;1;1734;59;1;487
59;1;1735;59;1;2254
59;1;2254;59;1;1735
59;1;1738;59;1;2160
59;1;2160;59;1;1738
59;1;1740;59;1;2077
59;1;2077;59;1;1740
59;1;291;59;1;526
59;1;526;59;1;903
59;1;903;59;1;1739
59;1;1739;59;1;291
59;1;6423;59;1;6431
59;1;6431;59;1;6423
59;1;6426;59;1;6461
59;1;6461;59;1;6426
59;1;6427;59;1;8643
59;1;8643;59;1;6427
59;1;3567;59;1;6340
59;1;6340;59;1;3567
59;1;9371;59;1;9372
59;1;9372;59;1;9371
59;1;202;59;1;3655
59;1;3655;59;1;8382
59;1;8382;59;1;202
59;1;210;59;1;212
59;1;212;59;1;210
59;1;192;59;1;208
59;1;208;59;1;192
59;1;9413;59;1;9415
59;1;9415;59;1;9413
59;1;4573;59;1;5838
59;1;5838;59;1;4573
59;1;6798;59;1;6800
59;1;6800;59;1;6806
59;1;6806;59;1;6798
59;1;2043;59;1;5145
59;1;5145;59;1;2043
59;1;5897;59;1;8722
59;1;8722;59;1;5897
59;1;3569;59;1;6369
59;1;6369;59;1;3569
59;1;6366;59;1;7935
59;1;7935;59;1;6366
59;1;3791;59;1;5029
59;1;5029;59;1;3791
59;1;3799;59;1;5031
59;1;5031;59;1;3799
59;1;3747;59;1;7936
59;1;7936;59;1;3747
59;1;3750;59;1;5025
59;1;5025;59;1;3750
59;1;3962;59;1;7937
59;1;7937;59;1;3962
59;1;3823;59;1;5048
59;1;5048;59;1;3823
59;1;328;59;1;7939
59;1;7939;59;1;328
59;1;1093;59;1;1095
59;1;1095;59;1;1093
59;1;1089;59;1;1091
59;1;1091;59;1;1089
59;1;46;59;1;92
59;1;92;59;1;1098
59;1;1098;59;1;1100
59;1;1100;59;1;1103
59;1;1103;59;1;46
59;1;3205;59;1;3368
59;1;3368;59;1;3205
59;1;3207;59;1;3366
59;1;3366;59;1;3207
59;1;4315;59;1;4317
59;1;4317;59;1;4315
59;1;103;59;1;1486
59;1;1486;59;1;1489
59;1;1489;59;1;1491
59;1;1491;59;1;4461
59;1;4461;59;1;4463
59;1;4463;59;1;103
59;1;3177;59;1;3337
59;1;3337;59;1;3177
59;1;6954;59;1;7940
59;1;7940;59;1;6954
59;1;3913;59;1;3922
59;1;3922;59;1;3913
59;1;3929;59;1;8875
59;1;8875;59;1;3929
59;1;1482;59;1;1484
59;1;1484;59;1;1482
59;1;1478;59;1;1480
59;1;1480;59;1;1478
59;1;8572;59;1;8574
59;1;8574;59;1;8572
59;1;8504;59;1;8576
59;1;8576;59;1;8504
59;1;8245;59;1;8248
59;1;8248;59;1;8245
59;1;8564;59;1;8566
59;1;8566;59;1;8564
59;1;8568;59;1;8570
59;1;8570;59;1;8568
59;1;327;59;1;3944
59;1;3944;59;1;3946
59;1;3946;59;1;327
59;1;4635;59;1;4642
59;1;4642;59;1;4635
59;1;4598;59;1;4645
59;1;4645;59;1;4598
59;1;7941;59;1;7946
59;1;7946;59;1;7941
59;1;5308;59;1;9602
59;1;9602;59;1;5308
59;1;5984;59;1;5986
59;1;5986;59;1;5984
59;1;7951;59;1;8169
59;1;8169;59;1;7951
59;1;7698;59;1;8115
59;1;8115;59;1;7698
59;1;9284;59;1;9286
59;1;9286;59;1;9284
59;1;3155;59;1;3317
59;1;3317;59;1;3155
59;1;3157;59;1;3159
59;1;3159;59;1;3319
59;1;3319;59;1;3157
59;1;9278;59;1;9280
59;1;9280;59;1;9278
59;1;1032;59;1;3199
59;1;3199;59;1;3358
59;1;3358;59;1;1032
59;1;3201;59;1;3360
59;1;3360;59;1;3201
59;1;30;59;1;1078
59;1;1078;59;1;1085
59;1;1085;59;1;4325
59;1;4325;59;1;30
59;1;4511;59;1;4513
59;1;4513;59;1;4511
59;1;120;59;1;126
59;1;126;59;1;120
59;1;1046;59;1;5360
59;1;5360;59;1;1046
59;1;16;59;1;124
59;1;124;59;1;16
59;1;125;59;1;3737
59;1;3737;59;1;125
59;1;1034;59;1;1036
59;1;1036;59;1;1038
59;1;1038;59;1;1034
59;1;1105;59;1;1107
59;1;1107;59;1;1105
59;1;1074;59;1;1076
59;1;1076;59;1;1080
59;1;1080;59;1;3012
59;1;3012;59;1;4323
59;1;4323;59;1;4327
59;1;4327;59;1;1074
59;1;4319;59;1;4321
59;1;4321;59;1;4319
59;1;3231;59;1;3388
59;1;3388;59;1;3231
59;1;3233;59;1;3390
59;1;3390;59;1;3233
59;1;4779;59;1;4785
59;1;4785;59;1;4779
59;1;4781;59;1;4783
59;1;4783;59;1;4781
59;1;6161;59;1;7947
59;1;7947;59;1;6161
59;1;8508;59;1;8510
59;1;8510;59;1;8508
59;1;4469;59;1;4479
59;1;4479;59;1;4469
59;1;94;59;1;3183
59;1;3183;59;1;3342
59;1;3342;59;1;4455
59;1;4455;59;1;94
59;1;4441;59;1;4447
59;1;4447;59;1;9604
59;1;9604;59;1;4441
59;1;4449;59;1;4451
59;1;4451;59;1;4459
59;1;4459;59;1;4537
59;1;4537;59;1;4449
59;1;9212;59;1;9218
59;1;9218;59;1;9212
59;1;9214;59;1;9216
59;1;9216;59;1;9214
59;1;3145;59;1;3307
59;1;3307;59;1;3145
59;1;3147;59;1;3309
59;1;3309;59;1;3147
59;1;3149;59;1;3311
59;1;3311;59;1;3149
59;1;4177;59;1;4185
59;1;4185;59;1;4177
59;1;4171;59;1;4173
59;1;4173;59;1;4175
59;1;4175;59;1;4179
59;1;4179;59;1;4171
59;1;1348;59;1;1350
59;1;1350;59;1;1348
59;1;1352;59;1;1354
59;1;1354;59;1;1356
59;1;1356;59;1;1352
59;1;130;59;1;1637
59;1;1637;59;1;1639
59;1;1639;59;1;1641
59;1;1641;59;1;4515
59;1;4515;59;1;130
59;1;5694;59;1;9067
59;1;9067;59;1;5694
59;1;4443;59;1;4457
59;1;4457;59;1;4443
59;1;4906;59;1;4912
59;1;4912;59;1;4906
59;1;1761;59;1;8320
59;1;8320;59;1;1761
59;1;4303;59;1;4305
59;1;4305;59;1;4303
59;1;3996;59;1;5708
59;1;5708;59;1;3996
59;1;5710;59;1;9500
59;1;9500;59;1;5710
59;1;1462;59;1;1464
59;1;1464;59;1;1462
59;1;349;59;1;660
59;1;660;59;1;349
59;1;656;59;1;661
59;1;661;59;1;656
59;1;691;59;1;1725
59;1;1725;59;1;5188
59;1;5188;59;1;691
59;1;306;59;1;308
59;1;308;59;1;693
59;1;693;59;1;306
59;1;435;59;1;694
59;1;694;59;1;435
59;1;688;59;1;1703
59;1;1703;59;1;2324
59;1;2324;59;1;688
59;1;7475;59;1;7478
59;1;7478;59;1;7475
59;1;3249;59;1;3408
59;1;3408;59;1;3249
59;1;4843;59;1;4845
59;1;4845;59;1;4861
59;1;4861;59;1;4843
59;1;9078;59;1;9086
59;1;9086;59;1;9078
59;1;4831;59;1;4833
59;1;4833;59;1;4865
59;1;4865;59;1;4831
59;1;4851;59;1;4853
59;1;4853;59;1;4851
59;1;4235;59;1;4881
59;1;4881;59;1;4883
59;1;4883;59;1;4970
59;1;4970;59;1;4235
59;1;4879;59;1;4885
59;1;4885;59;1;4879
59;1;9090;59;1;9094
59;1;9094;59;1;9090
59;1;9088;59;1;9096
59;1;9096;59;1;9088
59;1;4680;59;1;4692
59;1;4692;59;1;9351
59;1;9351;59;1;4680
59;1;4874;59;1;4893
59;1;4893;59;1;4874
59;1;4825;59;1;4857
59;1;4857;59;1;4825
59;1;4827;59;1;4829
59;1;4829;59;1;4837
59;1;4837;59;1;4855
59;1;4855;59;1;4827
59;1;4867;59;1;4869
59;1;4869;59;1;4867
59;1;4835;59;1;4839
59;1;4839;59;1;4835
59;1;4841;59;1;4847
59;1;4847;59;1;4841
59;1;4849;59;1;4972
59;1;4972;59;1;4849
59;1;4749;59;1;4757
59;1;4757;59;1;4761
59;1;4761;59;1;4976
59;1;4976;59;1;4749
59;1;8291;59;1;8630
59;1;8630;59;1;8291
59;1;9349;59;1;9350
59;1;9350;59;1;9349
59;1;3247;59;1;3406
59;1;3406;59;1;3247
59;1;4817;59;1;4819
59;1;4819;59;1;4817
59;1;4821;59;1;4823
59;1;4823;59;1;4821
59;1;9220;59;1;9234
59;1;9234;59;1;9220
59;1;6917;59;1;8270
59;1;8270;59;1;9158
59;1;9158;59;1;6917
59;1;4231;59;1;4237
59;1;4237;59;1;4517
59;1;4517;59;1;8462
59;1;8462;59;1;4231
59;1;7493;59;1;7502
59;1;7502;59;1;7493
59;1;341;59;1;360
59;1;360;59;1;2056
59;1;2056;59;1;341
59;1;1163;59;1;1165
59;1;1165;59;1;1163
59;1;350;59;1;5148
59;1;5148;59;1;350
59;1;1749;59;1;3595
59;1;3595;59;1;1749
59;1;352;59;1;1724
59;1;1724;59;1;5146
59;1;5146;59;1;352
59;1;354;59;1;5212
59;1;5212;59;1;5214
59;1;5214;59;1;354
59;1;355;59;1;2177
59;1;2177;59;1;355
59;1;356;59;1;2135
59;1;2135;59;1;356
59;1;357;59;1;886
59;1;886;59;1;888
59;1;888;59;1;357
59;1;358;59;1;375
59;1;375;59;1;382
59;1;382;59;1;358
59;1;345;59;1;359
59;1;359;59;1;345
59;1;7726;59;1;7759
59;1;7759;59;1;7726
59;1;7743;59;1;7761
59;1;7761;59;1;7743
59;1;4363;59;1;4371
59;1;4371;59;1;4363
59;1;4364;59;1;4373
59;1;4373;59;1;4364
59;1;4209;59;1;4211
59;1;4211;59;1;4209
59;1;4359;59;1;4377
59;1;4377;59;1;4379
59;1;4379;59;1;4359
59;1;4361;59;1;4374
59;1;4374;59;1;4381
59;1;4381;59;1;4383
59;1;4383;59;1;4361
59;1;4367;59;1;4368
59;1;4368;59;1;4367
59;1;8890;59;1;8892
59;1;8892;59;1;8890
59;1;296;59;1;347
59;1;347;59;1;423
59;1;423;59;1;1450
59;1;1450;59;1;296
59;1;420;59;1;422
59;1;422;59;1;5374
59;1;5374;59;1;420
59;1;424;59;1;426
59;1;426;59;1;424
59;1;5249;59;1;8468
59;1;8468;59;1;5249
59;1;867;59;1;879
59;1;879;59;1;867
59;1;346;59;1;362
59;1;362;59;1;365
59;1;365;59;1;346
59;1;5287;59;1;5475
59;1;5475;59;1;5287
59;1;5289;59;1;8121
59;1;8121;59;1;5289
59;1;1324;59;1;1326
59;1;1326;59;1;1328
59;1;1328;59;1;1324
59;1;31;59;1;289
59;1;289;59;1;650
59;1;650;59;1;31
59;1;250;59;1;2342
59;1;2342;59;1;250
59;1;765;59;1;921
59;1;921;59;1;5615
59;1;5615;59;1;765
59;1;5780;59;1;5783
59;1;5783;59;1;9305
59;1;9305;59;1;5780
59;1;5496;59;1;7952
59;1;7952;59;1;5496
59;1;5774;59;1;8419
59;1;8419;59;1;8422
59;1;8422;59;1;5774
59;1;81;59;1;86
59;1;86;59;1;1533
59;1;1533;59;1;1537
59;1;1537;59;1;81
59;1;2211;59;1;5793
59;1;5793;59;1;2211
59;1;5794;59;1;5796
59;1;5796;59;1;5794
59;1;5263;59;1;5265
59;1;5265;59;1;5263
59;1;5266;59;1;5460
59;1;5460;59;1;5266
59;1;5267;59;1;9479
59;1;9479;59;1;5267
59;1;3213;59;1;3374
59;1;3374;59;1;3213
59;1;3215;59;1;3376
59;1;3376;59;1;3215
59;1;4711;59;1;4721
59;1;4721;59;1;4974
59;1;4974;59;1;4711
59;1;4709;59;1;4727
59;1;4727;59;1;4709
59;1;4715;59;1;4719
59;1;4719;59;1;4715
59;1;4707;59;1;4731
59;1;4731;59;1;4707
59;1;4723;59;1;4725
59;1;4725;59;1;4723
59;1;6497;59;1;9513
59;1;9513;59;1;6497
59;1;8666;59;1;8668
59;1;8668;59;1;8666
59;1;9224;59;1;9228
59;1;9228;59;1;9230
59;1;9230;59;1;9224
59;1;9246;59;1;9248
59;1;9248;59;1;9246
59;1;9238;59;1;9252
59;1;9252;59;1;9238
59;1;9244;59;1;9256
59;1;9256;59;1;9244
59;1;9222;59;1;9232
59;1;9232;59;1;9222
59;1;9240;59;1;9254
59;1;9254;59;1;9240
59;1;9226;59;1;9236
59;1;9236;59;1;9226
59;1;9242;59;1;9250
59;1;9250;59;1;9242
59;1;6009;59;1;6011
59;1;6011;59;1;6009
59;1;5231;59;1;5440
59;1;5440;59;1;5231
59;1;876;59;1;878
59;1;878;59;1;5262
59;1;5262;59;1;876
59;1;880;59;1;5241
59;1;5241;59;1;880
59;1;372;59;1;881
59;1;881;59;1;5437
59;1;5437;59;1;372
59;1;899;59;1;5143
59;1;5143;59;1;899
59;1;898;59;1;8109
59;1;8109;59;1;898
59;1;897;59;1;2175
59;1;2175;59;1;897
59;1;884;59;1;896
59;1;896;59;1;5436
59;1;5436;59;1;884
59;1;6012;59;1;6015
59;1;6015;59;1;6012
59;1;7956;59;1;8060
59;1;8060;59;1;7956
59;1;3814;59;1;3948
59;1;3948;59;1;3814
59;1;3949;59;1;8106
59;1;8106;59;1;3949
59;1;5888;59;1;5891
59;1;5891;59;1;5888
59;1;5338;59;1;5696
59;1;5696;59;1;5338
59;1;8862;59;1;8864
59;1;8864;59;1;8862
59;1;432;59;1;2064
59;1;2064;59;1;432
59;1;2066;59;1;5386
59;1;5386;59;1;2066
59;1;2071;59;1;8127
59;1;8127;59;1;2071
59;1;65;59;1;5584
59;1;5584;59;1;65
59;1;649;59;1;5587
59;1;5587;59;1;649
59;1;2341;59;1;5588
59;1;5588;59;1;2341
59;1;764;59;1;5589
59;1;5589;59;1;764
59;1;1470;59;1;1472
59;1;1472;59;1;1470
59;1;1466;59;1;1468
59;1;1468;59;1;1466
59;1;313;59;1;654
59;1;654;59;1;313
59;1;2120;59;1;2323
59;1;2323;59;1;2120
59;1;5874;59;1;5876
59;1;5876;59;1;5874
59;1;5860;59;1;5877
59;1;5877;59;1;5860
59;1;2161;59;1;5310
59;1;5310;59;1;2161
59;1;2078;59;1;7961
59;1;7961;59;1;2078
59;1;5311;59;1;5313
59;1;5313;59;1;9314
59;1;9314;59;1;5311
59;1;5314;59;1;7979
59;1;7979;59;1;5314
59;1;7964;59;1;8040
59;1;8040;59;1;7964
59;1;3131;59;1;3293
59;1;3293;59;1;3131
59;1;461;59;1;2283
59;1;2283;59;1;461
59;1;1727;59;1;3613
59;1;3613;59;1;1727
59;1;6415;59;1;6429
59;1;6429;59;1;6415
59;1;6419;59;1;6430
59;1;6430;59;1;6419
59;1;548;59;1;4939
59;1;4939;59;1;6138
59;1;6138;59;1;548
59;1;5192;59;1;5194
59;1;5194;59;1;5192
59;1;5195;59;1;8117
59;1;8117;59;1;5195
59;1;5380;59;1;7967
59;1;7967;59;1;5380
59;1;5196;59;1;7990
59;1;7990;59;1;5196
59;1;5197;59;1;5393
59;1;5393;59;1;5197
59;1;7526;59;1;7530
59;1;7530;59;1;7526
59;1;6400;59;1;6410
59;1;6410;59;1;6400
59;1;6412;59;1;6414
59;1;6414;59;1;6412
59;1;6014;59;1;6017
59;1;6017;59;1;6014
59;1;2308;59;1;3899
59;1;3899;59;1;2308
59;1;3906;59;1;3987
59;1;3987;59;1;3906
59;1;3903;59;1;9363
59;1;9363;59;1;3903
59;1;4153;59;1;7163
59;1;7163;59;1;4153
59;1;6402;59;1;7969
59;1;7969;59;1;6402
59;1;6391;59;1;6406
59;1;6406;59;1;6391
59;1;3553;59;1;7970
59;1;7970;59;1;3553
59;1;6382;59;1;6392
59;1;6392;59;1;6382
59;1;3255;59;1;3414
59;1;3414;59;1;3255
59;1;3257;59;1;3416
59;1;3416;59;1;3257
59;1;6401;59;1;7972
59;1;7972;59;1;6401
59;1;6405;59;1;7973
59;1;7973;59;1;6405
59;1;6383;59;1;6385
59;1;6385;59;1;6383
59;1;3932;59;1;3934
59;1;3934;59;1;3932
59;1;3927;59;1;3931
59;1;3931;59;1;3927
59;1;9175;59;1;9179
59;1;9179;59;1;9175
59;1;342;59;1;367
59;1;367;59;1;2073
59;1;2073;59;1;342
59;1;2075;59;1;8394
59;1;8394;59;1;2075
59;1;235;59;1;2079
59;1;2079;59;1;235
59;1;1368;59;1;3020
59;1;3020;59;1;1368
59;1;1370;59;1;1372
59;1;1372;59;1;1370
59;1;1606;59;1;1608
59;1;1608;59;1;1606
59;1;1602;59;1;1604
59;1;1604;59;1;1602
59;1;787;59;1;2305
59;1;2305;59;1;787
59;1;21;59;1;467
59;1;467;59;1;781
59;1;781;59;1;783
59;1;783;59;1;21
59;1;7717;59;1;7741
59;1;7741;59;1;7717
59;1;7737;59;1;7742
59;1;7742;59;1;7737
59;1;6218;59;1;7975
59;1;7975;59;1;6218
59;1;6387;59;1;6407
59;1;6407;59;1;6387
59;1;6280;59;1;6282
59;1;6282;59;1;6351
59;1;6351;59;1;6280
59;1;6285;59;1;6374
59;1;6374;59;1;6285
59;1;6287;59;1;8046
59;1;8046;59;1;6287
59;1;8524;59;1;8526
59;1;8526;59;1;8524
59;1;3167;59;1;3169
59;1;3169;59;1;3327
59;1;3327;59;1;3329
59;1;3329;59;1;3167
59;1;3171;59;1;3331
59;1;3331;59;1;3171
59;1;4465;59;1;4483
59;1;4483;59;1;4465
59;1;4467;59;1;4481
59;1;4481;59;1;4467
59;1;441;59;1;5476
59;1;5476;59;1;441
59;1;5292;59;1;7978
59;1;7978;59;1;5292
59;1;6258;59;1;6350
59;1;6350;59;1;6258
59;1;582;59;1;6352
59;1;6352;59;1;582
59;1;6305;59;1;6354
59;1;6354;59;1;6305
59;1;566;59;1;6355
59;1;6355;59;1;566
59;1;5247;59;1;5413
59;1;5413;59;1;5247
59;1;510;59;1;5248
59;1;5248;59;1;510
59;1;7981;59;1;7996
59;1;7996;59;1;7981
59;1;3259;59;1;3418
59;1;3418;59;1;3259
59;1;3261;59;1;3420
59;1;3420;59;1;3261
59;1;5236;59;1;7983
59;1;7983;59;1;5236
59;1;5257;59;1;7984
59;1;7984;59;1;5257
59;1;5274;59;1;7985
59;1;7985;59;1;5274
59;1;5415;59;1;8739
59;1;8739;59;1;5415
59;1;1017;59;1;1019
59;1;1019;59;1;1017
59;1;1667;59;1;1669
59;1;1669;59;1;1671
59;1;1671;59;1;1673
59;1;1673;59;1;1675
59;1;1675;59;1;1677
59;1;1677;59;1;1667
59;1;1853;59;1;1865
59;1;1865;59;1;2147
59;1;2147;59;1;1853
59;1;652;59;1;1686
59;1;1686;59;1;1854
59;1;1854;59;1;9546
59;1;9546;59;1;652
59;1;1855;59;1;2345
59;1;2345;59;1;9547
59;1;9547;59;1;1855
59;1;1856;59;1;5618
59;1;5618;59;1;9548
59;1;9548;59;1;1856
59;1;1857;59;1;9549
59;1;9549;59;1;1857
59;1;145;59;1;1858
59;1;1858;59;1;1916
59;1;1916;59;1;145
59;1;1860;59;1;5863
59;1;5863;59;1;1860
59;1;3592;59;1;5883
59;1;5883;59;1;3592
59;1;1862;59;1;2217
59;1;2217;59;1;1862
59;1;8516;59;1;8518
59;1;8518;59;1;8516
59;1;1679;59;1;1681
59;1;1681;59;1;1679
59;1;3237;59;1;3396
59;1;3396;59;1;4287
59;1;4287;59;1;4289
59;1;4289;59;1;3237
59;1;6769;59;1;8470
59;1;8470;59;1;6769
59;1;6165;59;1;6773
59;1;6773;59;1;6165
59;1;5803;59;1;5854
59;1;5854;59;1;5803
59;1;2265;59;1;5855
59;1;5855;59;1;2265
59;1;320;59;1;5076
59;1;5076;59;1;8105
59;1;8105;59;1;8732
59;1;8732;59;1;320
59;1;1474;59;1;1476
59;1;1476;59;1;1474
59;1;5113;59;1;7987
59;1;7987;59;1;5113
59;1;3706;59;1;7988
59;1;7988;59;1;3706
59;1;3853;59;1;5084
59;1;5084;59;1;3853
59;1;5401;59;1;5407
59;1;5407;59;1;8385
59;1;8385;59;1;5401
59;1;5396;59;1;8992
59;1;8992;59;1;5396
59;1;5391;59;1;7989
59;1;7989;59;1;5391
59;1;5398;59;1;8375
59;1;8375;59;1;5398
59;1;5281;59;1;7991
59;1;7991;59;1;5281
59;1;3239;59;1;3241
59;1;3241;59;1;3398
59;1;3398;59;1;3400
59;1;3400;59;1;4223
59;1;4223;59;1;4225
59;1;4225;59;1;3239
59;1;6162;59;1;6164
59;1;6164;59;1;6162
59;1;6987;59;1;9412
59;1;9412;59;1;6987
59;1;8904;59;1;8914
59;1;8914;59;1;8904
59;1;6548;59;1;8917
59;1;8917;59;1;6548
59;1;7443;59;1;7445
59;1;7445;59;1;7443
59;1;1929;59;1;7449
59;1;7449;59;1;7451
59;1;7451;59;1;1929
59;1;7452;59;1;7454
59;1;7454;59;1;7452
59;1;2107;59;1;2343
59;1;2343;59;1;2107
59;1;8520;59;1;8522
59;1;8522;59;1;8520
59;1;2253;59;1;5453
59;1;5453;59;1;2253
59;1;5672;59;1;5893
59;1;5893;59;1;5672
59;1;5894;59;1;8116
59;1;8116;59;1;5894
59;1;6436;59;1;8092
59;1;8092;59;1;6436
59;1;3887;59;1;8084
59;1;8084;59;1;3887
59;1;464;59;1;1134
59;1;1134;59;1;2335
59;1;2335;59;1;464
59;1;2336;59;1;3897
59;1;3897;59;1;2336
59;1;2330;59;1;2338
59;1;2338;59;1;3605
59;1;3605;59;1;2330
59;1;5653;59;1;8086
59;1;8086;59;1;5653
59;1;5654;59;1;8055
59;1;8055;59;1;5654
59;1;8226;59;1;8228
59;1;8228;59;1;8226
59;1;98;59;1;1864
59;1;1864;59;1;98
59;1;5429;59;1;8025
59;1;8025;59;1;5429
59;1;5430;59;1;8155
59;1;8155;59;1;5430
59;1;5431;59;1;8037
59;1;8037;59;1;5431
59;1;6493;59;1;8641
59;1;8641;59;1;6493
59;1;8403;59;1;8405
59;1;8405;59;1;8403
59;1;3203;59;1;3362
59;1;3362;59;1;3364
59;1;3364;59;1;3203
59;1;3014;59;1;3016
59;1;3016;59;1;3014
59;1;1302;59;1;1304
59;1;1304;59;1;1302
59;1;1564;59;1;1895
59;1;1895;59;1;8412
59;1;8412;59;1;9542
59;1;9542;59;1;1564
59;1;5582;59;1;9047
59;1;9047;59;1;5582
59;1;9048;59;1;9051
59;1;9051;59;1;9048
59;1;4701;59;1;4703
59;1;4703;59;1;4701
59;1;5917;59;1;8061
59;1;8061;59;1;5917
59;1;5971;59;1;8000
59;1;8000;59;1;5971
59;1;5920;59;1;5981
59;1;5981;59;1;5920
59;1;5569;59;1;5572
59;1;5572;59;1;5569
59;1;5555;59;1;8001
59;1;8001;59;1;5555
59;1;5566;59;1;5570
59;1;5570;59;1;5566
59;1;8002;59;1;8073
59;1;8073;59;1;8002
59;1;8303;59;1;8305
59;1;8305;59;1;8303
59;1;2228;59;1;6254
59;1;6254;59;1;6264
59;1;6264;59;1;2228
59;1;6255;59;1;8030
59;1;8030;59;1;6255
59;1;6248;59;1;8003
59;1;8003;59;1;6248
59;1;6256;59;1;8043
59;1;8043;59;1;6256
59;1;2332;59;1;5336
59;1;5336;59;1;2332
59;1;3279;59;1;3440
59;1;3440;59;1;3279
59;1;3281;59;1;3283
59;1;3283;59;1;3442
59;1;3442;59;1;3281
59;1;6463;59;1;6495
59;1;6495;59;1;6463
59;1;5222;59;1;8008
59;1;8008;59;1;5222
59;1;3703;59;1;8005
59;1;8005;59;1;3703
59;1;3730;59;1;5119
59;1;5119;59;1;3730
59;1;3731;59;1;5125
59;1;5125;59;1;3731
59;1;3733;59;1;5201
59;1;5201;59;1;3733
59;1;5661;59;1;8054
59;1;8054;59;1;5661
59;1;454;59;1;5663
59;1;5663;59;1;454
59;1;5341;59;1;8009
59;1;8009;59;1;5341
59;1;5665;59;1;5667
59;1;5667;59;1;5665
59;1;3778;59;1;5349
59;1;5349;59;1;5353
59;1;5353;59;1;3778
59;1;3752;59;1;8010
59;1;8010;59;1;3752
59;1;3792;59;1;3794
59;1;3794;59;1;5357
59;1;5357;59;1;3792
59;1;3801;59;1;5358
59;1;5358;59;1;3801
59;1;264;59;1;270
59;1;270;59;1;5129
59;1;5129;59;1;264
59;1;8486;59;1;8488
59;1;8488;59;1;8490
59;1;8490;59;1;8486
59;1;8480;59;1;8484
59;1;8484;59;1;8480
59;1;3251;59;1;3410
59;1;3410;59;1;3251
59;1;3253;59;1;3412
59;1;3412;59;1;3253
59;1;5417;59;1;8696
59;1;8696;59;1;5417
59;1;5235;59;1;8014
59;1;8014;59;1;5235
59;1;4674;59;1;5419
59;1;5419;59;1;4674
59;1;5132;59;1;8017
59;1;8017;59;1;5132
59;1;261;59;1;5133
59;1;5133;59;1;261
59;1;5123;59;1;5134
59;1;5134;59;1;5123
59;1;257;59;1;259
59;1;259;59;1;257
59;1;260;59;1;263
59;1;263;59;1;260
59;1;8474;59;1;8693
59;1;8693;59;1;8695
59;1;8695;59;1;8474
59;1;3925;59;1;8876
59;1;8876;59;1;3925
59;1;8015;59;1;8076
59;1;8076;59;1;8015
59;1;1711;59;1;8016
59;1;8016;59;1;1711
59;1;5117;59;1;5130
59;1;5130;59;1;5117
59;1;266;59;1;8680
59;1;8680;59;1;8682
59;1;8682;59;1;266
59;1;8651;59;1;8683
59;1;8683;59;1;8651
59;1;8684;59;1;8686
59;1;8686;59;1;8684
59;1;8661;59;1;8687
59;1;8687;59;1;8661
59;1;3209;59;1;3370
59;1;3370;59;1;3209
59;1;3211;59;1;3372
59;1;3372;59;1;3211
59;1;267;59;1;3772
59;1;3772;59;1;267
59;1;265;59;1;3779
59;1;3779;59;1;8656
59;1;8656;59;1;265
59;1;4307;59;1;4309
59;1;4309;59;1;4307
59;1;3815;59;1;3961
59;1;3961;59;1;3815
59;1;35;59;1;547
59;1;547;59;1;2407
59;1;2407;59;1;35
59;1;8652;59;1;8657
59;1;8657;59;1;8660
59;1;8660;59;1;8652
59;1;80;59;1;2103
59;1;2103;59;1;80
59;1;2104;59;1;2145
59;1;2145;59;1;2104
59;1;651;59;1;2106
59;1;2106;59;1;651
59;1;2108;59;1;2221
59;1;2221;59;1;2108
59;1;322;59;1;5062
59;1;5062;59;1;322
59;1;5059;59;1;8018
59;1;8018;59;1;5059
59;1;5063;59;1;8104
59;1;8104;59;1;5063
59;1;5064;59;1;8023
59;1;8023;59;1;5064
59;1;723;59;1;8019
59;1;8019;59;1;723
59;1;5065;59;1;8215
59;1;8215;59;1;5065
59;1;3871;59;1;8996
59;1;8996;59;1;8998
59;1;8998;59;1;3871
59;1;1143;59;1;1210
59;1;1210;59;1;1143
59;1;66;59;1;68
59;1;68;59;1;1432
59;1;1432;59;1;66
59;1;1147;59;1;1151
59;1;1151;59;1;1153
59;1;1153;59;1;1147
59;1;1141;59;1;1145
59;1;1145;59;1;1149
59;1;1149;59;1;4357
59;1;4357;59;1;1141
59;1;12;59;1;245
59;1;245;59;1;378
59;1;378;59;1;12
59;1;379;59;1;512
59;1;512;59;1;379
59;1;48;59;1;371
59;1;371;59;1;380
59;1;380;59;1;492
59;1;492;59;1;48
59;1;4349;59;1;4351
59;1;4351;59;1;4522
59;1;4522;59;1;4349
59;1;4353;59;1;4354
59;1;4354;59;1;4353
59;1;489;59;1;491
59;1;491;59;1;5259
59;1;5259;59;1;5261
59;1;5261;59;1;489
59;1;340;59;1;488
59;1;488;59;1;340
59;1;241;59;1;486
59;1;486;59;1;241
59;1;1721;59;1;2109
59;1;2109;59;1;1721
59;1;541;59;1;561
59;1;561;59;1;926
59;1;926;59;1;541
59;1;1827;59;1;3633
59;1;3633;59;1;1827
59;1;1713;59;1;8131
59;1;8131;59;1;9035
59;1;9035;59;1;9308
59;1;9308;59;1;1713
59;1;532;59;1;1729
59;1;1729;59;1;532
59;1;1737;59;1;1877
59;1;1877;59;1;3634
59;1;3634;59;1;9307
59;1;9307;59;1;1737
59;1;1743;59;1;8130
59;1;8130;59;1;1743
59;1;1756;59;1;3635
59;1;3635;59;1;1756
59;1;527;59;1;529
59;1;529;59;1;1786
59;1;1786;59;1;2112
59;1;2112;59;1;3636
59;1;3636;59;1;527
59;1;8897;59;1;8900
59;1;8900;59;1;8897
59;1;8670;59;1;8672
59;1;8672;59;1;8670
59;1;8482;59;1;8492
59;1;8492;59;1;8482
59;1;8494;59;1;8496
59;1;8496;59;1;8494
59;1;3235;59;1;3392
59;1;3392;59;1;3394
59;1;3394;59;1;3235
59;1;4787;59;1;4791
59;1;4791;59;1;4813
59;1;4813;59;1;4787
59;1;4795;59;1;4801
59;1;4801;59;1;4795
59;1;4789;59;1;4811
59;1;4811;59;1;4789
59;1;4797;59;1;4809
59;1;4809;59;1;4797
59;1;4799;59;1;4803
59;1;4803;59;1;4799
59;1;4805;59;1;4807
59;1;4807;59;1;4805
59;1;5658;59;1;8047
59;1;8047;59;1;5658
59;1;1257;59;1;1259
59;1;1259;59;1;1257
59;1;5328;59;1;5646
59;1;5646;59;1;5328
59;1;866;59;1;5238
59;1;5238;59;1;5240
59;1;5240;59;1;866
59;1;5243;59;1;5459
59;1;5459;59;1;5243
59;1;3842;59;1;3966
59;1;3966;59;1;3842
59;1;3843;59;1;5049
59;1;5049;59;1;3843
59;1;3845;59;1;8159
59;1;8159;59;1;3845
59;1;302;59;1;2130
59;1;2130;59;1;2137
59;1;2137;59;1;302
59;1;2131;59;1;8088
59;1;8088;59;1;2131
59;1;430;59;1;2132
59;1;2132;59;1;430
59;1;1458;59;1;1460
59;1;1460;59;1;1458
59;1;3690;59;1;8139
59;1;8139;59;1;3690
59;1;2143;59;1;9054
59;1;9054;59;1;2143
59;1;3883;59;1;3984
59;1;3984;59;1;3883
59;1;7714;59;1;7731
59;1;7731;59;1;7714
59;1;7727;59;1;7732
59;1;7732;59;1;7727
59;1;511;59;1;5237
59;1;5237;59;1;511
59;1;5723;59;1;5742
59;1;5742;59;1;5723
59;1;5734;59;1;5744
59;1;5744;59;1;5734
59;1;762;59;1;5746
59;1;5746;59;1;762
59;1;5614;59;1;5750
59;1;5750;59;1;5752
59;1;5752;59;1;5614
59;1;4902;59;1;4911
59;1;4911;59;1;4902
59;1;8026;59;1;8144
59;1;8144;59;1;8026
59;1;6299;59;1;8027
59;1;8027;59;1;6299
59;1;5840;59;1;5881
59;1;5881;59;1;5840
59;1;5842;59;1;5844
59;1;5844;59;1;5842
59;1;8028;59;1;8132
59;1;8132;59;1;8028
59;1;6276;59;1;8031
59;1;8031;59;1;6276
59;1;580;59;1;6238
59;1;6238;59;1;580
59;1;6313;59;1;8032
59;1;8032;59;1;6313
59;1;6298;59;1;8033
59;1;8033;59;1;6298
59;1;564;59;1;6239
59;1;6239;59;1;564
59;1;8717;59;1;8718
59;1;8718;59;1;8717
59;1;7153;59;1;7155
59;1;7155;59;1;7153
59;1;7156;59;1;7158
59;1;7158;59;1;7156
59;1;5526;59;1;5530
59;1;5530;59;1;5526
59;1;1885;59;1;8978
59;1;8978;59;1;1885
59;1;8974;59;1;8979
59;1;8979;59;1;8974
59;1;1125;59;1;9452
59;1;9452;59;1;1125
59;1;19;59;1;62
59;1;62;59;1;319
59;1;319;59;1;734
59;1;734;59;1;19
59;1;23;59;1;462
59;1;462;59;1;23
59;1;26;59;1;457
59;1;457;59;1;26
59;1;8528;59;1;8530
59;1;8530;59;1;8528
59;1;8498;59;1;8500
59;1;8500;59;1;8498
59;1;8532;59;1;8536
59;1;8536;59;1;8532
59;1;8502;59;1;8506
59;1;8506;59;1;8502
59;1;4499;59;1;4501
59;1;4501;59;1;4499
59;1;70;59;1;1204
59;1;1204;59;1;1208
59;1;1208;59;1;70
59;1;4425;59;1;4435
59;1;4435;59;1;4425
59;1;1330;59;1;1657
59;1;1657;59;1;1659
59;1;1659;59;1;1330
59;1;1424;59;1;1426
59;1;1426;59;1;1424
59;1;1412;59;1;1414
59;1;1414;59;1;1416
59;1;1416;59;1;1418
59;1;1418;59;1;1412
59;1;1364;59;1;1366
59;1;1366;59;1;1364
59;1;1408;59;1;1410
59;1;1410;59;1;1408
59;1;1386;59;1;1398
59;1;1398;59;1;1400
59;1;1400;59;1;1386
59;1;1358;59;1;1360
59;1;1360;59;1;1362
59;1;1362;59;1;1358
59;1;4533;59;1;4535
59;1;4535;59;1;4533
59;1;1320;59;1;1322
59;1;1322;59;1;1320
59;1;1420;59;1;1422
59;1;1422;59;1;1420
59;1;4339;59;1;4341
59;1;4341;59;1;4339
59;1;1428;59;1;1430
59;1;1430;59;1;1428
59;1;1374;59;1;1376
59;1;1376;59;1;1374
59;1;1378;59;1;1380
59;1;1380;59;1;1390
59;1;1390;59;1;1378
59;1;1436;59;1;1438
59;1;1438;59;1;1436
59;1;1316;59;1;1318
59;1;1318;59;1;1316
59;1;3456;59;1;5604
59;1;5604;59;1;3456
59;1;2146;59;1;5605
59;1;5605;59;1;2146
59;1;1281;59;1;1296
59;1;1296;59;1;4439
59;1;4439;59;1;1281
59;1;1005;59;1;1007
59;1;1007;59;1;1005
59;1;1229;59;1;1233
59;1;1233;59;1;1229
59;1;1221;59;1;1223
59;1;1223;59;1;1225
59;1;1225;59;1;1227
59;1;1227;59;1;1221
59;1;1155;59;1;1157
59;1;1157;59;1;1155
59;1;72;59;1;76
59;1;76;59;1;1199
59;1;1199;59;1;1201
59;1;1201;59;1;3452
59;1;3452;59;1;72
59;1;1167;59;1;1195
59;1;1195;59;1;1167
59;1;1169;59;1;1173
59;1;1173;59;1;1169
59;1;1171;59;1;1197
59;1;1197;59;1;1171
59;1;1265;59;1;1267
59;1;1267;59;1;1273
59;1;1273;59;1;1265
59;1;1271;59;1;1275
59;1;1275;59;1;1277
59;1;1277;59;1;1271
59;1;150;59;1;1948
59;1;1948;59;1;150
59;1;3137;59;1;3139
59;1;3139;59;1;3299
59;1;3299;59;1;3301
59;1;3301;59;1;4165
59;1;4165;59;1;4167
59;1;4167;59;1;4169
59;1;4169;59;1;3137
59;1;4331;59;1;4333
59;1;4333;59;1;4335
59;1;4335;59;1;4331
59;1;1231;59;1;1235
59;1;1235;59;1;1231
59;1;3135;59;1;3297
59;1;3297;59;1;3621
59;1;3621;59;1;3135
59;1;1212;59;1;1214
59;1;1214;59;1;1212
59;1;1269;59;1;1286
59;1;1286;59;1;1288
59;1;1288;59;1;1290
59;1;1290;59;1;3018
59;1;3018;59;1;1269
59;1;1159;59;1;1161
59;1;1161;59;1;1159
59;1;1177;59;1;1179
59;1;1179;59;1;1177
59;1;1175;59;1;1181
59;1;1181;59;1;1183
59;1;1183;59;1;1175
59;1;1284;59;1;1294
59;1;1294;59;1;1284
59;1;3121;59;1;3123
59;1;3123;59;1;3121
59;1;5120;59;1;8038
59;1;8038;59;1;5120
59;1;1719;59;1;3740
59;1;3740;59;1;1719
59;1;8039;59;1;8090
59;1;8090;59;1;8039
59;1;2191;59;1;8041
59;1;8041;59;1;2191
59;1;230;59;1;5482
59;1;5482;59;1;230
59;1;310;59;1;437
59;1;437;59;1;310
59;1;436;59;1;8091
59;1;8091;59;1;436
59;1;431;59;1;2166
59;1;2166;59;1;431
59;1;893;59;1;894
59;1;894;59;1;893
59;1;429;59;1;3482
59;1;3482;59;1;429
59;1;427;59;1;442
59;1;442;59;1;427
59;1;4217;59;1;4219
59;1;4219;59;1;4221
59;1;4221;59;1;4217
59;1;4928;59;1;6128
59;1;6128;59;1;4928
59;1;4343;59;1;4345
59;1;4345;59;1;4343
59;1;4337;59;1;4347
59;1;4347;59;1;4337
59;1;8311;59;1;8313
59;1;8313;59;1;8311
59;1;534;59;1;8316
59;1;8316;59;1;534
59;1;6277;59;1;8044
59;1;8044;59;1;6277
59;1;5800;59;1;8045
59;1;8045;59;1;5800
59;1;2262;59;1;5845
59;1;5845;59;1;2262
59;1;78;59;1;1866
59;1;1866;59;1;78
59;1;1868;59;1;2144
59;1;2144;59;1;1868
59;1;8267;59;1;8274
59;1;8274;59;1;8267
59;1;8258;59;1;8275
59;1;8275;59;1;8258
59;1;5573;59;1;5718
59;1;5718;59;1;5573
59;1;8556;59;1;8558
59;1;8558;59;1;8556
59;1;33;59;1;2139
59;1;2139;59;1;33
59;1;5342;59;1;5642
59;1;5642;59;1;5342
59;1;5114;59;1;8048
59;1;8048;59;1;5114
59;1;1872;59;1;8049
59;1;8049;59;1;1872
59;1;1873;59;1;6268
59;1;6268;59;1;1873
59;1;1875;59;1;8062
59;1;8062;59;1;1875
59;1;6261;59;1;6333
59;1;6333;59;1;6261
59;1;545;59;1;6262
59;1;6262;59;1;545
59;1;537;59;1;8050
59;1;8050;59;1;537
59;1;4507;59;1;4509
59;1;4509;59;1;4507
59;1;4503;59;1;4505
59;1;4505;59;1;4503
59;1;563;59;1;2232
59;1;2232;59;1;563
59;1;567;59;1;8352
59;1;8352;59;1;567
59;1;3577;59;1;6458
59;1;6458;59;1;3577
59;1;551;59;1;6110
59;1;6110;59;1;551
59;1;544;59;1;6267
59;1;6267;59;1;6270
59;1;6270;59;1;544
59;1;543;59;1;577
59;1;577;59;1;543
59;1;533;59;1;542
59;1;542;59;1;533
59;1;540;59;1;6330
59;1;6330;59;1;9375
59;1;9375;59;1;540
59;1;4930;59;1;8388
59;1;8388;59;1;4930
59;1;3600;59;1;6332
59;1;6332;59;1;3600
59;1;6266;59;1;6334
59;1;6334;59;1;6266
59;1;3715;59;1;6335
59;1;6335;59;1;3715
59;1;6309;59;1;6336
59;1;6336;59;1;6309
59;1;6328;59;1;6337
59;1;6337;59;1;6328
59;1;4773;59;1;4775
59;1;4775;59;1;4773
59;1;6132;59;1;8141
59;1;8141;59;1;6132
59;1;6142;59;1;8051
59;1;8051;59;1;6142
59;1;5269;59;1;9480
59;1;9480;59;1;5269
59;1;7688;59;1;7706
59;1;7706;59;1;7688
59;1;5326;59;1;5533
59;1;5533;59;1;5326
59;1;8053;59;1;8152
59;1;8152;59;1;8053
59;1;5329;59;1;5333
59;1;5333;59;1;5638
59;1;5638;59;1;5329
59;1;6306;59;1;6377
59;1;6377;59;1;6306
59;1;6307;59;1;9164
59;1;9164;59;1;6307
59;1;3971;59;1;9008
59;1;9008;59;1;3971
59;1;2304;59;1;3867
59;1;3867;59;1;2304
59;1;2307;59;1;3893
59;1;3893;59;1;2307
59;1;1717;59;1;3802
59;1;3802;59;1;5363
59;1;5363;59;1;1717
59;1;3753;59;1;8057
59;1;8057;59;1;3753
59;1;3795;59;1;5362
59;1;5362;59;1;3795
59;1;3963;59;1;8101
59;1;8101;59;1;3963
59;1;3877;59;1;3983
59;1;3983;59;1;3877
59;1;450;59;1;5512
59;1;5512;59;1;450
59;1;5485;59;1;5489
59;1;5489;59;1;5485
59;1;1511;59;1;1513
59;1;1513;59;1;1511
59;1;632;59;1;912
59;1;912;59;1;632
59;1;761;59;1;914
59;1;914;59;1;761
59;1;7184;59;1;7186
59;1;7186;59;1;7184
59;1;7139;59;1;7187
59;1;7187;59;1;7139
59;1;7189;59;1;7216
59;1;7216;59;1;7189
59;1;2158;59;1;8393
59;1;8393;59;1;2158
59;1;2250;59;1;3629
59;1;3629;59;1;2250
59;1;7121;59;1;7183
59;1;7183;59;1;7121
59;1;247;59;1;505
59;1;505;59;1;2386
59;1;2386;59;1;8697
59;1;8697;59;1;247
59;1;7142;59;1;7144
59;1;7144;59;1;7142
59;1;7132;59;1;7195
59;1;7195;59;1;7132
59;1;7135;59;1;7137
59;1;7137;59;1;7135
59;1;6323;59;1;9041
59;1;9041;59;1;6323
59;1;494;59;1;883
59;1;883;59;1;494
59;1;507;59;1;519
59;1;519;59;1;507
59;1;506;59;1;514
59;1;514;59;1;506
59;1;301;59;1;889
59;1;889;59;1;891
59;1;891;59;1;1447
59;1;1447;59;1;301
59;1;6140;59;1;8893
59;1;8893;59;1;6140
59;1;3217;59;1;3378
59;1;3378;59;1;3217
59;1;8719;59;1;8720
59;1;8720;59;1;8719
59;1;7200;59;1;7214
59;1;7214;59;1;7200
59;1;5715;59;1;5717
59;1;5717;59;1;5715
59;1;303;59;1;2165
59;1;2165;59;1;2179
59;1;2179;59;1;303
59;1;2168;59;1;8119
59;1;8119;59;1;2168
59;1;2172;59;1;5523
59;1;5523;59;1;2172
59;1;2231;59;1;6312
59;1;6312;59;1;2231
59;1;3219;59;1;3380
59;1;3380;59;1;3219
59;1;3221;59;1;3382
59;1;3382;59;1;3221
59;1;4733;59;1;4735
59;1;4735;59;1;4733
59;1;4737;59;1;4739
59;1;4739;59;1;4737
59;1;4697;59;1;4699
59;1;4699;59;1;4697
59;1;9188;59;1;9190
59;1;9190;59;1;9188
59;1;8262;59;1;8264
59;1;8264;59;1;8262
59;1;4154;59;1;7161
59;1;7161;59;1;4154
59;1;9076;59;1;9082
59;1;9082;59;1;9076
59;1;4385;59;1;4387
59;1;4387;59;1;4385
59;1;4389;59;1;4391
59;1;4391;59;1;4389
59;1;7801;59;1;9357
59;1;9357;59;1;7801
59;1;213;59;1;5387
59;1;5387;59;1;213
59;1;1187;59;1;1193
59;1;1193;59;1;1187
59;1;892;59;1;5372
59;1;5372;59;1;892
59;1;4936;59;1;4943
59;1;4943;59;1;4936
59;1;4927;59;1;4937
59;1;4937;59;1;4927
59;1;4634;59;1;4677
59;1;4677;59;1;8698
59;1;8698;59;1;4634
59;1;4920;59;1;4924
59;1;4924;59;1;4920
59;1;4926;59;1;4932
59;1;4932;59;1;4926
59;1;5802;59;1;5849
59;1;5849;59;1;5802
59;1;5804;59;1;8148
59;1;8148;59;1;5804
59;1;2264;59;1;5850
59;1;5850;59;1;2264
59;1;6465;59;1;8963
59;1;8963;59;1;6465
59;1;6057;59;1;6063
59;1;6063;59;1;6057
59;1;6058;59;1;6068
59;1;6068;59;1;6058
59;1;2200;59;1;6059
59;1;6059;59;1;2200
59;1;3836;59;1;8067
59;1;8067;59;1;3836
59;1;725;59;1;5050
59;1;5050;59;1;725
59;1;324;59;1;5044
59;1;5044;59;1;324
59;1;1896;59;1;5670
59;1;5670;59;1;9543
59;1;9543;59;1;1896
59;1;2181;59;1;2193
59;1;2193;59;1;2181
59;1;2184;59;1;5504
59;1;5504;59;1;2184
59;1;53;59;1;290
59;1;290;59;1;2189
59;1;2189;59;1;53
59;1;628;59;1;630
59;1;630;59;1;628
59;1;634;59;1;763
59;1;763;59;1;634
59;1;2223;59;1;5617
59;1;5617;59;1;2223
59;1;7118;59;1;7122
59;1;7122;59;1;7118
59;1;3831;59;1;3969
59;1;3969;59;1;3831
59;1;2348;59;1;3970
59;1;3970;59;1;2348
59;1;2318;59;1;5836
59;1;5836;59;1;2318
59;1;2319;59;1;5859
59;1;5859;59;1;2319
59;1;3700;59;1;7455
59;1;7455;59;1;3700
59;1;6579;59;1;8973
59;1;8973;59;1;6579
59;1;9060;59;1;9063
59;1;9063;59;1;9060
59;1;521;59;1;5203
59;1;5203;59;1;5205
59;1;5205;59;1;521
59;1;3725;59;1;5207
59;1;5207;59;1;3725
59;1;3133;59;1;3295
59;1;3295;59;1;3133
59;1;3125;59;1;3285
59;1;3285;59;1;3125
59;1;3127;59;1;3129
59;1;3129;59;1;3289
59;1;3289;59;1;3291
59;1;3291;59;1;3623
59;1;3623;59;1;3127
59;1;1881;59;1;6062
59;1;6062;59;1;1881
59;1;1882;59;1;8080
59;1;8080;59;1;1882
59;1;3141;59;1;3303
59;1;3303;59;1;3141
59;1;5527;59;1;8386
59;1;8386;59;1;5527
59;1;4203;59;1;4205
59;1;4205;59;1;4203
59;1;4917;59;1;4921
59;1;4921;59;1;4917
59;1;5576;59;1;8098
59;1;8098;59;1;5576
59;1;5578;59;1;8111
59;1;8111;59;1;5578
59;1;5720;59;1;5724
59;1;5724;59;1;5720
59;1;199;59;1;2195
59;1;2195;59;1;5298
59;1;5298;59;1;199
59;1;1598;59;1;1600
59;1;1600;59;1;1598
59;1;722;59;1;5072
59;1;5072;59;1;722
59;1;721;59;1;735
59;1;735;59;1;721
59;1;318;59;1;720
59;1;720;59;1;318
59;1;3175;59;1;3335
59;1;3335;59;1;8460
59;1;8460;59;1;3175
59;1;5544;59;1;9495
59;1;9495;59;1;5544
59;1;625;59;1;5492
59;1;5492;59;1;625
59;1;255;59;1;5118
59;1;5118;59;1;255
59;1;5952;59;1;8082
59;1;8082;59;1;5952
59;1;1013;59;1;1015
59;1;1015;59;1;4191
59;1;4191;59;1;1013
59;1;3894;59;1;3986
59;1;3986;59;1;3894
59;1;7632;59;1;7634
59;1;7634;59;1;7632
59;1;7635;59;1;7637
59;1;7637;59;1;7635
59;1;9208;59;1;9210
59;1;9210;59;1;9208
59;1;9204;59;1;9206
59;1;9206;59;1;9204
59;1;3179;59;1;3181
59;1;3181;59;1;4453
59;1;4453;59;1;3179
59;1;4207;59;1;4213
59;1;4213;59;1;4207
59;1;3187;59;1;3346
59;1;3346;59;1;3187
59;1;3229;59;1;3386
59;1;3386;59;1;4291
59;1;4291;59;1;4293
59;1;4293;59;1;4301
59;1;4301;59;1;3229
59;1;3245;59;1;3404
59;1;3404;59;1;3245
59;1;3277;59;1;3436
59;1;3436;59;1;3438
59;1;3438;59;1;3277
59;1;3161;59;1;3321
59;1;3321;59;1;3161
59;1;3269;59;1;3428
59;1;3428;59;1;3269
59;1;3197;59;1;3356
59;1;3356;59;1;3197
59;1;3275;59;1;3434
59;1;3434;59;1;3275
59;1;3185;59;1;3344
59;1;3344;59;1;3185
59;1;4311;59;1;4313
59;1;4313;59;1;4311
59;1;3339;59;1;4445
59;1;4445;59;1;4539
59;1;4539;59;1;4541
59;1;4541;59;1;3339
59;1;3223;59;1;3384
59;1;3384;59;1;4295
59;1;4295;59;1;3223
59;1;3243;59;1;3402
59;1;3402;59;1;3243
59;1;3263;59;1;3265
59;1;3265;59;1;3422
59;1;3422;59;1;3424
59;1;3424;59;1;3263
59;1;3267;59;1;3426
59;1;3426;59;1;3267
59;1;7611;59;1;7631
59;1;7631;59;1;7611
59;1;523;59;1;1746
59;1;1746;59;1;5127
59;1;5127;59;1;523
59;1;8649;59;1;8654
59;1;8654;59;1;8649
59;1;254;59;1;5124
59;1;5124;59;1;254
59;1;516;59;1;5126
59;1;5126;59;1;516
59;1;8097;59;1;8993
59;1;8993;59;1;8097
59;1;5154;59;1;8994
59;1;8994;59;1;5154
59;1;696;59;1;8995
59;1;8995;59;1;696
59;1;5324;59;1;5334
59;1;5334;59;1;5324
59;1;1547;59;1;3965
59;1;3965;59;1;1547
59;1;8089;59;1;8102
59;1;8102;59;1;8089
59;1;2229;59;1;6273
59;1;6273;59;1;6275
59;1;6275;59;1;2229
59;1;5913;59;1;9510
59;1;9510;59;1;5913
59;1;309;59;1;5189
59;1;5189;59;1;309
59;1;5144;59;1;8136
59;1;8136;59;1;5144
59;1;1588;59;1;1590
59;1;1590;59;1;1588
59;1;1584;59;1;1586
59;1;1586;59;1;1584
59;1;6189;59;1;6200
59;1;6200;59;1;6189
59;1;4397;59;1;4409
59;1;4409;59;1;4413
59;1;4413;59;1;4421
59;1;4421;59;1;4397
59;1;4393;59;1;4395
59;1;4395;59;1;4393
59;1;4415;59;1;4417
59;1;4417;59;1;4418
59;1;4418;59;1;4415
59;1;4403;59;1;4411
59;1;4411;59;1;4403
59;1;4399;59;1;4401
59;1;4401;59;1;4423
59;1;4423;59;1;4399
59;1;4405;59;1;4407
59;1;4407;59;1;4405
59;1;5775;59;1;5797
59;1;5797;59;1;5775
59;1;697;59;1;5377
59;1;5377;59;1;5379
59;1;5379;59;1;697
59;1;5381;59;1;8099
59;1;8099;59;1;5381
59;1;5776;59;1;5778
59;1;5778;59;1;5776
59;1;736;59;1;3852
59;1;3852;59;1;8217
59;1;8217;59;1;736
59;1;5551;59;1;8107
59;1;8107;59;1;5551
59;1;444;59;1;446
59;1;446;59;1;444
59;1;451;59;1;1731
59;1;1731;59;1;451
59;1;452;59;1;5539
59;1;5539;59;1;5541
59;1;5541;59;1;452
59;1;453;59;1;458
59;1;458;59;1;453
59;1;242;59;1;2402
59;1;2402;59;1;3590
59;1;3590;59;1;242
59;1;370;59;1;2403
59;1;2403;59;1;370
59;1;294;59;1;343
59;1;343;59;1;439
59;1;439;59;1;294
59;1;74;59;1;1456
59;1;1456;59;1;74
59;1;5756;59;1;9505
59;1;9505;59;1;5756
59;1;5280;59;1;8118
59;1;8118;59;1;5280
59;1;5282;59;1;5394
59;1;5394;59;1;5282
59;1;5285;59;1;8126
59;1;8126;59;1;5285
59;1;6156;59;1;8140
59;1;8140;59;1;6156
59;1;6141;59;1;6157
59;1;6157;59;1;6141
59;1;776;59;1;8703
59;1;8703;59;1;776
59;1;7625;59;1;7692
59;1;7692;59;1;7625
59;1;6831;59;1;6834
59;1;6834;59;1;6831
59;1;1592;59;1;1594
59;1;1594;59;1;1596
59;1;1596;59;1;1592
59;1;3838;59;1;5069
59;1;5069;59;1;5071
59;1;5071;59;1;3838
59;1;9147;59;1;9149
59;1;9149;59;1;9147
59;1;5211;59;1;8138
59;1;8138;59;1;5211
59;1;1913;59;1;2225
59;1;2225;59;1;2260
59;1;2260;59;1;1913
59;1;509;59;1;5258
59;1;5258;59;1;8737
59;1;8737;59;1;509
59;1;3604;59;1;3995
59;1;3995;59;1;3604
59;1;2246;59;1;3606
59;1;3606;59;1;2246
59;1;5932;59;1;5951
59;1;5951;59;1;5932
59;1;7470;59;1;7473
59;1;7473;59;1;7470
59;1;4558;59;1;4560
59;1;4560;59;1;4558
59;1;646;59;1;5509
59;1;5509;59;1;646
59;1;9142;59;1;9143
59;1;9143;59;1;9142
59;1;6046;59;1;6092
59;1;6092;59;1;6046
59;1;5763;59;1;5765
59;1;5765;59;1;5763
59;1;5060;59;1;8160
59;1;8160;59;1;5060
59;1;6105;59;1;6111
59;1;6111;59;1;6105
59;1;4525;59;1;4527
59;1;4527;59;1;4525
59;1;55;59;1;295
59;1;295;59;1;55
59;1;232;59;1;234
59;1;234;59;1;288
59;1;288;59;1;232
59;1;106;59;1;1394
59;1;1394;59;1;4531
59;1;4531;59;1;106
59;1;1382;59;1;1396
59;1;1396;59;1;1404
59;1;1404;59;1;1406
59;1;1406;59;1;1382
59;1;60;59;1;315
59;1;315;59;1;60
59;1;300;59;1;1448
59;1;1448;59;1;300
59;1;1185;59;1;1189
59;1;1189;59;1;1191
59;1;1191;59;1;1185
59;1;1384;59;1;1402
59;1;1402;59;1;1384
59;1;321;59;1;5068
59;1;5068;59;1;321
59;1;311;59;1;5152
59;1;5152;59;1;311
59;1;5639;59;1;5641
59;1;5641;59;1;5639
59;1;5321;59;1;5634
59;1;5634;59;1;5321
59;1;3225;59;1;3227
59;1;3227;59;1;3225
59;1;4741;59;1;4769
59;1;4769;59;1;4741
59;1;4745;59;1;4747
59;1;4747;59;1;4745
59;1;4743;59;1;4767
59;1;4767;59;1;4743
59;1;4297;59;1;4299
59;1;4299;59;1;4297
59;1;4753;59;1;4765
59;1;4765;59;1;4753
59;1;4759;59;1;4763
59;1;4763;59;1;4759
59;1;8534;59;1;8542
59;1;8542;59;1;8534
59;1;8538;59;1;8540
59;1;8540;59;1;8538
59;1;4771;59;1;4777
59;1;4777;59;1;4771
59;1;8213;59;1;8293
59;1;8293;59;1;8213
59;1;8741;59;1;8743
59;1;8743;59;1;8741
59;1;8289;59;1;8292
59;1;8292;59;1;8289
59;1;8294;59;1;8744
59;1;8744;59;1;8294
59;1;7695;59;1;7707
59;1;7707;59;1;7695
59;1;7615;59;1;7693
59;1;7693;59;1;7615
59;1;5323;59;1;5686
59;1;5686;59;1;5323
59;1;730;59;1;1718
59;1;1718;59;1;730
59;1;1027;59;1;1029
59;1;1029;59;1;1027
59;1;1515;59;1;1525
59;1;1525;59;1;1515
59;1;4181;59;1;4183
59;1;4183;59;1;4181
59;1;1540;59;1;1542
59;1;1542;59;1;1540
59;1;1505;59;1;1507
59;1;1507;59;1;1505
59;1;5861;59;1;5882
59;1;5882;59;1;5861
59;1;2266;59;1;8129
59;1;8129;59;1;2266
59;1;4273;59;1;4275
59;1;4275;59;1;4276
59;1;4276;59;1;4273
59;1;4243;59;1;4253
59;1;4253;59;1;4243
59;1;4249;59;1;4255
59;1;4255;59;1;4519
59;1;4519;59;1;4249
59;1;4245;59;1;4251
59;1;4251;59;1;4257
59;1;4257;59;1;4263
59;1;4263;59;1;4245
59;1;4241;59;1;4259
59;1;4259;59;1;4521
59;1;4521;59;1;4241
59;1;4247;59;1;4261
59;1;4261;59;1;4247
59;1;8135;59;1;8156
59;1;8156;59;1;8135
59;1;5164;59;1;8137
59;1;8137;59;1;5164
59;1;579;59;1;2230
59;1;2230;59;1;579
59;1;583;59;1;3573
59;1;3573;59;1;583
59;1;584;59;1;6375
59;1;6375;59;1;584
59;1;5294;59;1;5296
59;1;5296;59;1;5294
59;1;5291;59;1;8395
59;1;8395;59;1;5291
59;1;1628;59;1;1630
59;1;1630;59;1;1628
59;1;1624;59;1;1626
59;1;1626;59;1;1624
59;1;1618;59;1;1620
59;1;1620;59;1;1622
59;1;1622;59;1;1618
59;1;1279;59;1;1292
59;1;1292;59;1;1279
59;1;1632;59;1;1635
59;1;1635;59;1;4437
59;1;4437;59;1;9282
59;1;9282;59;1;1632
59;1;4705;59;1;4729
59;1;4729;59;1;4705
59;1;4713;59;1;4717
59;1;4717;59;1;4713
59;1;1569;59;1;1684
59;1;1684;59;1;1569
59;1;4793;59;1;4815
59;1;4815;59;1;4793
59;1;4751;59;1;4755
59;1;4755;59;1;4751
59;1;1643;59;1;1645
59;1;1645;59;1;1647
59;1;1647;59;1;1643
59;1;1610;59;1;1612
59;1;1612;59;1;1610
59;1;1614;59;1;1616
59;1;1616;59;1;1614
59;1;3481;59;1;3591
59;1;3591;59;1;3481
59;1;9364;59;1;9365
59;1;9365;59;1;9364
