CID;LID;NID;NAME;NCOMMENT
59;1;1;亚洲;
59;1;2;中国;
59;1;3;上海;
59;1;4;上海市;
59;1;5;宝山区;
59;1;7;崇明县;
59;1;8;奉贤区;
59;1;9;虹口区;
59;1;10;黄浦区;
59;1;11;嘉定区;
59;1;12;金山区;
59;1;13;静安区;
59;1;14;卢湾区;
59;1;15;闵行区;
59;1;17;浦东新区;
59;1;18;普陀区;
59;1;19;青浦区;
59;1;20;松江区;
59;1;21;徐汇区;
59;1;22;杨浦区;
59;1;23;闸北区;
59;1;6;长宁区;
59;1;9123;沈海高速公路;
59;1;9447;金山服务区;
59;1;9276;庙村;
59;1;9136;新卫高速公路;
59;1;9603;松卫南路;
59;1;9124;沪金高速公路;
59;1;8370;朱吕公路;
59;1;9134;上海绕城高速公路南;
59;1;8340;叶新公路;
59;1;9130;叶榭服务区;
59;1;8864;申嘉湖高速公路;
59;1;9131;沪昆高速公路;
59;1;8372;莘砖公路;
59;1;3516;沪松公路;
59;1;9132;沪渝高速公路;
59;1;4417;崧泽大道;
59;1;8321;北青公路;
59;1;4990;京沪高速公路;
59;1;4522;联群路;
59;1;4534;安辰路;
59;1;9135;上海绕城高速公路北;
59;1;3502;沪宜公路;
59;1;8318;汇源路;
59;1;8915;上海绕城高速公路;
59;1;9129;外环高速公路;
59;1;2919;海江路;
59;1;9072;沪陕高速公路;
59;1;9733;旬阳路;
59;1;2319;龙东大道;
59;1;9438;合庆服务区;
59;1;436;华夏东路;
59;1;9152;迎宾高速公路;
59;1;3434;机场大道;
59;1;9439;施湾六路;
59;1;4263;拱极路;
59;1;8347;东大公路;
59;1;9126;沪芦高速公路;
59;1;8349;新四平公路;
59;1;8350;瓦洪公路;
59;1;8351;南奉公路;
59;1;10009;林海公路;
59;1;2933;浦星公路;
59;1;8352;浦卫公路;
59;1;8356;庄行服务区;
59;1;8354;东日路;
59;1;9440;塔闵路;
59;1;7533;服务区;
59;1;4372;沈砖公路;
59;1;4379;外青松公路;
59;1;1500;宝安公路;
59;1;4477;嘉安公路;
59;1;9309;沈海高速公路北侧;
59;1;4542;合作路;
59;1;8401;沪嘉高速公路南侧;
59;1;3854;浏翔公路;
59;1;4058;沪太公路;
59;1;805;蕰川公路;
59;1;8391;城西服务区;
59;1;5604;富锦路;
59;1;9178;外环高速公路南段;
59;1;9699;沪闵路出口;
59;1;2315;申江路;
59;1;206;罗山路;
59;1;4983;沪南公路;
59;1;2928;东侧杨高南路出入口;
59;1;1847;杨高南路;
59;1;2930;西侧杨高南路出入口;
59;1;1846;上南路;
59;1;139;长清路;
59;1;9734;徐浦大桥（浦星公路）;
59;1;9735;徐浦大桥（龙吴路）;
59;1;1856;虹梅南路;
59;1;1855;莲花南路;
59;1;9179;外环高速公路西段;
59;1;9700;西侧沪太路出入口;
59;1;2940;莘庄立交桥;
59;1;2117;报春路;
59;1;2942;南侧顾戴路出入口;
59;1;2943;北侧顾戴路出入口;
59;1;59;漕宝路;
59;1;262;吴中路;
59;1;2947;沪青平高速出口;
59;1;9705;外环沪青平立交桥;
59;1;2103;延安高架路;
59;1;328;虹桥路２４８９弄;
59;1;2951;天山西路出入口;
59;1;46;北翟路;
59;1;2953;北翟路出入口;
59;1;9706;南侧京沪高速出入口;
59;1;7544;外环沪宁立交桥;
59;1;9707;北侧京沪高速出入口;
59;1;2752;曹安公路;
59;1;9708;北侧曹安公路出入口;
59;1;2959;庵桥湾;
59;1;2960;真南路出入口;
59;1;514;真南路;
59;1;7551;外环沪嘉立交桥;
59;1;9709;沪嘉高速公路出入口;
59;1;848;南大路;
59;1;174;丰翔路;
59;1;9180;外环高速公路北段;
59;1;9702;西侧凌海路出入口;
59;1;121;沪太路;
59;1;9701;东侧沪太路出入口;
59;1;195;富长路;
59;1;2970;西侧南北高架路出入口;
59;1;1788;南北高架路;
59;1;2972;东侧南北高架路出入口;
59;1;2973;江杨北路出入口;
59;1;2869;江杨北路;
59;1;2975;泰和路出入口;
59;1;2976;同济路入口;
59;1;2977;凇滨路;
59;1;2872;同济路;
59;1;10048;外环隧道（同济路）;
59;1;9933;外环隧道（江东路）;
59;1;2982;路家浜;
59;1;9181;外环高速公路东段;
59;1;608;凌海路;
59;1;9703;东侧凌海路出入口;
59;1;1932;张杨北路;
59;1;2987;杨高北路出入口;
59;1;2019;航津路;
59;1;458;洲海路;
59;1;2703;五洲大道;
59;1;558;巨峰路;
59;1;516;金海路;
59;1;207;高科中路;
59;1;8912;华夏高架路;
59;1;93;逸仙高架路;
59;1;1822;内环高架路;
59;1;9155;海江路（上海绕城高速公路）;
59;1;9158;甘河路;
59;1;1760;中环路;
59;1;475;纪念路;
59;1;3370;三门路;
59;1;3371;安汾路;
59;1;4030;高逸路;
59;1;106;长逸路;
59;1;3374;军工路入口;
59;1;9723;军工路出口;
59;1;3376;安达路;
59;1;1014;淞浦路;
59;1;9736;泰和路（上海绕城高速公路）;
59;1;9154;同济支路（上海绕城高速公路）;
59;1;3852;宝钱公路;
59;1;4425;嘉松北路;
59;1;4480;大碾路;
59;1;4481;嘉朱公路;
59;1;4482;胜辛路;
59;1;4483;清河路;
59;1;4484;永盛路;
59;1;4485;富蕴路;
59;1;4486;群裕路;
59;1;3851;嘉罗公路;
59;1;4487;叶城路;
59;1;4488;白银路;
59;1;4489;丰登路;
59;1;4490;希望路;
59;1;4491;双单路;
59;1;3504;翔江公路;
59;1;4492;火车站路;
59;1;1983;交通路;
59;1;9189;宝安公路（沪宜公路）;
59;1;2182;新村路;
59;1;55;真北路;
59;1;1740;祁连山南路;
59;1;3496;景泰路;
59;1;2744;武威路;
59;1;3498;常和路;
59;1;2745;古浪路;
59;1;3500;红柳路;
59;1;3501;金迎路;
59;1;3503;德园路;
59;1;9186;翔江公路（沪宜公路）;
59;1;9187;陈翔路（沪宜公路）;
59;1;9188;嘉美路（沪宜公路）;
59;1;4518;墨玉南路;
59;1;4519;于田南路;
59;1;4529;春浓路;
59;1;4517;星华公路;
59;1;4512;金园一路;
59;1;3728;华江公路;
59;1;1745;武宁路;
59;1;1782;长寿路;
59;1;1744;中山北路;
59;1;56;曹杨路;
59;1;147;大渡河路;
59;1;2084;沪青平公路;
59;1;2297;延安西路;
59;1;9651;金商公路;
59;1;9650;练西公路;
59;1;8400;朱枫公路;
59;1;9649;酒龙公路;
59;1;9944;漕盈路;
59;1;4441;华青南路;
59;1;4426;庆丰路;
59;1;4442;公园东路;
59;1;4443;崧华路;
59;1;4444;佘北公路;
59;1;4454;嘉松中路;
59;1;9945;徐源路;
59;1;9140;徐盈路;
59;1;9141;联民路;
59;1;4446;华徐公路;
59;1;4447;蟠龙路;
59;1;4448;诸光路;
59;1;1683;中春路;
59;1;70;七莘路;
59;1;9142;航新路;
59;1;9996;航云路;
59;1;3790;北松公路;
59;1;4333;环城路;
59;1;3749;放鹤路;
59;1;4334;松卫北路;
59;1;9946;香闵公路;
59;1;4339;新车公路;
59;1;9477;影维路;
59;1;9478;汇北路;
59;1;4340;曙光路;
59;1;4285;昆阳路;
59;1;4276;华宁路;
59;1;9628;金玉路;
59;1;9688;申牛路;
59;1;9592;车亭公路;
59;1;9614;大亭公路;
59;1;392;沪闵公路;
59;1;10053;东川路地铁站;
59;1;9593;沪杭公路;
59;1;3748;浦江路;
59;1;3513;莘松路;
59;1;3740;东川路;
59;1;3741;剑川路;
59;1;3743;元江路;
59;1;3750;颛兴路;
59;1;2074;金都路;
59;1;2076;银都路;
59;1;132;春申路;
59;1;8338;亭枫公路;
59;1;9997;枫泾立交;
59;1;9741;兴新公路;
59;1;9609;兴桂路;
59;1;9610;朱平公路;
59;1;9611;沈浦泾路;
59;1;9660;小康路;
59;1;9591;松金公路;
59;1;9725;沿江公路;
59;1;9225;潘圆公路;
59;1;9226;长兴岛服务区;
59;1;9227;陈海公路;
59;1;9726;向化公路;
59;1;9441;淀山湖服务区;
59;1;8399;培雅路;
59;1;9202;虹渝高架路;
59;1;9139;亭枫高速公路;
59;1;6737;莘庄桥;
59;1;9277;枫泾收费站;
59;1;8341;苗圃公路;
59;1;4380;嘉松南路;
59;1;9341;申嘉湖高速公路（迎宾大道）;
59;1;1701;南六公路;
59;1;1702;川沙路;
59;1;1703;川南奉公路;
59;1;1705;华洲路;
59;1;1706;浦东国际机场;
59;1;2426;科苑路;
59;1;1942;金科路;
59;1;130;金桥路;
59;1;2430;张东路;
59;1;2432;顾唐路;
59;1;9453;上海市桃研究所;
59;1;4294;秀沿路;
59;1;4247;横桥路;
59;1;3772;周祝公路;
59;1;3767;康沈路;
59;1;4248;沈杜公路;
59;1;4320;下盐公路;
59;1;4321;航三公路;
59;1;4256;航南公路;
59;1;4323;新环西路;
59;1;4257;新坦瓦公路;
59;1;9952;沪南立交桥;
59;1;4260;六奉公路;
59;1;8376;南芦公路;
59;1;4262;听潮路;
59;1;8406;南团公路;
59;1;4327;南港公路;
59;1;4328;建西路;
59;1;9632;金汇塘路;
59;1;8366;大叶公路;
59;1;4302;金聚路;
59;1;9454;闸航路;
59;1;4253;联跃路;
59;1;4249;联航路;
59;1;4246;立跃路;
59;1;4244;陈行公路;
59;1;4307;江桦路;
59;1;4587;芦恒路;
59;1;71;漕溪路;
59;1;1755;新镇路;
59;1;1757;星东路;
59;1;1758;龙茗路;
59;1;1759;莲花路;
59;1;1761;桂平路;
59;1;1762;虹漕路;
59;1;1763;桂林路;
59;1;1764;柳州路;
59;1;1765;钦州路;
59;1;4398;茸平路;
59;1;4383;文翔路;
59;1;4384;广富林路;
59;1;4399;卖新公路;
59;1;4400;长兴路;
59;1;9455;古楼公路;
59;1;4402;泗砖公路;
59;1;4403;泗陈公路;
59;1;4404;九干公路;
59;1;9953;九泾路;
59;1;9954;九亭公路;
59;1;3738;涞亭南路;
59;1;4358;荣乐东路;
59;1;9601;金山大道;
59;1;9608;漕廊公路;
59;1;8402;双马路;
59;1;3726;华翔路;
59;1;9998;青赵公路;
59;1;4494;胜利路;
59;1;4433;向阳河路;
59;1;4436;赵重公路;
59;1;4495;新凤南路;
59;1;9955;凤嵩路;
59;1;4497;金丰路;
59;1;4498;繁兴路;
59;1;48;长宁路;
59;1;9207;申长路;
59;1;9457;华江路;
59;1;1735;剑河路;
59;1;3901;中华新路;
59;1;296;恒丰北路;
59;1;2181;延长中路;
59;1;2183;宜川路;
59;1;255;广中西路;
59;1;1957;汶水路;
59;1;2186;真大路;
59;1;114;场中路;
59;1;2188;上大路;
59;1;2189;锦秋路;
59;1;9697;毛沟桥;
59;1;4057;月罗公路;
59;1;9698;石太路;
59;1;3776;水产路;
59;1;2921;友谊路;
59;1;4570;盛石路;
59;1;4568;金石路;
59;1;10073;川纪路;
59;1;4059;潘泾路;
59;1;9442;新卫公路;
59;1;9737;金张支线;
59;1;8358;荣昌路;
59;1;9738;东海大桥（东海大道）;
59;1;8393;２号码头出入口;
59;1;9740;东海大桥（顺翔路）;
59;1;8375;两港大道;
59;1;8394;申港大道;
59;1;8377;南芦服务区;
59;1;9620;四新公路;
59;1;4156;东川公路;
59;1;4311;卫亭路;
59;1;9077;金亭公路;
59;1;9078;华星路;
59;1;9079;祝潘公路;
59;1;4312;闻居路;
59;1;3430;远航路;
59;1;3433;航城路;
59;1;4232;川六公路;
59;1;3436;晨阳路;
59;1;9458;Ｙ４６５;
59;1;4575;迎宾北侧联络道;
59;1;9619;新奉公路;
59;1;4187;申东路;
59;1;3442;联星路;
59;1;4310;龚路公路;
59;1;4153;上川路;
59;1;4149;顾高公路;
59;1;9957;南祝路;
59;1;4258;下盐路;
59;1;3752;华东路;
59;1;4186;杨家沟路;
59;1;202;高科东路;
59;1;2334;锦绣东路;
59;1;4235;川周公路;
59;1;4261;人民西路;
59;1;10042;宣秋路;
59;1;4315;会龙路;
59;1;4190;川展路;
59;1;9641;芦潮港车客渡码头;
59;1;9642;江山路;
59;1;9643;层林路;
59;1;4114;黄浦江;
59;1;9958;亭卫南路;
59;1;9605;天华路;
59;1;9604;增丰路;
59;1;9959;吴淞江桥;
59;1;4472;博园路;
59;1;4474;绿环路;
59;1;4475;方园路;
59;1;4476;伊宁路;
59;1;4464;南期昌路;
59;1;9960;业锦路;
59;1;4465;梅家浜路;
59;1;9472;辰花路;
59;1;9677;业煌路;
59;1;4469;华隆路;
59;1;9961;华腾公路;
59;1;4418;纪鹤公路;
59;1;4471;宝丰路;
59;1;9467;蒸富路;
59;1;8865;老朱枫路;
59;1;9468;老松蒸公路;
59;1;9469;东三路;
59;1;4371;九新公路;
59;1;4459;南乐路;
59;1;9459;新界路;
59;1;4361;民益路;
59;1;4461;新效路;
59;1;3783;东佳路;
59;1;1898;世纪大道;
59;1;3322;秀浦路;
59;1;126;成山路;
59;1;204;高科西路;
59;1;10007;龙阳路立交桥;
59;1;1895;浦建路;
59;1;428;花木路;
59;1;9606;杭州湾大道;
59;1;9607;卫清东路;
59;1;9602;学府路;
59;1;9345;迎宾大道;
59;1;9119;练塘服务区;
59;1;9128;上海绕城高速公路西;
59;1;9445;Ｓ３２松卫北路收费站;
59;1;9460;Ｓ３２三鲁公路收费站;
59;1;9125;Ｓ３２航头服务区;
59;1;9127;上海绕城高速公路东;
59;1;9082;机务区出入口;
59;1;4554;胜辛北路;
59;1;4564;城北路;
59;1;4567;嘉行公路;
59;1;4530;墨玉路;
59;1;4533;于塘路;
59;1;4527;胜辛南路;
59;1;341;沪嘉高速公路;
59;1;4536;澄浏中路;
59;1;550;陈广路;
59;1;4046;联杨路;
59;1;2920;宝杨路;
59;1;2874;牡丹江路;
59;1;2870;铁山路;
59;1;2871;铁力路;
59;1;616;龙吴路;
59;1;261;沪闵路;
59;1;9999;大叶立交桥;
59;1;9464;沿浦公路;
59;1;8868;白陈路;
59;1;8869;新许路;
59;1;9580;新工南路;
59;1;10043;叶旺公路;
59;1;9615;南桥路;
59;1;9616;环城东路;
59;1;9617;金海公路;
59;1;9618;团青公路;
59;1;9612;南亭公路;
59;1;9613;亭卫公路;
59;1;9947;枫亭公路;
59;1;9625;塘口轮渡南站;
59;1;9627;米市渡轮渡站;
59;1;8343;沈浦泾南路;
59;1;8362;庄胡公路;
59;1;8363;目华北路;
59;1;9232;海湾路;
59;1;9598;西闸公路;
59;1;8369;颛桥服务区;
59;1;3836;莘朱路;
59;1;9194;沪常高速公路;
59;1;9444;兴浦中路;
59;1;2030;杨高北路;
59;1;270;海徐路;
59;1;4126;胶东路;
59;1;4133;东陆公路;
59;1;8685;五洲大道立交;
59;1;197;港城路;
59;1;2336;杨高中路;
59;1;2709;民生路;
59;1;2194;芳甸路;
59;1;9687;罗山路立交桥;
59;1;2711;居家桥路;
59;1;2354;云山路;
59;1;3337;枣庄路;
59;1;9446;三鲁公路;
59;1;4245;苏召路;
59;1;9463;丰南路;
59;1;9165;林恒路;
59;1;4255;航鹤路;
59;1;4254;召泰路;
59;1;4251;明星路;
59;1;4035;丰华公路;
59;1;4036;金沙江西路;
59;1;9962;康沈公路;
59;1;4192;川环南路;
59;1;4295;周东路;
59;1;4296;康达路;
59;1;4200;孙环路;
59;1;4202;栏学路;
59;1;4216;唐黄路;
59;1;4204;界龙大道;
59;1;4206;妙境路;
59;1;4297;航校路;
59;1;9724;青松路;
59;1;9319;盈港路;
59;1;9307;横泾;
59;1;4419;鹤祥路;
59;1;4420;安鹤路;
59;1;9320;绿地大道;
59;1;9471;蓬青路;
59;1;4422;墨玉北路;
59;1;4423;百安公路;
59;1;4424;外钱公路;
59;1;4395;佘天昆公路;
59;1;4348;昆港公路;
59;1;4347;松蒸公路;
59;1;9473;淹浜路;
59;1;4377;千新公路;
59;1;4378;龙源路;
59;1;4051;蕴北路;
59;1;4550;嘉戬公路;
59;1;9261;塔新路;
59;1;4552;霜竹公路;
59;1;9638;哥白尼路;
59;1;524;蔡伦路;
59;1;851;真陈路;
59;1;2350;祁连山路;
59;1;887;云岭西路;
59;1;1866;金沙江路;
59;1;1746;铜川路;
59;1;2754;金鼎路;
59;1;58;桃浦路;
59;1;2351;南陈路;
59;1;4042;柳园路;
59;1;885;塘祁路;
59;1;973;泰和西路;
59;1;8409;顾太路;
59;1;9316;朱家宅;
59;1;4044;顾陈路;
59;1;4043;陈富路;
59;1;10000;杨北路;
59;1;241;广粤路;
59;1;246;株洲路;
59;1;4027;呼兰路;
59;1;4056;四元路;
59;1;1790;江杨南路;
59;1;2302;殷高西路;
59;1;94;长江西路;
59;1;1193;汶水东路;
59;1;2306;真华路;
59;1;3097;大华路;
59;1;3099;沪太支路;
59;1;3100;高平路;
59;1;3101;原平路;
59;1;1999;万荣路;
59;1;1835;共和新路;
59;1;3104;寿阳路;
59;1;4034;环镇北路;
59;1;4060;月新南路;
59;1;9479;嘉新公路;
59;1;4526;解放岛路;
59;1;4525;解放岛东环路;
59;1;4566;罗太路;
59;1;4565;博乐南路;
59;1;4562;仓场路;
59;1;4556;塔城路;
59;1;4560;新成路;
59;1;4537;六里中心路;
59;1;4538;普惠路;
59;1;4553;胜竹路;
59;1;9679;汇旺东路;
59;1;4520;安虹路;
59;1;4521;东横街;
59;1;4523;冯东路;
59;1;4510;爱特路;
59;1;4508;联友路;
59;1;4506;纪鹤路;
59;1;4509;纪宏路;
59;1;9280;江川路;
59;1;4290;申富路;
59;1;3932;黄浦路;
59;1;159;大名路;
59;1;3933;青浦路;
59;1;227;虹许路;
59;1;237;虹梅路;
59;1;74;虹桥路;
59;1;3814;龙溪路;
59;1;229;顾戴路;
59;1;2003;钦州南路;
59;1;2005;宜山路;
59;1;315;程家桥支路;
59;1;3744;向阳路;
59;1;2073;双柏路;
59;1;2075;景联路;
59;1;2079;罗秀路;
59;1;2080;上中西路;
59;1;9579;塔城东路;
59;1;9680;和政路;
59;1;3512;沁春路;
59;1;3514;黎安路;
59;1;9480;老江川东路;
59;1;3757;颛兴东路;
59;1;9693;春西路;
59;1;10066;沪金高速公路西;
59;1;1853;都市路;
59;1;9732;温虹路;
59;1;9203;申昆路;
59;1;9198;扬虹路高架;
59;1;3817;仙霞西路;
59;1;2154;老沪闵路;
59;1;4274;华泾路;
59;1;9295;徐梅路;
59;1;3798;梅陇路;
59;1;2445;石龙路;
59;1;4278;金都西路;
59;1;4277;都会路;
59;1;4269;闵城路;
59;1;4272;伟业路;
59;1;9600;闵行区梅陇税务所;
59;1;3800;龙州路;
59;1;73;中山西路;
59;1;305;虹井路;
59;1;3739;水清路;
59;1;393;龙漕路;
59;1;2122;虹漕南路;
59;1;3804;冠生园路;
59;1;4291;塘川路;
59;1;9681;兴南路;
59;1;9481;奥玎宫廷别墅南门;
59;1;3758;古美路;
59;1;3759;平南路;
59;1;3544;田林路;
59;1;4367;光华路;
59;1;9514;辰塔路;
59;1;4408;陈家公路;
59;1;10001;阵厍路;
59;1;4354;人民北路;
59;1;4390;茸兴路;
59;1;10002;九亭大街;
59;1;4456;明中路;
59;1;4457;易富路;
59;1;4345;松汇西路;
59;1;4343;松汇中路;
59;1;9474;三新路;
59;1;4346;玉树路;
59;1;4435;昌业路;
59;1;4427;陶干路;
59;1;9486;刘五公路;
59;1;9964;赵非公路;
59;1;4284;春九路;
59;1;4369;张泾路;
59;1;10045;高技路;
59;1;4298;周东南路;
59;1;4299;芙蓉花路;
59;1;9335;康新公路;
59;1;9488;棋杆路;
59;1;4242;鹿川路;
59;1;9571;大川公路;
59;1;4234;普新路;
59;1;9166;世博大道;
59;1;2805;三林路;
59;1;2806;杨南路;
59;1;2269;杨思路;
59;1;169;浦东南路;
59;1;3734;雪野路;
59;1;9965;国展路;
59;1;9966;博成路;
59;1;10003;五洲大道辅道;
59;1;580;康桥东路;
59;1;129;川桥路;
59;1;9326;盈港东路;
59;1;9967;凤重路;
59;1;9461;鹫山小区;
59;1;4528;纪秀路;
59;1;151;浦东大道;
59;1;128;锦绣路;
59;1;188;张杨路;
59;1;4131;利津路;
59;1;1270;新金桥路;
59;1;2714;五莲路;
59;1;4129;博兴路;
59;1;4147;金高路;
59;1;3457;东陆路;
59;1;9332;汇佳苑;
59;1;4134;莱阳路;
59;1;9159;东塘公路;
59;1;1943;张江路;
59;1;441;华夏中路;
59;1;283;浦东北路;
59;1;4180;台南东路;
59;1;4183;赵高公路;
59;1;4181;新园路;
59;1;3765;东靖路;
59;1;9565;东葛路;
59;1;3731;江泉路;
59;1;1931;江东路;
59;1;1933;欧高公路;
59;1;4167;江心沙路;
59;1;4155;顾曹公路;
59;1;1272;金穗路;
59;1;4152;榕桥路;
59;1;4151;秦桥路;
59;1;4154;民耀路;
59;1;4188;储七路;
59;1;4189;六陈路;
59;1;4193;创新路;
59;1;9968;浦东运河桥;
59;1;1850;金港路;
59;1;4141;金京路;
59;1;131;唐陆公路;
59;1;9283;唐家宅;
59;1;4224;河滨西路;
59;1;4231;吴店路;
59;1;4197;孙桥路;
59;1;4198;沔北路;
59;1;4199;科农路;
59;1;2215;军民公路;
59;1;2160;华夏西路;
59;1;479;济阳路;
59;1;485;耀华路;
59;1;2268;上浦路;
59;1;2270;德州路;
59;1;9552;龙耀路隧道;
59;1;3316;港华路;
59;1;3458;东高路;
59;1;9969;行南路;
59;1;9493;上海文化总会;
59;1;9281;凌空路;
59;1;1939;沪南路;
59;1;4318;康花路;
59;1;2159;御桥路;
59;1;2161;绿科路;
59;1;2162;北中路;
59;1;2163;莲园路;
59;1;2732;东建路;
59;1;154;东方路;
59;1;2736;南泉路;
59;1;9559;北艾路;
59;1;9560;锦尊路;
59;1;4195;华洲西路;
59;1;3435;江镇路;
59;1;9494;海滨路;
59;1;4150;俱进路;
59;1;4144;佳京路;
59;1;9495;行泰路;
59;1;9655;碧桃路;
59;1;9594;张衡路;
59;1;2320;翠柏路;
59;1;4080;凌兆路;
59;1;4073;高青路;
59;1;4082;杨新路;
59;1;4062;昌里路;
59;1;4145;源华路;
59;1;4065;云莲路;
59;1;3735;东明路;
59;1;3736;南码头路;
59;1;1893;浦三路;
59;1;3737;法拉第路;
59;1;199;杨高北一路;
59;1;1380;威斯路;
59;1;9301;油管路;
59;1;4117;金沪路;
59;1;4203;城丰路;
59;1;4205;华夏三路;
59;1;4215;黄赵路;
59;1;4214;学赵路;
59;1;10046;三灶路（中界路）;
59;1;10018;金家一大道;
59;1;9503;浦东新区黄楼幼儿园;
59;1;4217;界龙一路;
59;1;4201;稻香路;
59;1;9197;嘉闵高架路;
59;1;4455;徐乐路;
59;1;9196;崧泽高架路;
59;1;9970;龄七路;
59;1;326;迎宾一路;
59;1;327;肇嘉浜路;
59;1;2086;哈密路;
59;1;2090;水城路;
59;1;1793;古北路;
59;1;2092;伊犁路;
59;1;1796;凯旋路;
59;1;4211;三灶路;
59;1;9971;中界路;
59;1;4210;微捷路;
59;1;4146;佳林路;
59;1;911;三鲁路;
59;1;4087;莲溪路;
59;1;4086;五星路;
59;1;4138;东波路;
59;1;9504;庞配;
59;1;2544;花园路;
59;1;1995;水电路;
59;1;172;四川北路;
59;1;1996;中山北一路;
59;1;9683;周家渡路;
59;1;9972;雪野二路;
59;1;9973;上钢路;
59;1;9974;世博馆路;
59;1;1789;爱辉路;
59;1;4033;一二八纪念路;
59;1;8404;呼玛四村;
59;1;1961;共江路;
59;1;9536;华庄路;
59;1;4549;外环东路;
59;1;117;逸仙高架东侧;
59;1;8888;逸仙高架东侧安达路上匝道;
59;1;4219;安航路;
59;1;4583;海天五路;
59;1;4225;仓储路;
59;1;3919;安澜路;
59;1;184;西藏南路;
59;1;3920;蓬莱路;
59;1;3679;安顺路;
59;1;2094;淮海西路;
59;1;1797;定西路;
59;1;4006;白城路;
59;1;2377;民星路;
59;1;2379;殷行路;
59;1;2378;嫩江路;
59;1;263;国和路;
59;1;3695;市光路;
59;1;3696;开鲁路;
59;1;3575;白城南路;
59;1;277;翔殷路;
59;1;4113;白桦路;
59;1;685;明月路;
59;1;4112;碧云路;
59;1;4115;蓝天路;
59;1;9509;白莲泾路;
59;1;2193;白杨路;
59;1;3801;百色路;
59;1;3802;龙川北路;
59;1;10016;百色支路;
59;1;9191;上中路;
59;1;3893;半淞园路;
59;1;3917;外马路;
59;1;9054;保屯路;
59;1;9058;花园港路;
59;1;9053;苗江路;
59;1;4004;包头路;
59;1;3169;包头南路;
59;1;1652;国伟路;
59;1;3170;国顺东路;
59;1;9924;沪嘉高速公路宝安公路入口匝道;
59;1;9927;宝安公路南侧;
59;1;9928;沪嘉高速公路宝安公路南侧入口匝道;
59;1;3810;宝铭路;
59;1;27;宝庆路;
59;1;28;桃江路;
59;1;1708;复兴中路;
59;1;30;宝山路;
59;1;31;天目东路;
59;1;32;东江湾路;
59;1;1711;宝昌路;
59;1;1712;东宝兴路;
59;1;8438;逸仙高架路西侧;
59;1;8445;逸仙高架路西侧宝杨路上匝道;
59;1;1960;保德路;
59;1;4020;三泉路;
59;1;4021;岭南路;
59;1;4022;阳曲路;
59;1;3151;斜土东路;
59;1;185;中山南路;
59;1;3886;瞿溪路;
59;1;1993;北宝兴路;
59;1;3971;西宝兴路;
59;1;3088;粤秀路;
59;1;1954;洛川东路;
59;1;788;延长路;
59;1;157;广中路;
59;1;35;北虹路;
59;1;36;虹古路;
59;1;37;天山西路;
59;1;1716;仙霞路;
59;1;1717;新渔路;
59;1;38;北京东路;
59;1;39;西藏中路;
59;1;40;中山东一路;
59;1;1720;浙江中路;
59;1;1721;河南中路;
59;1;1722;四川中路;
59;1;41;北京西路;
59;1;42;南北高架西侧;
59;1;1724;南北高架西侧北京西路上匝道;
59;1;44;愚园路;
59;1;1726;万航渡路;
59;1;1727;胶州路;
59;1;1728;常德路;
59;1;1729;陕西北路;
59;1;1730;江宁路;
59;1;1731;石门二路;
59;1;1732;成都北路;
59;1;1242;北苏州路;
59;1;2014;吴淞路;
59;1;9201;北翟高架路;
59;1;9909;北翟高架路北翟路出口匝道;
59;1;9199;虹翟高架路;
59;1;9908;北翟高架路虹翟高架路出口匝道;
59;1;9903;嘉闵高架路北翟高架路入口匝道;
59;1;9233;北翟高架路外环高速公路出口匝道;
59;1;203;外环高速公路外圈;
59;1;9243;北翟高架路外环高速公路外圈出口匝道;
59;1;9410;北翟高架路北侧;
59;1;9911;北翟高架路北侧虹翟高架路出口匝道;
59;1;9904;嘉闵高架路北翟高架路北侧入口匝道;
59;1;9234;北翟高架路南侧;
59;1;9409;华江公路西侧;
59;1;9755;北翟高架路南侧华江路西侧出口匝道;
59;1;50;外环高速公路内圈;
59;1;9235;北翟高架路南侧外环高速公路内圈出口匝道;
59;1;9906;北翟高架路北翟路入口匝道;
59;1;9907;北翟路北翟高架路南侧入口匝道;
59;1;9239;外环高速公路北翟路入口匝道;
59;1;461;外环高速公路内侧;
59;1;8412;北翟路外环高速公路内侧入口匝道;
59;1;9396;中环路北翟路入口匝道;
59;1;9398;北翟路南侧;
59;1;8920;中环路内侧;
59;1;9400;中环路内侧北翟路南侧入口匝道;
59;1;8917;中环路外侧;
59;1;9399;中环路外侧北翟路南侧入口匝道;
59;1;4162;碧波路;
59;1;4157;祖冲之路;
59;1;686;黑松路;
59;1;687;红枫路;
59;1;9975;后滩路;
59;1;9976;塘子泾路;
59;1;9501;长清北路;
59;1;4558;博乐路;
59;1;4561;温宿路;
59;1;4559;金沙路;
59;1;1471;博山东路;
59;1;4103;德平路;
59;1;4107;博山路;
59;1;4097;崮山路;
59;1;4136;归昌路;
59;1;4127;长岛路;
59;1;4132;兰城路;
59;1;4128;台儿庄路;
59;1;4130;荷泽路;
59;1;4135;凌河路;
59;1;9637;达尔文路;
59;1;4226;基地三路;
59;1;49;曹安公路北侧;
59;1;1737;曹安公路外环高速公路内侧入口匝道;
59;1;51;曹安公路南侧;
59;1;9758;外环高速公路由曹安公路南侧京沪高速公路北侧出口匝道;
59;1;8772;外环高速公路内侧曹安公路南侧入口匝道;
59;1;52;外环高速公路外圈匝道;
59;1;1738;曹安公路外环高速公路外侧入口匝道;
59;1;57;江苏北路;
59;1;1743;宁夏路;
59;1;1747;潮州路;
59;1;60;沪闵高架东侧;
59;1;1749;沪闵高架东侧漕宝路上匝道;
59;1;9759;外环高速公路内侧漕宝路入口匝道;
59;1;64;外环高速公路外侧;
59;1;9760;外环高速公路外侧漕宝路入口匝道;
59;1;66;中环内侧;
59;1;1752;中环内侧漕宝路上匝道;
59;1;68;中环外侧;
59;1;1753;中环外侧漕宝路上匝道;
59;1;72;漕溪北路;
59;1;1768;零陵路;
59;1;1769;南丹东路;
59;1;75;漕溪立交;
59;1;9764;漕溪立交沪闵高架路东侧入口匝道;
59;1;78;沪闵高架西侧;
59;1;1772;沪闵高架西侧漕溪立交入口匝道;
59;1;80;内环高架内圈;
59;1;1773;内环高架内圈漕溪立交入口匝道;
59;1;82;内环高架外圈;
59;1;1774;内环高架外圈漕溪立交入口匝道;
59;1;9765;内环内圈;
59;1;9766;漕溪立交内环内圈入口匝道;
59;1;87;中山南二路;
59;1;1777;田林东路;
59;1;3882;茶陵北路;
59;1;3792;茶陵路;
59;1;1858;斜土路;
59;1;3182;大木桥路;
59;1;3881;零陵北路;
59;1;88;昌化路;
59;1;89;新闸路;
59;1;90;宜昌路;
59;1;1780;昌平路;
59;1;1781;安远路;
59;1;4063;昌里东路;
59;1;2719;云台路;
59;1;1802;武宁南路;
59;1;3936;西苏州路;
59;1;3911;延平路;
59;1;1805;西康路;
59;1;9216;昌邑路;
59;1;9215;福山路;
59;1;2708;源深路;
59;1;4098;苗圃路;
59;1;2205;延安中路;
59;1;1840;南京西路;
59;1;3139;武定路;
59;1;3140;康定路;
59;1;3878;余姚路;
59;1;111;常熟路;
59;1;113;华山路;
59;1;29;淮海中路;
59;1;1831;南北高架西侧场中路上匝道;
59;1;107;逸仙高架西侧;
59;1;1833;逸仙高架西侧场中路上匝道;
59;1;122;逸仙路;
59;1;3972;车站南路;
59;1;3090;凉城路;
59;1;4002;车站西路;
59;1;3992;新市南路;
59;1;124;延安东路;
59;1;1839;威海路;
59;1;1841;凤阳路;
59;1;127;西营路;
59;1;3730;博华路;
59;1;4557;城中路;
59;1;4563;沙霞路;
59;1;2892;梅园路;
59;1;3811;程家桥路;
59;1;3813;合川路;
59;1;3812;金汇路;
59;1;3840;虹中路;
59;1;3989;赤峰路;
59;1;3644;广灵二路;
59;1;152;四平路;
59;1;1880;曲阳路;
59;1;3623;密云路;
59;1;9989;崇景路;
59;1;4166;随塘路;
59;1;9510;公园路;
59;1;8461;迎宾高速公路北侧;
59;1;8539;迎宾高速公路北侧川南奉公路上匝道;
59;1;8459;迎宾高速公路南侧;
59;1;8537;迎宾高速公路南侧川南奉公路上匝道;
59;1;8547;迎宾高速公路北侧川沙路上匝道;
59;1;8545;迎宾高速公路南侧川沙路上匝道;
59;1;9210;翠钰路;
59;1;224;古羊路;
59;1;9211;荣华东道;
59;1;9518;翠钰南路;
59;1;3839;红松东路;
59;1;135;打浦路;
59;1;136;徐家汇路;
59;1;3762;龙华东路;
59;1;1859;中山南一路;
59;1;138;打浦路隧道;
59;1;141;大柏树立交;
59;1;1862;内环高架内圈大柏树上匝道;
59;1;1863;内环高架外圈大柏树和逸仙立交入口匝道;
59;1;1864;中环内侧大柏树立交入口匝道;
59;1;10004;古北路桥;
59;1;1865;光复西路;
59;1;9519;宝山区大场镇委;
59;1;3846;华灵路;
59;1;1812;大连路;
59;1;1900;乳山路;
59;1;9929;大连路隧道（东方路）;
59;1;9930;大连路隧道（长阳路）;
59;1;1874;周家嘴路;
59;1;1875;控江路;
59;1;156;大连西路;
59;1;10021;大林路;
59;1;10022;大兴街;
59;1;3922;林荫路;
59;1;166;溧阳路;
59;1;9520;福德路;
59;1;3970;大宁路;
59;1;3967;老沪太路;
59;1;3975;广延路;
59;1;3974;商场西路;
59;1;291;陆家浜路;
59;1;3921;江阴街;
59;1;4164;丹桂路;
59;1;4158;广兰路;
59;1;4099;灵山路;
59;1;4102;羽山路;
59;1;4108;栖山路;
59;1;3774;丁香路;
59;1;3755;迎春路;
59;1;4090;柳杉路;
59;1;4093;桃林路;
59;1;4094;长柳路;
59;1;4092;金松路;
59;1;4095;紫槐路;
59;1;9330;浦东虹桥花园北门;
59;1;3832;定边路;
59;1;2530;新华路;
59;1;451;法华镇路;
59;1;2533;武夷路;
59;1;3183;东安路;
59;1;9521;龙腾大道;
59;1;2058;乌鲁木齐南路;
59;1;9522;龙华中路;
59;1;4016;衡水路;
59;1;3938;芷江中路;
59;1;2700;东昌路;
59;1;4111;富城路;
59;1;2481;东泰路;
59;1;1672;浦城路;
59;1;9015;华夏高架路北侧;
59;1;9041;华夏高架路北侧东川公路上匝道;
59;1;9269;汇江路;
59;1;3761;星乐路;
59;1;4287;环路;
59;1;165;东大名路;
59;1;9977;惠民路;
59;1;1886;高阳路;
59;1;1890;公平路;
59;1;1894;龙阳路;
59;1;1896;浦电路;
59;1;1897;潍坊路;
59;1;1899;商城路;
59;1;3874;东湖路;
59;1;3875;富民路;
59;1;9652;东江阴街;
59;1;3924;跨龙路;
59;1;9653;柳市路;
59;1;1626;东门路;
59;1;1914;中华路;
59;1;528;中山东二路;
59;1;9979;东明路白莲泾桥（东方路）;
59;1;4066;齐河路;
59;1;9978;东明路白莲泾桥（高科西路）;
59;1;9556;东泉路;
59;1;9554;罗城路;
59;1;4077;东三里桥路;
59;1;9060;胶南路;
59;1;4072;东泰林路;
59;1;4074;西泰林路;
59;1;4075;康桥路;
59;1;4069;永泰路;
59;1;2475;陆家嘴环路;
59;1;10014;东徐联路;
59;1;10013;徐南路;
59;1;2486;东园路;
59;1;2477;银城中路;
59;1;4220;东远航路;
59;1;9980;海天东六路;
59;1;110;东长治路;
59;1;104;海门路;
59;1;1885;新建路;
59;1;3663;董家渡路;
59;1;2392;敦化路;
59;1;2022;松花江路;
59;1;4089;峨山路;
59;1;2222;番禺路;
59;1;3357;南丹路;
59;1;2039;方浜中路;
59;1;2040;人民路;
59;1;3925;三牌楼路;
59;1;1915;河南南路;
59;1;4161;芳春路;
59;1;4165;金秋路;
59;1;9371;芳甸路西侧;
59;1;9346;内环高架路内圈;
59;1;9372;内环高架路内圈芳甸路西侧入口匝道;
59;1;4023;汾西路;
59;1;3873;汾阳路;
59;1;3476;太原路;
59;1;9272;裕民路;
59;1;9551;丰谷路;
59;1;9686;龙恒路;
59;1;9549;云锦路;
59;1;547;丰庄西路;
59;1;4514;沙河路;
59;1;4515;虞姬墩路;
59;1;9917;沪嘉高速公路丰翔路入口匝道;
59;1;1905;丰翔路外环高速公路内侧入口匝道;
59;1;8783;外环高速公路内侧匝道;
59;1;9769;外环高速公路内侧丰翔路入口匝道;
59;1;1906;丰翔路外环高速公路外侧入口匝道;
59;1;8786;丰翔路北侧;
59;1;9771;外环高速公路内侧北;
59;1;9770;外环高速公路内侧北丰翔路北侧入口匝道;
59;1;8788;外环高速公路内侧匝道丰翔路北侧入口匝道;
59;1;9921;丰翔路东侧;
59;1;9922;沪嘉高速公路丰翔路东侧入口匝道;
59;1;3995;丰镇路;
59;1;3994;新市北路;
59;1;3828;丰庄北路;
59;1;3826;丰庄路;
59;1;3825;清峪路;
59;1;3871;枫林路;
59;1;9558;瑞宁路;
59;1;3862;芙蓉江路;
59;1;1967;茅台路;
59;1;1968;天山路;
59;1;10026;福建北路;
59;1;3110;天潼路;
59;1;2324;福建南路;
59;1;178;福建中路;
59;1;2041;金陵东路;
59;1;179;延安高架北侧;
59;1;1907;延安高架北侧福建路上匝道;
59;1;3926;广东路;
59;1;180;福州路;
59;1;3161;九江路;
59;1;9646;福泉路;
59;1;3842;金浜路;
59;1;183;复兴东路;
59;1;9523;隧道科技馆;
59;1;186;复兴东路隧道;
59;1;189;复兴西路;
59;1;1921;永福路;
59;1;1924;黄陂南路;
59;1;1925;重庆南路;
59;1;1926;瑞金二路;
59;1;1927;陕西南路;
59;1;4171;富特北路;
59;1;4174;港九路;
59;1;4172;华申路;
59;1;4173;奥纳路;
59;1;4169;基隆路;
59;1;4176;富特南路;
59;1;9657;台中南路;
59;1;4175;富特中路;
59;1;4177;德林路;
59;1;9773;外环高速公路外侧富长路入口匝道;
59;1;9218;高安路;
59;1;2228;湖南路;
59;1;489;建国西路;
59;1;2057;永嘉路;
59;1;9644;高宝路;
59;1;9645;高设路;
59;1;1936;高科东路外环高速公路外侧入口匝道;
59;1;1935;高科中路外环高速公路内侧入口匝道;
59;1;1956;灵石路;
59;1;1958;江场西路;
59;1;3976;晋城路;
59;1;3778;高雄路;
59;1;658;制造局路;
59;1;3946;海拉尔路;
59;1;4013;国权北路;
59;1;3947;公平路轮渡站;
59;1;9981;飞虹路;
59;1;10011;拱极东路;
59;1;10012;曲幽路;
59;1;210;共和立交;
59;1;215;南北高架东侧;
59;1;9779;共和立交南北高架东侧入口匝道;
59;1;9780;共和立交南北高架西侧入口匝道;
59;1;1945;内环高架内圈共和立交入口匝道（杨浦大桥）;
59;1;1946;内环高架外圈共和立交入口匝道（沪太路方向）;
59;1;220;呼玛路;
59;1;1950;天目中路;
59;1;1953;柳营路;
59;1;1963;南北高架西侧共江路上匝道;
59;1;4026;虎林路;
59;1;4025;通河路;
59;1;641;延安高架南侧;
59;1;8413;延安高架南侧古北路上匝道;
59;1;1969;玉屏南路;
59;1;3977;敦煌路;
59;1;3978;祁安路;
59;1;3979;桃浦西路;
59;1;3795;古美西路;
59;1;3796;虹莘路;
59;1;3797;万源路;
59;1;228;宋园路;
59;1;1973;伊犁南路;
59;1;1975;顾戴路外环高速公路内侧入口匝道;
59;1;1976;顾戴路外环高速公路外侧入口匝道;
59;1;1977;中环内侧顾戴路上匝道;
59;1;3821;凯旋北路;
59;1;2347;枣阳路;
59;1;3822;东新路;
59;1;238;光新路;
59;1;9994;甘泉路;
59;1;1982;石泉路;
59;1;3896;湖北路;
59;1;3897;江西中路;
59;1;4387;三新北路;
59;1;4389;龙腾路;
59;1;3986;广灵四路;
59;1;9781;内环高架路西侧;
59;1;9782;内环高架路西侧广灵四路入口匝道;
59;1;3987;新市路;
59;1;4267;广贤路;
59;1;4268;莘建东路;
59;1;2198;广元路;
59;1;2055;宛平路;
59;1;3865;广元西路;
59;1;3866;宜山北路;
59;1;1985;中环内侧广粤路上匝道;
59;1;1986;中环外侧广粤路上匝道;
59;1;4014;广粤支路;
59;1;1991;南北高架东侧广中路上匝道;
59;1;1990;内环高架外圈广中路上匝道;
59;1;9331;浦东新区三行市政;
59;1;2001;沪闵高架西侧桂林路上匝道;
59;1;3794;江安路;
59;1;3809;钦州北路;
59;1;4122;桂桥路;
59;1;4123;金滇路;
59;1;4121;金湘路;
59;1;4163;郭守敬路;
59;1;2261;国定东路;
59;1;468;黄兴路;
59;1;2024;国定路;
59;1;2862;政立路;
59;1;3999;政民路;
59;1;4000;政通路;
59;1;275;邯郸路;
59;1;3963;政修路;
59;1;3957;政本路;
59;1;963;国帆路;
59;1;4009;江湾城路;
59;1;961;淞沪路;
59;1;2007;中环内侧国和路上匝道;
59;1;2008;中环外侧国和路上匝道;
59;1;4007;长海路;
59;1;4005;民庆路;
59;1;4003;世界路;
59;1;1650;中原路;
59;1;9577;国货路;
59;1;3780;南车站路;
59;1;3915;普育东路;
59;1;4031;何家湾路;
59;1;1413;殷高路;
59;1;3965;双阳北路;
59;1;639;营口路;
59;1;2023;国顺路;
59;1;2380;闸殷路;
59;1;9508;都市庭园;
59;1;3815;青溪路;
59;1;3843;可乐路;
59;1;3913;海防路;
59;1;3709;海伦路;
59;1;9221;邢家桥北路;
59;1;267;海宁路;
59;1;2010;西藏北路;
59;1;2011;浙江北路;
59;1;2012;河南北路;
59;1;4586;海天六路;
59;1;4585;速航路;
59;1;4229;启航路;
59;1;8454;迎宾高速公路西侧;
59;1;8456;海天五路迎宾高速公路西侧上匝道;
59;1;4581;护航路;
59;1;4584;东启航路;
59;1;8457;海天五路南侧;
59;1;8458;迎宾高速公路西侧海天五路南侧入口匝道;
59;1;9756;海天一路;
59;1;9757;华夏高架路北侧海天一路上匝道;
59;1;2016;海徐路外环高速公路外侧入口匝道;
59;1;2240;高东二路;
59;1;278;邯郸路北侧;
59;1;2026;邯郸路北侧逸仙路入口匝道;
59;1;9209;航东路;
59;1;4218;航飞路;
59;1;4227;河滨北路;
59;1;9066;外环高速公路内侧航津路入口匝道;
59;1;9275;航全路;
59;1;9982;基地七路;
59;1;9192;平阳路;
59;1;3395;长江南路;
59;1;4228;航油路;
59;1;9274;围场河路;
59;1;285;河间路;
59;1;2032;内环高架内圈河间路上匝道;
59;1;1820;兰州路;
59;1;3960;爱国路;
59;1;856;宁国路;
59;1;1823;隆昌路;
59;1;105;内江路;
59;1;9983;河南路桥;
59;1;9219;远景路;
59;1;297;恒丰路;
59;1;9984;光复路;
59;1;2050;汉中路;
59;1;2051;天目西路;
59;1;102;长安路;
59;1;2053;秣陵路;
59;1;10017;恒和中路;
59;1;4008;恒仁路;
59;1;302;衡山路;
59;1;2056;吴兴路;
59;1;4041;柳华路;
59;1;86;沪闵高架路;
59;1;3816;林泉路;
59;1;3837;红松路;
59;1;307;虹梅立交;
59;1;9783;虹梅立交沪闵西侧入口匝道;
59;1;2062;沪闵高架东侧虹梅路上匝道;
59;1;9176;沪闵高架西侧虹梅南路上匝道;
59;1;2071;虹梅南路外环高速公路外侧入口匝道;
59;1;319;外环高速公路外侧入口匝道;
59;1;2072;外环高速公路外侧虹梅南路出口匝道;
59;1;1532;中环路内圈;
59;1;8582;中环路内圈虹梅南路上匝道;
59;1;323;虹桥机场;
59;1;9784;延安高架南侧虹桥机场上匝道;
59;1;2097;虹桥路２４８９弄外环高速公路内侧入口匝道;
59;1;3803;梅陇西路;
59;1;2098;延安高架北侧虹许路上匝道;
59;1;2099;延安高架南侧虹许路上匝道;
59;1;9449;申虹路;
59;1;9204;建虹路高架;
59;1;9424;虹渝高架路东侧;
59;1;9421;温虹路南侧;
59;1;9425;虹渝高架路东侧温虹路南侧出口匝道;
59;1;9422;虹渝高架路西侧;
59;1;9426;沪青平公路北侧;
59;1;9428;虹渝高架路西侧沪青平公路北侧出口匝道;
59;1;9905;虹翟高架路北翟高架路入口匝道;
59;1;9200;申贵路;
59;1;9413;虹翟高架路东侧;
59;1;9414;虹翟高架路东侧北翟路南侧出口匝道;
59;1;9418;仙霞西路南侧;
59;1;9419;虹翟高架路东侧仙霞西路南侧出口匝道;
59;1;9416;虹翟高架路西侧;
59;1;9420;虹翟高架路西侧申昆路出口匝道;
59;1;10020;湖滨路;
59;1;3891;济南路;
59;1;3869;兴国路;
59;1;9527;虎林路综合码头;
59;1;4535;沪嘉辅道;
59;1;4052;新勤路;
59;1;9923;沪嘉高速公路宝安公路出口匝道;
59;1;9925;宝安公路北侧;
59;1;9926;沪嘉高速公路宝安公路北侧出口匝道;
59;1;9918;沪嘉高速公路丰翔路出口匝道;
59;1;9919;丰翔路西侧;
59;1;9920;沪嘉高速公路丰翔路西侧出口匝道;
59;1;9916;沪嘉高速公路祁连山路出口匝道;
59;1;2107;沪嘉立交由沪嘉北侧到外环高速公路内侧;
59;1;2108;沪嘉立交由沪嘉南侧到外环高速公路内侧;
59;1;2109;沪嘉立交由沪嘉北侧到外环高速公路外侧;
59;1;9913;沪嘉高速公路汶水路出口匝道;
59;1;8382;沪嘉高速公路上海段;
59;1;2105;沪闵高架东侧沪杭方向上匝道;
59;1;2106;莘庄立交由沪杭高速到外环高速公路外侧入口匝道;
59;1;347;沪闵高架北侧;
59;1;2110;沪闵高架北侧虹梅路入口匝道;
59;1;2111;沪闵高架东侧漕溪立交出口匝道;
59;1;2112;沪闵高架东侧桂林路下匝道;
59;1;2113;沪闵高架东侧虹梅立交出口匝道;
59;1;8815;沪闵高架东侧沪闵路下匝道;
59;1;356;上海南站;
59;1;2114;沪闵高架东侧南站出口匝道;
59;1;2115;莘庄立交由沪闵高架到外环高速公路内侧入口匝道;
59;1;2126;钦州路出入口;
59;1;362;沪闵高架路北;
59;1;9793;沪闵高架路北中环路内侧入口匝道;
59;1;364;沪闵高架路南;
59;1;365;中环路东侧;
59;1;2131;沪闵高架北侧由沪闵高架到中环路入口匝道;
59;1;366;沪闵高架路西;
59;1;2132;漕溪立交由沪闵高架路西到沪闵高架路南匝道;
59;1;368;沪闵高架南侧;
59;1;2133;沪闵高架南侧南站入口匝道;
59;1;2134;漕溪立交由沪闵西侧至内环内圈;
59;1;2135;虹梅立交由沪闵西侧至中环内侧;
59;1;2136;沪闵高架西侧虹梅路下匝道;
59;1;2137;沪闵高架西侧沪杭方向下匝道;
59;1;3725;沪昆高速公路（莘庄方向）;
59;1;3723;沪闵高架西侧莘庄方向下匝道;
59;1;2138;沪闵高架西侧莲花路下匝道;
59;1;2139;沪闵高架西侧柳州路下匝道;
59;1;2140;沪闵高架西侧南站出口匝道;
59;1;8585;上海南站出发出口;
59;1;8587;沪闵高架西侧上海南站出发出口匝道;
59;1;2141;沪闵高架西侧田林东路下匝道;
59;1;8411;沪闵高架东侧沪闵路上匝道;
59;1;8817;沪闵高架西侧沪闵路上匝道;
59;1;2156;沪南公路外环高速公路内侧入口匝道;
59;1;2157;沪南公路外环高速公路外侧入口匝道;
59;1;8979;中环路内侧沪南路上匝道;
59;1;8977;中环路外侧沪南路上匝道;
59;1;9432;沪南路东侧;
59;1;9350;内环高架路外圈;
59;1;9431;内环高架路外圈沪南路东侧入口匝道;
59;1;8764;沪宁立交中;
59;1;8767;沪宁立交中由京沪高速公路南侧至外环高速公路内侧入口匝道;
59;1;8732;沪青平公路外环高速公路外侧入口匝道;
59;1;9427;虹渝高架路东侧沪青平公路北侧入口匝道;
59;1;8729;沪青平立交;
59;1;8728;外环高速公路沪青平立交外环外圈入口匝道;
59;1;8733;沪青平立交东;
59;1;8748;沪青平立交东外环高速公路内侧入口匝道;
59;1;8736;延安高架路北侧;
59;1;8737;沪青平立交东延安高架路北侧入口匝道;
59;1;9867;嘉闵高架路沪松公路入口匝道;
59;1;9868;嘉闵高架路东侧;
59;1;9869;嘉闵高架路东侧沪松公路入口匝道;
59;1;9795;外环高速公路内侧沪太公路出口匝道;
59;1;418;外环高速公路内侧出口;
59;1;9796;沪太公路外环外侧出口至外环高速公路内侧出口匝道;
59;1;9797;沪太公路外环高速公路外侧入口匝道;
59;1;422;外环高速公路外侧出口;
59;1;9798;沪太公路外环高速公路内侧出口至外环外侧出口匝道;
59;1;9799;沪太公路东侧;
59;1;9800;外环高速公路内侧沪太公路东侧入口匝道;
59;1;9801;外环高速公路外侧沪太公路东侧出口匝道;
59;1;9802;沪太公路西侧;
59;1;9803;外环高速公路内侧沪太公路西侧出口匝道;
59;1;9804;外环高速公路外侧沪太公路西侧出口匝道;
59;1;2171;内环高架内圈沪太路上匝道;
59;1;2172;内环高架外圈沪太路上匝道;
59;1;2177;中环外侧沪太路上匝道;
59;1;9658;守仁桥街路;
59;1;2169;沪渝高速公路外环高速公路外侧入口匝道;
59;1;8739;沪青平立交由沪渝高速公路南侧至延安高架路出口匝道;
59;1;8744;沪渝高速公路南侧;
59;1;8747;沪青平立交东由沪渝高速公路至外环高速公路内侧出口匝道;
59;1;10071;沪渝高速公路南侧外环高速公路外圈入口匝道;
59;1;2484;花园石桥路;
59;1;9411;北翟高架路北侧华江公路西侧入口匝道;
59;1;8568;外环高速公路外侧华泾路入口匝道;
59;1;3980;真金路;
59;1;3981;新沪路;
59;1;3982;大华三路;
59;1;2196;延安高架南侧华山路上匝道;
59;1;2200;江苏路;
59;1;2202;镇宁路;
59;1;2203;乌鲁木齐北路;
59;1;4170;富特东一路;
59;1;4507;新凤中路;
59;1;2208;华夏东路外环高速公路外侧入口匝道;
59;1;9085;外环高速公路外圈２;
59;1;9036;外环高速公路外圈华夏东路入口匝道２;
59;1;9667;华夏高架路北侧申江路东侧出口匝道;
59;1;9012;华夏高架路外环高速公路内圈出口匝道;
59;1;9027;华夏高架路外环高速公路外圈出口匝道;
59;1;9106;迎宾高速公路南侧华夏高架路往机场工作区方向入口匝道;
59;1;9052;迎宾高速公路西侧华夏高架路往机场工作区方向出口匝道;
59;1;9670;华夏高架路北侧中环路东侧出口匝道;
59;1;9671;华夏高架路中环路东侧出口匝道;
59;1;9017;华夏路;
59;1;9025;华夏高架路北侧华夏路出口匝道;
59;1;9042;华夏高架路东侧;
59;1;9043;华夏高架路东侧华洲路下匝道;
59;1;9004;华夏高架路南侧;
59;1;9040;华夏高架路南侧川南奉公路下匝道;
59;1;9007;华夏高架路南侧外环高速公路出口匝道;
59;1;9010;华夏外环立交由华夏高架路南侧至外环高速公路内圈出口匝道;
59;1;9011;华夏外环立交由华夏高架南侧至外环高速公路外圈出匝道;
59;1;9038;华夏高架路南侧微捷路下匝道;
59;1;9018;外环高速公路内圈华夏路入口匝道;
59;1;9024;外环高速公路外圈华夏路入口匝道;
59;1;9019;华夏外环立交;
59;1;9016;华夏外环立交由外环高速公路外圈至华夏高架路北侧入口匝道;
59;1;9026;华夏外环立交外环高速公路外圈出口匝道;
59;1;9096;华夏外环立交由中环路至杨高南路出口匝道;
59;1;9528;上海捷东水泥制品公司;
59;1;4240;殷家浜路;
59;1;9169;耀龙路;
59;1;9985;联勤村道;
59;1;2210;康杉路;
59;1;2213;华夏中路外环高速公路内侧入口匝道;
59;1;9092;外环高速公路内圈２;
59;1;9093;外环高速公路内圈华夏中路入口匝道２;
59;1;9001;中环路内侧华夏中路上匝道;
59;1;9003;中环路外侧华夏中路上匝道;
59;1;9883;嘉闵高架路华翔路入口匝道;
59;1;9530;北翟支路;
59;1;9044;华夏高架路西侧;
59;1;9045;华夏高架路西侧华洲路上匝道;
59;1;8495;华洲路东侧;
59;1;8502;迎宾高速公路北侧华洲路东侧上匝道;
59;1;8822;迎宾高速公路南侧华洲路东侧上匝道;
59;1;8498;华洲路西侧;
59;1;8499;迎宾高速公路北侧华洲路西侧上匝道;
59;1;10047;太平桥;
59;1;446;淮海东路;
59;1;9685;永寿路;
59;1;2219;云南南路;
59;1;2224;南北高架西侧淮海中路上匝道;
59;1;2226;武康路;
59;1;2232;襄阳南路;
59;1;2234;茂名南路;
59;1;2235;瑞金一路;
59;1;8463;环东二大道立交;
59;1;8648;环东二大道立交外环高速公路内侧入口匝道;
59;1;8649;环东二大道立交外环高速公路外侧入口匝道;
59;1;8535;迎宾高速公路南侧环东二大道立交入口匝道;
59;1;8662;环东二大道立交北;
59;1;8664;环东二大道立交北由外环高速公路内侧北至中出口匝道;
59;1;8666;环东二大道立交南;
59;1;8667;内环内侧;
59;1;8668;环东二大道立交南由外环高速公路内侧中至南入口匝道;
59;1;8642;环东二大道立交西北;
59;1;8634;龙东大道北侧;
59;1;8644;外环高速公路由环东二大道立交到龙东大道北侧入口匝道;
59;1;8663;环东二大道立交中;
59;1;8658;龙东大道南;
59;1;8665;环东二大道立交中由外环高速公路内侧中至龙东大道南出口匝道;
59;1;9633;环林西路;
59;1;462;黄陂北路;
59;1;2247;人民大道;
59;1;2249;永年路;
59;1;2250;建国东路;
59;1;2253;金陵西路;
59;1;3894;黄河路;
59;1;2255;内环高架内圈黄兴路上匝道;
59;1;2256;内环高架外圈黄兴路上匝道;
59;1;103;长阳路;
59;1;2260;中山北二路;
59;1;9934;黄兴路地下道;
59;1;3997;吉浦路;
59;1;3996;武东路;
59;1;4503;陈章公路;
59;1;4504;芦蔡北路;
59;1;4505;新府北路;
59;1;2263;纪念路逸仙高架路上匝道;
59;1;2264;逸仙高架西侧纪念路上匝道;
59;1;3998;武川路;
59;1;3890;合肥路;
59;1;3892;太仓路;
59;1;3889;自忠路;
59;1;2265;济阳路外环高速公路内侧入口匝道;
59;1;2266;济阳路跨线桥南侧外环高速公路外侧入口匝道;
59;1;8929;中环济阳立交;
59;1;8933;中环济阳立交济阳路入口匝道;
59;1;8945;中环济阳立交由济阳路西侧至中环路内侧入口匝道;
59;1;8936;中环济阳立交由济阳路西侧至中环路外侧入口匝道;
59;1;8939;济阳路东侧;
59;1;8947;中环济阳立交由济阳路东侧至中环路内侧入口匝道;
59;1;8938;济阳路西侧;
59;1;8944;中环济阳立交济阳路西侧入口匝道;
59;1;9553;嘉陵路;
59;1;9900;嘉闵高架路北翟高架路出口匝道;
59;1;9872;嘉闵高架路沪松公路出口匝道;
59;1;9873;嘉闵高架路华翔路出口匝道;
59;1;9876;嘉闵高架路建虹路高架出口匝道;
59;1;9895;嘉闵高架路崧泽高架路出口匝道;
59;1;9407;崧泽高架路北侧;
59;1;9897;嘉闵高架路崧泽高架路北侧;
59;1;9899;嘉闵高架路扬虹路高架出口匝道;
59;1;9901;嘉闵高架路东侧北翟高架路出口匝道;
59;1;9874;建虹路高架南侧;
59;1;9875;嘉闵高架路东侧建虹路高架南侧出口匝道;
59;1;9898;嘉闵高架路东侧崧泽高架路出口匝道;
59;1;9870;嘉闵高架路西侧;
59;1;9871;嘉闵高架路西侧沪松公路出口匝道;
59;1;9877;嘉闵高架路西侧建虹路高架出口匝道;
59;1;9896;嘉闵高架路西侧崧泽高架路出口匝道;
59;1;4037;嘉怡路;
59;1;9986;陇南路;
59;1;3885;建德路;
59;1;3883;思南路;
59;1;487;肇周路;
59;1;2274;马当路;
59;1;492;建国新路;
59;1;2773;建国中路;
59;1;9882;嘉闵高架路西侧建虹路高架入口匝道;
59;1;9884;嘉闵高架路东侧建虹路高架入口匝道;
59;1;9881;嘉闵高架路建虹路高架入口匝道;
59;1;9879;建虹路高架北侧;
59;1;9880;嘉闵高架路建虹路高架北侧入口匝道;
59;1;4039;建华路;
59;1;4040;金昌路;
59;1;3841;平溪路;
59;1;4015;江场路;
59;1;3973;奎照路;
59;1;9629;江川东路;
59;1;9630;紫星路;
59;1;9631;紫月路;
59;1;2290;澳门路;
59;1;1818;江浦路;
59;1;1872;杨树浦路;
59;1;590;平凉路;
59;1;2294;延安高架北侧江苏路上匝道;
59;1;2295;延安高架南侧江苏路上匝道;
59;1;9533;殷高东路;
59;1;9534;军工路交警中队;
59;1;2326;江西南路;
59;1;125;南苏州路;
59;1;2851;南京东路;
59;1;9807;江杨北路外环高速公路内侧上匝道;
59;1;3751;太阳山路;
59;1;2307;岚皋路;
59;1;240;志丹路;
59;1;2310;中兴路;
59;1;4106;平度路;
59;1;9535;东三街路;
59;1;9062;沂南路;
59;1;4125;金藏路;
59;1;4124;云桥路;
59;1;2884;万镇路;
59;1;3827;真光路;
59;1;3785;申光路;
59;1;4119;宁桥路;
59;1;2312;金海路外环高速公路内侧入口匝道;
59;1;2313;金海路外环高速公路外侧入口匝道;
59;1;4118;金皖路;
59;1;3838;金汇南路;
59;1;9728;金科南路;
59;1;2322;广西南路;
59;1;2323;浙江南路;
59;1;530;重庆中路;
59;1;532;金陵中路;
59;1;2331;普安路;
59;1;2339;内环高架内圈金沙江路上匝道;
59;1;2340;内环高架外圈金沙江路上匝道;
59;1;2341;中环内侧金沙江路上匝道;
59;1;2342;中环外侧金沙江路上匝道;
59;1;4104;金杨路;
59;1;4105;金口路;
59;1;9987;金园八路;
59;1;9434;锦绣路南侧;
59;1;9433;内环高架路内圈锦绣路南侧入口匝道;
59;1;2166;沪宁立交由沪宁南侧到外环高速公路内侧;
59;1;404;外环高速公路内圈匝道;
59;1;2167;沪宁立交由沪宁北侧到外环高速公路内侧;
59;1;2168;沪宁立交由沪宁南侧到外环高速公路外侧;
59;1;8753;外环沪宁立交;
59;1;9768;京沪高速公路外环沪宁立交桥入口匝道;
59;1;1120;京沪高速公路北侧;
59;1;8771;外环高速公路由京沪高速公路至曹安公路入口匝道;
59;1;1122;京沪高速公路南侧;
59;1;8778;外环高速公路由京沪高速公路北至南方向入口匝道;
59;1;8780;外环高速公路外侧由京沪高速公路南侧至丰华公路入口匝道;
59;1;8779;外环高速公路外圈京沪高速公路南侧入口匝道;
59;1;8381;京沪高速公路上海段;
59;1;161;九龙路;
59;1;3111;汉阳路;
59;1;3177;局门路;
59;1;3918;丽园路;
59;1;2362;巨峰路外环高速公路内侧入口匝道;
59;1;2363;巨峰路外环高速公路外侧入口匝道;
59;1;564;川安路;
59;1;1785;军工路;
59;1;2369;逸仙高架西侧军工路上匝道;
59;1;2370;中环军工路立交由军工路到中环路内侧匝道;
59;1;570;黎平路;
59;1;91;长江路;
59;1;2375;佳木斯路;
59;1;9376;军工路东侧;
59;1;9377;中环路外侧军工路东侧入口匝道;
59;1;10052;军工路辅路;
59;1;572;军工路立交;
59;1;2383;中环内侧军工路立交入口匝道;
59;1;2384;中环外圈军工路立交入口匝道（国和路方向）;
59;1;2385;罗山立交由军民公路到外环高速公路外侧入口匝道;
59;1;4076;横沔江路;
59;1;4238;周园路;
59;1;10005;共友学校;
59;1;4241;勤政路;
59;1;9573;凯虹路;
59;1;2386;延安高架南侧凯旋路上匝道;
59;1;3867;文定路;
59;1;3914;康定东路;
59;1;3912;泰兴路;
59;1;2387;康桥东路外环高速公路内侧入口匝道;
59;1;10006;吉字盘路;
59;1;4293;祝家港路;
59;1;4453;空港六路;
59;1;4499;迎宾三路;
59;1;1454;空港三路;
59;1;3775;绥宁路;
59;1;4500;空港一路;
59;1;9378;控江路北侧;
59;1;9379;中环路控江路北侧入口匝道;
59;1;3522;光启南路;
59;1;3831;兰溪路;
59;1;9541;交暨路;
59;1;4116;蓝桉路;
59;1;2541;普善路;
59;1;488;鲁班路;
59;1;2520;蒙自路;
59;1;2402;东汉阳路;
59;1;3941;物华路;
59;1;2404;沪闵高架东侧莲花路上匝道;
59;1;2405;莲花南路外环高速公路内侧入口匝道;
59;1;4049;联苏路;
59;1;4050;富张路;
59;1;601;联谊路;
59;1;9808;南北高架路东侧蕴川路入口匝道;
59;1;2412;南北高架西侧联谊路上匝道;
59;1;9300;江杨家园;
59;1;9656;辽源西路;
59;1;1816;许昌路;
59;1;10010;闸航公路;
59;1;3791;林浦路;
59;1;8923;中环路内侧林浦路上匝道;
59;1;776;临汾路;
59;1;9542;宝业绿化公司;
59;1;2855;临平北路;
59;1;3951;宝安支路;
59;1;3950;泾东路;
59;1;3944;香烟桥路;
59;1;3949;临平路;
59;1;3954;天宝路;
59;1;3948;瑞虹路;
59;1;9214;临沂北路;
59;1;9213;临沂路;
59;1;4096;南洋泾路;
59;1;2418;凌海路外环高速公路内侧入口匝道;
59;1;2417;凌海路外环高速公路外侧入口匝道;
59;1;2524;天钥桥路;
59;1;2523;宛平南路;
59;1;3669;小木桥路;
59;1;4032;共康东路;
59;1;3642;同心路;
59;1;3905;平型关路;
59;1;2419;沪闵高架东侧柳州路上匝道;
59;1;3909;康健路;
59;1;2421;三江路;
59;1;9353;内环高架路龙东大道入口匝道;
59;1;9354;内环高架路内圈龙东大道入口匝道;
59;1;9351;内环高架路外圈龙东大道入口匝道;
59;1;2423;龙东大道外环高速公路内侧入口匝道;
59;1;2424;龙东大道外环高速公路外侧入口匝道;
59;1;8651;外环高速公路内侧龙东大道北侧入口匝道;
59;1;8630;龙东大道南侧;
59;1;8629;外环高速公路环东二大道立交;
59;1;8647;外环高速公路由龙东大道南侧到环东二大道立交入口匝道;
59;1;8626;龙东大道西;
59;1;8628;外环高速公路外侧龙东大道西入口匝道;
59;1;3916;日晖东路;
59;1;626;龙华路;
59;1;3868;龙水北路;
59;1;624;龙华西路;
59;1;10069;东安公园;
59;1;2444;龙水南路;
59;1;2438;龙吴路外环高速公路内侧入口匝道;
59;1;2439;龙吴路外环高速公路外侧入口匝道;
59;1;2440;澄江路;
59;1;8565;龙吴路立交;
59;1;8571;龙吴路东侧;
59;1;8573;外环高速公路内侧由龙吴路立交到龙吴路东侧出口匝道;
59;1;8569;龙吴路西侧;
59;1;8570;外环高速公路内侧由龙吴路立交到龙吴路西侧出口匝道;
59;1;8574;外环高速公路外侧由龙吴路西侧到龙吴路立交入口匝道;
59;1;9550;龙耀路;
59;1;1794;娄山关路;
59;1;3863;兴义路;
59;1;3824;泸定路;
59;1;3823;云岭东路;
59;1;642;鲁班立交;
59;1;2463;南北高架东侧鲁班立交入口匝道１;
59;1;2464;南北高架西侧鲁班立交入口匝道;
59;1;2461;内环高架内圈鲁班立交入口匝道;
59;1;2462;内环高架外圈鲁班立交入口匝道;
59;1;650;鲁班立交入口;
59;1;2465;南北高架东侧鲁班立交入口匝道２;
59;1;2466;南北高架西侧鲁班立交入口匝道２;
59;1;8830;内环高架内圈陆家浜路入口匝道;
59;1;8620;内环高架外圈陆家浜路上匝道;
59;1;660;陆家嘴东路;
59;1;1681;百步街;
59;1;1675;拾步街;
59;1;1680;延安东路隧道;
59;1;9938;陆家嘴环路地道;
59;1;663;陆家嘴西路;
59;1;664;滨江大道;
59;1;9555;永川路;
59;1;9349;内环高架路内圈罗山路入口匝道;
59;1;9358;内环高架路外圈罗山路入口匝道;
59;1;2490;罗山路外环高速公路内侧入口匝道;
59;1;2491;罗山立交由罗山路到外环高速公路外侧入口匝道;
59;1;8850;外环高速公路外侧立交;
59;1;8851;外环罗山路西侧立交入口匝道;
59;1;8998;中环路内侧罗山路入口匝道;
59;1;8987;中环路外侧罗山路入口匝道;
59;1;8985;罗山路东侧;
59;1;8997;中环罗山立交由罗山路东侧至中环路内侧入口匝道;
59;1;8981;中环罗山立交;
59;1;8984;中环罗山立交罗山路东侧入口匝道;
59;1;8549;罗山路立交;
59;1;8550;外环高速公路外侧由罗山路立交到军民公路出口匝道;
59;1;8989;罗山路西侧;
59;1;8996;中环罗山立交由罗山路西侧至中环路内侧入口匝道;
59;1;8990;中环罗山立交由罗山路西侧至中环路外侧入口匝道;
59;1;8995;中环罗山立交罗山路西侧入口匝道;
59;1;3902;洛川中路;
59;1;9809;南北高架西侧洛川中路上匝道;
59;1;9634;西中路;
59;1;2906;遵义路;
59;1;3818;威宁路;
59;1;675;茂名北路;
59;1;678;茂名路;
59;1;2505;延安高架北侧茂名路上匝道;
59;1;2508;长乐路;
59;1;1821;眉州路;
59;1;3829;梅川路;
59;1;3985;天宝西路;
59;1;3988;玉田路;
59;1;9057;望达路;
59;1;9682;民风路;
59;1;4194;民秋路;
59;1;9810;中环外圈民星路上匝道;
59;1;9567;曹农路;
59;1;4364;茜浦路;
59;1;4360;春林路;
59;1;4365;闵申路;
59;1;4366;申港路;
59;1;3937;莫干山路;
59;1;9308;沪宁高速公路;
59;1;964;泰和路;
59;1;2590;南北高架东侧北京西路下匝道;
59;1;2591;南北高架东侧共和立交出口匝道;
59;1;8726;南北高架东侧共和新路下匝道;
59;1;2592;南北高架东侧共江路下匝道;
59;1;2593;南北高架东侧呼玛路上匝道;
59;1;2594;南北高架东侧淮海中路下匝道;
59;1;9813;南北高架东侧交通路下匝道;
59;1;2595;南北高架东侧联谊路下匝道;
59;1;2596;南北高架东侧临汾路下匝道;
59;1;2597;南北高架东侧鲁班立交出口匝道;
59;1;759;内环共和立交;
59;1;2598;南北高架东侧内环共和立交出口匝道（沪太路方向）;
59;1;2599;南北高架东侧天目中路下匝道;
59;1;2600;南北高架东侧徐家汇路下匝道;
59;1;786;延安高架;
59;1;2601;延安东路立交由南北高架出口到延安高架出口匝道;
59;1;790;延东立交;
59;1;2603;南北高架东侧延东立交出口匝道;
59;1;792;延东立交出口;
59;1;2604;南北高架东侧延东立交出口匝道（虹桥机场方向）;
59;1;794;延东立交出口（外滩方向）;
59;1;2605;南北高架东侧延东立交出口匝道（外滩方向）;
59;1;2602;南北高架东侧延长路下匝道;
59;1;798;中环共和立交;
59;1;2607;南北高架东侧中环共和立交出口匝道;
59;1;800;中环共和立交出口（翔殷路隧道方向）;
59;1;2608;南北高架东侧中环共和立交出口匝道（翔殷路隧道方向）;
59;1;802;中环共和立交出口（原平路方向）;
59;1;2609;南北高架东侧中环共和立交出口匝道（原平路方向）;
59;1;2612;卢浦大桥;
59;1;9716;南侧内环高架出入口;
59;1;9717;北侧内环高架出入口;
59;1;9718;南侧徐家汇路出入口;
59;1;9719;北侧徐家汇路出入口;
59;1;9720;南侧延东立交出入口;
59;1;9721;北侧延东立交出入口;
59;1;2623;天目中路立交桥;
59;1;9713;南侧中山北路出入口;
59;1;9714;北侧中山北路出入口;
59;1;9715;南侧汶水路出入口;
59;1;2633;中环共和江场路;
59;1;2634;中环共和立交桥;
59;1;2635;场中路入口;
59;1;2637;共康路;
59;1;808;南北高架路东;
59;1;807;内环高架路西;
59;1;9814;南北高架东侧内环高架路西出口匝道;
59;1;719;内环高架外侧;
59;1;2643;南北高架路东内环高架外侧入口匝道;
59;1;8419;南北高架路东侧;
59;1;8421;南北高架路东侧外环高速公路出口匝道;
59;1;8423;外环高速公路外侧南北高架路东侧入口匝道;
59;1;810;南北高架路西侧;
59;1;8425;外环高速公路外侧南北高架路西侧出口匝道;
59;1;8596;南北高架路西侧耀华路下匝道;
59;1;811;蕴川路;
59;1;9815;南北高架路西侧蕴川路出口匝道;
59;1;2645;南北高架西侧广中路下匝道;
59;1;2646;南北高架西侧呼玛路下匝道;
59;1;2647;南北高架西侧鲁班立交出口匝道;
59;1;819;内环共和立交出口（沪太路方向）;
59;1;2648;南北高架西侧共和立交出口匝道（沪太路方向）;
59;1;2649;南北高架西侧天目中路下匝道;
59;1;2650;南北高架西侧外环高速公路入口匝道;
59;1;2651;黄泥塘桥由南北高架西侧到外环高速公路外侧;
59;1;2652;南北高架西侧威海路下匝道;
59;1;9816;南北高架西侧汶水路入口匝道;
59;1;2654;南北高架西侧新闸路下匝道;
59;1;2655;南北高架西侧徐家汇路下匝道;
59;1;2656;南北高架西侧延东立交出口匝道;
59;1;837;延东立交出口（虹桥机场方向）;
59;1;2657;南北高架西侧延东立交出口匝道（虹桥机场方向）;
59;1;2658;南北高架西侧延东立交出口匝道（外滩方向）;
59;1;8598;耀华支路;
59;1;8599;南北高架西侧耀华支路下匝道;
59;1;2659;南北高架西侧中环共和立交出口匝道（翔殷路隧道方向）;
59;1;2661;南北高架西侧中环共和立交出口匝道２（原平路方向）;
59;1;847;中环路外圈;
59;1;9817;南北高架西侧中环路外圈出口匝道;
59;1;2663;南大路外环高速公路内侧入口匝道;
59;1;2671;铜仁路;
59;1;2675;石门一路;
59;1;8485;迎宾高速公路北侧南六公路入口匝道;
59;1;8481;迎宾高速公路南侧华东路立交;
59;1;8484;华东路立交由南六公路到迎宾高速公路入口匝道;
59;1;4067;邹平路;
59;1;2518;南浦大桥;
59;1;8618;内环高架内圈由南浦大桥到中山南路下匝道;
59;1;8600;南浦广场公园;
59;1;8605;内环高架内圈南浦广场公园入口匝道;
59;1;8603;浦东南路东侧;
59;1;8611;内环高架外圈由南浦广场公园到浦东南路东侧出口匝道;
59;1;8608;浦东南路西侧;
59;1;8612;内环高架外圈由南浦广场公园到浦东南路西侧出口匝道;
59;1;3773;南泉北路;
59;1;9117;内环高架路西段;
59;1;9156;凯进路;
59;1;9114;内环高架路北段;
59;1;9157;东新支路;
59;1;9302;农林路;
59;1;2546;东体育会路;
59;1;9116;内环高架路东段;
59;1;9745;杨浦大桥（河间路）;
59;1;9746;杨浦大桥（浦东大道）;
59;1;9118;内环高架路南段;
59;1;9748;南浦大桥（浦东南路）;
59;1;9749;南浦大桥（陆家浜路）;
59;1;2526;漕溪路立交出口;
59;1;9436;锦绣路北侧;
59;1;9435;内环高架路内圈锦绣路北侧出口匝道;
59;1;9347;内环高架路内圈龙东大道出口匝道;
59;1;9359;内环高架路内圈罗山路出口匝道;
59;1;9368;浦建路东侧;
59;1;9370;内环高架路内圈浦建路东侧出口匝道;
59;1;9360;内环高架路内圈杨高南路出口匝道;
59;1;9392;内环高架路内圈杨高中路出口匝道;
59;1;9373;内环高架路外圈芳甸路西侧出口匝道;
59;1;9430;沪南路西侧;
59;1;9429;内环高架路外圈沪南路西侧出口匝道;
59;1;9382;锦绣东路南侧;
59;1;9384;内环高架路外圈锦绣东路南侧出口匝道;
59;1;9355;内环高架路外圈龙东大道出口匝道;
59;1;9387;杨高中路南侧;
59;1;9388;内环高架路外圈杨高中路南侧出口匝道;
59;1;9356;张江立交桥;
59;1;9357;内环高架路外圈张江立交桥出口匝道;
59;1;2555;内环高架内圈广中路下匝道;
59;1;2556;内环高架内圈沪太路下匝道;
59;1;2557;内环高架内圈金沙江路下匝道;
59;1;8801;龙阳路立交;
59;1;8804;内环高架内圈龙阳路立交上匝道;
59;1;2558;内环高架内圈鲁班立交出口匝道;
59;1;8619;内环高架内圈陆家浜路下匝道;
59;1;8715;内环高架内圈浦东大道下匝道;
59;1;2559;内环高架内圈四平路下匝道;
59;1;2560;内环高架内圈宛平南路下匝道;
59;1;2561;内环高架内圈吴中路下匝道;
59;1;2562;内环高架内圈武宁路下匝道;
59;1;2563;内环高架内圈新华路下匝道;
59;1;712;延西立交;
59;1;2564;内环高架内圈延西立交出口匝道;
59;1;714;镇坪路;
59;1;2565;内环高架内圈镇坪路下匝道;
59;1;2566;内环高架内圈中山北路下匝道;
59;1;8842;内环高架内圈中山南路下匝道;
59;1;2567;内环高架内圈周家嘴下匝道;
59;1;9811;内环高架路外侧中山南一路出口匝道;
59;1;2569;内环高架外圈漕溪立交出口匝道（莘庄方向）;
59;1;2570;内环高架外圈至地面漕溪路下匝道;
59;1;2571;内环高架外圈光新路下匝道;
59;1;2572;内环高架外圈河间路下匝道;
59;1;2573;内环高架外圈沪太路下匝道;
59;1;2574;内环高架外圈黄兴路下匝道;
59;1;2575;内环高架外圈金沙江路下匝道;
59;1;2576;内环高架外圈龙华西路下匝道;
59;1;8805;内环高架外圈龙阳路立交下匝道;
59;1;2577;内环高架外圈鲁班立交出口匝道;
59;1;8606;内环高架外圈浦东南路出口匝道;
59;1;2522;瑞金南路;
59;1;2578;内环高架外圈瑞金南路下匝道;
59;1;2579;内环高架外圈吴中路下匝道;
59;1;2580;内环高架外圈武宁路下匝道;
59;1;2581;内环高架外圈武夷路下匝道;
59;1;2582;内环高架外圈西藏北路下匝道;
59;1;2583;内环高架外圈西藏南路下匝道;
59;1;2584;延西立交由内环外圈至延安高架北侧;
59;1;9812;内环高架外圈中山北一路下匝道;
59;1;2586;内环高架外圈中山南路下匝道;
59;1;2587;内环高架外圈周家嘴下匝道;
59;1;2588;内环共和立交由内环外圈至南北高架东侧;
59;1;2589;内环共和立交由内环内圈至南北高架西侧;
59;1;8621;内环鲁班路立交;
59;1;8625;南北高架西侧由内环鲁班路立交到南北高架路入口匝道;
59;1;2681;杭州路;
59;1;9205;宁虹路;
59;1;3952;欧阳路;
59;1;3953;祥德路;
59;1;9404;蟠龙路东侧;
59;1;9405;崧泽高架路南侧;
59;1;9406;崧泽高架路南侧蟠龙路东侧入口匝道;
59;1;167;临潼路;
59;1;3906;彭江路;
59;1;3793;蒲汇塘路;
59;1;866;张家浜路;
59;1;2697;潍坊西路;
59;1;3789;浦明路;
59;1;8812;浦东北路东侧;
59;1;8672;五洲大道南侧;
59;1;8813;五洲大道南侧浦东北路东侧上匝道;
59;1;8809;浦东北路西侧;
59;1;8669;五洲大道北侧;
59;1;8810;五洲大道北侧浦东北路西侧上匝道;
59;1;8722;内环高架外圈浦东大道上匝道;
59;1;8602;内环高架路由浦东南路东侧到南浦广场公园入口匝道;
59;1;8610;内环高架内圈由浦东南路到南浦广场公园入口匝道;
59;1;9364;浦建路西侧;
59;1;9366;内环高架路内圈浦建路西侧入口匝道;
59;1;978;塘桥新路;
59;1;8971;中环路外侧浦三路上匝道;
59;1;3147;芷江西路;
59;1;3934;普雄路;
59;1;9915;沪嘉高速公路祁连山路入口匝道;
59;1;2755;绥德路;
59;1;3355;小闸镇街;
59;1;3145;虬江路;
59;1;3927;曲阜路;
59;1;2757;逸仙高架东侧由曲阳路地面上匝道（大柏树立交）;
59;1;4381;中山中路;
59;1;4352;荣乐中路;
59;1;4382;思贤路;
59;1;899;方浜东路;
59;1;2769;四川南路;
59;1;2770;福佑路;
59;1;9220;人民路隧道;
59;1;4344;人民南路;
59;1;9224;仁德路;
59;1;4357;沪松路;
59;1;4359;联阳路;
59;1;4350;荣乐西路;
59;1;10054;沈泾塘桥;
59;1;4355;九峰路;
59;1;2776;内环高架内圈瑞金南路上匝道;
59;1;10024;三汇路;
59;1;2782;三鲁路外环高速公路外侧入口匝道;
59;1;4388;天翔路;
59;1;3983;山阴路;
59;1;3984;四达路;
59;1;2797;沪闵高架东侧南站入口匝道;
59;1;2798;沪闵高架西侧南站入口匝道;
59;1;8594;上海南站北广场;
59;1;8590;沪闵高架路东侧;
59;1;8593;沪闵高架路东侧上海南站北广场入口匝道;
59;1;8584;沪闵高架路西侧;
59;1;8595;沪闵高架路西侧上海南站北广场入口匝道;
59;1;8588;上海南站东北入口;
59;1;8589;沪闵高架路上海南站东北入口匝道;
59;1;8591;沪闵高架路东侧上海南站东北入口匝道;
59;1;8592;沪闵高架路西侧上海南站东北入口匝道;
59;1;2799;上南路外环高速公路内侧入口匝道;
59;1;2800;上南路外环高速公路外侧入口匝道;
59;1;8949;中环路内侧上南路上匝道;
59;1;8950;中环路外侧上南路上匝道;
59;1;2812;龙川路;
59;1;932;平福路;
59;1;8916;上中路隧道;
59;1;8919;中环路外侧上中西路上匝道;
59;1;9730;申滨南路地道;
59;1;9206;申兰路;
59;1;4309;港建路;
59;1;4368;申忠路;
59;1;10057;申江路华夏高架路入口匝道;
59;1;9663;申江路东侧华夏高架路入口匝道;
59;1;2817;申江路外环高速公路外侧入口匝道;
59;1;8674;申江路东侧;
59;1;8679;五洲大道南侧申江路东侧上匝道;
59;1;8490;申江路西侧;
59;1;8678;五洲大道北侧申江路西侧上匝道;
59;1;9208;建虹路;
59;1;1260;莘奉金高速;
59;1;3185;莘奉金高速外环高速公路内侧入口匝道;
59;1;4279;水清南路;
59;1;4280;宝城路;
59;1;8575;外环高速公路外侧莘朱路上匝道;
59;1;2828;延安高架南侧石门一路上匝道;
59;1;9059;世博村路;
59;1;9061;华丰路;
59;1;9312;西三里桥路;
59;1;4137;双桥路;
59;1;3966;双山路;
59;1;4053;竹韵路;
59;1;3275;水城南路;
59;1;4266;秀文路;
59;1;3888;顺昌路;
59;1;3884;泰康路;
59;1;2843;塘沽路;
59;1;2845;武进路;
59;1;2848;甜爱支路;
59;1;9941;四平路地道;
59;1;9942;国泰路;
59;1;3964;双阳路;
59;1;4341;松汇东路;
59;1;4342;普照路;
59;1;9988;蒋泾桥;
59;1;9889;嘉闵高架路崧泽高架路入口匝道;
59;1;9891;嘉闵高架路东侧崧泽高架路入口匝道;
59;1;9408;崧泽高架路北侧蟠龙路东侧出口匝道;
59;1;9887;崧泽高架路西侧;
59;1;9890;嘉闵高架路崧泽高架路南侧入口匝道;
59;1;2911;淞虹路;
59;1;4250;江月路;
59;1;2865;南北高架东侧由泰和路到外环高速公路匝道;
59;1;9070;泰和路外环高速公路内侧上匝道;
59;1;2867;泰和路外环高速公路外侧入口匝道;
59;1;971;黄泥塘桥;
59;1;972;化成路;
59;1;2873;同泰北路;
59;1;2876;泰和西路外环高速公路内侧入口匝道;
59;1;3935;谈家渡路;
59;1;8462;迎宾高速公路北侧唐黄路上匝道;
59;1;9039;华夏高架路北侧唐陆公路上匝道;
59;1;9654;唐山路;
59;1;9343;新建路隧道;
59;1;9569;真建花苑;
59;1;3955;沙虹路;
59;1;3956;新港路;
59;1;988;东新民路;
59;1;2891;民立路;
59;1;2894;南北高架东侧天目中路上匝道;
59;1;2895;南北高架西侧天目中路上匝道;
59;1;2898;晋元路;
59;1;2901;中环内侧天山路上匝道;
59;1;2909;天山西路外环高速公路外侧入口匝道;
59;1;9415;天山西路南侧;
59;1;9417;虹翟高架路西侧天山西路南侧入口匝道;
59;1;3939;天通庵路;
59;1;3940;华昌路;
59;1;108;长治路;
59;1;3930;江西北路;
59;1;2913;内环高架内圈天钥桥路上匝道;
59;1;3807;九歌花园;
59;1;9570;宝山轧钢厂公司;
59;1;4055;潘家宅;
59;1;9689;大芦钢市;
59;1;4028;通南路;
59;1;4029;新二路;
59;1;10032;通耀路;
59;1;2914;外环高速公路内侧由同济路到逸仙高架匝道;
59;1;9318;马路河;
59;1;2918;双城路;
59;1;4547;外环北路;
59;1;4546;环西一路;
59;1;4548;环北一路;
59;1;9240;北翟高架路外环高速公路外圈入口匝道;
59;1;9237;外环高速公路北翟路出口匝道;
59;1;9789;外环高速公路沪嘉高速公路出口匝道;
59;1;1116;沪嘉高速公路北侧;
59;1;9788;外环高速公路沪嘉高速公路北侧入口匝道;
59;1;9030;华夏高架路北侧外环高速公路入口匝道;
59;1;9022;华夏高架路南侧外环高速公路入口匝道;
59;1;2996;南北高架西侧外环高速公路出口匝道;
59;1;9244;外环高速公路天山西路出口匝道;
59;1;9790;外环高速公路东侧;
59;1;9792;外环高速公路东侧沪嘉高速公路出口匝道;
59;1;8632;外环环东二大道立交龙东大道南侧出口匝道;
59;1;2997;曹安公路外环高速公路内侧出口匝道;
59;1;2998;漕宝路外环高速公路内侧出口匝道;
59;1;9822;外环高速公路内侧丰翔路出口匝道;
59;1;9819;外环高速公路内侧高科东路出口匝道;
59;1;9820;外环高速公路内侧顾戴路出口匝道;
59;1;9821;外环高速公路内侧虹梅南路出口匝道;
59;1;1032;虹梅南路入口;
59;1;3003;外环高速公路内侧虹梅南路入口匝道;
59;1;3004;沪嘉立交由外环高速公路内侧到沪嘉南侧;
59;1;8901;莘庄立交由外环高速公路内侧到沪闵东侧匝道;
59;1;9823;外环高速公路内侧沪南公路出口匝道;
59;1;8765;外环沪宁立交中出口匝道;
59;1;9824;外环高速公路内侧沪青平公路出口匝道;
59;1;8735;外环高速公路内侧沪青平立交东至延安高架方向出口匝道;
59;1;9826;外环高速公路沪太公路内侧出口;
59;1;3008;沪青平立交由外环高速公路内侧到沪青平北侧;
59;1;9828;外环高速公路内侧华夏中路出口匝道;
59;1;8465;外环高速公路内侧环东二大道立交入口匝道;
59;1;1050;环东一大道;
59;1;9829;外环高速公路内侧环东一大道出口匝道;
59;1;9830;外环高速公路内侧济阳路东侧出口匝道;
59;1;9831;外环高速公路内侧江东路出口匝道;
59;1;9832;外环高速公路内侧金海路出口匝道;
59;1;3007;沪宁立交由外环高速公路内侧到沪宁南侧;
59;1;9833;外环高速公路内侧巨峰路出口匝道;
59;1;9834;外环高速公路内侧康桥东路出口匝道;
59;1;9835;外环高速公路内侧凌海路出口匝道;
59;1;9836;外环高速公路内侧龙东大道出口匝道;
59;1;8652;外环高速公路内侧龙东大道南侧出口匝道;
59;1;9837;外环高速公路内侧龙吴路出口匝道;
59;1;9838;外环高速公路内侧罗山路出口匝道;
59;1;3022;南北高架东侧外环高速公路内侧出口匝道;
59;1;9839;外环高速公路内侧三鲁路出口匝道;
59;1;9840;外环高速公路内侧上南路出口匝道;
59;1;9841;外环高速公路内侧泰和路出口匝道;
59;1;9774;外环高速公路内侧泰和西路出口匝道;
59;1;9842;外环高速公路内侧天山西路出口匝道;
59;1;9843;外环高速公路内侧吴中路出口匝道;
59;1;8743;外环沪青平立交由外环高速公路内侧至延安西路下匝道;
59;1;9844;外环高速公路内侧杨高南路出口匝道;
59;1;3030;逸仙高架路外环高速公路内侧出口匝道;
59;1;3031;迎宾高速公路外环高速公路内侧出口匝道;
59;1;1090;蕴川路立交;
59;1;3032;外环高速公路内侧蕴川路立交入口匝道;
59;1;9845;外环高速公路内侧张杨北路出口匝道;
59;1;9846;外环高速公路内侧真南路出口匝道;
59;1;9847;外环高速公路内侧洲海路出口匝道;
59;1;8464;外环高速公路内侧环东二大道立交;
59;1;8638;环东二大道立交由外环高速公路内侧到龙东大道入口匝道;
59;1;8787;外环高速公路内侧匝道丰翔路北侧出口匝道;
59;1;8781;丰翔路南侧;
59;1;8785;外环高速公路内侧匝道至丰翔路南侧出口匝道;
59;1;8792;外环高速公路内侧匝道南;
59;1;8793;外环高速公路内侧匝道南丰翔路南侧出口匝道;
59;1;8790;外环高速公路内侧匝道中;
59;1;8795;外环高速公路内侧匝道中丰翔路北侧出口匝道;
59;1;9241;北翟高架路外环高速公路内圈入口匝道;
59;1;9028;外环高速公路内圈华夏高架路入口匝道;
59;1;9021;华夏外环立交由外环高速公路内圈至华夏高架路南侧入口匝道;
59;1;9090;华夏外环立交由外环高速公路内圈至华夏高架路入口匝道;
59;1;9848;外环高速公路外侧曹安公路出口匝道;
59;1;8774;外环高速公路外侧曹安公路南侧出口匝道;
59;1;9849;外环高速公路外侧漕宝路出口匝道;
59;1;9850;外环高速公路外侧丰翔路出口匝道;
59;1;9851;外环高速公路外侧高科东路出口匝道;
59;1;9852;外环高速公路外侧顾戴路出口匝道;
59;1;9853;外环高速公路外侧海徐路出口匝道;
59;1;3042;外环高速公路外侧虹梅南路入口匝道;
59;1;9854;外环高速公路外侧虹桥路２４８９弄出口匝道;
59;1;9787;外环高速公路外侧沪嘉高速公路入口匝道;
59;1;3045;沪嘉立交由外环高速公路外侧到沪嘉北侧;
59;1;3071;莘庄立交由外环高速公路外侧到莘奉金高速匝道;
59;1;3044;莘庄立交由外环高速公路外侧到沪杭北侧匝道;
59;1;9855;外环高速公路外侧沪南公路出口匝道;
59;1;9856;外环高速公路外侧沪太公路出口;
59;1;9857;外环高速公路外侧华夏东路出口匝道;
59;1;3051;环东一大道外环高速公路外侧出口匝道;
59;1;1130;环西一大道;
59;1;3052;环西一大道外环高速公路外侧出口匝道;
59;1;3053;外环高速公路外侧黄泥塘桥入口匝道;
59;1;9858;外环外高速公路外侧金海路出口匝道;
59;1;3047;沪宁立交由外环高速公路外侧到沪宁北侧;
59;1;3048;沪宁立交由外环高速公路外侧到沪宁南侧;
59;1;9859;外环高速公路外侧巨峰路出口匝道;
59;1;3056;罗山立交由军民公路到外环高速公路外侧出口匝道;
59;1;9860;外环高速公路外侧莲花南路出口匝道;
59;1;9861;外环高速公路外侧凌海路出口匝道;
59;1;9862;外环高速公路外侧龙东大道出口匝道;
59;1;9863;外环高速公路外侧龙吴路出口匝道;
59;1;3061;南北高架东侧外环高速公路外侧出口匝道;
59;1;3062;南北高架西侧外环高速公路外侧出口匝道;
59;1;9865;外环高速公路外侧南大路出口匝道;
59;1;3064;三鲁路外环高速公路外侧出口匝道;
59;1;9866;外环高速公路外侧上南路出口匝道;
59;1;3066;申江路外环高速公路外侧出口匝道;
59;1;8491;外环高速公路外侧申江路西侧靠外下匝道;
59;1;8576;外环高速公路外侧莘朱路下匝道;
59;1;3067;泰和路外环高速公路外侧出口匝道;
59;1;3068;同济路外环高速公路外侧出口匝道;
59;1;1164;同济路立交;
59;1;3069;外环高速公路外侧同济路立交出口匝道;
59;1;3070;吴中路外环高速公路外侧出口匝道;
59;1;3072;外环高速公路外侧延安高架路入口匝道;
59;1;9063;延安外环立交;
59;1;9064;外环高速公路外侧延安外环立交入口匝道;
59;1;3073;杨高南路外环高速公路外侧出口匝道;
59;1;3075;环东二大道立交由外环高速公路外侧到迎宾高速公路匝道;
59;1;3076;张杨北路外环高速公路外侧出口匝道;
59;1;3077;外环高速公路外侧中环路入口匝道;
59;1;3078;洲海路外环高速公路外侧出口匝道;
59;1;8468;外环高速公路外侧环东二大道立交;
59;1;8636;环东二大道立交由外环高速公路外侧到龙东大道北侧入口匝道;
59;1;8432;沪太路东侧;
59;1;8434;外环高速公路外侧沪太路东侧入口匝道;
59;1;8489;外环高速公路外侧申江路靠内侧下匝道;
59;1;9238;外环高速公路外圈北翟路出口匝道;
59;1;9013;外环高速公路外圈华夏高架路入口匝道;
59;1;9113;华夏外环立交由外环高速公路外圈至华夏高架路北侧出口匝道;
59;1;9014;华夏外环立交由外环高速公路外圈至华夏高架路南侧入口匝道;
59;1;9083;外环沪太立交;
59;1;9084;外环沪太立交由外环高速公路内侧至沪太路东侧出口匝道;
59;1;4545;外环西路;
59;1;4540;安晓路;
59;1;9943;外滩隧道;
59;1;3082;内环高架外圈宛平南路上匝道;
59;1;9548;龙恒东路;
59;1;3870;武定西路;
59;1;3086;南北高架东侧威海路上匝道;
59;1;10074;泸定路桥（云岭东路）;
59;1;9990;泸定路桥（天山路）;
59;1;10019;飞翱路;
59;1;9423;虹渝高架路西侧温虹路南侧入口匝道;
59;1;4391;昆泖公路;
59;1;4392;鼎盛路;
59;1;4393;滨湖路;
59;1;4394;茸梅路;
59;1;10050;汶水东路辅路;
59;1;10051;吴家湾路;
59;1;9912;沪嘉高速公路汶水路入口匝道;
59;1;3093;南北高架东侧汶水路上匝道;
59;1;3094;南北高架西侧汶水路上匝道;
59;1;10049;汶水路辅路;
59;1;4018;汶水支路;
59;1;1203;乌鲁木齐中路;
59;1;3864;吴中东路;
59;1;3114;内环高架内圈吴中路上匝道;
59;1;3115;内环高架外圈吴中路上匝道;
59;1;3116;吴中路外环高速公路内侧入口匝道;
59;1;3117;吴中路外环高速公路外侧入口匝道;
59;1;3118;中环内侧吴中路上匝道;
59;1;3119;中环外侧吴中路上匝道;
59;1;4088;镇中心路;
59;1;3127;中环路外环高速公路内侧入口匝道;
59;1;8814;五洲大道北侧浦东北路东侧下匝道;
59;1;8670;五洲大道北侧申江路下匝道;
59;1;8684;五洲大道北侧杨高北路出口匝道;
59;1;8680;五洲大道北侧张杨北路下匝道;
59;1;8701;五洲大道东;
59;1;8705;五洲大道南侧入口;
59;1;8706;五洲大道立交由五洲道路西至入口的入口匝道;
59;1;8696;五洲大道立交五洲大道北侧入口匝道;
59;1;8695;五洲大道立交五洲大道南侧入口匝道;
59;1;8686;杨高北路东侧;
59;1;8713;五洲大道立交北杨高北路东侧出口匝道;
59;1;8691;杨高北路西侧;
59;1;8692;五洲大道立交杨高北路西侧出口匝道;
59;1;8707;五洲大道立交中;
59;1;8712;五洲大道立交中杨高北路东侧出口匝道;
59;1;8852;五洲大道立交中杨高北路西侧出口匝道;
59;1;8677;五洲大道南侧金京路下匝道;
59;1;8811;五洲大道南侧浦东北路西侧下匝道;
59;1;8693;五洲大道南侧五洲大道立交出口匝道;
59;1;8697;五洲大道西;
59;1;8699;五洲大道中;
59;1;8702;五洲大道立交由五洲大道西至中出口匝道;
59;1;8704;五洲大道立交由五洲大道中至东出口匝道;
59;1;3131;内环高架内圈武宁路上匝道;
59;1;3132;内环高架外圈武宁路上匝道;
59;1;10025;武胜路;
59;1;3142;内环高架内圈武夷路上匝道;
59;1;3945;太平桥支路;
59;1;8910;西藏南路隧道;
59;1;3158;延安高架北侧西藏中路上匝道;
59;1;10028;西江湾路;
59;1;10015;西徐联路;
59;1;4259;莲航路;
59;1;3165;中环外侧仙霞路上匝道;
59;1;9695;香樟路;
59;1;3879;襄阳北路;
59;1;3880;巨鹿路;
59;1;3779;虬江码头路;
59;1;8871;新绿街;
59;1;3191;内环高架外圈新华路上匝道;
59;1;10055;海拉尔路（海伦路）;
59;1;9692;中学路;
59;1;8870;邮电路;
59;1;9581;嘉定南翔桃苑小学;
59;1;3993;万安路;
59;1;3199;南北高架东侧新闸路上匝道;
59;1;4265;农南路;
59;1;3278;遵义南路;
59;1;10023;徐虹北路;
59;1;3200;南北高架东侧徐家汇路上匝道;
59;1;3201;南北高架西侧徐家汇路上匝道;
59;1;9599;上海世博洲际酒店;
59;1;10068;延安高架匝道北侧;
59;1;8833;延安高架匝道南侧延安东路上匝道;
59;1;3218;延安高架北侧外环机场出口匝道;
59;1;3219;延安高架北侧虹许路下匝道;
59;1;8846;沪清平立交;
59;1;8849;沪青平立交由延安高架北侧至外环高速公路出口匝道;
59;1;3220;延安高架北侧华山路下匝道;
59;1;3221;延安高架北侧江苏路下匝道;
59;1;3222;延安高架北侧凯旋路下匝道;
59;1;3223;延安高架北侧娄山关路下匝道;
59;1;3224;延安高架北侧石门一路下匝道;
59;1;8848;沪清平立交由延安高架北侧至外环高速公路内侧方向出口匝道;
59;1;8741;外环沪青平立交由延安高架至外环高速公路外侧出口匝道;
59;1;8752;延安高架北侧延安西路下匝道;
59;1;3225;延安高架北侧延东立交出口匝道;
59;1;1305;延东立交（共和新路方向）;
59;1;3226;延安高架北侧延东立交出口匝道（共和新路方向）;
59;1;1307;延东立交（卢浦大桥方向）;
59;1;3227;延安高架北侧延东立交出口匝道（卢浦大桥方向）;
59;1;3228;延安高架北侧延西立交出口匝道;
59;1;1311;延西立交（南浦大桥方向）;
59;1;3229;延安高架北侧延西立交出口匝道（南浦大桥方向）;
59;1;1313;延西立交（杨浦大桥方向）;
59;1;3230;延安高架北侧延西立交出口匝道（杨浦大桥方向）;
59;1;1315;内环高架路外侧;
59;1;3231;内环高架路外侧延安高架出口匝道;
59;1;3232;延安高架路外环高速公路内侧入口匝道;
59;1;8845;沪青平立由延安高架路至外环高速公路外侧出口匝道;
59;1;3233;延安高架路迎宾一路入口匝道;
59;1;1321;虹桥国际机场;
59;1;3235;沪青平桥;
59;1;3236;北侧外环机场;
59;1;3242;延西立交入口;
59;1;9722;延东立交出入口;
59;1;1350;延安高架路南侧;
59;1;8834;延安高架路南侧中山东一路下匝道;
59;1;1326;福建路;
59;1;3257;延安高架南侧福建路下匝道;
59;1;3258;延安高架南侧虹许路下匝道;
59;1;8731;外环高速公路沪青平立交由延安高架南侧到外环高速公路外圈入口匝道;
59;1;8749;沪清平立交东;
59;1;8751;沪清平立交由延安高架南侧至外环高速公路内侧出口匝道;
59;1;8416;延安高架南侧茂名南路下匝道;
59;1;3260;延安高架南侧西藏中路下匝道;
59;1;8902;延安高架南侧延安东路出口匝道;
59;1;3262;延安高架南侧延东立交出口匝道;
59;1;3263;延安高架南侧延东立交出口匝道（共和新路方向）;
59;1;3264;延安高架南侧延东立交出口匝道（卢浦大桥方向）;
59;1;3265;延安高架南侧延西立交出口匝道;
59;1;3266;延安高架南侧延西立交出口匝道（南浦大桥方向）;
59;1;3267;延安高架南侧延西立交出口匝道（杨浦大桥方向）;
59;1;1323;延安高架内侧;
59;1;1324;延安高架入口;
59;1;3256;延安东路南侧由延安高架出口到延安高架入口匝道;
59;1;8839;延安高架匝道;
59;1;8840;延安高架匝道入延安高架南侧上匝道;
59;1;1347;延安西高架南侧;
59;1;3268;延安西高架南侧江苏路下匝道;
59;1;3269;延安西路延安高架路南侧出口匝道;
59;1;8417;延安高架南侧延安西路上匝道;
59;1;3282;种德桥路;
59;1;10030;延安西路辅路;
59;1;9582;成都南路;
59;1;3300;南北高架东侧延东立交入口匝道;
59;1;3301;南北高架西侧延东立交入口匝道;
59;1;3302;延安高架北侧延东立交入口匝道;
59;1;3303;延安高架南侧延东立交入口匝道;
59;1;3304;内环高架内圈延西立交入口匝道;
59;1;3305;内环高架外圈延西立交入口匝道;
59;1;3306;延安高架北侧延西立交入口匝道;
59;1;3307;延安高架南侧延西立交入口匝道;
59;1;3899;延长西路;
59;1;9893;嘉闵高架路扬虹路高架入口匝道;
59;1;9894;嘉闵高架路东侧扬虹路高架入口匝道;
59;1;3308;环东一大道外环高速公路内侧入口匝道;
59;1;8694;五洲大道立交杨高北路入口匝道;
59;1;8708;五洲大道立交杨高北路西侧入口匝道;
59;1;1381;杨高路;
59;1;3318;杨高南路立交由杨高南路到外环高速公路内侧;
59;1;9361;内环高架路外圈杨高南路入口匝道;
59;1;3319;杨高南路外环高速公路内侧入口匝道;
59;1;3320;杨高南路外环高速公路外侧入口匝道;
59;1;8553;外环杨高南路立交;
59;1;8554;外环杨高南路立交杨高南路入口匝道;
59;1;8969;中环路内侧杨高南路入口匝道;
59;1;8954;中环杨高南路立交;
59;1;8959;中环杨高南路立交杨高南路入口匝道;
59;1;8556;杨高南路东侧;
59;1;8968;中环杨高南路立交由杨高南路东侧至中环路内侧入口匝道;
59;1;8960;中环杨高南路立交由杨高南路东侧至中环路外侧入口匝道;
59;1;1390;杨高南路立交;
59;1;3330;杨高南路立交由外环高速公路内侧到杨高南路;
59;1;8564;外环高速公路外侧由杨高南路立交到外环高速公路外侧入口匝道;
59;1;8561;外环高速公路杨高南路立交至杨高南路东侧出口匝道;
59;1;8559;杨高南路西侧;
59;1;8560;杨高南路立交由外环高速公路外侧到杨高南路西侧出口匝道;
59;1;8853;杨高南路立交中;
59;1;8558;杨高南路立交由外环高速公路外侧到杨高南路东侧出口匝道;
59;1;8563;外环高速公路内侧由杨高南路西侧到杨高南路立交入口匝道;
59;1;8967;中环杨高南路立交由杨高南路西侧至中环路内侧入口匝道;
59;1;8965;中环路外侧杨高南路西侧入口匝道;
59;1;8966;中环杨高南路立交杨高南路西侧入口匝道;
59;1;9395;内环高架路外圈杨高中路入口匝道;
59;1;9389;杨高中路北侧;
59;1;9394;内环高架路杨高中路北侧入口匝道;
59;1;9390;内环高架路内圈杨高中路北侧入口匝道;
59;1;9393;内环高架路外圈杨高中路北侧入口匝道;
59;1;9391;内环高架路外圈杨高中路南侧入口匝道;
59;1;439;杨莲路;
59;1;8973;中环路内侧杨莲路上匝道;
59;1;3860;姚虹路;
59;1;8597;南北高架路东侧耀华路上匝道;
59;1;9212;耀元路;
59;1;9993;耀体路;
59;1;9585;回城南路;
59;1;4541;环南五路;
59;1;4543;阿克苏路;
59;1;3900;运城路;
59;1;3360;逸仙高架东侧场中路下匝道;
59;1;3361;逸仙高架东侧大柏树立交出口匝道;
59;1;3362;外环高速公路外侧由逸仙高架到同济路匝道;
59;1;3363;逸仙高架东侧殷高路下匝道;
59;1;3359;逸仙高架东侧长江西路下匝道;
59;1;3364;逸仙高架路外环高速公路内侧入口匝道;
59;1;9753;逸仙高架路逸仙路上匝道;
59;1;1421;逸仙高架路东侧;
59;1;8444;逸仙高架路东侧宝杨路下匝道;
59;1;8437;逸仙高架路东侧同济路下匝道;
59;1;3381;逸仙高架路外环高速公路外侧入口匝道;
59;1;9754;逸仙高架路东侧逸仙路上匝道;
59;1;8439;逸仙高架路西侧同济路上匝道;
59;1;8447;逸仙高架路西侧逸仙路下匝道;
59;1;8889;逸仙高架西侧安达路下匝道;
59;1;3382;逸仙高架西侧场中路下匝道;
59;1;3383;逸仙高架西侧大柏树立交出口匝道;
59;1;1430;大柏树立交北侧（国定路方向）;
59;1;3385;逸仙高架西侧大柏树立交入口匝道（国定路方向）;
59;1;3386;逸仙高架西侧至地面曲阳路下匝道;
59;1;3387;逸仙高架西侧殷高路下匝道;
59;1;9075;逸仙高架西侧中环路内侧入口匝道;
59;1;9750;大柏树立交由逸仙高架西侧中环外侧入口匝道;
59;1;9751;逸仙高架西侧中山北一路下匝道;
59;1;3399;逸仙高架东侧殷高路上匝道;
59;1;3400;逸仙高架西侧殷高路上匝道;
59;1;4024;高境路;
59;1;10008;银城路;
59;1;9217;荣成路;
59;1;9694;银都西路;
59;1;3786;申北三路;
59;1;8542;迎宾高速公路北侧迎宾北侧联络道上匝道;
59;1;8452;迎宾高速公路东启航路出口匝道;
59;1;8472;外环高速公路外侧由迎宾高速公路到沪芦高速公路出口匝道;
59;1;3409;环东二大道立交由迎宾高速公路到外环高速公路内侧匝道;
59;1;3410;迎宾高速公路外环高速公路外侧入口匝道;
59;1;8476;环东二大道立交由迎宾高速公路到外环高速公路外侧入口匝道;
59;1;8538;迎宾高速公路北侧川南奉公路下匝道;
59;1;8546;迎宾高速公路北侧川沙路下匝道;
59;1;9108;华夏高架路迎宾高速公路北侧出口匝道;
59;1;6293;远东大道;
59;1;8511;迎宾高速公路北侧远东大道出口匝道;
59;1;8512;远东大道东侧;
59;1;8827;迎宾立交由迎宾高速公路北侧远东大道东侧出口匝道;
59;1;8529;远东大道西侧;
59;1;8826;迎宾立交由迎宾高速公路北侧至远东大道西侧出口匝道;
59;1;8448;迎宾高速公路东侧;
59;1;8450;迎宾高速公路东侧东启航路下匝道;
59;1;8453;迎宾高速公路东侧迎宾高速公路西侧调头匝道;
59;1;8536;迎宾高速公路南侧川南奉公路下匝道;
59;1;8543;迎宾高速公路南侧川沙路下匝道;
59;1;8492;迎宾高速公路南侧河滨北路下匝道;
59;1;8501;迎宾高速公路南侧华洲路下匝道;
59;1;9048;机场工作区;
59;1;9049;迎宾高速公路南侧机场工作区出口匝道;
59;1;9050;机场工作区２;
59;1;9051;迎宾高速公路南侧机场工作区２出口匝道;
59;1;9245;机场工作区３;
59;1;9246;迎宾高速公路南侧机场工作区３出口匝道;
59;1;8487;迎宾高速公路南侧南六公路下匝道;
59;1;8460;迎宾高速公路南侧唐黄路下匝道;
59;1;4574;迎宾南侧联络道;
59;1;8540;迎宾高速公路南侧迎宾南侧联络道下匝道;
59;1;8532;迎宾高速公路南侧远东大道出口匝道;
59;1;8504;迎宾高速公路南侧远东大道东侧出口匝道;
59;1;8533;迎宾高速公路南侧远东大道西侧出口匝道;
59;1;8527;迎宾立交;
59;1;8825;迎宾立交由远东大道东侧至迎宾高速公路北入口匝道;
59;1;8824;迎宾立交由远东大道西至迎宾高速公路南入口匝道;
59;1;8856;迎宾立交远东大道西;
59;1;8524;迎宾立交由远东大道西侧到迎宾高速公路北侧入口匝道;
59;1;8541;迎宾高速公路南侧迎宾南侧联络道上匝道;
59;1;9731;迎宾三路地道;
59;1;9344;上海科技馆;
59;1;4091;合欢路;
59;1;3414;靖宇东路;
59;1;3872;岳阳路;
59;1;796;永兴路;
59;1;3418;南北高架西侧永兴路上匝道;
59;1;4539;园区路;
59;1;8860;远东大道东;
59;1;8505;迎宾高速公路迎宾立交;
59;1;8526;迎宾立交由远东大道东侧到迎宾高速公路南侧入口匝道;
59;1;8522;迎宾高速公路由远东大道东侧到迎宾立交入口匝道;
59;1;8530;迎宾高速公路由远东大道西侧到迎宾立交入口匝道;
59;1;8857;远东大道迎宾立交;
59;1;8858;迎宾高速公路北侧远东大道迎宾立交入口匝道;
59;1;8859;迎宾高速公路南侧远东大道迎宾立交入口匝道;
59;1;9337;中山北路派出所;
59;1;3898;中潭路;
59;1;3787;程家桥;
59;1;3788;蕰川路;
59;1;1474;共富路;
59;1;3454;张杨北路外环高速公路外侧入口匝道;
59;1;8683;五洲大道南侧张杨北路上匝道;
59;1;92;钢三路;
59;1;3729;刘场路;
59;1;1787;长临路;
59;1;1798;安西路;
59;1;1811;保定路;
59;1;1813;荆州路;
59;1;1814;辽阳路;
59;1;1815;通北路;
59;1;1817;怀德路;
59;1;1819;齐齐哈尔路;
59;1;1825;逸仙高架西侧长逸路上匝道;
59;1;1827;南浔路;
59;1;3550;同普路;
59;1;3845;清涧路;
59;1;53;曹安路;
59;1;3847;侯家宅;
59;1;3489;外环高速公路外侧真南路上匝道;
59;1;3490;中环内侧真南路上匝道;
59;1;3491;中环外侧真南路上匝道;
59;1;9659;镇坪路桥;
59;1;8405;逸仙高架东侧政立路上匝道;
59;1;4001;盘山路;
59;1;3833;芝川路;
59;1;8415;中环内侧芝川路上匝道;
59;1;426;大统路;
59;1;10027;芷江支路;
59;1;3524;尚文路;
59;1;3531;南北高架东侧中环共和立交入口匝道;
59;1;3532;南北高架西侧中环共和立交入口匝道;
59;1;3533;中环内侧中环共和立交入口匝道;
59;1;3534;中环外侧中环共和立交入口匝道;
59;1;1521;中环沪嘉立交;
59;1;8818;中环沪嘉立交由中环路到沪嘉高速公路出口匝道;
59;1;8821;中环沪嘉立交由沪嘉高速公路至汶水路出口匝道;
59;1;3535;中环内侧中环沪嘉立交入口匝道;
59;1;3536;中环外侧中环沪嘉立交入口匝道;
59;1;9338;中环沪嘉立交桥;
59;1;9914;中环路中环沪嘉立交桥出口匝道;
59;1;8940;中环济阳立交济阳路东侧出口匝道;
59;1;8931;中环济阳立交中环路西侧出口匝道;
59;1;8946;中环济阳立交中环路内侧入口匝道;
59;1;8935;中环路外侧中环济阳立交东侧入口匝道;
59;1;9397;中环路北翟路出口匝道;
59;1;9675;中环路华夏高架路入口匝道;
59;1;9380;控江路南侧;
59;1;9381;中环路控江路南侧出口匝道;
59;1;9674;中环路申江路出口匝道;
59;1;3537;中环路外环高速公路外侧入口匝道;
59;1;3538;中环路逸仙高架入口匝道;
59;1;9743;翔殷路隧道（浦东北路）;
59;1;9710;沪闵高架路出入口;
59;1;3542;东兰路;
59;1;3545;吴中路南侧出入口;
59;1;3551;怒江北路;
59;1;3556;真南路入口;
59;1;9339;广粤路出口;
59;1;9711;逸仙高架路出入口;
59;1;9712;运光路;
59;1;9742;翔殷路隧道（军工路）;
59;1;9744;翔殷支路;
59;1;10062;华夏高速路南侧;
59;1;10061;中环路东侧华夏高速路南侧入口匝道;
59;1;9401;北翟路北侧;
59;1;9403;中环路内侧北翟路北侧出口匝道;
59;1;8978;中环路内侧沪南路下匝道;
59;1;9000;中环路内侧华夏中路下匝道;
59;1;8941;中环济阳立交由中环路内侧至济阳路西侧出口匝道;
59;1;8943;中环济阳立交由中环路内侧至济阳路东侧出口匝道;
59;1;9374;军工路西侧;
59;1;9375;中环路内侧军工路西侧出口匝道;
59;1;8992;中环罗山立交由中环路内侧至罗山路东侧出口匝道;
59;1;8999;中环罗山立交由中环路内侧至罗山路西侧出口匝道;
59;1;8972;中环路内侧浦三路下匝道;
59;1;8951;中环路内侧上南路下匝道;
59;1;8921;中环路内侧上中西路下匝道;
59;1;8963;中环杨高南路立交由中环路内侧至杨高南路出口匝道;
59;1;8937;中环路内侧中环济阳立交东北侧出口匝道;
59;1;8991;中环路内侧中环罗山立交出口匝道;
59;1;8953;中环路内侧中环杨高南路立交出口匝道;
59;1;3580;外环高速公路内侧中环路入口匝道;
59;1;9402;中环路外侧北翟路北侧出口匝道;
59;1;8974;中环路外侧沪南路下匝道;
59;1;9002;中环路外侧华夏中路下匝道;
59;1;8932;中环济阳立交由中环路外侧至济阳路东侧出口匝道;
59;1;9091;中环路外侧济阳路西侧出口匝道;
59;1;8970;中环路外侧康杉路下匝道;
59;1;8922;中环路外侧林浦路下匝道;
59;1;8980;中环路外侧罗山路出口匝道;
59;1;8988;中环罗山立交由中环路外侧至罗山路东侧出口匝道;
59;1;8948;中环路外侧上南路下匝道;
59;1;8957;中环杨高南路立交由中环路外侧至杨高南路出口匝道;
59;1;8962;中环杨高南路立交由中环路外侧至杨高南路东侧出口匝道;
59;1;8930;中环路外侧中环济阳立交出口匝道;
59;1;9097;中环路外侧中环杨高南路立交出口匝道;
59;1;8583;中环路外圈虹梅南路下匝道;
59;1;8982;中环罗山立交罗山路出口匝道;
59;1;8994;中环罗山立交罗山路东侧出口匝道;
59;1;8983;中环罗山立交由罗山路至中环路外侧入口匝道;
59;1;3581;中环内侧漕宝路下匝道;
59;1;3582;中环内侧大柏树立交出口匝道;
59;1;1539;大柏树立交（场中路方向）;
59;1;3583;中环内侧大柏树立交入口匝道（场中路方向）;
59;1;3584;中环内侧古浪路下匝道;
59;1;3585;中环内侧广粤路下匝道;
59;1;3586;中环内侧国定路下匝道;
59;1;3587;沪嘉立交由中环内侧到沪嘉北侧;
59;1;3588;中环内侧沪太路上匝道;
59;1;3589;中环内侧金沙江路下匝道;
59;1;3590;中环内侧桃浦路下匝道;
59;1;3591;中环内侧万荣路下匝道;
59;1;3592;中环内侧吴中路下匝道;
59;1;3593;中环内侧仙霞路下匝道;
59;1;3594;中环内侧中环共和立交出口匝道;
59;1;1563;中环共和立交（临汾路方向）;
59;1;3595;中环内侧中环共和立交出口匝道（临汾路方向）;
59;1;3596;中环内侧中环沪嘉立交出口匝道;
59;1;1567;中环武宁路立交;
59;1;3597;中环内侧中环武宁路立交出口匝道;
59;1;1568;中环内圈;
59;1;1569;军工路立交（民星路地面方向）;
59;1;3598;中环内圈军工路立交出口匝道（民星路地面方向）;
59;1;3599;中环内圈至地面民星路下匝道;
59;1;3600;中环外侧漕宝路下匝道;
59;1;3601;中环外侧大柏树立交出口匝道;
59;1;3602;中环外侧顾戴路下匝道;
59;1;3603;中环外侧广粤路下匝道;
59;1;3604;中环外侧国和路下匝道;
59;1;3605;中环外侧金沙江路下匝道;
59;1;3606;中环军工路立交由中环路外侧到军工路匝道;
59;1;3607;中环外侧军工路立交出口匝道;
59;1;3608;中环共和立交由中环外侧至南北高架西侧;
59;1;3609;中环外侧天山西路下匝道;
59;1;3610;中环外侧铜川路下匝道;
59;1;3611;中环外侧吴中路下匝道;
59;1;3612;中环外侧仙霞路下匝道;
59;1;3613;中环外侧逸仙路下匝道;
59;1;3614;中环外侧原平路下匝道;
59;1;9177;中环外侧真北路下匝道;
59;1;3616;中环外侧中环共和立交出口匝道;
59;1;3617;中环外侧中环沪嘉立交出口匝道;
59;1;3618;中环外侧中环武宁路立交出口匝道;
59;1;3619;中环内侧中环武宁路立交入口匝道;
59;1;3620;中环外侧中环武宁路立交入口匝道;
59;1;8964;中环杨高南路立交杨高南路东侧出口匝道;
59;1;8958;中环杨高南路立交杨高南路西侧出口匝道;
59;1;8961;中环杨高南路立交中环路外侧入口匝道;
59;1;3627;逸仙高架东侧中山北路上匝道;
59;1;9995;西横浜路;
59;1;9696;新开河路;
59;1;8617;内环高架外圈由中山南路到南浦大桥上匝道;
59;1;3660;内环高架内圈中山南路上匝道;
59;1;8841;内环高架外圈中山南路上匝道;
59;1;1640;内环高架外侧匝道;
59;1;3666;中山南一路内环高架外侧匝道;
59;1;3706;内环高架内圈周家嘴上匝道;
59;1;3707;内环高架外圈周家嘴上匝道;
59;1;3717;洲海路外环高速公路内侧入口匝道;
59;1;3718;洲海路外环高速公路外侧入口匝道;
59;1;8688;五洲大道北侧洲海路入口匝道;
59;1;9639;紫薇路;
