CID;TABCD;LCD;CLASS;TCD;STCD;ROADNUMBER;RNID;N1ID;N2ID;POL_LCD;PES_LEV
59;1;4000;L;1;1;G15;9123;9447;9276;829;
59;1;4010;L;1;1;G1501;8915;9129;2919;829;
59;1;1687;L;2;1;G1501;9129;;;829;
59;1;153;L;1;1;G1501;93;1822;9155;829;
59;1;7400;L;1;2;G204;3502;3852;514;840;
59;1;1950;L;1;2;G204;514;1983;9189;829;
59;1;1987;L;1;2;G312;2752;4518;1760;829;
59;1;700;L;1;2;G312;1745;1782;55;848;
59;1;7313;L;1;2;G318;2084;9132;2297;829;
59;1;7104;L;1;2;G320;3790;4333;3749;829;
59;1;9135;L;1;4;;3790;9628;9688;851;
59;1;8855;L;1;2;G320;9592;9614;4339;829;
59;1;9317;L;1;4;;392;10053;9593;844;
59;1;3520;L;1;2;G320;392;3748;3513;829;
59;1;8807;L;1;2;G320;8338;8400;9592;842;
59;1;8436;L;1;1;G40;9072;8915;9725;829;
59;1;4020;L;1;1;G50;9132;2084;9129;829;
59;1;4041;L;1;1;G60;9131;9139;6737;829;
59;1;107;L;1;1;S1;9152;9129;9341;847;
59;1;806;L;1;3;S121;2319;206;8915;847;
59;1;7071;L;1;3;S122;4983;9129;9453;847;
59;1;7017;L;1;3;S123;2933;9632;9129;829;
59;1;273;L;1;3;S124;59;70;71;829;
59;1;7231;L;1;3;S124;3516;4398;70;829;
59;1;7225;L;1;3;S124;4334;8340;4398;851;
59;1;8800;L;1;3;S124;9603;9601;8338;842;
59;1;7425;L;1;3;S125;8321;8402;3726;829;
59;1;1833;L;1;3;S125;46;3726;48;829;
59;1;789;L;1;3;S126;121;3901;3854;829;
59;1;7827;L;1;3;S127;805;1788;121;833;
59;1;4074;L;1;1;S19;9136;9442;8915;842;
59;1;4102;L;1;1;S2;9126;9738;9129;829;
59;1;8835;L;1;3;S221;1703;4263;9620;829;
59;1;7037;L;1;3;S221;4156;1703;4187;847;
59;1;7059;L;1;4;X357;9957;4983;9079;847;
59;1;6631;L;1;3;S222;3752;436;4186;847;
59;1;7062;L;1;3;S222;1701;4983;4235;847;
59;1;8950;L;1;3;S222;8376;9641;4983;847;
59;1;6976;L;1;4;;4285;4114;3743;844;
59;1;8789;L;1;3;S223;8352;9958;9605;842;
59;1;7387;L;1;3;S224;4425;9959;3502;829;
59;1;7363;L;1;3;S224;4380;4464;9960;829;
59;1;7378;L;1;3;S224;4454;9960;4425;3;
59;1;4546;L;1;3;S225;8400;8338;2084;829;
59;1;7354;L;1;3;S226;4339;3790;4371;851;
59;1;173;L;1;3;S227;1847;3783;1898;847;
59;1;8796;L;1;3;S301;9606;9593;9603;842;
59;1;8785;L;1;3;S301;9601;9442;9958;842;
59;1;8782;L;1;3;S301;9442;9136;9601;842;
59;1;4142;L;1;1;S32;8864;8400;9345;829;
59;1;7814;L;1;3;S321;3852;3502;4058;829;
59;1;7570;L;1;3;S322;1500;4379;805;829;
59;1;7588;L;1;3;S322;2920;805;2874;833;
59;1;6926;L;1;3;S323;3741;4285;616;844;
59;1;8759;L;1;3;S324;8366;9592;4260;829;
59;1;8767;L;1;3;S324;8347;4260;8375;847;
59;1;4549;L;1;3;S324;8340;8400;9592;829;
59;1;8827;L;1;3;S325;8351;9615;9619;836;
59;1;8821;L;1;3;S325;9612;9591;9615;829;
59;1;8818;L;1;3;S325;9591;9947;9612;842;
59;1;8850;L;1;4;;9591;9660;9628;829;
59;1;6838;L;1;4;;4261;1701;4262;847;
59;1;4050;L;1;1;S36;9139;9131;9136;842;
59;1;4079;L;1;1;S4;9124;9123;9131;829;
59;1;8234;L;1;1;S58;9194;9444;8915;850;
59;1;824;L;1;4;X001;2030;516;270;847;
59;1;814;L;1;4;X001;2336;1898;516;847;
59;1;6808;L;1;4;X002;4248;9446;4983;829;
59;1;6812;L;1;4;X004;9446;9463;9129;829;
59;1;6788;L;1;4;X005;4244;2933;1846;829;
59;1;6821;L;1;4;X006;9454;2933;4255;829;
59;1;8584;L;1;4;X007;9464;8366;9463;829;
59;1;6001;L;1;4;X008;3728;9457;2752;829;
59;1;6988;L;1;4;X009;4235;9962;4192;847;
59;1;6826;L;1;4;X011;4256;4255;4983;847;
59;1;8774;L;1;4;X016;9593;8366;9598;836;
59;1;7261;L;1;4;X020;4379;4372;4425;829;
59;1;7246;L;1;4;X021;4395;4348;9472;851;
59;1;7126;L;1;4;X022;4347;8400;9473;829;
59;1;7171;L;1;4;X023;4372;8400;3516;829;
59;1;7656;L;1;4;X033;3854;174;121;840;
59;1;8920;L;1;4;X086;9638;524;207;847;
59;1;1759;L;1;4;X101;848;851;121;829;
59;1;2233;L;1;3;;55;887;1957;829;
59;1;1764;L;1;4;X103;2189;550;121;833;
59;1;6023;L;1;4;X104;851;848;550;829;
59;1;1750;L;1;4;X105;2350;514;885;829;
59;1;1879;L;1;4;X110;973;8409;1788;833;
59;1;6028;L;1;4;X119;550;2189;1500;833;
59;1;4583;L;1;4;X122;5604;4058;2874;833;
59;1;2268;L;1;4;X123;241;246;114;838;
59;1;6072;L;1;4;X123;2869;4027;4057;833;
59;1;1769;L;1;4;X123;1790;114;4027;829;
59;1;1898;L;1;3;;1957;341;1193;829;
59;1;7650;L;1;4;X126;174;514;2350;829;
59;1;5996;L;1;4;X127;2351;848;885;833;
59;1;6079;L;1;4;X129;4057;4058;2869;833;
59;1;5992;L;1;4;X141;2188;2350;121;833;
59;1;9120;L;1;4;X158;9479;1500;4550;840;
59;1;7529;L;1;4;X159;3504;4526;514;840;
59;1;7763;L;1;4;X162;3851;3502;4566;829;
59;1;7627;L;1;4;X165;4424;4422;4379;840;
59;1;7790;L;1;4;X167;4550;4565;3854;840;
59;1;7598;L;1;4;X179;4477;4422;3502;840;
59;1;7754;L;1;4;X183;4564;4333;3852;840;
59;1;7679;L;1;4;X184;4554;9679;3852;840;
59;1;7670;L;1;4;X184;4482;4527;9679;840;
59;1;7513;L;1;4;X185;4472;4518;4036;840;
59;1;7506;L;1;4;X199;4036;4472;1866;840;
59;1;7484;L;1;4;X202;4508;4497;4506;844;
59;1;6955;L;1;4;X203;4276;9280;4290;844;
59;1;5499;L;1;4;X203;3932;159;3933;838;
59;1;1839;L;1;4;X208;227;237;74;829;
59;1;1817;L;1;4;X210;237;261;3814;829;
59;1;1825;L;1;4;X210;1856;3740;261;844;
59;1;9110;L;1;4;X210;9579;3851;4536;840;
59;1;7719;L;1;4;X210;9261;4536;3854;840;
59;1;7667;L;1;4;X211;4527;3504;1500;840;
59;1;3499;L;1;4;X211;1683;3741;2084;844;
59;1;3514;L;1;4;X212;1855;9480;261;844;
59;1;9591;L;1;4;X231;2076;9693;4114;829;
59;1;3525;L;1;4;X214;70;261;46;844;
59;1;6875;L;1;4;X215;2154;1856;261;829;
59;1;6892;L;1;4;X217;2074;4278;616;829;
59;1;6908;L;1;4;X220;1853;3743;3836;844;
59;1;6860;L;1;4;X220;3836;4269;2154;844;
59;1;677;L;1;4;X221;262;70;73;829;
59;1;2350;L;1;4;X222;229;3738;237;829;
59;1;9122;L;1;2;G320;261;3513;393;829;
59;1;6964;L;1;4;X225;3749;261;616;844;
59;1;3508;L;1;4;X228;132;392;4274;844;
59;1;3773;L;1;4;X229;3512;1683;392;844;
59;1;6943;L;1;4;X230;3743;4285;616;844;
59;1;3936;L;1;4;X234;1759;1855;9481;844;
59;1;6885;L;1;4;X236;3750;4276;392;844;
59;1;8793;L;1;4;X262;8362;8352;9124;842;
59;1;7220;L;1;4;X306;4348;4347;4372;851;
59;1;8617;L;1;4;X309;9472;4395;3516;851;
59;1;7344;L;1;4;X310;4371;4339;10002;851;
59;1;7123;L;1;4;X315;4345;9473;4343;851;
59;1;7301;L;1;4;X321;4444;4403;2084;829;
59;1;7284;L;1;4;X321;4403;4379;3516;829;
59;1;6921;L;1;4;X347;3513;8372;261;829;
59;1;7165;L;1;4;X347;8372;3516;3513;851;
59;1;7004;L;1;4;X365;3772;4983;9078;847;
59;1;553;L;1;4;X372;1846;9962;9166;847;
59;1;9592;L;1;4;X377;2315;3772;10003;847;
59;1;7305;L;1;4;X458;4436;2084;4418;850;
59;1;7459;L;1;4;X003;4506;4446;4508;829;
59;1;7538;L;1;4;X464;4446;2084;9961;850;
59;1;2289;L;1;4;X552;130;2319;151;847;
59;1;6507;L;1;4;X553;4133;4131;1270;847;
59;1;6502;L;1;4;X553;3457;9332;4133;847;
59;1;8958;L;1;4;X554;9159;151;2703;847;
59;1;2285;L;1;4;X555;1943;441;130;847;
59;1;6604;L;1;4;X556;458;283;3752;847;
59;1;3691;L;1;4;X557;283;3765;197;847;
59;1;1793;L;1;4;X563;197;3731;2030;847;
59;1;2354;L;1;4;X564;2019;283;9129;847;
59;1;6581;L;1;4;X566;1931;4167;197;847;
59;1;6612;L;1;4;X569;4183;4149;458;847;
59;1;6616;L;1;4;X570;4149;2315;4156;847;
59;1;6622;L;1;4;X571;4155;4153;4149;847;
59;1;6541;L;1;4;X572;1272;129;558;847;
59;1;6535;L;1;4;X572;4153;1272;4156;847;
59;1;6642;L;1;4;X575;1702;3772;4153;847;
59;1;2325;L;1;4;X581;516;2030;8915;847;
59;1;6515;L;1;4;X582;131;436;1270;847;
59;1;6726;L;1;4;X586;3433;9283;4224;847;
59;1;6702;L;1;4;X588;3436;1703;1705;847;
59;1;8935;L;1;4;X593;4312;1703;9439;847;
59;1;6749;L;1;4;X594;4232;4235;1703;847;
59;1;6665;L;1;4;X595;4197;4198;1943;847;
59;1;2080;L;1;4;X601;128;2160;130;847;
59;1;184;L;1;4;X603;479;9129;485;847;
59;1;590;L;1;4;X606;1932;130;3316;847;
59;1;6656;L;1;4;X607;436;9129;9493;847;
59;1;2045;L;1;4;X609;1939;4318;1895;847;
59;1;2148;L;1;4;X609;1895;1939;169;847;
59;1;9127;L;1;3;X611;206;9129;151;847;
59;1;8711;L;1;4;X612;9559;1847;128;847;
59;1;6694;L;1;4;X614;1705;4195;3435;847;
59;1;6521;L;1;4;X617;4147;516;4150;847;
59;1;2378;L;1;4;X620;1942;441;9655;847;
59;1;6175;L;1;4;X635;139;9129;485;847;
59;1;6475;L;1;4;X639;3765;151;2315;847;
59;1;6484;L;1;4;X641;4141;516;2703;847;
59;1;6625;L;1;4;;202;9129;3752;847;
59;1;3645;L;1;4;X645;204;9166;206;847;
59;1;2373;L;1;4;X645;207;206;9129;847;
59;1;7821;L;1;4;X651;4059;1500;805;833;
59;1;1917;L;1;4;X604;199;270;1380;847;
59;1;8715;L;1;4;X655;9565;9159;283;847;
59;1;6573;L;1;4;X660;608;1931;9301;847;
59;1;8931;L;1;4;X665;2334;4117;2315;847;
59;1;7682;L;1;4;X897;4542;4476;8915;840;
59;1;6677;L;1;4;Y001;4203;4202;4206;847;
59;1;6755;L;1;4;Y005;4190;4215;4232;847;
59;1;4149;L;1;4;Y011;4214;4242;4202;829;
59;1;6709;L;1;4;Y012;4202;4214;10046;847;
59;1;6778;L;1;4;Y021;4234;3772;4232;847;
59;1;6672;L;1;4;Y053;4199;4197;4202;847;
59;1;7339;L;1;4;Y065;4417;4436;9197;829;
59;1;6745;L;1;4;Y104;4189;9970;4231;847;
59;1;662;L;1;3;;74;326;327;829;
59;1;6085;L;1;4;Y151;2921;805;2874;833;
59;1;4160;L;1;4;Y154;4211;9971;4210;829;
59;1;6669;L;1;4;Y156;4198;2215;4197;847;
59;1;6498;L;1;4;Y184;4144;4146;4141;847;
59;1;2206;L;1;4;Y221;9165;911;1846;847;
59;1;6190;L;1;4;Y364;4087;1760;204;847;
59;1;6466;L;1;4;Y395;4134;151;4138;847;
59;1;6032;L;1;4;Y404;4044;9504;121;833;
59;1;5674;L;1;4;Y453;2544;1995;172;838;
59;1;8164;L;1;4;Y455;4575;9152;1703;847;
59;1;8161;L;1;4;;9458;9152;1703;847;
59;1;5989;L;1;4;Y806;4034;2351;121;833;
59;1;4660;L;1;4;Y806;9683;485;9166;847;
59;1;4646;L;1;4;Y811;9973;9965;9166;847;
59;1;4655;L;1;4;Y812;9974;9972;9166;847;
59;1;5975;L;1;4;;1789;4033;8404;833;
59;1;7488;L;1;4;;4510;4472;9536;840;
59;1;7640;L;1;4;;4534;9123;4549;840;
59;1;4576;L;7;0;;;3376;117;833;
59;1;8170;L;1;4;;4219;4583;4225;847;
59;1;5441;L;1;4;;3919;184;3920;839;
59;1;3825;L;1;4;;3679;2092;2094;834;
59;1;8428;L;1;4;;4006;2377;2379;855;
59;1;8425;L;1;4;;3575;277;2377;855;
59;1;6343;L;1;4;;4113;128;2711;847;
59;1;4609;L;1;4;;9509;9166;169;847;
59;1;6194;L;1;4;;2193;204;428;847;
59;1;7644;L;1;4;;4488;4549;3502;840;
59;1;3764;L;1;4;;3801;2154;616;854;
59;1;9407;L;1;4;;10016;9191;3801;854;
59;1;5423;L;1;4;;3893;184;3917;839;
59;1;5808;L;1;4;;4004;3169;1652;855;
59;1;5805;L;1;4;;3169;3170;277;855;
59;1;9297;L;7;0;;;1500;341;840;
59;1;9301;L;7;0;;;9927;341;840;
59;1;3803;L;1;4;;3810;70;1755;844;
59;1;1967;L;1;4;;27;28;1708;854;
59;1;1971;L;1;4;;30;31;32;829;
59;1;4186;L;7;0;;;2920;8438;833;
59;1;5925;L;1;4;;1960;4020;2302;856;
59;1;4894;L;1;4;;9054;3893;3151;839;
59;1;5906;L;1;4;;1993;3971;3088;856;
59;1;1774;L;1;4;;35;36;37;834;
59;1;14;L;1;4;;38;39;40;829;
59;1;1217;L;7;0;;;41;42;839;
59;1;6;L;1;4;;41;44;39;829;
59;1;9448;L;1;4;;1242;2014;159;838;
59;1;9273;L;7;0;;;9201;46;844;
59;1;9271;L;7;0;;;9201;9199;844;
59;1;9261;L;7;0;;;9201;9197;844;
59;1;8443;L;7;0;;;9201;9129;844;
59;1;8457;L;7;0;;;9201;203;834;
59;1;9151;L;1;1;;9201;9197;9129;829;
59;1;9275;L;7;0;;;9410;9199;844;
59;1;9263;L;7;0;;;9410;9197;844;
59;1;8561;L;7;0;;;9234;9409;844;
59;1;8445;L;7;0;;;9234;50;834;
59;1;9267;L;7;0;;;46;9201;844;
59;1;9269;L;7;0;;;46;9234;844;
59;1;8451;L;7;0;;;46;9129;834;
59;1;3172;L;7;0;;;46;461;834;
59;1;8543;L;7;0;;;46;1760;834;
59;1;8549;L;7;0;;;9398;8920;834;
59;1;8547;L;7;0;;;9398;8917;834;
59;1;6556;L;1;4;;4162;207;2426;847;
59;1;9043;L;1;4;;9655;1942;130;847;
59;1;6357;L;1;4;;4112;686;687;847;
59;1;4615;L;1;4;;9966;9975;9509;847;
59;1;7779;L;1;4;;4558;4565;4561;840;
59;1;7775;L;1;4;;4565;341;3851;840;
59;1;6291;L;1;4;;1471;206;130;847;
59;1;6288;L;1;4;;4107;4097;206;847;
59;1;6444;L;1;4;;4129;4134;4136;847;
59;1;8907;L;1;4;;524;9637;1943;847;
59;1;7785;L;1;4;;4562;4559;4536;840;
59;1;8944;L;1;4;;4225;4226;3434;847;
59;1;3162;L;7;0;;;49;50;840;
59;1;4476;L;7;0;;;51;4990;840;
59;1;4472;L;7;0;;;51;461;840;
59;1;3324;L;7;0;;;51;52;840;
59;1;708;L;1;2;;56;57;58;848;
59;1;1061;L;7;0;;;59;60;854;
59;1;3188;L;7;0;;;59;461;844;
59;1;3349;L;7;0;;;59;64;844;
59;1;1579;L;7;0;;;59;66;854;
59;1;1575;L;7;0;;;59;68;844;
59;1;748;L;1;2;;72;73;74;854;
59;1;1054;L;7;0;;;75;60;854;
59;1;1069;L;7;0;;;75;78;854;
59;1;1063;L;7;0;;;75;80;854;
59;1;1056;L;7;0;;;75;82;854;
59;1;1052;L;7;0;;;75;9765;854;
59;1;1991;L;1;2;;71;59;87;854;
59;1;9454;L;1;4;;3882;3792;1858;854;
59;1;5224;L;1;4;;3792;3182;87;854;
59;1;2501;L;1;4;;88;89;90;829;
59;1;6098;L;1;4;;4063;2719;1893;847;
59;1;6094;L;1;4;;4062;139;2719;847;
59;1;8362;L;1;4;;1780;1802;3936;830;
59;1;8332;L;1;4;;9216;154;1822;847;
59;1;5177;L;1;4;;1728;2205;90;829;
59;1;2013;L;1;4;;111;1708;113;829;
59;1;1297;L;7;0;;;114;42;856;
59;1;89;L;7;0;;;114;107;855;
59;1;2119;L;1;4;;114;121;122;829;
59;1;3990;L;1;4;;1747;56;2306;848;
59;1;5786;L;1;4;;3972;3090;4002;838;
59;1;6049;L;1;4;;4043;4051;4046;829;
59;1;385;L;1;3;;1732;124;1835;829;
59;1;2359;L;1;4;;126;127;3730;847;
59;1;7747;L;1;4;;4557;3851;4333;840;
59;1;3806;L;1;4;;3811;74;3813;829;
59;1;3810;L;1;4;;315;3813;237;844;
59;1;7807;L;1;4;;4536;1500;3851;840;
59;1;5735;L;1;4;;3989;3644;152;829;
59;1;9353;L;1;4;;9989;1931;4166;847;
59;1;6686;L;1;4;;4192;4206;4195;847;
59;1;4270;L;7;0;;;1703;8461;847;
59;1;4266;L;7;0;;;1703;8459;847;
59;1;3562;L;1;4;;129;130;131;847;
59;1;4284;L;7;0;;;1702;8461;847;
59;1;4280;L;7;0;;;1702;8459;847;
59;1;8285;L;1;4;;9210;224;9211;834;
59;1;8620;L;1;4;;9518;3839;224;829;
59;1;9481;L;1;4;;9637;524;207;847;
59;1;500;L;1;4;;135;136;3762;831;
59;1;2396;L;1;4;;138;485;1859;829;
59;1;1335;L;7;0;;;141;80;838;
59;1;1331;L;7;0;;;141;82;838;
59;1;1530;L;7;0;;;141;66;838;
59;1;8725;L;1;4;;9571;4261;3772;847;
59;1;2310;L;1;4;;147;10004;58;848;
59;1;5007;L;1;4;;3097;2182;9519;833;
59;1;598;L;1;4;;1812;1900;152;829;
59;1;916;L;1;4;;156;157;152;829;
59;1;9434;L;1;4;;10021;184;10022;839;
59;1;617;L;1;4;;159;3932;166;838;
59;1;5216;L;1;4;;3182;87;327;854;
59;1;5678;L;1;4;;3970;3967;3975;856;
59;1;9441;L;1;4;;10022;291;10021;839;
59;1;6564;L;1;4;;4164;1943;2430;847;
59;1;8343;L;1;4;;4103;2336;151;847;
59;1;8704;L;1;4;;2270;479;2719;847;
59;1;6220;L;1;4;;3774;3755;4090;847;
59;1;3977;L;1;4;;3832;2752;58;829;
59;1;5090;L;1;4;;1797;3679;48;834;
59;1;5136;L;1;4;;3183;9521;2058;854;
59;1;5898;L;1;4;;1712;1744;4016;838;
59;1;6471;L;1;4;;4138;151;1932;847;
59;1;6314;L;1;4;;2700;4111;169;847;
59;1;4872;L;7;0;;;4156;9015;847;
59;1;6934;L;1;4;;3740;9269;3761;844;
59;1;3581;L;1;4;;165;166;9977;838;
59;1;606;L;1;4;;154;169;151;847;
59;1;5170;L;1;4;;3874;3875;29;854;
59;1;6792;L;1;4;;3783;4245;1847;844;
59;1;2381;L;1;4;;32;172;156;838;
59;1;9028;L;1;4;;9652;3924;9653;839;
59;1;9475;L;1;4;;1626;1914;528;839;
59;1;6117;L;1;4;;3735;2160;9979;847;
59;1;8674;L;1;4;;9556;2445;9554;854;
59;1;6167;L;1;4;;4077;3736;1847;847;
59;1;6149;L;1;4;;4072;4074;1893;847;
59;1;6324;L;1;4;;2481;2475;1898;847;
59;1;9400;L;1;4;;10014;10013;4446;829;
59;1;9484;L;1;4;;2486;2477;2475;847;
59;1;8174;L;1;4;;4220;9980;3434;847;
59;1;2019;L;1;4;;110;166;104;838;
59;1;5454;L;1;4;;3663;1914;185;839;
59;1;8748;L;1;4;;4277;3749;2074;844;
59;1;5607;L;1;4;;2392;2022;1875;855;
59;1;6202;L;1;4;;4089;169;1847;847;
59;1;3846;L;1;4;;451;2297;2094;829;
59;1;5099;L;1;4;;2222;1796;2297;829;
59;1;5462;L;1;4;;2039;2040;3925;839;
59;1;6569;L;1;4;;4161;4157;2430;847;
59;1;6207;L;1;4;;2194;1822;2336;847;
59;1;8511;L;7;0;;;9371;9346;847;
59;1;5922;L;1;4;;4023;1835;1790;856;
59;1;5166;L;1;4;;3873;28;29;854;
59;1;7617;L;1;4;;4489;9272;3854;840;
59;1;9024;L;1;4;;9551;9686;9521;854;
59;1;7495;L;1;4;;4035;3728;547;840;
59;1;9287;L;7;0;;;174;341;840;
59;1;3150;L;7;0;;;174;461;833;
59;1;4486;L;7;0;;;174;8783;833;
59;1;3314;L;7;0;;;174;64;833;
59;1;4496;L;7;0;;;8786;9771;833;
59;1;4490;L;7;0;;;8786;8783;833;
59;1;9293;L;7;0;;;9921;341;840;
59;1;5768;L;1;4;;3995;241;3994;838;
59;1;3878;L;1;4;;3828;547;1740;840;
59;1;3972;L;1;4;;3826;1866;2752;840;
59;1;9010;L;1;4;;547;4035;3828;840;
59;1;5157;L;1;4;;3871;9558;327;854;
59;1;5052;L;1;4;;3862;36;48;834;
59;1;9472;L;1;4;;10026;38;3110;839;
59;1;5299;L;1;4;;2324;2040;178;839;
59;1;1451;L;7;0;;;178;179;839;
59;1;5302;L;1;4;;178;124;38;839;
59;1;9003;L;1;4;;9646;3842;46;834;
59;1;8323;L;1;4;;9215;1896;9216;847;
59;1;412;L;1;4;;180;40;39;839;
59;1;330;L;1;4;;183;184;185;839;
59;1;2390;L;1;4;;186;183;188;829;
59;1;869;L;1;4;;189;113;29;854;
59;1;857;L;1;4;;1708;184;29;829;
59;1;5173;L;1;4;;3875;3874;2205;829;
59;1;6590;L;1;4;;4171;2019;4174;847;
59;1;9056;L;1;4;;4176;9657;4175;847;
59;1;6599;L;1;4;;4175;4176;2019;847;
59;1;3304;L;7;0;;;195;64;833;
59;1;8353;L;1;4;;9218;327;2228;854;
59;1;8965;L;1;4;;9644;9645;2315;847;
59;1;3445;L;7;0;;;202;203;847;
59;1;3449;L;7;0;;;207;50;847;
59;1;5688;L;1;4;;3100;1956;1958;856;
59;1;8968;L;1;4;;9645;3765;9644;847;
59;1;5420;L;1;4;;3778;658;184;839;
59;1;8406;L;1;4;;1886;3946;104;838;
59;1;5953;L;1;4;;4030;2302;4013;833;
59;1;5560;L;1;4;;1890;3947;9981;838;
59;1;9394;L;1;4;;10011;8915;10012;847;
59;1;6841;L;1;4;;4263;4262;8915;847;
59;1;1254;L;7;0;;;210;215;856;
59;1;97;L;7;0;;;210;42;856;
59;1;1240;L;7;0;;;210;80;856;
59;1;1242;L;7;0;;;210;82;856;
59;1;393;L;1;3;;1835;1788;220;829;
59;1;1000;L;7;0;;;1961;42;833;
59;1;5934;L;1;4;;1961;1835;4026;833;
59;1;1387;L;7;0;;;1793;641;834;
59;1;1798;L;1;4;;1793;224;10004;834;
59;1;5698;L;1;4;;2745;514;55;848;
59;1;5011;L;1;4;;3758;1759;2005;829;
59;1;3754;L;1;4;;3795;3796;3758;844;
59;1;1705;L;1;4;;224;227;228;834;
59;1;3192;L;7;0;;;229;461;844;
59;1;3353;L;7;0;;;229;64;844;
59;1;1573;L;7;0;;;229;66;844;
59;1;6243;L;1;4;;4097;2336;151;847;
59;1;3780;L;1;4;;3804;1763;261;854;
59;1;3856;L;1;4;;1865;147;1730;848;
59;1;2031;L;1;4;;238;1865;9994;848;
59;1;5469;L;1;4;;3926;39;40;839;
59;1;7202;L;1;4;;4384;4387;3516;851;
59;1;1333;L;7;0;;;3986;9781;838;
59;1;5725;L;1;4;;3986;241;1996;838;
59;1;6856;L;1;4;;4267;392;4269;844;
59;1;9506;L;1;4;;3975;3970;157;856;
59;1;8633;L;1;4;;2198;113;2055;854;
59;1;5105;L;1;4;;3865;74;2198;854;
59;1;1652;L;7;0;;;241;66;838;
59;1;1648;L;7;0;;;241;68;838;
59;1;5884;L;1;4;;4014;3088;1193;838;
59;1;1262;L;7;0;;;157;215;856;
59;1;1343;L;7;0;;;157;82;838;
59;1;2125;L;1;4;;157;1835;156;829;
59;1;2275;L;1;4;;255;121;1835;856;
59;1;6452;L;1;4;;4136;9331;4129;847;
59;1;1086;L;7;0;;;1763;78;854;
59;1;3531;L;1;4;;1763;261;262;854;
59;1;5017;L;1;4;;1761;3794;3809;854;
59;1;6394;L;1;4;;4122;4117;1850;847;
59;1;6560;L;1;4;;4163;2426;1943;847;
59;1;5819;L;1;4;;2261;468;277;855;
59;1;5813;L;1;4;;2024;2862;2261;855;
59;1;5864;L;1;4;;963;4013;4009;855;
59;1;1662;L;7;0;;;263;66;855;
59;1;1660;L;7;0;;;263;68;855;
59;1;5822;L;1;4;;263;2261;4006;855;
59;1;8734;L;1;4;;9577;1822;3780;839;
59;1;5960;L;1;4;;4013;2862;4031;829;
59;1;5625;L;1;4;;3170;468;277;855;
59;1;5619;L;1;4;;2023;275;468;855;
59;1;8613;L;1;4;;1652;4004;2380;855;
59;1;4624;L;1;4;;9965;9166;9509;847;
59;1;3952;L;1;4;;2086;74;35;834;
59;1;9387;L;1;4;;9494;1705;436;847;
59;1;5402;L;1;4;;3913;3878;88;830;
59;1;8397;L;1;4;;3709;9221;3946;838;
59;1;5557;L;1;4;;104;1886;1890;838;
59;1;637;L;1;4;;267;1950;166;829;
59;1;8947;L;1;4;;4586;4585;4229;847;
59;1;4198;L;7;0;;;4583;8454;847;
59;1;8178;L;1;4;;4583;4581;4220;847;
59;1;4200;L;7;0;;;8457;8454;847;
59;1;4228;L;7;0;;;9756;9015;847;
59;1;3431;L;7;0;;;270;64;847;
59;1;1845;L;1;3;;270;458;1932;847;
59;1;1812;L;1;3;;275;1760;277;855;
59;1;79;L;7;0;;;278;122;838;
59;1;8279;L;1;4;;9209;262;2084;844;
59;1;6737;L;1;4;;4218;4226;4227;847;
59;1;3270;L;7;0;;;2019;461;847;
59;1;8941;L;1;4;;9275;9982;4226;847;
59;1;9132;L;1;4;;3813;9192;3795;844;
59;1;5957;L;1;4;;4031;3395;4013;833;
59;1;6741;L;1;4;;4227;4228;4229;847;
59;1;4960;L;1;4;;4224;9274;4228;847;
59;1;1311;L;7;0;;;285;80;855;
59;1;5593;L;1;4;;285;1820;3960;855;
59;1;907;L;1;4;;2012;9983;31;856;
59;1;1733;L;1;4;;1915;291;124;839;
59;1;902;L;1;4;;1721;124;1242;839;
59;1;6422;L;1;4;;4130;4126;4131;847;
59;1;6338;L;1;4;;686;128;4115;847;
59;1;201;L;1;4;;296;9219;121;856;
59;1;204;L;1;4;;297;9984;9219;856;
59;1;9414;L;1;4;;10017;4294;2215;847;
59;1;4572;L;1;4;;4008;2862;2378;855;
59;1;6799;L;1;4;;4247;4245;4983;829;
59;1;2037;L;1;4;;302;72;27;854;
59;1;5895;L;1;4;;4016;1712;2014;838;
59;1;6367;L;1;4;;687;128;3337;847;
59;1;6019;L;1;4;;3500;514;4041;848;
59;1;8282;L;1;4;;3839;227;9518;844;
59;1;5027;L;1;4;;1762;59;3809;854;
59;1;5023;L;1;4;;2122;86;1762;854;
59;1;3820;L;1;4;;36;3816;1793;834;
59;1;3917;L;1;4;;305;262;74;829;
59;1;1092;L;7;0;;;307;78;854;
59;1;1088;L;7;0;;;237;60;854;
59;1;1097;L;7;0;;;1856;78;854;
59;1;3367;L;7;0;;;1856;64;844;
59;1;3365;L;7;0;;;1856;319;844;
59;1;4314;L;7;0;;;1856;1532;854;
59;1;1490;L;7;0;;;323;641;834;
59;1;3176;L;7;0;;;328;461;834;
59;1;3907;L;1;4;;3796;3836;305;844;
59;1;1481;L;7;0;;;227;179;834;
59;1;1479;L;7;0;;;227;641;834;
59;1;8250;L;1;1;;9202;9449;9132;844;
59;1;8573;L;7;0;;;9424;9421;844;
59;1;8503;L;7;0;;;9422;9426;844;
59;1;9265;L;7;0;;;9199;9201;844;
59;1;8246;L;1;1;;9199;9200;9201;844;
59;1;8563;L;7;0;;;9413;9398;844;
59;1;8567;L;7;0;;;9413;9418;844;
59;1;8569;L;7;0;;;9416;9203;844;
59;1;3941;L;1;4;;3840;262;1735;844;
59;1;4641;L;1;4;;9975;9972;9166;847;
59;1;5939;L;1;4;;4027;1835;1790;833;
59;1;5306;L;1;4;;3896;124;1720;839;
59;1;9431;L;1;4;;10020;1924;3891;831;
59;1;8358;L;1;4;;2228;29;113;829;
59;1;5985;L;1;4;;4026;4033;9527;833;
59;1;8167;L;1;4;;4581;4583;3434;847;
59;1;7697;L;1;4;;4535;4052;1500;840;
59;1;9295;L;7;0;;;341;1500;840;
59;1;9299;L;7;0;;;341;9925;840;
59;1;9289;L;7;0;;;341;174;840;
59;1;9291;L;7;0;;;341;9919;840;
59;1;9285;L;7;0;;;341;2350;848;
59;1;3154;L;7;0;;;341;461;848;
59;1;3156;L;7;0;;;341;50;848;
59;1;3318;L;7;0;;;341;52;848;
59;1;9279;L;7;0;;;341;1957;833;
59;1;4038;L;1;1;;8382;1957;4487;829;
59;1;1031;L;7;0;;;9131;60;844;
59;1;3359;L;7;0;;;9131;64;844;
59;1;41;L;7;0;;;347;237;854;
59;1;1058;L;7;0;;;60;75;854;
59;1;1084;L;7;0;;;60;1763;854;
59;1;1094;L;7;0;;;60;237;854;
59;1;4510;L;7;0;;;60;261;844;
59;1;1081;L;7;0;;;60;356;854;
59;1;3198;L;7;0;;;86;461;844;
59;1;117;L;1;1;;86;9131;72;829;
59;1;1101;L;7;0;;;362;1760;854;
59;1;91;L;7;0;;;364;365;854;
59;1;10;L;7;0;;;366;364;854;
59;1;27;L;7;0;;;368;356;854;
59;1;1050;L;7;0;;;78;75;854;
59;1;1099;L;7;0;;;78;307;854;
59;1;1090;L;7;0;;;78;237;854;
59;1;1033;L;7;0;;;78;9131;844;
59;1;1037;L;7;0;;;78;3725;844;
59;1;1104;L;7;0;;;78;1759;844;
59;1;3011;L;7;0;;;78;1764;854;
59;1;1077;L;7;0;;;78;356;854;
59;1;4318;L;7;0;;;78;8585;854;
59;1;1065;L;7;0;;;78;1777;854;
59;1;1035;L;7;0;;;261;60;844;
59;1;4512;L;7;0;;;261;78;844;
59;1;3230;L;7;0;;;4983;461;847;
59;1;3389;L;7;0;;;4983;64;847;
59;1;4784;L;7;0;;;1939;8920;847;
59;1;4780;L;7;0;;;1939;8917;847;
59;1;9518;L;1;3;S122;1939;4318;9129;847;
59;1;8507;L;7;0;;;9432;9350;847;
59;1;4468;L;7;0;;;8764;461;840;
59;1;93;L;7;0;;;2084;64;834;
59;1;8575;L;7;0;;;9426;9424;844;
59;1;4440;L;7;0;;;8729;203;844;
59;1;4458;L;7;0;;;8733;461;834;
59;1;4448;L;7;0;;;8733;8736;834;
59;1;9211;L;7;0;;;3516;9197;844;
59;1;9213;L;7;0;;;3516;9868;844;
59;1;3144;L;7;0;;;4058;461;833;
59;1;3308;L;7;0;;;4058;418;833;
59;1;3310;L;7;0;;;4058;64;833;
59;1;3146;L;7;0;;;4058;422;833;
59;1;4176;L;7;0;;;9799;461;833;
59;1;4172;L;7;0;;;9799;64;833;
59;1;4178;L;7;0;;;9802;461;833;
59;1;4170;L;7;0;;;9802;64;833;
59;1;1347;L;7;0;;;121;80;856;
59;1;1351;L;7;0;;;121;82;848;
59;1;1640;L;7;0;;;121;68;833;
59;1;9065;L;1;4;;3099;1957;121;829;
59;1;3340;L;7;0;;;9132;64;844;
59;1;4450;L;7;0;;;9132;2103;844;
59;1;4456;L;7;0;;;8744;461;834;
59;1;9603;L;7;0;;;8744;203;834;
59;1;3556;L;1;4;;428;1847;206;847;
59;1;4904;L;1;4;;9058;3893;9053;839;
59;1;8319;L;1;4;;2484;2475;2481;847;
59;1;8559;L;7;0;;;9409;9410;844;
59;1;9125;L;1;4;;9457;46;3728;844;
59;1;4304;L;7;0;;;4274;64;854;
59;1;5705;L;1;4;;3846;2745;1956;833;
59;1;1461;L;7;0;;;113;641;830;
59;1;657;L;1;2;;113;74;44;829;
59;1;6595;L;1;4;;4172;2030;4170;847;
59;1;7476;L;1;4;;9961;4454;4506;850;
59;1;3407;L;7;0;;;436;203;847;
59;1;4860;L;7;0;;;436;9085;847;
59;1;9085;L;7;0;;;8912;2315;847;
59;1;4830;L;7;0;;;8912;50;847;
59;1;4850;L;7;0;;;8912;203;847;
59;1;4969;L;7;0;;;8912;8459;847;
59;1;4884;L;7;0;;;8912;8454;847;
59;1;9093;L;7;0;;;8912;1760;847;
59;1;9095;L;7;0;;;8912;1760;847;
59;1;4679;L;1;1;;8912;1760;9152;847;
59;1;4844;L;7;0;;;9015;9017;847;
59;1;4875;L;7;0;;;9042;1705;847;
59;1;4870;L;7;0;;;9004;1703;847;
59;1;4824;L;7;0;;;9004;9129;847;
59;1;4826;L;7;0;;;9004;50;847;
59;1;4828;L;7;0;;;9004;203;847;
59;1;4866;L;7;0;;;9004;4210;847;
59;1;4838;L;7;0;;;9017;50;847;
59;1;4846;L;7;0;;;9017;203;847;
59;1;4836;L;7;0;;;9019;9015;847;
59;1;4848;L;7;0;;;9019;203;847;
59;1;4975;L;7;0;;;9019;1847;847;
59;1;3483;L;1;4;X607;2160;9528;4240;847;
59;1;3246;L;7;0;;;441;50;847;
59;1;4864;L;7;0;;;441;9092;847;
59;1;4818;L;7;0;;;441;8920;847;
59;1;4820;L;7;0;;;441;8917;847;
59;1;3487;L;1;4;X607;441;4240;9129;847;
59;1;9233;L;7;0;;;3726;9197;844;
59;1;6915;L;1;4;;3726;2084;46;844;
59;1;4892;L;7;0;;;1705;9044;847;
59;1;4230;L;7;0;;;8495;8461;847;
59;1;4516;L;7;0;;;8495;8459;847;
59;1;4234;L;7;0;;;8498;8461;847;
59;1;6691;L;1;4;;4195;10047;1705;847;
59;1;7492;L;1;4;;9536;4512;4035;840;
59;1;2055;L;1;4;;446;184;9685;839;
59;1;2059;L;1;4;;2094;74;451;854;
59;1;1164;L;7;0;;;29;42;831;
59;1;348;L;1;4;;29;113;184;829;
59;1;7758;L;1;4;;4333;4483;3851;840;
59;1;4370;L;7;0;;;8463;461;847;
59;1;4372;L;7;0;;;8463;64;847;
59;1;4208;L;7;0;;;8463;8459;847;
59;1;4378;L;7;0;;;8662;461;847;
59;1;4382;L;7;0;;;8666;8667;847;
59;1;4366;L;7;0;;;8642;8634;847;
59;1;4380;L;7;0;;;8663;8658;847;
59;1;8888;L;1;4;;9633;4069;2805;847;
59;1;421;L;1;4;;462;124;1840;839;
59;1;344;L;1;4;;1924;136;124;829;
59;1;5286;L;1;4;;3894;1840;89;839;
59;1;1323;L;7;0;;;468;80;855;
59;1;1327;L;7;0;;;468;82;855;
59;1;920;L;1;3;;468;103;1760;855;
59;1;9303;L;1;4;;9934;468;4000;855;
59;1;6720;L;1;4;;3434;8915;4220;847;
59;1;9347;L;1;4;;9982;4224;9275;847;
59;1;6734;L;1;4;;4226;4224;4225;847;
59;1;6587;L;1;4;;4169;2030;4170;847;
59;1;8420;L;1;4;;3997;475;1413;829;
59;1;7458;L;1;4;X459;4418;4379;9961;850;
59;1;85;L;7;0;;;475;93;838;
59;1;1536;L;7;0;;;475;107;855;
59;1;5791;L;1;4;;475;4002;3998;829;
59;1;5264;L;1;4;;3891;3890;3892;831;
59;1;3212;L;7;0;;;479;50;847;
59;1;3375;L;7;0;;;479;203;847;
59;1;4710;L;7;0;;;479;8929;847;
59;1;4726;L;7;0;;;479;8920;847;
59;1;4714;L;7;0;;;479;8917;847;
59;1;4730;L;7;0;;;8939;8920;847;
59;1;4724;L;7;0;;;8938;8929;847;
59;1;9512;L;1;4;;4146;2030;4144;847;
59;1;8664;L;1;4;;9553;2445;9554;854;
59;1;9257;L;7;0;;;9197;9201;844;
59;1;9217;L;7;0;;;9197;3516;844;
59;1;9219;L;7;0;;;9197;3726;844;
59;1;9223;L;7;0;;;9197;9204;844;
59;1;9247;L;7;0;;;9197;9196;844;
59;1;9251;L;7;0;;;9197;9407;850;
59;1;9255;L;7;0;;;9197;9198;844;
59;1;9155;L;1;1;;9197;3516;9201;844;
59;1;9259;L;7;0;;;9868;9201;844;
59;1;9221;L;7;0;;;9868;9874;844;
59;1;9253;L;7;0;;;9868;9196;844;
59;1;9215;L;7;0;;;9870;3516;844;
59;1;9225;L;7;0;;;9870;9204;844;
59;1;9249;L;7;0;;;9870;9196;844;
59;1;6007;L;1;4;;4037;2752;9986;840;
59;1;5438;L;1;4;;3885;1926;3883;831;
59;1;877;L;1;4;;2250;487;1925;831;
59;1;895;L;1;4;;489;2055;1926;829;
59;1;873;L;1;4;;492;184;487;829;
59;1;5435;L;1;4;;2773;1926;1925;831;
59;1;9227;L;7;0;;;9204;9197;844;
59;1;9235;L;7;0;;;9204;9868;844;
59;1;9231;L;7;0;;;9204;9870;844;
59;1;8269;L;1;1;;9204;3726;9202;844;
59;1;9229;L;7;0;;;9879;9197;844;
59;1;6010;L;1;4;;4039;9986;4040;829;
59;1;3945;L;1;4;;1735;2297;46;834;
59;1;3745;L;1;4;;3794;237;2122;854;
59;1;5887;L;1;4;;4015;3088;3973;856;
59;1;5693;L;1;4;;1958;3099;1835;856;
59;1;8863;L;1;4;;9629;9280;1856;844;
59;1;8860;L;1;4;;9280;4276;9629;844;
59;1;2063;L;1;4;;1730;1840;90;829;
59;1;5583;L;1;4;;1818;1872;2260;855;
59;1;716;L;1;2;;57;48;56;834;
59;1;1471;L;7;0;;;2200;179;834;
59;1;1467;L;7;0;;;2200;641;834;
59;1;653;L;1;2;;2200;113;48;834;
59;1;5875;L;1;4;;4009;9533;9534;855;
59;1;5309;L;1;4;;2326;2040;124;839;
59;1;5312;L;1;4;;3897;124;125;839;
59;1;3130;L;7;0;;;2869;64;833;
59;1;5447;L;1;4;;3921;3922;3924;839;
59;1;2279;L;1;4;;1983;514;3751;829;
59;1;6428;L;1;4;;4126;4106;2030;847;
59;1;4938;L;1;4;;9060;169;9535;847;
59;1;5193;L;1;4;;1727;44;1782;829;
59;1;7525;L;1;4;;4525;4526;3504;840;
59;1;9000;L;1;4;;3842;2086;9646;834;
59;1;6409;L;1;4;;4125;4124;2336;847;
59;1;6013;L;1;4;;4040;3501;4039;848;
59;1;3898;L;1;4;;2754;1740;147;848;
59;1;7162;L;1;4;;4278;3785;2074;851;
59;1;6388;L;1;4;;1850;2334;516;847;
59;1;3254;L;7;0;;;516;461;847;
59;1;3415;L;7;0;;;516;64;847;
59;1;6378;L;1;4;;4117;2334;4118;847;
59;1;3933;L;1;4;;3812;262;3811;844;
59;1;3930;L;1;4;;3838;1758;262;844;
59;1;9420;L;1;4;;10018;4202;4216;847;
59;1;9174;L;1;4;;9728;580;441;847;
59;1;2072;L;1;4;;2041;184;528;839;
59;1;361;L;1;4;;2253;530;1924;831;
59;1;364;L;1;4;;532;1924;184;829;
59;1;3019;L;7;0;;;1866;80;848;
59;1;1369;L;7;0;;;1866;82;848;
59;1;1605;L;7;0;;;1866;66;848;
59;1;1601;L;7;0;;;1866;68;848;
59;1;782;L;1;4;;1866;4036;1744;829;
59;1;7738;L;1;4;;4559;4558;4333;840;
59;1;6229;L;1;4;;4092;128;3774;847;
59;1;6384;L;1;4;;4118;4117;4119;847;
59;1;6281;L;1;4;;4104;2711;4106;847;
59;1;6016;L;1;4;;3501;4040;514;848;
59;1;7501;L;1;4;;4512;9536;2752;840;
59;1;8523;L;7;0;;;9434;9346;847;
59;1;3168;L;7;0;;;4990;461;840;
59;1;3166;L;7;0;;;4990;404;840;
59;1;3330;L;7;0;;;4990;52;840;
59;1;4464;L;7;0;;;4990;8753;840;
59;1;4470;L;7;0;;;1120;51;840;
59;1;4478;L;7;0;;;1120;1122;840;
59;1;4482;L;7;0;;;1122;4035;840;
59;1;4480;L;7;0;;;1122;203;840;
59;1;4028;L;1;1;;8381;4379;1745;829;
59;1;5474;L;1;4;;3161;1840;40;839;
59;1;4155;L;1;4;;161;159;267;829;
59;1;9369;L;1;4;X310;9954;10002;3516;851;
59;1;6348;L;1;4;;2711;2336;4114;847;
59;1;5245;L;1;4;;3177;1859;136;831;
59;1;3258;L;7;0;;;558;461;847;
59;1;3419;L;7;0;;;558;64;847;
59;1;3544;L;1;4;;558;1932;564;847;
59;1;9515;L;1;4;;4150;2030;4147;847;
59;1;1018;L;7;0;;;1785;107;833;
59;1;1674;L;7;0;;;1785;66;855;
59;1;1849;L;1;4;;1785;570;91;829;
59;1;8517;L;7;0;;;9376;8917;855;
59;1;9545;L;1;4;;10052;1874;277;855;
59;1;1680;L;7;0;;;572;66;855;
59;1;1670;L;7;0;;;572;68;855;
59;1;3395;L;7;0;;;2215;64;847;
59;1;6766;L;1;4;;2215;9962;4076;847;
59;1;5853;L;1;4;;3696;4003;4006;855;
59;1;8731;L;1;4;;9573;2297;73;834;
59;1;5087;L;1;4;;3821;1865;1743;848;
59;1;1475;L;7;0;;;1796;641;834;
59;1;5077;L;1;4;;1796;73;3821;829;
59;1;5406;L;1;4;;3914;3912;1731;830;
59;1;5395;L;1;4;;3140;1726;3912;830;
59;1;3238;L;7;0;;;580;461;847;
59;1;6163;L;1;4;;580;206;10006;847;
59;1;6159;L;1;4;;4075;4072;206;847;
59;1;6981;L;1;4;;9962;4983;2215;847;
59;1;9177;L;1;4;X360;9335;4235;580;847;
59;1;8913;L;1;4;;2426;1760;2319;847;
59;1;7441;L;1;4;;4453;2084;4499;829;
59;1;7450;L;1;4;;1454;326;3775;834;
59;1;7447;L;1;4;;4500;4499;1454;834;
59;1;2339;L;1;4;;1875;1812;1785;855;
59;1;8519;L;7;0;;;9378;1760;855;
59;1;5451;L;1;4;;3924;291;3522;839;
59;1;5890;L;1;4;;3973;4015;3992;829;
59;1;8779;L;1;4;;3738;229;3516;851;
59;1;6433;L;1;4;;4132;4127;2714;847;
59;1;3886;L;1;4;;3831;1746;56;848;
59;1;2334;L;1;4;;2307;1744;2182;848;
59;1;6362;L;1;4;;4115;686;687;847;
59;1;5648;L;1;4;;3967;121;1954;856;
59;1;8222;L;1;4;;3514;1683;9192;844;
59;1;1861;L;1;4;;570;1872;590;855;
59;1;6795;L;1;4;;4246;2933;4245;844;
59;1;5427;L;1;4;;3918;136;3780;829;
59;1;8640;L;1;4;;4131;558;1932;847;
59;1;9594;L;1;4;;166;165;172;838;
59;1;1106;L;7;0;;;1759;60;844;
59;1;3202;L;7;0;;;1855;461;844;
59;1;9390;L;1;4;;4522;4472;2752;840;
59;1;6036;L;1;4;;4046;4044;3851;833;
59;1;3015;L;7;0;;;601;215;833;
59;1;1301;L;7;0;;;601;42;833;
59;1;8409;L;1;4;;3090;157;9300;838;
59;1;9046;L;1;4;;9656;1812;1816;855;
59;1;9376;L;1;3;S227;10009;8915;3783;829;
59;1;4702;L;7;0;;;3791;8920;847;
59;1;9438;L;1;4;;3922;291;10021;839;
59;1;5915;L;1;4;;776;9542;1790;856;
59;1;5568;L;1;4;;2855;3951;3950;838;
59;1;5565;L;1;4;;3949;3950;9981;838;
59;1;8304;L;1;4;;9214;1894;2736;847;
59;1;8298;L;1;4;;9213;154;1894;847;
59;1;6251;L;1;4;;4099;1896;2354;847;
59;1;2329;L;1;4;;1956;2182;1835;829;
59;1;3278;L;7;0;;;608;461;847;
59;1;3441;L;7;0;;;608;64;847;
59;1;6492;L;1;4;;4135;4131;2030;847;
59;1;8884;L;1;4;;4080;479;1846;847;
59;1;5221;L;1;4;;3881;1768;3792;854;
59;1;3728;L;1;4;;1768;72;3792;854;
59;1;5969;L;1;4;;4021;114;4033;829;
59;1;6212;L;1;4;;4090;428;128;847;
59;1;9031;L;1;4;;9653;9652;291;839;
59;1;5660;L;1;4;;1953;2541;3642;829;
59;1;1079;L;7;0;;;1764;60;854;
59;1;5351;L;1;4;;1764;3802;3809;854;
59;1;269;L;1;4;;393;71;616;854;
59;1;5346;L;1;4;;3802;9191;2445;854;
59;1;8485;L;7;0;;;2319;1822;847;
59;1;8487;L;7;0;;;2319;9346;847;
59;1;8483;L;7;0;;;2319;9350;847;
59;1;3250;L;7;0;;;2319;461;847;
59;1;3411;L;7;0;;;2319;64;847;
59;1;4375;L;7;0;;;8634;461;847;
59;1;4369;L;7;0;;;8630;8629;847;
59;1;4358;L;7;0;;;8626;64;847;
59;1;5416;L;1;4;;3762;3916;3893;831;
59;1;9597;L;1;4;;626;3868;3183;854;
59;1;258;L;1;4;;624;87;9686;854;
59;1;8645;L;1;4;;9522;626;3916;854;
59;1;3921;L;1;4;;1758;3796;3838;844;
59;1;5128;L;1;4;;3868;616;624;854;
59;1;8681;L;1;4;;2444;616;9521;854;
59;1;8685;L;1;4;;9521;2444;9558;854;
59;1;3208;L;7;0;;;616;461;854;
59;1;3371;L;7;0;;;616;64;854;
59;1;262;L;1;4;;616;9629;624;829;
59;1;4306;L;7;0;;;8565;8571;854;
59;1;4302;L;7;0;;;8565;8569;854;
59;1;4308;L;7;0;;;8569;8565;854;
59;1;3813;L;1;4;;3814;1735;74;834;
59;1;800;L;1;3;;1894;169;206;847;
59;1;8655;L;1;4;;9550;2445;9549;854;
59;1;8659;L;1;4;;9552;9550;479;829;
59;1;2102;L;1;4;;1823;1872;639;855;
59;1;5061;L;1;4;;1794;2297;48;834;
59;1;8997;L;1;4;;3824;3823;1866;848;
59;1;1150;L;7;0;;;642;215;831;
59;1;1144;L;7;0;;;642;42;831;
59;1;1209;L;7;0;;;642;80;831;
59;1;67;L;7;0;;;642;82;831;
59;1;1146;L;7;0;;;650;215;831;
59;1;1140;L;7;0;;;650;42;831;
59;1;377;L;1;3;;488;3762;136;831;
59;1;4523;L;7;0;;;291;80;839;
59;1;4355;L;7;0;;;291;82;839;
59;1;485;L;1;3;;291;658;3917;839;
59;1;924;L;1;4;;660;1898;169;847;
59;1;1712;L;1;4;;2475;1681;1672;847;
59;1;1741;L;1;4;;2475;1672;1675;847;
59;1;1748;L;1;4;;2475;1675;1680;847;
59;1;1788;L;1;4;;2475;1680;1681;847;
59;1;9306;L;1;4;;9938;1672;2477;847;
59;1;2110;L;1;4;;663;664;2475;847;
59;1;6782;L;1;4;;4242;3772;4214;847;
59;1;8677;L;1;4;;9554;9553;2444;854;
59;1;8481;L;7;0;;;206;9346;847;
59;1;8493;L;7;0;;;206;9350;847;
59;1;3234;L;7;0;;;206;461;847;
59;1;3393;L;7;0;;;206;64;847;
59;1;4288;L;7;0;;;206;8850;847;
59;1;4812;L;7;0;;;206;8920;847;
59;1;4794;L;7;0;;;206;8917;847;
59;1;4810;L;7;0;;;8985;8920;847;
59;1;4790;L;7;0;;;8985;8981;847;
59;1;4286;L;7;0;;;8549;2215;847;
59;1;4808;L;7;0;;;8989;8920;847;
59;1;4798;L;7;0;;;8989;8917;847;
59;1;4806;L;7;0;;;8989;8981;847;
59;1;3768;L;1;4;;2079;3803;616;829;
59;1;5656;L;1;4;;1954;1835;1993;856;
59;1;1256;L;7;0;;;3902;42;856;
59;1;5644;L;1;4;;3902;121;1954;856;
59;1;9487;L;1;4;;9320;4379;4990;840;
59;1;8894;L;1;4;;2161;1939;9634;847;
59;1;5239;L;1;4;;2274;2520;2253;831;
59;1;3840;L;1;4;;1967;35;2906;834;
59;1;2129;L;1;4;;675;2103;1840;830;
59;1;1457;L;7;0;;;678;179;830;
59;1;2133;L;1;4;;2234;2057;2205;831;
59;1;9053;L;1;4;;1821;590;285;855;
59;1;3881;L;1;4;;3829;1740;147;829;
59;1;3759;L;1;4;;3798;1856;2154;829;
59;1;6952;L;1;4;;3803;3836;3796;844;
59;1;7730;L;1;4;;2892;4556;4557;840;
59;1;5234;L;1;4;;2520;3762;136;831;
59;1;5747;L;1;4;;3623;152;3963;838;
59;1;4909;L;1;4;;9053;3762;185;839;
59;1;6247;L;1;4;;4098;4099;9216;847;
59;1;6681;L;1;4;;4206;4235;436;847;
59;1;9112;L;1;4;;9682;4153;4194;847;
59;1;5839;L;1;4;;4005;2380;4008;855;
59;1;6235;L;1;4;;2709;128;9216;847;
59;1;1666;L;7;0;;;2377;68;855;
59;1;7148;L;1;4;;4361;9567;4364;851;
59;1;7154;L;1;4;;4365;4364;4366;851;
59;1;3566;L;1;4;;685;686;130;847;
59;1;5528;L;1;4;;3937;88;3936;848;
59;1;7594;L;1;4;;4422;1500;4424;840;
59;1;7564;L;1;4;;4530;4518;1500;840;
59;1;7559;L;1;4;;4518;9308;2752;840;
59;1;8977;L;1;4;;2874;964;5604;833;
59;1;1215;L;7;0;;;215;41;839;
59;1;1236;L;7;0;;;215;210;856;
59;1;4438;L;7;0;;;215;1835;856;
59;1;1002;L;7;0;;;215;1961;833;
59;1;1006;L;7;0;;;215;220;833;
59;1;1162;L;7;0;;;215;29;831;
59;1;1232;L;7;0;;;215;1983;856;
59;1;1303;L;7;0;;;215;601;833;
59;1;1299;L;7;0;;;215;776;856;
59;1;1148;L;7;0;;;215;642;831;
59;1;1238;L;7;0;;;215;759;856;
59;1;1226;L;7;0;;;215;1950;856;
59;1;1154;L;7;0;;;215;136;831;
59;1;1200;L;7;0;;;215;786;839;
59;1;1166;L;7;0;;;215;790;831;
59;1;1168;L;7;0;;;215;792;831;
59;1;1170;L;7;0;;;215;794;839;
59;1;1258;L;7;0;;;215;788;856;
59;1;1272;L;7;0;;;215;798;856;
59;1;1274;L;7;0;;;215;800;856;
59;1;1276;L;7;0;;;215;802;856;
59;1;8;L;1;1;;1788;479;805;829;
59;1;95;L;7;0;;;808;807;856;
59;1;1203;L;7;0;;;808;719;831;
59;1;4164;L;7;0;;;8419;9129;833;
59;1;4166;L;7;0;;;8419;64;833;
59;1;4168;L;7;0;;;810;64;833;
59;1;4330;L;7;0;;;810;485;847;
59;1;3013;L;7;0;;;810;811;833;
59;1;1260;L;7;0;;;42;157;856;
59;1;1004;L;7;0;;;42;220;833;
59;1;1152;L;7;0;;;42;642;831;
59;1;1244;L;7;0;;;42;819;856;
59;1;1230;L;7;0;;;42;1950;856;
59;1;3134;L;7;0;;;42;9129;833;
59;1;3300;L;7;0;;;42;64;833;
59;1;1211;L;7;0;;;42;1839;839;
59;1;1285;L;7;0;;;42;1957;856;
59;1;1222;L;7;0;;;42;89;830;
59;1;1160;L;7;0;;;42;136;831;
59;1;1178;L;7;0;;;42;790;839;
59;1;1180;L;7;0;;;42;837;831;
59;1;1182;L;7;0;;;42;794;831;
59;1;4334;L;7;0;;;42;8598;847;
59;1;3017;L;7;0;;;42;798;856;
59;1;1283;L;7;0;;;42;802;856;
59;1;1280;L;7;0;;;42;847;856;
59;1;5272;L;1;4;;3780;3893;291;839;
59;1;3120;L;7;0;;;848;461;833;
59;1;3742;L;1;4;;1769;72;1858;854;
59;1;3738;L;1;4;;3357;2222;1769;854;
59;1;5480;L;1;4;;2851;1721;40;839;
59;1;425;L;1;4;;1840;2297;39;829;
59;1;4218;L;7;0;;;1701;8461;847;
59;1;4216;L;7;0;;;1701;8481;847;
59;1;6122;L;1;4;;3736;4067;9166;847;
59;1;4348;L;7;0;;;2518;185;839;
59;1;4338;L;7;0;;;8600;80;847;
59;1;4342;L;7;0;;;8600;8603;847;
59;1;4346;L;7;0;;;8600;8608;847;
59;1;8312;L;1;4;;3773;1897;151;847;
59;1;8307;L;1;4;;2736;1895;1897;847;
59;1;4569;L;1;4;;125;3914;1732;830;
59;1;6240;L;1;4;;4096;2194;188;847;
59;1;8192;L;2;1;;1822;;;829;
59;1;8527;L;7;0;;;9346;9436;847;
59;1;8479;L;7;0;;;9346;2319;847;
59;1;8495;L;7;0;;;9346;206;847;
59;1;8509;L;7;0;;;9346;9368;847;
59;1;8497;L;7;0;;;9346;1847;847;
59;1;8535;L;7;0;;;9346;2336;847;
59;1;8513;L;7;0;;;9350;9371;847;
59;1;8505;L;7;0;;;9350;9430;847;
59;1;8525;L;7;0;;;9350;9382;847;
59;1;8489;L;7;0;;;9350;2319;847;
59;1;8529;L;7;0;;;9350;9387;847;
59;1;8491;L;7;0;;;9350;9356;847;
59;1;1341;L;7;0;;;80;157;838;
59;1;1353;L;7;0;;;80;121;848;
59;1;1371;L;7;0;;;80;1866;848;
59;1;4500;L;7;0;;;80;8801;847;
59;1;1207;L;7;0;;;80;642;831;
59;1;4352;L;7;0;;;80;291;839;
59;1;4424;L;7;0;;;80;151;847;
59;1;1329;L;7;0;;;80;152;855;
59;1;1425;L;7;0;;;80;2523;854;
59;1;1415;L;7;0;;;80;262;854;
59;1;1365;L;7;0;;;80;1745;848;
59;1;1409;L;7;0;;;80;2530;834;
59;1;1399;L;7;0;;;80;712;834;
59;1;1357;L;7;0;;;80;714;848;
59;1;1337;L;7;0;;;80;1744;838;
59;1;4534;L;7;0;;;80;185;839;
59;1;1319;L;7;0;;;80;1874;855;
59;1;69;L;7;0;;;719;1859;831;
59;1;1071;L;7;0;;;82;75;854;
59;1;1067;L;7;0;;;82;71;854;
59;1;1355;L;7;0;;;82;238;848;
59;1;1313;L;7;0;;;82;285;855;
59;1;1349;L;7;0;;;82;121;856;
59;1;1325;L;7;0;;;82;468;855;
59;1;1367;L;7;0;;;82;1866;848;
59;1;1419;L;7;0;;;82;624;854;
59;1;4498;L;7;0;;;82;8801;847;
59;1;1142;L;7;0;;;82;642;831;
59;1;4340;L;7;0;;;82;169;847;
59;1;1429;L;7;0;;;82;2522;854;
59;1;1411;L;7;0;;;82;262;834;
59;1;1359;L;7;0;;;82;1745;848;
59;1;1373;L;7;0;;;82;2533;834;
59;1;1345;L;7;0;;;82;2010;856;
59;1;1431;L;7;0;;;82;184;831;
59;1;1377;L;7;0;;;82;712;834;
59;1;1339;L;7;0;;;82;1996;838;
59;1;1437;L;7;0;;;82;185;839;
59;1;1315;L;7;0;;;82;1874;855;
59;1;1248;L;7;0;;;759;215;856;
59;1;1246;L;7;0;;;759;42;856;
59;1;4356;L;7;0;;;8621;810;831;
59;1;5602;L;1;4;;105;2392;1872;855;
59;1;5843;L;1;4;;2378;4008;4006;855;
59;1;766;L;1;3;;856;1872;103;855;
59;1;8273;L;1;4;;9205;9207;3817;844;
59;1;6404;L;1;4;;4119;4117;2315;847;
59;1;779;L;1;4;;1743;1744;56;848;
59;1;5571;L;1;4;;3952;3951;156;838;
59;1;8555;L;7;0;;;9404;9405;850;
59;1;5444;L;1;4;;3920;1914;1915;839;
59;1;6413;L;1;4;;4106;2336;4127;847;
59;1;2138;L;1;4;;590;167;570;829;
59;1;8874;L;1;4;;3759;3796;237;844;
59;1;5339;L;1;4;;3905;1744;1957;856;
59;1;8227;L;1;4;;9192;3514;3813;844;
59;1;3735;L;1;4;;3793;2005;72;854;
59;1;1870;L;1;4;;1672;866;2475;847;
59;1;6260;L;1;4;;1896;3789;2708;847;
59;1;4506;L;7;0;;;8812;8672;847;
59;1;4504;L;7;0;;;8809;8669;847;
59;1;4434;L;7;0;;;151;82;847;
59;1;560;L;1;4;;151;169;3765;847;
59;1;539;L;1;4;;169;1846;2477;847;
59;1;4336;L;7;0;;;8603;8600;847;
59;1;4344;L;7;0;;;8608;8600;847;
59;1;8501;L;7;0;;;9364;9346;847;
59;1;6331;L;1;4;;3789;1894;2700;847;
59;1;4772;L;7;0;;;1893;8917;847;
59;1;6129;L;1;4;;1893;4069;169;847;
59;1;5268;L;1;4;;2331;3892;124;829;
59;1;7686;L;1;4;;4538;8915;4477;840;
59;1;5325;L;1;4;;2541;3901;2181;856;
59;1;5515;L;1;4;;3934;1743;1745;848;
59;1;8738;L;1;4;;3915;3886;9577;839;
59;1;6301;L;1;4;;4108;2709;130;847;
59;1;9283;L;7;0;;;2350;341;848;
59;1;2303;L;1;4;;1740;46;514;829;
59;1;8188;L;1;4;;4229;4586;4227;847;
59;1;3797;L;1;4;;3809;1761;3355;854;
59;1;5359;L;1;4;;1765;261;3355;854;
59;1;3748;L;1;4;;2003;237;1765;854;
59;1;6529;L;1;4;;4151;2315;1272;847;
59;1;9457;L;1;4;;3933;3932;159;838;
59;1;3959;L;1;4;;3815;2086;1716;834;
59;1;7724;L;1;4;;4483;3502;4558;840;
59;1;3873;L;1;4;;3825;547;3827;829;
59;1;5510;L;1;4;;3145;1835;172;829;
59;1;5409;L;1;4;;3886;3792;3915;829;
59;1;5483;L;1;4;;3927;2010;2011;856;
59;1;1510;L;7;0;;;1880;117;838;
59;1;911;L;1;4;;1880;152;275;838;
59;1;7185;L;1;4;;4354;4381;9472;851;
59;1;418;L;1;4;;2247;462;39;839;
59;1;2156;L;1;4;;2040;2039;899;839;
59;1;8389;L;1;4;;9220;2040;1672;829;
59;1;7182;L;1;4;;4344;4343;4381;851;
59;1;8417;L;1;4;;9224;122;3997;855;
59;1;8694;L;1;4;;3916;9522;1859;829;
59;1;7143;L;1;4;;4358;4357;9567;851;
59;1;7131;L;1;4;;4350;9474;10054;851;
59;1;7136;L;1;4;;4352;10054;4357;851;
59;1;6532;L;1;4;;4152;2315;1272;847;
59;1;6319;L;1;4;;1900;1898;4093;847;
59;1;882;L;1;4;;1926;136;29;831;
59;1;1427;L;7;0;;;2522;80;854;
59;1;504;L;1;4;;2522;136;1859;831;
59;1;887;L;1;4;;2235;29;2205;831;
59;1;8691;L;1;4;;9558;9521;3916;854;
59;1;9451;L;1;4;;10024;9156;71;854;
59;1;9596;L;1;4;;2805;479;1847;847;
59;1;3377;L;7;0;;;911;64;847;
59;1;5466;L;1;4;;3925;183;2039;839;
59;1;5964;L;1;4;;4020;114;94;829;
59;1;7196;L;1;4;;4387;4382;4384;851;
59;1;7192;L;1;4;;9474;4345;4382;851;
59;1;7744;L;1;4;;4563;4557;4558;840;
59;1;5713;L;1;4;;3983;172;3984;838;
59;1;2164;L;1;4;;1729;2103;90;829;
59;1;2173;L;1;4;;1927;327;2103;831;
59;1;6308;L;1;4;;1899;3789;2709;847;
59;1;1073;L;7;0;;;356;60;854;
59;1;1075;L;7;0;;;356;78;854;
59;1;4326;L;7;0;;;8594;8590;854;
59;1;4328;L;7;0;;;8594;8584;854;
59;1;4320;L;7;0;;;8588;86;854;
59;1;4322;L;7;0;;;8588;8590;854;
59;1;4324;L;7;0;;;8588;8584;854;
59;1;3218;L;7;0;;;1846;461;847;
59;1;3381;L;7;0;;;1846;64;847;
59;1;4734;L;7;0;;;1846;8920;847;
59;1;4736;L;7;0;;;1846;8917;847;
59;1;2299;L;1;4;;9191;2154;616;854;
59;1;4693;L;1;1;;8916;1760;3791;829;
59;1;4696;L;7;0;;;2080;8917;854;
59;1;2295;L;1;4;;2080;1855;2154;829;
59;1;9186;L;1;4;;9730;9206;9203;844;
59;1;7033;L;1;4;X632;4187;458;4309;847;
59;1;7157;L;1;4;;4366;4365;3785;851;
59;1;4152;L;1;4;;3785;4278;4366;829;
59;1;9075;L;7;0;;;2315;8912;847;
59;1;9077;L;7;0;;;2315;8912;847;
59;1;3399;L;7;0;;;2315;64;847;
59;1;4386;L;7;0;;;8674;8672;847;
59;1;4388;L;7;0;;;8490;8669;847;
59;1;8254;L;1;4;;9203;2084;9201;844;
59;1;8260;L;1;4;;9206;3726;9207;844;
59;1;8263;L;1;4;;9207;9206;46;844;
59;1;3196;L;7;0;;;1260;461;844;
59;1;6902;L;1;4;;4268;392;2940;844;
59;1;4310;L;7;0;;;3836;64;844;
59;1;7803;L;1;4;;4553;4482;4560;840;
59;1;8938;L;1;4;;9439;4312;8915;847;
59;1;3776;L;1;4;;2445;2154;616;854;
59;1;211;L;1;4;;1731;1840;9984;830;
59;1;1192;L;7;0;;;2675;641;831;
59;1;890;L;1;4;;2675;2205;1840;829;
59;1;4933;L;1;4;;9059;9061;9166;847;
59;1;4596;L;1;4;;9166;9169;1894;847;
59;1;528;L;1;3;;1898;1680;3774;847;
59;1;5799;L;1;4;;4003;2378;2380;855;
59;1;5848;L;1;4;;3695;4003;4006;855;
59;1;8961;L;1;4;;4137;1932;2030;847;
59;1;9496;L;1;4;;3966;1983;2182;848;
59;1;6053;L;1;4;;3776;805;2874;833;
59;1;5046;L;1;4;;2090;74;48;834;
59;1;5042;L;1;4;;3275;224;2090;834;
59;1;5666;L;1;4;;1995;3642;114;838;
59;1;6851;L;1;4;;3739;392;229;844;
59;1;5250;L;1;4;;3888;136;3889;831;
59;1;5229;L;1;4;;3883;3884;29;831;
59;1;2180;L;1;4;;172;125;2544;838;
59;1;2188;L;1;4;;1722;124;125;839;
59;1;629;L;1;4;;152;2014;275;829;
59;1;9310;L;1;4;;9941;152;9942;855;
59;1;5610;L;1;4;;2022;275;1785;829;
59;1;7117;L;1;4;;4341;4342;4333;851;
59;1;7120;L;1;4;;4343;9988;4342;851;
59;1;9239;L;7;0;;;9196;9197;844;
59;1;9241;L;7;0;;;9196;9868;844;
59;1;8240;L;1;1;;9196;9123;9197;829;
59;1;8557;L;7;0;;;9407;9404;850;
59;1;9237;L;7;0;;;9887;9197;844;
59;1;3968;L;1;4;;2911;3817;46;834;
59;1;2316;L;1;4;;961;1760;963;855;
59;1;5038;L;1;4;;228;262;74;829;
59;1;6802;L;1;4;;4245;4248;4244;844;
59;1;8185;L;1;4;;4585;4586;4583;847;
59;1;7453;L;1;4;;3775;1454;46;834;
59;1;6577;L;1;4;;4166;9989;1933;847;
59;1;7712;L;1;4;;4556;4477;3851;840;
59;1;6417;L;1;4;;4128;2336;4129;847;
59;1;9062;L;1;4;;4180;9657;458;847;
59;1;9059;L;1;4;;9657;4180;4176;847;
59;1;9478;L;1;4;;3892;3891;2331;831;
59;1;5204;L;1;4;;3476;327;3873;854;
59;1;3294;L;7;0;;;964;9129;833;
59;1;3124;L;7;0;;;964;461;833;
59;1;3290;L;7;0;;;964;64;833;
59;1;1878;L;1;3;;964;971;972;833;
59;1;3140;L;7;0;;;973;461;833;
59;1;5432;L;1;4;;3884;1926;136;831;
59;1;8383;L;1;4;;3912;89;3936;830;
59;1;5518;L;1;4;;3935;56;1745;848;
59;1;4204;L;7;0;;;4216;8461;847;
59;1;6762;L;1;4;;4216;4190;4235;847;
59;1;4868;L;7;0;;;131;9015;847;
59;1;9036;L;1;4;;9654;9343;1890;838;
59;1;8983;L;1;4;;885;2350;2351;833;
59;1;3599;L;1;4;;978;3789;169;847;
59;1;4916;L;1;4;;9976;9972;9166;847;
59;1;9039;L;1;4;;4093;1899;151;847;
59;1;2115;L;1;4;;58;9569;56;848;
59;1;5575;L;1;4;;3954;3941;156;838;
59;1;5721;L;1;4;;3985;1880;3623;838;
59;1;2194;L;1;4;;31;2011;988;856;
59;1;190;L;1;4;;2051;102;1788;856;
59;1;1234;L;7;0;;;1950;215;856;
59;1;1224;L;7;0;;;1950;42;856;
59;1;195;L;1;4;;1950;1788;2011;856;
59;1;1599;L;7;0;;;1968;66;834;
59;1;719;L;1;4;;1968;1760;2297;834;
59;1;3334;L;7;0;;;37;64;834;
59;1;2346;L;1;4;;37;3775;35;834;
59;1;8565;L;7;0;;;9415;9416;844;
59;1;5543;L;1;4;;3939;3940;32;838;
59;1;5486;L;1;4;;3110;2011;108;829;
59;1;1421;L;7;0;;;2524;80;854;
59;1;5116;L;1;4;;2524;624;327;854;
59;1;3793;L;1;4;;1777;1764;71;854;
59;1;3784;L;1;4;;3544;3807;1764;829;
59;1;6066;L;1;4;;2871;9570;4055;833;
59;1;6060;L;1;4;;2870;9689;2921;833;
59;1;8728;L;1;4;;4262;4261;4263;847;
59;1;5943;L;1;4;;4028;1790;3395;833;
59;1;9463;L;1;4;;10032;485;9501;847;
59;1;1014;L;7;0;;;2872;93;833;
59;1;2197;L;1;3;;2872;1014;9318;833;
59;1;3891;L;1;4;;1746;3832;2307;829;
59;1;7633;L;1;4;;4547;4546;4548;840;
59;1;7636;L;1;4;;4549;4548;4534;840;
59;1;8453;L;7;0;;;9129;9201;834;
59;1;8447;L;7;0;;;9129;46;834;
59;1;9207;L;7;0;;;9129;341;848;
59;1;9205;L;7;0;;;9129;1116;847;
59;1;4856;L;7;0;;;9129;9015;847;
59;1;4842;L;7;0;;;9129;9004;847;
59;1;3138;L;7;0;;;9129;42;833;
59;1;8459;L;7;0;;;9129;37;834;
59;1;9209;L;7;0;;;9790;341;848;
59;1;4360;L;7;0;;;8629;8630;847;
59;1;3164;L;7;0;;;461;2752;840;
59;1;3190;L;7;0;;;461;59;844;
59;1;3152;L;7;0;;;461;174;833;
59;1;3447;L;7;0;;;461;202;847;
59;1;3194;L;7;0;;;461;229;844;
59;1;3206;L;7;0;;;461;1856;844;
59;1;3204;L;7;0;;;461;1032;844;
59;1;3158;L;7;0;;;461;341;848;
59;1;3200;L;7;0;;;461;86;844;
59;1;3232;L;7;0;;;461;4983;847;
59;1;4466;L;7;0;;;461;8764;840;
59;1;3182;L;7;0;;;461;2084;844;
59;1;4446;L;7;0;;;461;8729;844;
59;1;3148;L;7;0;;;461;4058;833;
59;1;3180;L;7;0;;;461;9132;834;
59;1;3248;L;7;0;;;461;441;847;
59;1;4206;L;7;0;;;461;8463;847;
59;1;3272;L;7;0;;;461;1050;847;
59;1;3214;L;7;0;;;461;8939;847;
59;1;3282;L;7;0;;;461;1931;847;
59;1;3256;L;7;0;;;461;516;847;
59;1;3170;L;7;0;;;461;4990;840;
59;1;3260;L;7;0;;;461;558;847;
59;1;3240;L;7;0;;;461;580;847;
59;1;3280;L;7;0;;;461;608;847;
59;1;3252;L;7;0;;;461;2319;847;
59;1;4376;L;7;0;;;461;8630;847;
59;1;3210;L;7;0;;;461;616;854;
59;1;3236;L;7;0;;;461;206;847;
59;1;3136;L;7;0;;;461;215;833;
59;1;3216;L;7;0;;;461;911;847;
59;1;3220;L;7;0;;;461;1846;847;
59;1;3132;L;7;0;;;461;964;833;
59;1;3142;L;7;0;;;461;973;833;
59;1;3174;L;7;0;;;461;37;834;
59;1;3186;L;7;0;;;461;262;844;
59;1;4454;L;7;0;;;461;2297;844;
59;1;3228;L;7;0;;;461;1847;847;
59;1;3126;L;7;0;;;461;93;833;
59;1;3244;L;7;0;;;461;9152;847;
59;1;3620;L;7;0;;;461;1090;833;
59;1;3276;L;7;0;;;461;1932;847;
59;1;3160;L;7;0;;;461;514;848;
59;1;3268;L;7;0;;;461;458;847;
59;1;4365;L;7;0;;;8464;8634;847;
59;1;4488;L;7;0;;;8783;8786;833;
59;1;4484;L;7;0;;;8783;8781;833;
59;1;4492;L;7;0;;;8792;8781;833;
59;1;4494;L;7;0;;;8790;8786;833;
59;1;8455;L;7;0;;;50;9201;834;
59;1;4852;L;7;0;;;50;8912;847;
59;1;4840;L;7;0;;;50;9004;847;
59;1;4971;L;7;0;;;50;9019;847;
59;1;3322;L;7;0;;;64;2752;840;
59;1;4474;L;7;0;;;64;51;840;
59;1;3347;L;7;0;;;64;59;844;
59;1;3312;L;7;0;;;64;174;833;
59;1;3443;L;7;0;;;64;202;847;
59;1;3351;L;7;0;;;64;229;844;
59;1;3429;L;7;0;;;64;270;847;
59;1;3363;L;7;0;;;64;1856;844;
59;1;3336;L;7;0;;;64;328;834;
59;1;9203;L;7;0;;;64;341;848;
59;1;3316;L;7;0;;;64;1116;848;
59;1;3357;L;7;0;;;64;9124;844;
59;1;3355;L;7;0;;;64;9131;844;
59;1;3387;L;7;0;;;64;4983;847;
59;1;3306;L;7;0;;;64;4058;833;
59;1;3405;L;7;0;;;64;436;847;
59;1;3433;L;7;0;;;64;1050;847;
59;1;3332;L;7;0;;;64;1130;834;
59;1;3302;L;7;0;;;64;971;833;
59;1;3413;L;7;0;;;64;516;847;
59;1;3326;L;7;0;;;64;1120;840;
59;1;3328;L;7;0;;;64;1122;840;
59;1;3417;L;7;0;;;64;558;847;
59;1;3391;L;7;0;;;64;2215;847;
59;1;3361;L;7;0;;;64;1855;844;
59;1;3439;L;7;0;;;64;608;847;
59;1;3409;L;7;0;;;64;2319;847;
59;1;3369;L;7;0;;;64;616;854;
59;1;3296;L;7;0;;;64;215;833;
59;1;3298;L;7;0;;;64;42;833;
59;1;3122;L;7;0;;;64;848;833;
59;1;3373;L;7;0;;;64;911;847;
59;1;3379;L;7;0;;;64;1846;847;
59;1;3397;L;7;0;;;64;2315;847;
59;1;4224;L;7;0;;;64;8490;847;
59;1;4312;L;7;0;;;64;3836;844;
59;1;3292;L;7;0;;;64;964;833;
59;1;3284;L;7;0;;;64;2872;833;
59;1;3622;L;7;0;;;64;1164;833;
59;1;3343;L;7;0;;;64;262;844;
59;1;3338;L;7;0;;;64;2103;834;
59;1;4444;L;7;0;;;64;9063;844;
59;1;3383;L;7;0;;;64;1847;847;
59;1;3401;L;7;0;;;64;9152;847;
59;1;3435;L;7;0;;;64;1932;847;
59;1;3421;L;7;0;;;64;1760;847;
59;1;3425;L;7;0;;;64;458;847;
59;1;4362;L;7;0;;;8468;8634;847;
59;1;4174;L;7;0;;;8850;8432;833;
59;1;4222;L;7;0;;;8850;2315;847;
59;1;8449;L;7;0;;;203;46;834;
59;1;4832;L;7;0;;;203;8912;847;
59;1;4854;L;7;0;;;203;9015;847;
59;1;4834;L;7;0;;;203;9004;847;
59;1;4184;L;7;0;;;9083;121;833;
59;1;7630;L;1;4;;4545;4540;4546;840;
59;1;9522;L;1;4;;9943;159;2014;829;
59;1;9313;L;1;4;;9943;3897;166;829;
59;1;1745;L;1;4;;2055;327;29;854;
59;1;1423;L;7;0;;;2523;82;854;
59;1;5122;L;1;4;;2523;9548;327;854;
59;1;8986;L;1;4;;1726;1794;44;829;
59;1;5330;L;1;4;;1999;2181;1958;856;
59;1;4901;L;1;4;;9057;9053;3893;839;
59;1;1213;L;7;0;;;1839;215;839;
59;1;5370;L;1;4;;1839;2205;2247;829;
59;1;3964;L;1;4;;3818;35;10074;829;
59;1;6706;L;1;4;;4210;4211;436;847;
59;1;9425;L;1;4;;9274;4224;10019;847;
59;1;6269;L;1;4;;1897;169;2708;847;
59;1;6265;L;1;4;;2697;3789;1897;847;
59;1;9428;L;1;4;;9732;9203;70;844;
59;1;8571;L;7;0;;;9421;9422;844;
59;1;7734;L;1;4;;4561;4557;4559;840;
59;1;5112;L;1;4;;3867;1796;74;854;
59;1;7210;L;1;4;;4383;4391;3516;851;
59;1;1891;L;1;3;;1193;3088;122;838;
59;1;9539;L;1;3;;10050;3088;10051;838;
59;1;9277;L;7;0;;;1957;341;833;
59;1;1295;L;7;0;;;1957;215;856;
59;1;1264;L;7;0;;;1957;42;856;
59;1;9527;L;1;3;;10049;55;3088;829;
59;1;9509;L;1;4;;4018;3088;1957;856;
59;1;5187;L;1;4;;2203;113;1726;830;
59;1;5141;L;1;4;;2058;327;29;854;
59;1;1723;L;1;4;;1203;29;113;829;
59;1;622;L;1;4;;2014;1242;4016;838;
59;1;5096;L;1;4;;3864;73;2222;854;
59;1;1413;L;7;0;;;262;80;834;
59;1;1417;L;7;0;;;262;82;854;
59;1;3184;L;7;0;;;262;461;844;
59;1;3345;L;7;0;;;262;64;844;
59;1;1587;L;7;0;;;262;66;844;
59;1;1585;L;7;0;;;262;68;854;
59;1;6457;L;1;4;;2714;151;4137;847;
59;1;6186;L;1;4;;4086;1939;4088;847;
59;1;3262;L;7;0;;;2703;461;847;
59;1;163;L;1;1;;2703;9159;9129;829;
59;1;4508;L;7;0;;;8669;8812;847;
59;1;4384;L;7;0;;;8669;2315;847;
59;1;4396;L;7;0;;;8669;2030;847;
59;1;4394;L;7;0;;;8669;1932;847;
59;1;4419;L;7;0;;;8701;8705;847;
59;1;4410;L;7;0;;;8685;8669;847;
59;1;4408;L;7;0;;;8685;8672;847;
59;1;4398;L;7;0;;;8685;8686;847;
59;1;4412;L;7;0;;;8685;8691;847;
59;1;4422;L;7;0;;;8707;8686;847;
59;1;4404;L;7;0;;;8707;8691;847;
59;1;4390;L;7;0;;;8672;4141;847;
59;1;4502;L;7;0;;;8672;8809;847;
59;1;4402;L;7;0;;;8672;8685;847;
59;1;4414;L;7;0;;;8697;8699;847;
59;1;4416;L;7;0;;;8699;8701;847;
59;1;5795;L;1;4;;3998;475;2862;855;
59;1;5378;L;1;4;;3139;1802;88;830;
59;1;5375;L;1;4;;3870;2200;3139;830;
59;1;5773;L;1;4;;3996;3997;3999;855;
59;1;5502;L;1;4;;2845;2012;161;838;
59;1;1361;L;7;0;;;1745;80;848;
59;1;1363;L;7;0;;;1745;82;848;
59;1;695;L;1;4;;1802;1726;1782;829;
59;1;9469;L;1;4;;10025;1839;462;839;
59;1;1375;L;7;0;;;2533;80;834;
59;1;3851;L;1;4;;2533;73;2297;834;
59;1;5548;L;1;4;;3941;166;3946;838;
59;1;5903;L;1;4;;3971;1712;1953;856;
59;1;445;L;1;4;;2010;1242;1953;856;
59;1;338;L;1;4;;184;3893;124;839;
59;1;4606;L;1;4;;8910;3734;3778;829;
59;1;1455;L;7;0;;;39;179;839;
59;1;438;L;1;4;;39;124;1242;829;
59;1;9502;L;1;4;;10028;172;1996;838;
59;1;5277;L;1;4;;1805;1840;90;829;
59;1;9118;L;1;4;;9312;9059;3736;847;
59;1;5525;L;1;4;;3936;3937;3912;829;
59;1;6154;L;1;4;;4074;4072;1893;847;
59;1;9404;L;1;4;;10015;4446;9123;850;
59;1;8700;L;1;4;;127;2270;485;847;
59;1;8898;L;1;4;;9634;2160;4086;847;
59;1;7623;L;1;4;;4490;4482;3502;840;
59;1;6833;L;1;4;;4258;4257;1703;847;
59;1;1593;L;7;0;;;1716;68;834;
59;1;3833;L;1;4;;1716;2086;2297;834;
59;1;3830;L;1;4;;3817;9199;2086;829;
59;1;5554;L;1;4;;3944;2855;3941;838;
59;1;9148;L;1;4;;9695;1866;887;829;
59;1;5213;L;1;4;;3879;2232;3880;829;
59;1;5209;L;1;4;;2232;327;29;854;
59;1;5716;L;1;4;;3953;3984;3985;838;
59;1;1910;L;1;3;;277;275;3779;855;
59;1;5199;L;1;4;;3669;87;3476;854;
59;1;8733;L;1;4;;3151;3780;658;829;
59;1;508;L;1;4;;1858;658;1768;829;
59;1;7796;L;1;4;;4560;4550;4553;840;
59;1;3602;L;1;4;;2182;514;121;848;
59;1;5950;L;1;4;;4029;2302;4028;833;
59;1;7469;L;1;4;;4495;4507;8321;850;
59;1;7472;L;1;4;;4507;4495;9961;850;
59;1;5580;L;1;4;;3956;152;1812;838;
59;1;4559;L;1;3;;9580;8871;8340;851;
59;1;9499;L;1;4;X106;3981;3846;121;833;
59;1;1407;L;7;0;;;2530;82;834;
59;1;3704;L;1;4;;2530;2297;2094;834;
59;1;5507;L;1;4;;1885;165;10055;838;
59;1;9525;L;1;4;;9343;2477;3946;829;
59;1;3550;L;1;4;;1270;687;1272;847;
59;1;4556;L;1;3;;8871;9692;9580;851;
59;1;6090;L;1;4;;4052;3502;9581;840;
59;1;5764;L;1;4;;3994;3993;114;838;
59;1;5755;L;1;4;;3987;1996;1193;838;
59;1;5760;L;1;4;;3992;1193;3993;838;
59;1;6829;L;1;4;;4257;4983;3772;847;
59;1;9384;L;1;4;;4461;9131;4339;851;
59;1;4553;L;1;3;;8869;8340;9692;851;
59;1;9460;L;1;4;;1717;2086;35;834;
59;1;1220;L;7;0;;;89;215;830;
59;1;5383;L;1;4;;89;1726;39;829;
59;1;6845;L;1;4;;1755;3739;262;844;
59;1;5147;L;1;4;;3869;29;113;854;
59;1;5057;L;1;4;;3863;1793;3278;834;
59;1;9170;L;1;4;X384;3322;4296;2315;847;
59;1;9410;L;1;4;;4294;4983;10017;847;
59;1;9445;L;1;4;;10023;74;3865;854;
59;1;1158;L;7;0;;;136;215;831;
59;1;1156;L;7;0;;;136;42;831;
59;1;490;L;1;3;;136;1926;658;829;
59;1;9397;L;1;4;;10013;9132;10014;851;
59;1;9049;L;1;4;;1816;1874;1875;855;
59;1;9359;L;1;4;;9972;9166;1846;847;
59;1;6103;L;1;4;;3734;1846;9599;847;
59;1;4524;L;7;0;;;124;10068;839;
59;1;287;L;1;3;;124;1732;528;829;
59;1;525;L;1;3;;1680;1721;1898;829;
59;1;102;L;7;0;;;179;323;834;
59;1;1477;L;7;0;;;179;227;834;
59;1;4540;L;7;0;;;179;8846;834;
59;1;1463;L;7;0;;;179;113;830;
59;1;1465;L;7;0;;;179;2200;834;
59;1;1473;L;7;0;;;179;1796;834;
59;1;1393;L;7;0;;;179;1794;834;
59;1;1186;L;7;0;;;179;2675;831;
59;1;4538;L;7;0;;;179;461;834;
59;1;4452;L;7;0;;;179;64;834;
59;1;4462;L;7;0;;;179;2297;834;
59;1;1198;L;7;0;;;179;790;839;
59;1;1174;L;7;0;;;179;1305;839;
59;1;1172;L;7;0;;;179;1307;839;
59;1;1405;L;7;0;;;179;712;834;
59;1;1395;L;7;0;;;179;1311;834;
59;1;1381;L;7;0;;;179;1313;834;
59;1;1389;L;7;0;;;2103;1315;834;
59;1;3178;L;7;0;;;2103;461;834;
59;1;4536;L;7;0;;;2103;64;834;
59;1;1487;L;7;0;;;2103;326;834;
59;1;7;L;1;1;;2103;1321;1722;829;
59;1;4526;L;7;0;;;1350;40;839;
59;1;1453;L;7;0;;;641;1326;839;
59;1;1483;L;7;0;;;641;227;834;
59;1;4442;L;7;0;;;641;8729;834;
59;1;4460;L;7;0;;;641;8749;834;
59;1;1459;L;7;0;;;641;2234;830;
59;1;3451;L;7;0;;;641;39;839;
59;1;73;L;7;0;;;641;124;839;
59;1;1190;L;7;0;;;641;790;831;
59;1;1188;L;7;0;;;641;1305;831;
59;1;1196;L;7;0;;;641;1307;831;
59;1;104;L;7;0;;;641;712;834;
59;1;1385;L;7;0;;;641;1311;834;
59;1;1383;L;7;0;;;641;1313;834;
59;1;71;L;7;0;;;1323;1324;839;
59;1;4530;L;7;0;;;8839;641;834;
59;1;1469;L;7;0;;;1347;2200;834;
59;1;105;L;7;0;;;2297;1350;834;
59;1;1485;L;7;0;;;2297;641;834;
59;1;307;L;1;3;;2297;2084;2205;829;
59;1;298;L;1;3;;2205;113;530;829;
59;1;1176;L;7;0;;;790;215;839;
59;1;1194;L;7;0;;;790;42;831;
59;1;1184;L;7;0;;;790;179;831;
59;1;75;L;7;0;;;790;641;839;
59;1;8372;L;1;4;;3911;89;1781;830;
59;1;1379;L;7;0;;;712;80;834;
59;1;1397;L;7;0;;;712;82;834;
59;1;1401;L;7;0;;;712;179;834;
59;1;1403;L;7;0;;;712;641;834;
59;1;5640;L;1;4;;788;1835;1993;856;
59;1;5631;L;1;4;;3899;3966;2181;848;
59;1;5636;L;1;4;;2181;121;1835;856;
59;1;9243;L;7;0;;;9198;9197;844;
59;1;9245;L;7;0;;;9198;9868;844;
59;1;8243;L;1;1;;9198;9197;9199;844;
59;1;5979;L;1;4;;4022;114;4033;829;
59;1;3274;L;7;0;;;2030;461;847;
59;1;4406;L;7;0;;;8686;8685;847;
59;1;4420;L;7;0;;;8691;8685;847;
59;1;3226;L;7;0;;;1381;461;847;
59;1;8499;L;7;0;;;1847;9350;847;
59;1;3222;L;7;0;;;1847;461;847;
59;1;3385;L;7;0;;;1847;64;847;
59;1;4290;L;7;0;;;1847;8553;847;
59;1;4768;L;7;0;;;1847;8920;847;
59;1;4746;L;7;0;;;1847;8954;847;
59;1;4766;L;7;0;;;8556;8920;847;
59;1;4748;L;7;0;;;8556;8917;847;
59;1;3224;L;7;0;;;1390;461;847;
59;1;4300;L;7;0;;;1390;64;847;
59;1;4296;L;7;0;;;1390;8556;847;
59;1;4292;L;7;0;;;1390;8559;847;
59;1;4294;L;7;0;;;8853;8556;847;
59;1;4298;L;7;0;;;8559;8553;847;
59;1;4764;L;7;0;;;8559;8920;847;
59;1;4760;L;7;0;;;8559;8917;847;
59;1;4762;L;7;0;;;8559;8954;847;
59;1;8541;L;7;0;;;2336;9350;847;
59;1;8539;L;7;0;;;9389;1822;847;
59;1;8531;L;7;0;;;9389;9346;847;
59;1;8537;L;7;0;;;9389;9350;847;
59;1;8533;L;7;0;;;9387;9350;847;
59;1;4776;L;7;0;;;439;8920;847;
59;1;24;L;1;4;;1872;9977;570;829;
59;1;4564;L;1;4;;2269;479;3735;847;
59;1;5032;L;1;4;;3860;262;74;844;
59;1;4332;L;7;0;;;485;8419;847;
59;1;774;L;1;4;;485;9169;1846;847;
59;1;4675;L;1;4;;8598;485;9212;847;
59;1;8290;L;1;4;;9169;1760;9166;847;
59;1;9361;L;1;4;;9993;9169;479;847;
59;1;8742;L;1;4;;9212;8598;9169;847;
59;1;7703;L;1;4;;4487;9585;4550;840;
59;1;5074;L;1;4;;2092;74;1716;834;
59;1;8218;L;1;4;;1973;3839;2092;829;
59;1;7609;L;1;4;;4476;4425;4490;840;
59;1;5521;L;1;4;;90;1728;88;848;
59;1;5319;L;1;4;;2183;1983;1999;829;
59;1;5109;L;1;4;;3866;2005;3865;854;
59;1;1710;L;1;4;;2005;1758;74;829;
59;1;83;L;7;0;;;117;114;855;
59;1;1508;L;7;0;;;117;141;838;
59;1;1012;L;7;0;;;117;2872;833;
59;1;1028;L;7;0;;;117;1413;833;
59;1;1016;L;7;0;;;117;94;833;
59;1;3128;L;7;0;;;93;461;833;
59;1;1524;L;7;0;;;93;122;838;
59;1;4188;L;7;0;;;1421;2920;833;
59;1;4180;L;7;0;;;1421;2872;833;
59;1;3288;L;7;0;;;1421;64;833;
59;1;77;L;7;0;;;1421;122;838;
59;1;4182;L;7;0;;;8438;2872;833;
59;1;4190;L;7;0;;;8438;122;833;
59;1;4578;L;7;0;;;107;3376;833;
59;1;1541;L;7;0;;;107;114;838;
59;1;1514;L;7;0;;;107;141;838;
59;1;87;L;7;0;;;107;1430;838;
59;1;1512;L;7;0;;;107;1880;838;
59;1;1022;L;7;0;;;107;1413;833;
59;1;3609;L;7;0;;;107;8920;838;
59;1;1518;L;7;0;;;107;68;838;
59;1;1504;L;7;0;;;107;1996;838;
59;1;2209;L;1;3;;122;1760;3376;829;
59;1;5870;L;1;4;;9533;961;2380;855;
59;1;1020;L;7;0;;;1413;117;833;
59;1;1026;L;7;0;;;1413;107;833;
59;1;5869;L;1;4;;1413;2302;4013;833;
59;1;5930;L;1;4;;2302;1790;122;833;
59;1;5858;L;1;4;;2379;961;1785;855;
59;1;9374;L;1;4;;10008;2477;154;847;
59;1;6327;L;1;4;;2477;2700;169;847;
59;1;9145;L;1;4;;9694;3785;9693;851;
59;1;4277;L;7;0;;;4575;8461;847;
59;1;4192;L;7;0;;;9152;4584;847;
59;1;4210;L;7;0;;;9152;9126;847;
59;1;3242;L;7;0;;;9152;461;847;
59;1;3403;L;7;0;;;9152;64;847;
59;1;4212;L;7;0;;;9152;8468;847;
59;1;4268;L;7;0;;;8461;1703;847;
59;1;4282;L;7;0;;;8461;1702;847;
59;1;4878;L;7;0;;;8461;8912;847;
59;1;4252;L;7;0;;;8461;6293;847;
59;1;4254;L;7;0;;;8461;8512;847;
59;1;4256;L;7;0;;;8461;8529;847;
59;1;4194;L;7;0;;;8448;4584;847;
59;1;4196;L;7;0;;;8448;8454;847;
59;1;4264;L;7;0;;;8459;1703;847;
59;1;4278;L;7;0;;;8459;1702;847;
59;1;4226;L;7;0;;;8459;4227;847;
59;1;4236;L;7;0;;;8459;1705;847;
59;1;4880;L;7;0;;;8459;9048;847;
59;1;4882;L;7;0;;;8459;9050;847;
59;1;8461;L;7;0;;;8459;9245;847;
59;1;4220;L;7;0;;;8459;1701;847;
59;1;4202;L;7;0;;;8459;4216;847;
59;1;4272;L;7;0;;;8459;4574;847;
59;1;4258;L;7;0;;;8459;6293;847;
59;1;4260;L;7;0;;;8459;8512;847;
59;1;4262;L;7;0;;;8459;8529;847;
59;1;4520;L;7;0;;;8527;8461;847;
59;1;4518;L;7;0;;;8527;8459;847;
59;1;4246;L;7;0;;;8856;8461;847;
59;1;4274;L;7;0;;;4574;8459;847;
59;1;7444;L;1;4;;4499;4453;2084;834;
59;1;9189;L;1;4;;9731;9203;2084;829;
59;1;1927;L;1;3;;326;2103;1454;834;
59;1;6215;L;1;4;;3755;9344;3774;847;
59;1;2220;L;1;4;;639;1823;1760;855;
59;1;8671;L;1;4;;9555;9554;2445;854;
59;1;3723;L;1;4;;2057;302;1926;829;
59;1;7690;L;1;4;;4484;1500;3502;840;
59;1;6144;L;1;4;;4069;1846;4072;847;
59;1;1228;L;7;0;;;796;42;856;
59;1;8971;L;1;4;;9301;608;4166;847;
59;1;5390;L;1;4;;3878;3140;1805;830;
59;1;2321;L;1;4;;44;1797;1727;829;
59;1;6274;L;1;4;;4102;1897;2711;847;
59;1;8214;L;1;4;;1969;1794;73;834;
59;1;5731;L;1;4;;3988;1996;3623;838;
59;1;6139;L;1;4;;2159;1847;4072;847;
59;1;7606;L;1;4;;4539;4533;4476;840;
59;1;2226;L;1;4;;2708;2336;9216;847;
59;1;4250;L;7;0;;;8860;8505;847;
59;1;4244;L;7;0;;;8512;8527;847;
59;1;4248;L;7;0;;;8529;8527;847;
59;1;4240;L;7;0;;;8857;8461;847;
59;1;4242;L;7;0;;;8857;8459;847;
59;1;8379;L;1;4;;9219;9337;297;848;
59;1;5161;L;1;4;;3872;327;28;854;
59;1;5911;L;1;4;;3088;1956;4014;856;
59;1;8650;L;1;4;;9549;2444;9548;854;
59;1;6112;L;1;4;;4065;126;204;847;
59;1;3869;L;1;4;;3823;887;147;848;
59;1;3866;L;1;4;;887;9695;55;848;
59;1;6399;L;1;4;;4124;4125;2315;847;
59;1;3570;L;1;4;;2354;3787;151;847;
59;1;6107;L;1;4;;2719;2270;9966;847;
59;1;5683;L;1;4;;3900;1956;3970;856;
59;1;1947;L;1;3;;3788;1788;1474;833;
59;1;6045;L;1;4;;4051;4052;4043;840;
59;1;6372;L;1;4;;3337;2336;4108;847;
59;1;5879;L;1;4;;2380;961;1785;855;
59;1;8902;L;1;4;;9594;206;2315;847;
59;1;3437;L;7;0;;;1932;64;847;
59;1;4392;L;7;0;;;1932;8672;847;
59;1;576;L;1;4;;188;3789;130;847;
59;1;6437;L;1;4;;4127;4129;4133;847;
59;1;5828;L;1;4;;4007;263;1650;855;
59;1;1780;L;1;4;;91;92;93;833;
59;1;5946;L;1;4;;3395;92;122;833;
59;1;1784;L;1;4;;94;3729;91;833;
59;1;5364;L;1;4;;2508;2202;530;829;
59;1;6226;L;1;4;;4094;128;3774;847;
59;1;468;L;1;4;;48;46;1726;834;
59;1;4650;L;1;4;;9501;485;9166;847;
59;1;478;L;1;4;;1782;1726;102;829;
59;1;1995;L;1;4;;103;104;105;829;
59;1;1024;L;7;0;;;106;107;833;
59;1;2011;L;1;4;;108;3110;110;838;
59;1;518;L;1;3;;327;74;2522;829;
59;1;5260;L;1;4;;487;658;3890;839;
59;1;5295;L;1;4;;2011;1242;31;856;
59;1;8392;L;1;4;;2323;2040;124;839;
59;1;9600;L;1;4;;1720;124;1242;839;
59;1;3980;L;1;4;;3827;3550;3845;848;
59;1;3993;L;1;4;;2306;1983;3847;829;
59;1;3320;L;7;0;;;514;64;848;
59;1;1627;L;7;0;;;514;66;848;
59;1;1623;L;7;0;;;514;68;848;
59;1;5150;L;1;4;;2202;113;1726;830;
59;1;9070;L;1;4;;9659;90;1744;848;
59;1;6198;L;1;4;;4088;2160;204;847;
59;1;5590;L;1;4;;3957;2260;2024;855;
59;1;1030;L;7;0;;;2862;117;855;
59;1;5832;L;1;4;;2862;122;4008;855;
59;1;5777;L;1;4;;3999;3996;961;855;
59;1;5781;L;1;4;;4000;2024;4001;855;
59;1;5751;L;1;4;;3963;2022;2024;829;
59;1;1621;L;7;0;;;3833;66;848;
59;1;3901;L;1;4;;3833;147;1747;848;
59;1;5536;L;1;4;;3147;121;2010;856;
59;1;9493;L;1;4;;10027;3938;3940;838;
59;1;5540;L;1;4;;3938;3147;1712;856;
59;1;2237;L;1;4;;240;9994;121;848;
59;1;5255;L;1;4;;658;3762;291;829;
59;1;2249;L;1;4;;1914;899;2039;839;
59;1;5531;L;1;4;;3901;121;2010;856;
59;1;1293;L;7;0;;;798;215;856;
59;1;1266;L;7;0;;;798;42;856;
59;1;1278;L;7;0;;;798;66;856;
59;1;1287;L;7;0;;;798;68;856;
59;1;4436;L;7;0;;;1521;341;833;
59;1;4514;L;7;0;;;1521;1957;833;
59;1;1636;L;7;0;;;1521;66;833;
59;1;1634;L;7;0;;;1521;68;833;
59;1;9281;L;7;0;;;9338;1760;833;
59;1;4722;L;7;0;;;8929;8939;847;
59;1;4706;L;7;0;;;8929;8938;847;
59;1;4728;L;7;0;;;8929;8920;847;
59;1;4712;L;7;0;;;8929;8917;847;
59;1;8545;L;7;0;;;1760;46;834;
59;1;9087;L;7;0;;;1760;8912;847;
59;1;8521;L;7;0;;;1760;9380;855;
59;1;9081;L;7;0;;;1760;2315;847;
59;1;3423;L;7;0;;;1760;64;847;
59;1;1532;L;7;0;;;1760;93;855;
59;1;9;L;1;1;;1760;8912;9743;829;
59;1;1682;L;1;1;;1760;130;9744;829;
59;1;9089;L;7;0;;;365;10062;847;
59;1;8553;L;7;0;;;8920;9401;834;
59;1;4782;L;7;0;;;8920;1939;847;
59;1;4822;L;7;0;;;8920;441;847;
59;1;4720;L;7;0;;;8920;479;847;
59;1;4718;L;7;0;;;8920;8939;847;
59;1;8515;L;7;0;;;8920;9374;855;
59;1;4802;L;7;0;;;8920;8985;847;
59;1;4814;L;7;0;;;8920;8989;847;
59;1;4774;L;7;0;;;8920;1893;847;
59;1;4738;L;7;0;;;8920;1846;847;
59;1;4698;L;7;0;;;8920;2080;854;
59;1;4756;L;7;0;;;8920;1847;847;
59;1;4716;L;7;0;;;8920;8929;847;
59;1;4800;L;7;0;;;8920;8981;847;
59;1;4754;L;7;0;;;8920;8954;847;
59;1;3264;L;7;0;;;1532;461;847;
59;1;8551;L;7;0;;;8917;9401;834;
59;1;4778;L;7;0;;;8917;1939;847;
59;1;4816;L;7;0;;;8917;441;847;
59;1;4708;L;7;0;;;8917;8939;847;
59;1;4973;L;7;0;;;8917;8938;847;
59;1;4770;L;7;0;;;8917;2210;847;
59;1;4700;L;7;0;;;8917;3791;847;
59;1;4786;L;7;0;;;8917;206;847;
59;1;4796;L;7;0;;;8917;8985;847;
59;1;4732;L;7;0;;;8917;1846;847;
59;1;4742;L;7;0;;;8917;1847;847;
59;1;4752;L;7;0;;;8917;8556;847;
59;1;4704;L;7;0;;;8917;8929;847;
59;1;4740;L;7;0;;;8917;8954;847;
59;1;4316;L;7;0;;;847;1856;844;
59;1;4788;L;7;0;;;8981;206;847;
59;1;4804;L;7;0;;;8981;8985;847;
59;1;4792;L;7;0;;;8981;8917;847;
59;1;1577;L;7;0;;;66;59;844;
59;1;1520;L;7;0;;;66;141;838;
59;1;1522;L;7;0;;;66;1539;838;
59;1;1625;L;7;0;;;66;2745;848;
59;1;1650;L;7;0;;;66;241;838;
59;1;1658;L;7;0;;;66;2024;855;
59;1;129;L;7;0;;;66;1116;833;
59;1;1642;L;7;0;;;66;121;856;
59;1;1603;L;7;0;;;66;1866;848;
59;1;1619;L;7;0;;;66;58;848;
59;1;1646;L;7;0;;;66;1999;856;
59;1;1583;L;7;0;;;66;262;854;
59;1;1591;L;7;0;;;66;1716;834;
59;1;1268;L;7;0;;;66;798;856;
59;1;1270;L;7;0;;;66;1563;856;
59;1;1631;L;7;0;;;66;1521;833;
59;1;1611;L;7;0;;;66;1567;848;
59;1;1676;L;7;0;;;1568;1569;855;
59;1;1668;L;7;0;;;1568;2377;855;
59;1;1581;L;7;0;;;68;59;854;
59;1;1528;L;7;0;;;68;141;838;
59;1;1571;L;7;0;;;68;229;844;
59;1;1654;L;7;0;;;68;241;838;
59;1;1664;L;7;0;;;68;263;855;
59;1;1607;L;7;0;;;68;1866;848;
59;1;1672;L;7;0;;;68;1785;855;
59;1;1678;L;7;0;;;68;572;855;
59;1;1289;L;7;0;;;68;42;856;
59;1;1597;L;7;0;;;68;37;834;
59;1;1617;L;7;0;;;68;1746;848;
59;1;1589;L;7;0;;;68;262;844;
59;1;1595;L;7;0;;;68;1716;834;
59;1;1656;L;7;0;;;68;122;855;
59;1;1644;L;7;0;;;68;3101;856;
59;1;1629;L;7;0;;;68;55;848;
59;1;1291;L;7;0;;;68;798;856;
59;1;1638;L;7;0;;;68;1521;833;
59;1;1615;L;7;0;;;68;1567;848;
59;1;1613;L;7;0;;;1567;66;848;
59;1;1609;L;7;0;;;1567;68;848;
59;1;4758;L;7;0;;;8954;8556;847;
59;1;4744;L;7;0;;;8954;8559;847;
59;1;4750;L;7;0;;;8954;8917;847;
59;1;759;L;1;3;;2260;1996;468;829;
59;1;1506;L;7;0;;;1744;117;838;
59;1;455;L;1;3;;1744;1865;9995;829;
59;1;753;L;1;3;;1996;9995;1760;829;
59;1;233;L;1;4;;528;1626;124;839;
59;1;228;L;1;4;;40;124;125;839;
59;1;253;L;1;3;;87;71;1859;854;
59;1;4350;L;7;0;;;185;2518;839;
59;1;1435;L;7;0;;;185;80;839;
59;1;4532;L;7;0;;;185;82;839;
59;1;238;L;1;3;;185;184;1626;829;
59;1;49;L;7;0;;;1859;1640;831;
59;1;244;L;1;3;;1859;2522;184;829;
59;1;727;L;1;3;;73;71;1865;829;
59;1;5316;L;1;4;;3898;90;1744;848;
59;1;1726;L;1;4;;2310;1983;1712;856;
59;1;2259;L;1;4;;1650;1760;1652;855;
59;1;368;L;1;3;;1925;136;29;831;
59;1;381;L;1;3;;530;29;124;831;
59;1;1317;L;7;0;;;1874;80;855;
59;1;1321;L;7;0;;;1874;82;855;
59;1;644;L;1;4;;1874;166;1785;829;
59;1;3266;L;7;0;;;458;461;847;
59;1;3427;L;7;0;;;458;64;847;
59;1;4400;L;7;0;;;458;8669;847;
59;1;7045;L;1;4;X357;9079;9957;1703;847;
59;1;8746;L;1;4;;3757;3750;1855;844;
59;1;6232;L;1;4;;4095;128;3774;847;
59;1;8923;L;1;4;;9639;207;2315;847;
59;1;5457;L;1;4;;3889;1925;184;831;
59;1;6552;L;1;4;;4157;206;4161;847;
59;1;5070;L;1;4;;2906;1716;48;834;
59;1;5067;L;1;4;;3278;2297;2906;834;
