CID;TABCD;LCD;INT_CID;INT_TABCD;INT_LCD
519;29;2898;519;29;2924
519;29;2924;519;29;2898
519;29;45;519;29;575
519;29;575;519;29;703
519;29;703;519;29;45
519;29;577;519;29;1709
519;29;1709;519;29;577
519;29;578;519;29;1862
519;29;1862;519;29;578
519;29;2506;519;29;2783
519;29;2783;519;29;2506
519;29;35;519;29;582
519;29;582;519;29;35
519;29;2510;519;29;2511
519;29;2511;519;29;2510
519;29;1423;519;29;2494
519;29;2494;519;29;1423
519;29;2508;519;29;2512
519;29;2512;519;29;2508
519;29;2826;519;29;2827
519;29;2827;519;29;2826
519;29;2828;519;29;2831
519;29;2831;519;29;2828
519;29;78;519;29;89
519;29;89;519;29;561
519;29;561;519;29;78
519;29;1425;519;29;1906
519;29;1906;519;29;1425
519;29;566;519;29;2960
519;29;2960;519;29;566
519;29;617;519;29;626
519;29;626;519;29;617
519;29;619;519;29;1539
519;29;1539;519;29;619
519;29;569;519;29;620
519;29;620;519;29;569
519;29;538;519;29;891
519;29;891;519;29;538
519;29;892;519;29;2979
519;29;2979;519;29;892
519;29;883;519;29;893
519;29;893;519;29;2809
519;29;2809;519;29;2980
519;29;2980;519;29;883
519;29;855;519;29;894
519;29;894;519;29;2981
519;29;2981;519;29;855
519;29;146;519;29;148
519;29;148;519;29;895
519;29;895;519;29;2982
519;29;2982;519;29;146
519;29;896;519;29;965
519;29;965;519;29;896
519;29;610;519;29;2514
519;29;2514;519;29;2884
519;29;2884;519;29;2888
519;29;2888;519;29;610
519;29;107;519;29;109
519;29;109;519;29;2250
519;29;2250;519;29;2515
519;29;2515;519;29;107
519;29;714;519;29;1410
519;29;1410;519;29;714
519;29;59;519;29;239
519;29;239;519;29;1409
519;29;1409;519;29;59
519;29;367;519;29;509
519;29;509;519;29;2901
519;29;2901;519;29;367
519;29;510;519;29;2612
519;29;2612;519;29;510
519;29;1775;519;29;2333
519;29;2333;519;29;1775
519;29;2480;519;29;2605
519;29;2605;519;29;2480
519;29;2477;519;29;2905
519;29;2905;519;29;2477
519;29;82;519;29;168
519;29;168;519;29;500
519;29;500;519;29;82
519;29;502;519;29;2864
519;29;2864;519;29;502
519;29;503;519;29;640
519;29;640;519;29;503
519;29;504;519;29;1440
519;29;1440;519;29;504
519;29;1707;519;29;2517
519;29;2517;519;29;1707
519;29;374;519;29;2518
519;29;2518;519;29;374
519;29;368;519;29;2851
519;29;2851;519;29;368
519;29;372;519;29;410
519;29;410;519;29;372
519;29;2961;519;29;2963
519;29;2963;519;29;2961
519;29;39;519;29;323
519;29;323;519;29;325
519;29;325;519;29;2714
519;29;2714;519;29;39
519;29;327;519;29;1994
519;29;1994;519;29;327
519;29;329;519;29;2853
519;29;2853;519;29;329
519;29;412;519;29;1741
519;29;1741;519;29;412
519;29;1742;519;29;1744
519;29;1744;519;29;1742
519;29;44;519;29;382
519;29;382;519;29;387
519;29;387;519;29;44
519;29;388;519;29;1988
519;29;1988;519;29;1990
519;29;1990;519;29;388
519;29;1710;519;29;1801
519;29;1801;519;29;1710
519;29;48;519;29;513
519;29;513;519;29;712
519;29;712;519;29;2520
519;29;2520;519;29;3026
519;29;3026;519;29;48
519;29;517;519;29;720
519;29;720;519;29;517
519;29;518;519;29;722
519;29;722;519;29;518
519;29;519;519;29;2836
519;29;2836;519;29;519
519;29;1781;519;29;2843
519;29;2843;519;29;1781
519;29;2522;519;29;2834
519;29;2834;519;29;2522
519;29;1782;519;29;1861
519;29;1861;519;29;1782
519;29;1783;519;29;1856
519;29;1856;519;29;1783
519;29;1865;519;29;1878
519;29;1878;519;29;1865
519;29;1866;519;29;1931
519;29;1931;519;29;1866
519;29;2840;519;29;2842
519;29;2842;519;29;2840
519;29;1871;519;29;2493
519;29;2493;519;29;1871
519;29;723;519;29;1760
519;29;1760;519;29;723
519;29;529;519;29;1337
519;29;1337;519;29;529
519;29;528;519;29;2756
519;29;2756;519;29;2758
519;29;2758;519;29;528
519;29;527;519;29;716
519;29;716;519;29;527
519;29;56;519;29;526
519;29;526;519;29;656
519;29;656;519;29;56
519;29;1874;519;29;1910
519;29;1910;519;29;2489
519;29;2489;519;29;1874
519;29;2490;519;29;2545
519;29;2545;519;29;2490
519;29;1914;519;29;1965
519;29;1965;519;29;1914
519;29;1899;519;29;1901
519;29;1901;519;29;2495
519;29;2495;519;29;1899
519;29;2496;519;29;2794
519;29;2794;519;29;2496
519;29;1924;519;29;2497
519;29;2497;519;29;1924
519;29;2423;519;29;2425
519;29;2425;519;29;2423
519;29;170;519;29;548
519;29;548;519;29;2957
519;29;2957;519;29;170
519;29;171;519;29;491
519;29;491;519;29;171
519;29;174;519;29;628
519;29;628;519;29;174
519;29;175;519;29;622
519;29;622;519;29;175
519;29;176;519;29;2560
519;29;2560;519;29;176
519;29;177;519;29;543
519;29;543;519;29;177
519;29;178;519;29;542
519;29;542;519;29;2296
519;29;2296;519;29;178
519;29;182;519;29;461
519;29;461;519;29;2965
519;29;2965;519;29;182
519;29;27;519;29;187
519;29;187;519;29;189
519;29;189;519;29;27
519;29;448;519;29;567
519;29;567;519;29;448
519;29;450;519;29;536
519;29;536;519;29;450
519;29;455;519;29;583
519;29;583;519;29;455
519;29;457;519;29;791
519;29;791;519;29;457
519;29;422;519;29;535
519;29;535;519;29;422
519;29;423;519;29;425
519;29;425;519;29;423
519;29;552;519;29;1468
519;29;1468;519;29;552
519;29;485;519;29;2967
519;29;2967;519;29;485
519;29;462;519;29;465
519;29;465;519;29;462
519;29;69;519;29;470
519;29;470;519;29;900
519;29;900;519;29;69
519;29;2326;519;29;2417
519;29;2417;519;29;2326
519;29;2614;519;29;2620
519;29;2620;519;29;2614
519;29;2499;519;29;2615
519;29;2615;519;29;2499
519;29;2607;519;29;2619
519;29;2619;519;29;2607
519;29;1798;519;29;1977
519;29;1977;519;29;1798
519;29;1978;519;29;2789
519;29;2789;519;29;2791
519;29;2791;519;29;1978
519;29;1885;519;29;1979
519;29;1979;519;29;1885
519;29;1854;519;29;1859
519;29;1859;519;29;1854
519;29;494;519;29;546
519;29;546;519;29;494
519;29;460;519;29;633
519;29;633;519;29;460
519;29;463;519;29;540
519;29;540;519;29;463
519;29;3010;519;29;3011
519;29;3011;519;29;3010
519;29;631;519;29;1534
519;29;1534;519;29;631
519;29;544;519;29;1536
519;29;1536;519;29;544
519;29;2504;519;29;2600
519;29;2600;519;29;2504
519;29;2498;519;29;2604
519;29;2604;519;29;2498
519;29;2484;519;29;2609
519;29;2609;519;29;2484
519;29;408;519;29;1442
519;29;1442;519;29;408
519;29;2532;519;29;2691
519;29;2691;519;29;2532
519;29;2968;519;29;2969
519;29;2969;519;29;2968
519;29;416;519;29;1703
519;29;1703;519;29;416
519;29;417;519;29;2304
519;29;2304;519;29;417
519;29;1984;519;29;2531
519;29;2531;519;29;1984
519;29;2856;519;29;2877
519;29;2877;519;29;2856
519;29;496;519;29;549
519;29;549;519;29;496
519;29;264;519;29;266
519;29;266;519;29;914
519;29;914;519;29;967
519;29;967;519;29;264
519;29;969;519;29;2646
519;29;2646;519;29;969
519;29;404;519;29;1981
519;29;1981;519;29;404
519;29;46;519;29;396
519;29;396;519;29;2587
519;29;2587;519;29;46
519;29;54;519;29;1363
519;29;1363;519;29;2771
519;29;2771;519;29;54
519;29;2777;519;29;2848
519;29;2848;519;29;2777
519;29;2503;519;29;2778
519;29;2778;519;29;2503
519;29;1873;519;29;1875
519;29;1875;519;29;1873
519;29;134;519;29;136
519;29;136;519;29;194
519;29;194;519;29;134
519;29;138;519;29;977
519;29;977;519;29;138
519;29;139;519;29;867
519;29;867;519;29;139
519;29;141;519;29;951
519;29;951;519;29;141
519;29;144;519;29;2940
519;29;2940;519;29;144
519;29;145;519;29;907
519;29;907;519;29;910
519;29;910;519;29;145
519;29;2016;519;29;2017
519;29;2017;519;29;2016
519;29;2018;519;29;2021
519;29;2021;519;29;2018
519;29;715;519;29;1431
519;29;1431;519;29;715
519;29;717;519;29;2759
519;29;2759;519;29;2761
519;29;2761;519;29;717
519;29;718;519;29;1378
519;29;1378;519;29;718
519;29;545;519;29;629
519;29;629;519;29;545
519;29;473;519;29;634
519;29;634;519;29;473
519;29;75;519;29;584
519;29;584;519;29;725
519;29;725;519;29;75
519;29;81;519;29;637
519;29;637;519;29;81
519;29;1242;519;29;1622
519;29;1622;519;29;1634
519;29;1634;519;29;1242
519;29;1633;519;29;1644
519;29;1644;519;29;1633
519;29;1632;519;29;1637
519;29;1637;519;29;1632
519;29;306;519;29;1631
519;29;1631;519;29;306
519;29;2227;519;29;2392
519;29;2392;519;29;2227
519;29;251;519;29;982
519;29;982;519;29;984
519;29;984;519;29;251
519;29;985;519;29;1028
519;29;1028;519;29;985
519;29;291;519;29;986
519;29;986;519;29;291
519;29;987;519;29;2054
519;29;2054;519;29;987
519;29;989;519;29;2083
519;29;2083;519;29;989
519;29;991;519;29;1569
519;29;1569;519;29;991
519;29;993;519;29;1834
519;29;1834;519;29;993
519;29;994;519;29;1649
519;29;1649;519;29;994
519;29;972;519;29;979
519;29;979;519;29;972
519;29;980;519;29;1404
519;29;1404;519;29;980
519;29;2094;519;29;2280
519;29;2280;519;29;2094
519;29;673;519;29;2095
519;29;2095;519;29;673
519;29;1666;519;29;1688
519;29;1688;519;29;1666
519;29;1667;519;29;1684
519;29;1684;519;29;1667
519;29;314;519;29;1668
519;29;1668;519;29;314
519;29;689;519;29;1669
519;29;1669;519;29;689
519;29;1670;519;29;1674
519;29;1674;519;29;1670
519;29;195;519;29;971
519;29;971;519;29;195
519;29;869;519;29;973
519;29;973;519;29;869
519;29;954;519;29;975
519;29;975;519;29;954
519;29;2109;519;29;2115
519;29;2115;519;29;2109
519;29;466;519;29;2111
519;29;2111;519;29;466
519;29;299;519;29;1677
519;29;1677;519;29;1679
519;29;1679;519;29;299
519;29;1680;519;29;1682
519;29;1682;519;29;1680
519;29;1937;519;29;1951
519;29;1951;519;29;1937
519;29;1940;519;29;1942
519;29;1942;519;29;1940
519;29;2208;519;29;2946
519;29;2946;519;29;2208
519;29;1219;519;29;2210
519;29;2210;519;29;1219
519;29;1715;519;29;1736
519;29;1736;519;29;1715
519;29;1541;519;29;2276
519;29;2276;519;29;1541
519;29;1542;519;29;2634
519;29;2634;519;29;1542
519;29;1543;519;29;1826
519;29;1826;519;29;1543
519;29;2785;519;29;2788
519;29;2788;519;29;2785
519;29;267;519;29;615
519;29;615;519;29;1563
519;29;1563;519;29;267
519;29;268;519;29;1399
519;29;1399;519;29;1401
519;29;1401;519;29;268
519;29;269;519;29;271
519;29;271;519;29;1153
519;29;1153;519;29;1457
519;29;1457;519;29;2882
519;29;2882;519;29;269
519;29;612;519;29;614
519;29;614;519;29;1176
519;29;1176;519;29;612
519;29;392;519;29;2030
519;29;2030;519;29;392
519;29;2951;519;29;2954
519;29;2954;519;29;2951
519;29;2033;519;29;2376
519;29;2376;519;29;2033
519;29;2034;519;29;2038
519;29;2038;519;29;2034
519;29;1283;519;29;1591
519;29;1591;519;29;2035
519;29;2035;519;29;1283
519;29;1100;519;29;2039
519;29;2039;519;29;1100
519;29;242;519;29;1096
519;29;1096;519;29;1723
519;29;1723;519;29;242
519;29;1097;519;29;2380
519;29;2380;519;29;1097
519;29;1099;519;29;1312
519;29;1312;519;29;1099
519;29;1101;519;29;1103
519;29;1103;519;29;1284
519;29;1284;519;29;1101
519;29;64;519;29;1088
519;29;1088;519;29;1547
519;29;1547;519;29;64
519;29;124;519;29;129
519;29;129;519;29;1090
519;29;1090;519;29;2971
519;29;2971;519;29;124
519;29;1067;519;29;1093
519;29;1093;519;29;1067
519;29;1083;519;29;1085
519;29;1085;519;29;1094
519;29;1094;519;29;1083
519;29;1057;519;29;1089
519;29;1089;519;29;2003
519;29;2003;519;29;2006
519;29;2006;519;29;1057
519;29;1656;519;29;1726
519;29;1726;519;29;1790
519;29;1790;519;29;1656
519;29;1658;519;29;1717
519;29;1717;519;29;1658
519;29;1483;519;29;1496
519;29;1496;519;29;1483
519;29;1465;519;29;1497
519;29;1497;519;29;1465
519;29;1846;519;29;2340
519;29;2340;519;29;2913
519;29;2913;519;29;1846
519;29;1010;519;29;1012
519;29;1012;519;29;1196
519;29;1196;519;29;2447
519;29;2447;519;29;1010
519;29;1197;519;29;2451
519;29;2451;519;29;1197
519;29;1198;519;29;3006
519;29;3006;519;29;1198
519;29;1199;519;29;1229
519;29;1229;519;29;2455
519;29;2455;519;29;1199
519;29;1080;519;29;1549
519;29;1549;519;29;1080
519;29;243;519;29;1255
519;29;1255;519;29;1550
519;29;1550;519;29;243
519;29;948;519;29;2742
519;29;2742;519;29;948
519;29;860;519;29;949
519;29;949;519;29;860
519;29;952;519;29;2934
519;29;2934;519;29;2936
519;29;2936;519;29;952
519;29;953;519;29;958
519;29;958;519;29;953
519;29;955;519;29;1407
519;29;1407;519;29;955
519;29;256;519;29;289
519;29;289;519;29;956
519;29;956;519;29;256
519;29;2597;519;29;2598
519;29;2598;519;29;2751
519;29;2751;519;29;2597
519;29;2911;519;29;2915
519;29;2915;519;29;2911
519;29;1948;519;29;1953
519;29;1953;519;29;1948
519;29;593;519;29;595
519;29;595;519;29;593
519;29;591;519;29;2270
519;29;2270;519;29;591
519;29;590;519;29;763
519;29;763;519;29;590
519;29;589;519;29;752
519;29;752;519;29;589
519;29;588;519;29;746
519;29;746;519;29;588
519;29;587;519;29;727
519;29;727;519;29;587
519;29;76;519;29;586
519;29;586;519;29;2815
519;29;2815;519;29;76
519;29;768;519;29;792
519;29;792;519;29;768
519;29;760;519;29;766
519;29;766;519;29;760
519;29;741;519;29;765
519;29;765;519;29;741
519;29;772;519;29;2269
519;29;2269;519;29;2973
519;29;2973;519;29;772
519;29;762;519;29;771
519;29;771;519;29;762
519;29;742;519;29;770
519;29;770;519;29;742
519;29;774;519;29;793
519;29;793;519;29;774
519;29;785;519;29;2323
519;29;2323;519;29;785
519;29;784;519;29;788
519;29;788;519;29;784
519;29;753;519;29;783
519;29;783;519;29;753
519;29;747;519;29;782
519;29;782;519;29;747
519;29;779;519;29;789
519;29;789;519;29;779
519;29;754;519;29;778
519;29;778;519;29;754
519;29;748;519;29;777
519;29;777;519;29;748
519;29;728;519;29;776
519;29;776;519;29;728
519;29;802;519;29;1452
519;29;1452;519;29;802
519;29;436;519;29;756
519;29;756;519;29;436
519;29;432;519;29;729
519;29;729;519;29;432
519;29;430;519;29;434
519;29;434;519;29;430
519;29;755;519;29;758
519;29;758;519;29;755
519;29;749;519;29;757
519;29;757;519;29;749
519;29;2137;519;29;2140
519;29;2140;519;29;2137
519;29;1032;519;29;2141
519;29;2141;519;29;1032
519;29;1578;519;29;1588
519;29;1588;519;29;2142
519;29;2142;519;29;1578
519;29;2143;519;29;2175
519;29;2175;519;29;2143
519;29;2144;519;29;2466
519;29;2466;519;29;2144
519;29;2089;519;29;2092
519;29;2092;519;29;2145
519;29;2145;519;29;2089
519;29;341;519;29;692
519;29;692;519;29;1453
519;29;1453;519;29;341
519;29;358;519;29;1389
519;29;1389;519;29;358
519;29;1390;519;29;2717
519;29;2717;519;29;2719
519;29;2719;519;29;1390
519;29;1392;519;29;1699
519;29;1699;519;29;1392
519;29;233;519;29;1393
519;29;1393;519;29;233
519;29;1394;519;29;2702
519;29;2702;519;29;1394
519;29;40;519;29;1395
519;29;1395;519;29;3008
519;29;3008;519;29;40
519;29;942;519;29;1397
519;29;1397;519;29;2050
519;29;2050;519;29;942
519;29;1398;519;29;1558
519;29;1558;519;29;1398
519;29;938;519;29;2928
519;29;2928;519;29;938
519;29;1025;519;29;1561
519;29;1561;519;29;2437
519;29;2437;519;29;1025
519;29;1557;519;29;2343
519;29;2343;519;29;1557
519;29;1788;519;29;2193
519;29;2193;519;29;1788
519;29;1572;519;29;1614
519;29;1614;519;29;1572
519;29;1612;519;29;1615
519;29;1615;519;29;1623
519;29;1623;519;29;1612
519;29;1187;519;29;1618
519;29;1618;519;29;1839
519;29;1839;519;29;1187
519;29;2301;519;29;2541
519;29;2541;519;29;2301
519;29;1217;519;29;2289
519;29;2289;519;29;1217
519;29;308;519;29;1218
519;29;1218;519;29;308
519;29;1220;519;29;1243
519;29;1243;519;29;1220
519;29;1221;519;29;1228
519;29;1228;519;29;2188
519;29;2188;519;29;1221
519;29;301;519;29;1304
519;29;1304;519;29;301
519;29;667;519;29;1276
519;29;1276;519;29;1305
519;29;1305;519;29;667
519;29;1306;519;29;2399
519;29;2399;519;29;1306
519;29;211;519;29;213
519;29;213;519;29;705
519;29;705;519;29;1603
519;29;1603;519;29;211
519;29;659;519;29;706
519;29;706;519;29;659
519;29;230;519;29;709
519;29;709;519;29;1461
519;29;1461;519;29;2990
519;29;2990;519;29;3021
519;29;3021;519;29;230
519;29;710;519;29;1376
519;29;1376;519;29;3022
519;29;3022;519;29;710
519;29;644;519;29;711
519;29;711;519;29;3024
519;29;3024;519;29;644
519;29;1368;519;29;3020
519;29;3020;519;29;1368
519;29;2736;519;29;3023
519;29;3023;519;29;2736
519;29;2308;519;29;3025
519;29;3025;519;29;2308
519;29;1155;519;29;1157
519;29;1157;519;29;1178
519;29;1178;519;29;1180
519;29;1180;519;29;1155
519;29;669;519;29;671
519;29;671;519;29;1191
519;29;1191;519;29;669
519;29;672;519;29;1213
519;29;1213;519;29;672
519;29;674;519;29;676
519;29;676;519;29;698
519;29;698;519;29;2879
519;29;2879;519;29;674
519;29;2278;519;29;2548
519;29;2548;519;29;2278
519;29;1214;519;29;2279
519;29;2279;519;29;1214
519;29;1241;519;29;1608
519;29;1608;519;29;1610
519;29;1610;519;29;1241
519;29;1971;519;29;2793
519;29;2793;519;29;1971
519;29;1944;519;29;1970
519;29;1970;519;29;1944
519;29;598;519;29;846
519;29;846;519;29;598
519;29;155;519;29;600
519;29;600;519;29;155
519;29;602;519;29;604
519;29;604;519;29;798
519;29;798;519;29;602
519;29;804;519;29;845
519;29;845;519;29;804
519;29;157;519;29;806
519;29;806;519;29;157
519;29;799;519;29;808
519;29;808;519;29;2649
519;29;2649;519;29;799
519;29;1925;519;29;1929
519;29;1929;519;29;1925
519;29;1928;519;29;1973
519;29;1973;519;29;2325
519;29;2325;519;29;1928
519;29;943;519;29;945
519;29;945;519;29;1455
519;29;1455;519;29;1628
519;29;1628;519;29;943
519;29;1456;519;29;1559
519;29;1559;519;29;1456
519;29;216;519;29;218
519;29;218;519;29;216
519;29;219;519;29;1215
519;29;1215;519;29;2020
519;29;2020;519;29;219
519;29;220;519;29;699
519;29;699;519;29;220
519;29;222;519;29;380
519;29;380;519;29;1698
519;29;1698;519;29;222
519;29;1364;519;29;1382
519;29;1382;519;29;1364
519;29;228;519;29;1367
519;29;1367;519;29;2989
519;29;2989;519;29;228
519;29;1022;519;29;2058
519;29;2058;519;29;1022
519;29;2048;519;29;2052
519;29;2052;519;29;2059
519;29;2059;519;29;2048
519;29;2060;519;29;2081
519;29;2081;519;29;2060
519;29;1566;519;29;1568
519;29;1568;519;29;2061
519;29;2061;519;29;1566
519;29;2062;519;29;3033
519;29;3033;519;29;3035
519;29;3035;519;29;2062
519;29;1183;519;29;2064
519;29;2064;519;29;1183
519;29;2689;519;29;2696
519;29;2696;519;29;2689
519;29;663;519;29;668
519;29;668;519;29;663
519;29;1004;519;29;1006
519;29;1006;519;29;1023
519;29;1023;519;29;1004
519;29;1007;519;29;2049
519;29;2049;519;29;1007
519;29;1008;519;29;1627
519;29;1627;519;29;1008
519;29;1009;519;29;1648
519;29;1648;519;29;1009
519;29;66;519;29;190
519;29;190;519;29;66
519;29;191;519;29;1059
519;29;1059;519;29;191
519;29;192;519;29;1046
519;29;1046;519;29;192
519;29;196;519;29;2011
519;29;2011;519;29;196
519;29;197;519;29;199
519;29;199;519;29;246
519;29;246;519;29;248
519;29;248;519;29;197
519;29;2543;519;29;2544
519;29;2544;519;29;2543
519;29;913;519;29;963
519;29;963;519;29;913
519;29;964;519;29;1174
519;29;1174;519;29;964
519;29;2640;519;29;2642
519;29;2642;519;29;2640
519;29;2053;519;29;2068
519;29;2068;519;29;2053
519;29;2629;519;29;2632
519;29;2632;519;29;2629
519;29;2626;519;29;2633
519;29;2633;519;29;2626
519;29;2623;519;29;2635
519;29;2635;519;29;2623
519;29;2865;519;29;2869
519;29;2869;519;29;2865
519;29;283;519;29;1118
519;29;1118;519;29;1120
519;29;1120;519;29;283
519;29;685;519;29;1122
519;29;1122;519;29;685
519;29;479;519;29;2861
519;29;2861;519;29;479
519;29;795;519;29;847
519;29;847;519;29;795
519;29;154;519;29;796
519;29;796;519;29;154
519;29;797;519;29;2643
519;29;2643;519;29;797
519;29;102;519;29;800
519;29;800;519;29;810
519;29;810;519;29;102
519;29;1106;519;29;1293
519;29;1293;519;29;1106
519;29;209;519;29;1294
519;29;1294;519;29;209
519;29;1295;519;29;2397
519;29;2397;519;29;1295
519;29;1272;519;29;1274
519;29;1274;519;29;1296
519;29;1296;519;29;1272
519;29;1297;519;29;1301
519;29;1301;519;29;1297
519;29;1298;519;29;2216
519;29;2216;519;29;1298
519;29;1299;519;29;1676
519;29;1676;519;29;1299
519;29;959;519;29;997
519;29;997;519;29;959
519;29;934;519;29;960
519;29;960;519;29;934
519;29;259;519;29;1554
519;29;1554;519;29;259
519;29;1231;519;29;1237
519;29;1237;519;29;1231
519;29;1232;519;29;2124
519;29;2124;519;29;1232
519;29;292;519;29;1233
519;29;1233;519;29;1247
519;29;1247;519;29;292
519;29;1791;519;29;2949
519;29;2949;519;29;1791
519;29;201;519;29;203
519;29;203;519;29;1586
519;29;1586;519;29;201
519;29;1033;519;29;1587
519;29;1587;519;29;1033
519;29;1589;519;29;2750
519;29;2750;519;29;1589
519;29;2127;519;29;2135
519;29;2135;519;29;2465
519;29;2465;519;29;2127
519;29;2167;519;29;2462
519;29;2462;519;29;2167
519;29;1264;519;29;1280
519;29;1280;519;29;2463
519;29;2463;519;29;1264
519;29;2086;519;29;2183
519;29;2183;519;29;2086
519;29;2187;519;29;2197
519;29;2197;519;29;2187
519;29;1580;519;29;1582
519;29;1582;519;29;1580
519;29;1570;519;29;1583
519;29;1583;519;29;1570
519;29;1584;519;29;1650
519;29;1650;519;29;1584
519;29;1140;519;29;1158
519;29;1158;519;29;1160
519;29;1160;519;29;2820
519;29;2820;519;29;1140
519;29;275;519;29;1142
519;29;1142;519;29;275
519;29;1143;519;29;1145
519;29;1145;519;29;1143
519;29;1202;519;29;3005
519;29;3005;519;29;1202
519;29;1203;519;29;1718
519;29;1718;519;29;1203
519;29;2245;519;29;2445
519;29;2445;519;29;2245
519;29;1672;519;29;2246
519;29;2246;519;29;1672
519;29;1151;519;29;2444
519;29;2444;519;29;1151
519;29;3000;519;29;3002
519;29;3002;519;29;3000
519;29;881;519;29;1792
519;29;1792;519;29;1831
519;29;1831;519;29;881
519;29;2405;519;29;2887
519;29;2887;519;29;2405
519;29;1933;519;29;1935
519;29;1935;519;29;1933
519;29;1794;519;29;1955
519;29;1955;519;29;1794
519;29;1797;519;29;1894
519;29;1894;519;29;1797
519;29;2160;519;29;2471
519;29;2471;519;29;2160
519;29;294;519;29;1574
519;29;1574;519;29;1642
519;29;1642;519;29;294
519;29;1240;519;29;1573
519;29;1573;519;29;1240
519;29;1251;519;29;1571
519;29;1571;519;29;1251
519;29;126;519;29;224
519;29;224;519;29;241
519;29;241;519;29;3031
519;29;3031;519;29;126
519;29;225;519;29;1311
519;29;1311;519;29;2985
519;29;2985;519;29;225
519;29;226;519;29;1282
519;29;1282;519;29;1328
519;29;1328;519;29;2987
519;29;2987;519;29;226
519;29;227;519;29;658
519;29;658;519;29;2988
519;29;2988;519;29;227
519;29;2027;519;29;2991
519;29;2991;519;29;2027
519;29;150;519;29;152
519;29;152;519;29;880
519;29;880;519;29;150
519;29;127;519;29;1086
519;29;1086;519;29;3030
519;29;3030;519;29;127
519;29;2348;519;29;2802
519;29;2802;519;29;3028
519;29;3028;519;29;2348
519;29;131;519;29;2386
519;29;2386;519;29;131
519;29;132;519;29;1042
519;29;1042;519;29;132
519;29;1066;519;29;3029
519;29;3029;519;29;1066
519;29;63;519;29;123
519;29;123;519;29;2552
519;29;2552;519;29;63
519;29;606;519;29;2648
519;29;2648;519;29;606
519;29;2252;519;29;2260
519;29;2260;519;29;2265
519;29;2265;519;29;2252
519;29;677;519;29;679
519;29;679;519;29;2331
519;29;2331;519;29;2653
519;29;2653;519;29;2663
519;29;2663;519;29;2880
519;29;2880;519;29;677
519;29;319;519;29;357
519;29;357;519;29;1212
519;29;1212;519;29;2897
519;29;2897;519;29;319
519;29;356;519;29;1357
519;29;1357;519;29;356
519;29;284;519;29;351
519;29;351;519;29;353
519;29;353;519;29;284
519;29;1334;519;29;1341
519;29;1341;519;29;1334
519;29;297;519;29;305
519;29;305;519;29;2943
519;29;2943;519;29;297
519;29;2091;519;29;2159
519;29;2159;519;29;2091
519;29;340;519;29;1208
519;29;1208;519;29;340
519;29;1210;519;29;2655
519;29;2655;519;29;1210
519;29;1211;519;29;1359
519;29;1359;519;29;1211
519;29;1694;519;29;1799
519;29;1799;519;29;1694
519;29;1347;519;29;1350
519;29;1350;519;29;2459
519;29;2459;519;29;1347
519;29;339;519;29;1351
519;29;1351;519;29;339
519;29;1352;519;29;2656
519;29;2656;519;29;1352
519;29;1353;519;29;1355
519;29;1355;519;29;1353
519;29;1039;519;29;1051
519;29;1051;519;29;1053
519;29;1053;519;29;1039
519;29;1825;519;29;2371
519;29;2371;519;29;2638
519;29;2638;519;29;1825
519;29;2102;519;29;2107
519;29;2107;519;29;2102
519;29;2375;519;29;2379
519;29;2379;519;29;2375
519;29;406;519;29;2381
519;29;2381;519;29;406
519;29;735;519;29;740
519;29;740;519;29;735
519;29;732;519;29;736
519;29;736;519;29;732
519;29;737;519;29;745
519;29;745;519;29;737
519;29;738;519;29;743
519;29;743;519;29;751
519;29;751;519;29;738
519;29;902;519;29;923
519;29;923;519;29;902
519;29;858;519;29;930
519;29;930;519;29;858
519;29;933;519;29;2938
519;29;2938;519;29;933
519;29;260;519;29;262
519;29;262;519;29;935
519;29;935;519;29;937
519;29;937;519;29;260
519;29;1104;519;29;2237
519;29;2237;519;29;1104
519;29;2235;519;29;2238
519;29;2238;519;29;2235
519;29;206;519;29;2239
519;29;2239;519;29;206
519;29;115;519;29;117
519;29;117;519;29;1163
519;29;1163;519;29;115
519;29;111;519;29;1130
519;29;1130;519;29;111
519;29;43;519;29;384
519;29;384;519;29;43
519;29;385;519;29;1991
519;29;1991;519;29;385
519;29;2554;519;29;2555
519;29;2555;519;29;2554
519;29;1594;519;29;1602
519;29;1602;519;29;1594
519;29;2804;519;29;2807
519;29;2807;519;29;3041
519;29;3041;519;29;2804
519;29;864;519;29;865
519;29;865;519;29;2805
519;29;2805;519;29;864
519;29;1109;519;29;1115
519;29;1115;519;29;1171
519;29;1171;519;29;1109
519;29;350;519;29;1110
519;29;1110;519;29;350
519;29;1112;519;29;1126
519;29;1126;519;29;1112
519;29;1146;519;29;1754
519;29;1754;519;29;2449
519;29;2449;519;29;1146
519;29;1015;519;29;1147
519;29;1147;519;29;1015
519;29;1148;519;29;2453
519;29;2453;519;29;1148
519;29;2290;519;29;2556
519;29;2556;519;29;2816
519;29;2816;519;29;2290
519;29;309;519;29;1713
519;29;1713;519;29;309
519;29;1639;519;29;1714
519;29;1714;519;29;1639
519;29;1244;519;29;1716
519;29;1716;519;29;1244
519;29;214;519;29;660
519;29;660;519;29;214
519;29;662;519;29;1819
519;29;1819;519;29;662
519;29;302;519;29;664
519;29;664;519;29;302
519;29;908;519;29;2808
519;29;2808;519;29;908
519;29;856;519;29;905
519;29;905;519;29;856
519;29;1161;519;29;1756
519;29;1756;519;29;2883
519;29;2883;519;29;1161
519;29;285;519;29;2684
519;29;2684;519;29;285
519;29;2686;519;29;2688
519;29;2688;519;29;2686
519;29;122;519;29;1017
519;29;1017;519;29;1348
519;29;1348;519;29;122
519;29;121;519;29;277
519;29;277;519;29;121
519;29;279;519;29;281
519;29;281;519;29;332
519;29;332;519;29;279
519;29;282;519;29;1361
519;29;1361;519;29;2668
519;29;2668;519;29;282
519;29;85;519;29;287
519;29;287;519;29;506
519;29;506;519;29;85
519;29;1177;519;29;1402
519;29;1402;519;29;2651
519;29;2651;519;29;1177
519;29;5;519;29;1489
519;29;1489;519;29;2539
519;29;2539;519;29;5
519;29;6;519;29;2814
519;29;2814;519;29;6
519;29;232;519;29;381
519;29;381;519;29;232
519;29;1463;519;29;1482
519;29;1482;519;29;1463
519;29;2337;519;29;2812
519;29;2812;519;29;2337
519;29;2334;519;29;2354
519;29;2354;519;29;2483
519;29;2483;519;29;2993
519;29;2993;519;29;2334
519;29;489;519;29;2282
519;29;2282;519;29;489
519;29;106;519;29;480
519;29;480;519;29;106
519;29;62;519;29;481
519;29;481;519;29;62
519;29;240;519;29;2797
519;29;2797;519;29;240
519;29;691;519;29;694
519;29;694;519;29;691
519;29;697;519;29;1685
519;29;1685;519;29;697
519;29;231;519;29;700
519;29;700;519;29;231
519;29;823;519;29;2266
519;29;2266;519;29;823
519;29;80;519;29;1439
519;29;1439;519;29;80
519;29;1249;519;29;2085
519;29;2085;519;29;1249
519;29;1252;519;29;1833
519;29;1833;519;29;1252
519;29;2448;519;29;3012
519;29;3012;519;29;3013
519;29;3013;519;29;2448
519;29;1013;519;29;1662
519;29;1662;519;29;1013
519;29;1428;519;29;1530
519;29;1530;519;29;1428
519;29;9;519;29;1488
519;29;1488;519;29;9
519;29;1763;519;29;1769
519;29;1769;519;29;1763
519;29;1476;519;29;2473
519;29;2473;519;29;1476
519;29;1773;519;29;1777
519;29;1777;519;29;1773
519;29;1812;519;29;2341
519;29;2341;519;29;1812
519;29;1514;519;29;1745
519;29;1745;519;29;1514
519;29;97;519;29;99
519;29;99;519;29;158
519;29;158;519;29;160
519;29;160;519;29;97
519;29;95;519;29;844
519;29;844;519;29;95
519;29;93;519;29;2628
519;29;2628;519;29;93
519;29;2501;519;29;2502
519;29;2502;519;29;2784
519;29;2784;519;29;2501
519;29;2823;519;29;2824
519;29;2824;519;29;2823
519;29;1386;519;29;2306
519;29;2306;519;29;1386
519;29;2307;519;29;2322
519;29;2322;519;29;2307
519;29;320;519;29;681
519;29;681;519;29;320
519;29;683;519;29;1840
519;29;1840;519;29;683
519;29;2311;519;29;2976
519;29;2976;519;29;2311
519;29;362;519;29;687
519;29;687;519;29;362
519;29;1302;519;29;2215
519;29;2215;519;29;1302
519;29;1265;519;29;1303
519;29;1303;519;29;1605
519;29;1605;519;29;1265
519;29;234;519;29;236
519;29;236;519;29;321
519;29;321;519;29;2712
519;29;2712;519;29;234
519;29;86;519;29;237
519;29;237;519;29;86
519;29;1236;519;29;1579
519;29;1579;519;29;1236
519;29;331;519;29;338
519;29;338;519;29;1019
519;29;1019;519;29;331
519;29;336;519;29;842
519;29;842;519;29;1166
519;29;1166;519;29;336
519;29;2073;519;29;2077
519;29;2077;519;29;2073
519;29;1105;519;29;1289
519;29;1289;519;29;1105
519;29;1107;519;29;1598
519;29;1598;519;29;1107
519;29;1291;519;29;2396
519;29;2396;519;29;1291
519;29;2393;519;29;2398
519;29;2398;519;29;2393
519;29;1904;519;29;1908
519;29;1908;519;29;1904
519;29;53;519;29;1380
519;29;1380;519;29;53
519;29;1238;519;29;2125
519;29;2125;519;29;2129
519;29;2129;519;29;1238
519;29;361;519;29;1673
519;29;1673;519;29;361
519;29;365;519;29;1683
519;29;1683;519;29;365
519;29;2365;519;29;2698
519;29;2698;519;29;2365
519;29;2699;519;29;2709
519;29;2709;519;29;2699
519;29;726;519;29;731
519;29;731;519;29;726
519;29;1593;519;29;1597
519;29;1597;519;29;1593
519;29;210;519;29;1599
519;29;1599;519;29;210
519;29;1275;519;29;2721
519;29;2721;519;29;1275
519;29;2765;519;29;2768
519;29;2768;519;29;2765
519;29;1372;519;29;2766
519;29;2766;519;29;1372
519;29;840;519;29;1134
519;29;1134;519;29;840
519;29;836;519;29;838
519;29;838;519;29;836
519;29;204;519;29;2586
519;29;2586;519;29;204
519;29;1034;519;29;1262
519;29;1262;519;29;1034
519;29;1263;519;29;1268
519;29;1268;519;29;2179
519;29;2179;519;29;1263
519;29;1620;519;29;2162
519;29;2162;519;29;1620
519;29;298;519;29;1266
519;29;1266;519;29;2288
519;29;2288;519;29;298
519;29;2743;519;29;2745
519;29;2745;519;29;2743
519;29;1997;519;29;2565
519;29;2565;519;29;1997
519;29;2312;519;29;2314
519;29;2314;519;29;2312
519;29;2315;519;29;2317
519;29;2317;519;29;2315
519;29;2166;519;29;2178
519;29;2178;519;29;2166
519;29;2441;519;29;2637
519;29;2637;519;29;2441
519;29;263;519;29;1556
519;29;1556;519;29;263
519;29;870;519;29;1405
519;29;1405;519;29;870
519;29;3016;519;29;3017
519;29;3017;519;29;3016
519;29;1896;519;29;1969
519;29;1969;519;29;1896
519;29;2837;519;29;2839
519;29;2839;519;29;2837
519;29;254;519;29;290
519;29;290;519;29;1021
519;29;1021;519;29;1027
519;29;1027;519;29;254
519;29;293;519;29;2088
519;29;2088;519;29;293
519;29;296;519;29;1606
519;29;1606;519;29;296
519;29;303;519;29;1190
519;29;1190;519;29;303
519;29;2044;519;29;2800
519;29;2800;519;29;2044
519;29;1003;519;29;2045
519;29;2045;519;29;1003
519;29;939;519;29;2046
519;29;2046;519;29;939
519;29;999;519;29;1001
519;29;1001;519;29;999
519;29;258;519;29;1002
519;29;1002;519;29;258
519;29;812;519;29;834
519;29;834;519;29;812
519;29;161;519;29;832
519;29;832;519;29;2568
519;29;2568;519;29;161
519;29;2358;519;29;2402
519;29;2402;519;29;2593
519;29;2593;519;29;2358
519;29;1288;519;29;1592
519;29;1592;519;29;1288
519;29;1314;519;29;2389
519;29;2389;519;29;1314
519;29;164;519;29;344
519;29;344;519;29;1824
519;29;1824;519;29;2891
519;29;2891;519;29;164
519;29;165;519;29;829
519;29;829;519;29;165
519;29;322;519;29;2706
519;29;2706;519;29;2708
519;29;2708;519;29;2713
519;29;2713;519;29;322
519;29;1256;519;29;1313
519;29;1313;519;29;1256
519;29;200;519;29;1257
519;29;1257;519;29;200
519;29;1258;519;29;2098
519;29;2098;519;29;1258
519;29;1029;519;29;1031
519;29;1031;519;29;1235
519;29;1235;519;29;1260
519;29;1260;519;29;1029
519;29;2582;519;29;2584
519;29;2584;519;29;2582
519;29;2580;519;29;2585
519;29;2585;519;29;2580
519;29;1285;519;29;2231
519;29;2231;519;29;1285
519;29;996;519;29;2937
519;29;2937;519;29;996
519;29;1192;519;29;1820
519;29;1820;519;29;1192
519;29;310;519;29;312
519;29;312;519;29;310
519;29;2899;519;29;2995
519;29;2995;519;29;2899
519;29;2900;519;29;2996
519;29;2996;519;29;2900
519;29;1038;519;29;1064
519;29;1064;519;29;1038
519;29;1342;519;29;2570
519;29;2570;519;29;1342
519;29;819;519;29;830
519;29;830;519;29;819
519;29;2731;519;29;2734
519;29;2734;519;29;2731
519;29;3014;519;29;3015
519;29;3015;519;29;3014
519;29;2132;519;29;2977
519;29;2977;519;29;2132
519;29;2134;519;29;2173
519;29;2173;519;29;2134
519;29;2069;519;29;2082
519;29;2082;519;29;2069
519;29;1239;519;29;2087
519;29;2087;519;29;1239
519;29;1956;519;29;1958
519;29;1958;519;29;1956
519;29;1270;519;29;2214
519;29;2214;519;29;1270
519;29;272;519;29;274
519;29;274;519;29;1181
519;29;1181;519;29;272
519;29;276;519;29;1755
519;29;1755;519;29;276
519;29;315;519;29;2893
519;29;2893;519;29;315
519;29;316;519;29;318
519;29;318;519;29;316
519;29;2672;519;29;2674
519;29;2674;519;29;2672
519;29;2675;519;29;2680
519;29;2680;519;29;2675
519;29;871;519;29;873
519;29;873;519;29;871
519;29;874;519;29;2042
519;29;2042;519;29;874
519;29;875;519;29;2799
519;29;2799;519;29;875
519;29;252;519;29;876
519;29;876;519;29;252
519;29;1070;519;29;1072
519;29;1072;519;29;1070
519;29;1073;519;29;2010
519;29;2010;519;29;2571
519;29;2571;519;29;1073
519;29;1075;519;29;1078
519;29;1078;519;29;1075
519;29;245;519;29;1076
519;29;1076;519;29;245
519;29;1081;519;29;2383
519;29;2383;519;29;1081
519;29;1068;519;29;2387
519;29;2387;519;29;1068
519;29;1044;519;29;1069
519;29;1069;519;29;1044
519;29;2574;519;29;2575
519;29;2575;519;29;2574
519;29;1189;519;29;1640
519;29;1640;519;29;1189
519;29;1188;519;29;1245
519;29;1245;519;29;1188
519;29;215;519;29;1194
519;29;1194;519;29;215
519;29;1331;519;29;2113
519;29;2113;519;29;1331
519;29;79;519;29;1827
519;29;1827;519;29;79
519;29;2661;519;29;2890
519;29;2890;519;29;2661
519;29;347;519;29;349
519;29;349;519;29;347
519;29;345;519;29;813
519;29;813;519;29;815
519;29;815;519;29;345
519;29;249;519;29;2097
519;29;2097;519;29;249
519;29;84;519;29;2253
519;29;2253;519;29;84
519;29;52;519;29;1371
519;29;1371;519;29;2577
519;29;2577;519;29;52
519;29;58;519;29;1332
519;29;1332;519;29;2595
519;29;2595;519;29;58
519;29;1356;519;29;1360
519;29;1360;519;29;1356
519;29;1373;519;29;1384
519;29;1384;519;29;1373
519;29;623;519;29;1374
519;29;1374;519;29;623
519;29;205;519;29;1278
519;29;1278;519;29;1286
519;29;1286;519;29;205
519;29;207;519;29;1290
519;29;1290;519;29;207
519;29;1383;519;29;2769
519;29;2769;519;29;1383
519;29;1385;519;29;2738
519;29;2738;519;29;1385
519;29;2578;519;29;2579
519;29;2579;519;29;2578
519;29;863;519;29;2746
519;29;2746;519;29;863
519;29;2591;519;29;2592
519;29;2592;519;29;2591
519;29;2590;519;29;2846
519;29;2846;519;29;2590
519;29;1960;519;29;1967
519;29;1967;519;29;1960
519;29;1607;519;29;1643
519;29;1643;519;29;1607
519;29;1343;519;29;2754
519;29;2754;519;29;1343
519;29;1344;519;29;1479
519;29;1479;519;29;1344
519;29;642;519;29;2735
519;29;2735;519;29;642
519;29;817;519;29;2671
519;29;2671;519;29;817
519;29;820;519;29;822
519;29;822;519;29;820
519;29;643;519;29;2739
519;29;2739;519;29;643
519;29;1269;519;29;1279
519;29;1279;519;29;1269
519;29;451;519;29;1329
519;29;1329;519;29;451
519;29;1310;519;29;2723
519;29;2723;519;29;1310
519;29;2151;519;29;2174
519;29;2174;519;29;2151
519;29;2157;519;29;2176
519;29;2176;519;29;2157
519;29;1168;519;29;1170
519;29;1170;519;29;1168
519;29;427;519;29;1308
519;29;1308;519;29;427
