CID;LID;NID;NAME;NCOMMENT
519;1;1;亚洲;
519;1;2;中国;
519;1;3;天津;
519;1;1391;天津市;
519;1;2164;京哈高速公路;
519;1;2113;Ｓ２７４;
519;1;1493;玉石线;
519;1;2373;平宝线;
519;1;1495;宝坻服务区;
519;1;2374;津围线;
519;1;358;津蓟高速公路;
519;1;2375;塘承高速公路;
519;1;1556;新中路;
519;1;1497;新安镇服务区;
519;1;2019;津塘公路;
519;1;2175;外环东路;
519;1;1796;津塘四号路;
519;1;2528;四经路;
519;1;401;东金路;
519;1;2398;汉港线;
519;1;556;于庄子路;
519;1;2174;长深高速公路;
519;1;2199;西中环快速;
519;1;2529;胡家园立交桥;
519;1;559;津滨高速公路;
519;1;2215;新港四号路;
519;1;2214;大连东道;
519;1;1403;海滨大道;
519;1;2389;京津线;
519;1;2196;河大路;
519;1;2211;外环北路;
519;1;2405;崔廊线;
519;1;2208;碱东支路;
519;1;2530;武香线;
519;1;2422;武清环线;
519;1;2362;杨六路;
519;1;2423;武宁线;
519;1;2387;北杨线;
519;1;2424;嘉宁道;
519;1;2411;京塘支线;
519;1;2181;滨保高速公路;
519;1;2377;九园线;
519;1;1405;临海路;
519;1;2216;东环路;
519;1;1416;Ｇ１１２天津段;
519;1;2412;码杨线;
519;1;2356;同旺路;
519;1;1419;王庆坨交警大队;
519;1;1973;津保高速公路;
519;1;546;西青道;
519;1;602;青致路;
519;1;762;天泰路;
519;1;595;青远路;
519;1;175;柳口路;
519;1;2220;柳云路;
519;1;2404;京福线;
519;1;2206;外环西路;
519;1;849;西横堤;
519;1;912;咸阳路;
519;1;146;红旗北路;
519;1;925;复兴路;
519;1;591;河北大街;
519;1;1776;津淄公路;
519;1;2228;李杜路（Ｇ２０５）;
519;1;2225;外环南路;
519;1;2227;中青路;
519;1;2365;津王公路;
519;1;1773;荣乌高速公路;
519;1;2383;制万线;
519;1;1421;Ｓ１０８;
519;1;2224;宏利路;
519;1;2226;天祥道;
519;1;1367;梨双路;
519;1;2380;津芦线;
519;1;2379;喜邦线;
519;1;2198;津宁高速公路;
519;1;2180;天津站服务区;
519;1;2376;津榆线;
519;1;1483;京津高速公路;
519;1;1460;珠江大道;
519;1;1461;津蓟服务区;
519;1;2076;潮阳大道;
519;1;2077;仓桑路;
519;1;2182;蓟州服务区;
519;1;2378;京哈线;
519;1;2184;蓟州收费站;
519;1;487;京津塘高速公路;
519;1;482;高新大道;
519;1;1713;北仓延长路;
519;1;2229;东丽湖路;
519;1;2388;津汉线;
519;1;2443;津大线;
519;1;359;跃进路;
519;1;1675;南孙庄小学;
519;1;22;津汉公路;
519;1;2410;西大道;
519;1;2201;津汉联络线;
519;1;1827;机场大道;
519;1;327;中环西路;
519;1;2230;华明大道;
519;1;2447;津北线;
519;1;379;驯海路;
519;1;2232;旭阳路;
519;1;496;津沽公路;
519;1;2027;津沽一线;
519;1;2193;天津大道;
519;1;1739;九龙街;
519;1;2240;白万路;
519;1;2236;雅深路;
519;1;1777;津歧公路;
519;1;2448;津沽线;
519;1;2450;葛万线;
519;1;2364;富康路;
519;1;2235;南门路;
519;1;2399;塘港线;
519;1;953;河南路;
519;1;2351;南慧路;
519;1;2536;欣发公寓;
519;1;2452;东盐路;
519;1;1782;闸南路;
519;1;2205;津港公路;
519;1;468;津晋高速公路;
519;1;2062;芦北路;
519;1;510;爱迪生道;
519;1;509;榆水路;
519;1;508;兴华道;
519;1;2189;海滨高速公路;
519;1;914;红旗路;
519;1;1958;沿海高速公路;
519;1;17;津晋公路;
519;1;2191;海河道;
519;1;1800;新港二号路;
519;1;1794;京门大道;
519;1;1809;第九大街;
519;1;1810;新港八号路;
519;1;2384;汉蔡线;
519;1;1956;双桥服务区;
519;1;2218;津静公路;
519;1;513;Ｇ１０４;
519;1;2427;京福支线;
519;1;524;津静复线;
519;1;171;霸杨线;
519;1;172;泰华路;
519;1;2217;辛老公路;
519;1;174;青沙路;
519;1;2413;营建线;
519;1;518;柳霞路;
519;1;2244;天华路;
519;1;2454;津静线;
519;1;934;复康路;
519;1;182;海泰大道;
519;1;183;海泰南北大街;
519;1;184;海泰发展二路;
519;1;185;海泰东路;
519;1;2455;津霸线;
519;1;2437;津同线;
519;1;730;光荣道;
519;1;2336;安光南路;
519;1;2049;京福公路;
519;1;1698;韩达道;
519;1;560;北韩路;
519;1;2403;津永线;
519;1;2456;六道口村;
519;1;2173;河北工业大学;
519;1;2432;高王线;
519;1;2457;永安公墓;
519;1;2401;津文线;
519;1;2396;京福线（旧）;
519;1;2531;小卞庄桥;
519;1;30;东兴道;
519;1;531;旭华道;
519;1;532;春曦道;
519;1;1459;朝阳道;
519;1;464;金海道;
519;1;2392;团王线;
519;1;2138;中北大道;
519;1;449;海光路;
519;1;2294;星光路;
519;1;2295;万卉路;
519;1;2460;滨唐线;
519;1;1807;东海路;
519;1;2337;芦花庄园;
519;1;2296;七里海大道;
519;1;2297;东安驾校一号路;
519;1;2386;天津市吉帝化工厂;
519;1;2022;Ｓ１０３;
519;1;2298;服务区;
519;1;1716;塘汉路;
519;1;954;河北路;
519;1;2247;盛塘路;
519;1;1779;辛庄子村路;
519;1;2461;崔杨线;
519;1;121;津涞公路;
519;1;2532;欣杨道;
519;1;1499;御河道;
519;1;5;京沪高速公路;
519;1;2319;停车区;
519;1;403;中心庄路;
519;1;1786;杨北大街;
519;1;2249;港城大道西路;
519;1;395;芦新河路;
519;1;1707;津赤路;
519;1;400;东九道;
519;1;2338;津汉支路;
519;1;2262;春华路;
519;1;2357;塘汉快速路;
519;1;2463;津塘二线;
519;1;1682;中心大道;
519;1;2402;静霸线;
519;1;1441;良王庄乡政府;
519;1;929;大丰路;
519;1;265;西马路;
519;1;932;南运河北路;
519;1;392;盛源路;
519;1;1825;地盛道;
519;1;2339;务本一村小学;
519;1;388;先锋东路;
519;1;389;一经路;
519;1;390;三经路;
519;1;1161;五经路;
519;1;2204;津港高速公路;
519;1;2149;板港路;
519;1;2320;民兴园;
519;1;2390;二八线;
519;1;136;保山道;
519;1;947;鞍山西道;
519;1;936;西湖道;
519;1;139;嘉陵道;
519;1;938;长江道;
519;1;141;渭水道;
519;1;923;黄河道;
519;1;915;青年路;
519;1;924;芥园道;
519;1;364;富民路;
519;1;2250;国康道;
519;1;218;光华路;
519;1;2464;友谊路延长线;
519;1;678;静水道;
519;1;679;领世路;
519;1;2465;周李庄村;
519;1;2253;董甸路;
519;1;2466;杨柳青三中;
519;1;600;新华道;
519;1;1470;柳溪苑小区;
519;1;305;建设路;
519;1;971;和平路;
519;1;1186;曲阜道;
519;1;1512;烟台道;
519;1;294;泰安道;
519;1;2467;团静路;
519;1;26;津沧高速公路;
519;1;1870;爱国道;
519;1;1260;广东路;
519;1;1758;福建路;
519;1;1069;隆昌路;
519;1;666;大沽南路;
519;1;946;鞍山道;
519;1;957;兴安路;
519;1;948;新兴路;
519;1;949;南京路;
519;1;950;甘肃路;
519;1;951;陕西路;
519;1;952;山西路;
519;1;955;山东路;
519;1;956;新华路;
519;1;945;卫津路;
519;1;941;三潭路;
519;1;942;白堤路;
519;1;943;南丰路;
519;1;944;玉泉路;
519;1;635;八纬路;
519;1;216;东兴路;
519;1;1176;六经路;
519;1;1182;大直沽中路;
519;1;2256;大直沽西路;
519;1;1181;十五经路;
519;1;659;十三经路;
519;1;658;十一经路;
519;1;656;九经路;
519;1;937;灵隐道;
519;1;1852;白云山路;
519;1;2257;潭江道;
519;1;1378;五号堤路;
519;1;1287;绥江道;
519;1;1518;蚌埠道;
519;1;631;台儿庄路;
519;1;1816;宝山道;
519;1;1788;车站北路;
519;1;1808;第五大街;
519;1;1818;金江路;
519;1;1548;保定道;
519;1;634;六纬路;
519;1;296;湖北路;
519;1;1184;大沽北路;
519;1;1187;解放北路;
519;1;2254;北辰道;
519;1;1500;京津路;
519;1;1502;高峰路;
519;1;1762;铁东北路;
519;1;1887;北大街;
519;1;264;北马路;
519;1;268;大胡同;
519;1;266;北门外大街;
519;1;267;城厢东路;
519;1;592;城厢中路;
519;1;382;变电所路;
519;1;1839;繁荣大街;
519;1;219;津塘路;
519;1;45;先锋路;
519;1;2420;宾馆路;
519;1;2421;宾友道;
519;1;1271;马场道;
519;1;1840;宾馆南道;
519;1;1061;紫金山路;
519;1;204;友谊路;
519;1;1062;宾馆西路;
519;1;670;黑牛城道;
519;1;1053;宾水道;
519;1;1058;卫津南路;
519;1;1063;乐园道;
519;1;1059;环湖中路;
519;1;1060;环湖东路;
519;1;1049;宾水西道;
519;1;2471;工西路;
519;1;1505;立德路;
519;1;1052;红旗南路延长线;
519;1;1055;水上公园西路;
519;1;1056;水上公园东路;
519;1;1057;士英路;
519;1;459;宾水西道延长线;
519;1;1051;华苑路;
519;1;1516;滨江道;
519;1;2472;桂发祥十八街麻花总店;
519;1;2395;滨石高速公路;
519;1;1157;博爱道;
519;1;2473;北安桥;
519;1;1162;海河东路;
519;1;1159;民族路;
519;1;1160;民生路;
519;1;1042;苍穹道;
519;1;1727;上海道;
519;1;1729;广州道;
519;1;563;辰昌路;
519;1;571;丁字沽三号路;
519;1;570;佳庆道;
519;1;569;佳宁道;
519;1;568;龙泉道;
519;1;567;龙门道;
519;1;566;龙岩道;
519;1;565;龙洲道;
519;1;726;辰达路;
519;1;1717;环景南路;
519;1;2020;龙武路;
519;1;727;环瑞南路;
519;1;2474;辰康路;
519;1;731;辰盛路;
519;1;742;辰旺路;
519;1;746;龙阳道;
519;1;737;辰兴路;
519;1;2261;北环道;
519;1;415;辰永路;
519;1;574;唐家湾横堤;
519;1;2342;天平路;
519;1;2343;北辰区天利纸制品厂;
519;1;718;辰远路;
519;1;995;成都道;
519;1;1847;吴家窑二号路;
519;1;1230;西康路;
519;1;996;贵州路;
519;1;1231;云南路;
519;1;1232;桂林路;
519;1;1344;成林道;
519;1;2475;堂口地道;
519;1;2371;十一经路桥;
519;1;639;靖江路;
519;1;1719;泰兴南路;
519;1;1348;泰昌路;
519;1;1720;顺达路;
519;1;1350;昆仑路;
519;1;1351;沙柳北路;
519;1;1354;南马路;
519;1;1355;南城街;
519;1;901;城厢西路;
519;1;1149;赤峰道;
519;1;2263;新环南街;
519;1;1888;新业九街;
519;1;1185;徐州道;
519;1;1188;营口道;
519;1;1189;哈尔滨道;
519;1;1273;奉化道;
519;1;1274;利民道;
519;1;667;围堤道;
519;1;668;解放南路;
519;1;669;太湖路;
519;1;671;微山路;
519;1;672;珠江道;
519;1;2537;大沽南路辅路;
519;1;2538;古芳里;
519;1;1319;洞庭路;
519;1;1384;学苑路;
519;1;1329;渌水道;
519;1;1195;大沽桥;
519;1;1446;通北路;
519;1;931;南运河南路;
519;1;1116;新开大街;
519;1;636;红星路;
519;1;1513;丹东路;
519;1;1539;辽宁路;
519;1;86;登州路;
519;1;1345;卫国道;
519;1;2021;崂山道;
519;1;1790;南海路;
519;1;1789;黄海路;
519;1;1791;泰祥路;
519;1;575;本溪路;
519;1;576;咸阳北路;
519;1;577;白酒厂大道;
519;1;578;勤俭道;
519;1;579;五爱道;
519;1;763;丁字沽一号路;
519;1;764;唐家湾大道;
519;1;1799;中央大道;
519;1;787;东马路;
519;1;906;通南路;
519;1;217;新围堤道;
519;1;1347;津滨大道;
519;1;220;中山门二号路;
519;1;1321;浯水道;
519;1;1323;怒江道;
519;1;1145;多伦道;
519;1;985;南开五纬路;
519;1;271;张自忠路;
519;1;2310;凤凰路;
519;1;354;真理道;
519;1;2309;满江道;
519;1;968;福安大街;
519;1;969;南门外大街;
519;1;970;荣业大街;
519;1;190;榕苑路;
519;1;191;梅苑路;
519;1;2265;西营门大街;
519;1;2266;洪湖东路;
519;1;2478;南运河南道;
519;1;1359;子牙河南路;
519;1;1201;锦州道;
519;1;1843;万全道;
519;1;1510;哈密道;
519;1;1833;港宁东路;
519;1;1834;港宁西路;
519;1;2301;南仓道辅道;
519;1;89;延吉道;
519;1;92;天重道;
519;1;2300;果园南道;
519;1;2283;景明路;
519;1;1081;革新道;
519;1;1082;养鱼池路;
519;1;2242;工一号路;
519;1;2286;千里堤;
519;1;1267;合肥道;
519;1;1264;永安道;
519;1;1265;九龙路;
519;1;1266;绍兴道;
519;1;916;广开四马路;
519;1;922;西市大街;
519;1;258;广开中街;
519;1;965;南开三马路;
519;1;961;广开二马路;
519;1;1198;贵阳路;
519;1;1200;西宁道;
519;1;2510;柳州路（武昌路）;
519;1;2162;常德道;
519;1;1862;睦南道;
519;1;1102;中山路;
519;1;1105;建国道;
519;1;1104;狮子林大街;
519;1;1730;海河东路隧道;
519;1;1874;十二经路;
519;1;1723;直沽桥;
519;1;2267;富民桥;
519;1;2526;海源南道;
519;1;2527;涟源路;
519;1;1837;航天道;
519;1;2031;航天北里小区;
519;1;2370;河北大街高架;
519;1;1952;三条石大街;
519;1;1555;泰达大街;
519;1;1514;重庆道;
519;1;1814;顺化道;
519;1;2480;坨场道;
519;1;223;红旗南路;
519;1;225;友谊南路;
519;1;2522;黑牛城道辅路;
519;1;1155;台儿庄南路;
519;1;148;湘潭路;
519;1;129;迎风道;
519;1;1951;育梁道;
519;1;131;迎水道;
519;1;132;堤南道;
519;1;2243;秀川路;
519;1;126;凌宾路;
519;1;2540;红旗南路辅路;
519;1;584;红桥北大街;
519;1;581;新红路;
519;1;1070;建昌道;
519;1;106;志成路;
519;1;351;育红路;
519;1;353;幸福道;
519;1;352;增产道;
519;1;2369;红星路辅路;
519;1;2483;东风立交桥;
519;1;1290;宏源道;
519;1;1291;赛达路;
519;1;1293;兴华四支路;
519;1;759;洪湖北路;
519;1;1868;唐山道;
519;1;1846;湖南路;
519;1;1167;华昌道;
519;1;2484;顺驰桥环岛;
519;1;1170;新开路;
519;1;2036;新泰路;
519;1;2045;王串场一号路;
519;1;1306;华龙道;
519;1;1169;新兆路;
519;1;1310;金钟河东街;
519;1;1307;新广路;
519;1;1519;华兴道;
519;1;1018;华苑东路;
519;1;1017;中孚路;
519;1;1016;飞鸿路;
519;1;1949;淮河道;
519;1;1848;环湖北道;
519;1;1849;环湖西路;
519;1;1850;环湖南道;
519;1;1851;环湖中道;
519;1;1222;气象台路;
519;1;1950;体院北道;
519;1;695;环瑞北路;
519;1;696;瑞景西道;
519;1;697;瑞达北路;
519;1;886;芥园西道;
519;1;887;南泥湾路;
519;1;911;密云路;
519;1;866;冶金路;
519;1;890;向阳路;
519;1;894;临潼路;
519;1;2327;星光广场;
519;1;1066;黄埔南路;
519;1;1253;前进道;
519;1;105;黄纬路;
519;1;111;二马路;
519;1;110;三马路;
519;1;2038;四马路;
519;1;1101;五马路;
519;1;107;八马路;
519;1;2506;机场北路;
519;1;1828;西二路;
519;1;2485;机场进场路;
519;1;2269;机场三号路;
519;1;376;机场一号路;
519;1;1879;敬一堂药店;
519;1;1511;尖山路;
519;1;1251;平江道;
519;1;2323;简阳路;
519;1;1071;中山北路;
519;1;1073;泰州路;
519;1;1759;群芳路;
519;1;1123;翔纬路;
519;1;1109;胜利路;
519;1;1522;开封道;
519;1;2270;保定桥;
519;1;623;湘江道;
519;1;624;琼州道;
519;1;874;闸桥南路;
519;1;875;怡华路;
519;1;864;福姜路;
519;1;1118;金钢桥;
519;1;284;金沙江路;
519;1;279;金钟河大街;
519;1;113;金纬路;
519;1;117;金田道;
519;1;116;金庭道;
519;1;280;昆纬路;
519;1;285;赵沽里大街;
519;1;2268;金钟桥大街;
519;1;515;Ｓ１１２;
519;1;2013;津保高速服务区;
519;1;2326;津保高速公路至外环西路;
519;1;1457;津沧高速公路天津段;
519;1;2354;前毕庄收费站;
519;1;2445;津大线至京津高速公路;
519;1;2397;津蓟高速公路天津段;
519;1;2381;宝平路;
519;1;2382;盘山收费站;
519;1;2179;津蓟联络线;
519;1;1488;芦北口服务区;
519;1;2453;津文公路;
519;1;2241;郭村路;
519;1;2317;津荣道;
519;1;657;十经路;
519;1;2490;雪莲南路;
519;1;1415;子牙河桥;
519;1;2517;津围路;
519;1;788;永吉路;
519;1;1439;小卞庄大桥;
519;1;2002;裕华道;
519;1;2187;赛达大道;
519;1;2003;荣华道;
519;1;539;津永公路;
519;1;2358;津海路;
519;1;2436;津榆复线;
519;1;2222;金帝达路;
519;1;2491;进步道;
519;1;973;平安街;
519;1;2219;南环道;
519;1;2334;兴苑别墅;
519;1;1408;雍阳西道;
519;1;1658;Ｓ３８１;
519;1;2194;京沪高速公路天津段;
519;1;2400;团大线;
519;1;1476;静海服务区;
519;1;1477;王庆坨服务区;
519;1;2103;泗村店服务区;
519;1;1592;云鹏道;
519;1;2195;京津高速公路天津段;
519;1;1595;白古屯停车区;
519;1;2408;大东线;
519;1;2409;翠亨路;
519;1;2407;京津高速联络线;
519;1;1921;梅厂服务区;
519;1;1922;造甲城停车区;
519;1;2106;东丽湖出入口;
519;1;1746;小高地;
519;1;2107;新北公路;
519;1;2406;清溪路;
519;1;2355;下朱庄出口;
519;1;96;普济河道;
519;1;1466;柳东道;
519;1;93;顺义道;
519;1;91;果园北道;
519;1;417;北医道;
519;1;1469;徐官屯服务区;
519;1;1479;东丽服务区;
519;1;2202;航空路;
519;1;2203;军蓟路立交桥;
519;1;2119;新港五号路;
519;1;2493;北航路;
519;1;1795;海滨九路;
519;1;2361;华实道;
519;1;1889;景盛路;
519;1;1891;月牙河道;
519;1;642;晨阳道;
519;1;644;常州道;
519;1;2495;新开路（堂口地道）;
519;1;650;七纬路;
519;1;652;九纬路;
519;1;2549;菊苑路;
519;1;2488;复康路（春明路）;
519;1;234;昆仑北路;
519;1;1204;昆明路;
519;1;332;东四经路;
519;1;333;东二经路;
519;1;1845;兰州道;
519;1;1844;四平西道;
519;1;1067;越秀路;
519;1;2346;李公祠大街;
519;1;2345;七马路;
519;1;2273;海滨三路;
519;1;2120;领世一大道;
519;1;2496;润杨道;
519;1;1856;柳州路;
519;1;1857;武昌路;
519;1;1858;襄阳道;
519;1;2277;郝甲大院;
519;1;723;辰通路;
519;1;2311;龙山道;
519;1;2312;博山道;
519;1;321;祁连路;
519;1;2497;龙泽道;
519;1;2544;禄安大街;
519;1;799;律纬路;
519;1;2498;志成路（新开桥）;
519;1;1012;物华道;
519;1;1011;开华道;
519;1;1010;华天道;
519;1;2316;密云二支路;
519;1;822;宜宾道;
519;1;1832;密云一支路;
519;1;2278;兴宁路;
519;1;1831;延安路;
519;1;2160;自由道;
519;1;1892;岷江路;
519;1;2494;天江路;
519;1;1829;闵行路;
519;1;2302;南仓道;
519;1;1506;鼓楼南街;
519;1;2124;湖滨道;
519;1;256;南开三纬路;
519;1;1824;海通街;
519;1;299;浦口道;
519;1;966;南开二马路;
519;1;963;南开二纬路;
519;1;800;南口路;
519;1;797;胜景道;
519;1;796;榆关道;
519;1;795;古北道;
519;1;904;庆善大街;
519;1;987;服装街;
519;1;2303;大丰桥;
519;1;2279;小伙巷;
519;1;976;进步路;
519;1;1282;平山道;
519;1;162;普济河东道;
519;1;164;三千路;
519;1;165;万科花园路;
519;1;1225;吴家窑大街;
519;1;1226;同安道;
519;1;1227;电台道;
519;1;2163;竹山路;
519;1;152;洪湖中路;
519;1;155;丁字沽二号路;
519;1;306;浙江路;
519;1;1087;红梅道;
519;1;1507;荣安大街;
519;1;2525;荣乌辅路;
519;1;2223;ＳＬ１４;
519;1;1775;港中路;
519;1;1924;大港服务区;
519;1;2132;津淄路;
519;1;2133;津王公路出入口;
519;1;2185;荣乌高速公路天津段;
519;1;2524;荣乌联络线;
519;1;1023;工华道;
519;1;694;环景北路;
519;1;1296;鑫源道;
519;1;792;宜白路;
519;1;2315;三水道;
519;1;1859;沙市道;
519;1;1820;新港路;
519;1;1819;中心路;
519;1;1237;友谊北路;
519;1;2328;中孚大厦;
519;1;1869;南昌路;
519;1;977;民主道;
519;1;2502;滨海路;
519;1;981;碧海路;
519;1;2307;曙光路;
519;1;344;张兴庄大道;
519;1;2308;志成路辅路;
519;1;834;双峰道;
519;1;2503;玉泉路（红磡大道）;
519;1;836;西湖村大街;
519;1;837;万德庄南北街;
519;1;2287;双环路;
519;1;1033;水上公园北道;
519;1;1036;庆丰路;
519;1;1041;天塔道;
519;1;1043;云际道;
519;1;1044;霞光道;
519;1;2546;水上公园北道南;
519;1;2372;顺驰桥;
519;1;2418;苏堤路;
519;1;2419;怀安环路;
519;1;1838;古海道;
519;1;2282;洪泽东路;
519;1;2281;台儿庄支路;
519;1;1792;北海路;
519;1;2314;泰兴路;
519;1;2258;九连山路;
519;1;2415;卫星公路;
519;1;2416;宝芦线;
519;1;2417;唐通线;
519;1;103;津浦北路;
519;1;102;杨桥北大街;
519;1;2504;席厂下坡;
519;1;161;铁东路;
519;1;2305;万柳村大街;
519;1;2505;盐坨桥;
519;1;538;外环线;
519;1;1589;中山西路;
519;1;2332;昆俞北路;
519;1;2330;机场货运路;
519;1;2535;南程林村;
519;1;2507;津北公路;
519;1;59;中兴路;
519;1;49;旺港路;
519;1;50;马集路;
519;1;54;任环路;
519;1;56;环宇路;
519;1;1590;淄环路;
519;1;66;新科道;
519;1;2508;卉康道;
519;1;69;津杨路;
519;1;2331;热带植物观光园;
519;1;72;大明道;
519;1;2509;津保桥;
519;1;2306;新阔路;
519;1;1079;中纺前街;
519;1;1332;东江道;
519;1;2284;微山南路;
519;1;207;白云路;
519;1;2313;卫国道辅路;
519;1;2156;万德庄大街;
519;1;490;温永库子路;
519;1;1860;蛇口道;
519;1;2285;博林园;
519;1;1342;艺林路;
519;1;2161;五经路隧道;
519;1;1098;调纬路;
519;1;1091;元纬路;
519;1;1093;月纬路;
519;1;1094;辰纬路;
519;1;1095;宿纬路;
519;1;1097;吕纬路;
519;1;2292;西安道;
519;1;1861;岳阳道;
519;1;1765;资阳路;
519;1;828;兰坪路;
519;1;1243;西楼后街;
519;1;2521;西青道辅路;
519;1;962;南开五马路;
519;1;383;詹庄子路;
519;1;385;福山路;
519;1;810;纪念馆路;
519;1;824;雅安道;
519;1;851;汾水道;
519;1;2349;海源道;
519;1;2290;新港一号路;
519;1;1822;港滨路;
519;1;1823;港医路;
519;1;2512;鸿运小区;
519;1;2289;胜阳里;
519;1;2360;新港路至中央大道;
519;1;2291;子牙河南道;
519;1;583;五中后大道;
519;1;2304;天津市交管局直属支队;
519;1;2516;南京路（卫津路）;
519;1;1515;长春道;
519;1;2280;兴华七支路;
519;1;1301;民和道;
519;1;2511;雪莲路;
519;1;2414;沿海高速公路天津段;
519;1;1957;丰碱线;
519;1;1078;水产前街;
519;1;778;均胜路;
519;1;779;宜洁路;
519;1;780;宜清路;
519;1;1004;艳阳路;
519;1;2148;欣苑路;
519;1;1523;泉旺路;
519;1;1239;汕头路;
519;1;773;雁门路;
519;1;1333;郁江道;
519;1;1863;大理道;
519;1;1871;增进道;
519;1;1872;荔湾路;
519;1;1144;荣吉大街;
519;1;913;罗江路;
519;1;2293;长沙路;
519;1;2170;长深高速公路天津段;
519;1;2188;范彭线;
519;1;1482;天津南服务区;
519;1;2394;大丰线;
519;1;2136;芦堂路;
519;1;1486;汉沽服务区;
519;1;2518;红星桥;
519;1;2519;北站桥;
519;1;1126;宇纬路;
519;1;1127;冈纬路;
519;1;1129;新大路;
519;1;2367;西四道;
519;1;2288;众诚里;
519;1;1277;梅江道;
