CID;TABCD;LCD;NEG_OFF_LCD;POS_OFF_LCD
519;29;2339;;1522
519;29;1522;2339;1523
519;29;1523;1522;1524
519;29;1524;1523;1525
519;29;1525;1524;2898
519;29;2898;1525;1526
519;29;1526;2898;1527
519;29;1527;1526;1528
519;29;1528;1527;
519;29;575;;576
519;29;576;575;577
519;29;577;576;578
519;29;578;577;579
519;29;579;578;580
519;29;580;579;2506
519;29;2506;580;581
519;29;581;2506;582
519;29;582;581;2510
519;29;2510;582;
519;29;2511;;1422
519;29;1422;2511;1423
519;29;1423;1422;2512
519;29;2512;1423;
519;29;1416;;1417
519;29;1417;1416;1418
519;29;1418;1417;1419
519;29;1419;1418;2826
519;29;2826;1419;2870
519;29;2870;2826;2871
519;29;2871;2870;2872
519;29;2872;2871;2873
519;29;2873;2872;2831
519;29;2831;2873;2505
519;29;2505;2831;563
519;29;563;2505;561
519;29;561;563;
519;29;2508;;1424
519;29;1424;2508;1425
519;29;1425;1424;
519;29;1720;;2958
519;29;2958;1720;565
519;29;565;2958;566
519;29;566;565;
519;29;617;;618
519;29;618;617;619
519;29;619;618;620
519;29;620;619;891
519;29;891;620;892
519;29;892;891;893
519;29;893;892;894
519;29;894;893;895
519;29;895;894;896
519;29;896;895;2514
519;29;2514;896;2515
519;29;2515;2514;
519;29;1721;;1434
519;29;1434;1721;1435
519;29;1435;1434;2874
519;29;2874;1435;2875
519;29;2875;2874;1436
519;29;1436;2875;1437
519;29;1437;1436;1412
519;29;1412;1437;1411
519;29;1411;1412;1410
519;29;1410;1411;1409
519;29;1409;1410;
519;29;2901;;510
519;29;510;2901;2479
519;29;2479;510;511
519;29;511;2479;2333
519;29;2333;511;2480
519;29;2480;2333;1469
519;29;1469;2480;1470
519;29;1470;1469;1471
519;29;1471;1470;1472
519;29;1472;1471;1473
519;29;1473;1472;2481
519;29;2481;1473;2431
519;29;2431;2481;2432
519;29;2432;2431;1474
519;29;1474;2432;2477
519;29;2477;1474;1475
519;29;1475;2477;
519;29;500;;501
519;29;501;500;502
519;29;502;501;503
519;29;503;502;504
519;29;504;503;2925
519;29;2925;504;2926
519;29;2926;2925;
519;29;2517;;2518
519;29;2518;2517;
519;29;367;;368
519;29;368;367;371
519;29;371;368;372
519;29;372;371;2961
519;29;2961;372;
519;29;325;;326
519;29;326;325;327
519;29;327;326;328
519;29;328;327;329
519;29;329;328;1741
519;29;1741;329;1742
519;29;1742;1741;
519;29;387;;388
519;29;388;387;1800
519;29;1800;388;1801
519;29;1801;1800;
519;29;513;;516
519;29;516;513;517
519;29;517;516;518
519;29;518;517;519
519;29;519;518;520
519;29;520;519;1781
519;29;1781;520;2834
519;29;2834;1781;
519;29;1782;;1783
519;29;1783;1782;1809
519;29;1809;1783;1810
519;29;1810;1809;1865
519;29;1865;1810;1866
519;29;1866;1865;2519
519;29;2519;1866;
519;29;2842;;2843
519;29;2843;2842;
519;29;2520;;2521
519;29;2521;2520;2522
519;29;2522;2521;2523
519;29;2523;2522;2964
519;29;2964;2523;1870
519;29;1870;2964;1871
519;29;1871;1870;
519;29;1761;;1760
519;29;1760;1761;1759
519;29;1759;1760;531
519;29;531;1759;530
519;29;530;531;529
519;29;529;530;528
519;29;528;529;527
519;29;527;528;526
519;29;526;527;
519;29;2486;;2487
519;29;2487;2486;2488
519;29;2488;2487;2489
519;29;2489;2488;2490
519;29;2490;2489;2492
519;29;2492;2490;2493
519;29;2493;2492;1914
519;29;1914;2493;2494
519;29;2494;1914;2495
519;29;2495;2494;2496
519;29;2496;2495;2497
519;29;2497;2496;2421
519;29;2421;2497;2422
519;29;2422;2421;2423
519;29;2423;2422;
519;29;170;;171
519;29;171;170;172
519;29;172;171;173
519;29;173;172;174
519;29;174;173;175
519;29;175;174;176
519;29;176;175;177
519;29;177;176;
519;29;178;;179
519;29;179;178;182
519;29;182;179;
519;29;2965;;183
519;29;183;2965;184
519;29;184;183;185
519;29;185;184;186
519;29;186;185;187
519;29;187;186;
519;29;448;;449
519;29;449;448;450
519;29;450;449;452
519;29;452;450;455
519;29;455;452;457
519;29;457;455;
519;29;419;;420
519;29;420;419;421
519;29;421;420;422
519;29;422;421;423
519;29;423;422;
519;29;1468;;553
519;29;553;1468;554
519;29;554;553;555
519;29;555;554;556
519;29;556;555;483
519;29;483;556;484
519;29;484;483;485
519;29;485;484;
519;29;465;;467
519;29;467;465;468
519;29;468;467;469
519;29;469;468;470
519;29;470;469;
519;29;2417;;2418
519;29;2418;2417;
519;29;2612;;2613
519;29;2613;2612;2906
519;29;2906;2613;2614
519;29;2614;2906;2615
519;29;2615;2614;2616
519;29;2616;2615;2617
519;29;2617;2616;2618
519;29;2618;2617;2619
519;29;2619;2618;2907
519;29;2907;2619;
519;29;1977;;1978
519;29;1978;1977;1979
519;29;1979;1978;
519;29;1877;;1878
519;29;1878;1877;
519;29;1852;;1853
519;29;1853;1852;1854
519;29;1854;1853;1855
519;29;1855;1854;1856
519;29;1856;1855;
519;29;1858;;1859
519;29;1859;1858;1860
519;29;1860;1859;1861
519;29;1861;1860;1862
519;29;1862;1861;
519;29;2827;;1420
519;29;1420;2827;1421
519;29;1421;1420;2828
519;29;2828;1421;
519;29;491;;492
519;29;492;491;493
519;29;493;492;494
519;29;494;493;
519;29;459;;460
519;29;460;459;461
519;29;461;460;462
519;29;462;461;463
519;29;463;462;
519;29;3011;;1538
519;29;1538;3011;1539
519;29;1539;1538;
519;29;1534;;1535
519;29;1535;1534;1536
519;29;1536;1535;2560
519;29;2560;1536;3010
519;29;3010;2560;
519;29;2600;;2601
519;29;2601;2600;2602
519;29;2602;2601;2908
519;29;2908;2602;2603
519;29;2603;2908;2604
519;29;2604;2603;2605
519;29;2605;2604;2606
519;29;2606;2605;2909
519;29;2909;2606;2910
519;29;2910;2909;2607
519;29;2607;2910;2608
519;29;2608;2607;2609
519;29;2609;2608;
519;29;2478;;2430
519;29;2430;2478;34
519;29;34;2430;35
519;29;35;34;
519;29;405;;407
519;29;407;405;408
519;29;408;407;2620
519;29;2620;408;410
519;29;410;2620;411
519;29;411;410;412
519;29;412;411;413
519;29;413;412;2691
519;29;2691;413;
519;29;2969;;415
519;29;415;2969;416
519;29;416;415;417
519;29;417;416;1448
519;29;1448;417;2527
519;29;2527;1448;1885
519;29;1885;2527;1886
519;29;1886;1885;1887
519;29;1887;1886;
519;29;2531;;1709
519;29;1709;2531;1710
519;29;1710;1709;3039
519;29;3039;1710;2532
519;29;2532;3039;1707
519;29;1707;2532;
519;29;2856;;2968
519;29;2968;2856;
519;29;496;;333
519;29;333;496;498
519;29;498;333;
519;29;967;;969
519;29;969;967;
519;29;1981;;1982
519;29;1982;1981;1983
519;29;1983;1982;1984
519;29;1984;1983;2530
519;29;2530;1984;
519;29;2587;;400
519;29;400;2587;401
519;29;401;400;403
519;29;403;401;404
519;29;404;403;
519;29;2771;;2773
519;29;2773;2771;2774
519;29;2774;2773;2775
519;29;2775;2774;2777
519;29;2777;2775;2778
519;29;2778;2777;2779
519;29;2779;2778;2780
519;29;2780;2779;2781
519;29;2781;2780;
519;29;1873;;1874
519;29;1874;1873;
519;29;136;;137
519;29;137;136;138
519;29;138;137;139
519;29;139;138;140
519;29;140;139;141
519;29;141;140;142
519;29;142;141;143
519;29;143;142;144
519;29;144;143;145
519;29;145;144;146
519;29;146;145;
519;29;2850;;2851
519;29;2851;2850;
519;29;2017;;2018
519;29;2018;2017;
519;29;714;;715
519;29;715;714;716
519;29;716;715;717
519;29;717;716;718
519;29;718;717;2439
519;29;2439;718;720
519;29;720;2439;
519;29;628;;629
519;29;629;628;630
519;29;630;629;631
519;29;631;630;632
519;29;632;631;633
519;29;633;632;634
519;29;634;633;
519;29;622;;389
519;29;389;622;624
519;29;624;389;625
519;29;625;624;626
519;29;626;625;
519;29;1449;;723
519;29;723;1449;2848
519;29;2848;723;722
519;29;722;2848;
519;29;583;;584
519;29;584;583;
519;29;637;;640
519;29;640;637;
519;29;1634;;1633
519;29;1633;1634;1632
519;29;1632;1633;1631
519;29;1631;1632;
519;29;1518;;1519
519;29;1519;1518;
519;29;2226;;2227
519;29;2227;2226;2228
519;29;2228;2227;2229
519;29;2229;2228;
519;29;984;;985
519;29;985;984;986
519;29;986;985;987
519;29;987;986;988
519;29;988;987;989
519;29;989;988;990
519;29;990;989;991
519;29;991;990;992
519;29;992;991;993
519;29;993;992;994
519;29;994;993;
519;29;977;;978
519;29;978;977;979
519;29;979;978;980
519;29;980;979;981
519;29;981;980;982
519;29;982;981;
519;29;2093;;2094
519;29;2094;2093;2095
519;29;2095;2094;1666
519;29;1666;2095;1667
519;29;1667;1666;1668
519;29;1668;1667;1669
519;29;1669;1668;1670
519;29;1670;1669;
519;29;971;;972
519;29;972;971;973
519;29;973;972;974
519;29;974;973;975
519;29;975;974;
519;29;2109;;2110
519;29;2110;2109;2111
519;29;2111;2110;
519;29;1679;;1680
519;29;1680;1679;
519;29;1937;;1938
519;29;1938;1937;1939
519;29;1939;1938;1940
519;29;1940;1939;
519;29;2205;;2206
519;29;2206;2205;2207
519;29;2207;2206;2208
519;29;2208;2207;2209
519;29;2209;2208;2210
519;29;2210;2209;1736
519;29;1736;2210;2542
519;29;2542;1736;
519;29;1541;;1542
519;29;1542;1541;1543
519;29;1543;1542;2535
519;29;2535;1543;
519;29;2788;;2789
519;29;2789;2788;
519;29;266;;267
519;29;267;266;268
519;29;268;267;269
519;29;269;268;
519;29;615;;614
519;29;614;615;
519;29;2029;;2030
519;29;2030;2029;2031
519;29;2031;2030;
519;29;2951;;2952
519;29;2952;2951;
519;29;2033;;2034
519;29;2034;2033;2035
519;29;2035;2034;
519;29;2037;;2038
519;29;2038;2037;2039
519;29;2039;2038;
519;29;1723;;1097
519;29;1097;1723;1098
519;29;1098;1097;1099
519;29;1099;1098;1100
519;29;1100;1099;1101
519;29;1101;1100;
519;29;1545;;1546
519;29;1546;1545;1547
519;29;1547;1546;
519;29;1090;;1093
519;29;1093;1090;1094
519;29;1094;1093;1095
519;29;1095;1094;1096
519;29;1096;1095;
519;29;1088;;1089
519;29;1089;1088;2971
519;29;2971;1089;
519;29;2954;;2955
519;29;2955;2954;
519;29;2194;;1656
519;29;1656;2194;1657
519;29;1657;1656;1658
519;29;1658;1657;
519;29;1496;;1497
519;29;1497;1496;1498
519;29;1498;1497;2913
519;29;2913;1498;
519;29;1196;;1197
519;29;1197;1196;1198
519;29;1198;1197;1199
519;29;1199;1198;1451
519;29;1451;1199;
519;29;1549;;1550
519;29;1550;1549;
519;29;1948;;1949
519;29;1949;1948;1950
519;29;1950;1949;1951
519;29;1951;1950;
519;29;593;;592
519;29;592;593;591
519;29;591;592;590
519;29;590;591;589
519;29;589;590;588
519;29;588;589;587
519;29;587;588;586
519;29;586;587;
519;29;768;;767
519;29;767;768;766
519;29;766;767;765
519;29;765;766;1786
519;29;1786;765;
519;29;2973;;771
519;29;771;2973;770
519;29;770;771;
519;29;774;;773
519;29;773;774;772
519;29;772;773;
519;29;785;;784
519;29;784;785;783
519;29;783;784;782
519;29;782;783;781
519;29;781;782;
519;29;1787;;779
519;29;779;1787;778
519;29;778;779;777
519;29;777;778;776
519;29;776;777;
519;29;1452;;439
519;29;439;1452;435
519;29;435;439;436
519;29;436;435;432
519;29;432;436;431
519;29;431;432;430
519;29;430;431;
519;29;758;;757
519;29;757;758;
519;29;2140;;2141
519;29;2141;2140;2142
519;29;2142;2141;2143
519;29;2143;2142;2144
519;29;2144;2143;2145
519;29;2145;2144;2146
519;29;2146;2145;2147
519;29;2147;2146;
519;29;1453;;1388
519;29;1388;1453;
519;29;2369;;1389
519;29;1389;2369;1390
519;29;1390;1389;1391
519;29;1391;1390;1392
519;29;1392;1391;1393
519;29;1393;1392;1394
519;29;1394;1393;1395
519;29;1395;1394;
519;29;1397;;1398
519;29;1398;1397;1399
519;29;1399;1398;
519;29;2928;;2929
519;29;2929;2928;2930
519;29;2930;2929;
519;29;1561;;2343
519;29;2343;1561;1563
519;29;1563;2343;
519;29;1788;;1614
519;29;1614;1788;1615
519;29;1615;1614;1616
519;29;1616;1615;1617
519;29;1617;1616;1618
519;29;1618;1617;
519;29;2301;;2302
519;29;2302;2301;2303
519;29;2303;2302;2304
519;29;2304;2303;
519;29;1789;;1217
519;29;1217;1789;1218
519;29;1218;1217;1219
519;29;1219;1218;1220
519;29;1220;1219;1221
519;29;1221;1220;1790
519;29;1790;1221;
519;29;1304;;1305
519;29;1305;1304;1306
519;29;1306;1305;705
519;29;705;1306;706
519;29;706;705;707
519;29;707;706;709
519;29;709;707;710
519;29;710;709;711
519;29;711;710;712
519;29;712;711;
519;29;3019;;3020
519;29;3020;3019;3021
519;29;3021;3020;3022
519;29;3022;3021;3023
519;29;3023;3022;3024
519;29;3024;3023;3025
519;29;3025;3024;3026
519;29;3026;3025;
519;29;1228;;1229
519;29;1229;1228;
519;29;1153;;1154
519;29;1154;1153;1155
519;29;1155;1154;
519;29;671;;672
519;29;672;671;673
519;29;673;672;674
519;29;674;673;
519;29;2278;;2279
519;29;2279;2278;2280
519;29;2280;2279;2281
519;29;2281;2280;
519;29;1610;;1611
519;29;1611;1610;1612
519;29;1612;1611;
519;29;2292;;2293
519;29;2293;2292;2294
519;29;2294;2293;
519;29;2791;;2792
519;29;2792;2791;2793
519;29;2793;2792;2794
519;29;2794;2793;
519;29;1942;;1943
519;29;1943;1942;1944
519;29;1944;1943;1945
519;29;1945;1944;1946
519;29;1946;1945;
519;29;595;;597
519;29;597;595;598
519;29;598;597;599
519;29;599;598;600
519;29;600;599;601
519;29;601;600;602
519;29;602;601;
519;29;802;;803
519;29;803;802;804
519;29;804;803;805
519;29;805;804;806
519;29;806;805;807
519;29;807;806;808
519;29;808;807;
519;29;1924;;1925
519;29;1925;1924;2325
519;29;2325;1925;2326
519;29;2326;2325;
519;29;1455;;1456
519;29;1456;1455;1457
519;29;1457;1456;
519;29;218;;219
519;29;219;218;220
519;29;220;219;221
519;29;221;220;222
519;29;222;221;
519;29;1363;;1364
519;29;1364;1363;1365
519;29;1365;1364;1366
519;29;1366;1365;1367
519;29;1367;1366;1368
519;29;1368;1367;2016
519;29;2016;1368;
519;29;2058;;2059
519;29;2059;2058;2060
519;29;2060;2059;2061
519;29;2061;2060;2062
519;29;2062;2061;2063
519;29;2063;2062;2064
519;29;2064;2063;
519;29;2695;;2696
519;29;2696;2695;
519;29;667;;668
519;29;668;667;669
519;29;669;668;
519;29;1006;;1007
519;29;1007;1006;1008
519;29;1008;1007;1009
519;29;1009;1008;1010
519;29;1010;1009;
519;29;189;;190
519;29;190;189;191
519;29;191;190;192
519;29;192;191;194
519;29;194;192;195
519;29;195;194;196
519;29;196;195;197
519;29;197;196;
519;29;2544;;963
519;29;963;2544;964
519;29;964;963;965
519;29;965;964;2639
519;29;2639;965;2640
519;29;2640;2639;
519;29;2052;;2053
519;29;2053;2052;2054
519;29;2054;2053;2055
519;29;2055;2054;2056
519;29;2056;2055;
519;29;2003;;2004
519;29;2004;2003;
519;29;2006;;2007
519;29;2007;2006;
519;29;2631;;2632
519;29;2632;2631;2633
519;29;2633;2632;2634
519;29;2634;2633;2635
519;29;2635;2634;
519;29;2864;;2865
519;29;2865;2864;
519;29;1120;;1121
519;29;1121;1120;1122
519;29;1122;1121;
519;29;2861;;2862
519;29;2862;2861;
519;29;2020;;2021
519;29;2021;2020;2022
519;29;2022;2021;
519;29;791;;792
519;29;792;791;793
519;29;793;792;794
519;29;794;793;795
519;29;795;794;796
519;29;796;795;797
519;29;797;796;798
519;29;798;797;799
519;29;799;798;800
519;29;800;799;
519;29;1293;;1294
519;29;1294;1293;1295
519;29;1295;1294;1296
519;29;1296;1295;1297
519;29;1297;1296;1298
519;29;1298;1297;1299
519;29;1299;1298;
519;29;958;;959
519;29;959;958;960
519;29;960;959;2543
519;29;2543;960;
519;29;1552;;1553
519;29;1553;1552;1554
519;29;1554;1553;
519;29;1231;;1232
519;29;1232;1231;1233
519;29;1233;1232;
519;29;1791;;1586
519;29;1586;1791;1587
519;29;1587;1586;1588
519;29;1588;1587;1589
519;29;1589;1588;
519;29;2465;;2466
519;29;2466;2465;2467
519;29;2467;2466;2462
519;29;2462;2467;2463
519;29;2463;2462;
519;29;2625;;2626
519;29;2626;2625;
519;29;2182;;2183
519;29;2183;2182;2184
519;29;2184;2183;2185
519;29;2185;2184;
519;29;2187;;2188
519;29;2188;2187;2189
519;29;2189;2188;
519;29;1582;;1583
519;29;1583;1582;1584
519;29;1584;1583;
519;29;1910;;2440
519;29;2440;1910;2545
519;29;2545;2440;
519;29;1140;;1141
519;29;1141;1140;1142
519;29;1142;1141;1143
519;29;1143;1142;
519;29;1202;;1203
519;29;1203;1202;
519;29;2245;;2246
519;29;2246;2245;2247
519;29;2247;2246;2248
519;29;2248;2247;2548
519;29;2548;2248;2549
519;29;2549;2548;2550
519;29;2550;2549;
519;29;2444;;2445
519;29;2445;2444;
519;29;2999;;3000
519;29;3000;2999;
519;29;2013;;2014
519;29;2014;2013;2429
519;29;2429;2014;
519;29;1676;;1677
519;29;1677;1676;
519;29;1628;;1627
519;29;1627;1628;
519;29;1623;;1622
519;29;1622;1623;
519;29;612;;610
519;29;610;612;1792
519;29;1792;610;
519;29;2886;;2887
519;29;2887;2886;2888
519;29;2888;2887;
519;29;1935;;1794
519;29;1794;1935;1795
519;29;1795;1794;1796
519;29;1796;1795;1797
519;29;1797;1796;1798
519;29;1798;1797;
519;29;1575;;2471
519;29;2471;1575;1574
519;29;1574;2471;1573
519;29;1573;1574;1572
519;29;1572;1573;1571
519;29;1571;1572;1570
519;29;1570;1571;1569
519;29;1569;1570;1568
519;29;1568;1569;
519;29;1931;;1932
519;29;1932;1931;1934
519;29;1934;1932;1933
519;29;1933;1934;
519;29;224;;225
519;29;225;224;226
519;29;226;225;227
519;29;227;226;228
519;29;228;227;1461
519;29;1461;228;
519;29;2984;;2985
519;29;2985;2984;2986
519;29;2986;2985;2987
519;29;2987;2986;2988
519;29;2988;2987;2989
519;29;2989;2988;2990
519;29;2990;2989;2991
519;29;2991;2990;
519;29;148;;149
519;29;149;148;150
519;29;150;149;
519;29;129;;130
519;29;130;129;131
519;29;131;130;132
519;29;132;131;133
519;29;133;132;134
519;29;134;133;
519;29;126;;127
519;29;127;126;128
519;29;128;127;2348
519;29;2348;128;
519;29;3028;;3029
519;29;3029;3028;3030
519;29;3030;3029;3031
519;29;3031;3030;
519;29;2884;;2648
519;29;2648;2884;2649
519;29;2649;2648;
519;29;2259;;2260
519;29;2260;2259;
519;29;676;;677
519;29;677;676;358
519;29;358;677;357
519;29;357;358;356
519;29;356;357;355
519;29;355;356;354
519;29;354;355;353
519;29;353;354;
519;29;2879;;2880
519;29;2880;2879;
519;29;1334;;1336
519;29;1336;1334;1337
519;29;1337;1336;
519;29;2642;;2643
519;29;2643;2642;
519;29;2942;;2943
519;29;2943;2942;2944
519;29;2944;2943;2945
519;29;2945;2944;2946
519;29;2946;2945;2947
519;29;2947;2946;
519;29;2091;;2092
519;29;2092;2091;
519;29;1206;;1208
519;29;1208;1206;1210
519;29;1210;1208;1211
519;29;1211;1210;1212
519;29;1212;1211;
519;29;1799;;1350
519;29;1350;1799;1351
519;29;1351;1350;1352
519;29;1352;1351;1353
519;29;1353;1352;
519;29;1691;;1692
519;29;1692;1691;
519;29;1057;;1056
519;29;1056;1057;1055
519;29;1055;1056;1054
519;29;1054;1055;1053
519;29;1053;1054;
519;29;2371;;2372
519;29;2372;2371;
519;29;2101;;2102
519;29;2102;2101;
519;29;2104;;2105
519;29;2105;2104;2106
519;29;2106;2105;2107
519;29;2107;2106;
519;29;2378;;2379
519;29;2379;2378;2380
519;29;2380;2379;2381
519;29;2381;2380;
519;29;735;;736
519;29;736;735;737
519;29;737;736;738
519;29;738;737;
519;29;740;;741
519;29;741;740;742
519;29;742;741;743
519;29;743;742;
519;29;923;;924
519;29;924;923;925
519;29;925;924;926
519;29;926;925;927
519;29;927;926;930
519;29;930;927;931
519;29;931;930;2351
519;29;2351;931;
519;29;932;;933
519;29;933;932;934
519;29;934;933;935
519;29;935;934;
519;29;2237;;2238
519;29;2238;2237;2239
519;29;2239;2238;
519;29;115;;114
519;29;114;115;113
519;29;113;114;112
519;29;112;113;111
519;29;111;112;110
519;29;110;111;109
519;29;109;110;
519;29;3008;;3009
519;29;3009;3008;
519;29;2975;;1994
519;29;1994;2975;
519;29;384;;385
519;29;385;384;
519;29;2555;;1991
519;29;1991;2555;
519;29;1990;;2554
519;29;2554;1990;
519;29;2269;;2270
519;29;2270;2269;2271
519;29;2271;2270;
519;29;1601;;1602
519;29;1602;1601;1603
519;29;1603;1602;
519;29;3041;;2805
519;29;2805;3041;
519;29;1109;;1110
519;29;1110;1109;1111
519;29;1111;1110;1112
519;29;1112;1111;1113
519;29;1113;1112;
519;29;1145;;1146
519;29;1146;1145;1147
519;29;1147;1146;1148
519;29;1148;1147;1149
519;29;1149;1148;1151
519;29;1151;1149;
519;29;2556;;1712
519;29;1712;2556;1713
519;29;1713;1712;1714
519;29;1714;1713;1715
519;29;1715;1714;1716
519;29;1716;1715;1717
519;29;1717;1716;1718
519;29;1718;1717;
519;29;656;;658
519;29;658;656;659
519;29;659;658;660
519;29;660;659;661
519;29;661;660;662
519;29;662;661;663
519;29;663;662;664
519;29;664;663;2816
519;29;2816;664;
519;29;910;;911
519;29;911;910;912
519;29;912;911;913
519;29;913;912;914
519;29;914;913;
519;29;900;;901
519;29;901;900;902
519;29;902;901;908
519;29;908;902;903
519;29;903;908;904
519;29;904;903;905
519;29;905;904;906
519;29;906;905;907
519;29;907;906;
519;29;1157;;1158
519;29;1158;1157;
519;29;2882;;2883
519;29;2883;2882;
519;29;2684;;2685
519;29;2685;2684;2686
519;29;2686;2685;
519;29;122;;121
519;29;121;122;120
519;29;120;121;119
519;29;119;120;118
519;29;118;119;117
519;29;117;118;
519;29;281;;282
519;29;282;281;283
519;29;283;282;284
519;29;284;283;285
519;29;285;284;286
519;29;286;285;287
519;29;287;286;
519;29;1401;;1402
519;29;1402;1401;
519;29;5;;2428
519;29;2428;5;6
519;29;6;2428;
519;29;2814;;2815
519;29;2815;2814;
519;29;2821;;2331
519;29;2331;2821;379
519;29;379;2331;380
519;29;380;379;381
519;29;381;380;382
519;29;382;381;
519;29;1463;;1464
519;29;1464;1463;1465
519;29;1465;1464;1466
519;29;1466;1465;30
519;29;30;1466;29
519;29;29;30;28
519;29;28;29;27
519;29;27;28;
519;29;2963;;373
519;29;373;2963;374
519;29;374;373;
519;29;2811;;2812
519;29;2812;2811;
519;29;2903;;2904
519;29;2904;2903;2905
519;29;2905;2904;
519;29;506;;507
519;29;507;506;509
519;29;509;507;
519;29;2334;;1512
519;29;1512;2334;13
519;29;13;1512;2503
519;29;2503;13;14
519;29;14;2503;15
519;29;15;14;16
519;29;16;15;1875
519;29;1875;16;
519;29;472;;473
519;29;473;472;2282
519;29;2282;473;2525
519;29;2525;2282;479
519;29;479;2525;480
519;29;480;479;481
519;29;481;480;2797
519;29;2797;481;
519;29;2761;;2762
519;29;2762;2761;
519;29;694;;695
519;29;695;694;696
519;29;696;695;697
519;29;697;696;698
519;29;698;697;699
519;29;699;698;700
519;29;700;699;701
519;29;701;700;702
519;29;702;701;703
519;29;703;702;
519;29;2960;;567
519;29;567;2960;568
519;29;568;567;569
519;29;569;568;
519;29;2265;;2266
519;29;2266;2265;2267
519;29;2267;2266;
519;29;2967;;486
519;29;486;2967;487
519;29;487;486;488
519;29;488;487;489
519;29;489;488;
519;29;425;;426
519;29;426;425;428
519;29;428;426;
519;29;1439;;1440
519;29;1440;1439;1441
519;29;1441;1440;1442
519;29;1442;1441;1443
519;29;1443;1442;1444
519;29;1444;1443;1445
519;29;1445;1444;
519;29;1247;;1248
519;29;1248;1247;1249
519;29;1249;1248;1250
519;29;1250;1249;1251
519;29;1251;1250;1252
519;29;1252;1251;1253
519;29;1253;1252;
519;29;3013;;1662
519;29;1662;3013;1664
519;29;1664;1662;
519;29;548;;546
519;29;546;548;545
519;29;545;546;544
519;29;544;545;543
519;29;543;544;542
519;29;542;543;540
519;29;540;542;539
519;29;539;540;538
519;29;538;539;536
519;29;536;538;535
519;29;535;536;2513
519;29;2513;535;1428
519;29;1428;2513;1427
519;29;1427;1428;1426
519;29;1426;1427;
519;29;1430;;1429
519;29;1429;1430;552
519;29;552;1429;550
519;29;550;552;549
519;29;549;550;2957
519;29;2957;549;
519;29;1482;;1483
519;29;1483;1482;1484
519;29;1484;1483;1485
519;29;1485;1484;1486
519;29;1486;1485;1487
519;29;1487;1486;1488
519;29;1488;1487;1489
519;29;1489;1488;1490
519;29;1490;1489;2433
519;29;2433;1490;2504
519;29;2504;2433;1491
519;29;1491;2504;1492
519;29;1492;1491;1493
519;29;1493;1492;1762
519;29;1762;1493;1763
519;29;1763;1762;
519;29;1764;;2473
519;29;2473;1764;
519;29;1767;;1768
519;29;1768;1767;1769
519;29;1769;1768;1770
519;29;1770;1769;1771
519;29;1771;1770;1772
519;29;1772;1771;1773
519;29;1773;1772;2335
519;29;2335;1773;1774
519;29;1774;2335;2498
519;29;2498;1774;1775
519;29;1775;2498;2336
519;29;2336;1775;2499
519;29;2499;2336;2337
519;29;2337;2499;1812
519;29;1812;2337;1515
519;29;1515;1812;1516
519;29;1516;1515;2434
519;29;2434;1516;1928
519;29;1928;2434;1929
519;29;1929;1928;
519;29;1766;;1778
519;29;1778;1766;2844
519;29;2844;1778;1777
519;29;1777;2844;
519;29;1514;;2341
519;29;2341;1514;
519;29;97;;96
519;29;96;97;95
519;29;95;96;94
519;29;94;95;93
519;29;93;94;92
519;29;92;93;91
519;29;91;92;90
519;29;90;91;89
519;29;89;90;
519;29;1476;;19
519;29;19;1476;1478
519;29;1478;19;20
519;29;20;1478;21
519;29;21;20;22
519;29;22;21;1494
519;29;1494;22;2500
519;29;2500;1494;23
519;29;23;2500;24
519;29;24;23;2501
519;29;2501;24;
519;29;1901;;1902
519;29;1902;1901;1903
519;29;1903;1902;2823
519;29;2823;1903;
519;29;2867;;2868
519;29;2868;2867;2869
519;29;2869;2868;
519;29;2306;;2307
519;29;2307;2306;
519;29;679;;680
519;29;680;679;681
519;29;681;680;682
519;29;682;681;683
519;29;683;682;684
519;29;684;683;685
519;29;685;684;2976
519;29;2976;685;
519;29;2758;;2759
519;29;2759;2758;
519;29;687;;688
519;29;688;687;689
519;29;689;688;690
519;29;690;689;691
519;29;691;690;692
519;29;692;691;
519;29;1301;;1302
519;29;1302;1301;1303
519;29;1303;1302;
519;29;2802;;2803
519;29;2803;2802;2804
519;29;2804;2803;
519;29;236;;237
519;29;237;236;
519;29;230;;231
519;29;231;230;232
519;29;232;231;233
519;29;233;232;234
519;29;234;233;
519;29;1577;;1578
519;29;1578;1577;1579
519;29;1579;1578;1580
519;29;1580;1579;
519;29;331;;332
519;29;332;331;334
519;29;334;332;335
519;29;335;334;336
519;29;336;335;
519;29;2076;;2077
519;29;2077;2076;2078
519;29;2078;2077;2079
519;29;2079;2078;
519;29;1103;;1104
519;29;1104;1103;1105
519;29;1105;1104;1106
519;29;1106;1105;1107
519;29;1107;1106;
519;29;1138;;1139
519;29;1139;1138;2820
519;29;2820;1139;
519;29;2395;;2396
519;29;2396;2395;2397
519;29;2397;2396;2398
519;29;2398;2397;2399
519;29;2399;2398;
519;29;3002;;3003
519;29;3003;3002;
519;29;1906;;1907
519;29;1907;1906;1908
519;29;1908;1907;
519;29;1086;;1085
519;29;1085;1086;
519;29;1378;;1379
519;29;1379;1378;1380
519;29;1380;1379;
519;29;2296;;2297
519;29;2297;2296;2298
519;29;2298;2297;
519;29;2127;;2128
519;29;2128;2127;2129
519;29;2129;2128;
519;29;1672;;1673
519;29;1673;1672;1674
519;29;1674;1673;
519;29;1215;;1214
519;29;1214;1215;1213
519;29;1213;1214;365
519;29;365;1213;364
519;29;364;365;
519;29;2563;;363
519;29;363;2563;362
519;29;362;363;361
519;29;361;362;360
519;29;360;361;
519;29;751;;752
519;29;752;751;753
519;29;753;752;754
519;29;754;753;755
519;29;755;754;756
519;29;756;755;
519;29;760;;761
519;29;761;760;762
519;29;762;761;763
519;29;763;762;2323
519;29;2323;763;
519;29;2698;;2699
519;29;2699;2698;2700
519;29;2700;2699;
519;29;745;;746
519;29;746;745;747
519;29;747;746;748
519;29;748;747;749
519;29;749;748;1813
519;29;1813;749;
519;29;787;;788
519;29;788;787;789
519;29;789;788;1814
519;29;1814;789;
519;29;725;;726
519;29;726;725;727
519;29;727;726;728
519;29;728;727;729
519;29;729;728;2276
519;29;2276;729;
519;29;1596;;1597
519;29;1597;1596;1598
519;29;1598;1597;1599
519;29;1599;1598;2392
519;29;2392;1599;2393
519;29;2393;2392;2721
519;29;2721;2393;
519;29;2764;;2765
519;29;2765;2764;2766
519;29;2766;2765;
519;29;2322;;2308
519;29;2308;2322;
519;29;3033;;1835
519;29;1835;3033;3034
519;29;3034;1835;
519;29;842;;841
519;29;841;842;840
519;29;840;841;839
519;29;839;840;838
519;29;838;839;
519;29;2949;;2586
519;29;2586;2949;1262
519;29;1262;2586;1263
519;29;1263;1262;1264
519;29;1264;1263;1265
519;29;1265;1264;1620
519;29;1620;1265;1266
519;29;1266;1620;
519;29;2688;;2689
519;29;2689;2688;2690
519;29;2690;2689;
519;29;1051;;1050
519;29;1050;1051;1049
519;29;1049;1050;1047
519;29;1047;1049;1046
519;29;1046;1047;
519;29;2807;;2808
519;29;2808;2807;2809
519;29;2809;2808;
519;29;2741;;2742
519;29;2742;2741;2743
519;29;2743;2742;
519;29;2565;;2000
519;29;2000;2565;2001
519;29;2001;2000;
519;29;3005;;3006
519;29;3006;3005;
519;29;2451;;2452
519;29;2452;2451;2453
519;29;2453;2452;
519;29;2693;;2314
519;29;2314;2693;2315
519;29;2315;2314;
519;29;1996;;1997
519;29;1997;1996;
519;29;2164;;2165
519;29;2165;2164;2166
519;29;2166;2165;2167
519;29;2167;2166;2168
519;29;2168;2167;2169
519;29;2169;2168;2170
519;29;2170;2169;
519;29;2637;;2638
519;29;2638;2637;
519;29;1556;;1557
519;29;1557;1556;1558
519;29;1558;1557;1559
519;29;1559;1558;
519;29;1815;;1404
519;29;1404;1815;1405
519;29;1405;1404;1406
519;29;1406;1405;1407
519;29;1407;1406;1816
519;29;1816;1407;
519;29;3017;;1969
519;29;1969;3017;1970
519;29;1970;1969;1971
519;29;1971;1970;1972
519;29;1972;1971;1973
519;29;1973;1972;
519;29;2839;;2840
519;29;2840;2839;
519;29;289;;290
519;29;290;289;291
519;29;291;290;292
519;29;292;291;293
519;29;293;292;294
519;29;294;293;295
519;29;295;294;296
519;29;296;295;297
519;29;297;296;298
519;29;298;297;299
519;29;299;298;300
519;29;300;299;301
519;29;301;300;302
519;29;302;301;303
519;29;303;302;
519;29;2044;;2045
519;29;2045;2044;2046
519;29;2046;2045;
519;29;1001;;1002
519;29;1002;1001;1003
519;29;1003;1002;1004
519;29;1004;1003;
519;29;256;;257
519;29;257;256;258
519;29;258;257;259
519;29;259;258;260
519;29;260;259;
519;29;836;;835
519;29;835;836;834
519;29;834;835;833
519;29;833;834;832
519;29;832;833;
519;29;937;;938
519;29;938;937;939
519;29;939;938;2437
519;29;2437;939;941
519;29;941;2437;942
519;29;942;941;943
519;29;943;942;
519;29;1021;;1022
519;29;1022;1021;1023
519;29;1023;1022;1024
519;29;1024;1023;1025
519;29;1025;1024;
519;29;2645;;2646
519;29;2646;2645;
519;29;1174;;1175
519;29;1175;1174;
519;29;2358;;1176
519;29;1176;2358;1177
519;29;1177;1176;1178
519;29;1178;1177;
519;29;2447;;2448
519;29;2448;2447;2449
519;29;2449;2448;
519;29;1591;;1592
519;29;1592;1591;1593
519;29;1593;1592;1594
519;29;1594;1593;
519;29;2389;;2390
519;29;2390;2389;2391
519;29;2391;2390;
519;29;160;;161
519;29;161;160;
519;29;2568;;164
519;29;164;2568;165
519;29;165;164;166
519;29;166;165;167
519;29;167;166;168
519;29;168;167;
519;29;2708;;2709
519;29;2709;2708;2710
519;29;2710;2709;
519;29;1255;;406
519;29;406;1255;1256
519;29;1256;406;1257
519;29;1257;1256;1258
519;29;1258;1257;1259
519;29;1259;1258;1260
519;29;1260;1259;
519;29;2582;;2468
519;29;2468;2582;2585
519;29;2585;2468;
519;29;2231;;2235
519;29;2235;2231;2232
519;29;2232;2235;2233
519;29;2233;2232;2234
519;29;2234;2233;
519;29;152;;153
519;29;153;152;154
519;29;154;153;155
519;29;155;154;156
519;29;156;155;157
519;29;157;156;158
519;29;158;157;
519;29;2936;;2937
519;29;2937;2936;2938
519;29;2938;2937;2939
519;29;2939;2938;2940
519;29;2940;2939;
519;29;1274;;1275
519;29;1275;1274;1276
519;29;1276;1275;
519;29;1818;;1819
519;29;1819;1818;1820
519;29;1820;1819;
519;29;305;;306
519;29;306;305;307
519;29;307;306;308
519;29;308;307;309
519;29;309;308;310
519;29;310;309;
519;29;1124;;1125
519;29;1125;1124;1126
519;29;1126;1125;
519;29;1565;;1566
519;29;1566;1565;
519;29;2995;;2996
519;29;2996;2995;2997
519;29;2997;2996;
519;29;1849;;1844
519;29;1844;1849;2338
519;29;2338;1844;1845
519;29;1845;2338;1846
519;29;1846;1845;2352
519;29;2352;1846;2353
519;29;2353;2352;2354
519;29;2354;2353;
519;29;9;;10
519;29;10;9;11
519;29;11;10;12
519;29;12;11;2483
519;29;2483;12;
519;29;1450;;2539
519;29;2539;1450;
519;29;2993;;2899
519;29;2899;2993;2900
519;29;2900;2899;2355
519;29;2355;2900;
519;29;2048;;2049
519;29;2049;2048;2050
519;29;2050;2049;
519;29;1064;;1063
519;29;1063;1064;1062
519;29;1062;1063;1061
519;29;1061;1062;1060
519;29;1060;1061;1059
519;29;1059;1060;
519;29;733;;732
519;29;732;733;731
519;29;731;732;
519;29;1339;;1341
519;29;1341;1339;1342
519;29;1342;1341;
519;29;830;;829
519;29;829;830;
519;29;2729;;2730
519;29;2730;2729;2731
519;29;2731;2730;
519;29;2593;;2405
519;29;2405;2593;3014
519;29;3014;2405;
519;29;2702;;2703
519;29;2703;2702;
519;29;2132;;2133
519;29;2133;2132;2134
519;29;2134;2133;2135
519;29;2135;2134;
519;29;2081;;2082
519;29;2082;2081;2083
519;29;2083;2082;2084
519;29;2084;2083;2085
519;29;2085;2084;2086
519;29;2086;2085;2087
519;29;2087;2086;2088
519;29;2088;2087;2089
519;29;2089;2088;
519;29;2192;;2193
519;29;2193;2192;
519;29;1953;;1954
519;29;1954;1953;1955
519;29;1955;1954;1956
519;29;1956;1955;
519;29;2212;;2213
519;29;2213;2212;
519;29;2361;;2214
519;29;2214;2361;2215
519;29;2215;2214;2216
519;29;2216;2215;2217
519;29;2217;2216;2218
519;29;2218;2217;2219
519;29;2219;2218;2220
519;29;2220;2219;
519;29;1012;;1013
519;29;1013;1012;1014
519;29;1014;1013;1015
519;29;1015;1014;1016
519;29;1016;1015;1017
519;29;1017;1016;1018
519;29;1018;1017;1019
519;29;1019;1018;
519;29;274;;275
519;29;275;274;276
519;29;276;275;277
519;29;277;276;278
519;29;278;277;279
519;29;279;278;
519;29;1682;;1683
519;29;1683;1682;1684
519;29;1684;1683;1685
519;29;1685;1684;
519;29;2948;;1687
519;29;1687;2948;1688
519;29;1688;1687;1689
519;29;1689;1688;
519;29;312;;313
519;29;313;312;314
519;29;314;313;315
519;29;315;314;316
519;29;316;315;
519;29;2893;;2894
519;29;2894;2893;
519;29;2674;;2675
519;29;2675;2674;
519;29;873;;874
519;29;874;873;875
519;29;875;874;876
519;29;876;875;
519;29;2441;;2584
519;29;2584;2441;
519;29;1072;;1073
519;29;1073;1072;1074
519;29;1074;1073;1075
519;29;1075;1074;1076
519;29;1076;1075;
519;29;1078;;1079
519;29;1079;1078;1080
519;29;1080;1079;1081
519;29;1081;1080;1082
519;29;1082;1081;1083
519;29;1083;1082;
519;29;1066;;1067
519;29;1067;1066;1068
519;29;1068;1067;1069
519;29;1069;1068;1070
519;29;1070;1069;
519;29;2010;;2011
519;29;2011;2010;
519;29;2896;;2897
519;29;2897;2896;
519;29;1698;;1699
519;29;1699;1698;
519;29;2072;;2073
519;29;2073;2072;2074
519;29;2074;2073;
519;29;2932;;2933
519;29;2933;2932;2934
519;29;2934;2933;
519;29;2574;;1192
519;29;1192;2574;1191
519;29;1191;1192;1190
519;29;1190;1191;1189
519;29;1189;1190;1188
519;29;1188;1189;1187
519;29;1187;1188;
519;29;2575;;2025
519;29;2025;2575;2026
519;29;2026;2025;2027
519;29;2027;2026;
519;29;1194;;2573
519;29;2573;1194;
519;29;1636;;1637
519;29;1637;1636;1638
519;29;1638;1637;1639
519;29;1639;1638;1640
519;29;1640;1639;
519;29;2502;;1894
519;29;1894;2502;1895
519;29;1895;1894;1896
519;29;1896;1895;1897
519;29;1897;1896;1898
519;29;1898;1897;1899
519;29;1899;1898;
519;29;2719;;2720
519;29;2720;2719;
519;29;2716;;2717
519;29;2717;2716;
519;29;2113;;2114
519;29;2114;2113;2115
519;29;2115;2114;2116
519;29;2116;2115;
519;29;2199;;2200
519;29;2200;2199;2201
519;29;2201;2200;2202
519;29;2202;2201;2203
519;29;2203;2202;
519;29;2915;;2916
519;29;2916;2915;2917
519;29;2917;2916;2918
519;29;2918;2917;2919
519;29;2919;2918;2920
519;29;2920;2919;2921
519;29;2921;2920;2922
519;29;2922;2921;2923
519;29;2923;2922;2924
519;29;2924;2923;
519;29;2374;;2375
519;29;2375;2374;2376
519;29;2376;2375;
519;29;2311;;2312
519;29;2312;2311;
519;29;107;;105
519;29;105;107;104
519;29;104;105;103
519;29;103;104;102
519;29;102;103;101
519;29;101;102;99
519;29;99;101;
519;29;2628;;2629
519;29;2629;2628;
519;29;1824;;1825
519;29;1825;1824;1826
519;29;1826;1825;1827
519;29;1827;1826;
519;29;2890;;2891
519;29;2891;2890;
519;29;347;;346
519;29;346;347;345
519;29;345;346;344
519;29;344;345;
519;29;271;;272
519;29;272;271;
519;29;945;;3012
519;29;3012;945;
519;29;2097;;2098
519;29;2098;2097;2099
519;29;2099;2098;
519;29;83;82;84
519;29;84;83;85
519;29;85;84;86
519;29;86;85;87
519;29;87;86;39
519;29;39;87;40
519;29;40;39;41
519;29;41;40;42
519;29;42;41;43
519;29;43;42;44
519;29;44;43;45
519;29;45;44;46
519;29;46;45;47
519;29;47;46;48
519;29;48;47;50
519;29;50;48;51
519;29;51;50;52
519;29;52;51;53
519;29;53;52;54
519;29;54;53;55
519;29;55;54;56
519;29;56;55;57
519;29;57;56;58
519;29;58;57;59
519;29;59;58;60
519;29;60;59;61
519;29;61;60;62
519;29;62;61;63
519;29;63;62;64
519;29;64;63;66
519;29;66;64;67
519;29;67;66;68
519;29;68;67;69
519;29;69;68;70
519;29;70;69;71
519;29;71;70;72
519;29;72;71;73
519;29;73;72;74
519;29;74;73;75
519;29;75;74;76
519;29;76;75;434
519;29;434;76;78
519;29;78;434;79
519;29;79;78;80
519;29;80;79;81
519;29;81;80;82
519;29;82;81;83
519;29;2799;;2800
519;29;2800;2799;
519;29;2668;;2669
519;29;2669;2668;
519;29;2659;;2660
519;29;2660;2659;2661
519;29;2661;2660;
519;29;2066;;2067
519;29;2067;2066;2068
519;29;2068;2067;2069
519;29;2069;2068;2070
519;29;2070;2069;
519;29;1359;;1360
519;29;1360;1359;1361
519;29;1361;1360;
519;29;2577;;1372
519;29;1372;2577;1373
519;29;1373;1372;1374
519;29;1374;1373;1375
519;29;1375;1374;1376
519;29;1376;1375;
519;29;1370;;1371
519;29;1371;1370;
519;29;203;;204
519;29;204;203;205
519;29;205;204;206
519;29;206;205;207
519;29;207;206;208
519;29;208;207;209
519;29;209;208;210
519;29;210;209;211
519;29;211;210;
519;29;318;;319
519;29;319;318;320
519;29;320;319;321
519;29;321;320;322
519;29;322;321;323
519;29;323;322;
519;29;2712;;2713
519;29;2713;2712;2714
519;29;2714;2713;
519;29;248;;249
519;29;249;248;250
519;29;250;249;251
519;29;251;250;252
519;29;252;251;253
519;29;253;252;254
519;29;254;253;
519;29;239;;240
519;29;240;239;241
519;29;241;240;242
519;29;242;241;243
519;29;243;242;244
519;29;244;243;245
519;29;245;244;246
519;29;246;245;
519;29;639;;641
519;29;641;639;
519;29;199;;200
519;29;200;199;201
519;29;201;200;
519;29;2137;;2138
519;29;2138;2137;2977
519;29;2977;2138;
519;29;1382;;1383
519;29;1383;1382;1384
519;29;1384;1383;1385
519;29;1385;1384;1386
519;29;1386;1385;
519;29;2768;;2769
519;29;2769;2768;
519;29;2455;;2470
519;29;2470;2455;2459
519;29;2459;2470;
519;29;3015;;1129
519;29;1129;3015;1130
519;29;1130;1129;1131
519;29;1131;1130;1132
519;29;1132;1131;1133
519;29;1133;1132;1134
519;29;1134;1133;1135
519;29;1135;1134;1136
519;29;1136;1135;
519;29;2750;;2751
519;29;2751;2750;2752
519;29;2752;2751;
519;29;1744;;1745
519;29;1745;1744;
519;29;2580;;883
519;29;883;2580;
519;29;2041;;2042
519;29;2042;2041;
519;29;1830;;865
519;29;865;1830;866
519;29;866;865;867
519;29;867;866;868
519;29;868;867;869
519;29;869;868;870
519;29;870;869;871
519;29;871;870;
519;29;1034;;1033
519;29;1033;1034;1032
519;29;1032;1033;1031
519;29;1031;1032;
519;29;2222;;2223
519;29;2223;2222;2224
519;29;2224;2223;
519;29;262;;263
519;29;263;262;264
519;29;264;263;
519;29;2122;;2123
519;29;2123;2122;2124
519;29;2124;2123;2125
519;29;2125;2124;
519;29;2979;;2980
519;29;2980;2979;2981
519;29;2981;2980;2982
519;29;2982;2981;
519;29;996;;997
519;29;997;996;998
519;29;998;997;999
519;29;999;998;
519;29;2783;;2784
519;29;2784;2783;2785
519;29;2785;2784;2786
519;29;2786;2785;
519;29;392;;393
519;29;393;392;394
519;29;394;393;395
519;29;395;394;396
519;29;396;395;
519;29;2579;;848
519;29;848;2579;847
519;29;847;848;846
519;29;846;847;845
519;29;845;846;844
519;29;844;845;
519;29;864;;863
519;29;863;864;862
519;29;862;863;861
519;29;861;862;860
519;29;860;861;859
519;29;859;860;858
519;29;858;859;857
519;29;857;858;856
519;29;856;857;855
519;29;855;856;853
519;29;853;855;2578
519;29;2578;853;
519;29;1754;;1755
519;29;1755;1754;1756
519;29;1756;1755;
519;29;2401;;2402
519;29;2402;2401;
519;29;2592;;1963
519;29;1963;2592;1964
519;29;1964;1963;1965
519;29;1965;1964;
519;29;1958;;1959
519;29;1959;1958;2590
519;29;2590;1959;
519;29;1960;;2591
519;29;2591;1960;
519;29;2846;;2847
519;29;2847;2846;
519;29;2824;;1904
519;29;1904;2824;
519;29;1347;;1348
519;29;1348;1347;
519;29;1831;;606
519;29;606;1831;605
519;29;605;606;604
519;29;604;605;
519;29;1605;;1606
519;29;1606;1605;1607
519;29;1607;1606;1608
519;29;1608;1607;1832
519;29;1832;1608;1833
519;29;1833;1832;1834
519;29;1834;1833;3035
519;29;3035;1834;
519;29;2300;;2541
519;29;2541;2300;
519;29;341;;340
519;29;340;341;339
519;29;339;340;338
519;29;338;339;
519;29;2663;;2664
519;29;2664;2663;2665
519;29;2665;2664;2666
519;29;2666;2665;
519;29;2653;;2654
519;29;2654;2653;2655
519;29;2655;2654;2656
519;29;2656;2655;2657
519;29;2657;2656;
519;29;213;;214
519;29;214;213;215
519;29;215;214;216
519;29;216;215;
519;29;1029;;1028
519;29;1028;1029;1027
519;29;1027;1028;
519;29;1694;;1696
519;29;1696;1694;
519;29;1647;;1648
519;29;1648;1647;1649
519;29;1649;1648;1650
519;29;1650;1649;1651
519;29;1651;1650;1654
519;29;1654;1651;1726
519;29;1726;1654;
519;29;2196;;2197
519;29;2197;2196;
519;29;2754;;2755
519;29;2755;2754;2756
519;29;2756;2755;
519;29;2570;;1343
519;29;1343;2570;1344
519;29;1344;1343;
519;29;106;;123
519;29;123;106;
519;29;2552;;124
519;29;124;2552;
519;29;2288;;2289
519;29;2289;2288;2290
519;29;2290;2289;2557
519;29;2557;2290;
519;29;2733;;2734
519;29;2734;2733;2735
519;29;2735;2734;2736
519;29;2736;2735;
519;29;2705;;2706
519;29;2706;2705;
519;29;1987;;1988
519;29;1988;1987;
519;29;2745;;2746
519;29;2746;2745;2747
519;29;2747;2746;
519;29;2836;;2837
519;29;2837;2836;
519;29;1642;;1643
519;29;1643;1642;1644
519;29;1644;1643;1645
519;29;1645;1644;
519;29;2622;;2623
519;29;2623;2622;
519;29;2425;;2426
519;29;2426;2425;
519;29;1118;;1117
519;29;1117;1118;1116
519;29;1116;1117;1115
519;29;1115;1116;
519;29;815;;816
519;29;816;815;817
519;29;817;816;818
519;29;818;817;819
519;29;819;818;820
519;29;820;819;
519;29;2671;;2672
519;29;2672;2671;
519;29;2738;;2739
519;29;2739;2738;
519;29;1037;;1038
519;29;1038;1037;1039
519;29;1039;1038;1040
519;29;1040;1039;1041
519;29;1041;1040;1042
519;29;1042;1041;1043
519;29;1043;1042;1044
519;29;1044;1043;2571
519;29;2571;1044;
519;29;1235;;1236
519;29;1236;1235;1237
519;29;1237;1236;1238
519;29;1238;1237;1838
519;29;1838;1238;1239
519;29;1239;1838;1240
519;29;1240;1239;1241
519;29;1241;1240;1242
519;29;1242;1241;1243
519;29;1243;1242;1244
519;29;1244;1243;1245
519;29;1245;1244;
519;29;1530;;1531
519;29;1531;1530;1532
519;29;1532;1531;
519;29;1268;;1269
519;29;1269;1268;1270
519;29;1270;1269;1271
519;29;1271;1270;1272
519;29;1272;1271;
519;29;822;;823
519;29;823;822;
519;29;1278;;1279
519;29;1279;1278;1280
519;29;1280;1279;
519;29;1282;;1283
519;29;1283;1282;1284
519;29;1284;1283;1285
519;29;1285;1284;1286
519;29;1286;1285;
519;29;1479;;1431
519;29;1431;1479;1332
519;29;1332;1431;
519;29;2595;;1331
519;29;1331;2595;1330
519;29;1330;1331;1329
519;29;1329;1330;1328
519;29;1328;1329;
519;29;810;;811
519;29;811;810;812
519;29;812;811;813
519;29;813;812;
519;29;2723;;2724
519;29;2724;2723;2725
519;29;2725;2724;2726
519;29;2726;2725;2727
519;29;2727;2726;
519;29;349;;350
519;29;350;349;351
519;29;351;350;
519;29;2386;;2387
519;29;2387;2386;
519;29;2149;;2150
519;29;2150;2149;2151
519;29;2151;2150;2152
519;29;2152;2151;2153
519;29;2153;2152;2597
519;29;2597;2153;
519;29;1288;;1289
519;29;1289;1288;1290
519;29;1290;1289;1291
519;29;1291;1290;
519;29;2383;;2384
519;29;2384;2383;
519;29;2172;;2173
519;29;2173;2172;2174
519;29;2174;2173;2175
519;29;2175;2174;2176
519;29;2176;2175;2177
519;29;2177;2176;2178
519;29;2178;2177;2179
519;29;2179;2178;
519;29;2241;;2242
519;29;2242;2241;2243
519;29;2243;2242;
519;29;1839;;1184
519;29;1184;1839;1183
519;29;1183;1184;1182
519;29;1182;1183;1181
519;29;1181;1182;1180
519;29;1180;1181;
519;29;948;;949
519;29;949;948;950
519;29;950;949;951
519;29;951;950;952
519;29;952;951;953
519;29;953;952;954
519;29;954;953;955
519;29;955;954;956
519;29;956;955;
519;29;2598;;2154
519;29;2154;2598;
519;29;2340;;1499
519;29;1499;2340;1500
519;29;1500;1499;1501
519;29;1501;1500;1502
519;29;1502;1501;1503
519;29;1503;1502;1504
519;29;1504;1503;1505
519;29;1505;1504;2911
519;29;2911;1505;1506
519;29;1506;2911;1507
519;29;1507;1506;2484
519;29;2484;1507;1508
519;29;1508;2484;1509
519;29;1509;1508;1510
519;29;1510;1509;1511
519;29;1511;1510;
519;29;2317;;2318
519;29;2318;2317;
519;29;1355;;1356
519;29;1356;1355;1357
519;29;1357;1356;1840
519;29;1840;1357;2365
519;29;2365;1840;
519;29;2250;;2251
519;29;2251;2250;2252
519;29;2252;2251;2253
519;29;2253;2252;
519;29;2677;;2678
519;29;2678;2677;2679
519;29;2679;2678;2680
519;29;2680;2679;2681
519;29;2681;2680;2682
519;29;2682;2681;
519;29;1170;;1171
519;29;1171;1170;1172
519;29;1172;1171;
519;29;1160;;1161
519;29;1161;1160;1162
519;29;1162;1161;1163
519;29;1163;1162;1164
519;29;1164;1163;1165
519;29;1165;1164;1166
519;29;1166;1165;1167
519;29;1167;1166;1168
519;29;1168;1167;
519;29;2853;;2854
519;29;2854;2853;2876
519;29;2876;2854;2877
519;29;2877;2876;
519;29;1701;;1702
519;29;1702;1701;1703
519;29;1703;1702;
519;29;1967;;3016
519;29;3016;1967;
519;29;2119;;2120
519;29;2120;2119;
519;29;2156;;2157
519;29;2157;2156;2158
519;29;2158;2157;2159
519;29;2159;2158;2160
519;29;2160;2159;2161
519;29;2161;2160;2162
519;29;2162;2161;
519;29;427;;451
519;29;451;427;456
519;29;456;451;466
519;29;466;456;474
519;29;474;466;541
519;29;541;474;623
519;29;623;541;642
519;29;642;623;643
519;29;643;642;644
519;29;644;643;
519;29;880;;881
519;29;881;880;2650
519;29;2650;881;2651
519;29;2651;2650;
519;29;1308;;1309
519;29;1309;1308;1310
519;29;1310;1309;1311
519;29;1311;1310;1312
519;29;1312;1311;1313
519;29;1313;1312;1314
519;29;1314;1313;
