CID;TABCD;LCD;CLASS;TCD;STCD;ROADNUMBER;RNID;N1ID;N2ID;POL_LCD;PES_LEV
519;29;1520;L;1;1;G1;2164;2113;1493;3;
519;29;574;L;1;2;G103;2019;2175;1796;3;
519;29;2509;L;1;2;G103;1796;2019;2215;3;
519;29;560;L;1;2;G103;2389;2196;2211;3;
519;29;2507;L;1;2;G103;2215;1796;1405;3;
519;29;2427;L;1;2;G112;1416;2412;2356;3;
519;29;616;L;1;2;G112;546;602;762;3;
519;29;1408;L;1;2;G205;1776;2228;2225;3;
519;29;505;L;1;1;S1;358;2380;2379;3;
519;29;499;L;1;3;S101;2374;2211;2181;3;
519;29;2516;L;1;3;S102;2229;2388;2443;3;
519;29;370;L;1;3;S102;2380;358;2443;3;
519;29;324;L;1;3;S103;22;2175;2410;3;
519;29;386;L;1;3;S104;2447;2175;401;3;
519;29;2832;L;1;3;S105;496;2225;2027;3;
519;29;2841;L;1;3;S105;2448;2351;496;3;
519;29;1868;L;1;3;S105;2193;2225;1403;3;
519;29;525;L;1;3;S107;2205;2174;2225;3;
519;29;2485;L;1;1;S11;2189;914;1958;3;
519;29;1446;L;1;3;S110;2218;513;2427;3;
519;29;2526;L;1;3;S110;2454;2427;934;3;
519;29;447;L;1;3;S111;2455;2437;730;3;
519;29;418;L;1;3;S112;2403;2456;2173;3;
519;29;476;L;1;3;S116;2401;2396;2531;3;
519;29;464;L;1;3;S119;2138;2427;2206;3;
519;29;2416;L;1;3;S124;2460;1807;2337;3;
519;29;2611;L;1;1;S2;2198;358;2296;3;
519;29;1976;L;1;3;S204;1716;954;2387;3;
519;29;1876;L;1;3;S206;2399;468;496;3;
519;29;1851;L;1;3;S207;2450;1777;496;3;
519;29;1857;L;1;3;S208;2398;2399;2019;3;
519;29;2825;L;1;3;S214;2411;2422;2389;3;
519;29;490;L;1;3;S223;524;2218;2404;3;
519;29;458;L;1;3;S228;2427;121;2404;3;
519;29;1533;L;1;3;S230;175;2532;546;3;
519;29;2559;L;1;3;S230;2413;2244;2532;3;
519;29;2599;L;1;1;S2501;2181;5;2174;3;
519;29;32;L;1;1;S3;559;2175;2019;3;
519;29;2528;L;1;3;S308;2387;2377;1786;3;
519;29;1708;L;1;3;S308;401;2463;2388;3;
519;29;2855;L;1;4;;2249;1682;2387;3;
519;29;495;L;1;3;S310;2402;2396;2404;3;
519;29;966;L;1;4;;929;265;932;3;
519;29;1980;L;1;3;S318;2463;392;2398;3;
519;29;399;L;1;3;S318;388;2175;392;3;
519;29;2770;L;1;1;S4;2204;2225;2149;3;
519;29;1872;L;1;3;S50;17;468;1403;3;
519;29;135;L;1;3;;914;934;546;3;
519;29;2849;L;1;4;X431;359;22;2380;3;
519;29;2015;L;1;4;X437;364;2250;218;3;
519;29;713;L;1;4;X441;1367;1776;496;3;
519;29;627;L;1;4;X442;2217;2218;121;3;
519;29;621;L;1;4;X447;174;2218;602;3;
519;29;721;L;1;4;X461;2240;1776;496;3;
519;29;36;L;1;4;X471;560;2455;2206;3;
519;29;1727;L;1;4;X474;1713;2211;2374;3;
519;29;1629;L;1;4;X552;305;971;1186;3;
519;29;1517;L;1;4;X553;2467;2396;26;3;
519;29;2225;L;1;4;;1870;1260;1758;3;
519;29;983;L;1;4;;946;947;957;3;
519;29;976;L;1;4;;947;914;945;3;
519;29;2320;L;1;4;;635;216;1176;3;
519;29;970;L;1;4;;942;934;938;3;
519;29;2108;L;1;4;;1852;2257;1378;3;
519;29;1678;L;1;4;;1518;949;631;3;
519;29;1936;L;1;4;;1816;1788;1808;3;
519;29;2204;L;1;4;;1548;952;634;3;
519;29;1540;L;1;4;;2254;1500;2211;3;
519;29;2787;L;1;4;;1887;2199;1716;3;
519;29;265;L;1;3;;264;265;268;3;
519;29;613;L;1;4;;266;592;591;3;
519;29;2028;L;1;4;;382;1839;219;3;
519;29;2950;L;1;4;;2420;2421;1271;3;
519;29;2032;L;1;4;;1840;1061;204;3;
519;29;2036;L;1;4;;1062;670;1053;3;
519;29;1091;L;1;4;;1053;1058;1063;3;
519;29;3036;L;1;4;;1049;2471;1058;3;
519;29;2970;L;1;4;;459;2206;1052;3;
519;29;2953;L;1;4;;2421;2420;204;3;
519;29;1655;L;1;4;;1516;957;1187;3;
519;29;2912;L;1;1;S60;2395;5;1773;3;
519;29;1195;L;1;4;;1157;2473;1162;3;
519;29;1548;L;1;4;;1042;1056;1058;3;
519;29;1947;L;1;4;;1788;1727;1816;3;
519;29;585;L;1;4;;563;571;2206;3;
519;29;764;L;1;4;;726;730;1717;3;
519;29;2972;L;1;4;;2474;569;727;3;
519;29;769;L;1;4;;731;730;569;3;
519;29;780;L;1;4;;742;568;565;3;
519;29;775;L;1;4;;737;2261;565;3;
519;29;429;L;1;4;;415;574;2206;3;
519;29;433;L;1;4;;718;567;566;3;
519;29;2139;L;1;4;;995;1847;949;3;
519;29;2367;L;1;4;;1344;2475;2175;3;
519;29;1396;L;1;4;;267;1354;264;3;
519;29;2927;L;1;4;;901;1354;264;3;
519;29;2342;L;1;4;;592;1354;264;3;
519;29;1613;L;1;4;;1149;951;631;3;
519;29;2299;L;1;4;;2262;2263;2387;3;
519;29;1216;L;1;4;;1184;1518;1516;3;
519;29;704;L;1;4;;666;949;2225;3;
519;29;3018;L;1;4;;2537;2538;2225;3;
519;29;1227;L;1;4;;1195;1189;1161;3;
519;29;1152;L;1;4;;268;1446;931;3;
519;29;670;L;1;4;;2256;631;636;3;
519;29;2277;L;1;4;;1182;1162;219;3;
519;29;1609;L;1;4;;1513;1188;971;3;
519;29;2291;L;1;4;;86;1344;1345;3;
519;29;2790;L;1;4;;1809;1716;2189;3;
519;29;1941;L;1;4;;1808;671;2189;3;
519;29;594;L;1;4;;571;563;730;3;
519;29;801;L;1;4;;763;764;730;3;
519;29;1920;L;1;4;;1807;1810;1786;3;
519;29;1454;L;1;4;;787;906;1446;3;
519;29;217;L;1;3;;216;217;1347;3;
519;29;1362;L;1;4;;1319;2225;364;3;
519;29;2057;L;1;4;;1145;985;271;3;
519;29;2694;L;1;4;;2310;354;2309;3;
519;29;666;L;1;4;;1273;666;631;3;
519;29;1005;L;1;4;;968;969;1157;3;
519;29;188;L;1;3;;934;26;945;3;
519;29;962;L;1;4;;925;2265;2266;3;
519;29;2051;L;1;4;;950;970;1201;3;
519;29;2002;L;1;4;;1833;1051;1052;3;
519;29;2005;L;1;4;;1834;1051;1052;3;
519;29;2630;L;1;4;;1502;2301;89;3;
519;29;2863;L;1;4;;482;2374;2283;3;
519;29;1119;L;1;4;;1081;1082;639;3;
519;29;2860;L;1;4;;2242;121;1049;3;
519;29;2019;L;1;4;;218;216;219;3;
519;29;790;L;1;4;;730;2455;762;3;
519;29;1292;L;1;4;;1260;1063;1267;3;
519;29;957;L;1;4;;916;938;2265;3;
519;29;1551;L;1;4;;258;916;965;3;
519;29;1230;L;1;4;;1198;1188;1201;3;
519;29;1585;L;1;4;;996;1271;1188;3;
519;29;2464;L;1;4;;1232;2510;1271;3;
519;29;2624;L;1;4;;2300;1500;1502;3;
519;29;2180;L;1;4;;1189;949;1187;3;
519;29;1581;L;1;4;;1510;949;957;3;
519;29;1909;L;1;3;S11;1403;17;2191;3;
519;29;1460;L;1;4;;1162;1102;1350;3;
519;29;2443;L;1;4;;1730;1105;1162;3;
519;29;2998;L;1;4;;2526;912;2527;3;
519;29;2012;L;1;4;;1837;914;2031;3;
519;29;1675;L;1;4;;1267;1271;949;3;
519;29;1749;L;1;4;;971;906;1188;3;
519;29;609;L;1;4;;591;931;1359;3;
519;29;2885;L;1;4;;2370;932;546;3;
519;29;1793;L;1;4;;954;953;1716;3;
519;29;1567;L;1;4;;954;1271;1145;3;
519;29;1930;L;1;4;;953;496;954;3;
519;29;223;L;1;1;;670;223;666;3;
519;29;2983;L;1;4;;2522;1060;1155;3;
519;29;147;L;1;3;;146;546;1359;3;
519;29;125;L;1;3;;223;1049;934;3;
519;29;2346;L;1;1;;223;670;2243;3;
519;29;3027;L;1;4;;2540;2243;1058;3;
519;29;2647;L;1;4;;584;591;730;3;
519;29;2258;L;1;4;;636;1070;106;3;
519;29;675;L;1;3;;636;219;351;3;
519;29;2878;L;1;4;;2369;219;2483;3;
519;29;1333;L;1;4;;1290;1291;2205;3;
519;29;2641;L;1;4;;2266;759;730;3;
519;29;2941;L;1;4;;296;1514;1868;3;
519;29;2090;L;1;4;;1846;1514;995;3;
519;29;1205;L;1;3;;1167;1162;2484;3;
519;29;1349;L;1;4;;1306;1169;1310;3;
519;29;1690;L;1;4;;1519;1169;1170;3;
519;29;1052;L;1;4;;1051;459;131;3;
519;29;2370;L;1;1;;1949;1762;2211;3;
519;29;2100;L;1;4;;1848;1058;1849;3;
519;29;2103;L;1;4;;1849;1053;1848;3;
519;29;2377;L;1;4;;1059;670;1222;3;
519;29;734;L;1;4;;695;696;567;3;
519;29;739;L;1;4;;727;695;567;3;
519;29;2349;L;1;4;;923;886;1354;3;
519;29;2236;L;1;4;;1066;1063;667;3;
519;29;108;L;1;3;;105;1102;106;3;
519;29;3007;L;1;3;;2506;2175;1827;3;
519;29;1992;L;1;3;;1827;1828;22;3;
519;29;383;L;1;4;;2485;2175;2269;3;
519;29;2553;L;1;4;;2269;376;2485;3;
519;29;1989;L;1;4;;376;379;2269;3;
519;29;2268;L;1;4;;569;731;1879;3;
519;29;1600;L;1;4;;1511;670;666;3;
519;29;3040;L;1;4;;2323;911;912;3;
519;29;1108;L;1;4;;1070;1071;2175;3;
519;29;1144;L;1;4;;1105;1162;1730;3;
519;29;1711;L;1;4;;1187;1185;1162;3;
519;29;655;L;1;4;;668;2225;1187;3;
519;29;909;L;1;3;;924;914;265;3;
519;29;899;L;1;3;;886;2206;914;3;
519;29;1156;L;1;4;;1118;268;1102;3;
519;29;2881;L;1;4;;1118;1446;1123;3;
519;29;2683;L;1;4;;284;279;2309;3;
519;29;116;L;1;3;;113;1307;105;3;
519;29;280;L;1;3;;279;280;2175;3;
519;29;1400;L;1;4;;2268;264;931;3;
519;29;4;L;1;1;G18;1973;5;515;3;
519;29;2813;L;1;4;;2326;1973;2206;3;
519;29;376;L;1;3;;1347;658;2175;3;
519;29;26;L;1;1;;1457;5;2206;3;
519;29;2962;L;1;3;S102;2443;2380;2229;3;
519;29;2810;L;1;4;;2445;2443;1483;3;
519;29;2902;L;1;1;;2397;2381;2184;3;
519;29;1836;L;1;3;;2179;2175;2380;3;
519;29;8;L;1;1;G18;468;1773;17;3;
519;29;477;L;1;3;S109;121;26;1058;3;
519;29;2760;L;1;4;;2317;1367;2204;3;
519;29;693;L;1;4;;219;656;2175;3;
519;29;2959;L;1;2;G112;2437;2356;546;3;
519;29;2264;L;1;4;;2517;106;2175;3;
519;29;2966;L;1;3;S116;2453;1439;121;3;
519;29;424;L;1;4;;539;2173;2389;3;
519;29;1438;L;1;2;G112;2376;2211;2174;3;
519;29;1246;L;1;4;;1201;949;971;3;
519;29;1660;L;1;4;;2491;973;1730;3;
519;29;533;L;1;2;G104;2404;2396;2219;3;
519;29;2956;L;1;2;G104;2396;1658;2218;3;
519;29;1481;L;1;1;;2194;26;1483;3;
519;29;2472;L;1;1;;2194;1592;487;3;
519;29;1765;L;1;1;;2195;2196;1807;3;
519;29;1776;L;1;1;;2407;2389;1483;3;
519;29;1513;L;1;1;;2407;2410;1483;3;
519;29;88;L;1;3;;1500;96;2211;3;
519;29;18;L;1;1;G2;487;5;2199;3;
519;29;1900;L;1;4;;1794;1555;2119;3;
519;29;2866;L;1;4;;2283;358;482;3;
519;29;2305;L;1;4;;1889;1321;1329;3;
519;29;678;L;1;4;;639;636;1891;3;
519;29;2757;L;1;4;;678;508;1367;3;
519;29;686;L;1;4;;656;634;2495;3;
519;29;1300;L;1;4;;1265;1260;1271;3;
519;29;2801;L;1;1;;2549;223;911;3;
519;29;235;L;1;1;;234;1345;2175;3;
519;29;229;L;1;1;;1350;670;1345;3;
519;29;1576;L;1;4;;1204;1271;949;3;
519;29;330;L;1;4;;280;1109;1102;3;
519;29;2075;L;1;4;;1845;1843;1198;3;
519;29;1102;L;1;4;;1063;1053;1069;3;
519;29;2819;L;1;4;;2346;2345;1102;3;
519;29;2394;L;1;4;;1274;667;666;3;
519;29;3001;L;1;4;;2527;2526;1359;3;
519;29;1905;L;1;4;;1405;1796;2119;3;
519;29;1084;L;1;4;;126;223;1049;3;
519;29;1377;L;1;4;;679;1367;2225;3;
519;29;2295;L;1;4;;518;2404;546;3;
519;29;2126;L;1;4;;1856;1857;1200;3;
519;29;1671;L;1;4;;1176;1162;635;3;
519;29;2561;L;1;4;;634;216;1162;3;
519;29;750;L;1;4;;567;695;415;3;
519;29;759;L;1;4;;568;726;742;3;
519;29;2697;L;1;4;;2311;234;2312;3;
519;29;744;L;1;4;;566;695;2497;3;
519;29;786;L;1;4;;746;563;415;3;
519;29;724;L;1;4;;565;2206;1500;3;
519;29;1595;L;1;4;;1069;670;624;3;
519;29;2817;L;1;4;;1329;1319;666;3;
519;29;3032;L;1;4;;2544;956;971;3;
519;29;837;L;1;4;;799;280;2498;3;
519;29;1261;L;1;4;;1271;996;949;3;
519;29;2687;L;1;4;;2309;284;234;3;
519;29;1045;L;1;4;;191;131;934;3;
519;29;2806;L;1;1;;911;2323;546;3;
519;29;2740;L;1;4;;911;2316;822;3;
519;29;1999;L;1;4;;1832;2278;911;3;
519;29;3004;L;1;4;;1160;1162;1157;3;
519;29;2450;L;1;4;;1159;1157;1105;3;
519;29;2313;L;1;4;;1892;2309;285;3;
519;29;1995;L;1;4;;1829;2206;2278;3;
519;29;2163;L;1;4;;1862;1230;1271;3;
519;29;2636;L;1;1;;2302;1500;1762;3;
519;29;1555;L;1;4;;1355;265;787;3;
519;29;1403;L;1;4;;943;2124;256;3;
519;29;1966;L;1;4;;1790;2214;1483;3;
519;29;2838;L;1;4;;2351;2236;2448;3;
519;29;288;L;1;3;;949;938;631;3;
519;29;2043;L;1;4;;966;949;1354;3;
519;29;1000;L;1;4;;963;922;969;3;
519;29;255;L;1;3;;965;938;1354;3;
519;29;831;L;1;4;;800;106;96;3;
519;29;2435;L;1;4;;1354;923;906;3;
519;29;1020;L;1;4;;969;949;1354;3;
519;29;2644;L;1;4;;932;925;2303;3;
519;29;2357;L;1;4;;2478;925;929;3;
519;29;1173;L;1;4;;931;2279;268;3;
519;29;2446;L;1;4;;973;2473;1123;3;
519;29;1590;L;1;4;;1251;204;1511;3;
519;29;2388;L;1;4;;1282;1061;996;3;
519;29;159;L;1;3;;96;578;800;3;
519;29;163;L;1;3;;162;800;2211;3;
519;29;2707;L;1;4;;321;1345;2312;3;
519;29;1254;L;1;4;;1222;1058;948;3;
519;29;2581;L;1;1;;2286;571;849;3;
519;29;2230;L;1;4;;1253;204;667;3;
519;29;151;L;1;3;;578;1359;96;3;
519;29;2935;L;1;4;;915;938;914;3;
519;29;3037;L;1;4;;624;1260;631;3;
519;29;304;L;1;3;;1186;296;1162;3;
519;29;1123;L;1;4;;1759;279;1070;3;
519;29;1564;L;1;4;;1507;969;1145;3;
519;29;2994;L;1;4;;2525;2187;1776;3;
519;29;1842;L;1;1;G18;1773;2223;468;3;
519;29;2482;L;1;1;G18;1773;5;468;3;
519;29;2538;L;1;1;;2185;2412;5;3;
519;29;2992;L;1;1;S5;2524;468;1776;3;
519;29;2047;L;1;4;;970;950;1354;3;
519;29;1058;L;1;4;;190;131;934;3;
519;29;730;L;1;4;;697;694;565;3;
519;29;1338;L;1;4;;1291;1296;568;3;
519;29;828;L;1;4;;164;792;162;3;
519;29;2728;L;1;4;;2315;1319;1384;3;
519;29;2404;L;1;4;;1952;931;1101;3;
519;29;2701;L;1;4;;1351;1344;1345;3;
519;29;2130;L;1;4;;1859;1230;1857;3;
519;29;2080;L;1;4;;952;1145;995;3;
519;29;2191;L;1;4;;951;1189;1149;3;
519;29;1952;L;1;4;;1727;1788;1820;3;
519;29;2359;L;1;4;;1266;667;631;3;
519;29;1011;L;1;4;;1109;973;280;3;
519;29;273;L;1;3;;1104;271;280;3;
519;29;1681;L;1;4;;659;631;219;3;
519;29;1686;L;1;4;;1181;1162;219;3;
519;29;311;L;1;3;;658;1162;1345;3;
519;29;2892;L;1;3;;2371;652;1345;3;
519;29;2673;L;1;4;;2307;344;2308;3;
519;29;872;L;1;4;;834;2503;945;3;
519;29;2583;L;1;1;;2287;1500;571;3;
519;29;1071;L;1;4;;1033;1055;1058;3;
519;29;1077;L;1;4;;1056;1033;1049;3;
519;29;3038;L;1;4;;1055;223;934;3;
519;29;2895;L;1;3;;2372;1167;1345;3;
519;29;1697;L;1;4;;1720;1347;1344;3;
519;29;2071;L;1;4;;1844;948;949;3;
519;29;2931;L;1;4;;2418;936;938;3;
519;29;1186;L;1;4;;631;1155;1149;3;
519;29;2023;L;1;4;;1155;631;1350;3;
519;29;2572;L;1;4;;2281;217;631;3;
519;29;1635;L;1;4;;294;949;631;3;
519;29;1891;L;1;4;;1555;2199;1794;3;
519;29;2718;L;1;4;;2314;1719;1345;3;
519;29;2715;L;1;4;;1719;1347;1344;3;
519;29;2112;L;1;4;;2257;225;668;3;
519;29;2198;L;1;4;;1868;952;1184;3;
519;29;2914;L;1;1;S21;2375;2174;2164;3;
519;29;2373;L;1;4;;1950;1058;1061;3;
519;29;2309;L;1;4;;2494;1891;1892;3;
519;29;98;L;1;3;;762;106;96;3;
519;29;2627;L;1;4;;92;1500;1502;3;
519;29;1823;L;1;3;;1762;162;2211;3;
519;29;2889;L;1;3;;161;2305;162;3;
519;29;342;L;1;3;;161;2505;162;3;
519;29;270;L;1;3;;1446;268;271;3;
519;29;944;L;1;4;;906;1354;973;3;
519;29;2096;L;1;4;;1226;945;1847;3;
519;29;37;L;2;2;S113;538;;;3;
519;29;2798;L;1;4;;837;834;949;3;
519;29;2667;L;1;4;;2305;2045;1071;3;
519;29;2658;L;1;3;;2305;2306;161;3;
519;29;2065;L;1;4;;1843;948;954;3;
519;29;1358;L;1;4;;2045;1167;279;3;
519;29;1369;L;1;4;;671;2225;666;3;
519;29;2576;L;1;4;;2284;1367;2225;3;
519;29;202;L;1;3;;667;1225;666;3;
519;29;317;L;1;3;;1345;658;2175;3;
519;29;2711;L;1;4;;2313;234;2175;3;
519;29;247;L;1;3;;945;1058;949;3;
519;29;238;L;1;3;;1058;2225;945;3;
519;29;638;L;1;4;;490;2175;2283;3;
519;29;198;L;1;3;;1225;945;667;3;
519;29;2136;L;1;4;;1847;995;1230;3;
519;29;1381;L;1;4;;1321;1319;1889;3;
519;29;2767;L;1;4;;1321;1329;2285;3;
519;29;2454;L;1;4;;1161;1157;1307;3;
519;29;1127;L;1;4;;1101;1952;1098;3;
519;29;2749;L;1;4;;2292;1188;952;3;
519;29;1743;L;1;3;;2410;2388;2407;3;
519;29;607;L;1;1;;849;2286;546;3;
519;29;2040;L;1;4;;836;947;834;3;
519;29;854;L;1;4;;936;1765;944;3;
519;29;1030;L;1;4;;1230;1271;948;3;
519;29;2221;L;1;4;;1243;1260;666;3;
519;29;261;L;1;3;;265;1354;264;3;
519;29;2121;L;1;4;;1200;1844;1188;3;
519;29;2978;L;1;4;;2521;2206;146;3;
519;29;995;L;1;4;;922;915;962;3;
519;29;2782;L;1;4;;2199;2019;1483;3;
519;29;391;L;1;4;;45;382;2175;3;
519;29;843;L;1;4;;576;1359;1500;3;
519;29;852;L;1;4;;912;936;1359;3;
519;29;1753;L;1;4;;1123;1105;1102;3;
519;29;2400;L;1;4;;2279;929;931;3;
519;29;1962;L;1;4;;1800;2290;1403;3;
519;29;2588;L;1;4;;1820;1727;2290;3;
519;29;2845;L;1;4;;2360;1820;1799;3;
519;29;2822;L;1;4;;2119;1794;1405;3;
519;29;1345;L;1;4;;1307;1306;1109;3;
519;29;603;L;1;4;;581;2291;730;3;
519;29;1604;L;1;4;;956;1271;1145;3;
519;29;2540;L;1;4;;2263;487;2262;3;
519;29;337;L;1;3;;1170;2475;280;3;
519;29;2662;L;1;3;;2306;636;2305;3;
519;29;2652;L;1;3;;2036;636;2305;3;
519;29;212;L;1;3;;217;667;216;3;
519;29;1026;L;1;4;;948;1188;2516;3;
519;29;1693;L;1;4;;1169;1306;1167;3;
519;29;1646;L;1;4;;957;971;1516;3;
519;29;2195;L;1;4;;957;1515;1189;3;
519;29;2753;L;1;4;;508;2280;2205;3;
519;29;2569;L;1;4;;2280;568;1301;3;
519;29;2551;L;1;4;;2243;121;2206;3;
519;29;100;L;1;3;;2243;2206;1049;3;
519;29;2287;L;1;4;;1185;305;631;3;
519;29;2732;L;1;4;;1384;1321;666;3;
519;29;2704;L;1;4;;2511;1344;1345;3;
519;29;1986;L;1;4;;379;2019;2507;3;
519;29;2744;L;1;4;;824;822;914;3;
519;29;2835;L;1;4;;2236;496;2351;3;
519;29;1641;L;1;4;;1512;954;1184;3;
519;29;2621;L;1;4;;89;1500;1502;3;
519;29;2424;L;1;1;;2414;2189;1957;3;
519;29;1114;L;1;4;;1082;279;1071;3;
519;29;814;L;1;4;;792;161;788;3;
519;29;2670;L;1;4;;779;792;344;3;
519;29;2737;L;1;4;;1342;1321;672;3;
519;29;2363;L;1;4;;131;2206;1033;3;
519;29;1748;L;1;4;;1188;948;631;3;
519;29;1529;L;1;4;;1408;2404;2411;3;
519;29;1267;L;1;4;;1264;1231;1260;3;
519;29;821;L;1;4;;788;792;2517;3;
519;29;1277;L;1;4;;1237;204;1232;3;
519;29;1281;L;1;4;;204;670;667;3;
519;29;2594;L;1;4;;2464;1301;2225;3;
519;29;1327;L;1;4;;225;2225;670;3;
519;29;809;L;1;4;;796;730;792;3;
519;29;2722;L;1;4;;1333;1061;666;3;
519;29;348;L;1;3;;351;2505;636;3;
519;29;2385;L;1;4;;1951;223;1055;3;
519;29;2148;L;1;4;;1861;1230;2292;3;
519;29;1287;L;1;4;;1067;1251;1274;3;
519;29;2382;L;1;4;;1043;1056;1058;3;
519;29;2171;L;1;4;;1231;1188;1271;3;
519;29;2240;L;1;4;;1871;204;1066;3;
519;29;1179;L;1;4;;271;631;268;3;
519;29;947;L;1;4;;938;911;949;3;
519;29;2596;L;1;4;;2293;2292;949;3;
519;29;1495;L;1;1;;2170;1773;2188;3;
519;29;2316;L;1;4;;285;1892;2175;3;
519;29;1354;L;1;4;;354;1310;234;3;
519;29;2249;L;1;4;;106;762;2175;3;
519;29;2676;L;1;4;;2308;762;2175;3;
519;29;1169;L;1;4;;1071;2519;351;3;
519;29;1159;L;1;4;;1102;1162;2519;3;
519;29;2852;L;1;4;;1682;22;2249;3;
519;29;1700;L;1;4;;403;2019;2387;3;
519;29;2566;L;1;4;;1799;1820;2214;3;
519;29;2118;L;1;4;;2288;946;1844;3;
519;29;2155;L;1;4;;1514;1204;1271;3;
519;29;409;L;1;4;;672;1061;666;3;
519;29;877;L;1;4;;2291;146;931;3;
519;29;1307;L;1;4;;1061;672;1282;3;
