CID;TABCD;LCD;INT_CID;INT_TABCD;INT_LCD
504;14;595;504;14;597
504;14;597;504;14;1284
504;14;1284;504;14;1286
504;14;1286;504;14;595
504;14;580;504;14;598
504;14;598;504;14;580
504;14;599;504;14;601
504;14;601;504;14;647
504;14;647;504;14;599
504;14;518;504;14;725
504;14;725;504;14;518
504;14;1314;504;14;1520
504;14;1520;504;14;1314
504;14;727;504;14;959
504;14;959;504;14;727
504;14;1278;504;14;1521
504;14;1521;504;14;1278
504;14;602;504;14;728
504;14;728;504;14;602
504;14;1240;504;14;1461
504;14;1461;504;14;1240
504;14;1619;504;14;1620
504;14;1620;504;14;1619
504;14;1621;504;14;1628
504;14;1628;504;14;1621
504;14;488;504;14;729
504;14;729;504;14;488
504;14;731;504;14;1207
504;14;1207;504;14;731
504;14;429;504;14;730
504;14;730;504;14;733
504;14;733;504;14;870
504;14;870;504;14;1951
504;14;1951;504;14;429
504;14;584;504;14;591
504;14;591;504;14;593
504;14;593;504;14;663
504;14;663;504;14;872
504;14;872;504;14;584
504;14;594;504;14;1262
504;14;1262;504;14;1267
504;14;1267;504;14;594
504;14;418;504;14;503
504;14;503;504;14;418
504;14;406;504;14;419
504;14;419;504;14;448
504;14;448;504;14;406
504;14;407;504;14;535
504;14;535;504;14;540
504;14;540;504;14;407
504;14;408;504;14;1150
504;14;1150;504;14;408
504;14;414;504;14;1375
504;14;1375;504;14;414
504;14;409;504;14;1866
504;14;1866;504;14;409
504;14;410;504;14;671
504;14;671;504;14;410
504;14;411;504;14;837
504;14;837;504;14;411
504;14;412;504;14;811
504;14;811;504;14;412
504;14;1415;504;14;1456
504;14;1456;504;14;1415
504;14;1559;504;14;1562
504;14;1562;504;14;1559
504;14;403;504;14;1471
504;14;1471;504;14;403
504;14;1696;504;14;1713
504;14;1713;504;14;1696
504;14;439;504;14;548
504;14;548;504;14;839
504;14;839;504;14;439
504;14;440;504;14;616
504;14;616;504;14;440
504;14;1054;504;14;1472
504;14;1472;504;14;1054
504;14;441;504;14;1059
504;14;1059;504;14;441
504;14;69;504;14;442
504;14;442;504;14;69
504;14;445;504;14;532
504;14;532;504;14;445
504;14;436;504;14;446
504;14;446;504;14;636
504;14;636;504;14;436
504;14;1108;504;14;1457
504;14;1457;504;14;1108
504;14;447;504;14;504
504;14;504;504;14;1547
504;14;1547;504;14;1775
504;14;1775;504;14;447
504;14;813;504;14;884
504;14;884;504;14;813
504;14;545;504;14;814
504;14;814;504;14;545
504;14;815;504;14;1650
504;14;1650;504;14;815
504;14;816;504;14;956
504;14;956;504;14;816
504;14;817;504;14;1153
504;14;1153;504;14;817
504;14;783;504;14;818
504;14;818;504;14;783
504;14;574;504;14;819
504;14;819;504;14;574
504;14;1167;504;14;1481
504;14;1481;504;14;1167
504;14;798;504;14;820
504;14;820;504;14;798
504;14;821;504;14;823
504;14;823;504;14;1900
504;14;1900;504;14;821
504;14;420;504;14;536
504;14;536;504;14;1126
504;14;1126;504;14;420
504;14;423;504;14;480
504;14;480;504;14;423
504;14;424;504;14;1148
504;14;1148;504;14;424
504;14;425;504;14;519
504;14;519;504;14;425
504;14;66;504;14;426
504;14;426;504;14;66
504;14;1316;504;14;1318
504;14;1318;504;14;1532
504;14;1532;504;14;1894
504;14;1894;504;14;1316
504;14;427;504;14;604
504;14;604;504;14;665
504;14;665;504;14;1895
504;14;1895;504;14;427
504;14;831;504;14;1533
504;14;1533;504;14;831
504;14;428;504;14;1809
504;14;1809;504;14;428
504;14;1208;504;14;1534
504;14;1534;504;14;1950
504;14;1950;504;14;1208
504;14;1191;504;14;1535
504;14;1535;504;14;1898
504;14;1898;504;14;1191
504;14;431;504;14;460
504;14;460;504;14;1892
504;14;1892;504;14;1901
504;14;1901;504;14;431
504;14;1017;504;14;1537
504;14;1537;504;14;1902
504;14;1902;504;14;1017
504;14;969;504;14;1538
504;14;1538;504;14;969
504;14;1539;504;14;1903
504;14;1903;504;14;1539
504;14;432;504;14;1904
504;14;1904;504;14;432
504;14;434;504;14;1905
504;14;1905;504;14;434
504;14;840;504;14;905
504;14;905;504;14;840
504;14;923;504;14;1701
504;14;1701;504;14;923
504;14;909;504;14;912
504;14;912;504;14;909
504;14;470;504;14;910
504;14;910;504;14;1745
504;14;1745;504;14;470
504;14;770;504;14;774
504;14;774;504;14;986
504;14;986;504;14;770
504;14;449;504;14;672
504;14;672;504;14;449
504;14;666;504;14;1363
504;14;1363;504;14;666
504;14;667;504;14;1564
504;14;1564;504;14;667
504;14;668;504;14;739
504;14;739;504;14;668
504;14;669;504;14;1298
504;14;1298;504;14;669
504;14;670;504;14;829
504;14;829;504;14;670
504;14;1304;504;14;1530
504;14;1530;504;14;1304
504;14;1322;504;14;1462
504;14;1462;504;14;1322
504;14;603;504;14;947
504;14;947;504;14;1327
504;14;1327;504;14;603
504;14;81;504;14;91
504;14;91;504;14;81
504;14;68;504;14;84
504;14;84;504;14;68
504;14;79;504;14;86
504;14;86;504;14;79
504;14;88;504;14;92
504;14;92;504;14;88
504;14;89;504;14;90
504;14;90;504;14;131
504;14;131;504;14;89
504;14;734;504;14;1025
504;14;1025;504;14;734
504;14;735;504;14;1682
504;14;1682;504;14;735
504;14;736;504;14;1689
504;14;1689;504;14;736
504;14;1406;504;14;1490
504;14;1490;504;14;1771
504;14;1771;504;14;1406
504;14;1231;504;14;1233
504;14;1233;504;14;1516
504;14;1516;504;14;1231
504;14;1210;504;14;1704
504;14;1704;504;14;1210
504;14;1623;504;14;1624
504;14;1624;504;14;1623
504;14;486;504;14;570
504;14;570;504;14;582
504;14;582;504;14;587
504;14;587;504;14;486
504;14;1060;504;14;1769
504;14;1769;504;14;1060
504;14;1055;504;14;1061
504;14;1061;504;14;1055
504;14;1057;504;14;1740
504;14;1740;504;14;1057
504;14;453;504;14;472
504;14;472;504;14;849
504;14;849;504;14;1747
504;14;1747;504;14;453
504;14;455;504;14;522
504;14;522;504;14;546
504;14;546;504;14;1885
504;14;1885;504;14;455
504;14;456;504;14;1007
504;14;1007;504;14;1886
504;14;1886;504;14;456
504;14;457;504;14;887
504;14;887;504;14;1887
504;14;1887;504;14;457
504;14;458;504;14;785
504;14;785;504;14;787
504;14;787;504;14;1889
504;14;1889;504;14;458
504;14;459;504;14;562
504;14;562;504;14;1890
504;14;1890;504;14;459
504;14;800;504;14;1475
504;14;1475;504;14;1891
504;14;1891;504;14;800
504;14;65;504;14;520
504;14;520;504;14;65
504;14;499;504;14;505
504;14;505;504;14;1728
504;14;1728;504;14;499
504;14;475;504;14;742
504;14;742;504;14;1723
504;14;1723;504;14;1776
504;14;1776;504;14;1802
504;14;1802;504;14;475
504;14;476;504;14;533
504;14;533;504;14;630
504;14;630;504;14;1725
504;14;1725;504;14;476
504;14;1129;504;14;1500
504;14;1500;504;14;1730
504;14;1730;504;14;1129
504;14;1122;504;14;1501
504;14;1501;504;14;1731
504;14;1731;504;14;1122
504;14;479;504;14;537
504;14;537;504;14;651
504;14;651;504;14;1732
504;14;1732;504;14;479
504;14;1149;504;14;1710
504;14;1710;504;14;1149
504;14;1373;504;14;1760
504;14;1760;504;14;1777
504;14;1777;504;14;1373
504;14;861;504;14;882
504;14;882;504;14;861
504;14;543;504;14;862
504;14;862;504;14;543
504;14;863;504;14;1157
504;14;1157;504;14;863
504;14;780;504;14;864
504;14;864;504;14;780
504;14;865;504;14;1215
504;14;1215;504;14;865
504;14;1222;504;14;1458
504;14;1458;504;14;1222
504;14;571;504;14;866
504;14;866;504;14;571
504;14;867;504;14;1163
504;14;1163;504;14;867
504;14;795;504;14;868
504;14;868;504;14;795
504;14;869;504;14;1308
504;14;1308;504;14;869
504;14;685;504;14;707
504;14;707;504;14;776
504;14;776;504;14;685
504;14;708;504;14;803
504;14;803;504;14;961
504;14;961;504;14;708
504;14;709;504;14;883
504;14;883;504;14;1960
504;14;1960;504;14;709
504;14;544;504;14;710
504;14;710;504;14;544
504;14;1545;504;14;1649
504;14;1649;504;14;1545
504;14;712;504;14;955
504;14;955;504;14;712
504;14;713;504;14;1152
504;14;1152;504;14;713
504;14;714;504;14;782
504;14;782;504;14;714
504;14;1218;504;14;1460
504;14;1460;504;14;1218
504;14;1225;504;14;1511
504;14;1511;504;14;1225
504;14;573;504;14;715
504;14;715;504;14;573
504;14;1166;504;14;1512
504;14;1512;504;14;1166
504;14;716;504;14;797
504;14;797;504;14;716
504;14;717;504;14;1291
504;14;1291;504;14;1899
504;14;1899;504;14;717
504;14;1270;504;14;1281
504;14;1281;504;14;1283
504;14;1283;504;14;1270
504;14;640;504;14;659
504;14;659;504;14;662
504;14;662;504;14;640
504;14;1598;504;14;1600
504;14;1600;504;14;1778
504;14;1778;504;14;1598
504;14;465;504;14;620
504;14;620;504;14;1737
504;14;1737;504;14;465
504;14;898;504;14;1526
504;14;1526;504;14;1738
504;14;1738;504;14;898
504;14;466;504;14;688
504;14;688;504;14;1739
504;14;1739;504;14;466
504;14;467;504;14;610
504;14;610;504;14;618
504;14;618;504;14;1741
504;14;1741;504;14;467
504;14;469;504;14;550
504;14;550;504;14;552
504;14;552;504;14;1742
504;14;1742;504;14;469
504;14;646;504;14;1272
504;14;1272;504;14;1274
504;14;1274;504;14;646
504;14;1275;504;14;1303
504;14;1303;504;14;1275
504;14;644;504;14;654
504;14;654;504;14;1312
504;14;1312;504;14;1604
504;14;1604;504;14;644
504;14;645;504;14;704
504;14;704;504;14;645
504;14;1236;504;14;1479
504;14;1479;504;14;1236
504;14;648;504;14;1613
504;14;1613;504;14;648
504;14;1626;504;14;1630
504;14;1630;504;14;1626
504;14;487;504;14;649
504;14;649;504;14;487
504;14;1749;504;14;1750
504;14;1750;504;14;1749
504;14;843;504;14;989
504;14;989;504;14;843
504;14;526;504;14;992
504;14;992;504;14;526
504;14;993;504;14;1005
504;14;1005;504;14;993
504;14;994;504;14;1523
504;14;1523;504;14;994
504;14;568;504;14;995
504;14;995;504;14;568
504;14;1780;504;14;1781
504;14;1781;504;14;1780
504;14;1599;504;14;1601
504;14;1601;504;14;1599
504;14;1250;504;14;1252
504;14;1252;504;14;1250
504;14;1253;504;14;1483
504;14;1483;504;14;1787
504;14;1787;504;14;1253
504;14;1254;504;14;1266
504;14;1266;504;14;1254
504;14;485;504;14;778
504;14;778;504;14;875
504;14;875;504;14;1916
504;14;1916;504;14;485
504;14;779;504;14;1194
504;14;1194;504;14;1196
504;14;1196;504;14;779
504;14;781;504;14;1183
504;14;1183;504;14;781
504;14;1170;504;14;1524
504;14;1524;504;14;1170
504;14;581;504;14;1612
504;14;1612;504;14;581
504;14;1614;504;14;1615
504;14;1615;504;14;1614
504;14;1159;504;14;1169
504;14;1169;504;14;1159
504;14;1171;504;14;1217
504;14;1217;504;14;1171
504;14;1172;504;14;1224
504;14;1224;504;14;1172
504;14;1173;504;14;1488
504;14;1488;504;14;1173
504;14;1165;504;14;1174
504;14;1174;504;14;1165
504;14;1175;504;14;1496
504;14;1496;504;14;1175
504;14;1176;504;14;1310
504;14;1310;504;14;1176
504;14;1709;504;14;1712
504;14;1712;504;14;1709
504;14;617;504;14;1062
504;14;1062;504;14;617
504;14;549;504;14;1063
504;14;1063;504;14;549
504;14;1772;504;14;1773
504;14;1773;504;14;1920
504;14;1920;504;14;1772
504;14;1923;504;14;1925
504;14;1925;504;14;1923
504;14;1763;504;14;1764
504;14;1764;504;14;1921
504;14;1921;504;14;1763
504;14;1154;504;14;1888
504;14;1888;504;14;1154
504;14;1872;504;14;1874
504;14;1874;504;14;1940
504;14;1940;504;14;1872
504;14;746;504;14;1130
504;14;1130;504;14;746
504;14;512;504;14;1133
504;14;1133;504;14;512
504;14;1805;504;14;1813
504;14;1813;504;14;1805
504;14;878;504;14;1815
504;14;1815;504;14;878
504;14;1446;504;14;1818
504;14;1818;504;14;1446
504;14;1784;504;14;1869
504;14;1869;504;14;1784
504;14;656;504;14;1246
504;14;1246;504;14;1257
504;14;1257;504;14;1259
504;14;1259;504;14;656
504;14;1260;504;14;1265
504;14;1265;504;14;1269
504;14;1269;504;14;1260
504;14;1249;504;14;1256
504;14;1256;504;14;1249
504;14;924;504;14;931
504;14;931;504;14;924
504;14;925;504;14;1042
504;14;1042;504;14;925
504;14;846;504;14;926
504;14;926;504;14;846
504;14;927;504;14;938
504;14;938;504;14;927
504;14;1572;504;14;1576
504;14;1576;504;14;1572
504;14;919;504;14;928
504;14;928;504;14;919
504;14;745;504;14;750
504;14;750;504;14;1700
504;14;1700;504;14;745
504;14;747;504;14;1138
504;14;1138;504;14;747
504;14;1079;504;14;1476
504;14;1476;504;14;1079
504;14;631;504;14;743
504;14;743;504;14;1698
504;14;1698;504;14;1759
504;14;1759;504;14;631
504;14;1087;504;14;1477
504;14;1477;504;14;1087
504;14;1100;504;14;1478
504;14;1478;504;14;1100
504;14;500;504;14;744
504;14;744;504;14;500
504;14;1380;504;14;1716
504;14;1716;504;14;1380
504;14;1792;504;14;1793
504;14;1793;504;14;1792
504;14;1794;504;14;1845
504;14;1845;504;14;1794
504;14;1142;504;14;1465
504;14;1465;504;14;1142
504;14;517;504;14;652
504;14;652;504;14;517
504;14;1271;504;14;1464
504;14;1464;504;14;1271
504;14;1928;504;14;1930
504;14;1930;504;14;1928
504;14;1573;504;14;1577
504;14;1577;504;14;1573
504;14;1574;504;14;1589
504;14;1589;504;14;1574
504;14;1579;504;14;1580
504;14;1580;504;14;1579
504;14;974;504;14;975
504;14;975;504;14;1575
504;14;1575;504;14;974
504;14;491;504;14;497
504;14;497;504;14;696
504;14;696;504;14;491
504;14;1592;504;14;1596
504;14;1596;504;14;1592
504;14;492;504;14;607
504;14;607;504;14;1911
504;14;1911;504;14;492
504;14;482;504;14;493
504;14;493;504;14;558
504;14;558;504;14;1070
504;14;1070;504;14;1912
504;14;1912;504;14;1937
504;14;1937;504;14;482
504;14;1109;504;14;1751
504;14;1751;504;14;1109
504;14;495;504;14;501
504;14;501;504;14;510
504;14;510;504;14;495
504;14;496;504;14;895
504;14;895;504;14;496
504;14;1746;504;14;1880
504;14;1880;504;14;1746
504;14;1703;504;14;1881
504;14;1881;504;14;1703
504;14;1509;504;14;1665
504;14;1665;504;14;1509
504;14;824;504;14;1027
504;14;1027;504;14;824
504;14;825;504;14;1685
504;14;1685;504;14;825
504;14;1676;504;14;1693
504;14;1693;504;14;1676
504;14;1691;504;14;1694
504;14;1694;504;14;1783
504;14;1783;504;14;1691
504;14;826;504;14;1408
504;14;1408;504;14;826
504;14;810;504;14;827
504;14;827;504;14;810
504;14;828;504;14;836
504;14;836;504;14;828
504;14;1301;504;14;1313
504;14;1313;504;14;1301
504;14;705;504;14;1302
504;14;1302;504;14;705
504;14;1237;504;14;1239
504;14;1239;504;14;1305
504;14;1305;504;14;1237
504;14;1616;504;14;1618
504;14;1618;504;14;1616
504;14;1627;504;14;1631
504;14;1631;504;14;1627
504;14;1306;504;14;1493
504;14;1493;504;14;1306
504;14;1632;504;14;1638
504;14;1638;504;14;1632
504;14;1206;504;14;1307
504;14;1307;504;14;1206
504;14;1190;504;14;1309
504;14;1309;504;14;1190
504;14;1156;504;14;1193
504;14;1193;504;14;1156
504;14;1158;504;14;1182
504;14;1182;504;14;1158
504;14;1542;504;14;1641
504;14;1641;504;14;1542
504;14;1639;504;14;1642
504;14;1642;504;14;1639
504;14;1765;504;14;1766
504;14;1766;504;14;1765
504;14;1430;504;14;1718
504;14;1718;504;14;1789
504;14;1789;504;14;1430
504;14;1431;504;14;1907
504;14;1907;504;14;1431
504;14;1422;504;14;1432
504;14;1432;504;14;1422
504;14;873;504;14;1228
504;14;1228;504;14;1230
504;14;1230;504;14;873
504;14;1036;504;14;1041
504;14;1041;504;14;1528
504;14;1528;504;14;1036
504;14;942;504;14;1043
504;14;1043;504;14;942
504;14;1582;504;14;1586
504;14;1586;504;14;1582
504;14;1044;504;14;1049
504;14;1049;504;14;1044
504;14;1045;504;14;1517
504;14;1517;504;14;1045
504;14;1035;504;14;1039
504;14;1039;504;14;1035
504;14;1211;504;14;1213
504;14;1213;504;14;1719
504;14;1719;504;14;1917
504;14;1917;504;14;1211
504;14;626;504;14;802
504;14;802;504;14;1877
504;14;1877;504;14;626
504;14;888;504;14;1014
504;14;1014;504;14;888
504;14;853;504;14;889
504;14;889;504;14;853
504;14;939;504;14;944
504;14;944;504;14;939
504;14;1578;504;14;1588
504;14;1588;504;14;1578
504;14;1051;504;14;1482
504;14;1482;504;14;1051
504;14;916;504;14;940
504;14;940;504;14;916
504;14;1748;504;14;1753
504;14;1753;504;14;1748
504;14;590;504;14;658
504;14;658;504;14;590
504;14;1655;504;14;1657
504;14;1657;504;14;1655
504;14;1653;504;14;1656
504;14;1656;504;14;1653
504;14;1078;504;14;1724
504;14;1724;504;14;1078
504;14;1080;504;14;1485
504;14;1485;504;14;1080
504;14;901;504;14;1081
504;14;1081;504;14;901
504;14;691;504;14;1082
504;14;1082;504;14;691
504;14;1074;504;14;1083
504;14;1083;504;14;1074
504;14;1084;504;14;1463
504;14;1463;504;14;1084
504;14;1085;504;14;1459
504;14;1459;504;14;1085
504;14;842;504;14;1762
504;14;1762;504;14;842
504;14;1234;504;14;1287
504;14;1287;504;14;1234
504;14;1012;504;14;1662
504;14;1662;504;14;1012
504;14;1008;504;14;1013
504;14;1013;504;14;1008
504;14;788;504;14;1015
504;14;1015;504;14;788
504;14;563;504;14;1016
504;14;1016;504;14;563
504;14;513;504;14;515
504;14;515;504;14;1140
504;14;1140;504;14;513
504;14;516;504;14;577
504;14;577;504;14;1143
504;14;1143;504;14;516
504;14;721;504;14;1368
504;14;1368;504;14;721
504;14;722;504;14;1850
504;14;1850;504;14;722
504;14;723;504;14;1394
504;14;1394;504;14;723
504;14;762;504;14;1484
504;14;1484;504;14;762
504;14;621;504;14;675
504;14;675;504;14;621
504;14;507;504;14;622
504;14;622;504;14;507
504;14;508;504;14;632
504;14;632;504;14;508
504;14;1088;504;14;1486
504;14;1486;504;14;1088
504;14;509;504;14;1101
504;14;1101;504;14;509
504;14;511;504;14;751
504;14;751;504;14;511
504;14;1181;504;14;1648
504;14;1648;504;14;1181
504;14;1184;504;14;1216
504;14;1216;504;14;1184
504;14;1186;504;14;1223
504;14;1223;504;14;1186
504;14;572;504;14;1187
504;14;1187;504;14;572
504;14;1164;504;14;1188
504;14;1188;504;14;1164
504;14;796;504;14;1189
504;14;1189;504;14;796
504;14;561;504;14;575
504;14;575;504;14;561
504;14;566;504;14;855
504;14;855;504;14;566
504;14;567;504;14;1001
504;14;1001;504;14;567
504;14;1634;504;14;1636
504;14;1636;504;14;1634
504;14;1203;504;14;1487
504;14;1487;504;14;1203
504;14;1121;504;14;1125
504;14;1125;504;14;1121
504;14;894;504;14;1102
504;14;1102;504;14;1104
504;14;1104;504;14;894
504;14;695;504;14;1105
504;14;1105;504;14;695
504;14;1106;504;14;1595
504;14;1595;504;14;1106
504;14;633;504;14;893
504;14;893;504;14;1767
504;14;1767;504;14;633
504;14;1089;504;14;1489
504;14;1489;504;14;1089
504;14;754;504;14;896
504;14;896;504;14;754
504;14;763;504;14;899
504;14;899;504;14;763
504;14;676;504;14;900
504;14;900;504;14;676
504;14;1099;504;14;1727
504;14;1727;504;14;1099
504;14;637;504;14;1112
504;14;1112;504;14;637
504;14;638;504;14;1807
504;14;1807;504;14;638
504;14;737;504;14;808
504;14;808;504;14;737
504;14;738;504;14;834
504;14;834;504;14;738
504;14;740;504;14;1551
504;14;1551;504;14;740
504;14;1315;504;14;1326
504;14;1326;504;14;1315
504;14;1354;504;14;1687
504;14;1687;504;14;1354
504;14;1337;504;14;1688
504;14;1688;504;14;1337
504;14;1678;504;14;1690
504;14;1690;504;14;1804
504;14;1804;504;14;1678
504;14;1419;504;14;1560
504;14;1560;504;14;1419
504;14;1437;504;14;1442
504;14;1442;504;14;1561
504;14;1561;504;14;1437
504;14;1448;504;14;1801
504;14;1801;504;14;1448
504;14;555;504;14;557
504;14;557;504;14;625
504;14;625;504;14;555
504;14;559;504;14;760
504;14;760;504;14;1957
504;14;1957;504;14;559
504;14;553;504;14;768
504;14;768;504;14;553
504;14;554;504;14;682
504;14;682;504;14;554
504;14;1243;504;14;1933
504;14;1933;504;14;1243
504;14;523;504;14;857
504;14;857;504;14;523
504;14;524;504;14;1003
504;14;1003;504;14;524
504;14;525;504;14;998
504;14;998;504;14;525
504;14;851;504;14;1663
504;14;1663;504;14;851
504;14;1581;504;14;1590
504;14;1590;504;14;1829
504;14;1829;504;14;1581
504;14;489;504;14;807
504;14;807;504;14;489
504;14;1566;504;14;1717
504;14;1717;504;14;1566
504;14;809;504;14;1296
504;14;1296;504;14;809
504;14;1426;504;14;1492
504;14;1492;504;14;1426
504;14;483;504;14;881
504;14;881;504;14;1914
504;14;1914;504;14;1958
504;14;1958;504;14;483
504;14;484;504;14;542
504;14;542;504;14;642
504;14;642;504;14;1915
504;14;1915;504;14;484
504;14;1324;504;14;1494
504;14;1494;504;14;1324
504;14;935;504;14;1048
504;14;1048;504;14;935
504;14;1050;504;14;1497
504;14;1497;504;14;1050
504;14;1052;504;14;1529
504;14;1529;504;14;1052
504;14;56;504;14;61
504;14;61;504;14;56
504;14;698;504;14;755
504;14;755;504;14;757
504;14;757;504;14;698
504;14;589;504;14;608
504;14;608;504;14;759
504;14;759;504;14;589
504;14;749;504;14;1549
504;14;1549;504;14;1729
504;14;1729;504;14;749
504;14;1369;504;14;1382
504;14;1382;504;14;1369
504;14;1383;504;14;1395
504;14;1395;504;14;1383
504;14;1396;504;14;1403
504;14;1403;504;14;1396
504;14;1853;504;14;1855
504;14;1855;504;14;1853
504;14;1370;504;14;1846
504;14;1846;504;14;1370
504;14;1847;504;14;1852
504;14;1852;504;14;1847
504;14;1374;504;14;1556
504;14;1556;504;14;1374
504;14;1388;504;14;1393
504;14;1393;504;14;1388
504;14;1389;504;14;1402
504;14;1402;504;14;1389
504;14;1367;504;14;1386
504;14;1386;504;14;1367
504;14;1387;504;14;1849
504;14;1849;504;14;1387
504;14;1197;504;14;1214
504;14;1214;504;14;1197
504;14;1633;504;14;1637
504;14;1637;504;14;1633
504;14;794;504;14;1205
504;14;1205;504;14;794
504;14;1198;504;14;1221
504;14;1221;504;14;1198
504;14;1352;504;14;1680
504;14;1680;504;14;1352
504;14;1335;504;14;1681
504;14;1681;504;14;1335
504;14;1672;504;14;1683
504;14;1683;504;14;1672
504;14;1294;504;14;1684
504;14;1684;504;14;1294
504;14;833;504;14;1565
504;14;1565;504;14;833
504;14;999;504;14;1004
504;14;1004;504;14;999
504;14;1000;504;14;1522
504;14;1522;504;14;1000
504;14;841;504;14;845
504;14;845;504;14;841
504;14;847;504;14;943
504;14;943;504;14;847
504;14;1583;504;14;1587
504;14;1587;504;14;1583
504;14;848;504;14;915
504;14;915;504;14;848
504;14;1568;504;14;1570
504;14;1570;504;14;1568
504;14;920;504;14;945
504;14;945;504;14;920
504;14;1673;504;14;1675
504;14;1675;504;14;1677
504;14;1677;504;14;1673
504;14;1667;504;14;1669
504;14;1669;504;14;1667
504;14;1670;504;14;1671
504;14;1671;504;14;1670
504;14;1507;504;14;1666
504;14;1666;504;14;1507
504;14;1434;504;14;1439
504;14;1439;504;14;1434
504;14;1440;504;14;1800
504;14;1800;504;14;1440
504;14;1797;504;14;1798
504;14;1798;504;14;1797
504;14;1417;504;14;1443
504;14;1443;504;14;1795
504;14;1795;504;14;1417
504;14;699;504;14;701
504;14;701;504;14;1248
504;14;1248;504;14;699
504;14;1245;504;14;1498
504;14;1498;504;14;1245
504;14;702;504;14;1280
504;14;1280;504;14;702
504;14;579;504;14;703
504;14;703;504;14;579
504;14;689;504;14;764
504;14;764;504;14;689
504;14;677;504;14;690
504;14;690;504;14;677
504;14;634;504;14;692
504;14;692;504;14;694
504;14;694;504;14;634
504;14;1090;504;14;1092
504;14;1092;504;14;1499
504;14;1499;504;14;1090
504;14;1067;504;14;1069
504;14;1069;504;14;1518
504;14;1518;504;14;1067
504;14;769;504;14;1065
504;14;1065;504;14;769
504;14;683;504;14;1066
504;14;1066;504;14;683
504;14;1421;504;14;1435
504;14;1435;504;14;1421
504;14;641;504;14;1227
504;14;1227;504;14;641
504;14;1603;504;14;1605
504;14;1605;504;14;1603
504;14;1096;504;14;1726
504;14;1726;504;14;1096
504;14;1026;504;14;1292
504;14;1292;504;14;1026
504;14;1295;504;14;1407
504;14;1407;504;14;1295
504;14;835;504;14;1297
504;14;1297;504;14;835
504;14;1299;504;14;1552
504;14;1552;504;14;1299
504;14;765;504;14;1072
504;14;1072;504;14;765
504;14;611;504;14;766
504;14;766;504;14;611
504;14;970;504;14;1514
504;14;1514;504;14;970
504;14;805;504;14;1515
504;14;1515;504;14;805
504;14;913;504;14;936
504;14;936;504;14;913
504;14;852;504;14;1009
504;14;1009;504;14;852
504;14;789;504;14;854
504;14;854;504;14;789
504;14;1241;504;14;1323
504;14;1323;504;14;1241
504;14;948;504;14;1242
504;14;1242;504;14;948
504;14;983;504;14;1235
504;14;1235;504;14;983
504;14;832;504;14;1364
504;14;1364;504;14;832
504;14;1023;504;14;1350
504;14;1350;504;14;1023
504;14;1024;504;14;1333
504;14;1333;504;14;1024
504;14;1840;504;14;1842
504;14;1842;504;14;1840
504;14;1544;504;14;1625
504;14;1625;504;14;1544
504;14;1543;504;14;1629
504;14;1629;504;14;1543
504;14;606;504;14;613
504;14;613;504;14;624
504;14;624;504;14;635
504;14;635;504;14;606
504;14;953;504;14;1519
504;14;1519;504;14;953
504;14;1075;504;14;1466
504;14;1466;504;14;1075
504;14;1651;504;14;1659
504;14;1659;504;14;1651
504;14;1591;504;14;1594
504;14;1594;504;14;1591
504;14;1319;504;14;1362
504;14;1362;504;14;1319
504;14;1137;504;14;1480
504;14;1480;504;14;1137
504;14;612;504;14;679
504;14;679;504;14;681
504;14;681;504;14;612
504;14;684;504;14;951
504;14;951;504;14;684
504;14;686;504;14;804
504;14;804;504;14;686
504;14;678;504;14;1073
504;14;1073;504;14;678
504;14;1162;504;14;1204
504;14;1204;504;14;1162
504;14;1420;504;14;1942
504;14;1942;504;14;1420
504;14;1416;504;14;1425
504;14;1425;504;14;1943
504;14;1943;504;14;1416
504;14;972;504;14;1038
504;14;1038;504;14;972
504;14;973;504;14;1527
504;14;1527;504;14;973
504;14;934;504;14;1585
504;14;1585;504;14;934
504;14;1411;504;14;1413
504;14;1413;504;14;1411
504;14;1414;504;14;1819
504;14;1819;504;14;1822
504;14;1822;504;14;1414
504;14;1076;504;14;1093
504;14;1093;504;14;1076
504;14;1094;504;14;1531
504;14;1531;504;14;1094
504;14;102;504;14;126
504;14;126;504;14;102
504;14;80;504;14;435
504;14;435;504;14;80
504;14;12065;504;14;24060
504;14;24060;504;14;12065
504;14;24063;504;14;33052
504;14;33052;504;14;24063
504;14;45063;504;14;54052
504;14;54052;504;14;45063
504;14;12061;504;14;54059
504;14;54059;504;14;12061
504;14;30071;504;14;36063
504;14;36063;504;14;30071
504;14;36067;504;14;45052
504;14;45052;504;14;36067
504;14;18055;504;14;24052
504;14;24052;504;14;18055
504;14;12059;504;14;18052
504;14;18052;504;14;12059
504;14;36061;504;14;42052
504;14;42052;504;14;36061
504;14;42057;504;14;48052
504;14;48052;504;14;42057
504;14;30058;504;14;36052
504;14;36052;504;14;30058
504;14;6680;504;14;6787
504;14;6787;504;14;6680
504;14;6686;504;14;6788
504;14;6788;504;14;6686
504;14;6497;504;14;6789
504;14;6789;504;14;7148
504;14;7148;504;14;6497
504;14;6403;504;14;6494
504;14;6494;504;14;6403
504;14;7214;504;14;7216
504;14;7216;504;14;7214
504;14;6404;504;14;7102
504;14;7102;504;14;6404
504;14;6405;504;14;7044
504;14;7044;504;14;6405
504;14;7227;504;14;7229
504;14;7229;504;14;7227
504;14;6406;504;14;6437
504;14;6437;504;14;6439
504;14;6439;504;14;6406
504;14;6407;504;14;6530
504;14;6530;504;14;6407
504;14;6408;504;14;6583
504;14;6583;504;14;7232
504;14;7232;504;14;6408
504;14;6409;504;14;6550
504;14;6550;504;14;6552
504;14;6552;504;14;6409
504;14;6411;504;14;7093
504;14;7093;504;14;6411
504;14;6412;504;14;6555
504;14;6555;504;14;6412
504;14;6063;504;14;6413
504;14;6413;504;14;6063
504;14;6539;504;14;6541
504;14;6541;504;14;6989
504;14;6989;504;14;6539
504;14;6542;504;14;6545
504;14;6545;504;14;6993
504;14;6993;504;14;6542
504;14;6543;504;14;6998
504;14;6998;504;14;6543
504;14;6946;504;14;7074
504;14;7074;504;14;7076
504;14;7076;504;14;6946
504;14;6791;504;14;7114
504;14;7114;504;14;6791
504;14;6503;504;14;6790
504;14;6790;504;14;7119
504;14;7119;504;14;6503
504;14;6513;504;14;6976
504;14;6976;504;14;6513
504;14;6659;504;14;6661
504;14;6661;504;14;6969
504;14;6969;504;14;6971
504;14;6971;504;14;6975
504;14;6975;504;14;6659
504;14;6420;504;14;6422
504;14;6422;504;14;7111
504;14;7111;504;14;6420
504;14;6558;504;14;7112
504;14;7112;504;14;6558
504;14;6416;504;14;6559
504;14;6559;504;14;6416
504;14;6560;504;14;7121
504;14;7121;504;14;6560
504;14;6561;504;14;6877
504;14;6877;504;14;6561
504;14;6455;504;14;6562
504;14;6562;504;14;6455
504;14;6563;504;14;6614
504;14;6614;504;14;6563
504;14;6477;504;14;6565
504;14;6565;504;14;6477
504;14;6566;504;14;7019
504;14;7019;504;14;6566
504;14;6567;504;14;7109
504;14;7109;504;14;6567
504;14;6568;504;14;6570
504;14;6570;504;14;6568
504;14;6553;504;14;7233
504;14;7233;504;14;6553
504;14;6423;504;14;6425
504;14;6425;504;14;6589
504;14;6589;504;14;6423
504;14;6480;504;14;6482
504;14;6482;504;14;6783
504;14;6783;504;14;7162
504;14;7162;504;14;6480
504;14;6495;504;14;6912
504;14;6912;504;14;6495
504;14;6781;504;14;6914
504;14;6914;504;14;6781
504;14;6792;504;14;6915
504;14;6915;504;14;6792
504;14;6916;504;14;6949
504;14;6949;504;14;6916
504;14;6804;504;14;6917
504;14;6917;504;14;6804
504;14;6918;504;14;6952
504;14;6952;504;14;6918
504;14;6696;504;14;6919
504;14;6919;504;14;6696
504;14;6504;504;14;6920
504;14;6920;504;14;6504
504;14;7103;504;14;7130
504;14;7130;504;14;7103
504;14;6922;504;14;7108
504;14;7108;504;14;6922
504;14;6923;504;14;7080
504;14;7080;504;14;6923
504;14;6645;504;14;6924
504;14;6924;504;14;6645
504;14;6512;504;14;6925
504;14;6925;504;14;6512
504;14;6658;504;14;6926
504;14;6926;504;14;6658
504;14;6927;504;14;6963
504;14;6963;504;14;6927
504;14;6535;504;14;6928
504;14;6928;504;14;6535
504;14;7217;504;14;7221
504;14;7221;504;14;7217
504;14;6621;504;14;7150
504;14;7150;504;14;6621
504;14;6622;504;14;6855
504;14;6855;504;14;6622
504;14;6623;504;14;6625
504;14;6625;504;14;6623
504;14;6520;504;14;6991
504;14;6991;504;14;6520
504;14;6671;504;14;6992
504;14;6992;504;14;6671
504;14;6547;504;14;6549
504;14;6549;504;14;6547
504;14;6461;504;14;6626
504;14;6626;504;14;6461
504;14;6617;504;14;6806
504;14;6806;504;14;6617
504;14;6618;504;14;6811
504;14;6811;504;14;6618
504;14;6619;504;14;6822
504;14;6822;504;14;6619
504;14;6620;504;14;6828
504;14;6828;504;14;6620
504;14;6875;504;14;7126
504;14;7126;504;14;6875
504;14;6469;504;14;7098
504;14;7098;504;14;6469
504;14;7195;504;14;7197
504;14;7197;504;14;7195
504;14;6649;504;14;6935
504;14;6935;504;14;7152
504;14;7152;504;14;6649
504;14;6515;504;14;6936
504;14;6936;504;14;6515
504;14;6663;504;14;6937
504;14;6937;504;14;6663
504;14;6934;504;14;7082
504;14;7082;504;14;6934
504;14;6690;504;14;6693
504;14;6693;504;14;6690
504;14;6694;504;14;6745
504;14;6745;504;14;6694
504;14;6502;504;14;6695
504;14;6695;504;14;6502
504;14;6879;504;14;6881
504;14;6881;504;14;6879
504;14;6457;504;14;6882
504;14;6882;504;14;6457
504;14;6883;504;14;7203
504;14;7203;504;14;6883
504;14;7261;504;14;7263
504;14;7263;504;14;7261
504;14;6854;504;14;6867
504;14;6867;504;14;6854
504;14;6859;504;14;6868
504;14;6868;504;14;6859
504;14;6869;504;14;6899
504;14;6899;504;14;6869
504;14;6486;504;14;6823
504;14;6823;504;14;6486
504;14;6824;504;14;6840
504;14;6840;504;14;6824
504;14;6825;504;14;6850
504;14;6850;504;14;6825
504;14;6826;504;14;6864
504;14;6864;504;14;6826
504;14;6529;504;14;7051
504;14;7051;504;14;7053
504;14;7053;504;14;6529
504;14;6546;504;14;7055
504;14;7055;504;14;6546
504;14;7207;504;14;7209
504;14;7209;504;14;7212
504;14;7212;504;14;7207
504;14;6483;504;14;6807
504;14;6807;504;14;6483
504;14;6808;504;14;6836
504;14;6836;504;14;6808
504;14;6809;504;14;6847
504;14;6847;504;14;6809
504;14;6878;504;14;7035
504;14;7035;504;14;6878
504;14;6662;504;14;6979
504;14;6979;504;14;6662
504;14;6965;504;14;6980
504;14;6980;504;14;6965
504;14;6537;504;14;6981
504;14;6981;504;14;6537
504;14;6528;504;14;6534
504;14;6534;504;14;6763
504;14;6763;504;14;6528
504;14;6536;504;14;6973
504;14;6973;504;14;6536
504;14;6516;504;14;6573
504;14;6573;504;14;6575
504;14;6575;504;14;6516
504;14;6576;504;14;6664
504;14;6664;504;14;6668
504;14;6668;504;14;6576
504;14;6592;504;14;6727
504;14;6727;504;14;6592
504;14;6599;504;14;6728
504;14;6728;504;14;6599
504;14;6582;504;14;7137
504;14;7137;504;14;6582
504;14;6454;504;14;6729
504;14;6729;504;14;6454
504;14;6613;504;14;6730
504;14;6730;504;14;6613
504;14;6571;504;14;7083
504;14;7083;504;14;6571
504;14;6572;504;14;6650
504;14;6650;504;14;6652
504;14;6652;504;14;6572
504;14;7248;504;14;7250
504;14;7250;504;14;7248
504;14;7251;504;14;7253
504;14;7253;504;14;7251
504;14;6056;504;14;6090
504;14;6090;504;14;6056
504;14;6058;504;14;6067
504;14;6067;504;14;6075
504;14;6075;504;14;6058
504;14;6950;504;14;6955
504;14;6955;504;14;7224
504;14;7224;504;14;6950
504;14;6953;504;14;6956
504;14;6956;504;14;6958
504;14;6958;504;14;6953
504;14;6752;504;14;7079
504;14;7079;504;14;6752
504;14;6643;504;14;6753
504;14;6753;504;14;6643
504;14;6510;504;14;6754
504;14;6754;504;14;6510
504;14;6656;504;14;6755
504;14;6755;504;14;6656
504;14;6489;504;14;6853
504;14;6853;504;14;6489
504;14;6835;504;14;6843
504;14;6843;504;14;6835
504;14;6813;504;14;6837
504;14;6837;504;14;6813
504;14;6818;504;14;6839
504;14;6839;504;14;6818
504;14;6830;504;14;6841
504;14;6841;504;14;6830
504;14;7254;504;14;7256
504;14;7256;504;14;7254
504;14;6460;504;14;7120
504;14;7120;504;14;6460
504;14;6470;504;14;6705
504;14;6705;504;14;6470
504;14;6471;504;14;6698
504;14;6698;504;14;6471
504;14;6429;504;14;6472
504;14;6472;504;14;6429
504;14;6473;504;14;6711
504;14;6711;504;14;6473
504;14;6474;504;14;6715
504;14;6715;504;14;6474
504;14;6475;504;14;6719
504;14;6719;504;14;6475
504;14;6476;504;14;6725
504;14;6725;504;14;6476
504;14;6444;504;14;6585
504;14;6585;504;14;6444
504;14;6586;504;14;6765
504;14;6765;504;14;6586
504;14;6587;504;14;6768
504;14;6768;504;14;6587
504;14;6588;504;14;6701
504;14;6701;504;14;6588
504;14;6590;504;14;6707
504;14;6707;504;14;6590
504;14;7000;504;14;7011
504;14;7011;504;14;7000
504;14;7001;504;14;7125
504;14;7125;504;14;7001
504;14;6591;504;14;6721
504;14;6721;504;14;6591
504;14;6593;504;14;7034
504;14;7034;504;14;7155
504;14;7155;504;14;6593
504;14;6456;504;14;7036
504;14;7036;504;14;7038
504;14;7038;504;14;6456
504;14;7045;504;14;7047
504;14;7047;504;14;7218
504;14;7218;504;14;7045
504;14;6484;504;14;6812
504;14;6812;504;14;6484
504;14;6485;504;14;6817
504;14;6817;504;14;6485
504;14;6487;504;14;6829
504;14;6829;504;14;6487
504;14;6488;504;14;6773
504;14;6773;504;14;7171
504;14;7171;504;14;6488
504;14;6490;504;14;6858
504;14;6858;504;14;6490
504;14;6491;504;14;6898
504;14;6898;504;14;6491
504;14;6463;504;14;6492
504;14;6492;504;14;6463
504;14;6831;504;14;6851
504;14;6851;504;14;6831
504;14;6832;504;14;6865
504;14;6865;504;14;6832
504;14;6598;504;14;6722
504;14;6722;504;14;6598
504;14;7136;504;14;7138
504;14;7138;504;14;7136
504;14;6453;504;14;6723
504;14;6723;504;14;6453
504;14;6612;504;14;6724
504;14;6724;504;14;6612
504;14;6499;504;14;6948
504;14;6948;504;14;6499
504;14;6844;504;14;6846
504;14;6846;504;14;6844
504;14;6814;504;14;6848
504;14;6848;504;14;6814
504;14;6819;504;14;6849
504;14;6849;504;14;6819
504;14;6517;504;14;6519
504;14;6519;504;14;6985
504;14;6985;504;14;6987
504;14;6987;504;14;6517
504;14;6669;504;14;6988
504;14;6988;504;14;6669
504;14;6440;504;14;6531
504;14;6531;504;14;6440
504;14;6525;504;14;7066
504;14;7066;504;14;6525
504;14;6430;504;14;7107
504;14;7107;504;14;7199
504;14;7199;504;14;6430
504;14;6677;504;14;7014
504;14;7014;504;14;7016
504;14;7016;504;14;6677
504;14;7017;504;14;7062
504;14;7062;504;14;7017
504;14;6748;504;14;7077
504;14;7077;504;14;6748
504;14;6641;504;14;6749
504;14;6749;504;14;6641
504;14;6508;504;14;6750
504;14;6750;504;14;6508
504;14;6597;504;14;6708
504;14;6708;504;14;6597
504;14;6913;504;14;7133
504;14;7133;504;14;6913
504;14;6450;504;14;6709
504;14;6709;504;14;6450
504;14;6609;504;14;6710
504;14;6710;504;14;6609
504;14;6964;504;14;6972
504;14;6972;504;14;6964
504;14;6983;504;14;7084
504;14;7084;504;14;6983
504;14;6653;504;14;6984
504;14;6984;504;14;7235
504;14;7235;504;14;6653
504;14;6445;504;14;6766
504;14;6766;504;14;6445
504;14;6685;504;14;6779
504;14;6779;504;14;6685
504;14;6687;504;14;6795
504;14;6795;504;14;6797
504;14;6797;504;14;6687
504;14;6688;504;14;6802
504;14;6802;504;14;6688
504;14;6689;504;14;6943
504;14;6943;504;14;6689
504;14;6691;504;14;6738
504;14;6738;504;14;7117
504;14;7117;504;14;6691
504;14;7020;504;14;7024
504;14;7024;504;14;7020
504;14;6431;504;14;7078
504;14;7078;504;14;6431
504;14;6930;504;14;7081
504;14;7081;504;14;6930
504;14;6995;504;14;7085
504;14;7085;504;14;6995
504;14;7086;504;14;7088
504;14;7088;504;14;7086
504;14;7181;504;14;7188
504;14;7188;504;14;7181
504;14;7178;504;14;7182
504;14;7182;504;14;7178
504;14;6905;504;14;6908
504;14;6908;504;14;6905
504;14;6465;504;14;6909
504;14;6909;504;14;6465
504;14;6736;504;14;7072
504;14;7072;504;14;6736
504;14;6742;504;14;7073
504;14;7073;504;14;6742
504;14;7245;504;14;7247
504;14;7247;504;14;7245
504;14;7039;504;14;7041
504;14;7041;504;14;7039
504;14;6446;504;14;6769
504;14;6769;504;14;6446
504;14;6447;504;14;6871
504;14;6871;504;14;6447
504;14;6448;504;14;6703
504;14;6703;504;14;6448
504;14;6427;504;14;6449
504;14;6449;504;14;6427
504;14;6451;504;14;6713
504;14;6713;504;14;6451
504;14;6452;504;14;6717
504;14;6717;504;14;6452
504;14;7023;504;14;7122
504;14;7122;504;14;7023
504;14;6646;504;14;6648
504;14;6648;504;14;6931
504;14;6931;504;14;6646
504;14;6638;504;14;6640
504;14;6640;504;14;6638
504;14;6432;504;14;6642
504;14;6642;504;14;6432
504;14;6644;504;14;6757
504;14;6757;504;14;6644
504;14;7025;504;14;7027
504;14;7027;504;14;7025
504;14;6464;504;14;6887
504;14;6887;504;14;6889
504;14;6889;504;14;6464
504;14;6735;504;14;6890
504;14;6890;504;14;6735
504;14;6741;504;14;6891
504;14;6891;504;14;6741
504;14;7156;504;14;7173
504;14;7173;504;14;7156
504;14;6886;504;14;6895
504;14;6895;504;14;6886
504;14;6734;504;14;6903
504;14;6903;504;14;6734
504;14;7002;504;14;7145
504;14;7145;504;14;7002
504;14;6636;504;14;6737
504;14;6737;504;14;6636
504;14;6072;504;14;6078
504;14;6078;504;14;6072
504;14;6628;504;14;6775
504;14;6775;504;14;6628
504;14;6629;504;14;6784
504;14;6784;504;14;6629
504;14;7192;504;14;7194
504;14;7194;504;14;7192
504;14;6630;504;14;6800
504;14;6800;504;14;7180
504;14;7180;504;14;6630
504;14;6631;504;14;6941
504;14;6941;504;14;6631
504;14;6632;504;14;6634
504;14;6634;504;14;6632
504;14;6466;504;14;6635
504;14;6635;504;14;6466
504;14;6637;504;14;6743
504;14;6743;504;14;6637
504;14;6815;504;14;6862
504;14;6862;504;14;6815
504;14;7185;504;14;7189
504;14;7189;504;14;7185
504;14;7168;504;14;7169
504;14;7169;504;14;7168
504;14;7048;504;14;7050
504;14;7050;504;14;7048
504;14;6498;504;14;6798
504;14;6798;504;14;6498
504;14;6524;504;14;7028
504;14;7028;504;14;6524
504;14;6601;504;14;6770
504;14;6770;504;14;6601
504;14;6602;504;14;6872
504;14;6872;504;14;6602
504;14;6603;504;14;6605
504;14;6605;504;14;6704
504;14;6704;504;14;6603
504;14;7236;504;14;7239
504;14;7239;504;14;7236
504;14;7006;504;14;7141
504;14;7141;504;14;7006
504;14;6672;504;14;6674
504;14;6674;504;14;6672
504;14;6675;504;14;6997
504;14;6997;504;14;6675
504;14;6595;504;14;6702
504;14;6702;504;14;6595
504;14;6426;504;14;6596
504;14;6596;504;14;6426
504;14;6564;504;14;7094
504;14;7094;504;14;6564
504;14;7003;504;14;7127
504;14;7127;504;14;7003
504;14;6681;504;14;6794
504;14;6794;504;14;6681
504;14;7257;504;14;7260
504;14;7260;504;14;7257
504;14;6462;504;14;6900
504;14;6900;504;14;6462
504;14;7004;504;14;7144
504;14;7144;504;14;7004
504;14;6467;504;14;6683
504;14;6683;504;14;6942
504;14;6942;504;14;7116
504;14;7116;504;14;6467
504;14;6894;504;14;6897
504;14;6897;504;14;6894
504;14;7063;504;14;7065
504;14;7065;504;14;7090
504;14;7090;504;14;7092
504;14;7092;504;14;7063
504;14;6523;504;14;7089
504;14;7089;504;14;6523
504;14;7058;504;14;7060
504;14;7060;504;14;7058
504;14;7005;504;14;7143
504;14;7143;504;14;7005
504;14;7174;504;14;7177
504;14;7177;504;14;7174
504;14;7179;504;14;7187
504;14;7187;504;14;7179
504;14;7186;504;14;7191
504;14;7191;504;14;7186
504;14;6514;504;14;6968
504;14;6968;504;14;6514
504;14;7031;504;14;7154
504;14;7154;504;14;7031
504;14;6760;504;14;6762
504;14;6762;504;14;6960
504;14;6960;504;14;6962
504;14;6962;504;14;6760
504;14;6511;504;14;6758
504;14;6758;504;14;6511
504;14;6657;504;14;6759
504;14;6759;504;14;6657
504;14;6435;504;14;6959
504;14;6959;504;14;6435
504;14;6611;504;14;6718
504;14;6718;504;14;6611
504;14;6610;504;14;6714
504;14;6714;504;14;6610
504;14;6522;504;14;7013
504;14;7013;504;14;6522
504;14;7184;504;14;7204
504;14;7204;504;14;7184
504;14;6428;504;14;6608
504;14;6608;504;14;6428
504;14;6906;504;14;6940
504;14;6940;504;14;6906
504;14;6501;504;14;6944
504;14;6944;504;14;6501
504;14;6434;504;14;6655
504;14;6655;504;14;6434
504;14;6682;504;14;6801
504;14;6801;504;14;6682
504;14;6500;504;14;6803
504;14;6803;504;14;6500
504;14;6433;504;14;6509
504;14;6509;504;14;6433
504;14;6679;504;14;6776
504;14;6776;504;14;6778
504;14;6778;504;14;6679
504;14;6496;504;14;6780
504;14;6780;504;14;6496
504;14;6999;504;14;7057
504;14;7057;504;14;6999
504;14;6521;504;14;6996
504;14;6996;504;14;6521
504;14;7128;504;14;7135
504;14;7135;504;14;7128
504;14;7096;504;14;7134
504;14;7134;504;14;7096
504;14;6744;504;14;7118
504;14;7118;504;14;6744
504;14;7172;504;14;7175
504;14;7175;504;14;7172
504;14;7158;504;14;7159
504;14;7159;504;14;7158
504;14;7007;504;14;7008
504;14;7008;504;14;7007
504;14;6505;504;14;6507
504;14;6507;504;14;6505
504;14;7009;504;14;7146
504;14;7146;504;14;7009
504;14;6820;504;14;6863
504;14;6863;504;14;6820
504;14;1955;504;14;1965
504;14;1965;504;14;1955
504;14;1954;504;14;1963
504;14;1963;504;14;1954
504;14;1962;504;14;1966
504;14;1966;504;14;1962
