CID;TABCD;LCD;INT_CID;INT_TABCD;INT_LCD
513;23;104;513;23;1730
513;23;1730;513;23;104
513;23;1285;513;23;1699
513;23;1699;513;23;1285
513;23;224;513;23;671
513;23;671;513;23;4026
513;23;4026;513;23;4027
513;23;4027;513;23;224
513;23;934;513;23;3784
513;23;3784;513;23;934
513;23;938;513;23;3782
513;23;3782;513;23;938
513;23;205;513;23;939
513;23;939;513;23;205
513;23;1690;513;23;1698
513;23;1698;513;23;1690
513;23;761;513;23;763
513;23;763;513;23;1056
513;23;1056;513;23;761
513;23;765;513;23;767
513;23;767;513;23;1011
513;23;1011;513;23;765
513;23;928;513;23;930
513;23;930;513;23;963
513;23;963;513;23;965
513;23;965;513;23;928
513;23;543;513;23;624
513;23;624;513;23;626
513;23;626;513;23;543
513;23;484;513;23;621
513;23;621;513;23;623
513;23;623;513;23;484
513;23;3824;513;23;3826
513;23;3826;513;23;3824
513;23;3827;513;23;3829
513;23;3829;513;23;3827
513;23;1299;513;23;1688
513;23;1688;513;23;4086
513;23;4086;513;23;1299
513;23;1300;513;23;1336
513;23;1336;513;23;4089
513;23;4089;513;23;1300
513;23;812;513;23;1611
513;23;1611;513;23;4437
513;23;4437;513;23;812
513;23;818;513;23;1302
513;23;1302;513;23;818
513;23;819;513;23;4214
513;23;4214;513;23;819
513;23;1303;513;23;3730
513;23;3730;513;23;1303
513;23;3773;513;23;4205
513;23;4205;513;23;3773
513;23;1305;513;23;3776
513;23;3776;513;23;1305
513;23;1309;513;23;1722
513;23;1722;513;23;1309
513;23;1821;513;23;1827
513;23;1827;513;23;1821
513;23;1065;513;23;1828
513;23;1828;513;23;1065
513;23;1021;513;23;1829
513;23;1829;513;23;1021
513;23;809;513;23;980
513;23;980;513;23;1520
513;23;1520;513;23;4070
513;23;4070;513;23;809
513;23;220;513;23;667
513;23;667;513;23;814
513;23;814;513;23;220
513;23;815;513;23;1291
513;23;1291;513;23;3741
513;23;3741;513;23;815
513;23;1292;513;23;1574
513;23;1574;513;23;4401
513;23;4401;513;23;1292
513;23;817;513;23;3737
513;23;3737;513;23;817
513;23;1321;513;23;1711
513;23;1711;513;23;1321
513;23;1708;513;23;1710
513;23;1710;513;23;1708
513;23;611;513;23;1315
513;23;1315;513;23;611
513;23;610;513;23;1596
513;23;1596;513;23;4103
513;23;4103;513;23;610
513;23;244;513;23;607
513;23;607;513;23;609
513;23;609;513;23;692
513;23;692;513;23;244
513;23;476;513;23;478
513;23;478;513;23;1073
513;23;1073;513;23;476
513;23;479;513;23;3322
513;23;3322;513;23;479
513;23;480;513;23;3355
513;23;3355;513;23;3357
513;23;3357;513;23;480
513;23;481;513;23;483
513;23;483;513;23;3288
513;23;3288;513;23;3290
513;23;3290;513;23;481
513;23;231;513;23;423
513;23;423;513;23;425
513;23;425;513;23;681
513;23;681;513;23;231
513;23;422;513;23;1619
513;23;1619;513;23;1748
513;23;1748;513;23;422
513;23;1316;513;23;1701
513;23;1701;513;23;1316
513;23;1702;513;23;1704
513;23;1704;513;23;1702
513;23;1705;513;23;1707
513;23;1707;513;23;1705
513;23;3740;513;23;3744
513;23;3744;513;23;3746
513;23;3746;513;23;3740
513;23;1068;513;23;1427
513;23;1427;513;23;1798
513;23;1798;513;23;1068
513;23;1796;513;23;1799
513;23;1799;513;23;4434
513;23;4434;513;23;1796
513;23;1765;513;23;1767
513;23;1767;513;23;1800
513;23;1800;513;23;1765
513;23;1801;513;23;4314
513;23;4314;513;23;1801
513;23;52;513;23;203
513;23;203;513;23;874
513;23;874;513;23;52
513;23;62;513;23;204
513;23;204;513;23;4062
513;23;4062;513;23;62
513;23;80;513;23;93
513;23;93;513;23;207
513;23;207;513;23;80
513;23;59;513;23;208
513;23;208;513;23;59
513;23;73;513;23;210
513;23;210;513;23;73
513;23;2650;513;23;3907
513;23;3907;513;23;2650
513;23;69;513;23;211
513;23;211;513;23;69
513;23;83;513;23;212
513;23;212;513;23;83
513;23;214;513;23;710
513;23;710;513;23;4069
513;23;4069;513;23;214
513;23;65;513;23;215
513;23;215;513;23;65
513;23;139;513;23;687
513;23;687;513;23;139
513;23;68;513;23;821
513;23;821;513;23;2220
513;23;2220;513;23;2222
513;23;2222;513;23;68
513;23;800;513;23;802
513;23;802;513;23;1055
513;23;1055;513;23;800
513;23;1057;513;23;1989
513;23;1989;513;23;1991
513;23;1991;513;23;1057
513;23;942;513;23;1058
513;23;1058;513;23;1199
513;23;1199;513;23;942
513;23;1059;513;23;1193
513;23;1193;513;23;1059
513;23;996;513;23;1060
513;23;1060;513;23;996
513;23;921;513;23;1061
513;23;1061;513;23;921
513;23;1062;513;23;1408
513;23;1408;513;23;1954
513;23;1954;513;23;1062
513;23;504;513;23;1063
513;23;1063;513;23;504
513;23;1064;513;23;1097
513;23;1097;513;23;1064
513;23;1066;513;23;1813
513;23;1813;513;23;1066
513;23;733;513;23;1067
513;23;1067;513;23;733
513;23;563;513;23;1069
513;23;1069;513;23;563
513;23;1070;513;23;1163
513;23;1163;513;23;1165
513;23;1165;513;23;1070
513;23;617;513;23;619
513;23;619;513;23;1071
513;23;1071;513;23;617
513;23;536;513;23;1074
513;23;1074;513;23;536
513;23;1259;513;23;2096
513;23;2096;513;23;2098
513;23;2098;513;23;1259
513;23;827;513;23;829
513;23;829;513;23;1075
513;23;1075;513;23;827
513;23;1076;513;23;3968
513;23;3968;513;23;1076
513;23;857;513;23;859
513;23;859;513;23;1077
513;23;1077;513;23;857
513;23;1078;513;23;2163
513;23;2163;513;23;1078
513;23;1079;513;23;1227
513;23;1227;513;23;1229
513;23;1229;513;23;1079
513;23;639;513;23;641
513;23;641;513;23;1080
513;23;1080;513;23;639
513;23;593;513;23;1081
513;23;1081;513;23;593
513;23;1082;513;23;3574
513;23;3574;513;23;1082
513;23;891;513;23;893
513;23;893;513;23;1083
513;23;1083;513;23;891
513;23;1622;513;23;1674
513;23;1674;513;23;1677
513;23;1677;513;23;1622
513;23;1623;513;23;3660
513;23;3660;513;23;1623
513;23;1624;513;23;3641
513;23;3641;513;23;3647
513;23;3647;513;23;1624
513;23;1626;513;23;3259
513;23;3259;513;23;4079
513;23;4079;513;23;4253
513;23;4253;513;23;1626
513;23;4077;513;23;4080
513;23;4080;513;23;4077
513;23;975;513;23;977
513;23;977;513;23;982
513;23;982;513;23;4014
513;23;4014;513;23;4015
513;23;4015;513;23;975
513;23;222;513;23;669
513;23;669;513;23;983
513;23;983;513;23;222
513;23;986;513;23;4004
513;23;4004;513;23;986
513;23;3834;513;23;3836
513;23;3836;513;23;3834
513;23;3837;513;23;3839
513;23;3839;513;23;3837
513;23;1631;513;23;1671
513;23;1671;513;23;1673
513;23;1673;513;23;1631
513;23;844;513;23;3697
513;23;3697;513;23;844
513;23;847;513;23;3628
513;23;3628;513;23;847
513;23;240;513;23;688
513;23;688;513;23;848
513;23;848;513;23;850
513;23;850;513;23;240
513;23;2052;513;23;2054
513;23;2054;513;23;4066
513;23;4066;513;23;4067
513;23;4067;513;23;2052
513;23;912;513;23;914
513;23;914;513;23;1919
513;23;1919;513;23;1921
513;23;1921;513;23;912
513;23;915;513;23;917
513;23;917;513;23;1451
513;23;1451;513;23;1453
513;23;1453;513;23;915
513;23;1096;513;23;1822
513;23;1822;513;23;1824
513;23;1824;513;23;1096
513;23;503;513;23;1825
513;23;1825;513;23;503
513;23;141;513;23;147
513;23;147;513;23;141
513;23;791;513;23;793
513;23;793;513;23;3455
513;23;3455;513;23;3457
513;23;3457;513;23;791
513;23;2205;513;23;2207
513;23;2207;513;23;2205
513;23;2045;513;23;2047
513;23;2047;513;23;2208
513;23;2208;513;23;2045
513;23;469;513;23;2209
513;23;2209;513;23;2211
513;23;2211;513;23;4125
513;23;4125;513;23;469
513;23;1656;513;23;1662
513;23;1662;513;23;1656
513;23;1646;513;23;1657
513;23;1657;513;23;1646
513;23;1651;513;23;1653
513;23;1653;513;23;1651
513;23;3818;513;23;3820
513;23;3820;513;23;3818
513;23;3821;513;23;3823
513;23;3823;513;23;3821
513;23;2616;513;23;2618
513;23;2618;513;23;2704
513;23;2704;513;23;2706
513;23;2706;513;23;2814
513;23;2814;513;23;2823
513;23;2823;513;23;2825
513;23;2825;513;23;2830
513;23;2830;513;23;2844
513;23;2844;513;23;2616
513;23;788;513;23;790
513;23;790;513;23;1208
513;23;1208;513;23;1210
513;23;1210;513;23;788
513;23;787;513;23;1115
513;23;1115;513;23;1117
513;23;1117;513;23;787
513;23;784;513;23;786
513;23;786;513;23;784
513;23;2011;513;23;2013
513;23;2013;513;23;2011
513;23;1325;513;23;1343
513;23;1343;513;23;2014
513;23;2014;513;23;1325
513;23;223;513;23;670
513;23;670;513;23;957
513;23;957;513;23;1004
513;23;1004;513;23;3849
513;23;3849;513;23;223
513;23;511;513;23;522
513;23;522;513;23;1511
513;23;1511;513;23;511
513;23;519;513;23;521
513;23;521;513;23;519
513;23;1664;513;23;1670
513;23;1670;513;23;1664
513;23;2636;513;23;2638
513;23;2638;513;23;2636
513;23;2640;513;23;2642
513;23;2642;513;23;2836
513;23;2836;513;23;2640
513;23;1978;513;23;1981
513;23;1981;513;23;1978
513;23;1387;513;23;1389
513;23;1389;513;23;1413
513;23;1413;513;23;1387
513;23;1410;513;23;1414
513;23;1414;513;23;1898
513;23;1898;513;23;1900
513;23;1900;513;23;1410
513;23;3902;513;23;3904
513;23;3904;513;23;3902
513;23;1351;513;23;1661
513;23;1661;513;23;1351
513;23;1665;513;23;1667
513;23;1667;513;23;1665
513;23;1660;513;23;1668
513;23;1668;513;23;1660
513;23;3756;513;23;3759
513;23;3759;513;23;3756
513;23;3723;513;23;3760
513;23;3760;513;23;3723
513;23;2554;513;23;2684
513;23;2684;513;23;2840
513;23;2840;513;23;2554
513;23;3312;513;23;3314
513;23;3314;513;23;3312
513;23;4194;513;23;4195
513;23;4195;513;23;4194
513;23;3430;513;23;3432
513;23;3432;513;23;3430
513;23;2668;513;23;2670
513;23;2670;513;23;2668
513;23;2608;513;23;2610
513;23;2610;513;23;2608
513;23;3461;513;23;3463
513;23;3463;513;23;3979
513;23;3979;513;23;3461
513;23;2654;513;23;2810
513;23;2810;513;23;2812
513;23;2812;513;23;2654
513;23;1910;513;23;1922
513;23;1922;513;23;1924
513;23;1924;513;23;1910
513;23;757;513;23;1118
513;23;1118;513;23;1205
513;23;1205;513;23;1207
513;23;1207;513;23;757
513;23;1202;513;23;1204
513;23;1204;513;23;1445
513;23;1445;513;23;1447
513;23;1447;513;23;1202
513;23;3889;513;23;3892
513;23;3892;513;23;3889
513;23;568;513;23;1850
513;23;1850;513;23;1852
513;23;1852;513;23;568
513;23;336;513;23;338
513;23;338;513;23;336
513;23;328;513;23;346
513;23;346;513;23;328
513;23;2362;513;23;2364
513;23;2364;513;23;2366
513;23;2366;513;23;2362
513;23;958;513;23;1547
513;23;1547;513;23;1549
513;23;1549;513;23;958
513;23;960;513;23;3813
513;23;3813;513;23;960
513;23;348;513;23;366
513;23;366;513;23;348
513;23;354;513;23;360
513;23;360;513;23;354
513;23;350;513;23;364
513;23;364;513;23;350
513;23;352;513;23;362
513;23;362;513;23;352
513;23;368;513;23;378
513;23;378;513;23;368
513;23;374;513;23;380
513;23;380;513;23;374
513;23;330;513;23;344
513;23;344;513;23;330
513;23;356;513;23;358
513;23;358;513;23;356
513;23;372;513;23;382
513;23;382;513;23;372
513;23;370;513;23;376
513;23;376;513;23;370
513;23;2468;513;23;2470
513;23;2470;513;23;2730
513;23;2730;513;23;2732
513;23;2732;513;23;2468
513;23;1000;513;23;1015
513;23;1015;513;23;1000
513;23;943;513;23;945
513;23;945;513;23;1013
513;23;1013;513;23;943
513;23;3878;513;23;3879
513;23;3879;513;23;3916
513;23;3916;513;23;3878
513;23;1271;513;23;3917
513;23;3917;513;23;1271
513;23;620;513;23;1472
513;23;1472;513;23;620
513;23;627;513;23;629
513;23;629;513;23;835
513;23;835;513;23;837
513;23;837;513;23;627
513;23;1647;513;23;1648
513;23;1648;513;23;1647
513;23;3636;513;23;4032
513;23;4032;513;23;3636
513;23;1255;513;23;4033
513;23;4033;513;23;1255
513;23;711;513;23;3634
513;23;3634;513;23;4439
513;23;4439;513;23;711
513;23;3635;513;23;4417
513;23;4417;513;23;3635
513;23;3621;513;23;3633
513;23;3633;513;23;3621
513;23;4096;513;23;4098
513;23;4098;513;23;4096
513;23;748;513;23;910
513;23;910;513;23;1390
513;23;1390;513;23;748
513;23;646;513;23;3439
513;23;3439;513;23;646
513;23;597;513;23;3440
513;23;3440;513;23;597
513;23;3315;513;23;3433
513;23;3433;513;23;3315
513;23;1517;513;23;1522
513;23;1522;513;23;1526
513;23;1526;513;23;1517
513;23;805;513;23;807
513;23;807;513;23;1525
513;23;1525;513;23;805
513;23;3520;513;23;3522
513;23;3522;513;23;3520
513;23;1519;513;23;1523
513;23;1523;513;23;3523
513;23;3523;513;23;1519
513;23;1678;513;23;3640
513;23;3640;513;23;1678
513;23;4242;513;23;4380
513;23;4380;513;23;4242
513;23;1087;513;23;2212
513;23;2212;513;23;1087
513;23;403;513;23;2044
513;23;2044;513;23;403
513;23;583;513;23;1219
513;23;1219;513;23;1221
513;23;1221;513;23;583
513;23;1215;513;23;1217
513;23;1217;513;23;3587
513;23;3587;513;23;3589
513;23;3589;513;23;1215
513;23;899;513;23;901
513;23;901;513;23;1212
513;23;1212;513;23;1214
513;23;1214;513;23;899
513;23;851;513;23;2188
513;23;2188;513;23;851
513;23;2189;513;23;2191
513;23;2191;513;23;2189
513;23;3811;513;23;3814
513;23;3814;513;23;3811
513;23;3815;513;23;3817
513;23;3817;513;23;3815
513;23;2348;513;23;2350
513;23;2350;513;23;2348
513;23;300;513;23;302
513;23;302;513;23;300
513;23;292;513;23;310
513;23;310;513;23;292
513;23;334;513;23;340
513;23;340;513;23;334
513;23;332;513;23;342
513;23;342;513;23;332
513;23;2754;513;23;2762
513;23;2762;513;23;2754
513;23;2748;513;23;2764
513;23;2764;513;23;2748
513;23;2738;513;23;2742
513;23;2742;513;23;2768
513;23;2768;513;23;2770
513;23;2770;513;23;2776
513;23;2776;513;23;2782
513;23;2782;513;23;2738
513;23;2736;513;23;2744
513;23;2744;513;23;2778
513;23;2778;513;23;2736
513;23;260;513;23;262
513;23;262;513;23;260
513;23;258;513;23;264
513;23;264;513;23;258
513;23;254;513;23;268
513;23;268;513;23;254
513;23;256;513;23;266
513;23;266;513;23;256
513;23;2318;513;23;2320
513;23;2320;513;23;2318
513;23;2316;513;23;2322
513;23;2322;513;23;2316
513;23;2352;513;23;2354
513;23;2354;513;23;2352
513;23;2334;513;23;2336
513;23;2336;513;23;2334
513;23;2332;513;23;2338
513;23;2338;513;23;2332
513;23;2330;513;23;2340
513;23;2340;513;23;2330
513;23;384;513;23;386
513;23;386;513;23;384
513;23;388;513;23;390
513;23;390;513;23;388
513;23;272;513;23;290
513;23;290;513;23;272
513;23;278;513;23;284
513;23;284;513;23;278
513;23;274;513;23;288
513;23;288;513;23;274
513;23;276;513;23;286
513;23;286;513;23;276
513;23;2266;513;23;2268
513;23;2268;513;23;2266
513;23;2278;513;23;2296
513;23;2296;513;23;2278
513;23;2280;513;23;2294
513;23;2294;513;23;2280
513;23;2282;513;23;2292
513;23;2292;513;23;2282
513;23;2756;513;23;2758
513;23;2758;513;23;2756
513;23;312;513;23;320
513;23;320;513;23;312
513;23;318;513;23;324
513;23;324;513;23;318
513;23;2298;513;23;2310
513;23;2310;513;23;2298
513;23;2300;513;23;2312
513;23;2312;513;23;2300
513;23;392;513;23;400
513;23;400;513;23;392
513;23;394;513;23;396
513;23;396;513;23;398
513;23;398;513;23;394
513;23;2750;513;23;2760
513;23;2760;513;23;2750
513;23;2740;513;23;2746
513;23;2746;513;23;2774
513;23;2774;513;23;2740
513;23;252;513;23;270
513;23;270;513;23;252
513;23;2314;513;23;2324
513;23;2324;513;23;2314
513;23;2346;513;23;2356
513;23;2356;513;23;2346
513;23;2326;513;23;2344
513;23;2344;513;23;2326
513;23;2328;513;23;2342
513;23;2342;513;23;2328
513;23;280;513;23;282
513;23;282;513;23;280
513;23;2284;513;23;2290
513;23;2290;513;23;2284
513;23;2258;513;23;2276
513;23;2276;513;23;2258
513;23;2286;513;23;2288
513;23;2288;513;23;2286
513;23;2752;513;23;2766
513;23;2766;513;23;2752
513;23;316;513;23;326
513;23;326;513;23;316
513;23;314;513;23;322
513;23;322;513;23;314
513;23;2304;513;23;2308
513;23;2308;513;23;2304
513;23;2302;513;23;2306
513;23;2306;513;23;2302
513;23;2772;513;23;2780
513;23;2780;513;23;2772
513;23;132;513;23;137
513;23;137;513;23;132
513;23;2692;513;23;2694
513;23;2694;513;23;2692
513;23;4260;513;23;4262
513;23;4262;513;23;4260
513;23;2227;513;23;2229
513;23;2229;513;23;4263
513;23;4263;513;23;2227
513;23;4256;513;23;4414
513;23;4414;513;23;4256
513;23;4257;513;23;4259
513;23;4259;513;23;4257
513;23;2576;513;23;2578
513;23;2578;513;23;2696
513;23;2696;513;23;2576
513;23;4360;513;23;4371
513;23;4371;513;23;4360
513;23;4361;513;23;4376
513;23;4376;513;23;4361
513;23;4351;513;23;4362
513;23;4362;513;23;4351
513;23;2784;513;23;2804
513;23;2804;513;23;2784
513;23;2446;513;23;2448
513;23;2448;513;23;2526
513;23;2526;513;23;2790
513;23;2790;513;23;2806
513;23;2806;513;23;2808
513;23;2808;513;23;2446
513;23;1176;513;23;4072
513;23;4072;513;23;4319
513;23;4319;513;23;1176
513;23;55;513;23;514
513;23;514;513;23;1179
513;23;1179;513;23;4325
513;23;4325;513;23;55
513;23;227;513;23;677
513;23;677;513;23;1184
513;23;1184;513;23;1540
513;23;1540;513;23;227
513;23;1812;513;23;1818
513;23;1818;513;23;1812
513;23;1774;513;23;1814
513;23;1814;513;23;1774
513;23;1022;513;23;1815
513;23;1815;513;23;1022
513;23;2786;513;23;2800
513;23;2800;513;23;2802
513;23;2802;513;23;2786
513;23;1192;513;23;1980
513;23;1980;513;23;1192
513;23;2444;513;23;2528
513;23;2528;513;23;2444
513;23;1541;513;23;1543
513;23;1543;513;23;1541
513;23;3785;513;23;3786
513;23;3786;513;23;3785
513;23;2055;513;23;2058
513;23;2058;513;23;2055
513;23;2414;513;23;2604
513;23;2604;513;23;2606
513;23;2606;513;23;2414
513;23;1739;513;23;1745
513;23;1745;513;23;1739
513;23;1616;513;23;1736
513;23;1736;513;23;4180
513;23;4180;513;23;1616
513;23;233;513;23;676
513;23;676;513;23;1335
513;23;1335;513;23;1534
513;23;1534;513;23;233
513;23;2624;513;23;2626
513;23;2626;513;23;2624
513;23;2628;513;23;2630
513;23;2630;513;23;2628
513;23;724;513;23;726
513;23;726;513;23;4318
513;23;4318;513;23;724
513;23;723;513;23;1752
513;23;1752;513;23;723
513;23;229;513;23;679
513;23;679;513;23;720
513;23;720;513;23;229
513;23;152;513;23;154
513;23;154;513;23;152
513;23;2558;513;23;2560
513;23;2560;513;23;2686
513;23;2686;513;23;2688
513;23;2688;513;23;2558
513;23;2566;513;23;2568
513;23;2568;513;23;2570
513;23;2570;513;23;2690
513;23;2690;513;23;2566
513;23;4347;513;23;4369
513;23;4369;513;23;4347
513;23;4348;513;23;4350
513;23;4350;513;23;4374
513;23;4374;513;23;4348
513;23;76;513;23;512
513;23;512;513;23;962
513;23;962;513;23;76
513;23;78;513;23;225
513;23;225;513;23;672
513;23;672;513;23;78
513;23;2084;513;23;3959
513;23;3959;513;23;2084
513;23;4248;513;23;4252
513;23;4252;513;23;4465
513;23;4465;513;23;4248
513;23;822;513;23;2193
513;23;2193;513;23;2195
513;23;2195;513;23;822
513;23;823;513;23;825
513;23;825;513;23;1037
513;23;1037;513;23;823
513;23;582;513;23;1393
513;23;1393;513;23;582
513;23;700;513;23;872
513;23;872;513;23;1392
513;23;1392;513;23;3998
513;23;3998;513;23;700
513;23;3681;513;23;3687
513;23;3687;513;23;4144
513;23;4144;513;23;3681
513;23;3688;513;23;3696
513;23;3696;513;23;4147
513;23;4147;513;23;3688
513;23;1401;513;23;1454
513;23;1454;513;23;1456
513;23;1456;513;23;1401
513;23;1457;513;23;1461
513;23;1461;513;23;1457
513;23;1188;513;23;1448
513;23;1448;513;23;1450
513;23;1450;513;23;1188
513;23;1226;513;23;3309
513;23;3309;513;23;3311
513;23;3311;513;23;1226
513;23;633;513;23;635
513;23;635;513;23;1223
513;23;1223;513;23;1225
513;23;1225;513;23;633
513;23;2119;513;23;2121
513;23;2121;513;23;2119
513;23;2122;513;23;2160
513;23;2160;513;23;2162
513;23;2162;513;23;2122
513;23;2123;513;23;2146
513;23;2146;513;23;2123
513;23;1230;513;23;2124
513;23;2124;513;23;1230
513;23;1043;513;23;1233
513;23;1233;513;23;1235
513;23;1235;513;23;1043
513;23;1232;513;23;3977
513;23;3977;513;23;1232
513;23;1231;513;23;1481
513;23;1481;513;23;1231
513;23;3265;513;23;4249
513;23;4249;513;23;3265
513;23;4176;513;23;4250
513;23;4250;513;23;4176
513;23;414;513;23;3258
513;23;3258;513;23;3685
513;23;3685;513;23;4011
513;23;4011;513;23;414
513;23;3349;513;23;3351
513;23;3351;513;23;3349
513;23;3329;513;23;3331
513;23;3331;513;23;3352
513;23;3352;513;23;3354
513;23;3354;513;23;3329
513;23;1127;513;23;1129
513;23;1129;513;23;3366
513;23;3366;513;23;3375
513;23;3375;513;23;1127
513;23;1130;513;23;3424
513;23;3424;513;23;1130
513;23;1131;513;23;1133
513;23;1133;513;23;1142
513;23;1142;513;23;1131
513;23;3379;513;23;3381
513;23;3381;513;23;3401
513;23;3401;513;23;3403
513;23;3403;513;23;3379
513;23;3382;513;23;3852
513;23;3852;513;23;3382
513;23;3384;513;23;3406
513;23;3406;513;23;3384
513;23;3385;513;23;3853
513;23;3853;513;23;3385
513;23;3386;513;23;3388
513;23;3388;513;23;3392
513;23;3392;513;23;3386
513;23;4036;513;23;4037
513;23;4037;513;23;4036
513;23;3414;513;23;4466
513;23;4466;513;23;3414
513;23;1423;513;23;1463
513;23;1463;513;23;1467
513;23;1467;513;23;1423
513;23;1339;513;23;1459
513;23;1459;513;23;1464
513;23;1464;513;23;1339
513;23;565;513;23;1466
513;23;1466;513;23;1470
513;23;1470;513;23;565
513;23;579;513;23;1106
513;23;1106;513;23;1107
513;23;1107;513;23;3999
513;23;3999;513;23;579
513;23;1109;513;23;3590
513;23;3590;513;23;1109
513;23;902;513;23;904
513;23;904;513;23;1114
513;23;1114;513;23;902
513;23;871;513;23;1104
513;23;1104;513;23;1120
513;23;1120;513;23;3420
513;23;3420;513;23;4457
513;23;4457;513;23;871
513;23;3777;513;23;3779
513;23;3779;513;23;3777
513;23;3772;513;23;3778
513;23;3778;513;23;3772
513;23;487;513;23;1147
513;23;1147;513;23;487
513;23;1150;513;23;1847
513;23;1847;513;23;1849
513;23;1849;513;23;1150
513;23;1153;513;23;1469
513;23;1469;513;23;1473
513;23;1473;513;23;1153
513;23;1171;513;23;1280
513;23;1280;513;23;1171
513;23;1025;513;23;1168
513;23;1168;513;23;1170
513;23;1170;513;23;1025
513;23;1364;513;23;1382
513;23;1382;513;23;1364
513;23;1375;513;23;1383
513;23;1383;513;23;1375
513;23;4334;513;23;4336
513;23;4336;513;23;4334
513;23;4340;513;23;4343
513;23;4343;513;23;4340
513;23;2458;513;23;2460
513;23;2460;513;23;2462
513;23;2462;513;23;2458
513;23;2454;513;23;2456
513;23;2456;513;23;2728
513;23;2728;513;23;2454
513;23;3541;513;23;4429
513;23;4429;513;23;3541
513;23;1269;513;23;3446
513;23;3446;513;23;1269
513;23;1832;513;23;1834
513;23;1834;513;23;1844
513;23;1844;513;23;1846
513;23;1846;513;23;1832
513;23;1546;513;23;4075
513;23;4075;513;23;1546
513;23;1400;513;23;1925
513;23;1925;513;23;1927
513;23;1927;513;23;1400
513;23;1889;513;23;1928
513;23;1928;513;23;1930
513;23;1930;513;23;1889
513;23;703;513;23;1372
513;23;1372;513;23;1374
513;23;1374;513;23;703
513;23;549;513;23;697
513;23;697;513;23;699
513;23;699;513;23;702
513;23;702;513;23;549
513;23;696;513;23;1134
513;23;1134;513;23;696
513;23;1419;513;23;1877
513;23;1877;513;23;1879
513;23;1879;513;23;1419
513;23;1880;513;23;1882
513;23;1882;513;23;1880
513;23;954;513;23;973
513;23;973;513;23;954
513;23;1040;513;23;2156
513;23;2156;513;23;4426
513;23;4426;513;23;1040
513;23;715;513;23;1041
513;23;1041;513;23;1475
513;23;1475;513;23;715
513;23;647;513;23;649
513;23;649;513;23;1044
513;23;1044;513;23;647
513;23;598;513;23;600
513;23;600;513;23;1045
513;23;1045;513;23;598
513;23;1047;513;23;3580
513;23;3580;513;23;1047
513;23;887;513;23;889
513;23;889;513;23;1048
513;23;1048;513;23;887
513;23;804;513;23;1010
513;23;1010;513;23;804
513;23;1012;513;23;1992
513;23;1992;513;23;1994
513;23;1994;513;23;1012
513;23;1014;513;23;1197
513;23;1197;513;23;1014
513;23;924;513;23;1016
513;23;1016;513;23;924
513;23;1017;513;23;1956
513;23;1956;513;23;1017
513;23;510;513;23;1018
513;23;1018;513;23;510
513;23;1020;513;23;1099
513;23;1099;513;23;1020
513;23;728;513;23;730
513;23;730;513;23;1023
513;23;1023;513;23;728
513;23;556;513;23;558
513;23;558;513;23;1024
513;23;1024;513;23;556
513;23;526;513;23;528
513;23;528;513;23;1027
513;23;1027;513;23;526
513;23;445;513;23;1028
513;23;1028;513;23;1091
513;23;1091;513;23;445
513;23;1030;513;23;1089
513;23;1089;513;23;3274
513;23;3274;513;23;1030
513;23;471;513;23;473
513;23;473;513;23;1032
513;23;1032;513;23;471
513;23;1033;513;23;2049
513;23;2049;513;23;2051
513;23;2051;513;23;1033
513;23;534;513;23;1034
513;23;1034;513;23;534
513;23;1035;513;23;2087
513;23;2087;513;23;2089
513;23;2089;513;23;1035
513;23;1036;513;23;2077
513;23;2077;513;23;2079
513;23;2079;513;23;1036
513;23;1038;513;23;2103
513;23;2103;513;23;1038
513;23;852;513;23;854
513;23;854;513;23;1039
513;23;1039;513;23;852
513;23;515;513;23;517
513;23;517;513;23;1102
513;23;1102;513;23;515
513;23;1493;513;23;1495
513;23;1495;513;23;2080
513;23;2080;513;23;1493
513;23;1499;513;23;1501
513;23;1501;513;23;2090
513;23;2090;513;23;2092
513;23;2092;513;23;1499
513;23;2081;513;23;2169
513;23;2169;513;23;2081
513;23;826;513;23;1492
513;23;1492;513;23;826
513;23;4388;513;23;4392
513;23;4392;513;23;4388
513;23;3894;513;23;3896
513;23;3896;513;23;4331
513;23;4331;513;23;3894
513;23;4013;513;23;4168
513;23;4168;513;23;4013
513;23;4160;513;23;4162
513;23;4162;513;23;4160
513;23;894;513;23;3984
513;23;3984;513;23;894
513;23;890;513;23;3468
513;23;3468;513;23;890
513;23;1602;513;23;2027
513;23;2027;513;23;1602
513;23;449;513;23;451
513;23;451;513;23;1605
513;23;1605;513;23;449
513;23;1606;513;23;1608
513;23;1608;513;23;4137
513;23;4137;513;23;1606
513;23;502;513;23;1095
513;23;1095;513;23;1943
513;23;1943;513;23;4093
513;23;4093;513;23;502
513;23;507;513;23;1966
513;23;1966;513;23;507
513;23;405;513;23;1086
513;23;1086;513;23;4105
513;23;4105;513;23;4293
513;23;4293;513;23;405
513;23;3362;513;23;3911
513;23;3911;513;23;3362
513;23;4295;513;23;4436
513;23;4436;513;23;4295
513;23;1088;513;23;3909
513;23;3909;513;23;1088
513;23;2101;513;23;2219
513;23;2219;513;23;2101
513;23;2102;513;23;2192
513;23;2192;513;23;2102
513;23;2111;513;23;2166
513;23;2166;513;23;2111
513;23;1486;513;23;1489
513;23;1489;513;23;2110
513;23;2110;513;23;1486
513;23;855;513;23;1483
513;23;1483;513;23;1487
513;23;1487;513;23;855
513;23;856;513;23;2118
513;23;2118;513;23;856
513;23;2612;513;23;2614
513;23;2614;513;23;2817
513;23;2817;513;23;2819
513;23;2819;513;23;4443
513;23;4443;513;23;2612
513;23;1841;513;23;1843
513;23;1843;513;23;1841
513;23;1901;513;23;1903
513;23;1903;513;23;1901
513;23;1907;513;23;1909
513;23;1909;513;23;1907
513;23;1895;513;23;1897
513;23;1897;513;23;1895
513;23;1892;513;23;1894
513;23;1894;513;23;1892
513;23;651;513;23;653
513;23;653;513;23;1270
513;23;1270;513;23;651
513;23;1328;513;23;1712
513;23;1712;513;23;1328
513;23;659;513;23;1595
513;23;1595;513;23;659
513;23;243;513;23;656
513;23;656;513;23;658
513;23;658;513;23;691
513;23;691;513;23;243
513;23;3932;513;23;3935
513;23;3935;513;23;3932
513;23;1479;513;23;1484
513;23;1484;513;23;2157
513;23;2157;513;23;2159
513;23;2159;513;23;1479
513;23;4292;513;23;4294
513;23;4294;513;23;4292
513;23;4126;513;23;4128
513;23;4128;513;23;4126
513;23;3275;513;23;3318
513;23;3318;513;23;3275
513;23;3276;513;23;3278
513;23;3278;513;23;3276
513;23;3345;513;23;3347
513;23;3347;513;23;3389
513;23;3389;513;23;3345
513;23;2680;513;23;2682
513;23;2682;513;23;2680
513;23;1755;513;23;1757
513;23;1757;513;23;3950
513;23;3950;513;23;3952
513;23;3952;513;23;1755
513;23;1167;513;23;1758
513;23;1758;513;23;1167
513;23;1759;513;23;1761
513;23;1761;513;23;1759
513;23;533;513;23;2182
513;23;2182;513;23;2184
513;23;2184;513;23;533
513;23;2048;513;23;2185
513;23;2185;513;23;2048
513;23;470;513;23;2186
513;23;2186;513;23;470
513;23;4355;513;23;4370
513;23;4370;513;23;4355
513;23;4356;513;23;4375
513;23;4375;513;23;4356
513;23;4357;513;23;4411
513;23;4411;513;23;4357
513;23;3762;513;23;3768
513;23;3768;513;23;3762
513;23;3755;513;23;3763
513;23;3763;513;23;3755
513;23;3765;513;23;3769
513;23;3769;513;23;3771
513;23;3771;513;23;3765
513;23;4278;513;23;4280
513;23;4280;513;23;4278
513;23;4281;513;23;4283
513;23;4283;513;23;4281
513;23;4412;513;23;4413
513;23;4413;513;23;4412
513;23;3727;513;23;3729
513;23;3729;513;23;3727
513;23;3724;513;23;3726
513;23;3726;513;23;3724
513;23;1972;513;23;3857
513;23;3857;513;23;1972
513;23;1969;513;23;1971
513;23;1971;513;23;1969
513;23;2126;513;23;4239
513;23;4239;513;23;2126
513;23;1835;513;23;1837
513;23;1837;513;23;1835
513;23;485;513;23;3364
513;23;3364;513;23;485
513;23;492;513;23;571
513;23;571;513;23;492
513;23;493;513;23;1420
513;23;1420;513;23;1422
513;23;1422;513;23;493
513;23;497;513;23;738
513;23;738;513;23;497
513;23;838;513;23;1121
513;23;1121;513;23;1123
513;23;1123;513;23;838
513;23;1124;513;23;1126
513;23;1126;513;23;1124
513;23;4382;513;23;4386
513;23;4386;513;23;4382
513;23;3955;513;23;4383
513;23;4383;513;23;3955
513;23;1783;513;23;3994
513;23;3994;513;23;4199
513;23;4199;513;23;1783
513;23;1777;513;23;4468
513;23;4468;513;23;1777
513;23;57;513;23;228
513;23;228;513;23;678
513;23;678;513;23;2436
513;23;2436;513;23;2442
513;23;2442;513;23;57
513;23;797;513;23;799
513;23;799;513;23;797
513;23;1713;513;23;4391
513;23;4391;513;23;1713
513;23;3613;513;23;3615
513;23;3615;513;23;3613
513;23;4365;513;23;4372
513;23;4372;513;23;4365
513;23;4366;513;23;4377
513;23;4377;513;23;4366
513;23;4352;513;23;4367
513;23;4367;513;23;4352
513;23;2016;513;23;4048
513;23;4048;513;23;2016
513;23;4099;513;23;4100
513;23;4100;513;23;4099
513;23;1874;513;23;1876
513;23;1876;513;23;4327
513;23;4327;513;23;1874
513;23;4328;513;23;4330
513;23;4330;513;23;4328
513;23;4044;513;23;4046
513;23;4046;513;23;4044
513;23;1955;513;23;1963
513;23;1963;513;23;1965
513;23;1965;513;23;1955
513;23;895;513;23;897
513;23;897;513;23;1436
513;23;1436;513;23;1438
513;23;1438;513;23;895
513;23;898;513;23;3452
513;23;3452;513;23;3454
513;23;3454;513;23;898
513;23;642;513;23;645
513;23;645;513;23;3434
513;23;3434;513;23;3436
513;23;3436;513;23;642
513;23;596;513;23;3437
513;23;3437;513;23;596
513;23;2600;513;23;2652
513;23;2652;513;23;2702
513;23;2702;513;23;2850
513;23;2850;513;23;2600
513;23;1553;513;23;1597
513;23;1597;513;23;1553
513;23;881;513;23;1554
513;23;1554;513;23;1569
513;23;1569;513;23;881
513;23;3262;513;23;3264
513;23;3264;513;23;3262
513;23;1278;513;23;3594
513;23;3594;513;23;3596
513;23;3596;513;23;1278
513;23;3499;513;23;3597
513;23;3597;513;23;3599
513;23;3599;513;23;3499
513;23;3515;513;23;3593
513;23;3593;513;23;3515
513;23;3512;513;23;3514
513;23;3514;513;23;3512
513;23;885;513;23;3516
513;23;3516;513;23;3518
513;23;3518;513;23;885
513;23;4305;513;23;4307
513;23;4307;513;23;4305
513;23;4308;513;23;4310
513;23;4310;513;23;4308
513;23;4404;513;23;4405
513;23;4405;513;23;4404
513;23;84;513;23;402
513;23;402;513;23;411
513;23;411;513;23;456
513;23;456;513;23;532
513;23;532;513;23;84
513;23;404;513;23;466
513;23;466;513;23;404
513;23;77;513;23;415
513;23;415;513;23;77
513;23;127;513;23;238
513;23;238;513;23;416
513;23;416;513;23;686
513;23;686;513;23;127
513;23;409;513;23;2224
513;23;2224;513;23;409
513;23;410;513;23;2030
513;23;2030;513;23;2032
513;23;2032;513;23;410
513;23;85;513;23;3665
513;23;3665;513;23;85
513;23;3668;513;23;3671
513;23;3671;513;23;4050
513;23;4050;513;23;3668
513;23;3672;513;23;4053
513;23;4053;513;23;3672
513;23;3684;513;23;4007
513;23;4007;513;23;3684
513;23;3938;513;23;3942
513;23;3942;513;23;3938
513;23;4039;513;23;4040
513;23;4040;513;23;4039
513;23;3268;513;23;4054
513;23;4054;513;23;3268
513;23;2238;513;23;4055
513;23;4055;513;23;2238
513;23;2066;513;23;4175
513;23;4175;513;23;2066
513;23;1514;513;23;1516
513;23;1516;513;23;1514
513;23;3282;513;23;3284
513;23;3284;513;23;3282
513;23;3285;513;23;3287
513;23;3287;513;23;3285
513;23;831;513;23;833
513;23;833;513;23;831
513;23;1916;513;23;1918
513;23;1918;513;23;1916
513;23;2490;513;23;2502
513;23;2502;513;23;2490
513;23;768;513;23;3536
513;23;3536;513;23;3538
513;23;3538;513;23;768
513;23;770;513;23;978
513;23;978;513;23;770
513;23;221;513;23;668
513;23;668;513;23;771
513;23;771;513;23;773
513;23;773;513;23;221
513;23;4266;513;23;4269
513;23;4269;513;23;4271
513;23;4271;513;23;4266
513;23;4272;513;23;4274
513;23;4274;513;23;4272
513;23;918;513;23;1945
513;23;1945;513;23;918
513;23;922;513;23;1960
513;23;1960;513;23;1962
513;23;1962;513;23;922
513;23;925;513;23;927
513;23;927;513;23;1510
513;23;1510;513;23;925
513;23;1959;513;23;1968
513;23;1968;513;23;1959
513;23;3526;513;23;3528
513;23;3528;513;23;3927
513;23;3927;513;23;3526
513;23;3529;513;23;3531
513;23;3531;513;23;3529
513;23;2492;513;23;2660
513;23;2660;513;23;2492
513;23;3510;513;23;3554
513;23;3554;513;23;3510
513;23;3511;513;23;3550
513;23;3550;513;23;3511
513;23;1691;513;23;1693
513;23;1693;513;23;3801
513;23;3801;513;23;1691
513;23;2524;513;23;2530
513;23;2530;513;23;2532
513;23;2532;513;23;2536
513;23;2536;513;23;2788
513;23;2788;513;23;2524
513;23;1563;513;23;1566
513;23;1566;513;23;1563
513;23;3712;513;23;3732
513;23;3732;513;23;3712
513;23;3713;513;23;3715
513;23;3715;513;23;4210
513;23;4210;513;23;3713
513;23;1573;513;23;3750
513;23;3750;513;23;3752
513;23;3752;513;23;4200
513;23;4200;513;23;1573
513;23;3747;513;23;3749
513;23;3749;513;23;3747
513;23;3736;513;23;3753
513;23;3753;513;23;3736
513;23;3622;513;23;3624
513;23;3624;513;23;3622
513;23;3464;513;23;3573
513;23;3573;513;23;3464
513;23;3465;513;23;3467
513;23;3467;513;23;3465
513;23;2512;513;23;2514
513;23;2514;513;23;2666
513;23;2666;513;23;4441
513;23;4441;513;23;2512
513;23;3469;513;23;3471
513;23;3471;513;23;3469
513;23;2516;513;23;2518
513;23;2518;513;23;2516
513;23;3547;513;23;3549
513;23;3549;513;23;3547
513;23;1274;513;23;3551
513;23;3551;513;23;1274
513;23;2592;513;23;2594
513;23;2594;513;23;2698
513;23;2698;513;23;2700
513;23;2700;513;23;2592
513;23;4418;513;23;4420
513;23;4420;513;23;4418
513;23;794;513;23;796
513;23;796;513;23;1439
513;23;1439;513;23;1441
513;23;1441;513;23;794
513;23;758;513;23;760
513;23;760;513;23;1442
513;23;1442;513;23;1444
513;23;1444;513;23;758
513;23;4217;513;23;4415
513;23;4415;513;23;4217
513;23;3546;513;23;3553
513;23;3553;513;23;3546
513;23;3555;513;23;3557
513;23;3557;513;23;3555
513;23;880;513;23;3733
513;23;3733;513;23;3735
513;23;3735;513;23;880
513;23;2239;513;23;2255
513;23;2255;513;23;4117
513;23;4117;513;23;2239
513;23;2026;513;23;2240
513;23;2240;513;23;2026
513;23;2243;513;23;4084
513;23;4084;513;23;2243
513;23;2246;513;23;4133
513;23;4133;513;23;2246
513;23;3675;513;23;3680
513;23;3680;513;23;3675
513;23;234;513;23;435
513;23;435;513;23;682
513;23;682;513;23;234
513;23;630;513;23;632
513;23;632;513;23;866
513;23;866;513;23;868
513;23;868;513;23;630
513;23;636;513;23;638
513;23;638;513;23;3442
513;23;3442;513;23;636
513;23;3481;513;23;3483
513;23;3483;513;23;3558
513;23;3558;513;23;3560
513;23;3560;513;23;3481
513;23;1861;513;23;3365
513;23;3365;513;23;1861
513;23;426;513;23;4301
513;23;4301;513;23;426
513;23;552;513;23;1751
513;23;1751;513;23;4302
513;23;4302;513;23;552
513;23;448;513;23;2249
513;23;2249;513;23;2251
513;23;2251;513;23;448
513;23;460;513;23;2252
513;23;2252;513;23;4135
513;23;4135;513;23;460
513;23;2025;513;23;2248
513;23;2248;513;23;2025
513;23;2676;513;23;2678
513;23;2678;513;23;2676
513;23;242;513;23;690
513;23;690;513;23;1249
513;23;1249;513;23;1251
513;23;1251;513;23;242
513;23;1242;513;23;1244
513;23;1244;513;23;1265
513;23;1265;513;23;1267
513;23;1267;513;23;1242
513;23;559;513;23;1762
513;23;1762;513;23;1764
513;23;1764;513;23;559
513;23;2596;513;23;2598
513;23;2598;513;23;2596
513;23;2466;513;23;2834
513;23;2834;513;23;2466
513;23;2069;513;23;2226
513;23;2226;513;23;2069
513;23;2070;513;23;2072
513;23;2072;513;23;2070
513;23;428;513;23;524
513;23;524;513;23;428
513;23;4121;513;23;4122
513;23;4122;513;23;4121
513;23;1531;513;23;1535
513;23;1535;513;23;1531
513;23;427;513;23;1281
513;23;1281;513;23;4124
513;23;4124;513;23;427
513;23;2422;513;23;2424
513;23;2424;513;23;2426
513;23;2426;513;23;2422
513;23;2420;513;23;2428
513;23;2428;513;23;2420
513;23;2504;513;23;2506
513;23;2506;513;23;2664
513;23;2664;513;23;2504
513;23;1995;513;23;1997
513;23;1997;513;23;3539
513;23;3539;513;23;1995
513;23;1998;513;23;2008
513;23;2008;513;23;4431
513;23;4431;513;23;1998
513;23;2143;513;23;2145
513;23;2145;513;23;2143
513;23;3625;513;23;3629
513;23;3629;513;23;3625
513;23;1222;513;23;3416
513;23;3416;513;23;1222
513;23;3417;513;23;3419
513;23;3419;513;23;3417
513;23;1804;513;23;1806
513;23;1806;513;23;1804
513;23;2584;513;23;2586
513;23;2586;513;23;2584
513;23;2588;513;23;2590
513;23;2590;513;23;2588
513;23;235;513;23;464
513;23;464;513;23;683
513;23;683;513;23;235
513;23;3881;513;23;3882
513;23;3882;513;23;3881
513;23;2562;513;23;2564
513;23;2564;513;23;2562
513;23;4148;513;23;4149
513;23;4149;513;23;4148
513;23;459;513;23;4131
513;23;4131;513;23;459
513;23;1886;513;23;1888
513;23;1888;513;23;1886
513;23;529;513;23;1754
513;23;1754;513;23;529
513;23;616;513;23;4150
513;23;4150;513;23;616
513;23;3949;513;23;4151
513;23;4151;513;23;3949
513;23;539;513;23;3320
513;23;3320;513;23;539
513;23;3321;513;23;3325
513;23;3325;513;23;3863
513;23;3863;513;23;4202
513;23;4202;513;23;3321
513;23;3657;513;23;3702
513;23;3702;513;23;3657
513;23;3658;513;23;3661
513;23;3661;513;23;3658
513;23;3291;513;23;3293
513;23;3293;513;23;3291
513;23;3294;513;23;3296
513;23;3296;513;23;3294
513;23;535;513;23;1502
513;23;1502;513;23;1504
513;23;1504;513;23;535
513;23;2496;513;23;2500
513;23;2500;513;23;2658
513;23;2658;513;23;2496
513;23;2520;513;23;2522
513;23;2522;513;23;2520
513;23;1538;513;23;1544
513;23;1544;513;23;1538
513;23;1236;513;23;1238
513;23;1238;513;23;3869
513;23;3869;513;23;1236
513;23;1239;513;23;1241
513;23;1241;513;23;1239
513;23;1264;513;23;2135
513;23;2135;513;23;1264
513;23;2136;513;23;2138
513;23;2138;513;23;2136
513;23;2133;513;23;3868
513;23;3868;513;23;2133
513;23;530;513;23;615
513;23;615;513;23;1093
513;23;1093;513;23;530
513;23;2712;513;23;2716
513;23;2716;513;23;2846
513;23;2846;513;23;2848
513;23;2848;513;23;2712
513;23;1263;513;23;2149
513;23;2149;513;23;1263
513;23;2150;513;23;2152
513;23;2152;513;23;2150
513;23;1405;513;23;1407
513;23;1407;513;23;1949
513;23;1949;513;23;1951
513;23;1951;513;23;1405
513;23;1402;513;23;1404
513;23;1404;513;23;1402
513;23;1946;513;23;1948
513;23;1948;513;23;1946
513;23;3800;513;23;3830
513;23;3830;513;23;4153
513;23;4153;513;23;3800
513;23;3831;513;23;4462
513;23;4462;513;23;4464
513;23;4464;513;23;3831
513;23;1931;513;23;1933
513;23;1933;513;23;1931
513;23;3859;513;23;3886
513;23;3886;513;23;3859
513;23;1810;513;23;1817
513;23;1817;513;23;1810
513;23;3297;513;23;3299
513;23;3299;513;23;3297
513;23;3303;513;23;3305
513;23;3305;513;23;3303
513;23;3306;513;23;3308
513;23;3308;513;23;3306
513;23;3888;513;23;3890
513;23;3890;513;23;3888
513;23;2634;513;23;2714
513;23;2714;513;23;2634
513;23;2672;513;23;2674
513;23;2674;513;23;2672
513;23;1592;513;23;1594
513;23;1594;513;23;4236
513;23;4236;513;23;1592
513;23;589;513;23;3443
513;23;3443;513;23;589
513;23;707;513;23;782
513;23;782;513;23;707
513;23;2724;513;23;2726
513;23;2726;513;23;2724
513;23;3783;513;23;4030
513;23;4030;513;23;3783
513;23;4157;513;23;4159
513;23;4159;513;23;4157
513;23;4155;513;23;4156
513;23;4156;513;23;4155
513;23;3983;513;23;3986
513;23;3986;513;23;3983
513;23;602;513;23;1272
513;23;1272;513;23;602
513;23;1275;513;23;1277
513;23;1277;513;23;1275
513;23;3987;513;23;3989
513;23;3989;513;23;3991
513;23;3991;513;23;3987
513;23;3583;513;23;3865
513;23;3865;513;23;3583
513;23;2821;513;23;2828
513;23;2828;513;23;2821
513;23;4298;513;23;4407
513;23;4407;513;23;4298
513;23;603;513;23;605
513;23;605;513;23;1567
513;23;1567;513;23;603
513;23;601;513;23;3480
513;23;3480;513;23;601
513;23;3484;513;23;3486
513;23;3486;513;23;3577
513;23;3577;513;23;3579
513;23;3579;513;23;3484
513;23;2130;513;23;2132
513;23;2132;513;23;2139
513;23;2139;513;23;2130
513;23;4164;513;23;4165
513;23;4165;513;23;4164
513;23;1855;513;23;3874
513;23;3874;513;23;1855
513;23;2484;513;23;2488
513;23;2488;513;23;2484
513;23;865;513;23;3300
513;23;3300;513;23;865
513;23;1694;513;23;3805
513;23;3805;513;23;1694
513;23;3798;513;23;3803
513;23;3803;513;23;3798
513;23;4166;513;23;4167
513;23;4167;513;23;4166
513;23;1191;513;23;1936
513;23;1936;513;23;1191
513;23;540;513;23;3348
513;23;3348;513;23;540
513;23;706;513;23;905
513;23;905;513;23;907
513;23;907;513;23;706
513;23;708;513;23;750
513;23;750;513;23;708
513;23;1187;513;23;1912
513;23;1912;513;23;1187
513;23;2476;513;23;2478
513;23;2478;513;23;2734
513;23;2734;513;23;2476
513;23;947;513;23;2010
513;23;2010;513;23;947
513;23;298;513;23;304
513;23;304;513;23;298
513;23;294;513;23;308
513;23;308;513;23;294
513;23;296;513;23;306
513;23;306;513;23;296
513;23;2538;513;23;2540
513;23;2540;513;23;2538
513;23;3900;513;23;3901
513;23;3901;513;23;3900
513;23;2620;513;23;2622
513;23;2622;513;23;2620
513;23;72;513;23;230
513;23;230;513;23;551
513;23;551;513;23;680
513;23;680;513;23;72
513;23;236;513;23;453
513;23;453;513;23;684
513;23;684;513;23;1338
513;23;1338;513;23;236
513;23;237;513;23;685
513;23;685;513;23;2028
513;23;2028;513;23;237
513;23;241;513;23;689
513;23;689;513;23;1348
513;23;1348;513;23;241
513;23;219;513;23;693
513;23;693;513;23;882
513;23;882;513;23;884
513;23;884;513;23;219
513;23;2472;513;23;2474
513;23;2474;513;23;2472
513;23;2546;513;23;2548
513;23;2548;513;23;2546
513;23;2655;513;23;2662
513;23;2662;513;23;2655
513;23;2542;513;23;2544
513;23;2544;513;23;2542
513;23;2358;513;23;2360
513;23;2360;513;23;2358
513;23;2708;513;23;2710
513;23;2710;513;23;2708
513;23;2372;513;23;2374
513;23;2374;513;23;2372
513;23;2452;513;23;2720
513;23;2720;513;23;2722
513;23;2722;513;23;2452
513;23;2378;513;23;2384
513;23;2384;513;23;2378
513;23;2380;513;23;2382
513;23;2382;513;23;2380
513;23;2400;513;23;2412
513;23;2412;513;23;2400
513;23;2402;513;23;2406
513;23;2406;513;23;2402
513;23;2398;513;23;2410
513;23;2410;513;23;2398
513;23;2508;513;23;2510
513;23;2510;513;23;2508
513;23;2388;513;23;2390
513;23;2390;513;23;4445
513;23;4445;513;23;4447
513;23;4447;513;23;2388
513;23;2418;513;23;2430
513;23;2430;513;23;2418
513;23;2580;513;23;2582
513;23;2582;513;23;2580
513;23;2832;513;23;2842
513;23;2842;513;23;2832
513;23;2416;513;23;2432
513;23;2432;513;23;2416
513;23;2376;513;23;2386
513;23;2386;513;23;2376
513;23;2404;513;23;2408
513;23;2408;513;23;2404
513;23;775;513;23;777
513;23;777;513;23;775
513;23;1357;513;23;1359
513;23;1359;513;23;1357
513;23;4173;513;23;4174
513;23;4174;513;23;4173
513;23;2074;513;23;2076
513;23;2076;513;23;2196
513;23;2196;513;23;2074
513;23;2073;513;23;2223
513;23;2223;513;23;2073
513;23;3326;513;23;3328
513;23;3328;513;23;3326
513;23;2029;513;23;2230
513;23;2230;513;23;2232
513;23;2232;513;23;2029
513;23;2233;513;23;2235
513;23;2235;513;23;2233
513;23;3332;513;23;3334
513;23;3334;513;23;3332
513;23;3478;513;23;3567
513;23;3567;513;23;3569
513;23;3569;513;23;3478
513;23;3570;513;23;3572
513;23;3572;513;23;3570
513;23;1433;513;23;1435
513;23;1435;513;23;3585
513;23;3585;513;23;3990
513;23;3990;513;23;1433
513;23;3449;513;23;3451
513;23;3451;513;23;3586
513;23;3586;513;23;3449
513;23;447;513;23;458
513;23;458;513;23;3272
513;23;3272;513;23;4091
513;23;4091;513;23;447
513;23;3872;513;23;3875
513;23;3875;513;23;3872
513;23;1853;513;23;3876
513;23;3876;513;23;1853
513;23;1362;513;23;1369
513;23;1369;513;23;1871
513;23;1871;513;23;1873
513;23;1873;513;23;1362
513;23;1870;513;23;4022
513;23;4022;513;23;1870
513;23;4019;513;23;4021
513;23;4021;513;23;4019
513;23;1429;513;23;4101
513;23;4101;513;23;1429
513;23;586;513;23;3448
513;23;3448;513;23;586
513;23;575;513;23;1135
513;23;1135;513;23;575
513;23;572;513;23;1361
513;23;1361;513;23;572
513;23;560;513;23;1793
513;23;1793;513;23;1795
513;23;1795;513;23;560
513;23;3519;513;23;3602
513;23;3602;513;23;4221
513;23;4221;513;23;3519
513;23;886;513;23;1279
513;23;1279;513;23;1513
513;23;1513;513;23;886
513;23;606;513;23;3542
513;23;3542;513;23;4183
513;23;4183;513;23;606
513;23;3791;513;23;3793
513;23;3793;513;23;4115
513;23;4115;513;23;3791
513;23;3799;513;23;3807
513;23;3807;513;23;3799
513;23;4110;513;23;4111
513;23;4111;513;23;4110
513;23;3500;513;23;3502
513;23;3502;513;23;3500
513;23;3503;513;23;3604
513;23;3604;513;23;3606
513;23;3606;513;23;3503
513;23;3504;513;23;3506
513;23;3506;513;23;3921
513;23;3921;513;23;3504
513;23;3493;513;23;3495
513;23;3495;513;23;3493
513;23;3496;513;23;3607
513;23;3607;513;23;3609
513;23;3609;513;23;3496
513;23;3497;513;23;3993
513;23;3993;513;23;3497
513;23;877;513;23;879
513;23;879;513;23;877
513;23;4311;513;23;4315
513;23;4315;513;23;4311
513;23;4181;513;23;4182
513;23;4182;513;23;4181
513;23;3652;513;23;3699
513;23;3699;513;23;3652
513;23;2060;513;23;4043
513;23;4043;513;23;2060
513;23;732;513;23;4435
513;23;4435;513;23;732
513;23;731;513;23;1768
513;23;1768;513;23;1770
513;23;1770;513;23;731
513;23;1771;513;23;1773
513;23;1773;513;23;3946
513;23;3946;513;23;1771
513;23;3941;513;23;3945
513;23;3945;513;23;3941
513;23;1476;513;23;3996
513;23;3996;513;23;1476
513;23;3974;513;23;3976
513;23;3976;513;23;3974
513;23;1477;513;23;1480
513;23;1480;513;23;1477
513;23;3487;513;23;3489
513;23;3489;513;23;3487
513;23;3895;513;23;3898
513;23;3898;513;23;3895
513;23;1789;513;23;1792
513;23;1792;513;23;1789
513;23;1136;513;23;1367
513;23;1367;513;23;1136
513;23;908;513;23;1138
513;23;1138;513;23;1386
513;23;1386;513;23;908
513;23;749;513;23;1140
513;23;1140;513;23;749
513;23;3279;513;23;3281
513;23;3281;513;23;3279
513;23;744;513;23;1397
513;23;1397;513;23;1399
513;23;1399;513;23;744
513;23;1368;513;23;1395
513;23;1395;513;23;1368
513;23;1396;513;23;1411
513;23;1411;513;23;1416
513;23;1416;513;23;1396
513;23;1337;513;23;4090
513;23;4090;513;23;1337
513;23;4083;513;23;4092
513;23;4092;513;23;4083
513;23;2023;513;23;3269
513;23;3269;513;23;2023
513;23;876;513;23;4211
513;23;4211;513;23;4213
513;23;4213;513;23;876
513;23;3757;513;23;3766
513;23;3766;513;23;3757
513;23;1807;513;23;1809
513;23;1809;513;23;1807
513;23;861;513;23;864
513;23;864;513;23;861
513;23;3490;513;23;3492
513;23;3492;513;23;3600
513;23;3600;513;23;3490
513;23;2086;513;23;2177
513;23;2177;513;23;2179
513;23;2179;513;23;2086
513;23;2034;513;23;2180
513;23;2180;513;23;2034
513;23;2037;513;23;2181
513;23;2181;513;23;2037
513;23;2036;513;23;2204
513;23;2204;513;23;2036
513;23;2033;513;23;2203
513;23;2203;513;23;2033
513;23;2085;513;23;2200
513;23;2200;513;23;2202
513;23;2202;513;23;2085
513;23;2256;513;23;4119
513;23;4119;513;23;2256
513;23;3775;513;23;3855
513;23;3855;513;23;3775
513;23;1913;513;23;1915
513;23;1915;513;23;1913
513;23;1424;513;23;1426
513;23;1426;513;23;1424
513;23;860;513;23;3394
513;23;3394;513;23;860
513;23;2115;513;23;3395
513;23;3395;513;23;3397
513;23;3397;513;23;2115
513;23;712;513;23;1346
513;23;1346;513;23;1579
513;23;1579;513;23;712
513;23;714;513;23;1261
513;23;1261;513;23;714
513;23;1252;513;23;1586
513;23;1586;513;23;1588
513;23;1588;513;23;1252
513;23;2262;513;23;2272
513;23;2272;513;23;2262
513;23;2264;513;23;2270
513;23;2270;513;23;2264
513;23;2260;513;23;2274
513;23;2274;513;23;2260
513;23;2215;513;23;4139
513;23;4139;513;23;2215
513;23;1430;513;23;3866
513;23;3866;513;23;1430
513;23;1371;513;23;1378
513;23;1378;513;23;1371
513;23;3716;513;23;3719
513;23;3719;513;23;3716
513;23;3378;513;23;3410
513;23;3410;513;23;3412
513;23;3412;513;23;3378
513;23;830;513;23;3398
513;23;3398;513;23;3400
513;23;3400;513;23;830
513;23;1355;513;23;1356
513;23;1356;513;23;1355
513;23;2099;513;23;3413
513;23;3413;513;23;2099
513;23;3965;513;23;3967
513;23;3967;513;23;3971
513;23;3971;513;23;3965
513;23;1940;513;23;1942
513;23;1942;513;23;1940
513;23;1937;513;23;1939
513;23;1939;513;23;1937
513;23;3372;513;23;3374
513;23;3374;513;23;3372
513;23;3369;513;23;3371
513;23;3371;513;23;3369
513;23;4190;513;23;4191
513;23;4191;513;23;4190
513;23;1787;513;23;1790
513;23;1790;513;23;1787
513;23;2127;513;23;2129
513;23;2129;513;23;2153
513;23;2153;513;23;2127
513;23;3533;513;23;3535
513;23;3535;513;23;3925
513;23;3925;513;23;3533
513;23;3532;513;23;3612
513;23;3612;513;23;3532
513;23;2093;513;23;2095
513;23;2095;513;23;2170
513;23;2170;513;23;2172
513;23;2172;513;23;2093
513;23;2042;513;23;2173
513;23;2173;513;23;2042
513;23;2041;513;23;4204
513;23;4204;513;23;2041
513;23;4222;513;23;4224
513;23;4224;513;23;4222
513;23;4225;513;23;4227
513;23;4227;513;23;4225
513;23;3336;513;23;3338
513;23;3338;513;23;3336
513;23;2105;513;23;2197
513;23;2197;513;23;2199
513;23;2199;513;23;2105
513;23;2106;513;23;2176
513;23;2176;513;23;2106
513;23;3703;513;23;3709
513;23;3709;513;23;3703
513;23;4197;513;23;4473
513;23;4473;513;23;4197
513;23;2002;513;23;4476
513;23;4476;513;23;2002
