CID;LID;NID;NAME;NCOMMENT
513;1;1;亚洲;
513;1;2;中国;
513;1;3;四川省;
513;1;4;成都市;
513;1;2570;Ｇ１０８;
513;1;2479;黑竹镇;
513;1;10;成温邛高速公路;
513;1;1056;蒲塘路;
513;1;3889;寿高路;
513;1;3061;东星大道;
513;1;956;新东街;
513;1;957;向新路;
513;1;3879;茶店子村;
513;1;1028;华金大道一段;
513;1;415;蓉都大道;
513;1;2764;三环路;
513;1;1019;熊猫大道;
513;1;3779;蜀陵路;
513;1;3890;大湾村;
513;1;3584;川天路;
513;1;3583;兴川路;
513;1;3585;银杏园路;
513;1;2558;成都绕城高速公路;
513;1;1750;三河大道;
513;1;1751;新都工业大道东段;
513;1;414;金光路;
513;1;1341;沙湾路;
513;1;858;一环路;
513;1;3891;二环路;
513;1;1817;沙湾东二路;
513;1;668;昭觉寺南路;
513;1;705;驷马桥街;
513;1;65;滨江中路;
513;1;3892;人民南路;
513;1;3893;红星路;
513;1;2454;电子路;
513;1;2453;宝光大道南段;
513;1;1152;Ｇ２１３;
513;1;3411;北街;
513;1;3754;锦江大道;
513;1;4102;东街;
513;1;3780;正溪下街;
513;1;3894;东山大道;
513;1;3897;华阳大道（天府大道）;
513;1;3898;华府大道;
513;1;3414;龙应路;
513;1;1037;仁和路;
513;1;440;全兴路;
513;1;3785;白八路;
513;1;1041;天河路;
513;1;3781;恒山北街（国宁街）;
513;1;3850;泰山大道（国宁街）;
513;1;3783;双柏路（高店路西段）;
513;1;2427;南北大道;
513;1;3059;望丛东路（成灌东路）;
513;1;3900;彭温路;
513;1;3604;聚兴路;
513;1;3901;翔凤路（彩虹大道）;
513;1;3902;灌温路（彩虹大道）;
513;1;3602;玉府路;
513;1;300;灌温路;
513;1;3903;彩虹大道;
513;1;302;奎光路;
513;1;1351;建设路;
513;1;1513;猛追湾街;
513;1;429;金牛坝路;
513;1;1136;金府路;
513;1;1554;迎宾大道;
513;1;935;金泉路;
513;1;3179;金粮路（全兴路）;
513;1;3177;科兴北路;
513;1;423;金科北路;
513;1;1559;金周路;
513;1;8;Ｇ３１８;
513;1;944;滨河路;
513;1;945;久隆村;
513;1;1067;干堰塘;
513;1;534;鸥鹏大道;
513;1;535;驿都东路;
513;1;598;日月大道二段;
513;1;600;成飞大道;
513;1;3606;导航路;
513;1;2774;日月大道一段;
513;1;3607;武青北路;
513;1;849;新南路;
513;1;328;临江东路;
513;1;2034;林荫中街;
513;1;2035;龙江路;
513;1;3065;驿都大道;
513;1;3612;八一大路;
513;1;1061;东洪路;
513;1;1062;洪河大道中路;
513;1;3906;银玉路;
513;1;3907;天鹅西湖南路;
513;1;862;驿都大道西路;
513;1;864;长春路;
513;1;868;驿都中路;
513;1;564;成环路;
513;1;427;蜀西路;
513;1;2421;金科东路;
513;1;2054;双桥路;
513;1;1882;双华南路;
513;1;1883;经华北路;
513;1;970;成都绕城高速公路北段;
513;1;1048;成灌高速公路;
513;1;3919;成渝环线高速公路;
513;1;15;成彭高速公路;
513;1;1070;北新大道;
513;1;4118;赵家院子;
513;1;973;成都绕城高速公路东段;
513;1;3083;川西服务区;
513;1;3081;成金青快速通道;
513;1;3082;沪蓉高速公路;
513;1;976;成都绕城高速公路南段;
513;1;3997;接待寺立交桥;
513;1;2131;成龙大道;
513;1;1483;科华南路;
513;1;1282;黄荆路;
513;1;369;机场高速公路;
513;1;979;成都绕城高速公路西段;
513;1;3998;永宁服务区;
513;1;136;中山大道南三段;
513;1;1180;新都大道;
513;1;4002;龙虎村;
513;1;1181;红阳路;
513;1;3861;太平收费站;
513;1;176;创业路;
513;1;3777;西成路;
513;1;3121;蒲江服务区;
513;1;1227;朝阳大道;
513;1;3778;寿眉路;
513;1;1229;邛崃收费站;
513;1;1230;成乐高速公路;
513;1;3720;岷江大道;
513;1;4004;新普路;
513;1;3794;牧华路;
513;1;3939;长城路;
513;1;3721;黄荆路东延线;
513;1;3427;益新大道;
513;1;1006;一环路北段;
513;1;339;花牌坊街;
513;1;3912;建设北路;
513;1;519;马家花园路;
513;1;763;西体北路;
513;1;756;五丁路;
513;1;3909;人民北路;
513;1;2848;北新干道;
513;1;3910;解放路;
513;1;513;马鞍北路;
513;1;3911;府青路;
513;1;1009;一环路东段;
513;1;1011;红瓦寺街;
513;1;3913;成华大道;
513;1;3914;新华大道;
513;1;3908;蜀都大道;
513;1;441;锦东路;
513;1;702;顺江路;
513;1;1012;一环路南段;
513;1;1014;燃灯寺东街;
513;1;461;科华北路;
513;1;2061;玉林北路;
513;1;268;永丰路;
513;1;2063;兴蓉街;
513;1;736;武侯祠大街;
513;1;1015;一环路西段;
513;1;197;大石东路;
513;1;549;青羊正街;
513;1;2069;文华路;
513;1;2070;永陵路;
513;1;3916;大件路;
513;1;2460;余家庵;
513;1;3171;大同路一段;
513;1;3687;双永路;
513;1;3918;西航港大道;
513;1;3899;锦华路;
513;1;3917;黄河中路;
513;1;4005;益园三路;
513;1;4124;美洲西路;
513;1;142;Ｓ１０５;
513;1;3920;成彭高速公路（南街）;
513;1;3471;成都家具园龙桥站收费站;
513;1;3613;金丰高架;
513;1;254;洞子口路;
513;1;3614;正街;
513;1;2027;古柏路;
513;1;1095;东升路;
513;1;2456;藏卫路南四段;
513;1;489;老川藏路;
513;1;3615;成双大道;
513;1;3790;太平路;
513;1;34;广都大道;
513;1;75;弘民路;
513;1;3921;清泰路;
513;1;3922;迎春路;
513;1;3923;三强北路;
513;1;1975;商都路;
513;1;3791;七里路;
513;1;3925;武候大道;
513;1;151;文昌路;
513;1;3924;簇锦家园;
513;1;1207;文盛路;
513;1;1208;聚龙路;
513;1;3926;余家坝;
513;1;459;锦绣路;
513;1;2232;科院街;
513;1;2212;长青路;
513;1;2863;交大路;
513;1;2211;星辰路;
513;1;41;北大街;
513;1;42;北东街;
513;1;188;大安中路;
513;1;1406;石油路;
513;1;3525;邛名高速公路;
513;1;3862;夹关收费站;
513;1;4008;邛崃服务区;
513;1;3863;邛崃西收费站;
513;1;799;同心路;
513;1;798;西大街;
513;1;2229;长寿路;
513;1;1409;长荣路;
513;1;1482;长寿南路;
513;1;2490;白衣上街;
513;1;3868;花土路;
513;1;1168;鸿雁路;
513;1;11;ＸＡ１９;
513;1;12;ＸＮ１４;
513;1;3930;蓉都大道（天新路）;
513;1;3645;成德大道;
513;1;2431;金新路;
513;1;1823;ＸＡ３７;
513;1;2451;五桂村;
513;1;3931;五桂立交;
513;1;2430;大江路;
513;1;3570;安宁河路;
513;1;2759;三环路内圈;
513;1;3707;三环路内圈安宁河路上匝道;
513;1;17;八宝街;
513;1;18;长顺下街;
513;1;19;老东城根街;
513;1;3928;东城根街;
513;1;20;八里桥路;
513;1;2214;站北路;
513;1;666;双荆路;
513;1;23;八里庄路;
513;1;25;二仙桥西一巷;
513;1;3616;白河路;
513;1;3932;涧槽街;
513;1;3933;电视塔路;
513;1;3934;棠湖南路;
513;1;3232;白家古井;
513;1;3233;三环路内圈白家古井方向上匝道;
513;1;3463;白家湾;
513;1;3464;三环路内圈白家湾方向上匝道;
513;1;2202;白马寺北顺街;
513;1;2203;成华西街;
513;1;35;白丝街;
513;1;36;玉带桥街;
513;1;37;鼓楼北一街;
513;1;3415;航鹰东路;
513;1;3617;双楠大道;
513;1;38;白衣下街;
513;1;3935;西安路;
513;1;2536;白衣中街;
513;1;2416;百草路;
513;1;2425;天润路;
513;1;3810;金粮路;
513;1;2415;天虹路;
513;1;3370;百草园小学;
513;1;2761;三环路外圈;
513;1;3371;三环路外圈百草园小学方向上匝道;
513;1;2294;百花西路;
513;1;3788;望仙场街;
513;1;2322;百卉路;
513;1;2323;浣锦滨河路;
513;1;3360;百仁村;
513;1;3361;三环路外圈百仁村方向上匝道;
513;1;3733;百日红西路;
513;1;3734;三环路外圈百日红西路上匝道;
513;1;2326;百寿路;
513;1;2325;大庆路;
513;1;3248;保平村;
513;1;3249;三环路内圈保平村方向上匝道;
513;1;89;草市街;
513;1;2185;新开寺街;
513;1;44;北较场西路;
513;1;46;武都路;
513;1;4107;北较场西路地下道;
513;1;4108;王家塘街;
513;1;4109;柳苑;
513;1;2528;北纱帽街;
513;1;3069;北糠市街;
513;1;2564;成都绕城高速公路内圈;
513;1;2627;成都绕城高速公路内圈北新大道入口匝道;
513;1;2553;成都绕城高速公路外圈;
513;1;2633;成都绕城高速公路外圈北新大道入口匝道;
513;1;2765;三环路北新大道入口匝道;
513;1;2766;三环路内圈北新大道入口匝道;
513;1;2763;三环路外圈北新大道入口匝道;
513;1;1096;天班路;
513;1;2634;北新大道东侧;
513;1;2635;成都绕城高速公路北新大道东侧入口匝道;
513;1;2591;成都绕城高速公路北;
513;1;3034;成都绕城高速公路北北新大道东侧出口匝道;
513;1;2587;成都绕城高速公路南;
513;1;2637;成都绕城高速公路南北新大道东侧入口匝道;
513;1;2589;成都绕城高速公路中;
513;1;2639;成都绕城高速公路中北新大道东侧入口匝道;
513;1;2648;北新大道东侧匝道;
513;1;2604;成都绕城高速公路内圈匝道;
513;1;2649;成都绕城高速公路内圈匝道北新大道东侧匝道入口匝道;
513;1;2608;成都绕城高速公路外圈匝道;
513;1;2652;成都绕城高速公路外圈匝道北新大道东侧匝道入口匝道;
513;1;2621;北新大道西;
513;1;2631;成都绕城高速公路外圈北新大道西入口匝道;
513;1;2642;北新大道西侧;
513;1;2643;成都绕城高速公路北新大道西侧入口匝道;
513;1;2644;成都绕城高速公路北北新大道西侧入口匝道;
513;1;2646;成都绕城高速公路南北新大道西侧出口匝道;
513;1;2645;成都绕城高速公路中北新大道西侧入口匝道;
513;1;2653;北新大道西侧匝道;
513;1;2657;成都绕城高速公路内圈匝道北新大道西侧匝道入口匝道;
513;1;2654;成都绕城高速公路外圈匝道北新大道西侧匝道入口匝道;
513;1;3035;三环路内圈北新干道上匝道;
513;1;2201;北站东一路;
513;1;56;北站西二路;
513;1;2204;北站西一路;
513;1;2205;站西路;
513;1;1665;贝森路;
513;1;304;青羊大道;
513;1;1901;双新北路;
513;1;59;滨江东路;
513;1;1106;天仙桥南路;
513;1;62;滨江西路;
513;1;63;下南大街;
513;1;86;草金路;
513;1;87;千桐路;
513;1;3073;永康路;
513;1;1125;柑通路;
513;1;3075;草金街;
513;1;1698;武兴路;
513;1;2371;金瓦路;
513;1;3937;草金路南段;
513;1;2367;金履路;
513;1;3706;草金路西延线;
513;1;3705;雁萌路;
513;1;1130;灶君庙街;
513;1;1656;草堂北路;
513;1;1373;青华路;
513;1;2502;草堂东路;
513;1;2295;浣花南路;
513;1;92;茶店子东街;
513;1;93;健康巷;
513;1;94;茶店子路;
513;1;99;茶店子横街;
513;1;1843;蜀光路;
513;1;98;茶店子西街;
513;1;1135;子云路;
513;1;101;茶店子正街;
513;1;3161;双华路;
513;1;3938;川大路;
513;1;1362;科华中路;
513;1;1360;高攀路;
513;1;295;火车南站东路;
513;1;419;长顺上街;
513;1;106;商业街;
513;1;1307;桂花巷;
513;1;242;东门街;
513;1;1146;过街楼街;
513;1;362;长顺中街;
513;1;2261;长益路;
513;1;1501;盛世路;
513;1;2262;丽都路;
513;1;3940;北新立交桥;
513;1;3941;竹怡路;
513;1;3644;兴城大道;
513;1;3851;成德大道至ＸＡ３７;
513;1;2641;成都绕城高速公路北新大道东侧出口匝道;
513;1;2647;成都绕城高速公路北新大道西侧出口匝道;
513;1;2274;锦悦东街;
513;1;3085;成都绕城高速公路锦悦东街出口匝道;
513;1;3586;蓉都大道东侧;
513;1;3646;成都绕城高速公路蓉都大道东侧出口匝道;
513;1;2596;蓉都大道西侧;
513;1;3647;成都绕城高速公路蓉都大道西侧出口匝道;
513;1;2620;成都绕城高速公路内圈北新大道出口匝道;
513;1;2625;北新大道东;
513;1;2626;成都绕城高速公路内圈北新大道东入口匝道;
513;1;2622;成都绕城高速公路内圈北新大道西出口匝道;
513;1;2623;北新大道中;
513;1;2624;成都绕城高速公路内圈北新大道中出口匝道;
513;1;3483;成金青快速通道北侧;
513;1;3490;成都绕城高速公路内圈成金青快速通道北侧出口匝道;
513;1;3491;成金青快速通道南侧;
513;1;3492;成都绕城高速公路内圈成金青快速通道南侧出口匝道;
513;1;3477;成都绕城高速公路内圈成龙大道出口匝道;
513;1;3478;成龙大道东侧;
513;1;3479;成都绕城高速公路内圈成龙大道东侧出口匝道;
513;1;3472;成龙大道西侧;
513;1;3545;成都绕城高速公路内圈成龙大道西侧;
513;1;3086;成都绕城高速公路内圈沪蓉高速公路出口匝道;
513;1;3087;沪蓉高速公路北;
513;1;3088;成都绕城高速公路内圈沪蓉高速公路北出口匝道;
513;1;3089;沪蓉高速公路南;
513;1;3090;成都绕城高速公路内圈沪蓉高速公路南入口匝道;
513;1;3091;沪蓉高速公路中;
513;1;3092;成都绕城高速公路内圈沪蓉高速公路中出口匝道;
513;1;3039;机场高速公路东;
513;1;3040;成都绕城高速公路内圈机场高速公路东出口匝道;
513;1;2725;机场高速公路中;
513;1;3043;成都绕城高速公路内圈机场高速公路中出口匝道;
513;1;3100;成都绕城高速公路内圈锦悦东街出口匝道;
513;1;3080;京昆高速公路;
513;1;3093;成都绕城高速公路内圈京昆高速公路出口匝道;
513;1;3094;京昆高速公路东;
513;1;3095;成都绕城高速公路内圈京昆高速公路东出口匝道;
513;1;3098;京昆高速公路中;
513;1;3099;成都绕城高速公路内圈京昆高速公路中出口匝道;
513;1;3676;蓉北路三段东侧;
513;1;3681;成都绕城高速公路内圈蓉北路三段东侧出口匝道;
513;1;3678;蓉北路三段西侧;
513;1;3680;成都绕城高速公路内圈蓉北路三段西侧出口匝道;
513;1;3648;成都绕城高速公路内圈蓉都大道出口匝道;
513;1;3650;蓉都大道东;
513;1;3649;成都绕城高速公路内圈蓉都大道东入口匝道;
513;1;3595;蓉都大道西;
513;1;3651;成都绕城高速公路内圈蓉都大道西出口匝道;
513;1;3652;蓉都大道中;
513;1;3653;成都绕城高速公路内圈蓉都大道中出口匝道;
513;1;2684;成都绕城高速公路内圈武兴路出口匝道;
513;1;3023;武兴路东侧;
513;1;3025;成都绕城高速公路内圈武兴路东侧出口匝道;
513;1;3027;武兴路东侧南;
513;1;3026;成都绕城高速公路内圈武兴路东侧南出口匝道;
513;1;3022;武兴路东侧中;
513;1;3028;成都绕城高速公路内圈武兴路东侧中出口匝道;
513;1;3488;成都绕城高速公路内圈西侧;
513;1;3489;成都绕城高速公路内圈西侧成金青快速通道出口匝道;
513;1;2650;成都绕城高速公路内圈匝道北新大道东侧匝道出口匝道;
513;1;2656;成都绕城高速公路内圈匝道北新大道西侧匝道出口匝道;
513;1;2609;蓉都大道东侧匝道;
513;1;3654;成都绕城高速公路内圈匝道蓉都大道东侧匝道出口匝道;
513;1;3600;蓉都大道西侧匝道;
513;1;3655;成都绕城高速公路内圈匝道蓉都大道西侧匝道出口匝道;
513;1;2716;武兴路北侧匝道;
513;1;2721;成都绕城高速公路内圈匝道武兴路北侧匝道出口匝道;
513;1;2713;武兴路南侧匝道;
513;1;2715;成都绕城高速公路内圈匝道武兴路南侧匝道出口匝道;
513;1;2574;Ｇ１０８中;
513;1;2582;成都绕城高速公路外圈Ｇ１０８中出口匝道;
513;1;2628;成都绕城高速公路外圈北新大道出口匝道;
513;1;2629;成都绕城高速公路外圈北新大道东出口匝道;
513;1;2630;成都绕城高速公路外圈北新大道中出口匝道;
513;1;2667;成都绕城高速公路外圈成灌高速公路出口匝道;
513;1;2670;成灌高速公路东;
513;1;2669;成都绕城高速公路外圈成灌高速公路东出口匝道;
513;1;2671;成灌高速公路中;
513;1;2672;成都绕城高速公路外圈成灌高速公路中出口匝道;
513;1;3482;成都绕城高速公路外圈成金青快速通道出口匝道;
513;1;3480;成都绕城高速公路外圈成龙大道出口匝道;
513;1;3101;成都绕城高速公路外圈沪蓉高速公路出口匝道;
513;1;3103;成都绕城高速公路外圈沪蓉高速公路南出口匝道;
513;1;3104;成都绕城高速公路外圈沪蓉高速公路中出口匝道;
513;1;2724;成都绕城高速公路外圈机场高速公路出口匝道;
513;1;3001;成都绕城高速公路外圈机场高速公路中入口匝道;
513;1;3109;成都绕城高速公路外圈锦悦东街出口匝道;
513;1;3105;成都绕城高速公路外圈京昆高速公路出口匝道;
513;1;3096;京昆高速公路西;
513;1;3107;成都绕城高速公路外圈京昆高速公路西出口匝道;
513;1;3108;成都绕城高速公路外圈京昆高速公路中出口匝道;
513;1;3657;成都绕城高速公路外圈蓉都大道出口匝道;
513;1;3656;成都绕城高速公路外圈蓉都大道东出口匝道;
513;1;2694;武兴路北;
513;1;3037;成都绕城高速公路外圈武兴路北出口匝道;
513;1;2704;武兴路北侧;
513;1;2706;成都绕城高速公路外圈武兴路北侧出口匝道;
513;1;2690;武兴路南;
513;1;3031;成都绕城高速公路外圈武兴路东侧南入口匝道;
513;1;3015;武兴路西侧;
513;1;3016;成都绕城高速公路外圈武兴路西侧出口匝道;
513;1;2692;武兴路中;
513;1;3038;成都绕城高速公路外圈武兴路中出口匝道;
513;1;3486;成都绕城高速公路外圈东侧;
513;1;3487;成都绕城高速公路外圈东侧成金青快速通道出口匝道;
513;1;3538;成都绕城高速公路外圈南侧;
513;1;3539;成都绕城高速公路外圈南侧成龙大道出口匝道;
513;1;2651;成都绕城高速公路外圈匝道北新大道东侧匝道出口匝道;
513;1;2655;成都绕城高速公路外圈匝道北新大道西侧匝道出口匝道;
513;1;3533;成都绕城高速公路外圈匝道成龙大道出口匝道;
513;1;3534;成龙大道南侧;
513;1;3535;成都绕城高速公路外圈匝道成龙大道南侧出口匝道;
513;1;2610;成都绕城高速公路外圈匝道蓉都大道东侧匝道出口匝道;
513;1;3658;成都绕城高速公路外圈匝道蓉都大道西侧匝道出口匝道;
513;1;2718;成都绕城高速公路外圈匝道武兴路北侧匝道出口匝道;
513;1;2719;成都绕城高速公路外圈匝道武兴路南侧匝道出口匝道;
513;1;3536;成都绕城高速公路外圈匝道东侧;
513;1;3537;成都绕城高速公路外圈匝道东侧成龙大道出口匝道;
513;1;2675;成都绕城高速公路外圈成灌高速公路入口匝道;
513;1;114;迎宾路;
513;1;3468;吕家祠堂;
513;1;2442;都汶高速公路;
513;1;1151;乱石窑;
513;1;3999;驾青路;
513;1;4000;郫花路;
513;1;2673;成灌高速公路西;
513;1;2674;成都绕城高速公路外圈成灌高速公路西入口匝道;
513;1;2266;成汉北路;
513;1;3379;三环路内圈成汉北路上匝道;
513;1;3380;成汉中路;
513;1;2267;盛和二路;
513;1;3823;成汉南路;
513;1;3717;锦悦西路;
513;1;3942;府城大道;
513;1;3943;交子大道;
513;1;3381;三环路外圈成汉中路上匝道;
513;1;3848;成宏路;
513;1;3847;华盛路;
513;1;3845;华冠路;
513;1;3846;华翰路;
513;1;4032;三环路内圈成华大道入口匝道;
513;1;4030;三环路外圈成华大道入口匝道;
513;1;3668;多宝寺路;
513;1;3793;崔家店北一路;
513;1;1161;二仙桥东二路;
513;1;118;二仙桥东路;
513;1;1164;二仙桥北二路;
513;1;3856;物流大道;
513;1;2143;小龙桥路;
513;1;3936;关家社区;
513;1;4046;成华大道南;
513;1;4045;三环路内圈成华大道南入口匝道;
513;1;4034;成华大道南侧;
513;1;4033;三环路内圈成华大道南侧入口匝道;
513;1;3485;成都绕城高速公路内圈成金青快速通道入口匝道;
513;1;3481;成都绕城高速公路外圈成金青快速通道入口匝道;
513;1;4047;三环路内圈成金青快速通道入口匝道;
513;1;4031;三环路外圈成金青快速通道入口匝道;
513;1;3944;新工大道;
513;1;495;龙青路;
513;1;2433;木兰街;
513;1;3789;新石路;
513;1;3484;成都绕城高速公路外圈成金青快速通道北侧入口匝道;
513;1;3496;成都绕城高速公路外圈东侧成金青快速通道北侧出口匝道;
513;1;3495;成都绕城高速公路外圈成金青快速通道南侧入口匝道;
513;1;2233;成科西路;
513;1;3474;成都绕城高速公路内圈北侧;
513;1;3475;成都绕城高速公路内圈北侧成龙大道入口匝道;
513;1;3476;成都绕城高速公路外圈成龙大道入口匝道;
513;1;3543;成都绕城高速公路外圈匝道东侧成龙大道入口匝道;
513;1;3736;三环路内圈成龙大道入口匝道;
513;1;2133;鲸龙路;
513;1;1219;世纪大道;
513;1;2134;龙城大道;
513;1;4114;柳荫路;
513;1;2132;银杏大道;
513;1;3671;香樟大道;
513;1;3544;成都绕城高速公路内圈成龙大道东侧入口匝道;
513;1;3473;成都绕城高速公路成龙大道西侧入口匝道;
513;1;3546;成都绕城高速公路外圈南侧成龙大道西侧入口匝道;
513;1;2975;成洛大道;
513;1;4052;三环路内圈成洛大道上匝道;
513;1;2979;三环路外圈成洛大道上匝道;
513;1;2137;杨柳店北路;
513;1;3112;东洪路中段;
513;1;1176;蜀王大道北段;
513;1;3945;开元南路;
513;1;4001;成绵（复线）高速公路;
513;1;3672;天彭大道;
513;1;1177;南街;
513;1;1197;新繁出入口;
513;1;4081;三环路外圈成双大道上匝道;
513;1;2407;成双公路;
513;1;3792;航空宾馆;
513;1;2409;天航货运;
513;1;4120;成双公路至燃灯寺;
513;1;3967;燃灯寺;
513;1;4121;随园花园餐厅;
513;1;1214;天兴大道;
513;1;4006;安出路;
513;1;4007;大新路;
513;1;1217;西岭大道;
513;1;3529;重庆路;
513;1;3622;群众桥;
513;1;3530;崇江中路;
513;1;3858;金马收费站;
513;1;3859;温江收费站;
513;1;4080;三环路外圈成渝环线高速公路上匝道;
513;1;3844;成致路;
513;1;167;城北出口高速公路;
513;1;3684;城通路;
513;1;366;火车南站西路;
513;1;3710;大同路二段;
513;1;177;天赐科技园;
513;1;1264;九兴大道;
513;1;179;祠堂街;
513;1;181;西御街;
513;1;3729;簇马路三段;
513;1;2400;江安滨河南路;
513;1;2398;凉港路;
513;1;3728;凉港二路;
513;1;3730;簇马路一段;
513;1;3946;小学路;
513;1;182;大安东路;
513;1;183;太升北路;
513;1;342;华星路;
513;1;185;大安西路;
513;1;3927;人民中路;
513;1;199;锦里中路;
513;1;1287;芳邻路;
513;1;1292;大石南路;
513;1;1414;七道堰街;
513;1;200;大石西路;
513;1;2253;菊乐路;
513;1;1290;紫藤路;
513;1;1291;双元街;
513;1;3822;大同路二段至天府一街;
513;1;3691;天府一街;
513;1;3853;黄金路东延线;
513;1;3904;机场路;
513;1;2307;大学路;
513;1;1714;小天竺街;
513;1;2299;南台路;
513;1;203;大业路;
513;1;204;锦兴路;
513;1;227;东大街;
513;1;3143;古卧龙桥街;
513;1;2314;电信后街;
513;1;2313;电信南街;
513;1;397;利民巷;
513;1;2315;电信路;
513;1;2317;黉门后街;
513;1;3689;无名巷;
513;1;2312;小天西街;
513;1;3347;金陵横路;
513;1;2247;小天北街;
513;1;209;东安北路;
513;1;193;东安南路;
513;1;214;武成大街;
513;1;222;羊市街;
513;1;215;东城根南街;
513;1;216;金盾路;
513;1;3428;东城根南街辅路;
513;1;4105;东城根下街地下道;
513;1;4106;斌升街;
513;1;1827;青石桥北街;
513;1;171;走马街;
513;1;229;三圣街;
513;1;827;水津街;
513;1;3972;较场坝中街;
513;1;532;牛王庙巷;
513;1;230;东大路;
513;1;231;古雅坡路;
513;1;236;东华门街;
513;1;238;西玉龙街;
513;1;1321;东华正街;
513;1;1322;东御河沿街;
513;1;241;提督街;
513;1;1766;东较场街;
513;1;3842;中道街;
513;1;3843;长城锦苑;
513;1;1449;昭忠祠街;
513;1;3402;东荆路;
513;1;4025;三环路内圈东荆路下匝道;
513;1;3403;三环路内圈东荆路上匝道;
513;1;3887;东坡北一路;
513;1;1663;东坡路;
513;1;311;瑞联路;
513;1;2154;东升街;
513;1;3948;蓉北路;
513;1;1904;东通顺街;
513;1;2175;狮子巷;
513;1;251;东御街;
513;1;253;顺城大街;
513;1;896;冻青树街;
513;1;895;岳府街;
513;1;2171;东玉龙街;
513;1;3699;福源路;
513;1;1335;泉水西路;
513;1;3949;蓉北商贸大道;
513;1;1337;泉水东路;
513;1;1338;王贾路;
513;1;4116;中滩堡;
513;1;3860;都江堰西收费站;
513;1;1353;双庆路;
513;1;3666;万年路;
513;1;257;二环;
513;1;967;二环路西段;
513;1;3156;广福路;
513;1;969;营门口路;
513;1;1371;双楠路;
513;1;1375;罗家碾街;
513;1;1376;清溪东路;
513;1;1377;抚琴西路;
513;1;958;二环路北段;
513;1;960;桃蹊路;
513;1;1342;九里堤南路;
513;1;1347;三友路;
513;1;961;二环路东段;
513;1;963;郭家桥西街;
513;1;1354;双桂路;
513;1;1356;莲桂东路;
513;1;1357;净居寺路;
513;1;2952;琉璃路;
513;1;964;二环路南段;
513;1;1363;新希望路;
513;1;1365;新光路;
513;1;1366;芳草街;
513;1;1368;高朋大道;
513;1;1369;佳灵路;
513;1;261;二仙桥西路;
513;1;1381;地勘路;
513;1;264;芳草东街;
513;1;266;玉林南路;
513;1;1388;芳华街;
513;1;3149;芳草西二街;
513;1;2243;玉林西路;
513;1;3867;凤凰南大街;
513;1;3950;光华大道;
513;1;2531;福兴街;
513;1;2529;华兴东街;
513;1;2092;抚琴南路;
513;1;3352;青羊北路;
513;1;1390;金琴路;
513;1;277;新园大道;
513;1;3951;益州大道;
513;1;3952;天府大道;
513;1;1405;星辉东路;
513;1;1399;华油路;
513;1;4104;府青路二环路立交桥;
513;1;1534;二环路北四段;
513;1;287;二环路东一段;
513;1;3711;高攀东路;
513;1;468;静安路;
513;1;1410;航空路;
513;1;2248;科园大道;
513;1;2250;高升桥北街;
513;1;318;广福桥街;
513;1;319;高升桥东路;
513;1;297;高升桥路;
513;1;1413;广福桥北街;
513;1;3236;高竹林;
513;1;3237;三环路内圈高竹林上匝道;
513;1;2159;耿家巷;
513;1;1446;龙王庙正街;
513;1;2155;红石柱横街;
513;1;2181;鼓楼北二街;
513;1;913;忠烈祠西街;
513;1;2182;梓潼街;
513;1;2183;鼓楼北三街;
513;1;1298;鼓楼北四街;
513;1;2184;玉泉街;
513;1;2180;梵音寺街;
513;1;2179;鼓楼洞街;
513;1;2178;大墙西街;
513;1;2177;鼓楼南街;
513;1;2172;拐枣树街;
513;1;303;光华村街;
513;1;1419;家园南街;
513;1;3953;南熏大道;
513;1;3150;同兴东路;
513;1;2491;林泉南街;
513;1;1424;土龙路;
513;1;3795;光耀三路;
513;1;3954;老马堰;
513;1;3702;培风路;
513;1;3335;光荣北路;
513;1;3336;光荣路;
513;1;3334;为民路;
513;1;317;燃灯寺路;
513;1;3833;桂溪路;
513;1;3854;红光村;
513;1;2284;郭家桥北街;
513;1;2296;科华街;
513;1;2283;郭家桥正街;
513;1;2282;望江路;
513;1;2305;国学巷;
513;1;2304;黉门街;
513;1;3326;果盛路;
513;1;3369;三环路内圈果盛路上匝道;
513;1;1569;海椒市街;
513;1;2138;得胜上街;
513;1;3246;海桐街;
513;1;3247;三环路内圈海桐街上匝道;
513;1;1717;桐梓林北路;
513;1;2989;航天路;
513;1;3631;航天路三环路外圈上匝道;
513;1;2426;合作路;
513;1;2429;合作路至南北大道;
513;1;3829;和硕东街;
513;1;3830;天益街;
513;1;3828;和硕西街;
513;1;2937;剑南大道北段;
513;1;3377;万象北路;
513;1;1042;恒山北街;
513;1;2419;上街;
513;1;3703;国宁街;
513;1;2418;恒山南街;
513;1;2417;西区大道;
513;1;2500;红花北路;
513;1;1533;红花东路;
513;1;2199;红花南路;
513;1;2200;田家巷;
513;1;3819;红牌楼路;
513;1;3929;武侯大道;
513;1;2157;镋钯街;
513;1;1445;王家坝街;
513;1;1439;庆云西街;
513;1;333;红照壁街;
513;1;334;上南大街;
513;1;3866;宏济上路;
513;1;3342;宏济中路;
513;1;2144;宏济新路;
513;1;3704;新桂村四五街;
513;1;2145;一心桥南街;
513;1;396;浆洗街;
513;1;3113;成都绕城高速公路内圈沪蓉高速公路入口匝道;
513;1;3114;成都绕城高速公路外圈沪蓉高速公路入口匝道;
513;1;3115;三环路外圈沪蓉高速公路入口匝道;
513;1;3102;成都绕城高速公路外圈沪蓉高速公路北入口匝道;
513;1;3116;沪蓉高速公路成都段;
513;1;2128;桂竹路;
513;1;2125;停车区;
513;1;1186;成都服务区;
513;1;3117;义和收费站;
513;1;4117;大堰村;
513;1;2126;云石路;
513;1;1191;淮白路;
513;1;1192;淮口服务区;
513;1;4003;金乐路;
513;1;436;石灰街;
513;1;2366;花照壁上横街;
513;1;2356;银沙西街;
513;1;3160;长久一巷;
513;1;3554;龙港路;
513;1;3849;双龙路;
513;1;3517;华新下街;
513;1;3895;华阳大道;
513;1;2169;华兴上街;
513;1;722;暑袜北二街;
513;1;3840;华兴正街;
513;1;3955;华新路桥;
513;1;3957;锦江路;
513;1;3958;安公路;
513;1;3518;华新中街;
513;1;350;正北上街;
513;1;3956;广都中街;
513;1;360;槐树街;
513;1;361;三洞桥路;
513;1;1474;中同仁路;
513;1;1671;浣花北路;
513;1;539;青羊上街;
513;1;3303;皇经楼路;
513;1;3385;三环路外圈皇经楼路上匝道;
513;1;2903;黄金路;
513;1;1934;黄苑东街;
513;1;1844;同和路;
513;1;2338;同育街;
513;1;2349;黄苑街;
513;1;2348;黄忠路;
513;1;2346;金凤路;
513;1;3947;汇泉北路;
513;1;3834;汇泉南路;
513;1;3876;汇泉西路;
513;1;3877;通宝街西;
513;1;3878;四川大进汽车有限公司;
513;1;3523;佛圣庵;
513;1;1486;紫瑞大道;
513;1;2224;桐梓林路;
513;1;2503;双流国际机场新候机楼;
513;1;1490;机场路常乐一段;
513;1;2731;机场高速公路东侧;
513;1;2732;成都绕城高速公路外圈机场高速公路东侧入口匝道;
513;1;3041;机场高速公路西;
513;1;3417;成都绕城高速公路内圈机场高速公路西入口匝道;
513;1;3959;长江路;
513;1;3520;成都邮区中心局邮件处理中心;
513;1;3960;机场路辅路;
513;1;1506;秀苑路;
513;1;1509;双建路;
513;1;1510;圣灯路;
513;1;3337;建设南新路;
513;1;3961;剑南大道;
513;1;3799;天府四街;
513;1;2239;景明路;
513;1;3718;锦城大道;
513;1;391;安蓉路;
513;1;2287;江天路;
513;1;2286;丝管路;
513;1;2190;酱园公所街;
513;1;2189;白云寺街;
513;1;2864;三环路内圈交大路上匝道;
513;1;1524;银河路;
513;1;1525;星河路;
513;1;3826;交子北一路;
513;1;2221;万象南路;
513;1;3825;交子南一路;
513;1;407;驷马桥路;
513;1;1529;张家巷;
513;1;1532;平福路;
513;1;2197;解放西路;
513;1;50;北站东二路;
513;1;3855;互助公寓;
513;1;409;文翁路;
513;1;2353;金房苑东路;
513;1;2352;金房苑南路;
513;1;3801;花照壁东街;
513;1;96;金房苑西路;
513;1;3764;三环路内圈新金丰高架入口匝道;
513;1;3768;金丰高架西侧;
513;1;3767;三环路外圈金丰高架西侧入口匝道;
513;1;555;清江西路;
513;1;2347;金阳路;
513;1;1668;金沙遗址路;
513;1;416;蜀龙大道中段;
513;1;950;金辉路;
513;1;4097;三环路外圈金辉路上匝道;
513;1;2411;新业路;
513;1;1477;蜀鑫路;
513;1;1549;金科中路;
513;1;951;金科南路;
513;1;3178;金科南二路;
513;1;2420;金科西路;
513;1;2327;金罗路;
513;1;4013;三环路金牛坝路上匝道;
513;1;3359;三环路外圈金牛坝路上匝道;
513;1;2328;抚琴街;
513;1;3762;金瑞路;
513;1;4009;三环路外圈金瑞路上匝道;
513;1;2083;金沙路;
513;1;2358;蜀金路;
513;1;2950;金石路;
513;1;3271;三环路外圈金石路上匝道;
513;1;3884;武科西四路;
513;1;435;金仙桥路;
513;1;437;西体路;
513;1;3742;三环路内圈金阳路上匝道;
513;1;3812;蜀辉路;
513;1;2329;金鱼街;
513;1;1568;宏济东路;
513;1;2397;凉井二路;
513;1;3962;临港路;
513;1;3905;学府路;
513;1;1572;经天路;
513;1;1573;晨辉东路;
513;1;1574;晨辉路;
513;1;3712;锦沙路;
513;1;446;萃锦东路;
513;1;1577;东怡街;
513;1;1578;东光街;
513;1;1579;北顺街;
513;1;1841;幸福路西段;
513;1;450;锦里东路;
513;1;453;锦里西路;
513;1;454;琴台路;
513;1;455;小南街;
513;1;2359;锦西路;
513;1;2332;战旗东路;
513;1;2164;青石桥南街;
513;1;3803;锦绣大道;
513;1;665;迎晖路;
513;1;3125;静明路;
513;1;3716;锦悦东路;
513;1;462;晋阳路;
513;1;4092;三环路内圈晋阳路入口匝道;
513;1;3886;武阳大道;
513;1;1590;金雁路;
513;1;3119;成都绕城高速公路内圈京昆高速公路入口匝道;
513;1;3120;成都绕城高速公路外圈京昆高速公路入口匝道;
513;1;3106;成都绕城高速公路外圈京昆高速公路东入口匝道;
513;1;3097;成都绕城高速公路内圈京昆高速公路西入口匝道;
513;1;2139;经华南路;
513;1;2140;大田坎街;
513;1;3055;经天中路;
513;1;3056;三环路内圈经天中路上匝道;
513;1;3239;荆竹坝;
513;1;3240;三环路内圈荆竹坝上匝道;
513;1;2238;盛和三路;
513;1;1593;糍粑店街;
513;1;3134;静康路;
513;1;469;静宁路;
513;1;3964;龙兴大道;
513;1;3723;菱窠路;
513;1;2815;航天立交;
513;1;3126;航天立交由静明路方向至三环路方向入口匝道;
513;1;3127;三环路静明路入口匝道;
513;1;3128;三环路内圈静明路入口匝道;
513;1;3129;三环路外圈静明路入口匝道;
513;1;475;龙舟路;
513;1;3357;九峰花园;
513;1;3358;三环路内圈九峰花园方向上匝道;
513;1;2208;九里堤北路;
513;1;2207;群星路;
513;1;2209;九里堤西路;
513;1;3190;新泉路;
513;1;3888;九里堤东路;
513;1;2213;星汉路;
513;1;2206;九里堤中路;
513;1;3760;万兴路;
513;1;2019;君平街;
513;1;2319;横陕西街;
513;1;906;均隆街;
513;1;4062;科创路;
513;1;4063;三环路内圈科创路上匝道;
513;1;2947;三环路内圈科华南路上匝道;
513;1;4064;三环路外圈科华南路上匝道;
513;1;1611;天仁北二街;
513;1;3871;科新路;
513;1;3966;犀浦镇立交桥;
513;1;2928;科园南路;
513;1;2929;三环路内圈科园南路上匝道;
513;1;2399;老簇马路;
513;1;2308;老马路;
513;1;3732;丝竹路;
513;1;1722;梨花街;
513;1;3726;丽锦街;
513;1;3692;世纪城路;
513;1;2173;帘官公所街;
513;1;2174;方正街;
513;1;1635;莲桂南路;
513;1;1894;莲桂西路;
513;1;3796;莲花北路;
513;1;3343;莲花西路;
513;1;3731;簇马路二段;
513;1;1713;林荫街;
513;1;2297;旅游村街;
513;1;3686;西航港大道一段;
513;1;3968;临港路至成双公路;
513;1;2289;临江西路;
513;1;2290;南浦东路;
513;1;2288;临江中路;
513;1;492;领事馆路;
513;1;460;成科路;
513;1;2868;柳家碾;
513;1;2869;三环路内圈柳家碾方向上匝道;
513;1;3561;三环路外圈龙港路入口匝道;
513;1;3735;十二中街;
513;1;2887;龙咀村;
513;1;2889;三环路内圈龙咀村方向上匝道;
513;1;501;龙腾东路;
513;1;502;龙欣路;
513;1;504;龙腾西路;
513;1;506;龙华北路;
513;1;507;龙腾中路;
513;1;1981;龙祥路;
513;1;2511;大华街;
513;1;930;三官堂街;
513;1;4049;卢家大院;
513;1;4050;卢家大院三环路内圈上匝道;
513;1;1980;鹭岛路;
513;1;2260;龙华南路;
513;1;2330;石人南路;
513;1;510;锣锅巷;
513;1;514;马鞍东路;
513;1;516;马鞍南路;
513;1;517;星辉中滨河路;
513;1;2196;马鞍西路;
513;1;2195;恒德路;
513;1;3737;马超东路;
513;1;3971;绕城大道南一段;
513;1;2441;马超西路;
513;1;2524;马镇街;
513;1;2193;石马巷;
513;1;2192;蓥华寺街;
513;1;3567;岷江路;
513;1;3568;三环路内圈岷江路入口匝道;
513;1;3569;三环路外圈岷江路入口匝道;
513;1;3831;名都路;
513;1;2292;南浦中路;
513;1;4115;凉水井街;
513;1;2291;染靛街;
513;1;2293;南浦西路;
513;1;735;通祠路;
513;1;2527;南纱帽街;
513;1;2525;东锦江街;
513;1;2298;胜利新村;
513;1;525;倪家桥路;
513;1;528;宁夏街;
513;1;2981;农平路;
513;1;3394;三环路外圈农平路上匝道;
513;1;3993;培风东路;
513;1;4093;三环路外圈培风东路入口匝道;
513;1;3973;苏坡西路;
513;1;738;通惠门路;
513;1;3243;青冈林;
513;1;3244;三环路内圈青冈林下匝道;
513;1;540;青龙街;
513;1;1659;青龙巷;
513;1;2838;青龙路;
513;1;3401;三环路内圈青龙路上匝道;
513;1;2836;青狮路;
513;1;2837;三环路外圈青狮路上匝道;
513;1;3741;学道街;
513;1;3440;东丁字街;
513;1;3740;向阳街;
513;1;3739;青石桥中街;
513;1;2362;青羊东一路;
513;1;3353;青羊东二路;
513;1;545;同济街;
513;1;1662;上城成都花园;
513;1;1666;清江中路;
513;1;1667;双锦路;
513;1;794;枣子巷;
513;1;3974;浣花溪桥;
513;1;3575;青衣江路;
513;1;3577;三环路外圈青衣江路入口匝道;
513;1;3573;邛崃山路;
513;1;4100;清波路;
513;1;4099;三环路外圈清波路上匝道;
513;1;1683;双清南路;
513;1;2334;清溪西路;
513;1;2333;双清中路;
513;1;2258;情融路;
513;1;2257;置信路;
513;1;3743;庆云北街;
513;1;2162;庆云南街;
513;1;4058;三环路内圈邛崃山路入口匝道;
513;1;3444;泉水路;
513;1;4016;三环路外圈泉水路上匝道;
513;1;1926;倒桑树街;
513;1;4113;绕城大道东一段;
513;1;3963;蜀龙大道;
513;1;3745;星辉西滨河路;
513;1;1704;星辉西路;
513;1;1705;成华街;
513;1;1701;肖家村三巷;
513;1;1730;文殊院街;
513;1;3977;大丰镇立交;
513;1;1199;南丰大道;
513;1;4123;皇花街;
513;1;1202;文化街;
513;1;1203;华美街;
513;1;1204;华美路;
513;1;3980;蓉北路东侧;
513;1;3981;成都绕城高速公路内圈蓉北路东侧入口匝道;
513;1;3978;蓉北路西侧;
513;1;3979;成都绕城高速公路内圈蓉北路西侧入口匝道;
513;1;3982;三环路内圈蓉北商贸大道上匝道;
513;1;3983;玉局庵西路;
513;1;1748;赛云台东一路;
513;1;3746;福宁路;
513;1;1742;沙河源东路;
513;1;3580;成都绕城高速公路内圈蓉都大道入口匝道;
513;1;3581;成都绕城高速公路外圈蓉都大道入口匝道;
513;1;3587;成都绕城高速公路蓉都大道东侧入口匝道;
513;1;3588;成都绕城高速公路北蓉都大道东侧出口匝道;
513;1;3589;成都绕城高速公路南蓉都大道东侧入口匝道;
513;1;3594;蓉都大道东侧;
513;1;3593;成都绕城高速公路外圈匝道蓉都大道东侧匝道入口匝道;
513;1;3590;成都绕城高速公路中蓉都大道东侧入口匝道;
513;1;3592;成都绕城高速公路内圈匝道蓉都大道东侧匝道入口匝道;
513;1;3596;成都绕城高速公路外圈蓉都大道西入口匝道;
513;1;2597;成都绕城高速公路蓉都大道西侧入口匝道;
513;1;2598;成都绕城高速公路北蓉都大道西侧入口匝道;
513;1;3597;成都绕城高速公路南蓉都大道西侧出口匝道;
513;1;3598;成都绕城高速公路中蓉都大道西侧入口匝道;
513;1;3599;成都绕城高速公路内圈匝道蓉都大道西侧匝道入口匝道;
513;1;3601;成都绕城高速公路外圈匝道蓉都大道西侧匝道入口匝道;
513;1;2908;三环路内圈瑞联路上匝道;
513;1;1757;瑞星路;
513;1;1758;瑞南街;
513;1;2535;花径路;
513;1;3258;三道拐;
513;1;3259;三环路内圈三道拐方向上匝道;
513;1;1763;河滨路;
513;1;631;三环辅路;
513;1;982;北三环辅路;
513;1;985;东三环辅路;
513;1;3228;厦蓉高速公路;
513;1;988;南三环辅路;
513;1;991;西三环辅路;
513;1;3984;万盛路;
513;1;1791;苏坡东路;
513;1;1792;蜀汉路;
513;1;994;三环路北段;
513;1;997;三环路东段;
513;1;1000;三环路南段;
513;1;1003;三环路西段;
513;1;4055;三环路东洪路下匝道;
513;1;3571;三环路内圈安宁河路出口匝道;
513;1;4018;三环路内圈北新干道下匝道;
513;1;4040;三环路内圈成华大道出口匝道;
513;1;4042;成华大道北;
513;1;4041;三环路内圈成华大道北出口匝道;
513;1;4044;成华大道中;
513;1;4043;三环路内圈成华大道中出口匝道;
513;1;4051;三环路内圈成洛大道下匝道;
513;1;3363;三环路内圈东坡路出口匝道;
513;1;3327;三环路内圈果盛路下匝道;
513;1;3323;三环路内圈海桐街下匝道;
513;1;3362;三环路内圈黄苑街下匝道;
513;1;2874;三环路内圈交大路下匝道;
513;1;3766;三环路内圈金丰高架出口匝道;
513;1;3618;金鹏街;
513;1;3619;三环路内圈金鹏街下匝道;
513;1;3229;三环路内圈晋阳路下匝道;
513;1;4061;三环路内圈科创路下匝道;
513;1;2949;三环路内圈科华南路下匝道;
513;1;2932;三环路内圈科园南路下匝道;
513;1;3374;科园南一路;
513;1;3375;三环路内圈科园南一路下匝道;
513;1;3005;蓝光观岭国际社区;
513;1;3006;三环路内圈蓝光观岭国际社区出口匝道;
513;1;3188;琉三路;
513;1;3189;三环路内圈琉三路下匝道;
513;1;3406;青冈包;
513;1;3407;三环路内圈青冈包方向下匝道;
513;1;2839;三环路内圈青龙路下匝道;
513;1;4053;三环路内圈青衣江路下匝道;
513;1;3408;三环路内圈泉水东路下匝道;
513;1;4017;三环路内圈蓉北商贸大道下匝道;
513;1;4022;三环路内圈蓉都大道出口匝道;
513;1;3391;三环路内圈三道拐方向下匝道;
513;1;2771;三环路内圈蜀汉路出口匝道;
513;1;3714;蜀龙路;
513;1;4028;三环路内圈蜀龙路下匝道;
513;1;2780;三环路内圈苏坡东路出口匝道;
513;1;4096;三环路内圈苏坡西路出口匝道;
513;1;4066;三环路内圈天府大道出口匝道;
513;1;4067;天府大道东侧;
513;1;4075;三环路内圈天府大道东侧出口匝道;
513;1;4069;天府大道西侧;
513;1;4068;三环路内圈天府大道西侧出口匝道;
513;1;4015;万贯机电城方向;
513;1;2879;三环路内圈万贯机电城方向下匝道;
513;1;3461;王家坟坝;
513;1;3462;三环路内圈王家坟坝方向下匝道;
513;1;4088;三环路内圈武侯大道出口匝道;
513;1;3203;谢家金竹林;
513;1;3204;三环路内圈谢家金竹林方向下匝道;
513;1;3696;三环路内圈驿都大道出口匝道;
513;1;4076;三环路内圈益州大道下匝道;
513;1;3620;育仁西路;
513;1;3621;三环路内圈育仁西路下匝道;
513;1;3572;三环路外圈安宁河路出口匝道;
513;1;4084;三环路外圈百草园小学下匝道;
513;1;4021;三环路外圈北新大道下匝道;
513;1;3392;陈家房子;
513;1;3393;三环路外圈陈家房子方向下匝道;
513;1;4036;三环路外圈成华大道出口匝道;
513;1;4039;成华大道北侧;
513;1;4038;三环路外圈成华大道北侧出口匝道;
513;1;4037;三环路外圈成金青快速通道出口匝道;
513;1;2976;三环路外圈成洛大道下匝道;
513;1;4048;三环路外圈成致路下匝道;
513;1;3319;三环路外圈东洪路下匝道;
513;1;4026;三环路外圈东荆路下匝道;
513;1;4094;三环路外圈光华大道下匝道;
513;1;2990;三环路外圈航天路下匝道;
513;1;3264;三环路外圈沪蓉高速公路南出口匝道;
513;1;3355;欢乐谷;
513;1;3356;三环路外圈欢乐谷方向下匝道;
513;1;3051;皇经楼西路;
513;1;3052;三环路外圈皇经楼西路下匝道;
513;1;3765;三环路外圈金丰高架出口匝道;
513;1;4098;三环路外圈金辉路下匝道;
513;1;3261;金辉路出口;
513;1;3260;三环路外圈金辉路出口下匝道;
513;1;2876;三环路外圈金牛坝路下匝道;
513;1;4011;三环路外圈金瑞路下匝道;
513;1;4060;锦江区委党校;
513;1;4059;三环路外圈锦江区委党校下匝道;
513;1;3267;三环路外圈静明路出口匝道;
513;1;4065;三环路外圈科华南路下匝道;
513;1;3555;三环路外圈龙港路出口匝道;
513;1;3301;马道子;
513;1;3302;三环路外圈马道子方向下匝道;
513;1;3637;三环路外圈农平路下匝道;
513;1;3400;三环路外圈青狮路下匝道;
513;1;3574;三环路外圈邛崃山路出口匝道;
513;1;3382;三色路;
513;1;3383;三环路外圈三色路下匝道;
513;1;3219;三圣乡;
513;1;3221;三环路外圈三圣乡方向下匝道;
513;1;2853;深沟边;
513;1;2854;三环路外圈深沟边方向下匝道;
513;1;3625;狮子庵;
513;1;3626;三环路外圈狮子庵下匝道;
513;1;4029;三环路外圈蜀龙路下匝道;
513;1;2933;双流机场;
513;1;2934;三环路外圈双流机场下匝道;
513;1;2779;三环路外圈苏坡东路出口匝道;
513;1;4095;三环路外圈苏坡西路出口匝道;
513;1;4083;太平园西路;
513;1;4082;三环路外圈太平园西路下匝道;
513;1;4073;三环路外圈天府大道出口匝道;
513;1;3565;万科路;
513;1;3566;三环路外圈万科路出口匝道;
513;1;3378;三环路外圈万象北路下匝道;
513;1;4087;三环路外圈武侯大道出口匝道;
513;1;3367;武青东四路;
513;1;3368;三环路外圈武青东四路下匝道;
513;1;3661;西华大道;
513;1;3660;三环路外圈西华大道下匝道;
513;1;3266;三环路外圈厦蓉高速公路下匝道;
513;1;2930;新雅正街;
513;1;2931;三环路外圈新雅正街下匝道;
513;1;4078;三环路外圈益州大道下匝道;
513;1;3366;三环路外圈永康路出口匝道;
513;1;3697;三环路外圈昭觉寺南路出口匝道;
513;1;3372;朱家祠;
513;1;3373;三环路外圈朱家祠方向下匝道;
513;1;3749;沙西线;
513;1;638;老虎林;
513;1;3750;候罗路;
513;1;3298;犀安路;
513;1;1822;何家碾;
513;1;3299;靖源上街;
513;1;1824;弥陀寺;
513;1;2320;陕西街;
513;1;643;文庙后街;
513;1;2494;上沙河铺街;
513;1;3751;下沙河铺街;
513;1;2324;上同仁路;
513;1;2259;少陵路;
513;1;2242;神仙树北路;
513;1;2241;紫荆西路;
513;1;2240;神仙树南路;
513;1;3752;胜利村;
513;1;2223;盛和一路;
513;1;2268;天仁路;
513;1;2230;盛隆街;
513;1;3404;狮子碾;
513;1;3405;三环路外圈狮子碾方向上匝道;
513;1;2176;小关庙街;
513;1;2300;十七街;
513;1;3284;石店子;
513;1;3285;三环路外圈石店子方向上匝道;
513;1;2331;石人东路;
513;1;2360;石人西路;
513;1;3387;石柱堰;
513;1;3388;三环路外圈石柱堰方向上匝道;
513;1;790;实业街;
513;1;789;西安北路;
513;1;418;下同仁路;
513;1;1275;书院南街;
513;1;2515;福字街;
513;1;2514;书院西街;
513;1;2516;惜字宫南街;
513;1;3755;总府街;
513;1;2168;暑袜北三街;
513;1;2170;暑袜北一街;
513;1;2165;暑袜南街;
513;1;3985;春熙路;
513;1;2167;暑袜中街;
513;1;1835;西安南路;
513;1;921;北新街;
513;1;1318;东风路北一巷;
513;1;3307;育秀路;
513;1;2350;蜀兴西街;
513;1;2773;三环路内圈蜀汉路入口匝道;
513;1;3806;江陵路;
513;1;3715;绕城大道;
513;1;4027;三环路外圈蜀龙路上匝道;
513;1;2344;蜀蓉路;
513;1;2342;营康西路;
513;1;2341;蜀兴中街;
513;1;2340;蜀通街;
513;1;661;新川路;
513;1;2365;蜀兴东街;
513;1;859;一品天下大街;
513;1;3836;双成二路;
513;1;3837;双福二路;
513;1;3857;云祥公寓;
513;1;2384;雷家湾;
513;1;2385;坛神庙;
513;1;3756;双黄路;
513;1;3987;元华路;
513;1;3989;双华路至大件路;
513;1;2149;水碾河南街;
513;1;1853;蜀祖路;
513;1;1854;双沙路;
513;1;1855;双水碾街;
513;1;2141;双林北横路;
513;1;2142;双林北支路;
513;1;3338;新鸿南路;
513;1;1860;双林中横路;
513;1;1863;双楠街;
513;1;2335;双清北路;
513;1;2336;同善桥南街;
513;1;1866;永平路;
513;1;2517;双新南路;
513;1;2532;双栅子街;
513;1;2530;布后街;
513;1;2148;一心桥街;
513;1;322;总府路;
513;1;1889;古中市街;
513;1;1891;东打铜街;
513;1;3841;四圣祠北街;
513;1;3990;驷马桥;
513;1;3976;三环路内圈苏坡东路入口匝道;
513;1;2777;三环路外圈苏坡东路入口匝道;
513;1;4103;苏坡立交;
513;1;4112;太平南新街;
513;1;717;太升南路;
513;1;1908;忠烈祠东街;
513;1;3389;天鹅村;
513;1;3390;三环路外圈天鹅村方向上匝道;
513;1;723;天丰路;
513;1;4071;三环路内圈天府大道入口匝道;
513;1;4074;三环路外圈天府大道入口匝道;
513;1;4070;三环路内圈天府大道东侧入口匝道;
513;1;3991;天府大道辅路;
513;1;1260;天顺北街;
513;1;4072;三环路外圈天府大道西侧入口匝道;
513;1;3753;昆华路;
513;1;807;西芯大道;
513;1;3827;天晖路;
513;1;3832;天顺路;
513;1;729;天仙桥北路;
513;1;2152;天祥街;
513;1;892;玉双路;
513;1;2339;同善街;
513;1;2361;同盛路;
513;1;3757;同友路;
513;1;3452;同德街;
513;1;2244;紫竹北街;
513;1;2226;桐梓林东路;
513;1;2225;桐梓林南路;
513;1;747;万和路;
513;1;4054;三环路外圈万科路入口匝道;
513;1;3667;积步街;
513;1;4024;汪家院子;
513;1;4023;三环路外圈汪家院子上匝道;
513;1;1046;望丛东路;
513;1;3758;成灌东路;
513;1;2151;望平街;
513;1;3992;金马街;
513;1;1939;文庙前街;
513;1;2935;沃顿公园;
513;1;2936;三环路外圈沃顿公园方向上匝道;
513;1;1947;西北桥河边街;
513;1;1948;白马寺街;
513;1;2345;五里墩路;
513;1;2188;五岳宫街;
513;1;761;望平滨河路;
513;1;1956;武侯祠东街;
513;1;2252;洗面桥横街;
513;1;2251;武侯祠横街;
513;1;4089;三环路内圈武侯大道入口匝道;
513;1;4091;三环路外圈武侯大道入口匝道;
513;1;3709;武青南路;
513;1;3296;武科东四路;
513;1;3297;三环路外圈武科东四路上匝道;
513;1;680;机九路;
513;1;685;武科东三路;
513;1;686;武青东三路;
513;1;2685;成都绕城高速公路内圈武兴路入口匝道;
513;1;2687;成都绕城高速公路内圈中;
513;1;2688;成都绕城高速公路内圈中武兴路入口匝道;
513;1;2677;成都绕城高速公路外圈武兴路入口匝道;
513;1;2680;成都绕城高速公路外圈中;
513;1;2681;成都绕城高速公路外圈中武兴路入口匝道;
513;1;2540;金江路;
513;1;2682;成都绕城高速公路内圈东;
513;1;3014;成都绕城高速公路内圈东武兴路北侧入口匝道;
513;1;2678;成都绕城高速公路外圈西;
513;1;3011;成都绕城高速公路外圈西武兴路北侧出口匝道;
513;1;2717;成都绕城高速公路内圈匝道武兴路北侧匝道入口匝道;
513;1;2722;成都绕城高速公路外圈匝道武兴路北侧匝道入口匝道;
513;1;3024;成都绕城高速公路外圈武兴路东侧入口匝道;
513;1;2696;武兴路南侧;
513;1;3013;成都绕城高速公路内圈东武兴路南侧出口匝道;
513;1;3012;成都绕城高速公路外圈西武兴路南侧入口匝道;
513;1;2720;成都绕城高速公路内圈匝道武兴路南侧匝道入口匝道;
513;1;2714;成都绕城高速公路外圈匝道武兴路南侧匝道入口匝道;
513;1;3030;成都绕城高速公路内圈武兴路西侧入口匝道;
513;1;3017;武兴路西侧北;
513;1;3029;成都绕城高速公路内圈武兴路西侧北入口匝道;
513;1;3761;栖霞路;
513;1;2543;西大街（郫县）;
513;1;2542;西大街（青羊区）;
513;1;2321;西沟头巷;
513;1;3802;三环路外圈西华大道上匝道;
513;1;4014;三环路西华大道上匝道;
513;1;1565;金青路;
513;1;801;西华门街;
513;1;1992;西御河沿街;
513;1;3354;西青路;
513;1;1997;迪康大道;
513;1;2412;西源大道;
513;1;3994;芙蓉大道;
513;1;2413;新达路;
513;1;819;西月城街;
513;1;2318;洗面桥东二街;
513;1;822;洗面桥街;
513;1;2009;洗面桥东一街;
513;1;2158;下莲池街;
513;1;907;中南大街;
513;1;3124;厦蓉高速公路成都段;
513;1;2122;金龙山庄南路;
513;1;1234;服务区;
513;1;1242;高洞水果市场停车区;
513;1;3532;湖滨路;
513;1;2452;香城大道;
513;1;2191;小关庙后街;
513;1;2246;小天东街;
513;1;3351;肖家河北街;
513;1;3763;兴蓉路;
513;1;3350;肖家河街;
513;1;837;肖家河沿街;
513;1;3395;三环路内圈谢家金竹林方向上匝道;
513;1;845;桂红路;
513;1;576;新光华街;
513;1;394;灯笼街;
513;1;1518;千祥街;
513;1;2097;七家巷;
513;1;3748;猛追湾滨河路;
513;1;2186;正通顺街;
513;1;3183;竹园大道;
513;1;2194;星辉中路;
513;1;4086;星狮路;
513;1;4085;三环路内圈星狮路上匝道;
513;1;2311;烟袋巷;
513;1;2310;西丁字街;
513;1;1710;盐道街;
513;1;2309;指挥街;
513;1;3172;一杆旗北街;
513;1;3771;一杆旗东街;
513;1;3995;一杆旗南街;
513;1;3996;棠中路;
513;1;3816;银沙巷;
513;1;3772;一心桥横街;
513;1;3809;东四街;
513;1;3695;三环路驿都大道入口匝道;
513;1;3608;三环路内圈驿都大道入口匝道;
513;1;3609;三环路外圈驿都大道入口匝道;
513;1;4077;三环路内圈益州大道上匝道;
513;1;4079;三环路外圈益州大道上匝道;
513;1;3773;天府二街;
513;1;2255;逸都路;
513;1;2254;云霞路;
513;1;2357;银河北街;
513;1;3774;银沙北街;
513;1;3333;银沙路;
513;1;4020;拥军路;
513;1;4019;三环路外圈拥军路上匝道;
513;1;3074;三环路外圈永康路上匝道;
513;1;1126;金兴北路;
513;1;3885;永顺路;
513;1;2228;玉林东路;
513;1;2245;玉林中路;
513;1;3775;玉林街;
513;1;2227;玉林南街;
513;1;2351;育德路;
513;1;3813;育苗南路;
513;1;3814;育仁东路;
513;1;4010;三环路内圈育仁西路上匝道;
513;1;2256;云影路;
513;1;3873;运货大道;
513;1;4110;昭晖路;
513;1;898;昭觉寺横路;
513;1;2303;致民东路;
513;1;2301;致民路;
513;1;2302;十二北街;
513;1;2161;中纱帽街;
513;1;3084;濯锦南路;
513;1;3192;成都绕城高速公路濯锦南路入口匝道;
513;1;3193;成都绕城高速公路内圈濯锦南路入口匝道;
513;1;3194;成都绕城高速公路外圈濯锦南路入口匝道;
513;1;2163;梓潼桥正街;
513;1;2249;紫荆北路;
513;1;2263;紫荆东路;
