CID;TABCD;LCD;NEG_OFF_LCD;POS_OFF_LCD
513;23;1726;;1727
513;23;1727;1726;1728
513;23;1728;1727;1729
513;23;1729;1728;1730
513;23;1730;1729;
513;23;1285;;1286
513;23;1286;1285;1287
513;23;1287;1286;1288
513;23;1288;1287;
513;23;4026;;934
513;23;934;4026;935
513;23;935;934;4057
513;23;4057;935;936
513;23;936;4057;937
513;23;937;936;938
513;23;938;937;939
513;23;939;938;1696
513;23;1696;939;1697
513;23;1697;1696;1698
513;23;1698;1697;1699
513;23;1699;1698;
513;23;763;;764
513;23;764;763;765
513;23;765;764;
513;23;930;;4027
513;23;4027;930;
513;23;624;;623
513;23;623;624;
513;23;3826;;3827
513;23;3827;3826;
513;23;1295;;1296
513;23;1296;1295;1297
513;23;1297;1296;1298
513;23;1298;1297;1299
513;23;1299;1298;1300
513;23;1300;1299;1301
513;23;1301;1300;811
513;23;811;1301;812
513;23;812;811;
513;23;1302;;819
513;23;819;1302;1303
513;23;1303;819;432
513;23;432;1303;1304
513;23;1304;432;4205
513;23;4205;1304;1305
513;23;1305;4205;1306
513;23;1306;1305;1307
513;23;1307;1306;4108
513;23;4108;1307;1309
513;23;1309;4108;4059
513;23;4059;1309;4192
513;23;4192;4059;
513;23;1722;;1721
513;23;1721;1722;
513;23;1827;;1828
513;23;1828;1827;1829
513;23;1829;1828;
513;23;4070;;814
513;23;814;4070;815
513;23;815;814;
513;23;1291;;816
513;23;816;1291;1292
513;23;1292;816;817
513;23;817;1292;818
513;23;818;817;
513;23;1321;;1320
513;23;1320;1321;1319
513;23;1319;1320;
513;23;1710;;1711
513;23;1711;1710;
513;23;4449;;612
513;23;612;4449;1315
513;23;1315;612;
513;23;611;;610
513;23;610;611;609
513;23;609;610;
513;23;478;;479
513;23;479;478;480
513;23;480;479;481
513;23;481;480;
513;23;423;;422
513;23;422;423;421
513;23;421;422;420
513;23;420;421;419
513;23;419;420;1316
513;23;1316;419;
513;23;1701;;1702
513;23;1702;1701;
513;23;1704;;1705
513;23;1705;1704;
513;23;3739;;3740
513;23;3740;3739;3741
513;23;3741;3740;
513;23;1798;;1799
513;23;1799;1798;1800
513;23;1800;1799;1801
513;23;1801;1800;
513;23;1707;;1708
513;23;1708;1707;
513;23;203;2648;204
513;23;204;203;2647
513;23;2647;204;4471
513;23;4471;2647;205
513;23;205;4471;207
513;23;207;205;2649
513;23;2649;207;208
513;23;208;2649;250
513;23;250;208;210
513;23;210;250;2650
513;23;2650;210;249
513;23;249;2650;211
513;23;211;249;212
513;23;212;211;214
513;23;214;212;215
513;23;215;214;2648
513;23;2648;215;203
513;23;93;;86
513;23;86;93;156
513;23;156;86;94
513;23;94;156;95
513;23;95;94;
513;23;113;;114
513;23;114;113;115
513;23;115;114;116
513;23;116;115;117
513;23;117;116;118
513;23;118;117;119
513;23;119;118;120
513;23;120;119;121
513;23;121;120;157
513;23;157;121;70
513;23;70;157;122
513;23;122;70;69
513;23;69;122;128
513;23;128;69;139
513;23;139;128;68
513;23;68;139;
513;23;1055;1083;1056
513;23;1056;1055;1057
513;23;1057;1056;1058
513;23;1058;1057;1059
513;23;1059;1058;1060
513;23;1060;1059;1061
513;23;1061;1060;1062
513;23;1062;1061;1063
513;23;1063;1062;1064
513;23;1064;1063;1065
513;23;1065;1064;1066
513;23;1066;1065;1067
513;23;1067;1066;1068
513;23;1068;1067;1069
513;23;1069;1068;1070
513;23;1070;1069;1071
513;23;1071;1070;1072
513;23;1072;1071;1073
513;23;1073;1072;1074
513;23;1074;1073;1259
513;23;1259;1074;1075
513;23;1075;1259;1076
513;23;1076;1075;1077
513;23;1077;1076;1078
513;23;1078;1077;1079
513;23;1079;1078;1080
513;23;1080;1079;1081
513;23;1081;1080;1082
513;23;1082;1081;1083
513;23;1083;1082;1055
513;23;3845;;3846
513;23;3846;3845;1622
513;23;1622;3846;1623
513;23;1623;1622;1624
513;23;1624;1623;1625
513;23;1625;1624;1626
513;23;1626;1625;
513;23;4079;;1627
513;23;1627;4079;1628
513;23;1628;1627;4080
513;23;4080;1628;
513;23;4024;;4025
513;23;4025;4024;
513;23;982;;983
513;23;983;982;4060
513;23;4060;983;986
513;23;986;4060;4061
513;23;4061;986;4062
513;23;4062;4061;
513;23;3836;;3837
513;23;3837;3836;
513;23;3839;;3840
513;23;3840;3839;1631
513;23;1631;3840;1632
513;23;1632;1631;1637
513;23;1637;1632;1638
513;23;1638;1637;1643
513;23;1643;1638;840
513;23;840;1643;841
513;23;841;840;844
513;23;844;841;845
513;23;845;844;4064
513;23;4064;845;846
513;23;846;4064;847
513;23;847;846;848
513;23;848;847;
513;23;3833;;3834
513;23;3834;3833;
513;23;4067;;1508
513;23;1508;4067;
513;23;2001;;2002
513;23;2002;2001;
513;23;914;;915
513;23;915;914;
513;23;1824;;1825
513;23;1825;1824;
513;23;150;;143
513;23;143;150;144
513;23;144;143;145
513;23;145;144;158
513;23;158;145;146
513;23;146;158;147
513;23;147;146;
513;23;3457;;3458
513;23;3458;3457;
513;23;2207;;2208
513;23;2208;2207;2209
513;23;2209;2208;
513;23;1656;;1657
513;23;1657;1656;1658
513;23;1658;1657;
513;23;1653;;1654
513;23;1654;1653;3781
513;23;3781;1654;3782
513;23;3782;3781;
513;23;3820;;3821
513;23;3821;3820;
513;23;1650;;1651
513;23;1651;1650;3780
513;23;3780;1651;
513;23;2704;;
513;23;788;;787
513;23;787;788;786
513;23;786;787;
513;23;2012;;2013
513;23;2013;2012;2014
513;23;2014;2013;1004
513;23;1004;2014;
513;23;522;;521
513;23;521;522;
513;23;1670;;1718
513;23;1718;1670;1717
513;23;1717;1718;1671
513;23;1671;1717;
513;23;2638;;
513;23;2642;;
513;23;1977;;1978
513;23;1978;1977;
513;23;1413;;1414
513;23;1414;1413;
513;23;3902;;1661
513;23;1661;3902;1662
513;23;1662;1661;
513;23;1667;;1668
513;23;1668;1667;
513;23;1660;;3904
513;23;3904;1660;
513;23;3759;;3760
513;23;3760;3759;4207
513;23;4207;3760;4208
513;23;4208;4207;
513;23;2684;;
513;23;3314;;4195
513;23;4195;3314;
513;23;3429;;3430
513;23;3430;3429;
513;23;2668;;
513;23;2608;;
513;23;3979;;3980
513;23;3980;3979;
513;23;2654;;
513;23;1921;;1922
513;23;1922;1921;
513;23;1205;;1204
513;23;1204;1205;
513;23;4460;;4461
513;23;4461;4460;
513;23;3892;;1850
513;23;1850;3892;
513;23;336;;
513;23;346;;
513;23;2362;;
513;23;2366;;
513;23;2364;;
513;23;957;;958
513;23;958;957;959
513;23;959;958;960
513;23;960;959;
513;23;348;;
513;23;354;;
513;23;350;;
513;23;352;;
513;23;368;;
513;23;374;;
513;23;344;;
513;23;358;;
513;23;360;;
513;23;364;;
513;23;362;;
513;23;382;;
513;23;376;;
513;23;2470;;
513;23;996;;1000
513;23;1000;996;3849
513;23;3849;1000;
513;23;1974;;1975
513;23;1975;1974;
513;23;942;;943
513;23;943;942;
513;23;1984;;1985
513;23;1985;1984;1986
513;23;1986;1985;
513;23;3915;;3916
513;23;3916;3915;3917
513;23;3917;3916;
513;23;621;;620
513;23;620;621;619
513;23;619;620;
513;23;627;;626
513;23;626;627;
513;23;1648;;1256
513;23;1256;1648;4032
513;23;4032;1256;4033
513;23;4033;4032;
513;23;3634;;3635
513;23;3635;3634;3636
513;23;3636;3635;
513;23;3632;;3633
513;23;3633;3632;4439
513;23;4439;3633;
513;23;4098;;1647
513;23;1647;4098;
513;23;910;;911
513;23;911;910;912
513;23;912;911;
513;23;3439;;3440
513;23;3440;3439;
513;23;4194;;3315
513;23;3315;4194;
513;23;1526;;1525
513;23;1525;1526;
513;23;3522;;3523
513;23;3523;3522;
513;23;807;;808
513;23;808;807;809
513;23;809;808;
513;23;1519;;1520
513;23;1520;1519;
513;23;1523;;1522
513;23;1522;1523;
513;23;3640;;4380
513;23;4380;3640;3641
513;23;3641;4380;
513;23;2211;;2212
513;23;2212;2211;
513;23;2044;;2045
513;23;2045;2044;
513;23;1219;;1218
513;23;1218;1219;1217
513;23;1217;1218;
513;23;1212;;1211
513;23;1211;1212;1210
513;23;1210;1211;
513;23;1215;;1214
513;23;1214;1215;
513;23;2188;;2189
513;23;2189;2188;
513;23;3813;;3814
513;23;3814;3813;3815
513;23;3815;3814;
513;23;3817;;3818
513;23;3818;3817;
513;23;356;;
513;23;366;;
513;23;2348;;
513;23;300;;
513;23;310;;
513;23;328;;
513;23;334;;
513;23;330;;
513;23;332;;
513;23;2762;;
513;23;2764;;
513;23;2742;;
513;23;2744;;
513;23;2782;;
513;23;262;;
513;23;264;;
513;23;268;;
513;23;266;;
513;23;2320;;
513;23;2322;;
513;23;2354;;
513;23;2336;;
513;23;2338;;
513;23;2340;;
513;23;386;;
513;23;388;;
513;23;272;;
513;23;278;;
513;23;274;;
513;23;276;;
513;23;2266;;
513;23;2278;;
513;23;2280;;
513;23;2282;;
513;23;2758;;
513;23;370;;
513;23;380;;
513;23;312;;
513;23;324;;
513;23;2310;;
513;23;2300;;
513;23;286;;
513;23;338;;
513;23;340;;
513;23;342;;
513;23;392;;
513;23;394;;
513;23;396;;
513;23;2760;;
513;23;2746;;
513;23;252;;
513;23;254;;
513;23;256;;
513;23;2314;;
513;23;2316;;
513;23;2346;;
513;23;2326;;
513;23;2328;;
513;23;2330;;
513;23;282;;
513;23;284;;
513;23;2290;;
513;23;2276;;
513;23;2294;;
513;23;2288;;
513;23;2292;;
513;23;2766;;
513;23;2774;;
513;23;372;;
513;23;378;;
513;23;2768;;
513;23;2770;;
513;23;316;;
513;23;322;;
513;23;2304;;
513;23;2306;;
513;23;2772;;
513;23;400;;
513;23;149;;140
513;23;140;149;137
513;23;137;140;88
513;23;88;137;151
513;23;151;88;90
513;23;90;151;91
513;23;91;90;53
513;23;53;91;52
513;23;52;53;
513;23;398;;
513;23;2694;;
513;23;4262;;4263
513;23;4263;4262;
513;23;4255;;4256
513;23;4256;4255;4257
513;23;4257;4256;
513;23;2696;;
513;23;4259;;4260
513;23;4260;4259;
513;23;4359;;4360
513;23;4360;4359;4361
513;23;4361;4360;4362
513;23;4362;4361;
513;23;2784;;
513;23;2808;;
513;23;4072;;1177
513;23;1177;4072;1178
513;23;1178;1177;1179
513;23;1179;1178;1182
513;23;1182;1179;1183
513;23;1183;1182;1184
513;23;1184;1183;
513;23;1812;;1813
513;23;1813;1812;1814
513;23;1814;1813;1815
513;23;1815;1814;4324
513;23;4324;1815;4325
513;23;4325;4324;
513;23;2526;;
513;23;2786;;
513;23;1980;;1981
513;23;1981;1980;1982
513;23;1982;1981;
513;23;2756;;
513;23;2750;;
513;23;2444;;
513;23;2810;;
513;23;1540;;1541
513;23;1541;1540;3786
513;23;3786;1541;3913
513;23;3913;3786;3787
513;23;3787;3913;3788
513;23;3788;3787;4196
513;23;4196;3788;
513;23;2754;;
513;23;2752;;
513;23;2748;;
513;23;2057;;2058
513;23;2058;2057;
513;23;2738;;
513;23;2740;;
513;23;2778;;
513;23;2414;;
513;23;1738;;1739
513;23;1739;1738;1740
513;23;1740;1739;1741
513;23;1741;1740;3907
513;23;3907;1741;1743
513;23;1743;3907;1735
513;23;1735;1743;1736
513;23;1736;1735;1335
513;23;1335;1736;
513;23;2780;;
513;23;2736;;
513;23;2776;;
513;23;2626;;
513;23;2628;;
513;23;724;;723
513;23;723;724;720
513;23;720;723;719
513;23;719;720;718
513;23;718;719;717
513;23;717;718;1322
513;23;1322;717;
513;23;154;;155
513;23;155;154;
513;23;62;;102
513;23;102;62;138
513;23;138;102;63
513;23;63;138;152
513;23;152;63;103
513;23;103;152;
513;23;2686;;
513;23;4197;;3708
513;23;3708;4197;3709
513;23;3709;3708;
513;23;4473;;4474
513;23;4474;4473;4475
513;23;4475;4474;
513;23;104;;105
513;23;105;104;141
513;23;141;105;106
513;23;106;141;107
513;23;107;106;108
513;23;108;107;109
513;23;109;108;148
513;23;148;109;110
513;23;110;148;111
513;23;111;110;112
513;23;112;111;66
513;23;66;112;65
513;23;65;66;
513;23;2690;;
513;23;4346;;4347
513;23;4347;4346;4348
513;23;4348;4347;
513;23;76;;78
513;23;78;76;79
513;23;79;78;80
513;23;80;79;
513;23;3958;;3959
513;23;3959;3958;
513;23;4242;;4243
513;23;4243;4242;4465
513;23;4465;4243;
513;23;4077;;1324
513;23;1324;4077;821
513;23;821;1324;822
513;23;822;821;823
513;23;823;822;
513;23;1393;;1392
513;23;1392;1393;
513;23;3686;;4141
513;23;4141;3686;4144
513;23;4144;4141;
513;23;3687;;4146
513;23;4146;3687;3688
513;23;3688;4146;
513;23;1456;;1457
513;23;1457;1456;
513;23;1450;;1451
513;23;1451;1450;
513;23;1453;;1454
513;23;1454;1453;
513;23;3460;;3461
513;23;3461;3460;
513;23;1227;;1226
513;23;1226;1227;1225
513;23;1225;1226;
513;23;2121;;2122
513;23;2122;2121;2123
513;23;2123;2122;2124
513;23;2124;2123;
513;23;1233;;1232
513;23;1232;1233;1231
513;23;1231;1232;1230
513;23;1230;1231;1229
513;23;1229;1230;
513;23;4252;;4253
513;23;4253;4252;
513;23;4248;;4249
513;23;4249;4248;4250
513;23;4250;4249;
513;23;3258;;3259
513;23;3259;3258;
513;23;3351;;3352
513;23;3352;3351;
513;23;1129;;1130
513;23;1130;1129;1131
513;23;1131;1130;
513;23;3381;;3382
513;23;3382;3381;
513;23;3384;;3385
513;23;3385;3384;3386
513;23;3386;3385;
513;23;3403;;3406
513;23;3406;3403;4036
513;23;4036;3406;4466
513;23;4466;4036;4467
513;23;4467;4466;
513;23;1463;;1464
513;23;1464;1463;
513;23;1466;;1467
513;23;1467;1466;
513;23;1107;;1108
513;23;1108;1107;1109
513;23;1109;1108;1114
513;23;1114;1109;1115
513;23;1115;1114;
513;23;1104;;1106
513;23;1106;1104;
513;23;3998;;3999
513;23;3999;3998;
513;23;4457;;4458
513;23;4458;4457;
513;23;3777;;3778
513;23;3778;3777;
513;23;1142;;1143
513;23;1143;1142;1144
513;23;1144;1143;1147
513;23;1147;1144;1150
513;23;1150;1147;1153
513;23;1153;1150;1156
513;23;1156;1153;1159
513;23;1159;1156;1162
513;23;1162;1159;1163
513;23;1163;1162;
513;23;1171;;1170
513;23;1170;1171;
513;23;1748;;1749
513;23;1749;1748;
513;23;1381;;1382
513;23;1382;1381;1383
513;23;1383;1382;1384
513;23;1384;1383;
513;23;1364;;1365
513;23;1365;1364;
513;23;4336;;4337
513;23;4337;4336;
513;23;4339;;4340
513;23;4340;4339;4448
513;23;4448;4340;
513;23;2462;;
513;23;2728;;
513;23;901;;902
513;23;902;901;
513;23;4428;;4429
513;23;4429;4428;
513;23;3445;;3446
513;23;3446;3445;
513;23;1831;;1832
513;23;1832;1831;
513;23;1546;;1547
513;23;1547;1546;
513;23;1927;;1928
513;23;1928;1927;
513;23;1374;;1375
513;23;1375;1374;
513;23;697;;3908
513;23;3908;697;696
513;23;696;3908;
513;23;1879;;1880
513;23;1880;1879;
513;23;975;;974
513;23;974;975;973
513;23;973;974;972
513;23;972;973;971
513;23;971;972;1325
513;23;1325;971;
513;23;160;;4016
513;23;4016;160;132
513;23;132;4016;
513;23;4318;;4319
513;23;4319;4318;
513;23;1040;1039;1041
513;23;1041;1040;1043
513;23;1043;1041;1044
513;23;1044;1043;1045
513;23;1045;1044;1046
513;23;1046;1045;1047
513;23;1047;1046;1048
513;23;1048;1047;1010
513;23;1010;1048;1011
513;23;1011;1010;1012
513;23;1012;1011;1013
513;23;1013;1012;1014
513;23;1014;1013;1015
513;23;1015;1014;1016
513;23;1016;1015;1017
513;23;1017;1016;1018
513;23;1018;1017;1019
513;23;1019;1018;1020
513;23;1020;1019;1021
513;23;1021;1020;1022
513;23;1022;1021;1023
513;23;1023;1022;1024
513;23;1024;1023;1025
513;23;1025;1024;1026
513;23;1026;1025;1027
513;23;1027;1026;1028
513;23;1028;1027;1029
513;23;1029;1028;1030
513;23;1030;1029;1031
513;23;1031;1030;1032
513;23;1032;1031;1033
513;23;1033;1032;1034
513;23;1034;1033;1035
513;23;1035;1034;1036
513;23;1036;1035;1037
513;23;1037;1036;1038
513;23;1038;1037;1039
513;23;1039;1038;1040
513;23;515;;514
513;23;514;515;
513;23;519;;518
513;23;518;519;517
513;23;517;518;
513;23;1495;;1496
513;23;1496;1495;1499
513;23;1499;1496;
513;23;2079;;2080
513;23;2080;2079;2081
513;23;2081;2080;2082
513;23;2082;2081;
513;23;1492;;1493
513;23;1493;1492;
513;23;3311;;3312
513;23;3312;3311;
513;23;4388;;4389
513;23;4389;4388;
513;23;1858;;3896
513;23;3896;1858;
513;23;4013;;4014
513;23;4014;4013;
513;23;4162;;3984
513;23;3984;4162;
513;23;889;;890
513;23;890;889;891
513;23;891;890;
513;23;1599;;1602
513;23;1602;1599;1605
513;23;1605;1602;1606
513;23;1606;1605;
513;23;502;;503
513;23;503;502;504
513;23;504;503;507
513;23;507;504;510
513;23;510;507;511
513;23;511;510;512
513;23;512;511;
513;23;4454;;4455
513;23;4455;4454;
513;23;4105;;3362
513;23;3362;4105;4295
513;23;4295;3362;
513;23;1086;;1087
513;23;1087;1086;1088
513;23;1088;1087;1089
513;23;1089;1088;
513;23;2101;;2102
513;23;2102;2101;2103
513;23;2103;2102;
513;23;2165;;2166
513;23;2166;2165;
513;23;2109;;2110
513;23;2110;2109;2111
513;23;2111;2110;2112
513;23;2112;2111;
513;23;854;;855
513;23;855;854;856
513;23;856;855;857
513;23;857;856;
513;23;2614;;
513;23;1843;;1844
513;23;1844;1843;
513;23;1900;;1901
513;23;1901;1900;
513;23;1903;;1904
513;23;1904;1903;
513;23;1906;;1907
513;23;1907;1906;
513;23;1897;;1898
513;23;1898;1897;
513;23;1894;;1895
513;23;1895;1894;
513;23;1891;;1892
513;23;1892;1891;
513;23;1882;;1883
513;23;1883;1882;
513;23;651;;650
513;23;650;651;649
513;23;649;650;
513;23;1326;;1327
513;23;1327;1326;1328
513;23;1328;1327;1329
513;23;1329;1328;664
513;23;664;1329;661
513;23;661;664;660
513;23;660;661;659
513;23;659;660;658
513;23;658;659;
513;23;3934;;3935
513;23;3935;3934;3936
513;23;3936;3935;
513;23;1673;;1674
513;23;1674;1673;
513;23;2156;;2157
513;23;2157;2156;
513;23;1483;;1484
513;23;1484;1483;
513;23;1486;;1487
513;23;1487;1486;
513;23;4292;;4293
513;23;4293;4292;
513;23;4128;;3318
513;23;3318;4128;
513;23;3274;;3275
513;23;3275;3274;3276
513;23;3276;3275;
513;23;3388;;3389
513;23;3389;3388;
513;23;2682;;
513;23;1757;;1758
513;23;1758;1757;1759
513;23;1759;1758;
513;23;2606;;
513;23;2184;;2185
513;23;2185;2184;2186
513;23;2186;2185;3909
513;23;3909;2186;
513;23;2836;;
513;23;4354;;4355
513;23;4355;4354;4356
513;23;4356;4355;4357
513;23;4357;4356;
513;23;3762;;3763
513;23;3763;3762;
513;23;3768;;3769
513;23;3769;3768;
513;23;4280;;4281
513;23;4281;4280;
513;23;4277;;4412
513;23;4412;4277;4278
513;23;4278;4412;
513;23;3729;;3730
513;23;3730;3729;
513;23;3726;;3727
513;23;3727;3726;
513;23;3857;;3858
513;23;3858;3857;
513;23;1971;;1972
513;23;1972;1971;
513;23;4239;;4240
513;23;4240;4239;
513;23;1834;;1835
513;23;1835;1834;
513;23;483;;484
513;23;484;483;485
513;23;485;484;486
513;23;486;485;487
513;23;487;486;492
513;23;492;487;493
513;23;493;492;494
513;23;494;493;497
513;23;497;494;498
513;23;498;497;4093
513;23;4093;498;
513;23;1123;;1124
513;23;1124;1123;
513;23;4385;;4386
513;23;4386;4385;
513;23;3955;;3994
513;23;3994;3955;4468
513;23;4468;3994;
513;23;4382;;4383
513;23;4383;4382;
513;23;1646;;4096
513;23;4096;1646;
513;23;3391;;3392
513;23;3392;3391;
513;23;3344;;3345
513;23;3345;3344;
513;23;270;;
513;23;260;;
513;23;2442;;
513;23;258;;
513;23;55;;56
513;23;56;55;57
513;23;57;56;58
513;23;58;57;59
513;23;59;58;60
513;23;60;59;161
513;23;161;60;97
513;23;97;161;98
513;23;98;97;99
513;23;99;98;100
513;23;100;99;101
513;23;101;100;
513;23;799;;800
513;23;800;799;
513;23;4391;;4392
513;23;4392;4391;
513;23;3615;;3616
513;23;3616;3615;
513;23;4369;;4370
513;23;4370;4369;4371
513;23;4371;4370;4372
513;23;4372;4371;
513;23;4374;;4375
513;23;4375;4374;4376
513;23;4376;4375;4377
513;23;4377;4376;
513;23;4350;;4411
513;23;4411;4350;4351
513;23;4351;4411;4352
513;23;4352;4351;
513;23;2016;;4099
513;23;4099;2016;
513;23;4327;;4328
513;23;4328;4327;
513;23;4330;;4331
513;23;4331;4330;
513;23;1459;;1460
513;23;1460;1459;1461
513;23;1461;1460;
513;23;4046;;1681
513;23;1681;4046;4048
513;23;4048;1681;1684
513;23;1684;4048;1687
513;23;1687;1684;1688
513;23;1688;1687;
513;23;1965;;1966
513;23;1966;1965;
513;23;897;;898
513;23;898;897;899
513;23;899;898;
513;23;3436;;3437
513;23;3437;3436;
513;23;3432;;3433
513;23;3433;3432;3434
513;23;3434;3433;
513;23;2702;;
513;23;1553;;1554
513;23;1554;1553;
513;23;3261;;3262
513;23;3262;3261;
513;23;3264;;3265
513;23;3265;3264;
513;23;3596;;3597
513;23;3597;3596;
513;23;3592;;3593
513;23;3593;3592;3594
513;23;3594;3593;
513;23;3514;;3515
513;23;3515;3514;3516
513;23;3516;3515;
513;23;4307;;4308
513;23;4308;4307;
513;23;4304;;4404
513;23;4404;4304;
513;23;4405;;4305
513;23;4305;4405;
513;23;402;;403
513;23;403;402;404
513;23;404;403;405
513;23;405;404;
513;23;414;;415
513;23;415;414;416
513;23;416;415;417
513;23;417;416;409
513;23;409;417;410
513;23;410;409;411
513;23;411;410;
513;23;82;;85
513;23;85;82;83
513;23;83;85;77
513;23;77;83;127
513;23;127;77;84
513;23;84;127;
513;23;2318;;
513;23;2324;;
513;23;3665;;4050
513;23;4050;3665;4053
513;23;4053;4050;4006
513;23;4006;4053;4007
513;23;4007;4006;4010
513;23;4010;4007;4011
513;23;4011;4010;
513;23;3671;;3672
513;23;3672;3671;3684
513;23;3684;3672;3685
513;23;3685;3684;
513;23;850;;851
513;23;851;850;852
513;23;852;851;
513;23;1095;;1096
513;23;1096;1095;1097
513;23;1097;1096;1098
513;23;1098;1097;1099
513;23;1099;1098;1100
513;23;1100;1099;1101
513;23;1101;1100;1102
513;23;1102;1101;
513;23;3938;;3939
513;23;3939;3938;
513;23;4039;;4054
513;23;4054;4039;4055
513;23;4055;4054;2065
513;23;2065;4055;4175
513;23;4175;2065;
513;23;1516;;1517
513;23;1517;1516;
513;23;3284;;3285
513;23;3285;3284;
513;23;833;;835
513;23;835;833;
513;23;1918;;1919
513;23;1919;1918;
513;23;2490;;
513;23;767;;768
513;23;768;767;769
513;23;769;768;770
513;23;770;769;771
513;23;771;770;
513;23;4271;;4272
513;23;4272;4271;
513;23;4265;;4414
513;23;4414;4265;4266
513;23;4266;4414;
513;23;4268;;4269
513;23;4269;4268;
513;23;917;;918
513;23;918;917;921
513;23;921;918;922
513;23;922;921;923
513;23;923;922;924
513;23;924;923;925
513;23;925;924;
513;23;1958;;1959
513;23;1959;1958;1960
513;23;1960;1959;
513;23;1968;;1969
513;23;1969;1968;
513;23;1120;;1121
513;23;1121;1120;
513;23;3528;;3529
513;23;3529;3528;
513;23;3927;;3928
513;23;3928;3927;
513;23;3525;;3526
513;23;3526;3525;
513;23;2660;;
513;23;2492;;
513;23;3509;;3510
513;23;3510;3509;3511
513;23;3511;3510;3512
513;23;3512;3511;
513;23;980;;979
513;23;979;980;978
513;23;978;979;977
513;23;977;978;
513;23;1690;;1691
513;23;1691;1690;
513;23;2536;;
513;23;1563;;1564
513;23;1564;1563;3711
513;23;3711;1564;3712
513;23;3712;3711;3713
513;23;3713;3712;
513;23;1573;;1574
513;23;1574;1573;
513;23;3746;;3747
513;23;3747;3746;
513;23;1569;;1570
513;23;1570;1569;4200
513;23;4200;1570;
513;23;3752;;3753
513;23;3753;3752;
513;23;3749;;3750
513;23;3750;3749;
513;23;4037;;3407
513;23;3407;4037;
513;23;3621;;3622
513;23;3622;3621;
513;23;3463;;3464
513;23;3464;3463;3465
513;23;3465;3464;
513;23;4441;;
513;23;2666;;
513;23;3467;;3468
513;23;3468;3467;3469
513;23;3469;3468;
513;23;2516;;
513;23;3743;;3744
513;23;3744;3743;
513;23;3474;;3475
513;23;3475;3474;
513;23;3549;;3550
513;23;3550;3549;3551
513;23;3551;3550;
513;23;2592;;
513;23;4417;;4418
513;23;4418;4417;
513;23;1441;;1442
513;23;1442;1441;
513;23;2524;;
513;23;3992;;4415
513;23;4415;3992;3553
513;23;3553;4415;3554
513;23;3554;3553;3555
513;23;3555;3554;
513;23;3471;;3472
513;23;3472;3471;
513;23;3735;;3736
513;23;3736;3735;3737
513;23;3737;3736;
513;23;2238;;2239
513;23;2239;2238;2240
513;23;2240;2239;2243
513;23;2243;2240;2246
513;23;2246;2243;
513;23;1165;;1166
513;23;1166;1165;1167
513;23;1167;1166;1168
513;23;1168;1167;
513;23;3647;;3648
513;23;3648;3647;3668
513;23;3668;3648;3674
513;23;3674;3668;3675
513;23;3675;3674;
513;23;4437;;435
513;23;435;4437;436
513;23;436;435;3911
513;23;3911;436;437
513;23;437;3911;438
513;23;438;437;4106
513;23;4106;438;441
513;23;441;4106;442
513;23;442;441;443
513;23;443;442;444
513;23;444;443;445
513;23;445;444;
513;23;1608;;1611
513;23;1611;1608;1612
513;23;1612;1611;1613
513;23;1613;1612;1616
513;23;1616;1613;
513;23;630;;629
513;23;629;630;
513;23;636;;635
513;23;635;636;
513;23;633;;632
513;23;632;633;
513;23;3557;;3558
513;23;3558;3557;
513;23;3364;;3365
513;23;3365;3364;3366
513;23;3366;3365;
513;23;4436;;4301
513;23;4301;4436;4302
513;23;4302;4301;
513;23;2251;;2252
513;23;2252;2251;
513;23;4117;;2248
513;23;2248;4117;2249
513;23;2249;2248;
513;23;2676;;
513;23;1249;;1245
513;23;1245;1249;1244
513;23;1244;1245;
513;23;2344;;
513;23;2334;;
513;23;2332;;
513;23;2342;;
513;23;1764;;1765
513;23;1765;1764;
513;23;1761;;1762
513;23;1762;1761;
513;23;2598;;
513;23;2466;;
513;23;2066;;2069
513;23;2069;2066;2070
513;23;2070;2069;
513;23;526;;525
513;23;525;526;524
513;23;524;525;4122
513;23;4122;524;
513;23;1531;;1532
513;23;1532;1531;4121
513;23;4121;1532;
513;23;428;;1257
513;23;1257;428;1258
513;23;1258;1257;4124
513;23;4124;1258;
513;23;2422;;
513;23;2420;;
513;23;2424;;
513;23;2426;;
513;23;427;;426
513;23;426;427;425
513;23;425;426;
513;23;1534;;1535
513;23;1535;1534;
513;23;2664;;
513;23;1997;;1998
513;23;1998;1997;1999
513;23;1999;1998;4015
513;23;4015;1999;
513;23;4431;;4432
513;23;4432;4431;
513;23;1991;;1992
513;23;1992;1991;
513;23;4476;;2007
513;23;2007;4476;2008
513;23;2008;2007;
513;23;1994;;1995
513;23;1995;1994;
513;23;2191;;2192
513;23;2192;2191;2193
513;23;2193;2192;
513;23;2145;;2146
513;23;2146;2145;2147
513;23;2147;2146;
513;23;3628;;3629
513;23;3629;3628;3630
513;23;3630;3629;
513;23;3416;;3417
513;23;3417;3416;
513;23;1803;;1804
513;23;1804;1803;
513;23;2700;;
513;23;473;;476
513;23;476;473;
513;23;3317;;4126
513;23;4126;3317;
513;23;2586;;
513;23;2588;;
513;23;4135;;4133
513;23;4133;4135;4137
513;23;4137;4133;464
513;23;464;4137;465
513;23;465;464;466
513;23;466;465;4125
513;23;4125;466;
513;23;469;;470
513;23;470;469;471
513;23;471;470;
513;23;4394;;4395
513;23;4395;4394;4396
513;23;4396;4395;
513;23;3882;;2219
513;23;2219;3882;2220
513;23;2220;2219;
513;23;2562;;
513;23;2054;;2055
513;23;2055;2054;
513;23;4147;;3689
513;23;3689;4147;
513;23;4149;;3361
513;23;3361;4149;
513;23;3423;;3424
513;23;3424;3423;
513;23;4131;;460
513;23;460;4131;
513;23;1885;;1886
513;23;1886;1885;
513;23;3952;;3953
513;23;3953;3952;
513;23;1754;;1755
513;23;1755;1754;
513;23;4150;;3949
513;23;3949;4150;3950
513;23;3950;3949;
513;23;4199;;3956
513;23;3956;4199;
513;23;3680;;3681
513;23;3681;3680;
513;23;1713;;1712
513;23;1712;1713;
513;23;3320;;3321
513;23;3321;3320;
513;23;3863;;3322
513;23;3322;3863;
513;23;3912;;3657
513;23;3657;3912;3658
513;23;3658;3657;
513;23;3702;;3703
513;23;3703;3702;
513;23;3287;;3288
513;23;3288;3287;
513;23;3293;;3294
513;23;3294;3293;
513;23;3290;;3291
513;23;3291;3290;
513;23;1504;;1505
513;23;1505;1504;4066
513;23;4066;1505;
513;23;2496;;
513;23;2806;;
513;23;4364;;4365
513;23;4365;4364;4366
513;23;4366;4365;4367
513;23;4367;4366;
513;23;3357;;3358
513;23;3358;3357;4148
513;23;4148;3358;
513;23;2520;;
513;23;1537;;1538
513;23;1538;1537;3785
513;23;3785;1538;
513;23;1236;;1235
513;23;1235;1236;
513;23;1242;;1241
513;23;1241;1242;
513;23;1239;;1238
513;23;1238;1239;
513;23;2135;;2136
513;23;2136;2135;
513;23;3868;;3869
513;23;3869;3868;
513;23;528;;529
513;23;529;528;530
513;23;530;529;
513;23;2848;;
513;23;2149;;2150
513;23;2150;2149;
513;23;3324;;3325
513;23;3325;3324;
513;23;3563;;3564
513;23;3564;3563;
513;23;1389;;1390
513;23;1390;1389;
513;23;1407;;1408
513;23;1408;1407;
513;23;1951;;1952
513;23;1952;1951;
513;23;1404;;1405
513;23;1405;1404;
513;23;1948;;1949
513;23;1949;1948;
513;23;4153;;3831
513;23;3831;4153;
513;23;3829;;3830
513;23;3830;3829;
513;23;760;;761
513;23;761;760;
513;23;1933;;3859
513;23;3859;1933;
513;23;1817;;1818
513;23;1818;1817;1821
513;23;1821;1818;1822
513;23;1822;1821;
513;23;2817;;
513;23;2819;;
513;23;4286;;4287
513;23;4287;4286;
513;23;3771;;3772
513;23;3772;3771;3773
513;23;3773;3772;
513;23;3296;;3297
513;23;3297;3296;
513;23;3302;;3303
513;23;3303;3302;
513;23;3308;;3309
513;23;3309;3308;
513;23;3305;;3306
513;23;3306;3305;
513;23;1849;;3890
513;23;3890;1849;
513;23;3354;;3355
513;23;3355;3354;
513;23;1501;;1502
513;23;1502;1501;
513;23;1208;;1207
513;23;1207;1208;
513;23;2714;;
513;23;2674;;
513;23;4236;;4237
513;23;4237;4236;
513;23;1594;;1595
513;23;1595;1594;1596
513;23;1596;1595;
513;23;1962;;1963
513;23;1963;1962;
513;23;2118;;2119
513;23;2119;2118;3906
513;23;3906;2119;
513;23;3442;;3443
513;23;3443;3442;
513;23;2558;;
513;23;647;;646
513;23;646;647;645
513;23;645;646;
513;23;784;;783
513;23;783;784;782
513;23;782;783;
513;23;2726;;
513;23;2454;;
513;23;4029;;4030
513;23;4030;4029;
513;23;4159;;1862
513;23;1862;4159;
513;23;4001;;1861
513;23;1861;4001;4155
513;23;4155;1861;
513;23;4156;;4157
513;23;4157;4156;
513;23;3982;;3983
513;23;3983;3982;4160
513;23;4160;3983;
513;23;1267;;1268
513;23;1268;1267;1269
513;23;1269;1268;1270
513;23;1270;1269;1271
513;23;1271;1270;1272
513;23;1272;1271;1273
513;23;1273;1272;1274
513;23;1274;1273;1275
513;23;1275;1274;
513;23;3986;;3987
513;23;3987;3986;
513;23;3582;;3583
513;23;3583;3582;
513;23;642;;641
513;23;641;642;
513;23;639;;638
513;23;638;639;
513;23;2828;;
513;23;4407;;4408
513;23;4408;4407;
513;23;2530;;
513;23;1566;;1567
513;23;1567;1566;
513;23;603;;602
513;23;602;603;601
513;23;601;602;600
513;23;600;601;
513;23;3579;;3580
513;23;3580;3579;
513;23;2132;;2133
513;23;2133;2132;
513;23;4165;;1856
513;23;1856;4165;
513;23;1855;;4164
513;23;4164;1855;
513;23;4443;;
513;23;4297;;4298
513;23;4298;4297;4299
513;23;4299;4298;
513;23;2488;;
513;23;3538;;3539
513;23;3539;3538;
513;23;2162;;2163
513;23;2163;2162;
513;23;2159;;2160
513;23;2160;2159;
513;23;4002;;3299
513;23;3299;4002;3300
513;23;3300;3299;
513;23;4464;;3805
513;23;3805;4464;
513;23;4116;;3803
513;23;3803;4116;3804
513;23;3804;3803;4462
513;23;4462;3804;
513;23;4166;;1191
513;23;1191;4166;1192
513;23;1192;1191;1193
513;23;1193;1192;1196
513;23;1196;1193;1197
513;23;1197;1196;
513;23;532;;533
513;23;533;532;534
513;23;534;533;535
513;23;535;534;536
513;23;536;535;539
513;23;539;536;540
513;23;540;539;543
513;23;543;540;549
513;23;549;543;
513;23;702;;703
513;23;703;702;706
513;23;706;703;707
513;23;707;706;708
513;23;708;707;1187
513;23;1187;708;1188
513;23;1188;1187;4167
513;23;4167;1188;
513;23;4004;;989
513;23;989;4004;4075
513;23;4075;989;990
513;23;990;4075;4076
513;23;4076;990;992
513;23;992;4076;993
513;23;993;992;994
513;23;994;993;
513;23;384;;
513;23;390;;
513;23;2478;;
513;23;945;;946
513;23;946;945;947
513;23;947;946;4168
513;23;4168;947;4169
513;23;4169;4168;951
513;23;951;4169;954
513;23;954;951;955
513;23;955;954;
513;23;280;;
513;23;290;;
513;23;292;;
513;23;298;;
513;23;294;;
513;23;318;;
513;23;296;;
513;23;314;;
513;23;288;;
513;23;302;;
513;23;304;;
513;23;308;;
513;23;306;;
513;23;326;;
513;23;320;;
513;23;2538;;
513;23;656;;655
513;23;655;656;654
513;23;654;655;653
513;23;653;654;
513;23;2010;;3900
513;23;3900;2010;
513;23;2622;;
513;23;1438;;1439
513;23;1439;1438;
513;23;1091;;1092
513;23;1092;1091;1093
513;23;1093;1092;
513;23;667;693;668
513;23;668;667;669
513;23;669;668;670
513;23;670;669;671
513;23;671;670;672
513;23;672;671;677
513;23;677;672;678
513;23;678;677;679
513;23;679;678;680
513;23;680;679;681
513;23;681;680;676
513;23;676;681;682
513;23;682;676;683
513;23;683;682;684
513;23;684;683;685
513;23;685;684;686
513;23;686;685;687
513;23;687;686;688
513;23;688;687;689
513;23;689;688;690
513;23;690;689;4409
513;23;4409;690;4410
513;23;4410;4409;691
513;23;691;4410;692
513;23;692;691;693
513;23;693;692;667
513;23;219;244;220
513;23;220;219;221
513;23;221;220;222
513;23;222;221;223
513;23;223;222;224
513;23;224;223;225
513;23;225;224;227
513;23;227;225;228
513;23;228;227;229
513;23;229;228;230
513;23;230;229;231
513;23;231;230;233
513;23;233;231;234
513;23;234;233;235
513;23;235;234;236
513;23;236;235;237
513;23;237;236;238
513;23;238;237;240
513;23;240;238;241
513;23;241;240;242
513;23;242;241;243
513;23;243;242;244
513;23;244;243;219
513;23;2612;;
513;23;2821;;
513;23;2474;;
513;23;2812;;
513;23;2446;;
513;23;2448;;
513;23;2630;;
513;23;2672;;
513;23;2546;;
513;23;2610;;
513;23;2670;;
513;23;2504;;
513;23;2655;;
513;23;2788;;
513;23;2542;;
513;23;2594;;
513;23;2590;;
513;23;2566;;
513;23;2688;;
513;23;2528;;
513;23;2652;;
513;23;2732;;
513;23;2456;;
513;23;2618;;
513;23;2734;;
513;23;2484;;
513;23;2358;;
513;23;2710;;
513;23;2372;;
513;23;2452;;
513;23;2384;;
513;23;2380;;
513;23;2400;;
513;23;2406;;
513;23;2410;;
513;23;2508;;
513;23;2554;;
513;23;4445;;
513;23;2634;;
513;23;2418;;
513;23;2582;;
513;23;2518;;
513;23;2823;;
513;23;2842;;
513;23;2468;;
513;23;2712;;
513;23;2802;;
513;23;2804;;
513;23;2790;;
513;23;2624;;
513;23;2636;;
513;23;2844;;
513;23;2458;;
513;23;2540;;
513;23;2640;;
513;23;2436;;
513;23;2658;;
513;23;2596;;
513;23;2662;;
513;23;2532;;
513;23;2522;;
513;23;2506;;
513;23;2512;;
513;23;2850;;
513;23;2416;;
513;23;2584;;
513;23;2800;;
513;23;2620;;
513;23;2846;;
513;23;2724;;
513;23;2825;;
513;23;2698;;
513;23;2604;;
513;23;2476;;
513;23;2834;;
513;23;2720;;
513;23;2568;;
513;23;2382;;
513;23;2376;;
513;23;2840;;
513;23;2404;;
513;23;2814;;
513;23;2692;;
513;23;2390;;
513;23;2680;;
513;23;2500;;
513;23;2616;;
513;23;2564;;
513;23;2576;;
513;23;2678;;
513;23;2360;;
513;23;2560;;
513;23;1846;;1847
513;23;1847;1846;
513;23;1954;;1955
513;23;1955;1954;1956
513;23;1956;1955;
513;23;777;;778
513;23;778;777;779
513;23;779;778;780
513;23;780;779;1340
513;23;1340;780;1341
513;23;1341;1340;1342
513;23;1342;1341;
513;23;3419;;3420
513;23;3420;3419;3421
513;23;3421;3420;
513;23;3589;;3590
513;23;3590;3589;
513;23;1359;;838
513;23;838;1359;
513;23;1281;;4174
513;23;4174;1281;
513;23;3454;;3455
513;23;3455;3454;
513;23;2142;;2143
513;23;2143;2142;
513;23;2076;;2077
513;23;2077;2076;
513;23;2072;;2073
513;23;2073;2072;2074
513;23;2074;2073;
513;23;4202;;3326
513;23;3326;4202;
513;23;3328;;3329
513;23;3329;3328;
513;23;2229;;2230
513;23;2230;2229;
513;23;2226;;2227
513;23;2227;2226;
513;23;2232;;2233
513;23;2233;2232;
513;23;2051;;2052
513;23;2052;2051;
513;23;2730;;
513;23;1888;;1889
513;23;1889;1888;
513;23;3331;;3332
513;23;3332;3331;
513;23;2600;;
513;23;797;;796
513;23;796;797;
513;23;3569;;3570
513;23;3570;3569;
513;23;3477;;3478
513;23;3478;3477;
513;23;3566;;3567
513;23;3567;3566;
513;23;2706;;
513;23;3585;;3586
513;23;3586;3585;3587
513;23;3587;3586;
513;23;458;;459
513;23;459;458;
513;23;1745;;1746
513;23;1746;1745;
513;23;1852;;3872
513;23;3872;1852;
513;23;3875;;3876
513;23;3876;3875;
513;23;1873;;1874
513;23;1874;1873;
513;23;1870;;1871
513;23;1871;1870;
513;23;1876;;1877
513;23;1877;1876;
513;23;4018;;4019
513;23;4019;4018;
513;23;4021;;4022
513;23;4022;4021;
513;23;598;;597
513;23;597;598;596
513;23;596;597;593
513;23;593;596;4101
513;23;4101;593;589
513;23;589;4101;586
513;23;586;589;583
513;23;583;586;582
513;23;582;583;579
513;23;579;582;578
513;23;578;579;575
513;23;575;578;572
513;23;572;575;571
513;23;571;572;568
513;23;568;571;565
513;23;565;568;564
513;23;564;565;563
513;23;563;564;560
513;23;560;563;559
513;23;559;560;558
513;23;558;559;
513;23;3518;;3519
513;23;3519;3518;3520
513;23;3520;3519;
513;23;2374;;
513;23;884;;885
513;23;885;884;886
513;23;886;885;887
513;23;887;886;
513;23;4216;;4217
513;23;4217;4216;4218
513;23;4218;4217;4219
513;23;4219;4218;
513;23;4183;;3545
513;23;3545;4183;3546
513;23;3546;3545;3547
513;23;3547;3546;
513;23;3791;;3792
513;23;3792;3791;3798
513;23;3798;3792;3799
513;23;3799;3798;4110
513;23;4110;3799;
513;23;4111;;3800
513;23;3800;4111;3801
513;23;3801;3800;
513;23;2722;;
513;23;4113;;4114
513;23;4114;4113;4115
513;23;4115;4114;
513;23;3502;;3503
513;23;3503;3502;3504
513;23;3504;3503;
513;23;3495;;3496
513;23;3496;3495;3497
513;23;3497;3496;
513;23;879;;880
513;23;880;879;881
513;23;881;880;882
513;23;882;881;
513;23;3609;;3610
513;23;3610;3609;
513;23;3602;;3603
513;23;3603;3602;3604
513;23;3604;3603;
513;23;3606;;3607
513;23;3607;3606;
513;23;4310;;4311
513;23;4311;4310;4312
513;23;4312;4311;
513;23;4314;;4315
513;23;4315;4314;4316
513;23;4316;4315;
513;23;556;;4181
513;23;4181;556;
513;23;1677;;3651
513;23;3651;1677;
513;23;3652;;1678
513;23;1678;3652;4041
513;23;4041;1678;4042
513;23;4042;4041;4043
513;23;4043;4042;4044
513;23;4044;4043;
513;23;4434;;4435
513;23;4435;4434;
513;23;3699;;3910
513;23;3910;3699;
513;23;1795;;1796
513;23;1796;1795;
513;23;1343;;968
513;23;968;1343;967
513;23;967;968;966
513;23;966;967;965
513;23;965;966;
513;23;1770;;1771
513;23;1771;1770;
513;23;3944;;3945
513;23;3945;3944;3946
513;23;3946;3945;3947
513;23;3947;3946;
513;23;1767;;1768
513;23;1768;1767;
513;23;4068;;1351
513;23;1351;4068;1352
513;23;1352;1351;710
513;23;710;1352;
513;23;3973;;3996
513;23;3996;3973;3974
513;23;3974;3996;
513;23;1475;;1476
513;23;1476;1475;1477
513;23;1477;1476;
513;23;3486;;3487
513;23;3487;3486;
513;23;3480;;3481
513;23;3481;3480;
513;23;3483;;3484
513;23;3484;3483;
513;23;728;;727
513;23;727;728;726
513;23;726;727;
513;23;3878;;3542
513;23;3542;3878;
513;23;3541;;3879
513;23;3879;3541;
513;23;1479;;1480
513;23;1480;1479;1481
513;23;1481;1480;
513;23;3898;;1859
513;23;1859;3898;
513;23;1792;;1793
513;23;1793;1792;
513;23;1133;;1134
513;23;1134;1133;1135
513;23;1135;1134;1136
513;23;1136;1135;1137
513;23;1137;1136;1138
513;23;1138;1137;1139
513;23;1139;1138;1140
513;23;1140;1139;
513;23;615;;616
513;23;616;615;617
513;23;617;616;
513;23;3281;;3282
513;23;3282;3281;
513;23;4333;;4334
513;23;4334;4333;
513;23;927;;928
513;23;928;927;
513;23;1510;;1511
513;23;1511;1510;
513;23;2386;;
513;23;2378;;
513;23;607;;606
513;23;606;607;605
513;23;605;606;
513;23;4451;;4452
513;23;4452;4451;
513;23;3341;;3342
513;23;3342;3341;
513;23;1399;;1400
513;23;1400;1399;1401
513;23;1401;1400;1402
513;23;1402;1401;
513;23;1395;;1396
513;23;1396;1395;1397
513;23;1397;1396;
513;23;1837;;1838
513;23;1838;1837;
513;23;1367;;1368
513;23;1368;1367;1369
513;23;1369;1368;
513;23;2708;;
513;23;1549;;1550
513;23;1550;1549;
513;23;2402;;
513;23;2398;;
513;23;1336;;1337
513;23;1337;1336;447
513;23;447;1337;4083
513;23;4083;447;448
513;23;448;4083;449
513;23;449;448;1338
513;23;1338;449;456
513;23;456;1338;
513;23;2408;;
513;23;4086;;4089
513;23;4089;4086;4090
513;23;4090;4089;4091
513;23;4091;4090;4092
513;23;4092;4091;4084
513;23;4084;4092;451
513;23;451;4084;452
513;23;452;451;453
513;23;453;452;
513;23;2412;;
513;23;4176;;3268
513;23;3268;4176;3269
513;23;3269;3268;3272
513;23;3272;3269;
513;23;4213;;4214
513;23;4214;4213;
513;23;3722;;3723
513;23;3723;3722;3724
513;23;3724;3723;
513;23;4274;;4275
513;23;4275;4274;
513;23;2235;;2236
513;23;2236;2235;4294
513;23;4294;2236;
513;23;3755;;3756
513;23;3756;3755;3757
513;23;3757;3756;
513;23;4289;;4290
513;23;4290;4289;
513;23;1469;;1470
513;23;1470;1469;
513;23;1472;;1473
513;23;1473;1472;
513;23;1809;;1810
513;23;1810;1809;
513;23;4283;;4284
513;23;4284;4283;
513;23;864;;865
513;23;865;864;866
513;23;866;865;
513;23;1277;;1278
513;23;1278;1277;1279
513;23;1279;1278;
513;23;3492;;3493
513;23;3493;3492;
513;23;3489;;3490
513;23;3490;3489;
513;23;3576;;3577
513;23;3577;3576;
513;23;4003;;3499
513;23;3499;4003;3500
513;23;3500;3499;
513;23;3599;;3600
513;23;3600;3599;
513;23;2179;;2180
513;23;2180;2179;2181
513;23;2181;2180;2182
513;23;2182;2181;
513;23;2036;;2037
513;23;2037;2036;2038
513;23;2038;2037;
513;23;2032;;2033
513;23;2033;2032;2034
513;23;2034;2033;
513;23;2202;;2203
513;23;2203;2202;2204
513;23;2204;2203;2205
513;23;2205;2204;
513;23;3732;;3733
513;23;3733;3732;
513;23;1117;;1118
513;23;1118;1117;
513;23;2830;;
513;23;1174;;1175
513;23;1175;1174;1176
513;23;1176;1175;
513;23;4119;;4413
513;23;4413;4119;4120
513;23;4120;4413;
513;23;2255;;2256
513;23;2256;2255;
513;23;3624;;3625
513;23;3625;3624;3626
513;23;3626;3625;
513;23;2460;;
513;23;3775;;3776
513;23;3776;3775;
513;23;3278;;3279
513;23;3279;3278;
513;23;1806;;1807
513;23;1807;1806;
513;23;3930;;3931
513;23;3931;3930;3932
513;23;3932;3931;
513;23;3572;;3573
513;23;3573;3572;3574
513;23;3574;3573;
513;23;1912;;1913
513;23;1913;1912;
513;23;868;;869
513;23;869;868;870
513;23;870;869;871
513;23;871;870;872
513;23;872;871;
513;23;2570;;
513;23;3852;;3853
513;23;3853;3852;
513;23;1202;;1201
513;23;1201;1202;1200
513;23;1200;1201;1199
513;23;1199;1200;
513;23;3506;;3507
513;23;3507;3506;
513;23;1915;;1916
513;23;1916;1915;
513;23;1422;;1423
513;23;1423;1422;1424
513;23;1424;1423;
513;23;1447;;1448
513;23;1448;1447;
513;23;859;;860
513;23;860;859;861
513;23;861;860;862
513;23;862;861;
513;23;3394;;3395
513;23;3395;3394;
513;23;2114;;2115
513;23;2115;2114;2116
513;23;2116;2115;
513;23;2388;;
513;23;4447;;
513;23;3692;;3695
513;23;3695;3692;3696
513;23;3696;3695;3697
513;23;3697;3696;712
513;23;712;3697;1348
513;23;1348;712;714
513;23;714;1348;715
513;23;715;714;
513;23;2548;;
513;23;4420;;4421
513;23;4421;4420;4422
513;23;4422;4421;
513;23;1588;;1591
513;23;1591;1588;1592
513;23;1592;1591;
513;23;4103;;1597
513;23;1597;4103;
513;23;1579;;1580
513;23;1580;1579;1583
513;23;1583;1580;1586
513;23;1586;1583;
513;23;2268;;
513;23;2272;;
513;23;2258;;
513;23;2262;;
513;23;4069;;1345
513;23;1345;4069;711
513;23;711;1345;1346
513;23;1346;711;
513;23;2270;;
513;23;2274;;
513;23;2302;;
513;23;2312;;
513;23;2296;;
513;23;2264;;
513;23;2260;;
513;23;2308;;
513;23;2298;;
513;23;2286;;
513;23;2284;;
513;23;2215;;3881
513;23;3881;2215;
513;23;4139;;1261
513;23;1261;4139;1262
513;23;1262;1261;1263
513;23;1263;1262;1264
513;23;1264;1263;1265
513;23;1265;1264;
513;23;1435;;1436
513;23;1436;1435;
513;23;1429;;1430
513;23;1430;1429;1433
513;23;1433;1430;
513;23;3855;;3779
513;23;3779;3855;
513;23;791;;790
513;23;790;791;
513;23;3426;;3427
513;23;3427;3426;
513;23;3660;;3661
513;23;3661;3660;
513;23;2502;;
513;23;2510;;
513;23;773;;774
513;23;774;773;775
513;23;775;774;
513;23;1377;;1378
513;23;1378;1377;1379
513;23;1379;1378;
513;23;3989;;3990
513;23;3990;3989;
513;23;3765;;3766
513;23;3766;3765;
513;23;1988;;1989
513;23;1989;1988;
513;23;1444;;1445
513;23;1445;1444;
513;23;874;;875
513;23;875;874;876
513;23;876;875;877
513;23;877;876;
513;23;907;;908
513;23;908;907;
513;23;1371;;1372
513;23;1372;1371;
513;23;700;;699
513;23;699;700;
513;23;3715;;3716
513;23;3716;3715;3717
513;23;3717;3716;
513;23;794;;793
513;23;793;794;
513;23;1853;;3874
513;23;3874;1853;
513;23;3409;;3410
513;23;3410;3409;
513;23;3400;;3401
513;23;3401;3400;
513;23;3397;;3398
513;23;3398;3397;
513;23;829;;830
513;23;830;829;831
513;23;831;830;
513;23;1840;;1841
513;23;1841;1840;
513;23;837;;1355
513;23;1355;837;
513;23;4173;;1280
513;23;1280;4173;
513;23;3448;;3449
513;23;3449;3448;
513;23;72;;73
513;23;73;72;123
513;23;123;73;74
513;23;74;123;124
513;23;124;74;125
513;23;125;124;129
513;23;129;125;
513;23;3823;;3824
513;23;3824;3823;
513;23;4180;;1619
513;23;1619;4180;
513;23;1930;;1931
513;23;1931;1930;
513;23;1773;;1774
513;23;1774;1773;
513;23;1223;;1222
513;23;1222;1223;1221
513;23;1221;1222;
513;23;3412;;3413
513;23;3413;3412;3414
513;23;3414;3413;
513;23;2098;;2099
513;23;2099;2098;
513;23;3377;;3378
513;23;3378;3377;3379
513;23;3379;3378;
513;23;3347;;3348
513;23;3348;3347;3349
513;23;3349;3348;
513;23;3970;;3971
513;23;3971;3970;
513;23;3964;;3965
513;23;3965;3964;
513;23;1489;;1490
513;23;1490;1489;
513;23;2716;;
513;23;3719;;3720
513;23;3720;3719;
513;23;1693;;1694
513;23;1694;1693;
513;23;1126;;1127
513;23;1127;1126;
513;23;2084;;2085
513;23;2085;2084;2086
513;23;2086;2085;2087
513;23;2087;2086;
513;23;4151;;1777
513;23;1777;4151;
513;23;3941;;3942
513;23;3942;3941;
513;23;758;;757
513;23;757;758;754
513;23;754;757;753
513;23;753;754;750
513;23;750;753;749
513;23;749;750;748
513;23;748;749;745
513;23;745;748;744
513;23;744;745;741
513;23;741;744;738
513;23;738;741;737
513;23;737;738;1339
513;23;1339;737;4171
513;23;4171;1339;733
513;23;733;4171;732
513;23;732;733;731
513;23;731;732;730
513;23;730;731;
513;23;1909;;1910
513;23;1910;1909;
513;23;2047;;2048
513;23;2048;2047;2049
513;23;2049;2048;
513;23;4210;;4211
513;23;4211;4210;
513;23;3807;;3810
513;23;3810;3807;3811
513;23;3811;3810;
513;23;3967;;3968
513;23;3968;3967;
513;23;1942;;1943
513;23;1943;1942;
513;23;1936;;1937
513;23;1937;1936;
513;23;1939;;1940
513;23;1940;1939;
513;23;2832;;
513;23;1543;;1544
513;23;1544;1543;3793
513;23;3793;1544;3783
513;23;3783;3793;3784
513;23;3784;3783;
513;23;3374;;3375
513;23;3375;3374;
513;23;3368;;3369
513;23;3369;3368;
513;23;904;;905
513;23;905;904;
513;23;1751;;1752
513;23;1752;1751;
513;23;4191;;1665
513;23;1665;4191;
513;23;1664;;4189
513;23;4189;1664;4190
513;23;4190;4189;
513;23;1513;;1514
513;23;1514;1513;
513;23;4230;;4231
513;23;4231;4230;4234
513;23;4234;4231;
513;23;1789;;1790
513;23;1790;1789;
513;23;1783;;1784
513;23;1784;1783;
513;23;1786;;1787
513;23;1787;1786;
513;23;2428;;
513;23;2432;;
513;23;2430;;
513;23;2578;;
513;23;2580;;
513;23;4100;;2020
513;23;2020;4100;2023
513;23;2023;2020;2025
513;23;2025;2023;2026
513;23;2026;2025;2027
513;23;2027;2026;2028
513;23;2028;2027;2029
513;23;2029;2028;2030
513;23;2030;2029;
513;23;2152;;2153
513;23;2153;2152;2154
513;23;2154;2153;
513;23;3535;;3536
513;23;3536;3535;
513;23;3531;;3532
513;23;3532;3531;3533
513;23;3533;3532;
513;23;3924;;3925
513;23;3925;3924;
513;23;3612;;3613
513;23;3613;3612;
513;23;4182;;552
513;23;552;4182;551
513;23;551;552;
513;23;3919;;3920
513;23;3920;3919;3921
513;23;3921;3920;3993
513;23;3993;3921;3922
513;23;3922;3993;
513;23;802;;803
513;23;803;802;804
513;23;804;803;805
513;23;805;804;
513;23;3886;;1934
513;23;1934;3886;
513;23;2472;;
513;23;825;;826
513;23;826;825;827
513;23;827;826;
513;23;2544;;
513;23;1255;;1252
513;23;1252;1255;1251
513;23;1251;1252;
513;23;893;;894
513;23;894;893;895
513;23;895;894;
513;23;4424;;4425
513;23;4425;4424;4426
513;23;4426;4425;
513;23;1386;;1387
513;23;1387;1386;
513;23;2095;;2096
513;23;2096;2095;
513;23;2172;;2173
513;23;2173;2172;2174
513;23;2174;2173;
513;23;4204;;2042
513;23;2042;4204;
513;23;2040;;2041
513;23;2041;2040;
513;23;2089;;2090
513;23;2090;2089;
513;23;2168;;2169
513;23;2169;2168;2170
513;23;2170;2169;
513;23;2092;;2093
513;23;2093;2092;
513;23;1426;;1427
513;23;1427;1426;
513;23;4221;;4222
513;23;4222;4221;
513;23;4224;;4225
513;23;4225;4224;
513;23;2514;;
513;23;4227;;4228
513;23;4228;4227;
513;23;2060;;4040
513;23;4040;2060;
513;23;1419;;1420
513;23;1420;1419;
513;23;2126;;2127
513;23;2127;2126;
513;23;2129;;2130
513;23;2130;2129;
513;23;4401;;4402
513;23;4402;4401;
513;23;3991;;3865
513;23;3865;3991;3866
513;23;3866;3865;
513;23;3560;;3561
513;23;3561;3560;
513;23;3901;;2011
513;23;2011;3901;
513;23;1945;;1946
513;23;1946;1945;
513;23;4398;;4399
513;23;4399;4398;
513;23;962;;963
513;23;963;962;
513;23;4343;;4344
513;23;4344;4343;
513;23;1924;;1925
513;23;1925;1924;
513;23;3371;;3372
513;23;3372;3371;
513;23;3338;;3339
513;23;3339;3338;
513;23;3334;;3335
513;23;3335;3334;3336
513;23;3336;3335;
513;23;2138;;2139
513;23;2139;2138;2140
513;23;2140;2139;
513;23;1356;;1357
513;23;1357;1356;
513;23;3888;;3889
513;23;3889;3888;
513;23;3451;;3452
513;23;3452;3451;
513;23;1416;;1417
513;23;1417;1416;
513;23;1410;;1411
513;23;1411;1410;
513;23;2350;;
513;23;2356;;
513;23;2352;;
513;23;3894;;3895
513;23;3895;3894;
513;23;2105;;2106
513;23;2106;2105;2107
513;23;2107;2106;
513;23;2199;;2200
513;23;2200;2199;
513;23;2195;;2196
513;23;2196;2195;2197
513;23;2197;2196;
513;23;2222;;2223
513;23;2223;2222;2224
513;23;2224;2223;
513;23;3976;;3977
513;23;3977;3976;
513;23;2176;;2177
513;23;2177;2176;
513;23;1362;;1361
513;23;1361;1362;
