CID;TABCD;LCD;CLASS;TCD;STCD;ROADNUMBER;RNID;N1ID;N2ID;POL_LCD;PES_LEV
513;23;1725;L;1;2;G108;2570;2479;10;4;
513;23;1284;L;1;2;G108;2570;956;957;4;
513;23;1695;L;1;2;G108;415;2764;956;4;
513;23;762;L;1;4;;1341;858;3891;4;
513;23;929;L;1;4;G108;668;705;2764;4;
513;23;622;L;1;4;;65;3892;3893;4;
513;23;3825;L;1;4;;2454;2453;415;4;
513;23;430;L;1;2;G213;1152;3411;3754;4;
513;23;431;L;1;2;G213;1152;440;3785;4;
513;23;1723;L;1;2;G213;300;3903;302;4;
513;23;1826;L;1;4;;1351;1513;3891;4;
513;23;1293;L;1;2;G213;429;1136;1554;4;
513;23;1289;L;1;2;G213;935;1554;3179;4;
513;23;1318;L;1;2;G318;8;944;945;4;
513;23;1709;L;1;2;G318;534;535;944;4;
513;23;608;L;1;2;G318;598;10;600;4;
513;23;1314;L;1;2;G318;2774;600;2764;4;
513;23;477;L;1;4;;849;858;328;4;
513;23;418;L;1;2;G318;3065;2764;3612;4;
513;23;1700;L;1;2;G318;862;3612;864;4;
513;23;1703;L;1;2;G318;868;864;564;4;
513;23;3738;L;1;4;;1554;427;429;4;
513;23;1797;L;1;4;;2054;858;3891;4;
513;23;1706;L;1;2;G321;535;564;534;4;
513;23;201;L;2;1;G4201;2558;;;4;
513;23;92;L;1;1;G93;3919;2558;136;4;
513;23;67;L;1;1;G93;3919;3861;176;4;
513;23;1050;L;2;2;;858;;;4;
513;23;1620;L;1;3;S103;3916;2460;3171;4;
513;23;4078;L;1;3;S103;3427;3171;176;4;
513;23;4023;L;1;3;S105;142;3920;3471;4;
513;23;981;L;1;3;S105;3613;254;2558;4;
513;23;3835;L;1;3;S107;2456;489;3615;4;
513;23;4065;L;1;3;S107;3615;2456;2764;4;
513;23;3832;L;1;3;S107;489;3926;2456;4;
513;23;1506;L;1;4;;459;2232;461;4;
513;23;2000;L;1;4;;2212;2863;2211;4;
513;23;913;L;1;4;;41;42;188;4;
513;23;1823;L;1;4;;1406;3912;3911;4;
513;23;142;L;1;1;S8;3525;3919;10;4;
513;23;3456;L;1;4;X057;799;798;3914;4;
513;23;2206;L;1;4;X072;2229;3892;1409;4;
513;23;1655;L;1;4;XA01;564;2490;3868;4;
513;23;1652;L;1;4;XA19;11;12;3930;4;
513;23;3819;L;1;4;XA37;1823;2451;3931;4;
513;23;1649;L;1;4;XN14;12;15;2430;4;
513;23;2703;L;7;0;;;3570;2759;4;
513;23;785;L;1;4;;17;18;19;4;
513;23;1002;L;1;4;;20;3891;2764;4;
513;23;520;L;1;4;;23;3911;25;4;
513;23;1719;L;1;4;;3616;3932;34;4;
513;23;2637;L;7;0;;;3232;2759;4;
513;23;2641;L;7;0;;;3463;2759;4;
513;23;1976;L;1;4;;2202;756;2203;4;
513;23;1412;L;1;4;;35;36;37;4;
513;23;1659;L;1;4;;2490;3415;564;4;
513;23;1666;L;1;4;;38;3935;3922;4;
513;23;3903;L;1;4;;2536;3922;3415;4;
513;23;3758;L;1;4;;2416;2425;3810;4;
513;23;2683;L;7;0;;;3370;2761;4;
513;23;4193;L;1;4;;2294;858;3788;4;
513;23;3428;L;1;4;;2322;858;2323;4;
513;23;2667;L;7;0;;;3360;2761;4;
513;23;2607;L;7;0;;;3733;2761;4;
513;23;3978;L;1;4;;2326;2325;858;4;
513;23;2653;L;7;0;;;3248;2759;4;
513;23;1920;L;1;4;;42;89;2185;4;
513;23;1203;L;1;4;;44;3914;46;4;
513;23;4459;L;1;4;;4107;4108;4109;4;
513;23;3891;L;1;4;;2528;3069;3908;4;
513;23;335;L;7;0;;;1070;2564;4;
513;23;345;L;7;0;;;1070;2553;4;
513;23;2361;L;7;0;;;1070;2764;4;
513;23;2365;L;7;0;;;1070;2759;4;
513;23;2363;L;7;0;;;1070;2761;4;
513;23;956;L;1;4;;1070;2764;3645;4;
513;23;347;L;7;0;;;2634;2558;4;
513;23;353;L;7;0;;;2634;2591;4;
513;23;349;L;7;0;;;2634;2587;4;
513;23;351;L;7;0;;;2634;2589;4;
513;23;367;L;7;0;;;2648;2604;4;
513;23;373;L;7;0;;;2648;2608;4;
513;23;343;L;7;0;;;2621;2553;4;
513;23;357;L;7;0;;;2642;2558;4;
513;23;359;L;7;0;;;2642;2591;4;
513;23;363;L;7;0;;;2642;2587;4;
513;23;361;L;7;0;;;2642;2589;4;
513;23;381;L;7;0;;;2653;2604;4;
513;23;375;L;7;0;;;2653;2608;4;
513;23;2469;L;7;0;;;2848;2759;4;
513;23;998;L;1;4;;2848;858;2764;4;
513;23;1973;L;1;4;;2201;858;3891;4;
513;23;941;L;1;3;;56;858;3891;4;
513;23;1983;L;1;4;;2204;858;2205;4;
513;23;3914;L;1;4;;1665;2764;304;4;
513;23;618;L;1;4;;59;3893;858;4;
513;23;625;L;1;4;;62;63;3892;4;
513;23;1250;L;1;4;;86;87;3073;4;
513;23;3631;L;1;4;;86;1698;3075;4;
513;23;4438;L;1;4;;3937;3615;1698;4;
513;23;4097;L;1;4;;3706;3705;87;4;
513;23;909;L;1;4;;89;3914;42;4;
513;23;3438;L;1;4;;1656;1373;3908;4;
513;23;3313;L;1;4;;2502;3788;2295;4;
513;23;1524;L;1;4;;92;93;94;4;
513;23;3521;L;1;4;;99;1843;98;4;
513;23;806;L;1;4;;94;92;1136;4;
513;23;1518;L;1;4;;98;99;1136;4;
513;23;1521;L;1;4;;101;99;92;4;
513;23;4378;L;1;4;;3939;3161;3899;4;
513;23;2210;L;1;4;;1409;1362;1360;4;
513;23;2043;L;1;4;;1482;295;2229;4;
513;23;1216;L;1;4;;419;3908;106;4;
513;23;1209;L;1;4;;18;242;17;4;
513;23;1213;L;1;4;;362;106;242;4;
513;23;2187;L;1;4;;2261;1501;2262;4;
513;23;3812;L;1;4;;3645;3940;3941;4;
513;23;3816;L;1;4;;3851;3645;1823;4;
513;23;355;L;7;0;;;2558;2634;4;
513;23;365;L;7;0;;;2558;2642;4;
513;23;2347;L;7;0;;;2558;2274;4;
513;23;299;L;7;0;;;2558;3586;4;
513;23;309;L;7;0;;;2558;2596;4;
513;23;327;L;7;0;;;2564;1070;4;
513;23;333;L;7;0;;;2564;2625;4;
513;23;329;L;7;0;;;2564;2621;4;
513;23;331;L;7;0;;;2564;2623;4;
513;23;2761;L;7;0;;;2564;3483;4;
513;23;2763;L;7;0;;;2564;3491;4;
513;23;2741;L;7;0;;;2564;2131;4;
513;23;2743;L;7;0;;;2564;3478;4;
513;23;2781;L;7;0;;;2564;3472;4;
513;23;261;L;7;0;;;2564;3082;4;
513;23;263;L;7;0;;;2564;3087;4;
513;23;267;L;7;0;;;2564;3089;4;
513;23;265;L;7;0;;;2564;3091;4;
513;23;2319;L;7;0;;;2564;3039;4;
513;23;2321;L;7;0;;;2564;2725;4;
513;23;2353;L;7;0;;;2564;2274;4;
513;23;2335;L;7;0;;;2564;3080;4;
513;23;2337;L;7;0;;;2564;3094;4;
513;23;2339;L;7;0;;;2564;3098;4;
513;23;385;L;7;0;;;2564;3676;4;
513;23;387;L;7;0;;;2564;3678;4;
513;23;271;L;7;0;;;2564;415;4;
513;23;277;L;7;0;;;2564;3650;4;
513;23;273;L;7;0;;;2564;3595;4;
513;23;275;L;7;0;;;2564;3652;4;
513;23;2265;L;7;0;;;2564;1698;4;
513;23;2277;L;7;0;;;2564;3023;4;
513;23;2279;L;7;0;;;2564;3027;4;
513;23;2281;L;7;0;;;2564;3022;4;
513;23;2757;L;7;0;;;3488;3081;4;
513;23;369;L;7;0;;;2604;2648;4;
513;23;379;L;7;0;;;2604;2653;4;
513;23;311;L;7;0;;;2604;2609;4;
513;23;323;L;7;0;;;2604;3600;4;
513;23;2309;L;7;0;;;2604;2716;4;
513;23;2299;L;7;0;;;2604;2713;4;
513;23;285;L;7;0;;;2553;2574;4;
513;23;337;L;7;0;;;2553;1070;4;
513;23;339;L;7;0;;;2553;2625;4;
513;23;341;L;7;0;;;2553;2623;4;
513;23;391;L;7;0;;;2553;1048;4;
513;23;393;L;7;0;;;2553;2670;4;
513;23;395;L;7;0;;;2553;2671;4;
513;23;2759;L;7;0;;;2553;3081;4;
513;23;2745;L;7;0;;;2553;2131;4;
513;23;251;L;7;0;;;2553;3082;4;
513;23;253;L;7;0;;;2553;3089;4;
513;23;255;L;7;0;;;2553;3091;4;
513;23;2313;L;7;0;;;2553;369;4;
513;23;2315;L;7;0;;;2553;2725;4;
513;23;2345;L;7;0;;;2553;2274;4;
513;23;2325;L;7;0;;;2553;3080;4;
513;23;2327;L;7;0;;;2553;3096;4;
513;23;2329;L;7;0;;;2553;3098;4;
513;23;281;L;7;0;;;2553;415;4;
513;23;283;L;7;0;;;2553;3650;4;
513;23;2289;L;7;0;;;2553;2694;4;
513;23;2275;L;7;0;;;2553;2704;4;
513;23;2293;L;7;0;;;2553;2690;4;
513;23;2287;L;7;0;;;2553;3015;4;
513;23;2291;L;7;0;;;2553;2692;4;
513;23;2765;L;7;0;;;3486;3081;4;
513;23;2773;L;7;0;;;3538;2131;4;
513;23;371;L;7;0;;;2608;2648;4;
513;23;377;L;7;0;;;2608;2653;4;
513;23;2767;L;7;0;;;2608;2131;4;
513;23;2769;L;7;0;;;2608;3534;4;
513;23;315;L;7;0;;;2608;2609;4;
513;23;321;L;7;0;;;2608;3600;4;
513;23;2303;L;7;0;;;2608;2716;4;
513;23;2305;L;7;0;;;2608;2713;4;
513;23;2771;L;7;0;;;3536;2131;4;
513;23;399;L;7;0;;;1048;2553;4;
513;23;51;L;1;1;S9;1048;114;2558;4;
513;23;397;L;7;0;;;2673;2553;4;
513;23;2693;L;7;0;;;2266;2759;4;
513;23;4261;L;1;4;;2266;3380;2267;4;
513;23;4254;L;1;4;;3823;3717;3942;4;
513;23;2695;L;7;0;;;3380;2761;4;
513;23;4258;L;1;4;;3380;3942;2266;4;
513;23;4358;L;1;4;;3848;2764;3847;4;
513;23;2783;L;7;0;;;3913;2759;4;
513;23;2807;L;7;0;;;3913;2761;4;
513;23;1173;L;1;4;;3913;3668;2764;4;
513;23;1811;L;1;4;;3913;1513;118;4;
513;23;2525;L;7;0;;;4046;2759;4;
513;23;2785;L;7;0;;;4034;2759;4;
513;23;1979;L;1;4;;2203;3909;858;4;
513;23;2755;L;7;0;;;3081;2564;4;
513;23;2749;L;7;0;;;3081;2553;4;
513;23;2443;L;7;0;;;3081;2759;4;
513;23;2809;L;7;0;;;3081;2761;4;
513;23;1539;L;1;4;;3081;2764;3944;4;
513;23;2753;L;7;0;;;3483;2553;4;
513;23;2751;L;7;0;;;3483;3486;4;
513;23;2747;L;7;0;;;3491;2553;4;
513;23;2056;L;1;4;;2233;3892;2232;4;
513;23;2737;L;7;0;;;2131;3474;4;
513;23;2739;L;7;0;;;2131;2553;4;
513;23;2777;L;7;0;;;2131;3536;4;
513;23;2413;L;7;0;;;2131;2759;4;
513;23;1737;L;1;4;;2131;2133;2764;4;
513;23;2779;L;7;0;;;3478;2564;4;
513;23;2735;L;7;0;;;3472;2558;4;
513;23;2775;L;7;0;;;3472;3538;4;
513;23;2625;L;7;0;;;2975;2759;4;
513;23;2627;L;7;0;;;2975;2761;4;
513;23;716;L;1;4;;2975;3668;564;4;
513;23;153;L;1;1;S1;4001;15;142;4;
513;23;61;L;1;1;S1;15;2558;3672;4;
513;23;2685;L;7;0;;;3615;2761;4;
513;23;3707;L;1;4;;2407;3792;369;4;
513;23;4472;L;1;4;;4120;2407;3967;4;
513;23;64;L;1;1;S8;10;2570;2558;4;
513;23;2689;L;7;0;;;3919;2761;4;
513;23;4345;L;1;4;;3844;2764;3846;4;
513;23;75;L;1;1;;167;3911;2558;4;
513;23;3957;L;1;4;;3684;2267;366;4;
513;23;4241;L;1;4;;3938;3939;3710;4;
513;23;820;L;1;4;;176;3427;3891;4;
513;23;1391;L;1;3;;179;3908;181;4;
513;23;4140;L;1;4;;3729;2400;2398;4;
513;23;4145;L;1;4;;3730;2398;3925;4;
513;23;1455;L;1;4;;182;183;342;4;
513;23;1449;L;1;4;;185;3927;41;4;
513;23;1452;L;1;4;;188;41;182;4;
513;23;3459;L;1;4;;2325;3908;2326;4;
513;23;1224;L;1;4;;197;858;199;4;
513;23;2120;L;1;4;;1292;1414;200;4;
513;23;1228;L;1;4;;200;3891;858;4;
513;23;4251;L;1;4;;3710;3938;3171;4;
513;23;4247;L;1;4;;3822;3710;3691;4;
513;23;3257;L;1;4;;3171;3904;3427;4;
513;23;3350;L;1;4;;2307;1714;2299;4;
513;23;1128;L;1;4;;203;204;227;4;
513;23;3380;L;1;4;;2314;2313;397;4;
513;23;3383;L;1;4;;2315;2313;2317;4;
513;23;3402;L;1;4;;2313;2312;858;4;
513;23;1462;L;1;4;;209;193;3914;4;
513;23;1465;L;1;4;;193;3908;214;4;
513;23;1105;L;1;4;;3928;3908;17;4;
513;23;1103;L;1;4;;215;216;3908;4;
513;23;3997;L;1;4;;3428;181;3908;4;
513;23;4456;L;1;4;;4105;216;4106;4;
513;23;3847;L;1;4;;227;41;2427;4;
513;23;1141;L;1;4;;227;203;441;4;
513;23;1169;L;1;4;;230;231;3891;4;
513;23;1747;L;1;4;;1061;3065;2764;4;
513;23;1380;L;1;4;;236;3908;238;4;
513;23;1363;L;1;4;;1321;236;241;4;
513;23;4341;L;1;4;;1766;3842;342;4;
513;23;2461;L;7;0;;;3402;2759;4;
513;23;2727;L;7;0;;;3402;2759;4;
513;23;900;L;1;4;;242;18;3928;4;
513;23;4427;L;1;4;;3887;1663;311;4;
513;23;3444;L;1;4;;1663;2764;304;4;
513;23;1830;L;1;4;;2154;3893;229;4;
513;23;1545;L;1;4;;1095;3948;1070;4;
513;23;1926;L;1;4;;1904;183;2175;4;
513;23;1373;L;1;4;;1322;3927;236;4;
513;23;695;L;1;3;;251;3892;253;4;
513;23;1878;L;1;4;;896;895;2171;4;
513;23;970;L;1;4;;254;3699;20;4;
513;23;130;L;1;1;;2442;4116;1048;4;
513;23;4317;L;1;4;;3668;1353;3666;4;
513;23;1005;L;2;2;;257;;;4;
513;23;513;L;1;4;;118;3912;3913;4;
513;23;516;L;1;4;;261;25;3912;4;
513;23;1494;L;1;4;;264;1366;266;4;
513;23;2078;L;1;4;;1366;3891;858;4;
513;23;1491;L;1;4;;3149;268;1366;4;
513;23;3310;L;1;4;;1287;197;858;4;
513;23;4387;L;1;4;;3867;3868;3950;4;
513;23;3893;L;1;4;;2531;3908;2529;4;
513;23;4012;L;1;4;;3699;3949;254;4;
513;23;4161;L;1;4;;2092;3352;2070;4;
513;23;888;L;1;4;;1377;3891;858;4;
513;23;1601;L;1;4;;3942;277;1483;4;
513;23;500;L;1;4;;3911;1405;167;4;
513;23;4453;L;1;3;;4104;1534;287;4;
513;23;4104;L;1;4;;3711;1360;468;4;
513;23;1085;L;1;4;;1360;295;3891;4;
513;23;2100;L;1;4;;1368;2248;3891;4;
513;23;2164;L;1;4;;2250;318;319;4;
513;23;2108;L;1;4;;319;3891;858;4;
513;23;853;L;1;4;;297;3891;858;4;
513;23;2613;L;7;0;;;3236;2759;4;
513;23;1842;L;1;4;;2159;1446;2155;4;
513;23;1899;L;1;4;;2181;913;2182;4;
513;23;1902;L;1;4;;2183;2182;3914;4;
513;23;1905;L;1;4;;1298;3914;2184;4;
513;23;1896;L;1;4;;37;2180;913;4;
513;23;1893;L;1;4;;2179;2178;2180;4;
513;23;1890;L;1;4;;2177;241;2178;4;
513;23;1881;L;1;4;;2172;2171;3914;4;
513;23;648;L;1;3;;303;304;3891;4;
513;23;662;L;1;3;;3950;3953;311;4;
513;23;3933;L;1;4;;3335;3336;1341;4;
513;23;1672;L;1;4;;34;3615;3916;4;
513;23;2155;L;1;4;;3156;3891;317;4;
513;23;1482;L;1;4;;1413;297;317;4;
513;23;1485;L;1;4;;318;319;1413;4;
513;23;4291;L;1;4;;3833;3854;3711;4;
513;23;4127;L;1;4;;2284;2296;2283;4;
513;23;3273;L;1;4;;2283;1360;2282;4;
513;23;3387;L;1;4;;2305;2317;2304;4;
513;23;2681;L;7;0;;;3326;2759;4;
513;23;1756;L;1;4;;1569;1356;2138;4;
513;23;2605;L;7;0;;;3246;2759;4;
513;23;2183;L;1;4;;1410;1717;1360;4;
513;23;2835;L;7;0;;;2989;2761;4;
513;23;4353;L;1;4;;2989;2764;3847;4;
513;23;3761;L;1;4;;2426;1048;2425;4;
513;23;3767;L;1;4;;2429;2426;2427;4;
513;23;4279;L;1;4;;3829;3380;3830;4;
513;23;4276;L;1;4;;3828;2937;3380;4;
513;23;3728;L;1;4;;1042;2419;3703;4;
513;23;3725;L;1;4;;2418;2417;2419;4;
513;23;3856;L;1;4;;2500;1533;3891;4;
513;23;1970;L;1;4;;2199;2200;1533;4;
513;23;4238;L;1;4;;3819;3929;1369;4;
513;23;1833;L;1;4;;2155;229;2157;4;
513;23;482;L;1;4;X120;3893;328;1405;4;
513;23;1122;L;1;4;;333;334;3892;4;
513;23;4384;L;1;4;;3866;702;3342;4;
513;23;3954;L;1;4;;2144;3342;3704;4;
513;23;4381;L;1;4;;3342;3866;2144;4;
513;23;1645;L;1;4;;1168;564;3705;4;
513;23;3390;L;1;4;;2317;396;2315;4;
513;23;3343;L;1;4;;2304;396;2305;4;
513;23;269;L;7;0;;;3082;2564;4;
513;23;259;L;7;0;;;3082;2553;4;
513;23;2441;L;7;0;;;3082;2761;4;
513;23;257;L;7;0;;;3087;2553;4;
513;23;54;L;1;1;;3116;118;2128;4;
513;23;798;L;1;4;;339;436;858;4;
513;23;4390;L;1;4;;3868;2491;3867;4;
513;23;3614;L;1;4;;2366;2356;3160;4;
513;23;4368;L;1;4;;3845;3844;3554;4;
513;23;4373;L;1;4;;3846;3847;3554;4;
513;23;4349;L;1;4;;3847;3846;3849;4;
513;23;2015;L;1;4;;3517;3895;3898;4;
513;23;4326;L;1;4;;2169;722;3840;4;
513;23;4329;L;1;4;;3840;2169;2529;4;
513;23;1458;L;1;4;;342;3914;3893;4;
513;23;4045;L;1;4;;3895;3957;3952;4;
513;23;1964;L;1;4;;1399;1347;3911;4;
513;23;896;L;1;4;;360;361;362;4;
513;23;3435;L;1;4;;1671;539;3908;4;
513;23;3431;L;1;4;;2295;2323;1671;4;
513;23;2701;L;7;0;;;3303;2761;4;
513;23;1551;L;1;3;;2903;3607;427;4;
513;23;3260;L;1;4;;1282;3710;3721;4;
513;23;3263;L;1;4;;3721;1282;3691;4;
513;23;3595;L;1;4;;1934;1844;2338;4;
513;23;3591;L;1;4;;2349;2764;1934;4;
513;23;3513;L;1;4;;2348;2346;1843;4;
513;23;4306;L;1;4;;3947;230;1354;4;
513;23;4303;L;1;4;;3834;3891;3876;4;
513;23;4403;L;1;4;;3876;3877;230;4;
513;23;401;L;1;4;;295;3892;1360;4;
513;23;413;L;1;3;;366;3904;295;4;
513;23;81;L;1;1;S6;369;2503;3892;4;
513;23;2317;L;7;0;;;2731;2553;4;
513;23;2323;L;7;0;;;3041;2564;4;
513;23;4052;L;1;3;;3904;369;366;4;
513;23;3670;L;1;4;;3960;3899;3171;4;
513;23;849;L;1;3;;1369;2764;3891;4;
513;23;1094;L;1;4;;3912;3911;118;4;
513;23;3937;L;1;4;;3337;3913;1351;4;
513;23;2064;L;1;4;;3961;3799;2239;4;
513;23;1515;L;1;4;;93;391;92;4;
513;23;3283;L;1;4;;2287;2286;328;4;
513;23;832;L;1;4;;396;397;62;4;
513;23;1917;L;1;4;;2190;2189;41;4;
513;23;2489;L;7;0;;;2863;2759;4;
513;23;766;L;1;4;;2863;3891;2764;4;
513;23;4270;L;1;4;;3826;3943;3942;4;
513;23;4264;L;1;4;;3943;2221;3825;4;
513;23;4267;L;1;4;;3825;3718;3943;4;
513;23;920;L;1;4;;3910;41;407;4;
513;23;1957;L;1;4;;2197;50;3910;4;
513;23;1967;L;1;4;;2197;3855;2199;4;
513;23;1119;L;1;4;;216;409;334;4;
513;23;3527;L;1;4;;2353;2352;3801;4;
513;23;3926;L;1;4;;2352;2353;3891;4;
513;23;3524;L;1;4;;96;969;2352;4;
513;23;2659;L;7;0;;;3613;2759;4;
513;23;2491;L;7;0;;;3768;2761;4;
513;23;3508;L;1;4;;2346;555;2348;4;
513;23;976;L;1;4;;1136;94;3613;4;
513;23;1689;L;1;4;;414;415;416;4;
513;23;2535;L;7;0;;;950;2761;4;
513;23;3710;L;1;4;;950;2764;2411;4;
513;23;1571;L;1;4;;423;1549;935;4;
513;23;3745;L;1;4;;2421;1554;3177;4;
513;23;1568;L;1;4;;951;427;1549;4;
513;23;3751;L;1;4;;2420;1549;1559;4;
513;23;3748;L;1;4;;1549;3177;423;4;
513;23;3405;L;1;4;;3347;2313;3892;4;
513;23;3620;L;1;4;;2367;3937;3929;4;
513;23;3462;L;1;4;;2327;2326;1390;4;
513;23;4440;L;7;0;;;429;2764;4;
513;23;2665;L;7;0;;;429;2761;4;
513;23;3466;L;1;4;;1390;2327;2328;4;
513;23;2515;L;7;0;;;3762;2761;4;
513;23;3742;L;1;4;;3762;2764;2421;4;
513;23;3473;L;1;4;;2083;969;1341;4;
513;23;3548;L;1;4;;1668;2358;304;4;
513;23;2591;L;7;0;;;2950;2761;4;
513;23;4416;L;1;4;;2371;86;3884;4;
513;23;1440;L;1;4;;435;436;437;4;
513;23;2523;L;7;0;;;2347;2759;4;
513;23;3552;L;1;4;;2347;2764;304;4;
513;23;3470;L;1;4;;2329;2328;2083;4;
513;23;3734;L;1;4;;1559;427;935;4;
513;23;2237;L;1;4;;3718;3961;1483;4;
513;23;1164;L;1;4;;441;858;3891;4;
513;23;3646;L;1;4;;3899;3916;2397;4;
513;23;434;L;1;3;;3899;3754;3891;4;
513;23;1610;L;1;4;;3754;1483;2131;4;
513;23;628;L;1;4;;450;409;63;4;
513;23;634;L;1;4;;453;454;455;4;
513;23;631;L;1;4;;199;455;409;4;
513;23;3556;L;1;4;;2359;304;2332;4;
513;23;3363;L;1;4;;204;1445;203;4;
513;23;4300;L;1;4;;3803;468;665;4;
513;23;2250;L;1;4;;3716;3952;1483;4;
513;23;2247;L;1;4;;3717;2221;3952;4;
513;23;2675;L;7;0;;;462;2759;4;
513;23;1247;L;1;4;;462;2764;3886;4;
513;23;2343;L;7;0;;;3080;2564;4;
513;23;2333;L;7;0;;;3080;2553;4;
513;23;2331;L;7;0;;;3094;2553;4;
513;23;2341;L;7;0;;;3096;2564;4;
513;23;1763;L;1;4;;1883;3908;2054;4;
513;23;1760;L;1;4;;2139;2140;3908;4;
513;23;2597;L;7;0;;;3055;2759;4;
513;23;2465;L;7;0;;;3239;2759;4;
513;23;2068;L;1;4;;2239;3961;366;4;
513;23;523;L;1;4;;1357;3891;446;4;
513;23;1530;L;1;4;;468;469;1357;4;
513;23;424;L;1;4;;3134;1357;3125;4;
513;23;2421;L;7;0;;;3125;2815;4;
513;23;2419;L;7;0;;;3125;2764;4;
513;23;2423;L;7;0;;;3125;2759;4;
513;23;2425;L;7;0;;;3125;2761;4;
513;23;4123;L;1;4;;3125;3134;2764;4;
513;23;1533;L;1;4;;469;475;468;4;
513;23;2663;L;7;0;;;3357;2759;4;
513;23;1996;L;1;3;;2208;2207;254;4;
513;23;4430;L;1;4;;3888;2209;3699;4;
513;23;1990;L;1;4;;1342;858;3891;4;
513;23;2006;L;1;4;;2209;2211;2208;4;
513;23;1993;L;1;3;;2206;3891;2207;4;
513;23;2190;L;1;4;;1264;2262;176;4;
513;23;2144;L;1;4;;2253;1291;858;4;
513;23;3627;L;1;4;;1208;3615;3929;4;
513;23;3415;L;1;4;;2019;455;2319;4;
513;23;1802;L;1;4;;906;227;3908;4;
513;23;2699;L;7;0;;;4062;2759;4;
513;23;472;L;1;4;;461;3891;858;4;
513;23;3316;L;1;4;;2296;461;2284;4;
513;23;2585;L;7;0;;;1483;2759;4;
513;23;2587;L;7;0;;;1483;2761;4;
513;23;463;L;1;4;;1483;3716;1409;4;
513;23;467;L;1;4;;1362;1409;3891;4;
513;23;4393;L;1;4;;3871;2425;2416;4;
513;23;2218;L;1;4;;2248;3886;176;4;
513;23;2561;L;7;0;;;2928;2759;4;
513;23;2053;L;1;4;;2232;459;2233;4;
513;23;3682;L;1;4;;2399;3925;3615;4;
513;23;3359;L;1;4;;2308;3732;858;4;
513;23;3422;L;1;4;;1722;3892;3143;4;
513;23;4130;L;1;4;;3726;3692;3716;4;
513;23;1884;L;1;4;;2173;3914;2174;4;
513;23;3951;L;1;4;;1356;1569;3891;4;
513;23;1753;L;1;4;;1635;475;1894;4;
513;23;3948;L;1;4;;1894;702;1356;4;
513;23;4198;L;1;4;;3796;2145;3343;4;
513;23;3676;L;1;4;;2398;2397;3731;4;
513;23;1714;L;1;4;;2491;3868;3950;4;
513;23;3319;L;1;4;;1713;3892;2297;4;
513;23;3862;L;1;4;;2034;2297;849;4;
513;23;3656;L;1;4;;3962;3916;3686;4;
513;23;3701;L;1;4;;3968;3962;2407;4;
513;23;3286;L;1;4;;328;2287;849;4;
513;23;3292;L;1;4;;2289;3892;2290;4;
513;23;3289;L;1;4;;2288;328;3892;4;
513;23;1503;L;1;4;;492;3892;459;4;
513;23;2495;L;7;0;;;2868;2759;4;
513;23;2805;L;7;0;;;3554;2761;4;
513;23;4363;L;1;4;;3554;3081;3849;4;
513;23;3356;L;1;4;;2035;849;3732;4;
513;23;2519;L;7;0;;;2887;2759;4;
513;23;1536;L;1;4;;495;2764;3081;4;
513;23;1234;L;1;4;;501;502;3891;4;
513;23;1240;L;1;4;;504;3886;506;4;
513;23;1237;L;1;4;;507;506;502;4;
513;23;2134;L;1;4;;1981;3886;506;4;
513;23;3867;L;1;4;;502;2511;501;4;
513;23;527;L;1;4;;475;3891;930;4;
513;23;2847;L;7;0;;;4049;2759;4;
513;23;2148;L;1;4;;1980;3886;2260;4;
513;23;3323;L;1;4;;2297;858;1713;4;
513;23;3562;L;1;4;;1375;3891;2330;4;
513;23;1388;L;1;4;;510;35;3914;4;
513;23;1406;L;1;4;;513;514;858;4;
513;23;1950;L;1;4;;514;513;3911;4;
513;23;1403;L;1;4;;516;517;514;4;
513;23;1947;L;1;4;;2196;2195;516;4;
513;23;4152;L;1;4;;3737;416;3971;4;
513;23;3828;L;1;4;;2441;415;416;4;
513;23;759;L;1;4;;519;437;858;4;
513;23;3885;L;1;4;;2524;2193;2192;4;
513;23;1816;L;1;4;;1513;3914;3912;4;
513;23;2816;L;7;0;;;3567;2759;4;
513;23;2818;L;7;0;;;3567;2761;4;
513;23;4285;L;1;4;;3831;3718;3942;4;
513;23;3770;L;1;4;;2427;2417;1152;4;
513;23;4469;L;1;4;;2290;2289;2292;4;
513;23;3307;L;1;4;;2293;2292;1287;4;
513;23;3304;L;1;4;;2292;735;2293;4;
513;23;3887;L;1;4;;2527;227;2525;4;
513;23;3353;L;1;4;;2299;2298;2035;4;
513;23;1500;L;1;4;;525;266;492;4;
513;23;1206;L;1;4;;528;17;3914;4;
513;23;2713;L;7;0;;;2981;2761;4;
513;23;2673;L;7;0;;;3993;2761;4;
513;23;4235;L;1;4;;3993;3607;2764;4;
513;23;1593;L;1;4;;3702;3607;3973;4;
513;23;1961;L;1;4;;1532;3910;1347;4;
513;23;2117;L;1;4;;1414;297;858;4;
513;23;3441;L;1;4;;454;453;738;4;
513;23;2557;L;7;0;;;3243;2759;4;
513;23;644;L;1;3;;1373;3891;539;4;
513;23;781;L;1;4;;540;19;3927;4;
513;23;2725;L;7;0;;;2838;2759;4;
513;23;2453;L;7;0;;;2836;2761;4;
513;23;4028;L;1;4;;2836;2764;1019;4;
513;23;4158;L;1;4;;1827;3741;227;4;
513;23;1860;L;1;4;;2164;3440;3740;4;
513;23;4154;L;1;4;;3739;3740;3741;4;
513;23;3981;L;1;4;;3352;2362;2092;4;
513;23;1266;L;1;4;;304;504;545;4;
513;23;3985;L;1;4;;3353;3352;794;4;
513;23;3581;L;1;4;;2362;858;794;4;
513;23;640;L;1;3;;539;3974;858;4;
513;23;637;L;1;4;;549;858;454;4;
513;23;2827;L;7;0;;;3575;2761;4;
513;23;4406;L;1;4;;3575;3573;2764;4;
513;23;2529;L;7;0;;;4100;2761;4;
513;23;1565;L;1;4;;555;2764;1666;4;
513;23;599;L;1;3;;1666;555;3891;4;
513;23;3578;L;1;4;;2334;2333;1376;4;
513;23;2131;L;1;4;;2258;2257;2511;4;
513;23;4163;L;1;4;;3743;1439;3914;4;
513;23;1854;L;1;4;;2162;214;1439;4;
513;23;4442;L;7;0;;;3573;2759;4;
513;23;4296;L;1;4;;3573;3125;665;4;
513;23;2487;L;7;0;;;3444;2761;4;
513;23;3537;L;1;4;;2207;1524;2206;4;
513;23;2161;L;1;4;;1014;1292;858;4;
513;23;2158;L;1;4;;317;1413;1014;4;
513;23;3298;L;1;4;;2291;396;1926;4;
513;23;4463;L;1;4;;4113;3737;1180;4;
513;23;3802;L;1;4;;3971;415;3737;4;
513;23;1189;L;1;3;;3909;3745;3891;4;
513;23;531;L;1;3;;3892;295;251;4;
513;23;705;L;1;3;;3927;251;3745;4;
513;23;988;L;1;4;;3948;2027;3977;4;
513;23;383;L;7;0;;;3980;2564;4;
513;23;389;L;7;0;;;3978;2564;4;
513;23;2477;L;7;0;;;3949;2759;4;
513;23;944;L;1;3;;3949;3891;3444;4;
513;23;279;L;7;0;;;415;2564;4;
513;23;289;L;7;0;;;415;2553;4;
513;23;291;L;7;0;;;3586;2558;4;
513;23;297;L;7;0;;;3586;2591;4;
513;23;293;L;7;0;;;3586;2587;4;
513;23;317;L;7;0;;;3594;2608;4;
513;23;295;L;7;0;;;3586;2589;4;
513;23;313;L;7;0;;;2609;2604;4;
513;23;287;L;7;0;;;3595;2553;4;
513;23;301;L;7;0;;;2596;2558;4;
513;23;303;L;7;0;;;2596;2591;4;
513;23;307;L;7;0;;;2596;2587;4;
513;23;305;L;7;0;;;2596;2589;4;
513;23;325;L;7;0;;;3600;2604;4;
513;23;319;L;7;0;;;3600;2608;4;
513;23;2537;L;7;0;;;311;2759;4;
513;23;652;L;1;3;;311;3950;304;4;
513;23;2009;L;1;4;;1748;3949;2535;4;
513;23;2621;L;7;0;;;3258;2759;4;
513;23;1437;L;1;4;;361;360;435;4;
513;23;1090;L;1;4;;930;3891;475;4;
513;23;665;L;2;2;;631;;;4;
513;23;217;L;2;1;;2764;;;4;
513;23;2611;L;7;0;;;2764;1061;4;
513;23;2820;L;7;0;;;2759;3570;4;
513;23;2473;L;7;0;;;2759;2848;4;
513;23;2811;L;7;0;;;2759;3913;4;
513;23;2445;L;7;0;;;2759;4042;4;
513;23;2447;L;7;0;;;2759;4044;4;
513;23;2629;L;7;0;;;2759;2975;4;
513;23;2671;L;7;0;;;2759;1663;4;
513;23;2545;L;7;0;;;2759;3326;4;
513;23;2609;L;7;0;;;2759;3246;4;
513;23;2669;L;7;0;;;2759;2349;4;
513;23;2503;L;7;0;;;2759;2863;4;
513;23;2656;L;7;0;;;2759;3613;4;
513;23;2787;L;7;0;;;2759;3618;4;
513;23;2541;L;7;0;;;2759;462;4;
513;23;2593;L;7;0;;;2759;4062;4;
513;23;2589;L;7;0;;;2759;1483;4;
513;23;2565;L;7;0;;;2759;2928;4;
513;23;2687;L;7;0;;;2759;3374;4;
513;23;2527;L;7;0;;;2759;3005;4;
513;23;2651;L;7;0;;;2759;3188;4;
513;23;2731;L;7;0;;;2759;3406;4;
513;23;2455;L;7;0;;;2759;2838;4;
513;23;2617;L;7;0;;;2759;3575;4;
513;23;2733;L;7;0;;;2759;1337;4;
513;23;2483;L;7;0;;;2759;3949;4;
513;23;2357;L;7;0;;;2759;415;4;
513;23;2709;L;7;0;;;2759;3258;4;
513;23;2371;L;7;0;;;2759;1792;4;
513;23;2451;L;7;0;;;2759;3714;4;
513;23;2383;L;7;0;;;2759;1791;4;
513;23;2379;L;7;0;;;2759;3973;4;
513;23;2399;L;7;0;;;2759;3952;4;
513;23;2405;L;7;0;;;2759;4067;4;
513;23;2409;L;7;0;;;2759;4069;4;
513;23;2507;L;7;0;;;2759;4015;4;
513;23;2553;L;7;0;;;2759;3461;4;
513;23;4444;L;7;0;;;2759;3929;4;
513;23;2633;L;7;0;;;2759;3203;4;
513;23;2417;L;7;0;;;2759;3065;4;
513;23;2581;L;7;0;;;2759;3951;4;
513;23;2517;L;7;0;;;2759;3620;4;
513;23;2822;L;7;0;;;2761;3570;4;
513;23;2841;L;7;0;;;2761;3370;4;
513;23;2467;L;7;0;;;2761;1070;4;
513;23;2711;L;7;0;;;2761;3392;4;
513;23;2801;L;7;0;;;2761;3913;4;
513;23;2803;L;7;0;;;2761;4039;4;
513;23;2789;L;7;0;;;2761;3081;4;
513;23;2623;L;7;0;;;2761;2975;4;
513;23;2635;L;7;0;;;2761;3844;4;
513;23;2843;L;7;0;;;2761;1061;4;
513;23;2457;L;7;0;;;2761;3402;4;
513;23;2539;L;7;0;;;2761;3950;4;
513;23;2639;L;7;0;;;2761;2989;4;
513;23;2435;L;7;0;;;2761;3089;4;
513;23;2657;L;7;0;;;2761;3355;4;
513;23;2595;L;7;0;;;2761;3051;4;
513;23;2661;L;7;0;;;2761;3613;4;
513;23;2531;L;7;0;;;2761;950;4;
513;23;2521;L;7;0;;;2761;3261;4;
513;23;2505;L;7;0;;;2761;429;4;
513;23;2511;L;7;0;;;2761;3762;4;
513;23;2849;L;7;0;;;2761;4060;4;
513;23;2415;L;7;0;;;2761;3125;4;
513;23;2583;L;7;0;;;2761;1483;4;
513;23;2791;L;7;0;;;2761;3554;4;
513;23;2619;L;7;0;;;2761;3301;4;
513;23;2845;L;7;0;;;2761;2981;4;
513;23;2723;L;7;0;;;2761;2836;4;
513;23;2824;L;7;0;;;2761;3573;4;
513;23;2697;L;7;0;;;2761;3382;4;
513;23;2603;L;7;0;;;2761;3219;4;
513;23;2475;L;7;0;;;2761;2853;4;
513;23;2833;L;7;0;;;2761;3625;4;
513;23;2719;L;7;0;;;2761;3714;4;
513;23;2567;L;7;0;;;2761;2933;4;
513;23;2381;L;7;0;;;2761;1791;4;
513;23;2375;L;7;0;;;2761;3973;4;
513;23;2839;L;7;0;;;2761;4083;4;
513;23;2403;L;7;0;;;2761;3952;4;
513;23;2813;L;7;0;;;2761;3565;4;
513;23;2691;L;7;0;;;2761;3377;4;
513;23;2389;L;7;0;;;2761;3929;4;
513;23;2679;L;7;0;;;2761;3367;4;
513;23;2499;L;7;0;;;2761;3661;4;
513;23;2615;L;7;0;;;2761;3228;4;
513;23;2563;L;7;0;;;2761;2930;4;
513;23;2575;L;7;0;;;2761;3951;4;
513;23;2677;L;7;0;;;2761;3073;4;
513;23;2359;L;7;0;;;2761;668;4;
513;23;2559;L;7;0;;;2761;3372;4;
513;23;1845;L;1;4;;229;2155;227;4;
513;23;1953;L;1;4;;1347;858;3891;4;
513;23;776;L;1;4;;3749;440;638;4;
513;23;3418;L;1;4;;2320;2319;3892;4;
513;23;3588;L;1;4;;106;419;3928;4;
513;23;1358;L;1;4;;334;643;333;4;
513;23;1172;L;1;4;;2494;3134;3751;4;
513;23;3453;L;1;4;;2324;1474;799;4;
513;23;2141;L;1;4;;2259;3891;1291;4;
513;23;2075;L;1;4;;2242;2241;3891;4;
513;23;2071;L;1;4;;2240;366;2241;4;
513;23;4201;L;1;4;;3752;1713;2298;4;
513;23;3327;L;1;4;;2298;3752;2299;4;
513;23;2228;L;1;4;;2267;2266;2223;4;
513;23;2225;L;1;4;;2238;2239;2266;4;
513;23;2231;L;1;4;;2223;3951;2268;4;
513;23;2050;L;1;4;;2230;1363;459;4;
513;23;2729;L;7;0;;;3404;2761;4;
513;23;1887;L;1;4;;2175;2174;2176;4;
513;23;3330;L;1;4;;2300;2299;849;4;
513;23;2599;L;7;0;;;3284;2761;4;
513;23;795;L;1;4;;436;339;435;4;
513;23;3568;L;1;4;;2331;2330;2069;4;
513;23;3476;L;1;4;;2330;3908;2331;4;
513;23;3565;L;1;4;;2360;3891;2331;4;
513;23;2705;L;7;0;;;3387;2761;4;
513;23;3584;L;1;4;;790;789;106;4;
513;23;4129;L;1;4;;3692;3952;1483;4;
513;23;1744;L;1;4;;1219;2131;868;4;
513;23;1851;L;1;4;;1275;3908;2515;4;
513;23;3871;L;1;4;;2514;2515;2516;4;
513;23;1872;L;1;4;;722;3755;2169;4;
513;23;1869;L;1;4;;2168;3908;241;4;
513;23;1875;L;1;4;;2170;2169;895;4;
513;23;4017;L;1;4;;2165;227;3985;4;
513;23;4020;L;1;4;;2167;3985;3908;4;
513;23;577;L;1;3;;3908;3891;1354;4;
513;23;3517;L;1;4;;1843;1792;3307;4;
513;23;2373;L;7;0;;;1792;2759;4;
513;23;883;L;1;4;;1792;427;3891;4;
513;23;4215;L;1;4;;3812;555;1792;4;
513;23;3544;L;1;4;;2358;1791;1668;4;
513;23;4109;L;1;4;;3963;1019;1751;4;
513;23;3797;L;1;4;;416;1751;414;4;
513;23;2721;L;7;0;;;3714;2761;4;
513;23;4112;L;1;4;;3714;2764;1019;4;
513;23;3501;L;1;4;;2344;1792;2342;4;
513;23;3494;L;1;4;;2340;1792;2342;4;
513;23;878;L;1;3;;427;661;1792;4;
513;23;3608;L;1;4;;2365;2341;3891;4;
513;23;3601;L;1;4;;2350;1843;2341;4;
513;23;3605;L;1;4;;2341;2344;2340;4;
513;23;4309;L;1;4;;3836;1354;1353;4;
513;23;4313;L;1;4;;3837;3891;3857;4;
513;23;554;L;1;3;;1354;3891;665;4;
513;23;3649;L;1;4;;3161;3916;3957;4;
513;23;4433;L;1;4;;3161;1882;3914;4;
513;23;3698;L;1;4;;3989;3161;3916;4;
513;23;1794;L;1;4;;1882;2149;2054;4;
513;23;964;L;1;4;;666;20;668;4;
513;23;1769;L;1;4;;2141;3914;2142;4;
513;23;3943;L;1;4;;2142;3914;3891;4;
513;23;1766;L;1;4;;1860;2054;3914;4;
513;23;1350;L;1;4;;3617;1524;2558;4;
513;23;3972;L;1;4;;1863;3156;2259;4;
513;23;1474;L;1;4;;1371;3891;1291;4;
513;23;3485;L;1;4;;2335;2334;2336;4;
513;23;3479;L;1;4;;1683;1666;2332;4;
513;23;3482;L;1;4;;2333;2332;2334;4;
513;23;725;L;1;4;;1353;3891;3668;4;
513;23;3540;L;1;4;;1901;1665;1791;4;
513;23;3877;L;1;4;;2517;311;1665;4;
513;23;1478;L;1;4;;1291;317;200;4;
513;23;3897;L;1;4;;2532;2530;895;4;
513;23;1791;L;1;4;;2149;2148;3908;4;
513;23;1132;L;1;4;;253;203;3914;4;
513;23;614;L;1;4;;702;930;858;4;
513;23;3280;L;1;4;;2286;2282;2287;4;
513;23;4332;L;1;4;;3841;214;3842;4;
513;23;926;L;1;4;;705;407;668;4;
513;23;1509;L;1;4;;407;3990;3911;4;
513;23;2385;L;7;0;;;1791;2759;4;
513;23;2377;L;7;0;;;1791;2761;4;
513;23;604;L;1;3;;1791;2764;555;4;
513;23;4450;L;1;3;;4103;3973;1791;4;
513;23;3340;L;1;4;;4112;858;2282;4;
513;23;1398;L;1;4;;183;3914;517;4;
513;23;1394;L;1;4;;717;241;183;4;
513;23;1836;L;1;4;;2157;2155;1106;4;
513;23;1366;L;1;4;;241;253;722;4;
513;23;2707;L;7;0;;;3389;2761;4;
513;23;1548;L;1;4;;723;1070;415;4;
513;23;2401;L;7;0;;;3952;2759;4;
513;23;2397;L;7;0;;;3952;2761;4;
513;23;446;L;1;3;;3952;1152;3892;4;
513;23;2407;L;7;0;;;4067;2759;4;
513;23;450;L;1;3;;3991;3895;2764;4;
513;23;2411;L;7;0;;;4069;2761;4;
513;23;3267;L;1;4;;3691;3753;3692;4;
513;23;4212;L;1;4;;1041;807;1152;4;
513;23;3721;L;1;4;;2415;807;2417;4;
513;23;4273;L;1;4;;3827;3942;2764;4;
513;23;2234;L;1;4;;2268;2223;3833;4;
513;23;3754;L;1;4;;2425;2426;2417;4;
513;23;4288;L;1;4;;3832;3942;2764;4;
513;23;1468;L;1;4;;729;1106;193;4;
513;23;1471;L;1;4;;1106;59;227;4;
513;23;1808;L;1;4;;2152;892;3914;4;
513;23;4282;L;1;4;;3830;3829;3827;4;
513;23;863;L;1;4;;735;736;450;4;
513;23;1276;L;1;4;;1844;545;1792;4;
513;23;3491;L;1;4;;2339;2338;1792;4;
513;23;3488;L;1;4;;2336;2335;2338;4;
513;23;3575;L;1;4;;2361;304;2334;4;
513;23;3498;L;1;4;;3757;3452;1792;4;
513;23;3598;L;1;4;;2338;3757;2336;4;
513;23;2178;L;1;4;;1717;2244;3892;4;
513;23;2035;L;1;4;;2226;2225;3891;4;
513;23;2031;L;1;4;;2224;366;1717;4;
513;23;2201;L;1;4;;2225;1365;3892;4;
513;23;3731;L;1;4;;1424;950;1559;4;
513;23;1116;L;1;4;;747;17;3914;4;
513;23;2829;L;7;0;;;3565;2761;4;
513;23;4071;L;1;4;;3666;3891;3668;4;
513;23;4118;L;1;4;;3377;3942;2764;4;
513;23;2253;L;1;4;;2221;3718;3942;4;
513;23;3623;L;1;4;XA091;3760;3929;2764;4;
513;23;2459;L;7;0;;;4024;2761;4;
513;23;3774;L;1;4;;1046;798;3758;4;
513;23;3277;L;1;4;;2282;2283;2286;4;
513;23;1805;L;1;4;;2151;3908;892;4;
513;23;3929;L;1;4;;3334;3891;3335;4;
513;23;3571;L;1;4;;2069;2331;858;4;
513;23;1911;L;1;4;;1730;3927;3992;4;
513;23;867;L;1;4;;409;450;181;4;
513;23;2569;L;7;0;;;2935;2761;4;
513;23;3851;L;1;4;;3689;2314;2315;4;
513;23;1198;L;1;4;;756;46;858;4;
513;23;3505;L;1;4;;2345;2342;92;4;
513;23;1914;L;1;4;;2188;3992;2189;4;
513;23;1421;L;1;4;;214;3893;761;4;
513;23;1446;L;1;4;;46;437;185;4;
513;23;858;L;1;4;;736;858;396;4;
513;23;3393;L;1;4;;1956;736;2252;4;
513;23;2113;L;1;4;;2251;858;736;4;
513;23;2387;L;7;0;;;3929;2759;4;
513;23;4446;L;7;0;;;3929;2761;4;
513;23;3694;L;1;4;;3929;366;3891;4;
513;23;2547;L;7;0;;;3296;2761;4;
513;23;4419;L;1;4;;3884;2371;2764;4;
513;23;4206;L;1;4;;3607;3073;2903;4;
513;23;1578;L;1;4;;3709;1698;3073;4;
513;23;2267;L;7;0;;;1698;2564;4;
513;23;2271;L;7;0;;;1698;2687;4;
513;23;2257;L;7;0;;;1698;2553;4;
513;23;2261;L;7;0;;;1698;2680;4;
513;23;1344;L;1;4;;1698;2558;3709;4;
513;23;2269;L;7;0;;;2704;2682;4;
513;23;2273;L;7;0;;;2704;2678;4;
513;23;2301;L;7;0;;;2716;2604;4;
513;23;2311;L;7;0;;;2716;2608;4;
513;23;2295;L;7;0;;;3023;2553;4;
513;23;2263;L;7;0;;;2696;2682;4;
513;23;2259;L;7;0;;;2696;2678;4;
513;23;2307;L;7;0;;;2713;2604;4;
513;23;2297;L;7;0;;;2713;2608;4;
513;23;2285;L;7;0;;;3015;2564;4;
513;23;2283;L;7;0;;;3017;2564;4;
513;23;3883;L;1;4;;3886;1369;2248;4;
513;23;1260;L;1;4;;3886;1369;504;4;
513;23;1434;L;1;4;;789;790;361;4;
513;23;1428;L;1;4;;1835;3908;790;4;
513;23;3854;L;1;4;;2543;1046;41;4;
513;23;789;L;1;4;;2542;799;528;4;
513;23;3425;L;1;4;;2321;3908;241;4;
513;23;3659;L;1;4;;3686;3916;3962;4;
513;23;2501;L;7;0;;;3661;2764;4;
513;23;2509;L;7;0;;;3661;2761;4;
513;23;772;L;1;4;;3661;2764;440;4;
513;23;1376;L;1;4;;801;3908;222;4;
513;23;3988;L;1;4;;3354;794;790;4;
513;23;3764;L;1;4;;2417;2427;2425;4;
513;23;1987;L;1;4;;763;437;858;4;
513;23;1443;L;1;4;;437;519;756;4;
513;23;873;L;1;3;;807;1048;661;4;
513;23;906;L;1;4;;238;3927;253;4;
513;23;1370;L;1;4;;1992;801;1322;4;
513;23;698;L;1;3;;181;215;3892;4;
513;23;3714;L;1;4;;2412;2411;3994;4;
513;23;792;L;1;4;;819;435;799;4;
513;23;3873;L;1;4;;2516;2514;214;4;
513;23;3408;L;1;4;;2318;822;2247;4;
513;23;3399;L;1;4;;2009;822;2313;4;
513;23;3396;L;1;4;;2252;2251;2009;4;
513;23;828;L;1;4;;822;858;397;4;
513;23;1839;L;1;4;;2158;59;1446;4;
513;23;836;L;1;4;;63;62;907;4;
513;23;4172;L;1;4;;3751;2494;230;4;
513;23;3447;L;1;4;;418;3908;790;4;
513;23;71;L;1;1;;3124;2764;2122;4;
513;23;3822;L;1;4;;2452;1823;2453;4;
513;23;4179;L;1;4;;3671;2131;3065;4;
513;23;1929;L;1;4;;2176;2175;2191;4;
513;23;1772;L;1;4;;2143;2142;3913;4;
513;23;1220;L;1;4;;455;199;3908;4;
513;23;3411;L;1;4;;2247;2312;2313;4;
513;23;2097;L;1;4;;2246;2061;2247;4;
513;23;3376;L;1;4;;2312;858;2313;4;
513;23;3346;L;1;4;;1714;2305;2307;4;
513;23;3969;L;1;4;;3351;319;3763;4;
513;23;3963;L;1;4;;3350;837;3351;4;
513;23;1488;L;1;4;;837;319;268;4;
513;23;2715;L;7;0;;;3203;2759;4;
513;23;3718;L;1;4;;2413;2412;807;4;
513;23;1692;L;1;4;;1180;416;845;4;
513;23;1125;L;1;4;;576;3892;203;4;
513;23;2083;L;1;4;;1365;369;3891;4;
513;23;1775;L;1;4;;3704;1894;2144;4;
513;23;3940;L;1;4;;3338;2142;3913;4;
513;23;747;L;1;4;;3914;437;3891;4;
513;23;1908;L;1;4;;2185;2184;2186;4;
513;23;2046;L;1;4;;1363;2229;3891;4;
513;23;4209;L;1;4;;2411;950;1041;4;
513;23;3809;L;1;4;;3644;3963;3183;4;
513;23;3966;L;1;4;;3763;3351;858;4;
513;23;1941;L;1;4;;1405;516;3911;4;
513;23;1935;L;1;4;;1704;3909;3910;4;
513;23;1938;L;1;4;;2194;3910;516;4;
513;23;2831;L;7;0;;;4086;2759;4;
513;23;1542;L;1;4;;1019;3081;415;4;
513;23;3373;L;1;4;;2311;2310;204;4;
513;23;3367;L;1;4;;1710;3892;2309;4;
513;23;903;L;1;4;;222;3928;3927;4;
513;23;1750;L;1;4;;2137;665;2975;4;
513;23;1663;L;1;4;;3172;3771;3935;4;
513;23;4188;L;1;4;;3995;3616;3771;4;
513;23;4470;L;1;4;;859;1844;2863;4;
513;23;1788;L;1;4;;2148;3772;2145;4;
513;23;1781;L;1;4;;2145;2144;2148;4;
513;23;2427;L;7;0;;;3065;2764;4;
513;23;2431;L;7;0;;;3065;2759;4;
513;23;2429;L;7;0;;;3065;2761;4;
513;23;2577;L;7;0;;;3951;2759;4;
513;23;2579;L;7;0;;;3951;2761;4;
513;23;2022;L;1;4;;3951;3898;366;4;
513;23;2151;L;1;4;;2255;2260;3891;4;
513;23;3534;L;1;4;;1524;2357;2863;4;
513;23;3530;L;1;4;;3774;2353;2357;4;
513;23;3923;L;1;4;;3333;3891;3774;4;
513;23;3611;L;1;4;;2356;3774;2366;4;
513;23;550;L;1;3;;665;1354;3228;4;
513;23;3918;L;1;4;;2342;99;3891;4;
513;23;801;L;1;4;;969;858;94;4;
513;23;1932;L;1;4;;2192;2524;3893;4;
513;23;2471;L;7;0;;;4020;2761;4;
513;23;824;L;1;4;;268;3891;858;4;
513;23;2543;L;7;0;;;3073;2761;4;
513;23;4031;L;1;4;;3073;1126;462;4;
513;23;892;L;1;4;;2070;858;789;4;
513;23;4423;L;1;4;;3885;3886;3156;4;
513;23;1385;L;1;4;;36;253;35;4;
513;23;2094;L;1;4;;2061;2228;858;4;
513;23;2171;L;1;4;;2228;2245;3892;4;
513;23;4203;L;1;4;;3775;525;2228;4;
513;23;2039;L;1;4;;2227;3891;525;4;
513;23;2088;L;1;4;;266;3891;264;4;
513;23;2167;L;1;4;;2243;268;2228;4;
513;23;2091;L;1;4;;2245;525;2228;4;
513;23;1425;L;1;4;;892;761;2054;4;
513;23;4220;L;1;4;;2351;2350;3813;4;
513;23;4223;L;1;4;;3813;2351;3814;4;
513;23;2513;L;7;0;;;3620;2759;4;
513;23;4226;L;1;4;;3620;3814;2764;4;
513;23;2059;L;1;4;;3987;3161;3799;4;
513;23;1418;L;1;4;;895;896;214;4;
513;23;2125;L;1;4;;2254;3929;2255;4;
513;23;2128;L;1;4;;2256;2255;2257;4;
513;23;4400;L;1;4;;3873;423;3661;4;
513;23;3864;L;1;4;;794;3353;1835;4;
513;23;3559;L;1;4;;2332;1683;1375;4;
513;23;3899;L;1;4;;2214;2535;20;4;
513;23;1944;L;1;4;;1529;3910;2195;4;
513;23;4397;L;1;4;;4110;898;167;4;
513;23;961;L;1;4;;898;3911;668;4;
513;23;4342;L;1;4;;1449;1766;3893;4;
513;23;1923;L;1;4;;2186;2185;183;4;
513;23;3370;L;1;4;;2309;1710;2310;4;
513;23;3337;L;1;4;;2303;2301;858;4;
513;23;3333;L;1;4;;2301;849;2303;4;
513;23;2137;L;1;4;;2257;506;3891;4;
513;23;1354;L;1;4;;907;1939;643;4;
513;23;1848;L;1;4;;2161;2525;3069;4;
513;23;3450;L;1;4;;1474;790;360;4;
513;23;1415;L;1;4;;1908;717;896;4;
513;23;1409;L;1;4;;913;37;1908;4;
513;23;2349;L;7;0;;;3084;2558;4;
513;23;2355;L;7;0;;;3084;2564;4;
513;23;2351;L;7;0;;;3084;2553;4;
513;23;1857;L;1;4;;2163;2529;2530;4;
513;23;2104;L;1;4;;2249;2241;3891;4;
513;23;2198;L;1;4;;2263;2241;2225;4;
513;23;2194;L;1;4;;2241;1264;2249;4;
513;23;2221;L;1;4;;1486;176;366;4;
513;23;3975;L;1;4;;1290;2259;200;4;
513;23;2175;L;1;4;;2244;2249;1365;4;
513;23;1360;L;1;4;;3755;722;921;4;
