CID;TABCD;LCD;INT_CID;INT_TABCD;INT_LCD
493;3;774;493;3;1370
493;3;1370;493;3;1413
493;3;1413;493;3;774
493;3;2505;493;3;2513
493;3;2513;493;3;2505
493;3;2925;493;3;2957
493;3;2957;493;3;2925
493;3;760;493;3;1178
493;3;1178;493;3;2515
493;3;2515;493;3;760
493;3;4166;493;3;4169
493;3;4169;493;3;4166
493;3;1369;493;3;1372
493;3;1372;493;3;1369
493;3;708;493;3;746
493;3;746;493;3;873
493;3;873;493;3;708
493;3;693;493;3;709
493;3;709;493;3;711
493;3;711;493;3;693
493;3;601;493;3;762
493;3;762;493;3;601
493;3;765;493;3;2517
493;3;2517;493;3;4182
493;3;4182;493;3;765
493;3;116;493;3;1400
493;3;1400;493;3;116
493;3;1192;493;3;1401
493;3;1401;493;3;2852
493;3;2852;493;3;1192
493;3;1402;493;3;1406
493;3;1406;493;3;1402
493;3;395;493;3;399
493;3;399;493;3;395
493;3;397;493;3;3924
493;3;3924;493;3;397
493;3;89;493;3;1091
493;3;1091;493;3;1101
493;3;1101;493;3;1225
493;3;1225;493;3;89
493;3;1092;493;3;1430
493;3;1430;493;3;1092
493;3;1079;493;3;1093
493;3;1093;493;3;1079
493;3;276;493;3;278
493;3;278;493;3;276
493;3;280;493;3;284
493;3;284;493;3;280
493;3;274;493;3;282
493;3;282;493;3;274
493;3;875;493;3;877
493;3;877;493;3;1197
493;3;1197;493;3;875
493;3;1082;493;3;1208
493;3;1208;493;3;1082
493;3;2883;493;3;2884
493;3;2884;493;3;2883
493;3;1200;493;3;4578
493;3;4578;493;3;1200
493;3;1083;493;3;1227
493;3;1227;493;3;1083
493;3;659;493;3;4562
493;3;4562;493;3;659
493;3;719;493;3;772
493;3;772;493;3;821
493;3;821;493;3;848
493;3;848;493;3;719
493;3;581;493;3;896
493;3;896;493;3;1219
493;3;1219;493;3;2589
493;3;2589;493;3;581
493;3;1124;493;3;1215
493;3;1215;493;3;1124
493;3;1088;493;3;1104
493;3;1104;493;3;1221
493;3;1221;493;3;1088
493;3;1222;493;3;1224
493;3;1224;493;3;2564
493;3;2564;493;3;2569
493;3;2569;493;3;1222
493;3;880;493;3;882
493;3;882;493;3;886
493;3;886;493;3;1121
493;3;1121;493;3;880
493;3;1122;493;3;1146
493;3;1146;493;3;1122
493;3;618;493;3;1123
493;3;1123;493;3;618
493;3;1086;493;3;1491
493;3;1491;493;3;1086
493;3;4563;493;3;4564
493;3;4564;493;3;4563
493;3;591;493;3;1084
493;3;1084;493;3;591
493;3;1085;493;3;1096
493;3;1096;493;3;1213
493;3;1213;493;3;1085
493;3;2880;493;3;2882
493;3;2882;493;3;2880
493;3;4191;493;3;4597
493;3;4597;493;3;4191
493;3;706;493;3;735
493;3;735;493;3;706
493;3;713;493;3;736
493;3;736;493;3;713
493;3;701;493;3;737
493;3;737;493;3;701
493;3;78;493;3;738
493;3;738;493;3;78
493;3;739;493;3;879
493;3;879;493;3;1145
493;3;1145;493;3;739
493;3;2518;493;3;4566
493;3;4566;493;3;2518
493;3;367;493;3;369
493;3;369;493;3;367
493;3;981;493;3;990
493;3;990;493;3;992
493;3;992;493;3;1003
493;3;1003;493;3;981
493;3;993;493;3;3030
493;3;3030;493;3;993
493;3;994;493;3;996
493;3;996;493;3;1000
493;3;1000;493;3;3035
493;3;3035;493;3;994
493;3;153;493;3;1518
493;3;1518;493;3;153
493;3;1529;493;3;1533
493;3;1533;493;3;1529
493;3;62;493;3;94
493;3;94;493;3;62
493;3;1633;493;3;4586
493;3;4586;493;3;4588
493;3;4588;493;3;1633
493;3;64;493;3;70
493;3;70;493;3;64
493;3;66;493;3;937
493;3;937;493;3;66
493;3;148;493;3;158
493;3;158;493;3;148
493;3;4186;493;3;4552
493;3;4552;493;3;4186
493;3;1543;493;3;1562
493;3;1562;493;3;1543
493;3;1563;493;3;1574
493;3;1574;493;3;1563
493;3;1567;493;3;1573
493;3;1573;493;3;1567
493;3;228;493;3;2890
493;3;2890;493;3;228
493;3;187;493;3;230
493;3;230;493;3;187
493;3;234;493;3;1591
493;3;1591;493;3;234
493;3;69;493;3;934
493;3;934;493;3;69
493;3;168;493;3;171
493;3;171;493;3;168
493;3;1004;493;3;1007
493;3;1007;493;3;1009
493;3;1009;493;3;1045
493;3;1045;493;3;4489
493;3;4489;493;3;1004
493;3;52;493;3;92
493;3;92;493;3;655
493;3;655;493;3;52
493;3;1581;493;3;4200
493;3;4200;493;3;1581
493;3;165;493;3;180
493;3;180;493;3;165
493;3;65;493;3;169
493;3;169;493;3;65
493;3;79;493;3;87
493;3;87;493;3;79
493;3;77;493;3;883
493;3;883;493;3;4158
493;3;4158;493;3;77
493;3;73;493;3;88
493;3;88;493;3;73
493;3;451;493;3;465
493;3;465;493;3;1313
493;3;1313;493;3;451
493;3;1314;493;3;2666
493;3;2666;493;3;1314
493;3;1308;493;3;1315
493;3;1315;493;3;1308
493;3;99;493;3;1422
493;3;1422;493;3;99
493;3;1420;493;3;1423
493;3;1423;493;3;1420
493;3;1481;493;3;2654
493;3;2654;493;3;1481
493;3;1482;493;3;1485
493;3;1485;493;3;1482
493;3;405;493;3;1309
493;3;1309;493;3;405
493;3;510;493;3;1310
493;3;1310;493;3;510
493;3;1486;493;3;2663
493;3;2663;493;3;4216
493;3;4216;493;3;1486
493;3;1381;493;3;1504
493;3;1504;493;3;1381
493;3;1415;493;3;1434
493;3;1434;493;3;1415
493;3;1373;493;3;1375
493;3;1375;493;3;1373
493;3;2858;493;3;2860
493;3;2860;493;3;2895
493;3;2895;493;3;2858
493;3;4157;493;3;4188
493;3;4188;493;3;4157
493;3;2861;493;3;2863
493;3;2863;493;3;2861
493;3;4173;493;3;4174
493;3;4174;493;3;4173
493;3;487;493;3;668
493;3;668;493;3;487
493;3;488;493;3;549
493;3;549;493;3;488
493;3;489;493;3;545
493;3;545;493;3;629
493;3;629;493;3;672
493;3;672;493;3;489
493;3;501;493;3;507
493;3;507;493;3;2693
493;3;2693;493;3;2695
493;3;2695;493;3;501
493;3;503;493;3;594
493;3;594;493;3;503
493;3;505;493;3;576
493;3;576;493;3;670
493;3;670;493;3;505
493;3;1276;493;3;2511
493;3;2511;493;3;1276
493;3;522;493;3;1457
493;3;1457;493;3;522
493;3;226;493;3;728
493;3;728;493;3;4579
493;3;4579;493;3;226
493;3;2870;493;3;2872
493;3;2872;493;3;2870
493;3;2906;493;3;2908
493;3;2908;493;3;2906
493;3;304;493;3;306
493;3;306;493;3;304
493;3;2635;493;3;2639
493;3;2639;493;3;2641
493;3;2641;493;3;2635
493;3;2526;493;3;2528
493;3;2528;493;3;2526
493;3;439;493;3;2529
493;3;2529;493;3;439
493;3;4471;493;3;4473
493;3;4473;493;3;4471
493;3;1269;493;3;4469
493;3;4469;493;3;1269
493;3;543;493;3;556
493;3;556;493;3;4470
493;3;4470;493;3;543
493;3;2645;493;3;2647
493;3;2647;493;3;2645
493;3;779;493;3;2648
493;3;2648;493;3;779
493;3;402;493;3;461
493;3;461;493;3;402
493;3;403;493;3;612
493;3;612;493;3;403
493;3;4273;493;3;4275
493;3;4275;493;3;4273
493;3;3072;493;3;3074
493;3;3074;493;3;3072
493;3;4293;493;3;4295
493;3;4295;493;3;4300
493;3;4300;493;3;4293
493;3;433;493;3;603
493;3;603;493;3;433
493;3;1459;493;3;2519
493;3;2519;493;3;4180
493;3;4180;493;3;1459
493;3;685;493;3;1347
493;3;1347;493;3;2536
493;3;2536;493;3;685
493;3;585;493;3;608
493;3;608;493;3;4448
493;3;4448;493;3;585
493;3;4410;493;3;4412
493;3;4412;493;3;4417
493;3;4417;493;3;4410
493;3;4419;493;3;4421
493;3;4421;493;3;4419
493;3;336;493;3;338
493;3;338;493;3;340
493;3;340;493;3;342
493;3;342;493;3;344
493;3;344;493;3;346
493;3;346;493;3;348
493;3;348;493;3;336
493;3;3956;493;3;3958
493;3;3958;493;3;3956
493;3;3960;493;3;3962
493;3;3962;493;3;3964
493;3;3964;493;3;3960
493;3;59;493;3;4413
493;3;4413;493;3;59
493;3;4415;493;3;4432
493;3;4432;493;3;4589
493;3;4589;493;3;4415
493;3;324;493;3;326
493;3;326;493;3;328
493;3;328;493;3;324
493;3;330;493;3;332
493;3;332;493;3;334
493;3;334;493;3;330
493;3;2838;493;3;2842
493;3;2842;493;3;2838
493;3;1385;493;3;2839
493;3;2839;493;3;1385
493;3;2840;493;3;3068
493;3;3068;493;3;2840
493;3;4504;493;3;4508
493;3;4508;493;3;4504
493;3;407;493;3;1127
493;3;1127;493;3;407
493;3;408;493;3;4537
493;3;4537;493;3;408
493;3;1454;493;3;2811
493;3;2811;493;3;1454
493;3;409;493;3;2978
493;3;2978;493;3;409
493;3;410;493;3;517
493;3;517;493;3;410
493;3;411;493;3;1466
493;3;1466;493;3;411
493;3;4475;493;3;4478
493;3;4478;493;3;4475
493;3;413;493;3;2710
493;3;2710;493;3;413
493;3;414;493;3;4497
493;3;4497;493;3;4500
493;3;4500;493;3;414
493;3;4235;493;3;4493
493;3;4493;493;3;4235
493;3;2744;493;3;2747
493;3;2747;493;3;2744
493;3;2748;493;3;2753
493;3;2753;493;3;2748
493;3;2740;493;3;2749
493;3;2749;493;3;2740
493;3;1262;493;3;1266
493;3;1266;493;3;2750
493;3;2750;493;3;1262
493;3;3061;493;3;3077
493;3;3077;493;3;3061
493;3;3078;493;3;4520
493;3;4520;493;3;3078
493;3;940;493;3;942
493;3;942;493;3;997
493;3;997;493;3;940
493;3;539;493;3;998
493;3;998;493;3;1242
493;3;1242;493;3;539
493;3;350;493;3;352
493;3;352;493;3;354
493;3;354;493;3;356
493;3;356;493;3;4257
493;3;4257;493;3;350
493;3;4521;493;3;4524
493;3;4524;493;3;4526
493;3;4526;493;3;4521
493;3;4527;493;3;4529
493;3;4529;493;3;4527
493;3;4477;493;3;4481
493;3;4481;493;3;4477
493;3;1166;493;3;2609
493;3;2609;493;3;1166
493;3;1167;493;3;1169
493;3;1169;493;3;1167
493;3;905;493;3;912
493;3;912;493;3;905
493;3;913;493;3;1173
493;3;1173;493;3;913
493;3;574;493;3;914
493;3;914;493;3;945
493;3;945;493;3;950
493;3;950;493;3;574
493;3;416;493;3;540
493;3;540;493;3;542
493;3;542;493;3;416
493;3;417;493;3;557
493;3;557;493;3;1286
493;3;1286;493;3;417
493;3;1417;493;3;1419
493;3;1419;493;3;1417
493;3;4403;493;3;4405
493;3;4405;493;3;4403
493;3;1231;493;3;4406
493;3;4406;493;3;1231
493;3;947;493;3;2692
493;3;2692;493;3;947
493;3;948;493;3;962
493;3;962;493;3;948
493;3;419;493;3;957
493;3;957;493;3;419
493;3;421;493;3;425
493;3;425;493;3;596
493;3;596;493;3;958
493;3;958;493;3;421
493;3;682;493;3;794
493;3;794;493;3;796
493;3;796;493;3;682
493;3;575;493;3;797
493;3;797;493;3;939
493;3;939;493;3;575
493;3;808;493;3;901
493;3;901;493;3;903
493;3;903;493;3;808
493;3;904;493;3;910
493;3;910;493;3;904
493;3;894;493;3;906
493;3;906;493;3;894
493;3;965;493;3;1143
493;3;1143;493;3;4181
493;3;4181;493;3;965
493;3;4175;493;3;4176
493;3;4176;493;3;4175
493;3;967;493;3;983
493;3;983;493;3;967
493;3;4277;493;3;4280
493;3;4280;493;3;4577
493;3;4577;493;3;4277
493;3;1287;493;3;1289
493;3;1289;493;3;1287
493;3;424;493;3;1290
493;3;1290;493;3;424
493;3;2833;493;3;2835
493;3;2835;493;3;2833
493;3;4258;493;3;4259
493;3;4259;493;3;4258
493;3;2549;493;3;2550
493;3;2550;493;3;2549
493;3;4547;493;3;4549
493;3;4549;493;3;4547
493;3;1328;493;3;1330
493;3;1330;493;3;1328
493;3;1306;493;3;1332
493;3;1332;493;3;1306
493;3;429;493;3;712
493;3;712;493;3;4178
493;3;4178;493;3;429
493;3;430;493;3;527
493;3;527;493;3;430
493;3;431;493;3;698
493;3;698;493;3;431
493;3;641;493;3;690
493;3;690;493;3;692
493;3;692;493;3;641
493;3;526;493;3;694
493;3;694;493;3;526
493;3;695;493;3;697
493;3;697;493;3;4568
493;3;4568;493;3;695
493;3;435;493;3;1360
493;3;1360;493;3;435
493;3;437;493;3;620
493;3;620;493;3;437
493;3;4233;493;3;4234
493;3;4234;493;3;4233
493;3;630;493;3;1292
493;3;1292;493;3;2696
493;3;2696;493;3;630
493;3;1076;493;3;1078
493;3;1078;493;3;1076
493;3;2586;493;3;2587
493;3;2587;493;3;2586
493;3;2520;493;3;2523
493;3;2523;493;3;2520
493;3;440;493;3;2938
493;3;2938;493;3;440
493;3;441;493;3;443
493;3;443;493;3;441
493;3;445;493;3;605
493;3;605;493;3;445
493;3;446;493;3;767
493;3;767;493;3;446
493;3;1350;493;3;4609
493;3;4609;493;3;1350
493;3;1351;493;3;1354
493;3;1354;493;3;1351
493;3;448;493;3;558
493;3;558;493;3;632
493;3;632;493;3;448
493;3;890;493;3;892
493;3;892;493;3;2636
493;3;2636;493;3;890
493;3;893;493;3;2967
493;3;2967;493;3;893
493;3;452;493;3;815
493;3;815;493;3;452
493;3;453;493;3;509
493;3;509;493;3;453
493;3;454;493;3;497
493;3;497;493;3;614
493;3;614;493;3;1237
493;3;1237;493;3;454
493;3;2653;493;3;2924
493;3;2924;493;3;2653
493;3;1280;493;3;1282
493;3;1282;493;3;1280
493;3;959;493;3;1001
493;3;1001;493;3;959
493;3;264;493;3;268
493;3;268;493;3;264
493;3;262;493;3;272
493;3;272;493;3;262
493;3;266;493;3;270
493;3;270;493;3;266
493;3;456;493;3;678
493;3;678;493;3;1318
493;3;1318;493;3;456
493;3;457;493;3;2656
493;3;2656;493;3;457
493;3;460;493;3;478
493;3;478;493;3;812
493;3;812;493;3;814
493;3;814;493;3;460
493;3;463;493;3;611
493;3;611;493;3;463
493;3;3984;493;3;3986
493;3;3986;493;3;3988
493;3;3988;493;3;3984
493;3;3980;493;3;3994
493;3;3994;493;3;3980
493;3;839;493;3;841
493;3;841;493;3;1302
493;3;1302;493;3;839
493;3;2934;493;3;3004
493;3;3004;493;3;2934
493;3;836;493;3;838
493;3;838;493;3;836
493;3;1461;493;3;2836
493;3;2836;493;3;1461
493;3;1259;493;3;2821
493;3;2821;493;3;1259
493;3;626;493;3;650
493;3;650;493;3;2814
493;3;2814;493;3;626
493;3;584;493;3;2815
493;3;2815;493;3;584
493;3;1209;493;3;2559
493;3;2559;493;3;1209
493;3;475;493;3;2560
493;3;2560;493;3;475
493;3;4307;493;3;4312
493;3;4312;493;3;4307
493;3;809;493;3;811
493;3;811;493;3;909
493;3;909;493;3;809
493;3;4518;493;3;4523
493;3;4523;493;3;4518
493;3;470;493;3;680
493;3;680;493;3;470
493;3;472;493;3;484
493;3;484;493;3;472
493;3;2955;493;3;4357
493;3;4357;493;3;2955
493;3;474;493;3;878
493;3;878;493;3;4569
493;3;4569;493;3;474
493;3;476;493;3;617
493;3;617;493;3;476
493;3;2525;493;3;2533
493;3;2533;493;3;2525
493;3;4424;493;3;4430
493;3;4430;493;3;4424
493;3;2854;493;3;4422
493;3;4422;493;3;4427
493;3;4427;493;3;2854
493;3;566;493;3;1443
493;3;1443;493;3;2686
493;3;2686;493;3;566
493;3;2683;493;3;2687
493;3;2687;493;3;2683
493;3;1322;493;3;1324
493;3;1324;493;3;1322
493;3;4539;493;3;4540
493;3;4540;493;3;4539
493;3;511;493;3;1440
493;3;1440;493;3;511
493;3;791;493;3;1441
493;3;1441;493;3;791
493;3;4048;493;3;4050
493;3;4050;493;3;4052
493;3;4052;493;3;4048
493;3;375;493;3;377
493;3;377;493;3;375
493;3;379;493;3;381
493;3;381;493;3;379
493;3;371;493;3;373
493;3;373;493;3;371
493;3;524;493;3;766
493;3;766;493;3;524
493;3;622;493;3;768
493;3;768;493;3;622
493;3;770;493;3;4267
493;3;4267;493;3;770
493;3;771;493;3;3096
493;3;3096;493;3;771
493;3;2539;493;3;2541
493;3;2541;493;3;2539
493;3;1500;493;3;2542
493;3;2542;493;3;1500
493;3;427;493;3;705
493;3;705;493;3;427
493;3;4230;493;3;4232
493;3;4232;493;3;4230
493;3;4450;493;3;4457
493;3;4457;493;3;4450
493;3;4453;493;3;4461
493;3;4461;493;3;4453
493;3;1013;493;3;2727
493;3;2727;493;3;2729
493;3;2729;493;3;1013
493;3;2730;493;3;2752
493;3;2752;493;3;2730
493;3;2724;493;3;2726
493;3;2726;493;3;2724
493;3;479;493;3;561
493;3;561;493;3;479
493;3;480;493;3;498
493;3;498;493;3;480
493;3;3972;493;3;3974
493;3;3974;493;3;3972
493;3;3966;493;3;3968
493;3;3968;493;3;3976
493;3;3976;493;3;3966
493;3;3970;493;3;3978
493;3;3978;493;3;3970
493;3;930;493;3;1031
493;3;1031;493;3;930
493;3;932;493;3;1149
493;3;1149;493;3;932
493;3;933;493;3;4585
493;3;4585;493;3;933
493;3;2903;493;3;2905
493;3;2905;493;3;2903
493;3;568;493;3;1295
493;3;1295;493;3;568
493;3;1296;493;3;1298
493;3;1298;493;3;4542
493;3;4542;493;3;1296
493;3;1462;493;3;2678
493;3;2678;493;3;1462
493;3;483;493;3;599
493;3;599;493;3;483
493;3;482;493;3;499
493;3;499;493;3;571
493;3;571;493;3;482
493;3;793;493;3;2912
493;3;2912;493;3;793
493;3;4016;493;3;4026
493;3;4026;493;3;4016
493;3;4018;493;3;4022
493;3;4022;493;3;4018
493;3;4020;493;3;4024
493;3;4024;493;3;4020
493;3;788;493;3;790
493;3;790;493;3;816
493;3;816;493;3;788
493;3;252;493;3;256
493;3;256;493;3;252
493;3;254;493;3;258
493;3;258;493;3;254
493;3;250;493;3;260
493;3;260;493;3;250
493;3;1103;493;3;2919
493;3;2919;493;3;1103
493;3;4160;493;3;4161
493;3;4161;493;3;4160
493;3;3020;493;3;3022
493;3;3022;493;3;3020
493;3;3023;493;3;3044
493;3;3044;493;3;3023
493;3;3024;493;3;3026
493;3;3026;493;3;3024
493;3;4361;493;3;4363
493;3;4363;493;3;4372
493;3;4372;493;3;4361
493;3;4202;493;3;4203
493;3;4203;493;3;4373
493;3;4373;493;3;4375
493;3;4375;493;3;4202
493;3;4376;493;3;4381
493;3;4381;493;3;4376
493;3;778;493;3;4599
493;3;4599;493;3;778
493;3;827;493;3;1448
493;3;1448;493;3;827
493;3;826;493;3;1155
493;3;1155;493;3;4159
493;3;4159;493;3;826
493;3;970;493;3;972
493;3;972;493;3;1014
493;3;1014;493;3;1016
493;3;1016;493;3;970
493;3;973;493;3;1020
493;3;1020;493;3;2756
493;3;2756;493;3;973
493;3;649;493;3;975
493;3;975;493;3;977
493;3;977;493;3;1263
493;3;1263;493;3;649
493;3;4435;493;3;4555
493;3;4555;493;3;4435
493;3;624;493;3;639
493;3;639;493;3;1017
493;3;1017;493;3;1119
493;3;1119;493;3;624
493;3;56;493;3;1018
493;3;1018;493;3;1025
493;3;1025;493;3;1027
493;3;1027;493;3;56
493;3;578;493;3;753
493;3;753;493;3;4183
493;3;4183;493;3;578
493;3;714;493;3;1341
493;3;1341;493;3;714
493;3;2939;493;3;2960
493;3;2960;493;3;2939
493;3;729;493;3;1342
493;3;1342;493;3;3095
493;3;3095;493;3;729
493;3;494;493;3;644
493;3;644;493;3;494
493;3;1108;493;3;1110
493;3;1110;493;3;1108
493;3;1111;493;3;1126
493;3;1126;493;3;1111
493;3;4334;493;3;4600
493;3;4600;493;3;4334
493;3;928;493;3;1112
493;3;1112;493;3;1117
493;3;1117;493;3;928
493;3;1071;493;3;1073
493;3;1073;493;3;1338
493;3;1338;493;3;1071
493;3;1068;493;3;1070
493;3;1070;493;3;1068
493;3;4098;493;3;4106
493;3;4106;493;3;4098
493;3;4100;493;3;4102
493;3;4102;493;3;4104
493;3;4104;493;3;4108
493;3;4108;493;3;4100
493;3;4184;493;3;4603
493;3;4603;493;3;4184
493;3;1248;493;3;1397
493;3;1397;493;3;1248
493;3;4112;493;3;4118
493;3;4118;493;3;4112
493;3;1059;493;3;2799
493;3;2799;493;3;2801
493;3;2801;493;3;1059
493;3;2791;493;3;2802
493;3;2802;493;3;2791
493;3;2797;493;3;4309
493;3;4309;493;3;2797
493;3;2782;493;3;2798
493;3;2798;493;3;2782
493;3;4458;493;3;4460
493;3;4460;493;3;4464
493;3;4464;493;3;4458
493;3;3082;493;3;3086
493;3;3086;493;3;3082
493;3;4391;493;3;4397
493;3;4397;493;3;4408
493;3;4408;493;3;4391
493;3;3050;493;3;4399
493;3;4399;493;3;4401
493;3;4401;493;3;3050
493;3;1147;493;3;4154
493;3;4154;493;3;1147
493;3;1473;493;3;4155
493;3;4155;493;3;4583
493;3;4583;493;3;1473
493;3;3946;493;3;3948
493;3;3948;493;3;3946
493;3;3952;493;3;3954
493;3;3954;493;3;3952
493;3;3944;493;3;3950
493;3;3950;493;3;3944
493;3;1345;493;3;1348
493;3;1348;493;3;1345
493;3;684;493;3;741
493;3;741;493;3;2900
493;3;2900;493;3;684
493;3;1467;493;3;4486
493;3;4486;493;3;1467
493;3;3034;493;3;3037
493;3;3037;493;3;3034
493;3;3038;493;3;3040
493;3;3040;493;3;3038
493;3;4122;493;3;4126
493;3;4126;493;3;4122
493;3;4132;493;3;4142
493;3;4142;493;3;4132
493;3;1046;493;3;1048
493;3;1048;493;3;1046
493;3;744;493;3;4261
493;3;4261;493;3;744
493;3;385;493;3;389
493;3;389;493;3;385
493;3;383;493;3;393
493;3;393;493;3;383
493;3;387;493;3;391
493;3;391;493;3;387
493;3;943;493;3;2706
493;3;2706;493;3;4559
493;3;4559;493;3;943
493;3;1157;493;3;1159
493;3;1159;493;3;1157
493;3;1161;493;3;1163
493;3;1163;493;3;4194
493;3;4194;493;3;1161
493;3;2765;493;3;2769
493;3;2769;493;3;2765
493;3;2795;493;3;2805
493;3;2805;493;3;4199
493;3;4199;493;3;2795
493;3;1250;493;3;1394
493;3;1394;493;3;1250
493;3;2785;493;3;4195
493;3;4195;493;3;2785
493;3;1060;493;3;2804
493;3;2804;493;3;1060
493;3;2651;493;3;2657
493;3;2657;493;3;2651
493;3;715;493;3;731
493;3;731;493;3;715
493;3;716;493;3;722
493;3;722;493;3;716
493;3;718;493;3;726
493;3;726;493;3;718
493;3;298;493;3;300
493;3;300;493;3;298
493;3;58;493;3;1150
493;3;1150;493;3;58
493;3;3046;493;3;4151
493;3;4151;493;3;3046
493;3;312;493;3;320
493;3;320;493;3;312
493;3;310;493;3;318
493;3;318;493;3;310
493;3;3940;493;3;3942
493;3;3942;493;3;3940
493;3;314;493;3;322
493;3;322;493;3;314
493;3;308;493;3;316
493;3;316;493;3;308
493;3;3936;493;3;3938
493;3;3938;493;3;3936
493;3;4350;493;3;4352
493;3;4352;493;3;4350
493;3;423;493;3;961
493;3;961;493;3;423
493;3;1450;493;3;4223
493;3;4223;493;3;1450
493;3;954;493;3;956
493;3;956;493;3;954
493;3;1036;493;3;1174
493;3;1174;493;3;1036
493;3;652;493;3;927
493;3;927;493;3;4601
493;3;4601;493;3;652
493;3;2734;493;3;2736
493;3;2736;493;3;2734
493;3;4074;493;3;4076
493;3;4076;493;3;4074
493;3;1010;493;3;1012
493;3;1012;493;3;1010
493;3;1038;493;3;1040
493;3;1040;493;3;1038
493;3;1041;493;3;2985
493;3;2985;493;3;1041
493;3;1265;493;3;4483
493;3;4483;493;3;1265
493;3;1043;493;3;1498
493;3;1498;493;3;2718
493;3;2718;493;3;1043
493;3;520;493;3;1176
493;3;1176;493;3;520
493;3;721;493;3;730
493;3;730;493;3;721
493;3;4507;493;3;4510
493;3;4510;493;3;4507
493;3;4204;493;3;4206
493;3;4206;493;3;4204
493;3;2577;493;3;2582
493;3;2582;493;3;2577
493;3;921;493;3;4370
493;3;4370;493;3;921
493;3;922;493;3;1151
493;3;1151;493;3;922
493;3;1230;493;3;3051
493;3;3051;493;3;1230
493;3;1232;493;3;1384
493;3;1384;493;3;1232
493;3;1233;493;3;1395
493;3;1395;493;3;1233
493;3;916;493;3;2809
493;3;2809;493;3;916
493;3;917;493;3;1061
493;3;1061;493;3;917
493;3;918;493;3;1028
493;3;1028;493;3;4360
493;3;4360;493;3;918
493;3;4330;493;3;4332
493;3;4332;493;3;4330
493;3;1477;493;3;2775
493;3;2775;493;3;1477
493;3;4364;493;3;4369
493;3;4369;493;3;4364
493;3;4365;493;3;4367
493;3;4367;493;3;4365
493;3;3052;493;3;3054
493;3;3054;493;3;4366
493;3;4366;493;3;3052
493;3;550;493;3;4211
493;3;4211;493;3;550
493;3;4389;493;3;4395
493;3;4395;493;3;4389
493;3;4287;493;3;4289
493;3;4289;493;3;4287
493;3;519;493;3;2980
493;3;2980;493;3;519
493;3;822;493;3;844
493;3;844;493;3;822
493;3;523;493;3;604
493;3;604;493;3;523
493;3;2557;493;3;4333
493;3;4333;493;3;2557
493;3;1137;493;3;2968
493;3;2968;493;3;1137
493;3;4040;493;3;4046
493;3;4046;493;3;4040
493;3;4038;493;3;4042
493;3;4042;493;3;4038
493;3;4036;493;3;4044
493;3;4044;493;3;4036
493;3;4238;493;3;4239
493;3;4239;493;3;4238
493;3;1389;493;3;2843
493;3;2843;493;3;3057
493;3;3057;493;3;1389
493;3;1392;493;3;2845
493;3;2845;493;3;4532
493;3;4532;493;3;1392
493;3;702;493;3;754
493;3;754;493;3;702
493;3;535;493;3;2632
493;3;2632;493;3;535
493;3;530;493;3;2633
493;3;2633;493;3;530
493;3;2621;493;3;2628
493;3;2628;493;3;2621
493;3;531;493;3;807
493;3;807;493;3;531
493;3;529;493;3;889
493;3;889;493;3;529
493;3;534;493;3;2622
493;3;2622;493;3;534
493;3;536;493;3;888
493;3;888;493;3;536
493;3;4442;493;3;4444
493;3;4444;493;3;4442
493;3;2823;493;3;2826
493;3;2826;493;3;2823
493;3;2873;493;3;2875
493;3;2875;493;3;2873
493;3;1319;493;3;1501
493;3;1501;493;3;1319
493;3;2554;493;3;2556
493;3;2556;493;3;2554
493;3;3069;493;3;3071
493;3;3071;493;3;3069
493;3;2570;493;3;2572
493;3;2572;493;3;2570
493;3;1065;493;3;1067
493;3;1067;493;3;1065
493;3;4571;493;3;4572
493;3;4572;493;3;4571
493;3;3041;493;3;3043
493;3;3043;493;3;3041
493;3;538;493;3;551
493;3;551;493;3;538
493;3;2788;493;3;2790
493;3;2790;493;3;2788
493;3;1051;493;3;1053
493;3;1053;493;3;1051
493;3;1054;493;3;1118
493;3;1118;493;3;1054
493;3;1055;493;3;1134
493;3;1134;493;3;1055
493;3;638;493;3;1056
493;3;1056;493;3;1058
493;3;1058;493;3;638
493;3;4000;493;3;4010
493;3;4010;493;3;4000
493;3;3996;493;3;4008
493;3;4008;493;3;3996
493;3;3998;493;3;4006
493;3;4006;493;3;3998
493;3;1304;493;3;4543
493;3;4543;493;3;1304
493;3;4004;493;3;4014
493;3;4014;493;3;4004
493;3;4002;493;3;4012
493;3;4012;493;3;4002
493;3;3009;493;3;3013
493;3;3013;493;3;3009
493;3;653;493;3;1132
493;3;1132;493;3;4209
493;3;4209;493;3;653
493;3;4382;493;3;4386
493;3;4386;493;3;4382
493;3;2857;493;3;2891
493;3;2891;493;3;2857
493;3;625;493;3;1021
493;3;1021;493;3;1023
493;3;1023;493;3;625
493;3;583;493;3;1024
493;3;1024;493;3;4353
493;3;4353;493;3;583
493;3;546;493;3;553
493;3;553;493;3;546
493;3;547;493;3;675
493;3;675;493;3;547
493;3;552;493;3;2699
493;3;2699;493;3;552
493;3;560;493;3;613
493;3;613;493;3;560
493;3;562;493;3;598
493;3;598;493;3;562
493;3;188;493;3;1033
493;3;1033;493;3;188
493;3;82;493;3;1447
493;3;1447;493;3;82
493;3;3982;493;3;3990
493;3;3990;493;3;3992
493;3;3992;493;3;3982
493;3;3926;493;3;3928
493;3;3928;493;3;3930
493;3;3930;493;3;3926
493;3;4078;493;3;4092
493;3;4092;493;3;4078
493;3;4032;493;3;4034
493;3;4034;493;3;4032
493;3;4247;493;3;4249
493;3;4249;493;3;4251
493;3;4251;493;3;4247
493;3;4056;493;3;4068
493;3;4068;493;3;4056
493;3;4060;493;3;4072
493;3;4072;493;3;4060
493;3;4058;493;3;4070
493;3;4070;493;3;4058
493;3;4028;493;3;4030
493;3;4030;493;3;4028
493;3;4080;493;3;4090
493;3;4090;493;3;4080
493;3;4253;493;3;4255
493;3;4255;493;3;4253
493;3;3932;493;3;3934
493;3;3934;493;3;3932
493;3;4094;493;3;4114
493;3;4114;493;3;4094
493;3;4096;493;3;4116
493;3;4116;493;3;4096
493;3;4054;493;3;4066
493;3;4066;493;3;4054
493;3;4148;493;3;4150
493;3;4150;493;3;4148
493;3;4082;493;3;4086
493;3;4086;493;3;4082
493;3;4062;493;3;4064
493;3;4064;493;3;4062
493;3;4084;493;3;4088
493;3;4088;493;3;4084
493;3;681;493;3;2679
493;3;2679;493;3;681
493;3;801;493;3;831
493;3;831;493;3;801
493;3;428;493;3;3002
493;3;3002;493;3;428
493;3;1239;493;3;2675
493;3;2675;493;3;1239
493;3;564;493;3;572
493;3;572;493;3;564
493;3;565;493;3;2676
493;3;2676;493;3;565
493;3;567;493;3;4592
493;3;4592;493;3;567
493;3;579;493;3;732
493;3;732;493;3;4218
493;3;4218;493;3;579
493;3;926;493;3;1128
493;3;1128;493;3;926
493;3;1129;493;3;1131
493;3;1131;493;3;1129
493;3;986;493;3;3016
493;3;3016;493;3;986
493;3;3017;493;3;3019
493;3;3019;493;3;3017
493;3;3031;493;3;3033
493;3;3033;493;3;3031
493;3;4244;493;3;4297
493;3;4297;493;3;4244
493;3;4242;493;3;4318
493;3;4318;493;3;4242
493;3;833;493;3;835
493;3;835;493;3;833
493;3;864;493;3;2596
493;3;2596;493;3;864
493;3;2597;493;3;2605
493;3;2605;493;3;2597
493;3;2590;493;3;2598
493;3;2598;493;3;2590
493;3;288;493;3;292
493;3;292;493;3;288
493;3;290;493;3;296
493;3;296;493;3;290
493;3;286;493;3;294
493;3;294;493;3;286
493;3;637;493;3;2779
493;3;2779;493;3;2781
493;3;2781;493;3;637
493;3;2962;493;3;2964
493;3;2964;493;3;2962
493;3;4220;493;3;4222
493;3;4222;493;3;4220
493;3;2563;493;3;2567
493;3;2567;493;3;4226
493;3;4226;493;3;2563
493;3;1364;493;3;1366
493;3;1366;493;3;1364
493;3;592;493;3;1097
493;3;1097;493;3;1363
493;3;1363;493;3;592
493;3;1490;493;3;2918
493;3;2918;493;3;1490
493;3;590;493;3;1429
493;3;1429;493;3;590
493;3;989;493;3;1006
493;3;1006;493;3;989
493;3;1334;493;3;2917
493;3;2917;493;3;1334
493;3;1335;493;3;1337
493;3;1337;493;3;1335
493;3;4429;493;3;4433
493;3;4433;493;3;4429
493;3;1299;493;3;1301
493;3;1301;493;3;1299
493;3;4192;493;3;4269
493;3;4269;493;3;4192
493;3;855;493;3;900
493;3;900;493;3;855
493;3;733;493;3;854
493;3;854;493;3;884
493;3;884;493;3;733
493;3;856;493;3;858
493;3;858;493;3;2591
493;3;2591;493;3;856
493;3;2818;493;3;2829
493;3;2829;493;3;2818
493;3;4240;493;3;4241
493;3;4241;493;3;4240
493;3;2851;493;3;3065
493;3;3065;493;3;2851
493;3;240;493;3;244
493;3;244;493;3;240
493;3;242;493;3;246
493;3;246;493;3;242
493;3;238;493;3;248
493;3;248;493;3;238
493;3;2846;493;3;2848
493;3;2848;493;3;2846
493;3;3058;493;3;3060
493;3;3060;493;3;3058
493;3;4266;493;3;4270
493;3;4270;493;3;4266
493;3;951;493;3;953
493;3;953;493;3;951
493;3;4329;493;3;4341
493;3;4341;493;3;4329
493;3;602;493;3;2522
493;3;2522;493;3;602
493;3;606;493;3;621
493;3;621;493;3;606
493;3;4319;493;3;4321
493;3;4321;493;3;4319
493;3;609;493;3;2822
493;3;2822;493;3;609
493;3;3005;493;3;4229
493;3;4229;493;3;3005
493;3;2608;493;3;2611
493;3;2611;493;3;2608
493;3;1494;493;3;1496
493;3;1496;493;3;1494
493;3;1098;493;3;1100
493;3;1100;493;3;2566
493;3;2566;493;3;1098
493;3;1437;493;3;2961
493;3;2961;493;3;1437
493;3;616;493;3;1438
493;3;1438;493;3;616
493;3;1164;493;3;2607
493;3;2607;493;3;1164
493;3;4208;493;3;4296
493;3;4296;493;3;4208
493;3;978;493;3;2721
493;3;2721;493;3;978
493;3;979;493;3;1030
493;3;1030;493;3;979
493;3;2714;493;3;4237
493;3;4237;493;3;2714
493;3;3062;493;3;3064
493;3;3064;493;3;3062
493;3;845;493;3;2602
493;3;2602;493;3;2604
493;3;2604;493;3;845
493;3;846;493;3;867
493;3;867;493;3;4219
493;3;4219;493;3;846
493;3;860;493;3;908
493;3;908;493;3;860
493;3;627;493;3;1032
493;3;1032;493;3;627
493;3;631;493;3;2956
493;3;2956;493;3;631
493;3;633;493;3;646
493;3;646;493;3;633
493;3;636;493;3;654
493;3;654;493;3;636
493;3;2737;493;3;2739
493;3;2739;493;3;2737
493;3;2741;493;3;2758
493;3;2758;493;3;2741
493;3;859;493;3;863
493;3;863;493;3;4574
493;3;4574;493;3;859
493;3;2984;493;3;2987
493;3;2987;493;3;2984
493;3;781;493;3;783
493;3;783;493;3;781
493;3;861;493;3;868
493;3;868;493;3;4576
493;3;4576;493;3;861
493;3;2757;493;3;2761
493;3;2761;493;3;2757
493;3;2988;493;3;2993
493;3;2993;493;3;2988
493;3;4304;493;3;4306
493;3;4306;493;3;4304
493;3;2792;493;3;2794
493;3;2794;493;3;2792
493;3;674;493;3;1241
493;3;1241;493;3;674
493;3;664;493;3;984
493;3;984;493;3;664
493;3;665;493;3;667
493;3;667;493;3;665
493;3;982;493;3;987
493;3;987;493;3;982
493;3;4445;493;3;4616
493;3;4616;493;3;4445
