CID;TABCD;LCD;NEG_OFF_LCD;POS_OFF_LCD
493;3;1408;;1409
493;3;1409;1408;1410
493;3;1410;1409;1411
493;3;1411;1410;1412
493;3;1412;1411;1413
493;3;1413;1412;
493;3;2513;;2514
493;3;2514;2513;2925
493;3;2925;2514;2515
493;3;2515;2925;
493;3;4166;;1407
493;3;1407;4166;
493;3;2505;;1369
493;3;1369;2505;1370
493;3;1370;1369;
493;3;708;;709
493;3;709;708;
493;3;1178;;761
493;3;761;1178;762
493;3;762;761;4182
493;3;4182;762;
493;3;1400;;1401
493;3;1401;1400;1402
493;3;1402;1401;
493;3;1406;;4167
493;3;4167;1406;4169
493;3;4169;4167;
493;3;757;;758
493;3;758;757;759
493;3;759;758;760
493;3;760;759;
493;3;399;;
493;3;397;;
493;3;1091;;1092
493;3;1092;1091;1093
493;3;1093;1092;1094
493;3;1094;1093;1181
493;3;1181;1094;1182
493;3;1182;1181;1183
493;3;1183;1182;4170
493;3;4170;1183;1184
493;3;1184;4170;1445
493;3;1445;1184;1185
493;3;1185;1445;1186
493;3;1186;1185;1187
493;3;1187;1186;1188
493;3;1188;1187;
493;3;278;;
493;3;280;;
493;3;282;;
493;3;1192;;1193
493;3;1193;1192;2927
493;3;2927;1193;1194
493;3;1194;2927;1195
493;3;1195;1194;1196
493;3;1196;1195;
493;3;1197;;1082
493;3;1082;1197;1081
493;3;1081;1082;4171
493;3;4171;1081;1198
493;3;1198;4171;1199
493;3;1199;1198;2884
493;3;2884;1199;1200
493;3;1200;2884;1201
493;3;1201;1200;1202
493;3;1202;1201;1203
493;3;1203;1202;1204
493;3;1204;1203;1205
493;3;1205;1204;1206
493;3;1206;1205;2920
493;3;2920;1206;
493;3;873;;661
493;3;661;873;875
493;3;875;661;1227
493;3;1227;875;
493;3;1208;;1083
493;3;1083;1208;659
493;3;659;1083;
493;3;848;;849
493;3;849;848;1219
493;3;1219;849;
493;3;1215;;1088
493;3;1088;1215;
493;3;1224;;1225
493;3;1225;1224;
493;3;1221;;1222
493;3;1222;1221;
493;3;1121;;1122
493;3;1122;1121;1123
493;3;1123;1122;1124
493;3;1124;1123;1491
493;3;1491;1124;
493;3;4564;;1084
493;3;1084;4564;1085
493;3;1085;1084;
493;3;2882;;2883
493;3;2883;2882;
493;3;1213;;1086
493;3;1086;1213;1087
493;3;1087;1086;
493;3;4597;;4598
493;3;4598;4597;735
493;3;735;4598;736
493;3;736;735;737
493;3;737;736;738
493;3;738;737;739
493;3;739;738;
493;3;2517;;2518
493;3;2518;2517;
493;3;369;;
493;3;992;;993
493;3;993;992;994
493;3;994;993;
493;3;1515;;1590
493;3;1590;1515;153
493;3;153;1590;198
493;3;198;153;199
493;3;199;198;200
493;3;200;199;1505
493;3;1505;200;1506
493;3;1506;1505;1508
493;3;1508;1506;1509
493;3;1509;1508;1511
493;3;1511;1509;1526
493;3;1526;1511;1527
493;3;1527;1526;1528
493;3;1528;1527;1529
493;3;1529;1528;1530
493;3;1530;1529;1542
493;3;1542;1530;1531
493;3;1531;1542;1615
493;3;1615;1531;1616
493;3;1616;1615;1617
493;3;1617;1616;1618
493;3;1618;1617;1619
493;3;1619;1618;
493;3;62;;1633
493;3;1633;62;64
493;3;64;1633;66
493;3;66;64;143
493;3;143;66;1546
493;3;1546;143;144
493;3;144;1546;145
493;3;145;144;146
493;3;146;145;147
493;3;147;146;1634
493;3;1634;147;148
493;3;148;1634;4186
493;3;4186;148;149
493;3;149;4186;150
493;3;150;149;151
493;3;151;150;152
493;3;152;151;1518
493;3;1518;152;1519
493;3;1519;1518;1520
493;3;1520;1519;1521
493;3;1521;1520;1522
493;3;1522;1521;1523
493;3;1523;1522;1605
493;3;1605;1523;1606
493;3;1606;1605;1607
493;3;1607;1606;1608
493;3;1608;1607;1609
493;3;1609;1608;1610
493;3;1610;1609;1611
493;3;1611;1610;1612
493;3;1612;1611;1613
493;3;1613;1612;1614
493;3;1614;1613;
493;3;1563;1562;1564
493;3;1564;1563;1565
493;3;1565;1564;1566
493;3;1566;1565;1567
493;3;1567;1566;1568
493;3;1568;1567;228
493;3;228;1568;229
493;3;229;228;230
493;3;230;229;231
493;3;231;230;1548
493;3;1548;231;232
493;3;232;1548;233
493;3;233;232;234
493;3;234;233;235
493;3;235;234;236
493;3;236;235;1549
493;3;1549;236;1550
493;3;1550;1549;1551
493;3;1551;1550;1552
493;3;1552;1551;1638
493;3;1638;1552;1553
493;3;1553;1638;1554
493;3;1554;1553;1555
493;3;1555;1554;1556
493;3;1556;1555;1557
493;3;1557;1556;1558
493;3;1558;1557;1559
493;3;1559;1558;1560
493;3;1560;1559;1561
493;3;1561;1560;1562
493;3;1562;1561;1563
493;3;69;;70
493;3;70;69;117
493;3;117;70;1582
493;3;1582;117;118
493;3;118;1582;119
493;3;119;118;120
493;3;120;119;121
493;3;121;120;122
493;3;122;121;
493;3;171;;172
493;3;172;171;1543
493;3;1543;172;173
493;3;173;1543;174
493;3;174;173;175
493;3;175;174;1544
493;3;1544;175;176
493;3;176;1544;177
493;3;177;176;178
493;3;178;177;1545
493;3;1545;178;1592
493;3;1592;1545;1593
493;3;1593;1592;1594
493;3;1594;1593;1595
493;3;1595;1594;1596
493;3;1596;1595;1597
493;3;1597;1596;1598
493;3;1598;1597;1599
493;3;1599;1598;1600
493;3;1600;1599;1601
493;3;1601;1600;1602
493;3;1602;1601;1620
493;3;1620;1602;1621
493;3;1621;1620;1622
493;3;1622;1621;1623
493;3;1623;1622;1624
493;3;1624;1623;1625
493;3;1625;1624;1626
493;3;1626;1625;1627
493;3;1627;1626;1628
493;3;1628;1627;1641
493;3;1641;1628;1642
493;3;1642;1641;1629
493;3;1629;1642;1630
493;3;1630;1629;1631
493;3;1631;1630;1636
493;3;1636;1631;1640
493;3;1640;1636;
493;3;1003;;2945
493;3;2945;1003;1004
493;3;1004;2945;
493;3;52;;1639
493;3;1639;52;54
493;3;54;1639;1581
493;3;1581;54;195
493;3;195;1581;134
493;3;134;195;135
493;3;135;134;196
493;3;196;135;136
493;3;136;196;137
493;3;137;136;138
493;3;138;137;139
493;3;139;138;197
493;3;197;139;140
493;3;140;197;141
493;3;141;140;142
493;3;142;141;4172
493;3;4172;142;
493;3;160;;162
493;3;162;160;163
493;3;163;162;164
493;3;164;163;165
493;3;165;164;166
493;3;166;165;191
493;3;191;166;167
493;3;167;191;1574
493;3;1574;167;168
493;3;168;1574;169
493;3;169;168;
493;3;1540;;102
493;3;102;1540;184
493;3;184;102;103
493;3;103;184;185
493;3;185;103;104
493;3;104;185;105
493;3;105;104;106
493;3;106;105;108
493;3;108;106;186
493;3;186;108;109
493;3;109;186;110
493;3;110;109;111
493;3;111;110;112
493;3;112;111;113
493;3;113;112;187
493;3;187;113;1541
493;3;1541;187;81
493;3;81;1541;80
493;3;80;81;79
493;3;79;80;78
493;3;78;79;77
493;3;77;78;
493;3;1587;;1571
493;3;1571;1587;1572
493;3;1572;1571;1573
493;3;1573;1572;
493;3;73;;75
493;3;75;73;124
493;3;124;75;1591
493;3;1591;124;125
493;3;125;1591;126
493;3;126;125;127
493;3;127;126;128
493;3;128;127;129
493;3;129;128;193
493;3;193;129;130
493;3;130;193;1637
493;3;1637;130;131
493;3;131;1637;1580
493;3;1580;131;132
493;3;132;1580;194
493;3;194;132;
493;3;1313;;1314
493;3;1314;1313;1315
493;3;1315;1314;1316
493;3;1316;1315;
493;3;1422;;1423
493;3;1423;1422;2506
493;3;2506;1423;
493;3;1481;;1482
493;3;1482;1481;1308
493;3;1308;1482;1309
493;3;1309;1308;1310
493;3;1310;1309;1311
493;3;1311;1310;
493;3;1485;;1486
493;3;1486;1485;
493;3;1381;;1434
493;3;1434;1381;1382
493;3;1382;1434;
493;3;1375;;1376
493;3;1376;1375;
493;3;1372;;1373
493;3;1373;1372;
493;3;2893;;2894
493;3;2894;2893;2895
493;3;2895;2894;4157
493;3;4157;2895;
493;3;2863;;2864
493;3;2864;2863;2869
493;3;2869;2864;4174
493;3;4174;2869;
493;3;487;;488
493;3;488;487;489
493;3;489;488;
493;3;501;;502
493;3;502;501;503
493;3;503;502;
493;3;505;;506
493;3;506;505;507
493;3;507;506;
493;3;1275;;1276
493;3;1276;1275;1277
493;3;1277;1276;
493;3;2957;;1457
493;3;1457;2957;226
493;3;226;1457;
493;3;4173;;2870
493;3;2870;4173;
493;3;2908;;2909
493;3;2909;2908;
493;3;306;;
493;3;2638;;2639
493;3;2639;2638;
493;3;2528;;2529
493;3;2529;2528;2530
493;3;2530;2529;
493;3;4473;;4474
493;3;4474;4473;
493;3;4469;;4471
493;3;4471;4469;4470
493;3;4470;4471;
493;3;2647;;2648
493;3;2648;2647;
493;3;402;;403
493;3;403;402;404
493;3;404;403;405
493;3;405;404;
493;3;4272;;4273
493;3;4273;4272;
493;3;3074;;3075
493;3;3075;3074;
493;3;4300;;4301
493;3;4301;4300;
493;3;433;;4180
493;3;4180;433;
493;3;2535;;2536
493;3;2536;2535;
493;3;4447;;4448
493;3;4448;4447;
493;3;4417;;4418
493;3;4418;4417;4419
493;3;4419;4418;
493;3;348;;
493;3;3956;;
493;3;3962;;
493;3;4412;;4413
493;3;4413;4412;4414
493;3;4414;4413;4415
493;3;4415;4414;
493;3;328;;
493;3;330;;
493;3;334;;
493;3;324;;
493;3;2838;;2839
493;3;2839;2838;2840
493;3;2840;2839;
493;3;4503;;4504
493;3;4504;4503;
493;3;407;;408
493;3;408;407;1454
493;3;1454;408;409
493;3;409;1454;410
493;3;410;409;411
493;3;411;410;4475
493;3;4475;411;412
493;3;412;4475;413
493;3;413;412;414
493;3;414;413;
493;3;4537;;4538
493;3;4538;4537;
493;3;4492;;4493
493;3;4493;4492;
493;3;2933;;2747
493;3;2747;2933;2748
493;3;2748;2747;2749
493;3;2749;2748;2750
493;3;2750;2749;
493;3;3077;;3078
493;3;3078;3077;
493;3;996;;997
493;3;997;996;998
493;3;998;997;
493;3;4257;;
493;3;356;;
493;3;4526;;4527
493;3;4527;4526;
493;3;4477;;4478
493;3;4478;4477;
493;3;1166;;1167
493;3;1167;1166;2981
493;3;2981;1167;
493;3;912;;913
493;3;913;912;914
493;3;914;913;
493;3;416;;417
493;3;417;416;
493;3;1419;;1420
493;3;1420;1419;
493;3;155;;156
493;3;156;155;157
493;3;157;156;158
493;3;158;157;
493;3;4405;;4406
493;3;4406;4405;
493;3;945;;947
493;3;947;945;948
493;3;948;947;957
493;3;957;948;958
493;3;958;957;
493;3;796;;797
493;3;797;796;
493;3;903;;904
493;3;904;903;905
493;3;905;904;906
493;3;906;905;965
493;3;965;906;4176
493;3;4176;965;
493;3;4175;;966
493;3;966;4175;967
493;3;967;966;
493;3;4552;;4553
493;3;4553;4552;
493;3;4577;;4283
493;3;4283;4577;4284
493;3;4284;4283;
493;3;419;;420
493;3;420;419;421
493;3;421;420;
493;3;1289;;1290
493;3;1290;1289;425
493;3;425;1290;
493;3;2832;;2833
493;3;2833;2832;
493;3;4258;;2547
493;3;2547;4258;2548
493;3;2548;2547;2549
493;3;2549;2548;4547
493;3;4547;2549;
493;3;1330;;1331
493;3;1331;1330;1332
493;3;1332;1331;
493;3;2692;;2693
493;3;2693;2692;
493;3;429;;430
493;3;430;429;431
493;3;431;430;
493;3;692;;693
493;3;693;692;694
493;3;694;693;695
493;3;695;694;
493;3;1459;;434
493;3;434;1459;435
493;3;435;434;436
493;3;436;435;437
493;3;437;436;4234
493;3;4234;437;
493;3;4566;;2519
493;3;2519;4566;
493;3;1292;;1293
493;3;1293;1292;
493;3;1079;;1078
493;3;1078;1079;2587
493;3;2587;1078;
493;3;2520;;1435
493;3;1435;2520;439
493;3;439;1435;440
493;3;440;439;441
493;3;441;440;
493;3;443;;444
493;3;444;443;
493;3;2937;;445
493;3;445;2937;446
493;3;446;445;
493;3;1350;;1351
493;3;1351;1350;
493;3;448;;449
493;3;449;448;
493;3;892;;893
493;3;893;892;894
493;3;894;893;
493;3;451;;452
493;3;452;451;453
493;3;453;452;454
493;3;454;453;1226
493;3;1226;454;2926
493;3;2926;1226;
493;3;2653;;2654
493;3;2654;2653;
493;3;1282;;1283
493;3;1283;1282;1284
493;3;1284;1283;
493;3;1000;;1001
493;3;1001;1000;
493;3;268;;
493;3;272;;
493;3;270;;
493;3;456;;457
493;3;457;456;458
493;3;458;457;
493;3;460;;461
493;3;461;460;462
493;3;462;461;463
493;3;463;462;464
493;3;464;463;465
493;3;465;464;
493;3;3988;;
493;3;3986;;
493;3;3980;;
493;3;841;;662
493;3;662;841;2934
493;3;2934;662;
493;3;838;;1461
493;3;1461;838;839
493;3;839;1461;
493;3;1259;;1260
493;3;1260;1259;
493;3;2814;;2815
493;3;2815;2814;
493;3;2559;;2560
493;3;2560;2559;
493;3;4562;;1209
493;3;1209;4562;4563
493;3;4563;1209;
493;3;4311;;4312
493;3;4312;4311;4313
493;3;4313;4312;4314
493;3;4314;4313;
493;3;811;;812
493;3;812;811;
493;3;4516;;4517
493;3;4517;4516;4518
493;3;4518;4517;
493;3;470;;471
493;3;471;470;472
493;3;472;471;
493;3;4355;;4356
493;3;4356;4355;4357
493;3;4357;4356;4358
493;3;4358;4357;
493;3;474;;475
493;3;475;474;476
493;3;476;475;
493;3;4568;;4259
493;3;4259;4568;4569
493;3;4569;4259;
493;3;2525;;2526
493;3;2526;2525;
493;3;4424;;4425
493;3;4425;4424;4426
493;3;4426;4425;4427
493;3;4427;4426;
493;3;2686;;2687
493;3;2687;2686;
493;3;1324;;4540
493;3;4540;1324;
493;3;1440;;1441
493;3;1441;1440;1442
493;3;1442;1441;1443
493;3;1443;1442;
493;3;4050;;
493;3;377;;
493;3;379;;
493;3;373;;
493;3;765;;766
493;3;766;765;767
493;3;767;766;768
493;3;768;767;769
493;3;769;768;770
493;3;770;769;771
493;3;771;770;772
493;3;772;771;
493;3;2538;;2539
493;3;2539;2538;
493;3;2541;;2542
493;3;2542;2541;
493;3;427;;4178
493;3;4178;427;
493;3;4232;;1495
493;3;1495;4232;
493;3;4450;;4451
493;3;4451;4450;4452
493;3;4452;4451;4453
493;3;4453;4452;4454
493;3;4454;4453;4455
493;3;4455;4454;
493;3;2729;;2730
493;3;2730;2729;2731
493;3;2731;2730;
493;3;2723;;2724
493;3;2724;2723;
493;3;478;;479
493;3;479;478;480
493;3;480;479;
493;3;1321;;1322
493;3;1322;1321;
493;3;3974;;
493;3;3976;;
493;3;3978;;
493;3;4581;;930
493;3;930;4581;931
493;3;931;930;932
493;3;932;931;933
493;3;933;932;934
493;3;934;933;935
493;3;935;934;936
493;3;936;935;937
493;3;937;936;
493;3;2905;;2906
493;3;2906;2905;
493;3;1295;;1296
493;3;1296;1295;
493;3;1462;;484
493;3;484;1462;483
493;3;483;484;482
493;3;482;483;
493;3;2911;;2912
493;3;2912;2911;
493;3;4016;;
493;3;4018;;
493;3;4020;;
493;3;814;;815
493;3;815;814;816
493;3;816;815;
493;3;256;;
493;3;258;;
493;3;260;;
493;3;4615;;2903
493;3;2903;4615;
493;3;1103;;1104
493;3;1104;1103;4160
493;3;4160;1104;
493;3;3022;;3023
493;3;3023;3022;3024
493;3;3024;3023;
493;3;4585;;4586
493;3;4586;4585;
493;3;4372;;4373
493;3;4373;4372;
493;3;4375;;4376
493;3;4376;4375;4377
493;3;4377;4376;
493;3;4599;;828
493;3;828;4599;827
493;3;827;828;826
493;3;826;827;
493;3;972;;973
493;3;973;972;974
493;3;974;973;975
493;3;975;974;
493;3;2996;;4555
493;3;4555;2996;
493;3;4557;;4558
493;3;4558;4557;
493;3;1016;;1017
493;3;1017;1016;1018
493;3;1018;1017;
493;3;4183;;1341
493;3;1341;4183;2939
493;3;2939;1341;1342
493;3;1342;2939;
493;3;494;;495
493;3;495;494;
493;3;1110;;1111
493;3;1111;1110;4334
493;3;4334;1111;1112
493;3;1112;4334;970
493;3;970;1112;
493;3;1071;;1070
493;3;1070;1071;
493;3;4098;;
493;3;4102;;
493;3;4100;;
493;3;4184;;1247
493;3;1247;4184;1248
493;3;1248;1247;
493;3;4112;;
493;3;2681;;2682
493;3;2682;2681;2683
493;3;2683;2682;2684
493;3;2684;2683;
493;3;2801;;2802
493;3;2802;2801;
493;3;2797;;2798
493;3;2798;2797;2799
493;3;2799;2798;
493;3;4457;;4458
493;3;4458;4457;
493;3;4463;;4464
493;3;4464;4463;
493;3;4421;;4422
493;3;4422;4421;
493;3;3085;;3086
493;3;3086;3085;3087
493;3;3087;3086;3088
493;3;3088;3087;
493;3;1353;;1354
493;3;1354;1353;1463
493;3;1463;1354;
493;3;4397;;4398
493;3;4398;4397;4399
493;3;4399;4398;
493;3;4154;;4155
493;3;4155;4154;
493;3;3946;;
493;3;3954;;
493;3;3944;;
493;3;2941;;1256
493;3;1256;2941;1257
493;3;1257;1256;
493;3;497;;498
493;3;498;497;499
493;3;499;498;
493;3;1344;;1345
493;3;1345;1344;
493;3;4188;;2900
493;3;2900;4188;
493;3;1466;;1467
493;3;1467;1466;1468
493;3;1468;1467;
493;3;3037;;3038
493;3;3038;3037;
493;3;4122;;
493;3;4142;;
493;3;1347;;4191
493;3;4191;1347;1348
493;3;1348;4191;
493;3;684;;685
493;3;685;684;686
493;3;686;685;687
493;3;687;686;690
493;3;690;687;
493;3;1046;;1045
493;3;1045;1046;
493;3;4261;;4262
493;3;4262;4261;
493;3;3026;;3027
493;3;3027;3026;3028
493;3;3028;3027;
493;3;389;;
493;3;393;;
493;3;391;;
493;3;741;;742
493;3;742;741;743
493;3;743;742;744
493;3;744;743;745
493;3;745;744;746
493;3;746;745;
493;3;3098;;3099
493;3;3099;3098;
493;3;4480;;4481
493;3;4481;4480;4482
493;3;4482;4481;
493;3;942;;943
493;3;943;942;
493;3;1159;;1160
493;3;1160;1159;1161
493;3;1161;1160;
493;3;1155;;1156
493;3;1156;1155;1157
493;3;1157;1156;
493;3;2764;;2765
493;3;2765;2764;2766
493;3;2766;2765;
493;3;2805;;2806
493;3;2806;2805;
493;3;1250;;4195
493;3;4195;1250;4196
493;3;4196;4195;2804
493;3;2804;4196;4199
493;3;4199;2804;
493;3;1169;;1170
493;3;1170;1169;1460
493;3;1460;1170;2618
493;3;2618;1460;4181
493;3;4181;2618;
493;3;4486;;4487
493;3;4487;4486;
493;3;4489;;4490
493;3;4490;4489;
493;3;2659;;2662
493;3;2662;2659;2663
493;3;2663;2662;4467
493;3;4467;2663;
493;3;4216;;1487
493;3;1487;4216;
493;3;2982;;2650
493;3;2650;2982;2924
493;3;2924;2650;2651
493;3;2651;2924;
493;3;711;;712
493;3;712;711;713
493;3;713;712;714
493;3;714;713;715
493;3;715;714;4570
493;3;4570;715;716
493;3;716;4570;718
493;3;718;716;719
493;3;719;718;
493;3;3964;;
493;3;298;;
493;3;56;;4201
493;3;4201;56;57
493;3;57;4201;365
493;3;365;57;58
493;3;58;365;59
493;3;59;58;4151
493;3;4151;59;60
493;3;60;4151;114
493;3;114;60;115
493;3;115;114;116
493;3;116;115;
493;3;346;;
493;3;312;;
493;3;318;;
493;3;3942;;
493;3;3958;;
493;3;326;;
493;3;354;;
493;3;350;;
493;3;304;;
493;3;340;;
493;3;338;;
493;3;336;;
493;3;342;;
493;3;322;;
493;3;308;;
493;3;3938;;
493;3;3960;;
493;3;332;;
493;3;4349;;4350
493;3;4350;4349;
493;3;1172;;1173
493;3;1173;1172;4583
493;3;4583;1173;
493;3;423;;424
493;3;424;423;
493;3;1450;;1451
493;3;1451;1450;956
493;3;956;1451;1175
493;3;1175;956;959
493;3;959;1175;961
493;3;961;959;962
493;3;962;961;
493;3;1473;;2944
493;3;2944;1473;1174
493;3;1174;2944;4600
493;3;4600;1174;4601
493;3;4601;4600;
493;3;4161;;1108
493;3;1108;4161;
493;3;2946;;2726
493;3;2726;2946;2727
493;3;2727;2726;
493;3;4545;;4546
493;3;4546;4545;
493;3;4484;;2733
493;3;2733;4484;2734
493;3;2734;2733;
493;3;4076;;
493;3;1012;;1013
493;3;1013;1012;1014
493;3;1014;1013;
493;3;1040;;1041
493;3;1041;1040;4483
493;3;4483;1041;1042
493;3;1042;4483;1043
493;3;1043;1042;1488
493;3;1488;1043;
493;3;1009;;1010
493;3;1010;1009;
493;3;2811;;1036
493;3;1036;2811;1037
493;3;1037;1036;1176
493;3;1176;1037;1038
493;3;1038;1176;
493;3;721;;722
493;3;722;721;
493;3;725;;726
493;3;726;725;
493;3;4510;;4511
493;3;4511;4510;
493;3;2706;;4498
493;3;4498;2706;
493;3;4500;;4501
493;3;4501;4500;
493;3;2703;;2704
493;3;2704;2703;
493;3;790;;791
493;3;791;790;793
493;3;793;791;794
493;3;794;793;
493;3;4206;;2577
493;3;2577;4206;
493;3;4435;;4436
493;3;4436;4435;
493;3;4408;;4409
493;3;4409;4408;4410
493;3;4410;4409;
493;3;4202;;921
493;3;921;4202;922
493;3;922;921;923
493;3;923;922;1230
493;3;1230;923;1231
493;3;1231;1230;1232
493;3;1232;1231;
493;3;2929;;1233
493;3;1233;2929;916
493;3;916;1233;917
493;3;917;916;918
493;3;918;917;4203
493;3;4203;918;
493;3;2772;;4332
493;3;4332;2772;2773
493;3;2773;4332;2774
493;3;2774;2773;2775
493;3;2775;2774;
493;3;2582;;2586
493;3;2586;2582;
493;3;4363;;4364
493;3;4364;4363;4365
493;3;4365;4364;4366
493;3;4366;4365;
493;3;509;;510
493;3;510;509;511
493;3;511;510;
493;3;4347;;1477
493;3;1477;4347;1478
493;3;1478;1477;
493;3;3080;;3081
493;3;3081;3080;3082
493;3;3082;3081;3083
493;3;3083;3082;
493;3;549;;4211
493;3;4211;549;
493;3;1394;;1395
493;3;1395;1394;2947
493;3;2947;1395;
493;3;4389;;4390
493;3;4390;4389;4391
493;3;4391;4390;
493;3;3046;;3047
493;3;3047;3046;3050
493;3;3050;3047;3051
493;3;3051;3050;3052
493;3;3052;3051;
493;3;3054;;3055
493;3;3055;3054;4200
493;3;4200;3055;
493;3;4286;;4287
493;3;4287;4286;
493;3;4289;;4290
493;3;4290;4289;
493;3;1149;;1150
493;3;1150;1149;1151
493;3;1151;1150;4367
493;3;4367;1151;1479
493;3;1479;4367;
493;3;316;;
493;3;310;;
493;3;314;;
493;3;320;;
493;3;517;;518
493;3;518;517;519
493;3;519;518;520
493;3;520;519;
493;3;4369;;4370
493;3;4370;4369;
493;3;2669;;2670
493;3;2670;2669;
493;3;3090;;3091
493;3;3091;3090;3092
493;3;3092;3091;
493;3;4520;;4521
493;3;4521;4520;
493;3;821;;822
493;3;822;821;4159
493;3;4159;822;
493;3;4345;;4346
493;3;4346;4345;
493;3;522;;523
493;3;523;522;524
493;3;524;523;
493;3;1145;;4333
493;3;4333;1145;1146
493;3;1146;4333;4152
493;3;4152;1146;1147
493;3;1147;4152;1137
493;3;1137;1147;1143
493;3;1143;1137;
493;3;2860;;2861
493;3;2861;2860;
493;3;4360;;4361
493;3;4361;4360;
493;3;2532;;2533
493;3;2533;2532;
493;3;4046;;
493;3;4042;;
493;3;4044;;
493;3;1415;;1416
493;3;1416;1415;1417
493;3;1417;1416;
493;3;352;;
493;3;4239;;1388
493;3;1388;4239;1389
493;3;1389;1388;1392
493;3;1392;1389;
493;3;2695;;2696
493;3;2696;2695;
493;3;697;;698
493;3;698;697;701
493;3;701;698;
493;3;4613;;702
493;3;702;4613;
493;3;753;;754
493;3;754;753;2550
493;3;2550;754;
493;3;526;;527
493;3;527;526;
493;3;2631;;2632
493;3;2632;2631;2633
493;3;2633;2632;
493;3;2625;;2626
493;3;2626;2625;
493;3;2628;;2629
493;3;2629;2628;
493;3;531;;530
493;3;530;531;529
493;3;529;530;
493;3;2620;;2621
493;3;2621;2620;2622
493;3;2622;2621;
493;3;533;;534
493;3;534;533;535
493;3;535;534;536
493;3;536;535;
493;3;4444;;4445
493;3;4445;4444;2825
493;3;2825;4445;2826
493;3;2826;2825;2827
493;3;2827;2826;
493;3;2875;;2879
493;3;2879;2875;2880
493;3;2880;2879;
493;3;1318;;1319
493;3;1319;1318;
493;3;2552;;2553
493;3;2553;2552;2554
493;3;2554;2553;
493;3;2556;;2557
493;3;2557;2556;
493;3;3068;;3069
493;3;3069;3068;
493;3;2572;;2576
493;3;2576;2572;4204
493;3;4204;2576;
493;3;1065;;1064
493;3;1064;1065;4571
493;3;4571;1064;
493;3;1265;;1266
493;3;1266;1265;
493;3;3043;;3044
493;3;3044;3043;
493;3;538;;539
493;3;539;538;540
493;3;540;539;
493;3;542;;543
493;3;543;542;
493;3;2787;;2788
493;3;2788;2787;
493;3;1053;;1054
493;3;1054;1053;1055
493;3;1055;1054;1056
493;3;1056;1055;
493;3;4000;;
493;3;3996;;
493;3;3998;;
493;3;1304;;1305
493;3;1305;1304;1306
493;3;1306;1305;
493;3;4004;;
493;3;4002;;
493;3;3007;;3008
493;3;3008;3007;3009
493;3;3009;3008;3010
493;3;3010;3009;
493;3;1132;;2950
493;3;2950;1132;
493;3;2952;;1133
493;3;1133;2952;1134
493;3;1134;1133;
493;3;4379;;4380
493;3;4380;4379;4381
493;3;4381;4380;4382
493;3;4382;4381;
493;3;4158;;807
493;3;807;4158;808
493;3;808;807;809
493;3;809;808;
493;3;1068;;1067
493;3;1067;1068;
493;3;2857;;2858
493;3;2858;2857;
493;3;2644;;2645
493;3;2645;2644;
493;3;1286;;1287
493;3;1287;1286;
493;3;300;;
493;3;1023;;1024
493;3;1024;1023;1025
493;3;1025;1024;
493;3;545;;546
493;3;546;545;547
493;3;547;546;
493;3;550;;551
493;3;551;550;552
493;3;552;551;553
493;3;553;552;
493;3;4393;;4394
493;3;4394;4393;4395
493;3;4395;4394;
493;3;556;;558
493;3;558;556;
493;3;2954;;557
493;3;557;2954;
493;3;560;;561
493;3;561;560;562
493;3;562;561;
493;3;65;100;74
493;3;74;65;82
493;3;82;74;83
493;3;83;82;85
493;3;85;83;86
493;3;86;85;87
493;3;87;86;4212
493;3;4212;87;88
493;3;88;4212;4213
493;3;4213;88;89
493;3;89;4213;90
493;3;90;89;92
493;3;92;90;93
493;3;93;92;4214
493;3;4214;93;94
493;3;94;4214;188
493;3;188;94;95
493;3;95;188;97
493;3;97;95;189
493;3;189;97;98
493;3;98;189;99
493;3;99;98;1583
493;3;1583;99;100
493;3;100;1583;65
493;3;3924;;
493;3;3992;;
493;3;3994;;
493;3;4048;;
493;3;375;;
493;3;3972;;
493;3;4026;;
493;3;3926;;
493;3;4106;;
493;3;4108;;
493;3;3948;;
493;3;385;;
493;3;383;;
493;3;3940;;
493;3;3952;;
493;3;4040;;
493;3;4010;;
493;3;4014;;
493;3;4012;;
493;3;4092;;
493;3;4032;;
493;3;4249;;
493;3;395;;
493;3;4056;;
493;3;4060;;
493;3;4058;;
493;3;4028;;
493;3;4090;;
493;3;3984;;
493;3;381;;
493;3;3968;;
493;3;4022;;
493;3;4118;;
493;3;4253;;
493;3;4255;;
493;3;4126;;
493;3;3934;;
493;3;3950;;
493;3;4038;;
493;3;4008;;
493;3;4052;;
493;3;4094;;
493;3;4096;;
493;3;4054;;
493;3;3990;;
493;3;4148;;
493;3;3982;;
493;3;371;;
493;3;3970;;
493;3;4024;;
493;3;4104;;
493;3;4132;;
493;3;387;;
493;3;3936;;
493;3;4074;;
493;3;4036;;
493;3;4006;;
493;3;3930;;
493;3;4086;;
493;3;4062;;
493;3;1447;;1448
493;3;1448;1447;
493;3;4088;;
493;3;678;;679
493;3;679;678;680
493;3;680;679;681
493;3;681;680;682
493;3;682;681;831
493;3;831;682;832
493;3;832;831;3002
493;3;3002;832;3003
493;3;3003;3002;
493;3;4513;;4514
493;3;4514;4513;
493;3;1237;;1238
493;3;1238;1237;1239
493;3;1239;1238;
493;3;4549;;4550
493;3;4550;4549;
493;3;564;;565
493;3;565;564;566
493;3;566;565;567
493;3;567;566;568
493;3;568;567;
493;3;570;;571
493;3;571;570;572
493;3;572;571;
493;3;574;;575
493;3;575;574;576
493;3;576;575;
493;3;4539;;1327
493;3;1327;4539;1328
493;3;1328;1327;
493;3;4218;;4582
493;3;4582;4218;581
493;3;581;4582;
493;3;1126;;1127
493;3;1127;1126;1128
493;3;1128;1127;1129
493;3;1129;1128;
493;3;4292;;4293
493;3;4293;4292;
493;3;578;;579
493;3;579;578;
493;3;3016;;3017
493;3;3017;3016;
493;3;3030;;3031
493;3;3031;3030;
493;3;4244;;4245
493;3;4245;4244;
493;3;3012;;3013
493;3;3013;3012;3014
493;3;3014;3013;4242
493;3;4242;3014;
493;3;180;;181
493;3;181;180;182
493;3;182;181;183
493;3;183;182;190
493;3;190;183;
493;3;428;;833
493;3;833;428;
493;3;4542;;4543
493;3;4543;4542;
493;3;2596;;2597
493;3;2597;2596;2598
493;3;2598;2597;2599
493;3;2599;2598;
493;3;288;;
493;3;290;;
493;3;286;;
493;3;2781;;2782
493;3;2782;2781;2785
493;3;2785;2782;
493;3;2666;;2667
493;3;2667;2666;
493;3;2699;;2700
493;3;2700;2699;2701
493;3;2701;2700;
493;3;2964;;2965
493;3;2965;2964;
493;3;3928;;
493;3;3932;;
493;3;1027;;1028
493;3;1028;1027;
493;3;3033;;3034
493;3;3034;3033;3035
493;3;3035;3034;
493;3;2938;;1360
493;3;1360;2938;1361
493;3;1361;1360;
493;3;4460;;4461
493;3;4461;4460;
493;3;2890;;2891
493;3;2891;2890;
493;3;1076;;1489
493;3;1489;1076;4223
493;3;4223;1489;1073
493;3;1073;4223;
493;3;4220;;2570
493;3;2570;4220;
493;3;2563;;2564
493;3;2564;2563;
493;3;1366;;4227
493;3;4227;1366;
493;3;1363;;1364
493;3;1364;1363;1490
493;3;1490;1364;
493;3;590;;592
493;3;592;590;
493;3;2569;;4222
493;3;4222;2569;
493;3;594;;596
493;3;596;594;
493;3;4588;;4589
493;3;4589;4588;
493;3;4572;;989
493;3;989;4572;990
493;3;990;989;
493;3;1334;;1335
493;3;1335;1334;
493;3;4432;;4433
493;3;4433;4432;
493;3;1298;;1299
493;3;1299;1298;
493;3;704;;705
493;3;705;704;706
493;3;706;705;1470
493;3;1470;706;4192
493;3;4192;1470;2960
493;3;2960;4192;
493;3;939;;940
493;3;940;939;
493;3;896;;899
493;3;899;896;900
493;3;900;899;901
493;3;901;900;
493;3;854;;855
493;3;855;854;856
493;3;856;855;
493;3;877;;878
493;3;878;877;879
493;3;879;878;880
493;3;880;879;
493;3;882;;883
493;3;883;882;884
493;3;884;883;
493;3;2967;;2968
493;3;2968;2967;
493;3;4429;;4430
493;3;4430;4429;
493;3;2817;;2818
493;3;2818;2817;
493;3;598;;599
493;3;599;598;
493;3;4241;;2851
493;3;2851;4241;2852
493;3;2852;2851;
493;3;244;;
493;3;246;;
493;3;248;;
493;3;2854;;2842
493;3;2842;2854;2843
493;3;2843;2842;
493;3;344;;
493;3;2845;;2846
493;3;2846;2845;
493;3;4532;;4533
493;3;4533;4532;4534
493;3;4534;4533;
493;3;4523;;4524
493;3;4524;4523;
493;3;2656;;2657
493;3;2657;2656;3093
493;3;3093;2657;
493;3;3057;;3058
493;3;3058;3057;
493;3;4264;;4265
493;3;4265;4264;4266
493;3;4266;4265;4267
493;3;4267;4266;
493;3;4269;;4270
493;3;4270;4269;
493;3;799;;800
493;3;800;799;801
493;3;801;800;
493;3;953;;954
493;3;954;953;
493;3;1117;;1118
493;3;1118;1117;1119
493;3;1119;1118;
493;3;4328;;4329
493;3;4329;4328;4330
493;3;4330;4329;4331
493;3;4331;4330;
493;3;601;;602
493;3;602;601;603
493;3;603;602;604
493;3;604;603;4609
493;3;4609;604;
493;3;4610;;605
493;3;605;4610;606
493;3;606;605;
493;3;2522;;2523
493;3;2523;2522;
493;3;4316;;4317
493;3;4317;4316;4318
493;3;4318;4317;4319
493;3;4319;4318;
493;3;4078;;
493;3;4080;;
493;3;4116;;
493;3;4150;;
493;3;4082;;
493;3;4084;;
493;3;4603;;925
493;3;925;4603;926
493;3;926;925;927
493;3;927;926;928
493;3;928;927;
493;3;4114;;
493;3;2777;;2778
493;3;2778;2777;2779
493;3;2779;2778;
493;3;608;;609
493;3;609;608;
493;3;4352;;4353
493;3;4353;4352;
493;3;583;;584
493;3;584;583;585
493;3;585;584;
493;3;2829;;4616
493;3;4616;2829;
493;3;4034;;
493;3;611;;612
493;3;612;611;613
493;3;613;612;614
493;3;614;613;
493;3;3071;;3072
493;3;3072;3071;
493;3;3004;;4229
493;3;4229;3004;
493;3;3005;;2835
493;3;2835;3005;2836
493;3;2836;2835;
493;3;2972;;2973
493;3;2973;2972;
493;3;2975;;2976
493;3;2976;2975;
493;3;2611;;2612
493;3;2612;2611;
493;3;1494;;4230
493;3;4230;1494;
493;3;1096;;1097
493;3;1097;1096;1098
493;3;1098;1097;
493;3;2566;;2567
493;3;2567;2566;
493;3;2872;;2873
493;3;2873;2872;
493;3;1437;;1438
493;3;1438;1437;1496
493;3;1496;1438;
493;3;616;;591
493;3;591;616;617
493;3;617;591;618
493;3;618;617;
493;3;1397;;2808
493;3;2808;1397;2809
493;3;2809;2808;
493;3;1163;;1164
493;3;1164;1163;
493;3;4295;;4296
493;3;4296;4295;4297
493;3;4297;4296;4298
493;3;4298;4297;
493;3;2678;;2679
493;3;2679;2678;
493;3;1301;;1302
493;3;1302;1301;
493;3;4578;;2887
493;3;2887;4578;2888
493;3;2888;2887;
493;3;2720;;2721
493;3;2721;2720;
493;3;1533;;1534
493;3;1534;1533;1535
493;3;1535;1534;1536
493;3;1536;1535;
493;3;4384;;4385
493;3;4385;4384;4386
493;3;4386;4385;4387
493;3;4387;4386;
493;3;2672;;2673
493;3;2673;2672;
493;3;835;;836
493;3;836;835;
493;3;4579;;620
493;3;620;4579;621
493;3;621;620;622
493;3;622;621;
493;3;1356;;1357
493;3;1357;1356;4233
493;3;4233;1357;
493;3;2820;;2821
493;3;2821;2820;2822
493;3;2822;2821;2823
493;3;2823;2822;
493;3;977;;978
493;3;978;977;979
493;3;979;978;
493;3;1498;;1499
493;3;1499;1498;
493;3;4235;;4237
493;3;4237;4235;2717
493;3;2717;4237;2718
493;3;2718;2717;
493;3;2710;;2711
493;3;2711;2710;
493;3;2713;;2714
493;3;2714;2713;
493;3;4495;;4496
493;3;4496;4495;4497
493;3;4497;4496;
493;3;1268;;1269
493;3;1269;1268;
493;3;3060;;3061
493;3;3061;3060;3062
493;3;3062;3061;
493;3;1131;;4208
493;3;4208;1131;4209
493;3;4209;4208;
493;3;4340;;4341
493;3;4341;4340;4342
493;3;4342;4341;4343
493;3;4343;4342;
493;3;4321;;4322
493;3;4322;4321;4323
493;3;4323;4322;
493;3;1500;;844
493;3;844;1500;845
493;3;845;844;846
493;3;846;845;
493;3;2604;;2605
493;3;2605;2604;
493;3;4595;;4596
493;3;4596;4595;
493;3;2601;;2602
493;3;2602;2601;
493;3;1337;;1338
493;3;1338;1337;
493;3;2675;;2676
493;3;2676;2675;
493;3;950;;951
493;3;951;950;
493;3;2917;;2918
493;3;2918;2917;2919
493;3;2919;2918;4226
493;3;4226;2919;
493;3;4591;;4592
493;3;4592;4591;4593
493;3;4593;4592;
493;3;908;;909
493;3;909;908;910
493;3;910;909;
493;3;624;;625
493;3;625;624;626
493;3;626;625;627
493;3;627;626;
493;3;629;;630
493;3;630;629;631
493;3;631;630;632
493;3;632;631;633
493;3;633;632;
493;3;1279;;1280
493;3;1280;1279;
493;3;636;;637
493;3;637;636;638
493;3;638;637;639
493;3;639;638;
493;3;4325;;4326
493;3;4326;4325;
493;3;641;;643
493;3;643;641;644
493;3;644;643;
493;3;646;;647
493;3;647;646;
493;3;1384;;1385
493;3;1385;1384;4238
493;3;4238;1385;
493;3;3095;;3096
493;3;3096;3095;
493;3;2739;;2740
493;3;2740;2739;2741
493;3;2741;2740;2742
493;3;2742;2741;
493;3;858;;859
493;3;859;858;
493;3;649;;650
493;3;650;649;
493;3;2752;;2753
493;3;2753;2752;
493;3;2983;;2736
493;3;2736;2983;2737
493;3;2737;2736;2984
493;3;2984;2737;2985
493;3;2985;2984;
493;3;2978;;2979
493;3;2979;2978;2980
493;3;2980;2979;
493;3;1058;;1059
493;3;1059;1058;1060
493;3;1060;1059;1061
493;3;1061;1060;
493;3;783;;784
493;3;784;783;1501
493;3;1501;784;785
493;3;785;1501;788
493;3;788;785;
493;3;2914;;2915
493;3;2915;2914;
493;3;2689;;2690
493;3;2690;2689;
493;3;4576;;1502
493;3;1502;4576;
493;3;4219;;864
493;3;864;4219;863
493;3;863;864;
493;3;867;;868
493;3;868;867;
493;3;4574;;860
493;3;860;4574;861
493;3;861;860;
493;3;4194;;2593
493;3;2593;4194;2594
493;3;2594;2593;
493;3;2961;;2962
493;3;2962;2961;1429
493;3;1429;2962;1430
493;3;1430;1429;
493;3;4247;;
493;3;4251;;
493;3;2756;;2757
493;3;2757;2756;2758
493;3;2758;2757;2759
493;3;2759;2758;
493;3;2761;;2762
493;3;2762;2761;
493;3;1262;;1263
493;3;1263;1262;
493;3;2987;;2988
493;3;2988;2987;2989
493;3;2989;2988;2990
493;3;2990;2989;2991
493;3;2991;2990;
493;3;2993;;2994
493;3;2994;2993;
493;3;2744;;2745
493;3;2745;2744;
493;3;2589;;2590
493;3;2590;2589;2591
493;3;2591;2590;
493;3;2635;;2636
493;3;2636;2635;
493;3;2848;;4240
493;3;4240;2848;
493;3;728;;729
493;3;729;728;730
493;3;730;729;731
493;3;731;730;732
493;3;732;731;733
493;3;733;732;
493;3;4303;;4304
493;3;4304;4303;
493;3;4306;;4307
493;3;4307;4306;4308
493;3;4308;4307;4309
493;3;4309;4308;
493;3;2641;;2642
493;3;2642;2641;
493;3;1048;;1049
493;3;1049;1048;1051
493;3;1051;1049;
493;3;1100;;1101
493;3;1101;1100;
493;3;3064;;3065
493;3;3065;3064;3066
493;3;3066;3065;
493;3;4529;;4530
493;3;4530;4529;
493;3;3966;;
493;3;4559;;1030
493;3;1030;4559;1031
493;3;1031;1030;1032
493;3;1032;1031;1033
493;3;1033;1032;
493;3;4506;;4507
493;3;4507;4506;4508
493;3;4508;4507;
493;3;4068;;
493;3;4066;;
493;3;4064;;
493;3;774;;775
493;3;775;774;776
493;3;776;775;1504
493;3;1504;776;777
493;3;777;1504;778
493;3;778;777;779
493;3;779;778;780
493;3;780;779;781
493;3;781;780;
493;3;4072;;
493;3;4070;;
493;3;4275;;4276
493;3;4276;4275;4277
493;3;4277;4276;
493;3;886;;887
493;3;887;886;888
493;3;888;887;889
493;3;889;888;890
493;3;890;889;
493;3;4279;;4280
493;3;4280;4279;
493;3;652;;653
493;3;653;652;654
493;3;654;653;655
493;3;655;654;
493;3;4438;;4439
493;3;4439;4438;
493;3;4441;;4442
493;3;4442;4441;
493;3;4030;;
493;3;2544;;2545
493;3;2545;2544;
493;3;2794;;2795
493;3;2795;2794;2955
493;3;2955;2795;
493;3;2790;;2791
493;3;2791;2790;2792
493;3;2792;2791;
493;3;4401;;4402
493;3;4402;4401;4403
493;3;4403;4402;
493;3;3040;;3041
493;3;3041;3040;
493;3;2970;;2607
493;3;2607;2970;2608
493;3;2608;2607;2609
493;3;2609;2608;4606
493;3;4606;2609;
493;3;674;;675
493;3;675;674;676
493;3;676;675;
493;3;664;;665
493;3;665;664;
493;3;984;;983
493;3;983;984;982
493;3;982;983;981
493;3;981;982;
493;3;667;;668
493;3;668;667;2507
493;3;2507;668;
493;3;987;;986
493;3;986;987;
493;3;670;;671
493;3;671;670;672
493;3;672;671;
493;3;3019;;3020
493;3;3020;3019;
493;3;276;;
493;3;367;;
493;3;264;;
493;3;252;;
493;3;292;;
493;3;240;;
493;3;274;;
493;3;262;;
493;3;250;;
493;3;294;;
493;3;238;;
493;3;284;;
493;3;266;;
493;3;254;;
493;3;296;;
493;3;242;;
493;3;1006;;1007
493;3;1007;1006;
493;3;1020;;1021
493;3;1021;1020;
493;3;2999;;3000
493;3;3000;2999;
493;3;2768;;2769
493;3;2769;2768;2770
493;3;2770;2769;
493;3;1241;;1242
493;3;1242;1241;
493;3;2511;;2956
493;3;2956;2511;
