CID;TABCD;LCD;CLASS;TCD;STCD;ROADNUMBER;RNID;N1ID;N2ID;POL_LCD;PES_LEV
493;3;1403;L;1;2;G210;768;1035;2339;4;
493;3;1368;L;1;2;G210;1166;768;175;4;
493;3;707;L;1;4;;280;394;27;4;
493;3;1177;L;1;2;G210;280;863;381;4;
493;3;1399;L;1;2;G210;872;2338;2388;4;
493;3;4168;L;1;2;G210;2087;2388;768;4;
493;3;756;L;1;4;;863;1151;280;4;
493;3;398;L;7;0;;;9;1540;4;
493;3;396;L;7;0;;;9;1556;4;
493;3;1090;L;1;2;G212;9;1540;2093;4;
493;3;277;L;7;0;;;10;1080;4;
493;3;279;L;7;0;;;10;1353;4;
493;3;281;L;7;0;;;10;1356;4;
493;3;1189;L;1;2;;10;872;1346;4;
493;3;872;L;1;4;G319;45;280;889;4;
493;3;1080;L;1;2;G319;889;1350;890;4;
493;3;1235;L;1;3;;103;276;1223;4;
493;3;1234;L;1;2;G319;103;200;51;4;
493;3;1223;L;1;2;G319;895;894;1540;4;
493;3;1220;L;1;2;G319;894;51;895;4;
493;3;1120;L;1;3;;200;135;1144;4;
493;3;1210;L;1;2;G319;891;890;146;4;
493;3;2881;L;1;4;;1325;881;1326;4;
493;3;1212;L;1;2;G319;1144;146;361;4;
493;3;734;L;1;4;;381;2129;135;4;
493;3;2516;L;1;3;;381;280;285;4;
493;3;368;L;7;0;;;1414;1080;4;
493;3;991;L;1;3;;236;612;36;4;
493;3;1589;L;1;1;G42;1163;1168;2071;4;
493;3;1517;L;1;1;G50;1586;1540;1921;4;
493;3;1579;L;2;1;G93;1080;;;4;
493;3;68;L;1;1;G65;1890;48;933;4;
493;3;170;L;1;1;G65;1890;1763;2112;4;
493;3;1002;L;1;3;;74;128;63;4;
493;3;51;L;1;1;G75;1763;1540;2114;4;
493;3;159;L;1;1;G75;1763;1035;1540;4;
493;3;76;L;1;1;G85;1790;1789;632;4;
493;3;1570;L;1;1;G93;1531;1530;1080;4;
493;3;1588;L;1;1;G93;1531;1540;1799;4;
493;3;1312;L;1;4;;994;224;165;4;
493;3;1421;L;1;3;S103;575;1540;1182;4;
493;3;1307;L;1;4;;227;1127;675;4;
493;3;1484;L;1;4;;227;1132;1131;4;
493;3;1380;L;1;3;S104;1064;175;1014;4;
493;3;1374;L;1;3;S106;1011;1857;1012;4;
493;3;1371;L;1;3;S106;1857;1166;1011;4;
493;3;2892;L;1;4;S107;1313;1531;2062;4;
493;3;2862;L;1;4;;1317;1316;908;4;
493;3;486;L;1;4;;52;364;108;4;
493;3;500;L;1;4;;621;469;248;4;
493;3;504;L;1;4;;844;467;469;4;
493;3;1274;L;1;4;;986;926;524;4;
493;3;1456;L;1;3;S303;2086;768;289;4;
493;3;2868;L;1;4;X553;1321;908;1322;4;
493;3;2907;L;1;4;;2131;1335;881;4;
493;3;305;L;7;0;;;1849;1440;4;
493;3;2637;L;1;4;;1240;97;1238;4;
493;3;2527;L;1;4;;267;1194;29;4;
493;3;4472;L;1;4;;985;2346;986;4;
493;3;4468;L;1;4;;985;984;524;4;
493;3;2646;L;1;4;;773;1242;175;4;
493;3;401;L;1;4;;12;224;227;4;
493;3;4271;L;1;4;;2207;200;2208;4;
493;3;3073;L;1;4;;2000;1999;1995;4;
493;3;4299;L;1;4;;2220;2159;532;4;
493;3;4179;L;1;4;;2347;285;29;4;
493;3;2534;L;1;4;;2143;394;62;4;
493;3;4446;L;1;4;;2260;376;542;4;
493;3;4416;L;1;4;;2252;428;2254;4;
493;3;347;L;7;0;;;1481;2427;4;
493;3;3955;L;7;0;;;1595;2338;4;
493;3;3961;L;7;0;;;1595;2436;4;
493;3;4411;L;1;4;;428;2242;2251;4;
493;3;327;L;7;0;;;1469;2422;4;
493;3;329;L;7;0;;;1471;2422;4;
493;3;333;L;7;0;;;1471;2436;4;
493;3;323;L;7;0;;;1464;2436;4;
493;3;2837;L;1;4;;1015;1119;1305;4;
493;3;4502;L;1;4;;2282;13;2283;4;
493;3;406;L;1;3;;13;228;1776;4;
493;3;4536;L;1;4;;13;823;2299;4;
493;3;4491;L;1;4;;2349;13;234;4;
493;3;2746;L;1;4;;441;375;983;4;
493;3;3076;L;1;4;;1997;1996;1018;4;
493;3;995;L;1;3;;14;1778;238;4;
493;3;4256;L;7;0;;;1502;2422;4;
493;3;355;L;7;0;;;1502;2436;4;
493;3;4525;L;1;4;;1502;2292;2294;4;
493;3;4476;L;1;4;;2272;2273;13;4;
493;3;1165;L;1;4;;1780;183;15;4;
493;3;911;L;1;3;;15;239;2400;4;
493;3;415;L;1;4;;16;238;989;4;
493;3;1418;L;1;4;;1034;576;575;4;
493;3;154;L;1;1;;969;10;1586;4;
493;3;4404;L;1;4;;1426;2248;84;4;
493;3;944;L;1;3;;241;467;248;4;
493;3;795;L;1;3;;2408;113;467;4;
493;3;902;L;1;3;;239;105;20;4;
493;3;963;L;1;4;;20;239;612;4;
493;3;4551;L;1;1;;2138;1586;2003;4;
493;3;4282;L;1;4;;2384;2208;1782;4;
493;3;418;L;1;4;;22;241;263;4;
493;3;1288;L;1;4;;263;989;248;4;
493;3;2831;L;1;3;;2288;446;1089;4;
493;3;2546;L;1;4;;1172;2350;2322;4;
493;3;1329;L;1;4;;993;997;992;4;
493;3;2691;L;1;4;;245;241;621;4;
493;3;426;L;1;4;;26;276;278;4;
493;3;691;L;1;4;;27;279;278;4;
493;3;432;L;1;4;;29;2347;1006;4;
493;3;4565;L;1;3;;2345;285;29;4;
493;3;1291;L;1;4;;990;156;108;4;
493;3;1077;L;1;3;;211;9;1222;4;
493;3;438;L;1;4;;831;1191;288;4;
493;3;2935;L;1;3;;288;831;298;4;
493;3;1349;L;1;4;;1004;285;1005;4;
493;3;447;L;1;4;;33;156;248;4;
493;3;891;L;1;4;;34;1238;239;4;
493;3;450;L;1;3;;226;224;612;4;
493;3;2652;L;1;4;;1127;1243;227;4;
493;3;1281;L;1;4;;988;987;926;4;
493;3;999;L;1;4;;36;14;246;4;
493;3;267;L;7;0;;;1366;1080;4;
493;3;271;L;7;0;;;1366;1353;4;
493;3;269;L;7;0;;;1366;1356;4;
493;3;455;L;1;4;;37;310;224;4;
493;3;459;L;1;4;;224;305;226;4;
493;3;3987;L;7;0;;;39;1540;4;
493;3;3985;L;7;0;;;39;1556;4;
493;3;3979;L;7;0;;;39;1551;4;
493;3;840;L;1;3;;39;40;2126;4;
493;3;837;L;1;3;;40;1304;39;4;
493;3;1258;L;1;4;;1297;854;346;4;
493;3;2813;L;1;4;;608;376;542;4;
493;3;2558;L;1;4;;2343;890;44;4;
493;3;4561;L;1;2;G319;890;889;891;4;
493;3;4310;L;1;4;;2223;532;1286;4;
493;3;810;L;1;3;;42;252;224;4;
493;3;4515;L;1;4;;2291;1994;2292;4;
493;3;469;L;1;4;;43;113;2124;4;
493;3;4354;L;1;4;;1923;85;2233;4;
493;3;473;L;1;4;;44;135;332;4;
493;3;4567;L;1;3;;2350;278;135;4;
493;3;2524;L;1;4;;1194;2351;267;4;
493;3;4423;L;1;4;;1483;2255;1310;4;
493;3;2685;L;1;4;;2352;115;1254;4;
493;3;1323;L;1;4;;996;1826;997;4;
493;3;1439;L;1;4;;1858;306;115;4;
493;3;4049;L;7;0;;;1653;1540;4;
493;3;376;L;7;0;;;298;1540;4;
493;3;378;L;7;0;;;298;1556;4;
493;3;372;L;7;0;;;298;1551;4;
493;3;764;L;1;3;;298;381;276;4;
493;3;2537;L;1;4;;1201;298;2353;4;
493;3;2540;L;1;4;;2353;1201;495;4;
493;3;4177;L;1;4;;2119;2096;276;4;
493;3;4231;L;1;4;;2171;146;1135;4;
493;3;4449;L;1;4;;2261;2262;1270;4;
493;3;2728;L;1;4;;1271;375;76;4;
493;3;2722;L;1;4;;1269;432;1270;4;
493;3;477;L;1;4;;47;305;345;4;
493;3;1320;L;1;4;;995;165;1826;4;
493;3;3973;L;7;0;;;48;1540;4;
493;3;3975;L;7;0;;;48;1556;4;
493;3;3977;L;7;0;;;48;1551;4;
493;3;929;L;1;3;;48;446;1586;4;
493;3;2904;L;1;4;;1335;1334;1336;4;
493;3;1294;L;1;4;;590;115;1828;4;
493;3;481;L;1;4;;2124;584;116;4;
493;3;2910;L;1;4;;2132;2124;81;4;
493;3;4015;L;7;0;;;305;1540;4;
493;3;4017;L;7;0;;;305;1556;4;
493;3;4019;L;7;0;;;305;1551;4;
493;3;813;L;1;3;;305;224;81;4;
493;3;255;L;7;0;;;1333;1080;4;
493;3;257;L;7;0;;;1333;1353;4;
493;3;259;L;7;0;;;1333;1356;4;
493;3;2901;L;1;4;;1333;1080;1334;4;
493;3;1102;L;1;3;;51;361;2133;4;
493;3;3021;L;1;4;;1982;364;1306;4;
493;3;4584;L;1;4;;2468;2355;1586;4;
493;3;4371;L;1;4;;2234;2168;2154;4;
493;3;4374;L;1;4;;2154;84;2237;4;
493;3;824;L;1;4;;414;175;2458;4;
493;3;971;L;1;3;;54;55;702;4;
493;3;2995;L;1;4;;1965;54;2258;4;
493;3;4556;L;1;4;;1965;55;2387;4;
493;3;1015;L;1;3;;55;54;2338;4;
493;3;1339;L;1;4;;57;505;268;4;
493;3;493;L;1;4;;58;279;276;4;
493;3;1109;L;1;3;;59;2133;55;4;
493;3;1069;L;1;4;;60;2356;106;4;
493;3;4097;L;7;0;;;975;1540;4;
493;3;4101;L;7;0;;;975;1556;4;
493;3;4099;L;7;0;;;975;1551;4;
493;3;1246;L;1;4;;975;1540;2357;4;
493;3;4111;L;7;0;;;2315;1540;4;
493;3;2680;L;1;4;;1254;115;113;4;
493;3;2800;L;1;4;;731;475;1291;4;
493;3;2796;L;1;4;;1287;1293;475;4;
493;3;4456;L;1;4;;2262;2261;2265;4;
493;3;4462;L;1;4;;2362;432;2262;4;
493;3;4420;L;1;4;;1310;2254;1119;4;
493;3;3084;L;1;4;;2003;2004;2005;4;
493;3;1352;L;1;4;;1005;286;288;4;
493;3;4396;L;1;4;;2245;2242;1989;4;
493;3;4153;L;1;4;;1431;1782;1876;4;
493;3;3945;L;7;0;;;1586;1540;4;
493;3;3953;L;7;0;;;1755;1556;4;
493;3;3943;L;7;0;;;1753;1556;4;
493;3;1252;L;1;4;;982;170;59;4;
493;3;496;L;1;4;;345;226;116;4;
493;3;1343;L;1;4;;1417;62;2129;4;
493;3;4187;L;1;4;;2140;2062;394;4;
493;3;1465;L;1;4;;824;13;77;4;
493;3;3036;L;1;4;;1985;1778;1984;4;
493;3;4121;L;7;0;;;2129;1556;4;
493;3;4141;L;7;0;;;2129;1551;4;
493;3;4189;L;1;4;;2129;62;1417;4;
493;3;683;L;1;4;;62;394;279;4;
493;3;1044;L;1;4;;63;170;77;4;
493;3;4260;L;1;4;;403;394;62;4;
493;3;3025;L;1;4;;1787;1306;246;4;
493;3;388;L;7;0;;;394;1540;4;
493;3;392;L;7;0;;;394;1556;4;
493;3;390;L;7;0;;;394;1551;4;
493;3;740;L;1;4;;394;62;280;4;
493;3;3097;L;1;4;;2056;225;226;4;
493;3;4479;L;1;4;;2273;77;76;4;
493;3;4580;L;1;3;;66;14;2145;4;
493;3;1158;L;1;4;;67;416;413;4;
493;3;1154;L;1;4;;68;414;416;4;
493;3;2763;L;1;4;;373;54;1843;4;
493;3;2803;L;1;4;;732;1292;470;4;
493;3;1249;L;1;4;;977;973;1292;4;
493;3;1168;L;1;4;;1085;1780;239;4;
493;3;4485;L;1;4;;2142;824;63;4;
493;3;4488;L;1;4;;2142;77;2273;4;
493;3;2661;L;1;4;;1131;310;994;4;
493;3;4215;L;1;4;;1131;227;165;4;
493;3;2649;L;1;4;;1243;1848;311;4;
493;3;710;L;1;4;;276;27;298;4;
493;3;3963;L;7;0;;;2338;1601;4;
493;3;297;L;7;0;;;2338;470;4;
493;3;55;L;1;1;;2338;55;872;4;
493;3;345;L;7;0;;;2417;1486;4;
493;3;311;L;7;0;;;2417;1454;4;
493;3;317;L;7;0;;;2417;1451;4;
493;3;3941;L;7;0;;;2417;1556;4;
493;3;3957;L;7;0;;;2422;1595;4;
493;3;325;L;7;0;;;2422;1466;4;
493;3;353;L;7;0;;;2422;1500;4;
493;3;349;L;7;0;;;2422;1017;4;
493;3;303;L;7;0;;;2427;1849;4;
493;3;339;L;7;0;;;2427;1488;4;
493;3;337;L;7;0;;;2427;1483;4;
493;3;335;L;7;0;;;2427;1478;4;
493;3;341;L;7;0;;;2427;1491;4;
493;3;321;L;7;0;;;2427;1454;4;
493;3;307;L;7;0;;;2427;1451;4;
493;3;3937;L;7;0;;;2427;1556;4;
493;3;3959;L;7;0;;;2436;1595;4;
493;3;331;L;7;0;;;2436;1471;4;
493;3;4348;L;1;4;;2231;376;2232;4;
493;3;1171;L;1;4;;72;1085;1876;4;
493;3;422;L;1;4;;246;1788;263;4;
493;3;955;L;1;3;;246;2121;241;4;
493;3;4560;L;1;4;;1876;2151;143;4;
493;3;1106;L;1;3;;2133;51;59;4;
493;3;2725;L;1;4;;1270;170;375;4;
493;3;4544;L;1;4;;2321;170;59;4;
493;3;2732;L;1;4;;1273;2475;444;4;
493;3;4075;L;7;0;;;2184;1556;4;
493;3;1011;L;1;3;;375;77;54;4;
493;3;1039;L;1;4;;76;432;346;4;
493;3;1008;L;1;3;;77;63;76;4;
493;3;1034;L;1;4;;432;13;76;4;
493;3;720;L;1;4;;79;268;276;4;
493;3;724;L;1;3;;80;268;276;4;
493;3;4509;L;1;4;;2464;2463;2376;4;
493;3;2705;L;1;4;;2145;346;2279;4;
493;3;4499;L;1;4;;2280;13;2279;4;
493;3;2702;L;1;4;;1260;984;101;4;
493;3;789;L;1;3;;81;305;113;4;
493;3;4205;L;1;4;;1219;1216;1222;4;
493;3;4434;L;1;4;;2258;1965;376;4;
493;3;4407;L;1;4;;2242;2240;428;4;
493;3;919;L;1;3;;84;2154;917;4;
493;3;915;L;1;4;;85;1863;2154;4;
493;3;2771;L;1;4;;1109;59;306;4;
493;3;2581;L;1;4;;1222;1219;211;4;
493;3;4362;L;1;4;;2108;2234;1425;4;
493;3;508;L;1;4;;306;226;481;4;
493;3;1476;L;1;4;;306;55;376;4;
493;3;3079;L;1;4;;2001;306;2002;4;
493;3;4210;L;1;4;;1183;52;109;4;
493;3;1393;L;1;4;;973;977;2235;4;
493;3;4388;L;1;4;;2240;2241;2242;4;
493;3;3049;L;1;4;;1425;2338;2108;4;
493;3;3053;L;1;4;;2150;1425;1763;4;
493;3;4285;L;1;4;;2214;301;2215;4;
493;3;4288;L;1;4;;2318;2214;1782;4;
493;3;1148;L;1;4;;348;48;1867;4;
493;3;315;L;7;0;;;1454;2417;4;
493;3;309;L;7;0;;;1454;2427;4;
493;3;313;L;7;0;;;1451;2417;4;
493;3;319;L;7;0;;;1451;2427;4;
493;3;516;L;1;4;;90;13;432;4;
493;3;4368;L;1;4;;2235;2108;471;4;
493;3;2668;L;1;4;;2155;306;675;4;
493;3;3089;L;1;4;;2155;2007;1858;4;
493;3;4519;L;1;4;;2293;1018;2292;4;
493;3;820;L;1;4;;91;298;414;4;
493;3;4344;L;1;4;;1877;102;55;4;
493;3;521;L;1;3;;286;2086;298;4;
493;3;1144;L;1;4;;1782;135;239;4;
493;3;2859;L;1;4;;2141;1313;1316;4;
493;3;4359;L;1;4;;2168;470;2234;4;
493;3;2531;L;1;4;;2351;2129;1194;4;
493;3;4045;L;7;0;;;576;1540;4;
493;3;4041;L;7;0;;;576;1556;4;
493;3;4043;L;7;0;;;576;1551;4;
493;3;1414;L;1;4;;576;1064;1034;4;
493;3;351;L;7;0;;;1017;1598;4;
493;3;1387;L;1;3;;1017;2175;1018;4;
493;3;2694;L;1;4;;469;621;156;4;
493;3;4611;L;1;4;;278;27;2134;4;
493;3;751;L;1;4;;278;505;1172;4;
493;3;525;L;1;4;;277;27;26;4;
493;3;2630;L;1;4;;511;1237;97;4;
493;3;2623;L;1;4;;1233;535;301;4;
493;3;528;L;1;4;;97;105;301;4;
493;3;2619;L;1;4;;514;632;98;4;
493;3;532;L;1;4;;98;105;301;4;
493;3;4443;L;1;4;;1298;2259;1300;4;
493;3;2878;L;1;4;;881;1531;1325;4;
493;3;1317;L;1;4;;310;37;165;4;
493;3;2551;L;1;4;;1205;1206;1428;4;
493;3;2555;L;1;4;;1872;1205;1782;4;
493;3;3067;L;1;4;;1305;1015;1998;4;
493;3;2571;L;1;4;;1216;1215;1219;4;
493;3;1062;L;1;4;;99;106;128;4;
493;3;1264;L;1;4;;983;76;441;4;
493;3;3042;L;1;4;;1983;1986;1982;4;
493;3;537;L;1;4;;238;109;16;4;
493;3;541;L;1;4;;101;238;524;4;
493;3;2786;L;1;4;;1290;158;1291;4;
493;3;1052;L;1;4;;102;1877;158;4;
493;3;3999;L;7;0;;;992;1540;4;
493;3;3995;L;7;0;;;992;1556;4;
493;3;3997;L;7;0;;;992;1551;4;
493;3;1303;L;1;4;;992;1828;993;4;
493;3;4003;L;7;0;;;1627;1540;4;
493;3;4001;L;7;0;;;1625;1540;4;
493;3;3006;L;1;4;;1881;143;1975;4;
493;3;2949;L;1;4;;527;532;102;4;
493;3;4378;L;1;4;;2236;470;2239;4;
493;3;805;L;1;3;;105;632;252;4;
493;3;1066;L;1;4;;106;60;99;4;
493;3;2856;L;1;4;;1311;1312;1313;4;
493;3;2643;L;1;4;;1241;414;1242;4;
493;3;1285;L;1;4;;989;524;263;4;
493;3;299;L;7;0;;;107;2338;4;
493;3;1022;L;1;3;;107;376;55;4;
493;3;544;L;1;4;;108;156;926;4;
493;3;548;L;1;4;;109;548;108;4;
493;3;4392;L;1;4;;2241;2243;2240;4;
493;3;554;L;1;4;;524;101;156;4;
493;3;2953;L;1;4;;524;1885;989;4;
493;3;559;L;1;4;;344;225;328;4;
493;3;53;L;2;1;G75;1540;;;4;
493;3;400;L;7;0;;;1540;9;4;
493;3;3991;L;7;0;;;1540;39;4;
493;3;3993;L;7;0;;;1540;1620;4;
493;3;4047;L;7;0;;;1540;1653;4;
493;3;374;L;7;0;;;1540;298;4;
493;3;3971;L;7;0;;;1540;48;4;
493;3;4025;L;7;0;;;1540;305;4;
493;3;3925;L;7;0;;;1540;1752;4;
493;3;4105;L;7;0;;;1540;975;4;
493;3;4107;L;7;0;;;1540;2313;4;
493;3;3947;L;7;0;;;1540;1586;4;
493;3;384;L;7;0;;;1540;394;4;
493;3;382;L;7;0;;;1540;1659;4;
493;3;3939;L;7;0;;;1540;1575;4;
493;3;3951;L;7;0;;;1540;1440;4;
493;3;4039;L;7;0;;;1540;576;4;
493;3;4009;L;7;0;;;1540;992;4;
493;3;4013;L;7;0;;;1540;1627;4;
493;3;4011;L;7;0;;;1540;1625;4;
493;3;4091;L;7;0;;;1540;143;4;
493;3;4031;L;7;0;;;1540;1643;4;
493;3;4248;L;7;0;;;1540;2195;4;
493;3;394;L;7;0;;;1540;678;4;
493;3;4055;L;7;0;;;1540;175;4;
493;3;4059;L;7;0;;;1540;1665;4;
493;3;4057;L;7;0;;;1540;1663;4;
493;3;4027;L;7;0;;;1540;575;4;
493;3;4089;L;7;0;;;1725;143;4;
493;3;3983;L;7;0;;;1556;39;4;
493;3;380;L;7;0;;;1556;298;4;
493;3;3967;L;7;0;;;1556;48;4;
493;3;4021;L;7;0;;;1556;305;4;
493;3;4117;L;7;0;;;1556;2313;4;
493;3;4252;L;7;0;;;1556;1586;4;
493;3;4254;L;7;0;;;1556;2201;4;
493;3;4125;L;7;0;;;1556;2129;4;
493;3;3933;L;7;0;;;1556;1575;4;
493;3;3949;L;7;0;;;1556;1440;4;
493;3;4037;L;7;0;;;1556;576;4;
493;3;4007;L;7;0;;;1556;992;4;
493;3;4051;L;7;0;;;1556;1728;4;
493;3;4093;L;7;0;;;1556;143;4;
493;3;4095;L;7;0;;;1556;1683;4;
493;3;4053;L;7;0;;;1556;175;4;
493;3;3989;L;7;0;;;1618;39;4;
493;3;4147;L;7;0;;;1727;143;4;
493;3;3981;L;7;0;;;1551;39;4;
493;3;370;L;7;0;;;1551;298;4;
493;3;3969;L;7;0;;;1551;48;4;
493;3;4023;L;7;0;;;1551;305;4;
493;3;4103;L;7;0;;;1551;975;4;
493;3;4131;L;7;0;;;1551;2129;4;
493;3;386;L;7;0;;;1551;394;4;
493;3;3935;L;7;0;;;1551;2338;4;
493;3;4073;L;7;0;;;1551;2184;4;
493;3;4035;L;7;0;;;1551;576;4;
493;3;4005;L;7;0;;;1551;992;4;
493;3;3929;L;7;0;;;1551;470;4;
493;3;4085;L;7;0;;;1551;143;4;
493;3;4061;L;7;0;;;1551;175;4;
493;3;1446;L;1;4;;1886;1540;414;4;
493;3;4087;L;7;0;;;1726;143;4;
493;3;677;L;1;4;;113;37;2027;4;
493;3;4512;L;1;4;;2290;113;1089;4;
493;3;1236;L;1;4;;675;345;81;4;
493;3;4548;L;1;4;;2322;1172;535;4;
493;3;563;L;1;4;;115;81;590;4;
493;3;569;L;1;4;;116;344;81;4;
493;3;573;L;1;3;;467;15;844;4;
493;3;1326;L;1;4;;997;996;993;4;
493;3;4217;L;1;4;;2167;268;604;4;
493;3;1125;L;1;3;;228;59;2160;4;
493;3;4291;L;1;4;;2218;228;2159;4;
493;3;577;L;1;4;;505;278;268;4;
493;3;3015;L;1;4;;1979;184;1980;4;
493;3;3029;L;1;4;;613;236;1984;4;
493;3;4554;L;1;4;;2158;2159;2180;4;
493;3;179;L;1;1;;1020;1763;1133;4;
493;3;4156;L;1;3;;911;113;321;4;
493;3;4541;L;1;4;;1828;590;992;4;
493;3;2595;L;1;4;;1224;2371;1226;4;
493;3;287;L;7;0;;;883;1080;4;
493;3;289;L;7;0;;;883;1353;4;
493;3;285;L;7;0;;;883;1356;4;
493;3;2780;L;1;4;;1286;158;977;4;
493;3;2665;L;1;4;;1251;994;12;4;
493;3;2698;L;1;4;;550;109;984;4;
493;3;2963;L;1;4;;2176;619;126;4;
493;3;3927;L;7;0;;;470;1540;4;
493;3;3931;L;7;0;;;470;1551;4;
493;3;1026;L;1;3;;470;55;2168;4;
493;3;3032;L;1;4;;1778;1984;14;4;
493;3;1359;L;1;4;;287;831;285;4;
493;3;4459;L;1;4;;2265;2262;2261;4;
493;3;2889;L;1;4;;2401;1531;1311;4;
493;3;1072;L;1;3;;2121;211;60;4;
493;3;2568;L;1;4;;1215;2169;1216;4;
493;3;2561;L;1;4;;1212;1213;894;4;
493;3;1365;L;1;4;;1008;1007;361;4;
493;3;1362;L;1;4;;1007;146;361;4;
493;3;589;L;1;4;;126;619;146;4;
493;3;4221;L;1;4;;2169;1212;1215;4;
493;3;593;L;1;4;;248;621;22;4;
493;3;4587;L;1;4;;2251;1586;428;4;
493;3;988;L;1;3;;128;99;236;4;
493;3;1333;L;1;4;;2404;361;2356;4;
493;3;4431;L;1;4;;2257;2251;2255;4;
493;3;1297;L;1;4;;991;590;579;4;
493;3;703;L;1;4;;2096;62;57;4;
493;3;938;L;1;3;;129;827;1779;4;
493;3;898;L;1;3;;604;103;105;4;
493;3;853;L;1;4;;636;632;162;4;
493;3;876;L;1;3;;135;45;200;4;
493;3;881;L;1;3;;632;301;268;4;
493;3;2966;L;1;4;;302;34;1782;4;
493;3;4428;L;1;4;;2255;2257;1483;4;
493;3;2816;L;1;4;;1922;376;542;4;
493;3;597;L;1;4;;355;328;2124;4;
493;3;2850;L;1;4;;1309;2177;872;4;
493;3;243;L;7;0;;;1351;1080;4;
493;3;245;L;7;0;;;1351;1353;4;
493;3;247;L;7;0;;;1351;1356;4;
493;3;2841;L;1;4;;1119;1310;1017;4;
493;3;343;L;7;0;;;2204;2417;4;
493;3;2844;L;1;4;;1018;1017;1306;4;
493;3;4531;L;1;4;;2467;1018;2466;4;
493;3;4522;L;1;4;;2292;2291;2293;4;
493;3;2655;L;1;4;;311;37;2029;4;
493;3;3056;L;1;4;;1994;1017;1995;4;
493;3;4263;L;1;4;;340;2096;298;4;
493;3;4268;L;1;4;;2144;2096;340;4;
493;3;798;L;1;3;;2164;305;113;4;
493;3;952;L;1;3;;2152;1065;246;4;
493;3;1116;L;1;3;;526;59;55;4;
493;3;4327;L;1;4;;2227;59;526;4;
493;3;4607;L;1;4;;285;280;289;4;
493;3;2521;L;1;4;;1193;285;831;4;
493;3;4315;L;1;4;;2180;143;158;4;
493;3;4077;L;7;0;;;143;1540;4;
493;3;4079;L;7;0;;;143;1725;4;
493;3;4115;L;7;0;;;143;1556;4;
493;3;4149;L;7;0;;;143;1727;4;
493;3;4081;L;7;0;;;143;1551;4;
493;3;4083;L;7;0;;;143;1726;4;
493;3;924;L;1;3;;143;975;59;4;
493;3;4113;L;7;0;;;1676;1556;4;
493;3;2776;L;1;4;;713;143;158;4;
493;3;607;L;1;4;;144;542;854;4;
493;3;4351;L;1;4;;2232;2231;542;4;
493;3;582;L;1;4;;542;107;144;4;
493;3;2828;L;1;4;;1301;542;1298;4;
493;3;4033;L;7;0;;;1643;1540;4;
493;3;610;L;1;4;;225;224;675;4;
493;3;3070;L;1;4;;1998;1305;1999;4;
493;3;4228;L;1;4;;2126;39;1089;4;
493;3;2834;L;1;3;;1089;2126;40;4;
493;3;2971;L;1;4;;1957;183;845;4;
493;3;2974;L;1;4;;1959;1957;413;4;
493;3;2610;L;1;4;;845;1230;183;4;
493;3;4604;L;1;4;;146;679;678;4;
493;3;2565;L;1;4;;2465;146;361;4;
493;3;2871;L;1;4;;1322;1321;2172;4;
493;3;1436;L;1;4;;679;1044;146;4;
493;3;615;L;1;4;;332;679;200;4;
493;3;2807;L;1;4;;474;975;85;4;
493;3;1162;L;1;4;;413;67;183;4;
493;3;4294;L;1;4;;2159;2220;2219;4;
493;3;2677;L;1;4;;2125;2124;113;4;
493;3;1300;L;1;4;;319;579;40;4;
493;3;2886;L;1;4;;936;2395;1531;4;
493;3;2719;L;1;4;;690;76;446;4;
493;3;1532;L;1;1;;1177;1163;1181;4;
493;3;4383;L;1;4;;2239;470;84;4;
493;3;2671;L;1;4;;1253;675;116;4;
493;3;834;L;1;3;;321;911;40;4;
493;3;619;L;1;3;;289;2086;298;4;
493;3;1355;L;1;4;;1006;289;29;4;
493;3;2819;L;1;4;;854;376;1298;4;
493;3;976;L;1;3;;446;54;346;4;
493;3;1497;L;1;4;;446;76;1141;4;
493;3;2712;L;1;4;;234;2349;76;4;
493;3;2709;L;1;4;;1266;13;1263;4;
493;3;4236;L;1;4;;1266;2375;234;4;
493;3;4494;L;1;4;;2281;1266;13;4;
493;3;1267;L;1;4;;984;238;985;4;
493;3;3059;L;1;4;;1996;1995;1306;4;
493;3;4207;L;1;4;;2160;228;532;4;
493;3;4339;L;1;4;;2228;1109;102;4;
493;3;4320;L;1;4;;2225;158;475;4;
493;3;843;L;1;4;;495;1143;2371;4;
493;3;2603;L;1;4;;693;495;1224;4;
493;3;4594;L;1;4;;693;2469;495;4;
493;3;2600;L;1;4;;1227;1102;495;4;
493;3;1336;L;1;4;;2356;2404;60;4;
493;3;2674;L;1;4;;587;675;115;4;
493;3;949;L;1;3;;1065;15;2152;4;
493;3;2916;L;1;4;;361;103;1213;4;
493;3;4590;L;1;4;;589;1858;113;4;
493;3;907;L;1;3;;252;2371;239;4;
493;3;623;L;1;4;;376;158;346;4;
493;3;628;L;1;4;;156;704;708;4;
493;3;1278;L;1;4;;987;52;988;4;
493;3;635;L;1;4;;158;532;376;4;
493;3;4324;L;1;4;;2226;102;526;4;
493;3;640;L;1;4;;279;27;58;4;
493;3;645;L;1;4;;708;156;263;4;
493;3;1383;L;1;3;;917;84;2175;4;
493;3;3094;L;1;4;;341;268;298;4;
493;3;2738;L;1;4;;1275;444;54;4;
493;3;857;L;1;4;;162;636;2371;4;
493;3;648;L;1;4;;702;446;376;4;
493;3;2751;L;1;4;;444;1271;441;4;
493;3;2735;L;1;4;;444;1961;76;4;
493;3;2977;L;1;4;;230;13;90;4;
493;3;1057;L;1;4;;475;102;85;4;
493;3;782;L;1;3;;165;175;81;4;
493;3;2913;L;1;4;;2354;1345;81;4;
493;3;2688;L;1;4;;578;2164;590;4;
493;3;865;L;1;4;;167;2371;183;4;
493;3;862;L;1;4;;2371;495;162;4;
493;3;4575;L;1;4;;2371;495;167;4;
493;3;4573;L;1;4;;2371;162;167;4;
493;3;2592;L;1;4;;1102;413;2371;4;
493;3;1428;L;1;4;;619;679;9;4;
493;3;4246;L;7;0;;;2195;1540;4;
493;3;4250;L;7;0;;;2195;1556;4;
493;3;2755;L;1;4;;858;54;839;4;
493;3;2760;L;1;4;;858;1281;54;4;
493;3;1261;L;1;4;;839;441;446;4;
493;3;2986;L;1;4;;1777;444;54;4;
493;3;2992;L;1;4;;1964;1777;983;4;
493;3;2743;L;1;4;;1276;441;54;4;
493;3;2588;L;1;4;;1223;103;162;4;
493;3;2634;L;1;4;;1238;1239;34;4;
493;3;2847;L;1;4;;1307;1306;2177;4;
493;3;727;L;1;3;;268;2086;632;4;
493;3;4302;L;1;4;;2221;2158;158;4;
493;3;4305;L;1;4;;2222;158;1293;4;
493;3;2640;L;1;4;;1239;1238;239;4;
493;3;1047;L;1;4;;170;63;102;4;
493;3;1099;L;1;4;;678;146;1540;4;
493;3;3063;L;1;4;;1308;1306;872;4;
493;3;4528;L;1;4;;2295;2294;1308;4;
493;3;3965;L;7;0;;;346;1540;4;
493;3;1029;L;1;3;;346;2145;1540;4;
493;3;4505;L;1;4;;2285;346;2282;4;
493;3;4067;L;7;0;;;175;1540;4;
493;3;4065;L;7;0;;;175;1556;4;
493;3;4063;L;7;0;;;175;1551;4;
493;3;773;L;1;3;;175;768;165;4;
493;3;4071;L;7;0;;;2306;1540;4;
493;3;4069;L;7;0;;;1663;1540;4;
493;3;4274;L;1;4;;2208;2207;2210;4;
493;3;885;L;1;4;;301;135;1238;4;
493;3;4278;L;1;4;;2210;301;2208;4;
493;3;651;L;1;3;;532;143;1540;4;
493;3;4605;L;1;4;;2259;376;1298;4;
493;3;4029;L;7;0;;;575;1540;4;
493;3;2543;L;1;4;;1203;276;505;4;
493;3;2793;L;1;4;;1292;1291;1923;4;
493;3;2789;L;1;4;;1291;1290;1292;4;
493;3;4400;L;1;4;;1989;1425;2248;4;
493;3;3039;L;1;4;;1986;1984;1983;4;
493;3;2606;L;1;4;;183;2181;2371;4;
493;3;673;L;1;4;;926;190;156;4;
493;3;663;L;1;4;;184;612;364;4;
493;3;980;L;1;3;;612;184;128;4;
493;3;666;L;1;4;;364;184;1183;4;
493;3;985;L;1;3;;802;612;184;4;
493;3;669;L;1;4;;704;467;108;4;
493;3;3018;L;1;4;;2407;1980;364;4;
493;3;275;L;7;0;;;1080;10;4;
493;3;366;L;7;0;;;1080;1416;4;
493;3;263;L;7;0;;;1080;1366;4;
493;3;251;L;7;0;;;1080;1333;4;
493;3;291;L;7;0;;;1080;883;4;
493;3;239;L;7;0;;;1080;1351;4;
493;3;273;L;7;0;;;1353;10;4;
493;3;261;L;7;0;;;1353;1366;4;
493;3;249;L;7;0;;;1353;1333;4;
493;3;293;L;7;0;;;1353;883;4;
493;3;237;L;7;0;;;1353;1351;4;
493;3;283;L;7;0;;;1356;10;4;
493;3;265;L;7;0;;;1356;1366;4;
493;3;253;L;7;0;;;1356;1333;4;
493;3;295;L;7;0;;;1356;883;4;
493;3;241;L;7;0;;;1356;1351;4;
493;3;1005;L;1;3;;1839;128;77;4;
493;3;1019;L;1;3;;372;858;376;4;
493;3;2998;L;1;4;;1966;1965;372;4;
493;3;2767;L;1;4;;1284;372;1285;4;
493;3;2508;L;1;4;;190;926;156;4;
