CID;TABCD;LCD;INT_CID;INT_TABCD;INT_LCD
511;21;6546;511;21;6550
511;21;6550;511;21;6546
511;21;565;511;21;567
511;21;567;511;21;608
511;21;608;511;21;565
511;21;6402;511;21;6405
511;21;6405;511;21;6402
511;21;6406;511;21;6689
511;21;6689;511;21;6406
511;21;6407;511;21;6445
511;21;6445;511;21;6407
511;21;6408;511;21;6452
511;21;6452;511;21;6408
511;21;6409;511;21;6413
511;21;6413;511;21;6425
511;21;6425;511;21;6409
511;21;52;511;21;431
511;21;431;511;21;52
511;21;432;511;21;443
511;21;443;511;21;432
511;21;406;511;21;433
511;21;433;511;21;406
511;21;434;511;21;463
511;21;463;511;21;434
511;21;435;511;21;437
511;21;437;511;21;508
511;21;508;511;21;435
511;21;745;511;21;747
511;21;747;511;21;752
511;21;752;511;21;745
511;21;6056;511;21;6403
511;21;6403;511;21;6056
511;21;58;511;21;65
511;21;65;511;21;68
511;21;68;511;21;58
511;21;66;511;21;740
511;21;740;511;21;750
511;21;750;511;21;66
511;21;6475;511;21;6575
511;21;6575;511;21;6475
511;21;6577;511;21;6586
511;21;6586;511;21;6577
511;21;6414;511;21;6454
511;21;6454;511;21;6414
511;21;6058;511;21;6455
511;21;6455;511;21;6058
511;21;75;511;21;760
511;21;760;511;21;75
511;21;761;511;21;774
511;21;774;511;21;761
511;21;839;511;21;840
511;21;840;511;21;839
511;21;812;511;21;814
511;21;814;511;21;1088
511;21;1088;511;21;812
511;21;783;511;21;789
511;21;789;511;21;815
511;21;815;511;21;871
511;21;871;511;21;783
511;21;714;511;21;810
511;21;810;511;21;714
511;21;811;511;21;1108
511;21;1108;511;21;811
511;21;854;511;21;856
511;21;856;511;21;854
511;21;858;511;21;903
511;21;903;511;21;858
511;21;830;511;21;859
511;21;859;511;21;830
511;21;860;511;21;906
511;21;906;511;21;860
511;21;861;511;21;897
511;21;897;511;21;861
511;21;862;511;21;887
511;21;887;511;21;862
511;21;863;511;21;877
511;21;877;511;21;863
511;21;832;511;21;864
511;21;864;511;21;832
511;21;408;511;21;411
511;21;411;511;21;408
511;21;412;511;21;480
511;21;480;511;21;412
511;21;413;511;21;501
511;21;501;511;21;413
511;21;414;511;21;506
511;21;506;511;21;414
511;21;415;511;21;467
511;21;467;511;21;415
511;21;416;511;21;510
511;21;510;511;21;416
511;21;417;511;21;524
511;21;524;511;21;417
511;21;418;511;21;533
511;21;533;511;21;418
511;21;419;511;21;539
511;21;539;511;21;419
511;21;420;511;21;575
511;21;575;511;21;420
511;21;421;511;21;583
511;21;583;511;21;929
511;21;929;511;21;421
511;21;422;511;21;950
511;21;950;511;21;975
511;21;975;511;21;422
511;21;423;511;21;955
511;21;955;511;21;969
511;21;969;511;21;423
511;21;424;511;21;959
511;21;959;511;21;1022
511;21;1022;511;21;424
511;21;425;511;21;1009
511;21;1009;511;21;425
511;21;426;511;21;602
511;21;602;511;21;604
511;21;604;511;21;426
511;21;427;511;21;916
511;21;916;511;21;427
511;21;428;511;21;785
511;21;785;511;21;1000
511;21;1000;511;21;428
511;21;736;511;21;777
511;21;777;511;21;736
511;21;630;511;21;780
511;21;780;511;21;630
511;21;706;511;21;1161
511;21;1161;511;21;706
511;21;782;511;21;1089
511;21;1089;511;21;782
511;21;723;511;21;971
511;21;971;511;21;723
511;21;964;511;21;972
511;21;972;511;21;964
511;21;580;511;21;1028
511;21;1028;511;21;580
511;21;1025;511;21;1029
511;21;1029;511;21;1025
511;21;654;511;21;1030
511;21;1030;511;21;654
511;21;662;511;21;1031
511;21;1031;511;21;662
511;21;1079;511;21;1153
511;21;1153;511;21;1079
511;21;787;511;21;1154
511;21;1154;511;21;787
511;21;717;511;21;732
511;21;732;511;21;1076
511;21;1076;511;21;717
511;21;1067;511;21;1077
511;21;1077;511;21;1067
511;21;1078;511;21;1082
511;21;1082;511;21;1084
511;21;1084;511;21;1078
511;21;673;511;21;676
511;21;676;511;21;673
511;21;610;511;21;632
511;21;632;511;21;610
511;21;633;511;21;635
511;21;635;511;21;642
511;21;642;511;21;633
511;21;492;511;21;494
511;21;494;511;21;492
511;21;495;511;21;505
511;21;505;511;21;495
511;21;466;511;21;496
511;21;496;511;21;466
511;21;484;511;21;486
511;21;486;511;21;484
511;21;487;511;21;504
511;21;504;511;21;487
511;21;465;511;21;488
511;21;488;511;21;465
511;21;471;511;21;474
511;21;474;511;21;503
511;21;503;511;21;471
511;21;464;511;21;475
511;21;475;511;21;464
511;21;469;511;21;477
511;21;477;511;21;469
511;21;478;511;21;482
511;21;482;511;21;478
511;21;479;511;21;490
511;21;490;511;21;479
511;21;470;511;21;498
511;21;498;511;21;470
511;21;483;511;21;499
511;21;499;511;21;483
511;21;491;511;21;500
511;21;500;511;21;491
511;21;786;511;21;1074
511;21;1074;511;21;786
511;21;514;511;21;557
511;21;557;511;21;514
511;21;523;511;21;558
511;21;558;511;21;523
511;21;532;511;21;559
511;21;559;511;21;532
511;21;538;511;21;542
511;21;542;511;21;538
511;21;439;511;21;528
511;21;528;511;21;530
511;21;530;511;21;439
511;21;531;511;21;552
511;21;552;511;21;531
511;21;613;511;21;679
511;21;679;511;21;613
511;21;624;511;21;626
511;21;626;511;21;680
511;21;680;511;21;682
511;21;682;511;21;624
511;21;636;511;21;640
511;21;640;511;21;636
511;21;594;511;21;637
511;21;637;511;21;594
511;21;509;511;21;549
511;21;549;511;21;509
511;21;6595;511;21;6598
511;21;6598;511;21;6595
511;21;6482;511;21;6594
511;21;6594;511;21;6601
511;21;6601;511;21;6482
511;21;730;511;21;802
511;21;802;511;21;1101
511;21;1101;511;21;730
511;21;803;511;21;1055
511;21;1055;511;21;803
511;21;808;511;21;1162
511;21;1162;511;21;808
511;21;805;511;21;999
511;21;999;511;21;805
511;21;1112;511;21;1120
511;21;1120;511;21;1112
511;21;769;511;21;1113
511;21;1113;511;21;769
511;21;1103;511;21;1114
511;21;1114;511;21;1103
511;21;731;511;21;807
511;21;807;511;21;731
511;21;683;511;21;686
511;21;686;511;21;683
511;21;1117;511;21;1119
511;21;1119;511;21;1117
511;21;606;511;21;833
511;21;833;511;21;885
511;21;885;511;21;606
511;21;1064;511;21;1066
511;21;1066;511;21;1069
511;21;1069;511;21;1064
511;21;935;511;21;938
511;21;938;511;21;935
511;21;936;511;21;946
511;21;946;511;21;936
511;21;910;511;21;912
511;21;912;511;21;910
511;21;913;511;21;927
511;21;927;511;21;913
511;21;914;511;21;917
511;21;917;511;21;914
511;21;6415;511;21;6457
511;21;6457;511;21;6415
511;21;6416;511;21;6479
511;21;6479;511;21;6416
511;21;6417;511;21;6472
511;21;6472;511;21;6474
511;21;6474;511;21;6417
511;21;6418;511;21;6540
511;21;6540;511;21;6418
511;21;6419;511;21;6592
511;21;6592;511;21;6419
511;21;6420;511;21;6534
511;21;6534;511;21;6420
511;21;6421;511;21;6564
511;21;6564;511;21;6421
511;21;627;511;21;691
511;21;691;511;21;627
511;21;69;511;21;628
511;21;628;511;21;708
511;21;708;511;21;69
511;21;629;511;21;734
511;21;734;511;21;629
511;21;6430;511;21;6448
511;21;6448;511;21;6430
511;21;593;511;21;623
511;21;623;511;21;593
511;21;517;511;21;1157
511;21;1157;511;21;517
511;21;518;511;21;545
511;21;545;511;21;518
511;21;438;511;21;519
511;21;519;511;21;521
511;21;521;511;21;438
511;21;6615;511;21;6618
511;21;6618;511;21;6615
511;21;6619;511;21;6625
511;21;6625;511;21;6627
511;21;6627;511;21;6619
511;21;6485;511;21;6624
511;21;6624;511;21;6485
511;21;6612;511;21;6614
511;21;6614;511;21;6612
511;21;909;511;21;919
511;21;919;511;21;909
511;21;692;511;21;694
511;21;694;511;21;701
511;21;701;511;21;703
511;21;703;511;21;692
511;21;704;511;21;709
511;21;709;511;21;1156
511;21;1156;511;21;704
511;21;705;511;21;1144
511;21;1144;511;21;705
511;21;687;511;21;700
511;21;700;511;21;687
511;21;6438;511;21;6522
511;21;6522;511;21;6438
511;21;6518;511;21;6523
511;21;6523;511;21;6518
511;21;6464;511;21;6524
511;21;6524;511;21;6464
511;21;755;511;21;757
511;21;757;511;21;755
511;21;990;511;21;1011
511;21;1011;511;21;1020
511;21;1020;511;21;990
511;21;1012;511;21;1016
511;21;1016;511;21;1012
511;21;1007;511;21;1013
511;21;1013;511;21;1007
511;21;986;511;21;1017
511;21;1017;511;21;986
511;21;762;511;21;764
511;21;764;511;21;762
511;21;765;511;21;1129
511;21;1129;511;21;765
511;21;766;511;21;1134
511;21;1134;511;21;1151
511;21;1151;511;21;766
511;21;713;511;21;767
511;21;767;511;21;713
511;21;768;511;21;795
511;21;795;511;21;768
511;21;663;511;21;1048
511;21;1048;511;21;663
511;21;596;511;21;1049
511;21;1049;511;21;596
511;21;847;511;21;852
511;21;852;511;21;847
511;21;826;511;21;853
511;21;853;511;21;826
511;21;895;511;21;898
511;21;898;511;21;900
511;21;900;511;21;895
511;21;850;511;21;901
511;21;901;511;21;850
511;21;829;511;21;902
511;21;902;511;21;829
511;21;848;511;21;867
511;21;867;511;21;848
511;21;827;511;21;868
511;21;868;511;21;827
511;21;828;511;21;837
511;21;837;511;21;842
511;21;842;511;21;828
511;21;844;511;21;875
511;21;875;511;21;844
511;21;834;511;21;836
511;21;836;511;21;849
511;21;849;511;21;834
511;21;621;511;21;710
511;21;710;511;21;712
511;21;712;511;21;621
511;21;715;511;21;1105
511;21;1105;511;21;1107
511;21;1107;511;21;715
511;21;716;511;21;818
511;21;818;511;21;716
511;21;1124;511;21;1126
511;21;1126;511;21;1140
511;21;1140;511;21;1124
511;21;1109;511;21;1141
511;21;1141;511;21;1109
511;21;1110;511;21;1136
511;21;1136;511;21;1110
511;21;441;511;21;572
511;21;572;511;21;574
511;21;574;511;21;719
511;21;719;511;21;441
511;21;6423;511;21;6431
511;21;6431;511;21;6423
511;21;6424;511;21;6694
511;21;6694;511;21;6424
511;21;6663;511;21;6667
511;21;6667;511;21;6663
511;21;448;511;21;1024
511;21;1024;511;21;448
511;21;1033;511;21;1164
511;21;1164;511;21;1033
511;21;724;511;21;1026
511;21;1026;511;21;724
511;21;54;511;21;561
511;21;561;511;21;54
511;21;6061;511;21;6573
511;21;6573;511;21;6061
511;21;440;511;21;537
511;21;537;511;21;440
511;21;598;511;21;600
511;21;600;511;21;727
511;21;727;511;21;729
511;21;729;511;21;598
511;21;582;511;21;720
511;21;720;511;21;722
511;21;722;511;21;582
511;21;725;511;21;1003
511;21;1003;511;21;725
511;21;726;511;21;994
511;21;994;511;21;726
511;21;738;511;21;741
511;21;741;511;21;743
511;21;743;511;21;738
511;21;446;511;21;568
511;21;568;511;21;570
511;21;570;511;21;446
511;21;6659;511;21;6662
511;21;6662;511;21;6659
511;21;6566;511;21;6664
511;21;6664;511;21;6566
511;21;669;511;21;672
511;21;672;511;21;669
511;21;819;511;21;821
511;21;821;511;21;1085
511;21;1085;511;21;1087
511;21;1087;511;21;819
511;21;823;511;21;825
511;21;825;511;21;823
511;21;6519;511;21;6636
511;21;6636;511;21;6519
511;21;6465;511;21;6637
511;21;6637;511;21;6639
511;21;6639;511;21;6465
511;21;6513;511;21;6640
511;21;6640;511;21;6513
511;21;799;511;21;817
511;21;817;511;21;799
511;21;513;511;21;550
511;21;550;511;21;513
511;21;451;511;21;595
511;21;595;511;21;619
511;21;619;511;21;451
511;21;620;511;21;688
511;21;688;511;21;620
511;21;931;511;21;945
511;21;945;511;21;931
511;21;947;511;21;952
511;21;952;511;21;947
511;21;948;511;21;957
511;21;957;511;21;948
511;21;6436;511;21;6505
511;21;6505;511;21;6436
511;21;6496;511;21;6503
511;21;6503;511;21;6506
511;21;6506;511;21;6496
511;21;6462;511;21;6507
511;21;6507;511;21;6462
511;21;6508;511;21;6510
511;21;6510;511;21;6508
511;21;6543;511;21;6545
511;21;6545;511;21;6569
511;21;6569;511;21;6571
511;21;6571;511;21;6543
511;21;6520;511;21;6526
511;21;6526;511;21;6520
511;21;6466;511;21;6527
511;21;6527;511;21;6466
511;21;695;511;21;697
511;21;697;511;21;695
511;21;1058;511;21;1060
511;21;1060;511;21;1071
511;21;1071;511;21;1073
511;21;1073;511;21;1058
511;21;6459;511;21;6470
511;21;6470;511;21;6459
511;21;6460;511;21;6490
511;21;6490;511;21;6460
511;21;6461;511;21;6538
511;21;6538;511;21;6461
511;21;6463;511;21;6530
511;21;6530;511;21;6463
511;21;6467;511;21;6515
511;21;6515;511;21;6559
511;21;6559;511;21;6467
511;21;1038;511;21;1043
511;21;1043;511;21;1038
511;21;6433;511;21;6469
511;21;6469;511;21;6433
511;21;6471;511;21;6480
511;21;6480;511;21;6471
511;21;1034;511;21;1037
511;21;1037;511;21;1034
511;21;1002;511;21;1039
511;21;1039;511;21;1045
511;21;1045;511;21;1002
511;21;653;511;21;667
511;21;667;511;21;653
511;21;661;511;21;668
511;21;668;511;21;661
511;21;989;511;21;1163
511;21;1163;511;21;989
511;21;991;511;21;1004
511;21;1004;511;21;1006
511;21;1006;511;21;991
511;21;992;511;21;995
511;21;995;511;21;992
511;21;983;511;21;985
511;21;985;511;21;1021
511;21;1021;511;21;983
511;21;987;511;21;1008
511;21;1008;511;21;987
511;21;965;511;21;976
511;21;976;511;21;965
511;21;966;511;21;968
511;21;968;511;21;966
511;21;647;511;21;651
511;21;651;511;21;647
511;21;449;511;21;652
511;21;652;511;21;449
511;21;648;511;21;657
511;21;657;511;21;648
511;21;643;511;21;649
511;21;649;511;21;643
511;21;450;511;21;658
511;21;658;511;21;660
511;21;660;511;21;450
511;21;664;511;21;1046
511;21;1046;511;21;664
511;21;526;511;21;1158
511;21;1158;511;21;526
511;21;527;511;21;546
511;21;546;511;21;527
511;21;522;511;21;551
511;21;551;511;21;522
511;21;1096;511;21;1102
511;21;1102;511;21;1096
511;21;796;511;21;798
511;21;798;511;21;1104
511;21;1104;511;21;796
511;21;6476;511;21;6581
511;21;6581;511;21;6476
511;21;6477;511;21;6542
511;21;6542;511;21;6477
511;21;6602;511;21;6609
511;21;6609;511;21;6602
511;21;6533;511;21;6603
511;21;6603;511;21;6533
511;21;6604;511;21;6622
511;21;6622;511;21;6604
511;21;6605;511;21;6628
511;21;6628;511;21;6605
511;21;6563;511;21;6606
511;21;6606;511;21;6563
511;21;744;511;21;754
511;21;754;511;21;744
511;21;601;511;21;996
511;21;996;511;21;601
511;21;592;511;21;612
511;21;612;511;21;592
511;21;597;511;21;665
511;21;665;511;21;1095
511;21;1095;511;21;597
511;21;6643;511;21;6677
511;21;6677;511;21;6683
511;21;6683;511;21;6643
511;21;6678;511;21;6685
511;21;6685;511;21;6678
511;21;6644;511;21;6674
511;21;6674;511;21;6679
511;21;6679;511;21;6644
511;21;6646;511;21;6656
511;21;6656;511;21;6680
511;21;6680;511;21;6646
511;21;6670;511;21;6686
511;21;6686;511;21;6670
511;21;6657;511;21;6672
511;21;6672;511;21;6657
511;21;6565;511;21;6660
511;21;6660;511;21;6565
511;21;6671;511;21;6675
511;21;6675;511;21;6671
511;21;553;511;21;554
511;21;554;511;21;553
511;21;1128;511;21;1131
511;21;1131;511;21;1128
511;21;1127;511;21;1135
511;21;1135;511;21;1127
511;21;1092;511;21;1137
511;21;1137;511;21;1092
511;21;940;511;21;942
511;21;942;511;21;956
511;21;956;511;21;940
511;21;943;511;21;960
511;21;960;511;21;943
511;21;939;511;21;951
511;21;951;511;21;939
511;21;6648;511;21;6652
511;21;6652;511;21;6648
511;21;6649;511;21;6654
511;21;6654;511;21;6649
511;21;403;511;21;405
511;21;405;511;21;444
511;21;444;511;21;403
511;21;445;511;21;562
511;21;562;511;21;445
511;21;447;511;21;579
511;21;579;511;21;447
511;21;737;511;21;772
511;21;772;511;21;737
511;21;578;511;21;609
511;21;609;511;21;578
511;21;581;511;21;586
511;21;586;511;21;581
511;21;6486;511;21;6560
511;21;6560;511;21;6562
511;21;6562;511;21;6486
511;21;6481;511;21;6539
511;21;6539;511;21;6481
511;21;6483;511;21;6532
511;21;6532;511;21;6483
511;21;6484;511;21;6621
511;21;6621;511;21;6484
511;21;6511;511;21;6630
511;21;6630;511;21;6511
511;21;6512;511;21;6531
511;21;6531;511;21;6512
511;21;6514;511;21;6633
511;21;6633;511;21;6514
511;21;6427;511;21;6688
511;21;6688;511;21;6691
511;21;6691;511;21;6427
511;21;6429;511;21;6441
511;21;6441;511;21;6429
511;21;6434;511;21;6488
511;21;6488;511;21;6434
511;21;6435;511;21;6536
511;21;6536;511;21;6435
511;21;6437;511;21;6529
511;21;6529;511;21;6437
511;21;6497;511;21;6517
511;21;6517;511;21;6497
511;21;878;511;21;886
511;21;886;511;21;878
511;21;920;511;21;922
511;21;922;511;21;920
511;21;923;511;21;926
511;21;926;511;21;923
511;21;6489;511;21;6494
511;21;6494;511;21;6499
511;21;6499;511;21;6489
511;21;6500;511;21;6502
511;21;6502;511;21;6537
511;21;6537;511;21;6500
511;21;879;511;21;890
511;21;890;511;21;879
511;21;880;511;21;882
511;21;882;511;21;894
511;21;894;511;21;880
511;21;977;511;21;979
511;21;979;511;21;977
511;21;1070;511;21;1081
511;21;1081;511;21;1070
511;21;1148;511;21;1150
511;21;1150;511;21;1148
511;21;792;511;21;794
511;21;794;511;21;792
511;21;872;511;21;874
511;21;874;511;21;872
511;21;615;511;21;735
511;21;735;511;21;615
511;21;6589;511;21;6591
511;21;6591;511;21;6589
511;21;536;511;21;547
511;21;547;511;21;536
511;21;571;511;21;585
511;21;585;511;21;571
511;21;611;511;21;639
511;21;639;511;21;611
511;21;6541;511;21;6580
511;21;6580;511;21;6541
511;21;6582;511;21;6585
511;21;6585;511;21;6582
511;21;614;511;21;690
511;21;690;511;21;614
511;21;407;511;21;455
511;21;455;511;21;407
511;21;453;511;21;457
511;21;457;511;21;453
