CID;TABCD;LCD;CLASS;TCD;STCD;JUNCTIONNUMBER;RNID;N1ID;N2ID;POL_LCD;OTH_LCD;SEG_LCD;ROA_LCD;INPOS;INNEG;OUTPOS;OUTNEG;PRESENTPOS;PRESENTNEG;DIVERSIONPOS;DIVERSIONNEG;XCOORD;YCOORD;INTERRUPTSROAD;URBAN
511;21;6550;P;1;10;;320;315;;5;;;6549;1;1;1;1;1;1;;;+10961081;+1827565;0;0
511;21;6551;P;1;12;;320;321;;5;;;6549;1;1;1;1;1;1;;;+10960540;+1830060;0;0
511;21;564;P;1;12;;363;86;;4;;;563;1;1;1;1;1;1;;;+11026608;+1992221;0;0
511;21;565;P;1;10;;363;87;;4;;;563;1;1;1;1;1;1;;;+11027596;+1997801;0;0
511;21;6405;P;1;12;;267;274;;5;;;6404;1;1;1;1;1;1;;;+10933281;+1830580;0;0
511;21;6406;P;1;3;;267;275;;5;;;6404;1;1;1;1;1;1;;;+10937794;+1829543;0;0
511;21;6407;P;1;12;;267;276;;5;;;6404;1;1;1;1;1;1;;;+10939317;+1829687;0;0
511;21;6408;P;1;12;;267;277;;5;;;6404;1;1;1;1;1;1;;;+10942122;+1829884;0;0
511;21;6409;P;1;10;;267;278;;5;;;6404;1;1;1;1;1;1;;;+10944227;+1830069;0;0
511;21;430;P;1;11;;267;249;;4;;;429;1;1;1;1;1;1;;;+11012821;+1991636;0;0
511;21;431;P;1;3;;267;261;;4;;;429;1;1;1;1;1;1;;;+11013066;+1993438;0;0
511;21;432;P;1;10;;267;55;;4;;;429;1;1;1;1;1;1;;;+11014516;+1997382;0;0
511;21;433;P;1;10;;267;32;;4;;;429;1;1;1;1;1;1;;;+11016914;+2000312;0;0
511;21;434;P;1;12;;267;40;;4;;;429;1;1;1;1;1;1;;;+11020816;+2001189;0;0
511;21;435;P;1;10;;267;41;;4;;;429;1;1;1;1;1;1;;;+11024397;+2000963;0;1
511;21;747;P;1;11;;140;138;;4;;;746;1;1;1;1;1;1;;;+11047845;+1994180;0;0
511;21;748;P;1;12;;140;141;;4;;;746;1;1;1;1;1;1;;;+11049869;+1993362;0;0
511;21;6402;P;1;12;;274;267;;5;;;6401;1;1;1;1;1;1;;;+10933281;+1830580;0;0
511;21;6403;P;1;3;;274;261;;5;;;6401;1;1;1;1;1;1;;;+10933600;+1831644;0;0
511;21;65;P;1;1;;15;261;;4;;;64;1;1;1;1;1;1;;;+11036251;+1994009;0;0
511;21;66;P;1;3;;15;23;;4;;;64;1;1;1;1;1;1;;;+11044046;+1994185;0;0
511;21;6575;P;1;12;;269;283;;5;;;6574;1;1;1;1;1;1;;;+10953138;+1829804;0;0
511;21;6576;P;1;12;;269;261;;5;;;6574;1;1;1;1;1;1;;;+10953091;+1831418;0;0
511;21;6577;P;1;11;;269;331;;5;;;6574;1;1;1;1;1;1;;;+10954359;+1832833;0;0
511;21;6578;P;1;11;;269;332;;5;;;6574;1;1;1;1;1;1;;;+10955782;+1833479;0;0
511;21;6454;P;1;10;;268;278;;5;;;6453;1;1;1;1;1;1;;;+10944620;+1830046;0;0
511;21;6455;P;1;3;;268;261;;5;;;6453;1;1;1;1;1;1;;;+10944560;+1831480;0;0
511;21;760;P;1;3;;30;25;;4;;;759;1;1;1;1;1;1;;;+11044996;+1998050;0;0
511;21;761;P;1;10;;30;108;;4;;;759;1;1;1;1;1;1;;;+11040149;+2001655;0;0
511;21;839;P;1;13;;30;149;;4;;;759;1;1;1;1;1;1;;;+11039558;+2001655;0;0
511;21;814;P;1;10;;157;159;;4;;;813;1;1;1;1;1;1;;;+11036066;+2003814;0;1
511;21;815;P;1;8;;157;107;;4;;;813;1;1;1;1;1;1;;;+11035988;+2004884;0;1
511;21;810;P;1;10;;129;127;;4;;;809;1;1;1;1;1;1;;;+11036376;+2002014;0;1
511;21;811;P;1;10;;129;130;;4;;;809;1;1;1;1;1;1;;;+11036208;+2002697;0;1
511;21;812;P;1;10;;129;159;;4;;;809;1;1;1;1;1;1;;;+11036066;+2003814;0;1
511;21;856;P;1;12;;181;177;;4;;;855;1;1;1;1;1;1;;;+11035686;+2005287;0;1
511;21;857;P;1;6;;181;179;;4;;;855;1;1;1;1;1;1;;;+11035497;+2006432;0;1
511;21;858;P;1;12;;181;180;;4;;;855;1;1;1;1;1;1;;;+11035289;+2006904;0;1
511;21;859;P;1;12;;181;176;;4;;;855;1;1;1;1;1;1;;;+11034332;+2007698;0;1
511;21;860;P;1;12;;181;185;;4;;;855;1;1;1;1;1;1;;;+11033746;+2007718;0;1
511;21;861;P;1;11;;181;186;;4;;;855;1;1;1;1;1;1;;;+11032595;+2007125;0;1
511;21;862;P;1;10;;181;187;;4;;;855;1;1;1;1;1;1;;;+11031975;+2007038;0;1
511;21;863;P;1;12;;181;188;;4;;;855;1;1;1;1;1;1;;;+11031471;+2006552;0;1
511;21;864;P;1;10;;181;101;;4;;;855;1;1;1;1;1;1;;;+11031407;+2006131;0;1
511;21;865;P;1;12;;181;51;;4;;;855;1;1;1;1;1;1;;;+11031958;+2005505;0;1
511;21;410;P;1;12;;35;36;;4;;;409;1;1;1;1;1;1;;;+11016337;+2003780;0;0
511;21;411;P;1;10;;35;32;;4;;;409;1;1;1;1;1;1;;;+11017330;+2005408;0;0
511;21;412;P;1;10;;35;37;;4;;;409;1;1;1;1;1;1;;;+11018273;+2005478;0;0
511;21;413;P;1;10;;35;38;;4;;;409;1;1;1;1;1;1;;;+11018732;+2005474;0;0
511;21;414;P;1;12;;35;39;;4;;;409;1;1;1;1;1;1;;;+11019747;+2005468;0;0
511;21;415;P;1;10;;35;40;;4;;;409;1;1;1;1;1;1;;;+11020573;+2005247;0;0
511;21;416;P;1;10;;35;41;;4;;;409;1;1;1;1;1;1;;;+11024705;+2003008;0;1
511;21;417;P;1;10;;35;42;;4;;;409;1;1;1;1;1;1;;;+11025875;+2002538;0;1
511;21;418;P;1;10;;35;43;;4;;;409;1;1;1;1;1;1;;;+11026263;+2002345;0;1
511;21;419;P;1;10;;35;44;;4;;;409;1;1;1;1;1;1;;;+11026632;+2002300;0;1
511;21;420;P;1;10;;35;45;;4;;;409;1;1;1;1;1;1;;;+11028248;+2001969;0;1
511;21;421;P;1;10;;35;46;;4;;;409;1;1;1;1;1;1;;;+11029436;+2002123;0;1
511;21;422;P;1;10;;35;47;;4;;;409;1;1;1;1;1;1;;;+11029954;+2002257;0;1
511;21;423;P;1;10;;35;48;;4;;;409;1;1;1;1;1;1;;;+11030469;+2002447;0;1
511;21;424;P;1;10;;35;49;;4;;;409;1;1;1;1;1;1;;;+11031164;+2002799;0;1
511;21;425;P;1;10;;35;50;;4;;;409;1;1;1;1;1;1;;;+11031892;+2003220;0;1
511;21;426;P;1;6;;35;51;;4;;;409;1;1;1;1;1;1;;;+11032336;+2003478;0;1
511;21;427;P;1;10;;35;52;;4;;;409;1;1;1;1;1;1;;;+11033010;+2004085;0;1
511;21;428;P;1;10;;35;53;;4;;;409;1;1;1;1;1;1;;;+11033631;+2004292;0;1
511;21;777;P;1;10;;107;106;;4;;;776;1;1;1;1;1;1;;;+11040636;+1997049;0;0
511;21;778;P;1;8;;107;156;;4;;;776;1;1;1;1;1;1;;;+11040594;+1997749;0;0
511;21;779;P;1;6;;107;87;;4;;;776;1;1;1;1;1;1;;;+11038934;+1998383;0;0
511;21;780;P;1;12;;107;24;;4;;;776;1;1;1;1;1;1;;;+11038176;+1999552;0;1
511;21;1161;P;1;12;;107;248;;4;;;776;1;1;1;1;1;1;;;+11037606;+2000519;0;1
511;21;781;P;1;6;;107;149;;4;;;776;1;1;1;1;1;1;;;+11038345;+2001670;0;1
511;21;782;P;1;12;;107;159;;4;;;776;1;1;1;1;1;1;;;+11037735;+2003714;0;1
511;21;783;P;1;8;;107;157;;4;;;776;1;1;1;1;1;1;;;+11035988;+2004884;0;1
511;21;971;P;1;10;;133;91;;4;;;970;1;1;1;1;1;1;;;+11030171;+2001508;0;1
511;21;972;P;1;10;;133;215;;4;;;970;1;1;1;1;1;1;;;+11029851;+2001870;0;1
511;21;973;P;1;12;;133;35;;4;;;970;1;1;1;1;1;1;;;+11029734;+2002194;0;1
511;21;1028;P;1;10;;90;13;;4;;;1027;1;1;1;1;1;1;;;+11029434;+2000128;0;1
511;21;1029;P;1;10;;90;59;;4;;;1027;1;1;1;1;1;1;;;+11030581;+2000127;0;1
511;21;1030;P;1;10;;90;60;;4;;;1027;1;1;1;1;1;1;;;+11031355;+2000023;0;1
511;21;1031;P;1;10;;90;97;;4;;;1027;1;1;1;1;1;1;;;+11032035;+2000022;0;1
511;21;1153;P;1;11;;162;235;;4;;;1152;1;1;1;1;1;1;;;+11034581;+2004073;0;1
511;21;1154;P;1;10;;162;160;;4;;;1152;1;1;1;1;1;1;;;+11034506;+2004501;0;1
511;21;1076;P;1;8;;235;98;;4;;;1075;1;1;1;1;1;1;;;+11034734;+2003380;0;1
511;21;1077;P;1;12;;235;234;;4;;;1075;1;1;1;1;1;1;;;+11034751;+2003611;0;1
511;21;1078;P;1;11;;235;236;;4;;;1075;1;1;1;1;1;1;;;+11034660;+2003862;0;1
511;21;1079;P;1;11;;235;162;;4;;;1075;1;1;1;1;1;1;;;+11034581;+2004073;0;1
511;21;675;P;1;12;;120;31;;4;;;674;1;1;1;1;1;1;;;+11033644;+1999805;0;1
511;21;676;P;1;12;;120;119;;4;;;674;1;1;1;1;1;1;;;+11032832;+2000180;0;1
511;21;677;P;1;12;;120;97;;4;;;674;1;1;1;1;1;1;;;+11032511;+2000386;0;1
511;21;632;P;1;10;;102;87;;4;;;631;1;1;1;1;1;1;;;+11032316;+1997616;0;1
511;21;633;P;1;10;;102;113;;4;;;631;1;1;1;1;1;1;;;+11032897;+1998669;0;1
511;21;494;P;1;11;;68;69;;4;;;493;1;1;1;1;1;1;;;+11019347;+2004898;0;0
511;21;495;P;1;11;;68;39;;4;;;493;1;1;1;1;1;1;;;+11019749;+2004899;0;0
511;21;496;P;1;12;;68;40;;4;;;493;1;1;1;1;1;1;;;+11020565;+2004894;0;0
511;21;486;P;1;11;;67;69;;4;;;485;1;1;1;1;1;1;;;+11019349;+2004360;0;0
511;21;487;P;1;11;;67;39;;4;;;485;1;1;1;1;1;1;;;+11019749;+2004359;0;0
511;21;488;P;1;12;;67;40;;4;;;485;1;1;1;1;1;1;;;+11020619;+2004363;0;0
511;21;474;P;1;12;;66;65;;4;;;472;1;1;1;1;1;1;;;+11019349;+2004101;0;0
511;21;473;P;1;12;;66;39;;4;;;472;1;1;1;1;1;1;;;+11019755;+2004098;0;0
511;21;475;P;1;12;;66;40;;4;;;472;1;1;1;1;1;1;;;+11020686;+2004098;0;0
511;21;477;P;1;12;;37;65;;4;;;476;1;1;1;1;1;1;;;+11018274;+2004098;0;0
511;21;478;P;1;11;;37;70;;4;;;476;1;1;1;1;1;1;;;+11018273;+2004364;0;0
511;21;479;P;1;12;;37;71;;4;;;476;1;1;1;1;1;1;;;+11018273;+2004898;0;0
511;21;480;P;1;10;;37;35;;4;;;476;1;1;1;1;1;1;;;+11018273;+2005478;0;0
511;21;463;P;1;12;;40;267;;4;;;462;1;1;1;1;1;1;;;+11020816;+2001189;0;0
511;21;464;P;1;12;;40;66;;4;;;462;1;1;1;1;1;1;;;+11020686;+2004098;0;0
511;21;465;P;1;12;;40;67;;4;;;462;1;1;1;1;1;1;;;+11020619;+2004363;0;0
511;21;466;P;1;12;;40;68;;4;;;462;1;1;1;1;1;1;;;+11020565;+2004894;0;0
511;21;467;P;1;10;;40;35;;4;;;462;1;1;1;1;1;1;;;+11020573;+2005247;0;0
511;21;503;P;1;12;;39;66;;4;;;502;1;1;1;1;1;1;;;+11019349;+2004101;0;0
511;21;504;P;1;11;;39;67;;4;;;502;1;1;1;1;1;1;;;+11019749;+2004359;0;0
511;21;505;P;1;11;;39;68;;4;;;502;1;1;1;1;1;1;;;+11019749;+2004899;0;0
511;21;506;P;1;12;;39;35;;4;;;502;1;1;1;1;1;1;;;+11019747;+2005468;0;0
511;21;498;P;1;12;;38;65;;4;;;497;1;1;1;1;1;1;;;+11018732;+2004096;0;0
511;21;499;P;1;11;;38;70;;4;;;497;1;1;1;1;1;1;;;+11018730;+2004360;0;0
511;21;500;P;1;11;;38;71;;4;;;497;1;1;1;1;1;1;;;+11018727;+2004896;0;0
511;21;501;P;1;10;;38;35;;4;;;497;1;1;1;1;1;1;;;+11018732;+2005474;0;0
511;21;490;P;1;12;;71;37;;4;;;489;1;1;1;1;1;1;;;+11018273;+2004898;0;0
511;21;491;P;1;11;;71;38;;4;;;489;1;1;1;1;1;1;;;+11018727;+2004896;0;0
511;21;492;P;1;11;;71;69;;4;;;489;1;1;1;1;1;1;;;+11019347;+2004898;0;0
511;21;482;P;1;11;;70;37;;4;;;481;1;1;1;1;1;1;;;+11018273;+2004364;0;0
511;21;483;P;1;11;;70;38;;4;;;481;1;1;1;1;1;1;;;+11018730;+2004360;0;0
511;21;484;P;1;11;;70;69;;4;;;481;1;1;1;1;1;1;;;+11019349;+2004360;0;0
511;21;469;P;1;12;;65;37;;4;;;468;1;1;1;1;1;1;;;+11018274;+2004098;0;0
511;21;470;P;1;12;;65;38;;4;;;468;1;1;1;1;1;1;;;+11018732;+2004096;0;0
511;21;471;P;1;12;;65;66;;4;;;468;1;1;1;1;1;1;;;+11019349;+2004101;0;0
511;21;785;P;1;10;;160;53;;4;;;784;1;1;1;1;1;1;;;+11033631;+2004292;0;1
511;21;786;P;1;10;;160;161;;4;;;784;1;1;1;1;1;1;;;+11034103;+2004395;0;1
511;21;787;P;1;10;;160;162;;4;;;784;1;1;1;1;1;1;;;+11034506;+2004501;0;1
511;21;788;P;1;6;;160;163;;4;;;784;1;1;1;1;1;1;;;+11035368;+2004684;0;1
511;21;789;P;1;8;;160;157;;4;;;784;1;1;1;1;1;1;;;+11035988;+2004884;0;1
511;21;460;P;1;12;;64;267;;4;;;459;1;1;1;1;1;1;;;+11020071;+2001179;0;0
511;21;461;P;1;12;;64;65;;4;;;459;1;1;1;1;1;1;;;+11018558;+2004092;0;0
511;21;556;P;1;12;;75;41;;4;;;555;1;1;1;1;1;1;;;+11024488;+2002529;0;1
511;21;557;P;1;11;;75;74;;4;;;555;1;1;1;1;1;1;;;+11025196;+2002290;0;1
511;21;558;P;1;11;;75;42;;4;;;555;1;1;1;1;1;1;;;+11025641;+2002134;0;1
511;21;559;P;1;11;;75;43;;4;;;555;1;1;1;1;1;1;;;+11026163;+2001959;0;1
511;21;542;P;1;12;;75;44;;4;;;555;1;1;1;1;1;1;;;+11026633;+2001937;0;1
511;21;530;P;1;10;;43;56;;4;;;529;1;1;1;1;1;1;;;+11026164;+2001120;0;1
511;21;531;P;1;11;;43;73;;4;;;529;1;1;1;1;1;1;;;+11026165;+2001538;0;1
511;21;532;P;1;11;;43;75;;4;;;529;1;1;1;1;1;1;;;+11026163;+2001959;0;1
511;21;533;P;1;10;;43;35;;4;;;529;1;1;1;1;1;1;;;+11026263;+2002345;0;1
511;21;679;P;1;11;;104;87;;4;;;678;1;1;1;1;1;1;;;+11034893;+1997837;0;0
511;21;680;P;1;10;;104;112;;4;;;678;1;1;1;1;1;1;;;+11035061;+1998707;0;1
511;21;635;P;1;10;;95;113;;4;;;634;1;1;1;1;1;1;;;+11032897;+1998669;0;1
511;21;636;P;1;10;;95;303;;4;;;634;1;1;1;1;1;1;;;+11033052;+1998761;0;1
511;21;637;P;1;10;;95;14;;4;;;634;1;1;1;1;1;1;;;+11034095;+1999450;0;1
511;21;508;P;1;10;;41;267;;4;;;507;1;1;1;1;1;1;;;+11024397;+2000963;0;1
511;21;509;P;1;10;;41;73;;4;;;507;1;1;1;1;1;1;;;+11024398;+2001471;0;1
511;21;510;P;1;10;;41;35;;4;;;507;1;1;1;1;1;1;;;+11024705;+2003008;0;1
511;21;6598;P;1;12;;337;338;;5;;;6597;1;1;1;1;1;1;;;+10951428;+1826252;0;1
511;21;6599;P;1;12;;337;278;;5;;;6597;1;1;1;1;1;1;;;+10952044;+1826178;0;1
511;21;6594;P;1;10;;337;304;;5;;;6593;1;1;1;1;1;1;;;+10951087;+1825880;0;1
511;21;6595;P;1;12;;337;338;;5;;;6593;1;1;1;1;1;1;;;+10951428;+1826252;0;1
511;21;6596;P;1;12;;337;278;;5;;;6593;1;1;1;1;1;1;;;+10951898;+1826818;0;1
511;21;802;P;1;12;;167;135;;4;;;801;1;1;1;1;1;1;;;+11033926;+2002731;0;1
511;21;803;P;1;12;;167;168;;4;;;801;1;1;1;1;1;1;;;+11033965;+2002997;0;1
511;21;1162;P;1;12;;167;136;;4;;;801;1;1;1;1;1;1;;;+11034001;+2003226;0;1
511;21;804;P;1;12;;167;169;;4;;;801;1;1;1;1;1;1;;;+11034128;+2003412;0;1
511;21;805;P;1;8;;167;53;;4;;;801;1;1;1;1;1;1;;;+11033722;+2003856;0;1
511;21;1098;P;1;12;;241;135;;4;;;1097;1;1;1;1;1;1;;;+11034101;+2002571;0;1
511;21;1099;P;1;12;;241;165;;4;;;1097;1;1;1;1;1;1;;;+11034733;+2003110;0;1
511;21;1112;P;1;12;;153;243;;4;;;1111;1;1;1;1;1;1;;;+11034567;+2000843;0;1
511;21;1113;P;1;10;;153;128;;4;;;1111;1;1;1;1;1;1;;;+11034580;+2001724;0;1
511;21;1114;P;1;12;;153;135;;4;;;1111;1;1;1;1;1;1;;;+11034620;+2002146;0;1
511;21;807;P;1;12;;136;98;;4;;;806;1;1;1;1;1;1;;;+11034239;+2003043;0;1
511;21;808;P;1;12;;136;167;;4;;;806;1;1;1;1;1;1;;;+11034001;+2003226;0;1
511;21;682;P;1;10;;112;94;;4;;;681;1;1;1;1;1;1;;;+11035061;+1998707;0;1
511;21;683;P;1;11;;112;121;;4;;;681;1;1;1;1;1;1;;;+11035149;+1999387;0;1
511;21;1116;P;1;10;;244;14;;4;;;1115;1;1;1;1;1;1;;;+11033961;+2000696;0;1
511;21;1117;P;1;13;;244;243;;4;;;1115;1;1;1;1;1;1;;;+11034449;+2000738;0;1
511;21;604;P;1;7;;51;35;;4;;;603;1;1;1;1;1;1;;;+11032336;+2003478;0;1
511;21;606;P;1;10;;51;101;;4;;;603;1;1;1;1;1;1;;;+11031978;+2006148;0;1
511;21;1066;P;1;11;;234;233;;4;;;1065;1;1;1;1;1;1;;;+11034410;+2003647;0;1
511;21;1067;P;1;12;;234;235;;4;;;1065;1;1;1;1;1;1;;;+11034751;+2003611;0;1
511;21;934;P;1;12;;209;35;;4;;;933;1;1;1;1;1;1;;;+11029618;+2002184;0;1
511;21;935;P;1;12;;209;210;;4;;;933;1;1;1;1;1;1;;;+11029548;+2002470;0;1
511;21;936;P;1;11;;209;207;;4;;;933;1;1;1;1;1;1;;;+11029489;+2002693;0;1
511;21;912;P;1;13;;203;201;;4;;;911;1;1;1;1;1;1;;;+11031811;+2004629;0;1
511;21;913;P;1;12;;203;204;;4;;;911;1;1;1;1;1;1;;;+11032453;+2004650;0;1
511;21;914;P;1;12;;203;52;;4;;;911;1;1;1;1;1;1;;;+11033012;+2004472;0;1
511;21;6411;P;1;11;;278;279;;5;;;6410;1;1;1;1;1;1;;;+10940954;+1830788;0;0
511;21;6412;P;1;8;;278;280;;5;;;6410;1;1;1;1;1;1;;;+10941349;+1830932;0;0
511;21;6413;P;1;10;;278;267;;5;;;6410;1;1;1;1;1;1;;;+10944227;+1830069;0;0
511;21;6414;P;1;10;;278;268;;5;;;6410;1;1;1;1;1;1;;;+10944620;+1830046;0;0
511;21;6415;P;1;10;;278;281;;5;;;6410;1;1;1;1;1;1;;;+10945789;+1829696;0;0
511;21;6416;P;1;10;;278;282;;5;;;6410;1;1;1;1;1;1;;;+10948881;+1828781;0;0
511;21;6417;P;1;10;;278;283;;5;;;6410;1;1;1;1;1;1;;;+10950370;+1828569;0;1
511;21;6418;P;1;10;;278;284;;5;;;6410;1;1;1;1;1;1;;;+10951305;+1827545;0;1
511;21;6419;P;1;12;;278;285;;5;;;6410;1;1;1;1;1;1;;;+10951696;+1827112;0;1
511;21;6420;P;1;10;;278;286;;5;;;6410;1;1;1;1;1;1;;;+10952082;+1825372;0;1
511;21;6421;P;1;10;;278;287;;5;;;6410;1;1;1;1;1;1;;;+10951933;+1823177;0;1
511;21;626;P;1;10;;24;112;;4;;;625;1;1;1;1;1;1;;;+11035061;+1998707;0;1
511;21;627;P;1;10;;24;105;;4;;;625;1;1;1;1;1;1;;;+11036199;+1998841;0;1
511;21;628;P;1;3;;24;21;;4;;;625;1;1;1;1;1;1;;;+11037161;+1998959;0;1
511;21;629;P;1;10;;24;111;;4;;;625;1;1;1;1;1;1;;;+11037331;+1998971;0;1
511;21;630;P;1;12;;24;107;;4;;;625;1;1;1;1;1;1;;;+11038176;+1999552;0;1
511;21;6448;P;1;12;;277;289;;5;;6447;;1;1;1;1;1;1;;;+10942033;+1828913;0;0
511;21;6449;P;1;12;;277;290;;5;;6447;;1;1;1;1;1;1;;;+10942034;+1829167;6451;0
511;21;6451;P;1;12;;277;298;;5;;6450;;1;1;1;1;1;1;;;+10942035;+1829179;6449;0
511;21;6452;P;1;12;;277;267;;5;;6450;;1;1;1;1;1;1;;;+10942122;+1829884;0;0
511;21;623;P;1;12;;94;14;;4;;;622;1;1;1;1;1;1;;;+11034199;+1998593;0;1
511;21;624;P;1;10;;94;112;;4;;;622;1;1;1;1;1;1;;;+11035061;+1998707;0;1
511;21;517;P;1;12;;76;31;;4;;;516;1;1;1;1;1;1;;;+11025664;+1999621;0;1
511;21;518;P;1;8;;76;77;;4;;;516;1;1;1;1;1;1;;;+11025652;+2000328;0;1
511;21;519;P;1;10;;76;42;;4;;;516;1;1;1;1;1;1;;;+11025657;+2001080;0;1
511;21;6617;P;1;11;;343;344;;5;;;6616;1;1;1;1;1;1;;;+10951610;+1824247;0;1
511;21;6618;P;1;12;;343;342;;5;;;6616;1;1;1;1;1;1;;;+10951443;+1824085;0;1
511;21;6619;P;1;12;;343;306;;5;;;6616;1;1;1;1;1;1;;;+10951460;+1823854;0;1
511;21;6624;P;1;12;;306;282;;5;;;6623;1;1;1;1;1;1;;;+10951313;+1823834;0;1
511;21;6625;P;1;12;;306;343;;5;;;6623;1;1;1;1;1;1;;;+10951460;+1823854;0;1
511;21;6614;P;1;11;;342;305;;5;;;6613;1;1;1;1;1;1;;;+10951282;+1824503;0;1
511;21;6615;P;1;12;;342;343;;5;;;6613;1;1;1;1;1;1;;;+10951443;+1824085;0;1
511;21;908;P;1;12;;201;35;;4;;;907;1;1;1;1;1;1;;;+11032006;+2003295;0;1
511;21;909;P;1;12;;201;202;;4;;;907;1;1;1;1;1;1;;;+11031800;+2004355;0;1
511;21;910;P;1;13;;201;203;;4;;;907;1;1;1;1;1;1;;;+11031811;+2004629;0;1
511;21;703;P;1;10;;125;122;;4;;;702;1;1;1;1;1;1;;;+11035741;+1999717;0;1
511;21;704;P;1;10;;125;111;;4;;;702;1;1;1;1;1;1;;;+11036595;+1999998;0;1
511;21;1156;P;1;10;;248;111;;4;;;1155;1;1;1;1;1;1;;;+11036595;+1999998;0;1
511;21;705;P;1;10;;248;126;;4;;;1155;1;1;1;1;1;1;;;+11036776;+2000158;0;1
511;21;706;P;1;12;;248;107;;4;;;1155;1;1;1;1;1;1;;;+11037606;+2000519;0;1
511;21;700;P;1;12;;122;110;;4;;;699;1;1;1;1;1;1;;;+11035151;+1999538;0;1
511;21;701;P;1;10;;122;105;;4;;;699;1;1;1;1;1;1;;;+11035741;+1999717;0;1
511;21;6522;P;1;8;;296;289;;5;;;6521;1;1;1;1;1;1;;;+10950117;+1824613;0;1
511;21;6523;P;1;10;;296;312;;5;;;6521;1;1;1;1;1;1;;;+10950308;+1824647;0;1
511;21;6524;P;1;10;;296;281;;5;;;6521;1;1;1;1;1;1;;;+10950534;+1824690;0;1
511;21;1063;P;1;10;;232;167;;4;;;1062;1;1;1;1;1;1;;;+11033940;+2003670;0;1
511;21;1064;P;1;11;;232;233;;4;;;1062;1;1;1;1;1;1;;;+11034410;+2003647;0;1
511;21;757;P;1;10;;145;139;;4;;;756;1;1;1;1;1;1;;;+11044798;+1997878;0;0
511;21;758;P;1;3;;145;146;;4;;;756;1;1;1;1;1;1;;;+11045386;+1998050;0;0
511;21;1011;P;1;12;;224;223;;4;;;1010;1;1;1;1;1;1;;;+11031489;+2002319;0;1
511;21;1012;P;1;10;;224;222;;4;;;1010;1;1;1;1;1;1;;;+11031772;+2002448;0;1
511;21;1013;P;1;10;;224;50;;4;;;1010;1;1;1;1;1;1;;;+11032015;+2002575;0;1
511;21;1014;P;1;12;;224;99;;4;;;1010;1;1;1;1;1;1;;;+11032698;+2002996;0;1
511;21;1016;P;1;10;;222;224;;4;;;1015;1;1;1;1;1;1;;;+11031772;+2002448;0;1
511;21;1017;P;1;10;;222;221;;4;;;1015;1;1;1;1;1;1;;;+11031660;+2002783;0;1
511;21;1018;P;1;12;;222;35;;4;;;1015;1;1;1;1;1;1;;;+11031492;+2003016;0;1
511;21;764;P;1;12;;128;149;;4;;;763;1;1;1;1;1;1;;;+11038121;+2001669;0;1
511;21;765;P;1;10;;128;150;;4;;;763;1;1;1;1;1;1;;;+11037809;+2001664;0;1
511;21;766;P;1;10;;128;151;;4;;;763;1;1;1;1;1;1;;;+11037377;+2001667;0;1
511;21;767;P;1;7;;128;127;;4;;;763;1;1;1;1;1;1;;;+11036533;+2001668;0;1
511;21;768;P;1;10;;128;152;;4;;;763;1;1;1;1;1;1;;;+11035164;+2001705;0;1
511;21;769;P;1;10;;128;153;;4;;;763;1;1;1;1;1;1;;;+11034580;+2001724;0;1
511;21;770;P;1;12;;128;14;;4;;;763;1;1;1;1;1;1;;;+11033542;+2001726;0;1
511;21;1048;P;1;10;;96;97;;4;;;1047;1;1;1;1;1;1;;;+11033168;+2000958;0;1
511;21;1049;P;1;12;;96;14;;4;;;1047;1;1;1;1;1;1;;;+11033924;+2000835;0;1
511;21;852;P;1;10;;177;182;;4;;;851;1;1;1;1;1;1;;;+11034208;+2004926;0;1
511;21;853;P;1;10;;177;176;;4;;;851;1;1;1;1;1;1;;;+11035108;+2005151;0;1
511;21;854;P;1;12;;177;181;;4;;;851;1;1;1;1;1;1;;;+11035686;+2005287;0;1
511;21;900;P;1;12;;180;196;;4;;;899;1;1;1;1;1;1;;;+11033000;+2006826;0;1
511;21;901;P;1;10;;180;182;;4;;;899;1;1;1;1;1;1;;;+11033677;+2006817;0;1
511;21;902;P;1;10;;180;176;;4;;;899;1;1;1;1;1;1;;;+11034554;+2006900;0;1
511;21;903;P;1;12;;180;181;;4;;;899;1;1;1;1;1;1;;;+11035289;+2006904;0;1
511;21;905;P;1;12;;200;180;;4;;;904;1;1;1;1;1;1;;;+11033811;+2006857;0;1
511;21;906;P;1;12;;200;181;;4;;;904;1;1;1;1;1;1;;;+11033746;+2007718;0;1
511;21;897;P;1;11;;186;181;;4;;;896;1;1;1;1;1;1;;;+11032595;+2007125;0;1
511;21;898;P;1;12;;186;180;;4;;;896;1;1;1;1;1;1;;;+11033000;+2006826;0;1
511;21;867;P;1;10;;178;182;;4;;;866;1;1;1;1;1;1;;;+11034044;+2005504;0;1
511;21;868;P;1;10;;178;176;;4;;;866;1;1;1;1;1;1;;;+11034911;+2005627;0;1
511;21;869;P;1;11;;178;189;;4;;;866;1;1;1;1;1;1;;;+11035411;+2005673;0;1
511;21;842;P;1;10;;179;176;;4;;;841;1;1;1;1;1;1;;;+11034710;+2006343;0;1
511;21;843;P;1;12;;179;181;;4;;;841;1;1;1;1;1;1;;;+11035311;+2006374;0;1
511;21;844;P;1;12;;179;251;;4;;;841;1;1;1;1;1;1;;;+11036689;+2006806;0;0
511;21;832;P;1;10;;101;181;;4;;;831;1;1;1;1;1;1;;;+11031407;+2006131;0;1
511;21;833;P;1;10;;101;51;;4;;;831;1;1;1;1;1;1;;;+11031978;+2006148;0;1
511;21;834;P;1;10;;101;182;;4;;;831;1;1;1;1;1;1;;;+11033853;+2006206;0;1
511;21;836;P;1;10;;183;182;;4;;;835;1;1;1;1;1;1;;;+11033853;+2006206;0;1
511;21;837;P;1;10;;183;179;;4;;;835;1;1;1;1;1;1;;;+11034710;+2006343;0;1
511;21;712;P;1;10;;127;111;;4;;;711;1;1;1;1;1;1;;;+11035817;+2000666;0;1
511;21;713;P;1;6;;127;128;;4;;;711;1;1;1;1;1;1;;;+11036533;+2001668;0;1
511;21;714;P;1;10;;127;129;;4;;;711;1;1;1;1;1;1;;;+11036376;+2002014;0;1
511;21;715;P;1;10;;127;130;;4;;;711;1;1;1;1;1;1;;;+11035953;+2002659;0;1
511;21;716;P;1;11;;127;131;;4;;;711;1;1;1;1;1;1;;;+11035100;+2003222;0;1
511;21;717;P;1;8;;127;98;;4;;;711;1;1;1;1;1;1;;;+11034734;+2003380;0;1
511;21;1123;P;1;12;;245;127;;4;;;1122;1;1;1;1;1;1;;;+11036491;+2001841;0;1
511;21;1124;P;1;11;;245;242;;4;;;1122;1;1;1;1;1;1;;;+11036897;+2002140;0;1
511;21;1107;P;1;10;;130;127;;4;;;1106;1;1;1;1;1;1;;;+11035953;+2002659;0;1
511;21;1108;P;1;10;;130;129;;4;;;1106;1;1;1;1;1;1;;;+11036208;+2002697;0;1
511;21;1109;P;1;11;;130;242;;4;;;1106;1;1;1;1;1;1;;;+11036682;+2002751;0;1
511;21;1110;P;1;10;;130;238;;4;;;1106;1;1;1;1;1;1;;;+11037201;+2002706;0;1
511;21;574;P;1;10;;45;56;;4;;;573;1;1;1;1;1;1;;;+11028134;+2001348;0;1
511;21;575;P;1;10;;45;35;;4;;;573;1;1;1;1;1;1;;;+11028248;+2001969;0;1
511;21;6423;P;1;11;;288;289;;5;;;6422;1;1;1;1;1;1;;;+10943974;+1828730;0;0
511;21;6424;P;1;12;;288;290;;5;;;6422;1;1;1;1;1;1;;;+10944062;+1829141;0;0
511;21;6425;P;1;10;;288;278;;5;;;6422;1;1;1;1;1;1;;;+10944227;+1830069;0;0
511;21;6666;P;1;12;;355;356;;5;;;6665;1;1;1;1;1;1;;;+10952075;+1822124;0;1
511;21;6667;P;1;11;;355;328;;5;;;6665;1;1;1;1;1;1;;;+10952075;+1822319;0;1
511;21;6668;P;1;12;;355;287;;5;;;6665;1;1;1;1;1;1;;;+10952096;+1822552;0;1
511;21;1024;P;1;10;;59;31;;4;;;1023;1;1;1;1;1;1;;;+11030501;+1999479;0;1
511;21;1025;P;1;10;;59;90;;4;;;1023;1;1;1;1;1;1;;;+11030581;+2000127;0;1
511;21;1164;P;1;10;;59;226;;4;;;1023;1;1;1;1;1;1;;;+11030723;+2000799;0;1
511;21;1026;P;1;10;;59;91;;4;;;1023;1;1;1;1;1;1;;;+11030842;+2001650;0;1
511;21;68;P;1;1;;21;261;;4;;;67;1;1;1;1;1;1;;;+11036251;+1994009;0;0
511;21;69;P;1;3;;21;24;;4;;;67;1;1;1;1;1;1;;;+11037161;+1998959;0;1
511;21;52;P;1;3;;261;267;;4;;;51;1;1;1;1;1;1;;;+11013066;+1993438;0;0
511;21;53;P;1;3;;261;8;;4;;;51;1;1;1;1;1;1;;;+11018110;+1993455;0;0
511;21;54;P;1;3;;261;9;;4;;;51;1;1;1;1;1;1;;;+11022305;+1994666;0;0
511;21;55;P;1;3;;261;13;;4;;;51;1;1;1;1;1;1;;;+11028825;+1994091;0;0
511;21;56;P;1;3;;261;11;;4;;;51;1;1;1;1;1;1;;;+11031745;+1993435;0;0
511;21;57;P;1;3;;261;14;;4;;;51;1;1;1;1;1;1;;;+11034803;+1993786;0;0
511;21;58;P;1;1;;261;21;;4;;;51;1;1;1;1;1;1;;;+11036251;+1994009;0;0
511;21;59;P;1;3;;261;16;;4;;;51;1;1;1;1;1;1;;;+11036150;+1992273;0;0
511;21;60;P;1;3;;261;17;;4;;;51;1;1;1;1;1;1;;;+11035778;+1985299;0;0
511;21;61;P;3;3;;261;18;;4;;;51;1;1;1;1;1;1;;;+11035991;+1982643;0;0
511;21;62;P;1;3;;261;19;;4;;;51;1;1;1;1;1;1;;;+11036380;+1977717;0;0
511;21;63;P;1;3;;261;254;;4;;;51;1;1;1;1;1;1;;;+11036339;+1968283;0;0
511;21;6052;P;1;3;;261;262;;5;;;6051;1;1;1;1;1;1;;;+10901862;+1839971;0;0
511;21;6053;P;1;3;;261;263;;5;;;6051;1;1;1;1;1;1;;;+10915662;+1835206;0;0
511;21;6054;P;1;3;;261;264;;5;;;6051;1;1;1;1;1;1;;;+10917832;+1832850;0;0
511;21;6055;P;1;3;;261;265;;5;;;6051;1;1;1;1;1;1;;;+10924638;+1831844;0;0
511;21;6056;P;1;3;;261;266;;5;;;6051;1;1;1;1;1;1;;;+10933600;+1831644;0;0
511;21;6057;P;1;3;;261;267;;5;;;6051;1;1;1;1;1;1;;;+10936965;+1831085;0;0
511;21;6058;P;1;3;;261;268;;5;;;6051;1;1;1;1;1;1;;;+10944560;+1831480;0;0
511;21;6059;P;1;3;;261;269;;5;;;6051;1;1;1;1;1;1;;;+10953184;+1831376;0;0
511;21;6060;P;1;3;;261;270;;5;;;6051;1;1;1;1;1;1;;;+10958307;+1831805;0;0
511;21;6061;P;1;3;;261;363;;5;;;6051;1;1;1;1;1;1;;;+10962662;+1832057;0;0
511;21;6062;P;1;3;;261;271;;5;;;6051;1;1;1;1;1;1;;;+10969125;+1832928;0;0
511;21;6063;P;1;3;;261;272;;5;;;6051;1;1;1;1;1;1;;;+10973240;+1838357;0;0
511;21;6064;P;1;3;;261;273;;5;;;6051;1;1;1;1;1;1;;;+10979181;+1841233;0;0
511;21;437;P;1;10;;56;41;;4;;;436;1;1;1;1;1;1;;;+11024397;+2000963;0;1
511;21;438;P;1;10;;56;42;;4;;;436;1;1;1;1;1;1;;;+11025657;+2001080;0;1
511;21;439;P;1;10;;56;43;;4;;;436;1;1;1;1;1;1;;;+11026164;+2001120;0;1
511;21;440;P;1;10;;56;44;;4;;;436;1;1;1;1;1;1;;;+11026638;+2001166;0;1
511;21;441;P;1;10;;56;45;;4;;;436;1;1;1;1;1;1;;;+11028134;+2001348;0;1
511;21;71;P;1;3;;25;255;;4;;;70;1;1;1;1;1;1;;;+11068022;+1979670;0;0
511;21;72;P;1;3;;25;27;;4;;;70;1;1;1;1;1;1;;;+11059753;+1986788;0;0
511;21;73;P;1;3;;25;28;;4;;;70;1;1;1;1;1;1;;;+11055957;+1991285;0;0
511;21;74;P;1;3;;25;29;;4;;;70;1;1;1;1;1;1;;;+11050881;+1995192;0;0
511;21;76;P;1;3;;25;145;;4;;;70;1;1;1;1;1;1;;;+11045429;+1997723;0;0
511;21;75;P;1;3;;25;30;;4;;;70;1;1;1;1;1;1;;;+11044996;+1998050;0;0
511;21;729;P;1;7;;98;14;;4;;;728;1;1;1;1;1;1;;;+11033258;+2002289;0;1
511;21;730;P;1;12;;98;135;;4;;;728;1;1;1;1;1;1;;;+11033926;+2002731;0;1
511;21;731;P;1;12;;98;136;;4;;;728;1;1;1;1;1;1;;;+11034239;+2003043;0;1
511;21;732;P;1;8;;98;127;;4;;;728;1;1;1;1;1;1;;;+11034734;+2003380;0;1
511;21;719;P;1;10;;132;45;;4;;;718;1;1;1;1;1;1;;;+11028134;+2001348;0;1
511;21;720;P;1;7;;132;91;;4;;;718;1;1;1;1;1;1;;;+11029434;+2001329;0;1
511;21;722;P;1;7;;91;13;;4;;;721;1;1;1;1;1;1;;;+11029434;+2001329;0;1
511;21;723;P;1;10;;91;133;;4;;;721;1;1;1;1;1;1;;;+11030171;+2001508;0;1
511;21;724;P;1;10;;91;59;;4;;;721;1;1;1;1;1;1;;;+11030842;+2001650;0;1
511;21;725;P;1;11;;91;134;;4;;;721;1;1;1;1;1;1;;;+11032265;+2001632;0;1
511;21;726;P;1;10;;91;53;;4;;;721;1;1;1;1;1;1;;;+11032711;+2001931;0;1
511;21;727;P;1;7;;91;98;;4;;;721;1;1;1;1;1;1;;;+11033258;+2002289;0;1
511;21;740;P;1;3;;23;137;;4;;;739;1;1;1;1;1;1;;;+11044046;+1994185;0;0
511;21;741;P;1;10;;23;106;;4;;;739;1;1;1;1;1;1;;;+11043169;+1996869;0;0
511;21;567;P;1;10;;88;87;;4;;;566;1;1;1;1;1;1;;;+11027596;+1997801;0;0
511;21;568;P;1;10;;88;58;;4;;;566;1;1;1;1;1;1;;;+11027978;+1999609;0;1
511;21;6662;P;1;12;;328;327;;5;;;6661;1;1;1;1;1;1;;;+10951744;+1822352;0;1
511;21;6663;P;1;11;;328;355;;5;;;6661;1;1;1;1;1;1;;;+10952075;+1822319;0;1
511;21;6664;P;1;12;;328;287;;5;;;6661;1;1;1;1;1;1;;;+10952375;+1822433;0;1
511;21;671;P;1;10;;119;31;;4;;;670;1;1;1;1;1;1;;;+11032854;+1999549;0;1
511;21;672;P;1;12;;119;116;;4;;;670;1;1;1;1;1;1;;;+11032846;+1999752;0;1
511;21;673;P;1;12;;119;120;;4;;;670;1;1;1;1;1;1;;;+11032832;+2000180;0;1
511;21;821;P;1;10;;171;170;;4;;;820;1;1;1;1;1;1;;;+11035354;+2003982;0;1
511;21;822;P;1;12;;171;160;;4;;;820;1;1;1;1;1;1;;;+11035379;+2004560;0;1
511;21;823;P;1;12;;171;176;;4;;;820;1;1;1;1;1;1;;;+11035243;+2005020;0;1
511;21;825;P;1;12;;176;163;;4;;;824;1;1;1;1;1;1;;;+11035243;+2005020;0;1
511;21;826;P;1;10;;176;177;;4;;;824;1;1;1;1;1;1;;;+11035108;+2005151;0;1
511;21;827;P;1;10;;176;178;;4;;;824;1;1;1;1;1;1;;;+11034911;+2005627;0;1
511;21;828;P;1;10;;176;179;;4;;;824;1;1;1;1;1;1;;;+11034710;+2006343;0;1
511;21;829;P;1;10;;176;180;;4;;;824;1;1;1;1;1;1;;;+11034554;+2006900;0;1
511;21;830;P;1;12;;176;181;;4;;;824;1;1;1;1;1;1;;;+11034332;+2007698;0;1
511;21;6635;P;1;12;;300;346;;5;;;6634;1;1;1;1;1;1;;;+10950258;+1824294;0;1
511;21;6636;P;1;11;;300;312;;5;;;6634;1;1;1;1;1;1;;;+10950383;+1824321;0;1
511;21;6637;P;1;10;;300;281;;5;;;6634;1;1;1;1;1;1;;;+10950607;+1824366;0;1
511;21;6639;P;1;10;;311;281;;5;;;6638;1;1;1;1;1;1;;;+10950607;+1824366;0;1
511;21;6640;P;1;11;;311;302;;5;;;6638;1;1;1;1;1;1;;;+10950908;+1824409;0;1
511;21;817;P;1;12;;131;165;;4;;;816;1;1;1;1;1;1;;;+11034942;+2002911;0;1
511;21;818;P;1;11;;131;127;;4;;;816;1;1;1;1;1;1;;;+11035100;+2003222;0;1
511;21;819;P;1;10;;131;170;;4;;;816;1;1;1;1;1;1;;;+11035354;+2003982;0;1
511;21;512;P;1;10;;74;56;;4;;;511;1;1;1;1;1;1;;;+11025205;+2001042;0;1
511;21;513;P;1;11;;74;73;;4;;;511;1;1;1;1;1;1;;;+11025193;+2001506;0;1
511;21;514;P;1;11;;74;75;;4;;;511;1;1;1;1;1;1;;;+11025196;+2002290;0;1
511;21;515;P;1;12;;74;35;;4;;;511;1;1;1;1;1;1;;;+11025437;+2002737;0;1
511;21;619;P;1;10;;109;14;;4;;;618;1;1;1;1;1;1;;;+11034038;+1999969;0;1
511;21;620;P;1;10;;109;110;;4;;;618;1;1;1;1;1;1;;;+11034946;+2000443;0;1
511;21;621;P;1;10;;109;111;;4;;;618;1;1;1;1;1;1;;;+11035817;+2000666;0;1
511;21;945;P;1;12;;207;46;;4;;;944;1;1;1;1;1;1;;;+11029302;+2002646;0;1
511;21;946;P;1;11;;207;209;;4;;;944;1;1;1;1;1;1;;;+11029489;+2002693;0;1
511;21;947;P;1;11;;207;211;;4;;;944;1;1;1;1;1;1;;;+11029804;+2002771;0;1
511;21;948;P;1;12;;207;48;;4;;;944;1;1;1;1;1;1;;;+11030258;+2002949;0;1
511;21;6553;P;1;12;;322;321;;5;;;6552;1;1;1;1;1;1;;;+10960532;+1830070;0;0
511;21;6554;P;1;12;;322;323;;5;;;6552;1;1;1;1;1;1;;;+10960068;+1830476;0;0
511;21;6555;P;1;3;;322;261;;5;;;6552;1;1;1;1;1;1;;;+10958685;+1831417;0;0
511;21;1119;P;1;13;;243;244;;4;;;1118;1;1;1;1;1;1;;;+11034449;+2000738;0;1
511;21;1120;P;1;12;;243;153;;4;;;1118;1;1;1;1;1;1;;;+11034567;+2000843;0;1
511;21;1121;P;1;12;;243;109;;4;;;1118;1;1;1;1;1;1;;;+11035354;+2000567;0;1
511;21;750;P;1;3;;143;137;;4;;;749;1;1;1;1;1;1;;;+11044046;+1994185;0;0
511;21;751;P;1;8;;143;144;;4;;;749;1;1;1;1;1;1;;;+11045697;+1994199;0;0
511;21;752;P;1;11;;143;140;;4;;;749;1;1;1;1;1;1;;;+11047845;+1994180;0;0
511;21;6505;P;1;12;;295;289;;5;;;6504;1;1;1;1;1;1;;;+10949681;+1825648;0;1
511;21;6506;P;1;10;;295;307;;5;;;6504;1;1;1;1;1;1;;;+10949967;+1825820;0;1
511;21;6507;P;1;10;;295;281;;5;;;6504;1;1;1;1;1;1;;;+10950255;+1826006;0;1
511;21;6508;P;1;13;;295;302;;5;;;6504;1;1;1;1;1;1;;;+10950352;+1826050;0;1
511;21;6571;P;1;8;;321;287;;5;;;6570;1;1;1;1;1;1;;;+10958573;+1828084;0;0
511;21;6572;P;1;12;;321;322;;5;;;6570;1;1;1;1;1;1;;;+10960534;+1830066;0;0
511;21;6573;P;1;3;;321;261;;5;;;6570;1;1;1;1;1;1;;;+10962662;+1832057;0;0
511;21;6526;P;1;12;;301;312;;5;;;6525;1;1;1;1;1;1;;;+10950622;+1823461;0;1
511;21;6527;P;1;10;;301;281;;5;;;6525;1;1;1;1;1;1;;;+10950756;+1823653;0;1
511;21;697;P;1;8;;124;123;;4;;;696;1;1;1;1;1;1;;;+11035487;+2000339;0;1
511;21;698;P;1;12;;124;109;;4;;;696;1;1;1;1;1;1;;;+11035402;+2000563;0;1
511;21;1060;P;1;10;;231;161;;4;;;1059;1;1;1;1;1;1;;;+11034293;+2004066;0;1
511;21;1061;P;1;12;;231;162;;4;;;1059;1;1;1;1;1;1;;;+11034543;+2004167;0;1
511;21;6457;P;1;10;;281;278;;5;;;6456;1;1;1;1;1;1;;;+10945789;+1829696;0;0
511;21;6458;P;1;12;;281;299;;5;;;6456;1;1;1;1;1;1;;;+10947860;+1828193;0;0
511;21;6459;P;1;11;;281;292;;5;;;6456;1;1;1;1;1;1;;;+10949165;+1827101;0;1
511;21;6460;P;1;10;;281;294;;5;;;6456;1;1;1;1;1;1;;;+10949600;+1826689;0;1
511;21;6461;P;1;10;;281;284;;5;;;6456;1;1;1;1;1;1;;;+10949921;+1826377;0;1
511;21;6462;P;1;10;;281;295;;5;;;6456;1;1;1;1;1;1;;;+10950255;+1826006;0;1
511;21;6463;P;1;10;;281;286;;5;;;6456;1;1;1;1;1;1;;;+10950447;+1825118;0;1
511;21;6464;P;1;10;;281;296;;5;;;6456;1;1;1;1;1;1;;;+10950534;+1824690;0;1
511;21;6465;P;1;10;;281;300;;5;;;6456;1;1;1;1;1;1;;;+10950607;+1824366;0;1
511;21;6466;P;1;10;;281;301;;5;;;6456;1;1;1;1;1;1;;;+10950756;+1823653;0;1
511;21;6467;P;1;10;;281;302;;5;;;6456;1;1;1;1;1;1;;;+10950961;+1823563;0;1
511;21;1057;P;1;10;;230;167;;4;;;1056;1;1;1;1;1;1;;;+11033767;+2003844;0;1
511;21;1058;P;1;10;;230;161;;4;;;1056;1;1;1;1;1;1;;;+11034293;+2004066;0;1
511;21;1042;P;1;12;;229;97;;4;;;1041;1;1;1;1;1;1;;;+11032508;+2000393;0;1
511;21;1043;P;1;12;;229;227;;4;;;1041;1;1;1;1;1;1;;;+11032158;+2000602;0;1
511;21;6469;P;1;10;;292;289;;5;;;6468;1;1;1;1;1;1;;;+10948731;+1826640;0;1
511;21;6470;P;1;11;;292;281;;5;;;6468;1;1;1;1;1;1;;;+10949165;+1827101;0;1
511;21;6471;P;1;10;;292;282;;5;;;6468;1;1;1;1;1;1;;;+10949653;+1827785;0;1
511;21;6472;P;1;10;;292;283;;5;;;6468;1;1;1;1;1;1;;;+10950370;+1828569;0;1
511;21;1037;P;1;12;;227;226;;4;;;1036;1;1;1;1;1;1;;;+11030947;+2000776;0;1
511;21;1038;P;1;12;;227;229;;4;;;1036;1;1;1;1;1;1;;;+11032158;+2000602;0;1
511;21;1039;P;1;10;;227;118;;4;;;1036;1;1;1;1;1;1;;;+11032297;+2001324;0;1
511;21;1040;P;1;10;;227;91;;4;;;1036;1;1;1;1;1;1;;;+11032024;+2001620;0;1
511;21;667;P;1;12;;116;60;;4;;;666;1;1;1;1;1;1;;;+11031347;+1999748;0;1
511;21;668;P;1;11;;116;97;;4;;;666;1;1;1;1;1;1;;;+11032034;+1999754;0;1
511;21;669;P;1;12;;116;119;;4;;;666;1;1;1;1;1;1;;;+11032846;+1999752;0;1
511;21;1033;P;1;10;;226;59;;4;;;1032;1;1;1;1;1;1;;;+11030723;+2000799;0;1
511;21;1034;P;1;12;;226;227;;4;;;1032;1;1;1;1;1;1;;;+11030947;+2000776;0;1
511;21;1035;P;1;12;;226;228;;4;;;1032;1;1;1;1;1;1;;;+11031102;+2000765;0;1
511;21;989;P;1;10;;223;219;;4;;;988;1;1;1;1;1;1;;;+11031053;+2002426;0;1
511;21;990;P;1;12;;223;224;;4;;;988;1;1;1;1;1;1;;;+11031489;+2002319;0;1
511;21;991;P;1;10;;223;134;;4;;;988;1;1;1;1;1;1;;;+11032093;+2002190;0;1
511;21;992;P;1;10;;223;53;;4;;;988;1;1;1;1;1;1;;;+11032518;+2002368;0;1
511;21;985;P;1;10;;221;220;;4;;;984;1;1;1;1;1;1;;;+11031312;+2002579;0;1
511;21;986;P;1;10;;221;222;;4;;;984;1;1;1;1;1;1;;;+11031660;+2002783;0;1
511;21;987;P;1;10;;221;50;;4;;;984;1;1;1;1;1;1;;;+11032004;+2002984;0;1
511;21;963;P;1;12;;215;216;;4;;;962;1;1;1;1;1;1;;;+11029471;+2001535;0;1
511;21;964;P;1;10;;215;133;;4;;;962;1;1;1;1;1;1;;;+11029851;+2001870;0;1
511;21;965;P;1;10;;215;47;;4;;;962;1;1;1;1;1;1;;;+11030045;+2001947;0;1
511;21;966;P;1;12;;215;217;;4;;;962;1;1;1;1;1;1;;;+11030557;+2002146;0;1
511;21;982;P;1;10;;219;218;;4;;;981;1;1;1;1;1;1;;;+11030548;+2002238;0;1
511;21;1163;P;1;10;;219;223;;4;;;981;1;1;1;1;1;1;;;+11031053;+2002426;0;1
511;21;983;P;1;10;;219;220;;4;;;981;1;1;1;1;1;1;;;+11031312;+2002579;0;1
511;21;651;P;1;11;;60;114;;4;;;650;1;1;1;1;1;1;;;+11031436;+1999087;0;1
511;21;652;P;1;10;;60;31;;4;;;650;1;1;1;1;1;1;;;+11031355;+1999534;0;1
511;21;653;P;1;12;;60;116;;4;;;650;1;1;1;1;1;1;;;+11031347;+1999748;0;1
511;21;654;P;1;10;;60;90;;4;;;650;1;1;1;1;1;1;;;+11031355;+2000023;0;1
511;21;646;P;1;12;;114;256;;4;;;645;1;1;1;1;1;1;;;+11030972;+1999088;0;1
511;21;647;P;1;11;;114;60;;4;;;645;1;1;1;1;1;1;;;+11031436;+1999087;0;1
511;21;648;P;1;11;;114;61;;4;;;645;1;1;1;1;1;1;;;+11032028;+1999089;0;1
511;21;649;P;1;10;;114;113;;4;;;645;1;1;1;1;1;1;;;+11032870;+1999079;0;1
511;21;656;P;1;11;;61;117;;4;;;655;1;1;1;1;1;1;;;+11032028;+1998880;0;1
511;21;657;P;1;11;;61;114;;4;;;655;1;1;1;1;1;1;;;+11032028;+1999089;0;1
511;21;658;P;1;10;;61;31;;4;;;655;1;1;1;1;1;1;;;+11032031;+1999539;0;1
511;21;1045;P;1;10;;118;134;;4;;;1044;1;1;1;1;1;1;;;+11032297;+2001324;0;1
511;21;1046;P;1;10;;118;97;;4;;;1044;1;1;1;1;1;1;;;+11032907;+2001515;0;1
511;21;526;P;1;12;;80;31;;4;;;525;1;1;1;1;1;1;;;+11026166;+1999626;0;1
511;21;527;P;1;11;;80;77;;4;;;525;1;1;1;1;1;1;;;+11026163;+2000346;0;1
511;21;528;P;1;10;;80;43;;4;;;525;1;1;1;1;1;1;;;+11026164;+2001120;0;1
511;21;521;P;1;10;;42;56;;4;;;520;1;1;1;1;1;1;;;+11025657;+2001080;0;1
511;21;522;P;1;11;;42;73;;4;;;520;1;1;1;1;1;1;;;+11025641;+2001522;0;1
511;21;523;P;1;11;;42;75;;4;;;520;1;1;1;1;1;1;;;+11025641;+2002134;0;1
511;21;524;P;1;10;;42;35;;4;;;520;1;1;1;1;1;1;;;+11025875;+2002538;0;1
511;21;1101;P;1;12;;135;98;;4;;;1100;1;1;1;1;1;1;;;+11033926;+2002731;0;1
511;21;1102;P;1;10;;135;240;;4;;;1100;1;1;1;1;1;1;;;+11034128;+2002533;0;1
511;21;1103;P;1;12;;135;153;;4;;;1100;1;1;1;1;1;1;;;+11034620;+2002146;0;1
511;21;1104;P;1;10;;135;152;;4;;;1100;1;1;1;1;1;1;;;+11035122;+2002257;0;1
511;21;1105;P;1;10;;135;130;;4;;;1100;1;1;1;1;1;1;;;+11035953;+2002659;0;1
511;21;929;P;1;10;;46;35;;4;;;928;1;1;1;1;1;1;;;+11029436;+2002123;0;1
511;21;930;P;1;10;;46;206;;4;;;928;1;1;1;1;1;1;;;+11029363;+2002413;0;1
511;21;931;P;1;12;;46;207;;4;;;928;1;1;1;1;1;1;;;+11029302;+2002646;0;1
511;21;932;P;1;12;;46;208;;4;;;928;1;1;1;1;1;1;;;+11029156;+2003209;0;1
511;21;6474;P;1;10;;283;278;;5;;;6473;1;1;1;1;1;1;;;+10950370;+1828569;0;1
511;21;6475;P;1;12;;283;269;;5;;;6473;1;1;1;1;1;1;;;+10953138;+1829804;0;0
511;21;6476;P;1;11;;283;303;;5;;;6473;1;1;1;1;1;1;;;+10954226;+1829713;0;0
511;21;6477;P;1;12;;283;284;;5;;;6473;1;1;1;1;1;1;;;+10954935;+1829033;0;0
511;21;6601;P;1;10;;304;282;;5;;;6600;1;1;1;1;1;1;;;+10951087;+1825880;0;1
511;21;6602;P;1;12;;304;339;;5;;;6600;1;1;1;1;1;1;;;+10951444;+1825770;0;1
511;21;6603;P;1;10;;304;286;;5;;;6600;1;1;1;1;1;1;;;+10951669;+1825306;0;1
511;21;6604;P;1;11;;304;305;;5;;;6600;1;1;1;1;1;1;;;+10951676;+1824516;0;1
511;21;6605;P;1;12;;304;340;;5;;;6600;1;1;1;1;1;1;;;+10951687;+1823804;0;1
511;21;6606;P;1;12;;304;287;;5;;;6600;1;1;1;1;1;1;;;+10951492;+1823348;0;1
511;21;6627;P;1;12;;340;306;;5;;;6626;1;1;1;1;1;1;;;+10951460;+1823854;0;1
511;21;6628;P;1;12;;340;304;;5;;;6626;1;1;1;1;1;1;;;+10951687;+1823804;0;1
511;21;754;P;1;11;;139;138;;4;;;753;1;1;1;1;1;1;;;+11043559;+1996755;0;0
511;21;755;P;1;10;;139;145;;4;;;753;1;1;1;1;1;1;;;+11044798;+1997878;0;0
511;21;1054;P;1;12;;168;53;;4;;;1053;1;1;1;1;1;1;;;+11033392;+2003120;0;1
511;21;1055;P;1;12;;168;167;;4;;;1053;1;1;1;1;1;1;;;+11033965;+2002997;0;1
511;21;994;P;1;10;;53;91;;4;;;993;1;1;1;1;1;1;;;+11032711;+2001931;0;1
511;21;995;P;1;10;;53;223;;4;;;993;1;1;1;1;1;1;;;+11032518;+2002368;0;1
511;21;996;P;1;10;;53;99;;4;;;993;1;1;1;1;1;1;;;+11032960;+2002690;0;1
511;21;997;P;1;10;;53;168;;4;;;993;1;1;1;1;1;1;;;+11033382;+2003116;0;1
511;21;998;P;1;12;;53;225;;4;;;993;1;1;1;1;1;1;;;+11033524;+2003417;0;1
511;21;999;P;1;8;;53;167;;4;;;993;1;1;1;1;1;1;;;+11033722;+2003856;0;1
511;21;1000;P;1;10;;53;35;;4;;;993;1;1;1;1;1;1;;;+11033631;+2004292;0;1
511;21;600;P;1;6;;99;98;;4;;;599;1;1;1;1;1;1;;;+11033258;+2002289;0;1
511;21;601;P;1;10;;99;53;;4;;;599;1;1;1;1;1;1;;;+11032960;+2002690;0;1
511;21;602;P;1;7;;99;51;;4;;;599;1;1;1;1;1;1;;;+11032336;+2003478;0;1
511;21;591;P;1;3;;14;93;;4;;;590;1;1;1;1;1;1;;;+11034674;+1994754;0;0
511;21;592;P;1;10;;14;87;;4;;;590;1;1;1;1;1;1;;;+11034275;+1997874;0;0
511;21;593;P;1;12;;14;94;;4;;;590;1;1;1;1;1;1;;;+11034199;+1998593;0;1
511;21;594;P;1;10;;14;95;;4;;;590;1;1;1;1;1;1;;;+11034095;+1999450;0;1
511;21;595;P;1;10;;14;31;;4;;;590;1;1;1;1;1;1;;;+11034038;+1999969;0;1
511;21;596;P;1;12;;14;96;;4;;;590;1;1;1;1;1;1;;;+11033924;+2000835;0;1
511;21;597;P;1;6;;14;97;;4;;;590;1;1;1;1;1;1;;;+11033452;+2001896;0;1
511;21;598;P;1;6;;14;98;;4;;;590;1;1;1;1;1;1;;;+11033258;+2002289;0;1
511;21;6682;P;3;37;;348;360;;5;;;6681;1;1;1;1;1;1;;;+10949554;+1819768;0;0
511;21;6683;P;1;12;;348;347;;5;;;6681;1;1;1;1;1;1;;;+10948629;+1821055;0;0
511;21;6677;P;1;12;;358;348;;5;;;6676;1;1;1;1;1;1;;;+10948629;+1821055;0;0
511;21;6678;P;1;12;;358;359;;5;;;6676;1;1;1;1;1;1;;;+10949603;+1821251;0;0
511;21;6679;P;1;11;;358;349;;5;;;6676;1;1;1;1;1;1;;;+10949946;+1821575;0;0
511;21;6680;P;1;11;;358;327;;5;;;6676;1;1;1;1;1;1;;;+10950005;+1821944;0;0
511;21;6685;P;1;12;;362;358;;5;;;6684;1;1;1;1;1;1;;;+10949603;+1821251;0;0
511;21;6686;P;1;12;;362;354;;5;;;6684;1;1;1;1;1;1;;;+10950192;+1821234;0;0
511;21;6656;P;1;11;;327;347;;5;;;6655;1;1;1;1;1;1;;;+10950005;+1821944;0;0
511;21;6657;P;1;12;;327;354;;5;;;6655;1;1;1;1;1;1;;;+10950519;+1822040;0;0
511;21;6658;P;1;12;;327;353;;5;;;6655;1;1;1;1;1;1;;;+10951292;+1822008;0;1
511;21;6659;P;1;12;;327;328;;5;;;6655;1;1;1;1;1;1;;;+10951744;+1822352;0;1
511;21;6660;P;1;10;;327;287;;5;;;6655;1;1;1;1;1;1;;;+10951987;+1822607;0;1
511;21;6674;P;1;11;;349;358;;5;;;6673;1;1;1;1;1;1;;;+10949946;+1821575;0;0
511;21;6675;P;1;12;;349;354;;5;;;6673;1;1;1;1;1;1;;;+10950156;+1821553;0;0
511;21;549;P;1;10;;73;41;;4;;;548;1;1;1;1;1;1;;;+11024398;+2001471;0;1
511;21;550;P;1;11;;73;74;;4;;;548;1;1;1;1;1;1;;;+11025193;+2001506;0;1
511;21;551;P;1;11;;73;42;;4;;;548;1;1;1;1;1;1;;;+11025641;+2001522;0;1
511;21;552;P;1;11;;73;43;;4;;;548;1;1;1;1;1;1;;;+11026165;+2001538;0;1
511;21;553;P;1;11;;73;44;;4;;;548;1;1;1;1;1;1;;;+11026635;+2001555;0;1
511;21;1131;P;1;11;;239;150;;4;;;1130;1;1;1;1;1;1;;;+11037822;+2002019;0;1
511;21;1132;P;1;12;;239;107;;4;;;1130;1;1;1;1;1;1;;;+11038436;+2002018;0;1
511;21;1126;P;1;11;;150;242;;4;;;1125;1;1;1;1;1;1;;;+11036897;+2002140;0;1
511;21;1127;P;1;10;;150;238;;4;;;1125;1;1;1;1;1;1;;;+11037386;+2002158;0;1
511;21;1128;P;1;11;;150;239;;4;;;1125;1;1;1;1;1;1;;;+11037822;+2002019;0;1
511;21;1129;P;1;10;;150;128;;4;;;1125;1;1;1;1;1;1;;;+11037809;+2001664;0;1
511;21;1134;P;1;10;;238;151;;4;;;1133;1;1;1;1;1;1;;;+11037377;+2001667;0;1
511;21;1135;P;1;10;;238;150;;4;;;1133;1;1;1;1;1;1;;;+11037386;+2002158;0;1
511;21;1136;P;1;10;;238;130;;4;;;1133;1;1;1;1;1;1;;;+11037201;+2002706;0;1
511;21;1137;P;1;11;;238;237;;4;;;1133;1;1;1;1;1;1;;;+11037200;+2003134;0;1
511;21;942;P;1;10;;212;48;;4;;;941;1;1;1;1;1;1;;;+11030354;+2002721;0;1
511;21;943;P;1;11;;212;49;;4;;;941;1;1;1;1;1;1;;;+11030957;+2003081;0;1
511;21;938;P;1;12;;210;209;;4;;;937;1;1;1;1;1;1;;;+11029548;+2002470;0;1
511;21;939;P;1;8;;210;211;;4;;;937;1;1;1;1;1;1;;;+11029869;+2002549;0;1
511;21;940;P;1;10;;210;48;;4;;;937;1;1;1;1;1;1;;;+11030354;+2002721;0;1
511;21;1020;P;1;12;;220;224;;4;;;1019;1;1;1;1;1;1;;;+11031489;+2002319;0;1
511;21;1021;P;1;10;;220;221;;4;;;1019;1;1;1;1;1;1;;;+11031312;+2002579;0;1
511;21;1022;P;1;10;;220;49;;4;;;1019;1;1;1;1;1;1;;;+11031164;+2002799;0;1
511;21;6643;P;1;12;;347;348;;5;;6642;;1;1;1;1;1;1;;;+10948629;+1821055;0;0
511;21;6644;P;1;11;;347;349;;5;;6642;;1;1;1;1;1;1;;;+10949946;+1821575;6646;0
511;21;6646;P;1;11;;347;327;;5;;6645;;1;1;1;1;1;1;;;+10950005;+1821944;6644;0
511;21;6647;P;1;12;;347;350;;5;;6645;;1;1;1;1;1;1;;;+10949761;+1823023;0;0
511;21;6648;P;1;12;;347;351;;5;;6645;;1;1;1;1;1;1;;;+10950753;+1822611;0;1
511;21;6649;P;1;12;;347;352;;5;;6645;;1;1;1;1;1;1;;;+10951220;+1822432;0;1
511;21;6650;P;1;12;;347;287;;5;;6645;;1;1;1;1;1;1;;;+10951906;+1822734;0;1
511;21;443;P;1;10;;31;55;;4;;;442;1;1;1;1;1;1;;;+11014516;+1997382;0;0
511;21;444;P;1;10;;31;8;;4;;;442;1;1;1;1;1;1;;;+11017759;+1998493;0;0
511;21;445;P;1;10;;31;57;;4;;;442;1;1;1;1;1;1;;;+11022027;+1999170;0;0
511;21;1157;P;1;12;;31;76;;4;;;442;1;1;1;1;1;1;;;+11025664;+1999621;0;1
511;21;1158;P;1;12;;31;80;;4;;;442;1;1;1;1;1;1;;;+11026166;+1999626;0;1
511;21;446;P;1;10;;31;58;;4;;;442;1;1;1;1;1;1;;;+11027978;+1999609;0;1
511;21;447;P;1;10;;31;13;;4;;;442;1;1;1;1;1;1;;;+11029437;+1999578;0;1
511;21;448;P;1;10;;31;59;;4;;;442;1;1;1;1;1;1;;;+11030501;+1999479;0;1
511;21;449;P;1;10;;31;60;;4;;;442;1;1;1;1;1;1;;;+11031355;+1999534;0;1
511;21;450;P;1;10;;31;61;;4;;;442;1;1;1;1;1;1;;;+11032031;+1999539;0;1
511;21;1160;P;1;10;;31;119;;4;;;442;1;1;1;1;1;1;;;+11032857;+1999540;0;1
511;21;451;P;1;10;;31;14;;4;;;442;1;1;1;1;1;1;;;+11034038;+1999969;0;1
511;21;660;P;1;10;;97;61;;4;;;659;1;1;1;1;1;1;;;+11032031;+1999539;0;1
511;21;661;P;1;11;;97;116;;4;;;659;1;1;1;1;1;1;;;+11032034;+1999754;0;1
511;21;662;P;1;10;;97;90;;4;;;659;1;1;1;1;1;1;;;+11032035;+2000022;0;1
511;21;663;P;1;10;;97;96;;4;;;659;1;1;1;1;1;1;;;+11033168;+2000958;0;1
511;21;664;P;1;10;;97;118;;4;;;659;1;1;1;1;1;1;;;+11032907;+2001515;0;1
511;21;665;P;1;10;;97;14;;4;;;659;1;1;1;1;1;1;;;+11033452;+2001896;0;1
511;21;642;P;1;10;;113;102;;4;;;641;1;1;1;1;1;1;;;+11032897;+1998669;0;1
511;21;643;P;1;10;;113;114;;4;;;641;1;1;1;1;1;1;;;+11032870;+1999079;0;1
511;21;644;P;1;10;;113;31;;4;;;641;1;1;1;1;1;1;;;+11032864;+1999534;0;1
511;21;1002;P;1;10;;134;118;;4;;;1001;1;1;1;1;1;1;;;+11032297;+2001324;0;1
511;21;1003;P;1;11;;134;91;;4;;;1001;1;1;1;1;1;1;;;+11032265;+2001632;0;1
511;21;1004;P;1;10;;134;223;;4;;;1001;1;1;1;1;1;1;;;+11032093;+2002190;0;1
511;21;1091;P;1;12;;237;129;;4;;;1090;1;1;1;1;1;1;;;+11036083;+2003725;0;1
511;21;1092;P;1;11;;237;238;;4;;;1090;1;1;1;1;1;1;;;+11037200;+2003134;0;1
511;21;1093;P;1;12;;237;239;;4;;;1090;1;1;1;1;1;1;;;+11038078;+2002021;0;1
511;21;772;P;1;10;;108;106;;4;;;771;1;1;1;1;1;1;;;+11042564;+1997160;0;0
511;21;773;P;1;8;;108;154;;4;;;771;1;1;1;1;1;1;;;+11041798;+1999026;0;0
511;21;774;P;1;10;;108;30;;4;;;771;1;1;1;1;1;1;;;+11040149;+2001655;0;0
511;21;775;P;1;12;;108;252;;4;;;771;1;1;1;1;1;1;;;+11041470;+2005569;0;0
511;21;743;P;1;10;;138;23;;4;;;742;1;1;1;1;1;1;;;+11043169;+1996869;0;0
511;21;744;P;1;11;;138;139;;4;;;742;1;1;1;1;1;1;;;+11043559;+1996755;0;0
511;21;745;P;1;11;;138;140;;4;;;742;1;1;1;1;1;1;;;+11047845;+1994180;0;0
511;21;708;P;1;3;;111;24;;4;;;707;1;1;1;1;1;1;;;+11037161;+1998959;0;1
511;21;709;P;1;10;;111;125;;4;;;707;1;1;1;1;1;1;;;+11036595;+1999998;0;1
511;21;710;P;1;10;;111;109;;4;;;707;1;1;1;1;1;1;;;+11035817;+2000666;0;1
511;21;840;P;1;13;;149;30;;4;;;838;1;1;1;1;1;1;;;+11039558;+2001655;0;0
511;21;762;P;1;12;;149;128;;4;;;838;1;1;1;1;1;1;;;+11038121;+2001669;0;1
511;21;577;P;1;10;;13;261;;4;;;576;1;1;1;1;1;1;;;+11029321;+1994862;0;0
511;21;578;P;1;10;;13;87;;4;;;576;1;1;1;1;1;1;;;+11029440;+1997603;0;1
511;21;579;P;1;10;;13;31;;4;;;576;1;1;1;1;1;1;;;+11029437;+1999578;0;1
511;21;580;P;1;10;;13;90;;4;;;576;1;1;1;1;1;1;;;+11029434;+2000128;0;1
511;21;581;P;1;10;;13;89;;4;;;576;1;1;1;1;1;1;;;+11029434;+2000730;0;1
511;21;582;P;1;6;;13;91;;4;;;576;1;1;1;1;1;1;;;+11029434;+2001329;0;1
511;21;583;P;1;10;;13;46;;4;;;576;1;1;1;1;1;1;;;+11029436;+2002123;0;1
511;21;588;P;1;12;;92;45;;4;;;587;1;1;1;1;1;1;;;+11028175;+2001632;0;1
511;21;589;P;1;12;;92;13;;4;;;587;1;1;1;1;1;1;;;+11029430;+2001549;0;1
511;21;1139;P;1;12;;242;128;;4;;;1138;1;1;1;1;1;1;;;+11036994;+2001674;0;1
511;21;1140;P;1;11;;242;245;;4;;;1138;1;1;1;1;1;1;;;+11036897;+2002140;0;1
511;21;1141;P;1;11;;242;130;;4;;;1138;1;1;1;1;1;1;;;+11036682;+2002751;0;1
511;21;1142;P;1;12;;242;246;;4;;;1138;1;1;1;1;1;1;;;+11036686;+2003095;0;1
511;21;846;P;1;12;;182;160;;4;;;845;1;1;1;1;1;1;;;+11034338;+2004464;0;1
511;21;847;P;1;10;;182;177;;4;;;845;1;1;1;1;1;1;;;+11034208;+2004926;0;1
511;21;848;P;1;10;;182;178;;4;;;845;1;1;1;1;1;1;;;+11034044;+2005504;0;1
511;21;849;P;1;10;;182;101;;4;;;845;1;1;1;1;1;1;;;+11033853;+2006206;0;1
511;21;850;P;1;10;;182;180;;4;;;845;1;1;1;1;1;1;;;+11033677;+2006817;0;1
511;21;6608;P;1;12;;339;286;;5;;;6607;1;1;1;1;1;1;;;+10951264;+1825256;0;1
511;21;6609;P;1;12;;339;304;;5;;;6607;1;1;1;1;1;1;;;+10951444;+1825770;0;1
511;21;6559;P;1;10;;326;302;;5;;;6558;1;1;1;1;1;1;;;+10950961;+1823563;0;1
511;21;6560;P;1;11;;326;287;;5;;;6558;1;1;1;1;1;1;;;+10951235;+1823453;0;1
511;21;6479;P;1;10;;282;278;;5;;;6478;1;1;1;1;1;1;;;+10948881;+1828781;0;0
511;21;6480;P;1;10;;282;292;;5;;;6478;1;1;1;1;1;1;;;+10949653;+1827785;0;1
511;21;6481;P;1;10;;282;284;;5;;;6478;1;1;1;1;1;1;;;+10950360;+1826747;0;1
511;21;6482;P;1;10;;282;304;;5;;;6478;1;1;1;1;1;1;;;+10951087;+1825880;0;1
511;21;6483;P;1;10;;282;286;;5;;;6478;1;1;1;1;1;1;;;+10951096;+1825224;0;1
511;21;6484;P;1;11;;282;305;;5;;;6478;1;1;1;1;1;1;;;+10951191;+1824503;0;1
511;21;6485;P;1;12;;282;306;;5;;;6478;1;1;1;1;1;1;;;+10951313;+1823834;0;1
511;21;6486;P;1;11;;282;287;;5;;;6478;1;1;1;1;1;1;;;+10951235;+1823453;0;1
511;21;6510;P;1;13;;302;295;;5;;;6509;1;1;1;1;1;1;;;+10950352;+1826050;0;1
511;21;6511;P;1;12;;302;310;;5;;;6509;1;1;1;1;1;1;;;+10950665;+1825456;0;1
511;21;6512;P;1;12;;302;286;;5;;;6509;1;1;1;1;1;1;;;+10950837;+1825189;0;1
511;21;6513;P;1;11;;302;311;;5;;;6509;1;1;1;1;1;1;;;+10950908;+1824409;0;1
511;21;6514;P;1;11;;302;345;;5;;;6509;1;1;1;1;1;1;;;+10950930;+1824159;0;1
511;21;6515;P;1;10;;302;281;;5;;;6509;1;1;1;1;1;1;;;+10950961;+1823563;0;1
511;21;6427;P;1;12;;289;290;;5;;;6426;1;1;1;1;1;1;;;+10937484;+1828936;0;0
511;21;6428;P;1;8;;289;291;;5;;;6426;1;1;1;1;1;1;;;+10938360;+1828829;0;0
511;21;6429;P;1;12;;289;276;;5;;;6426;1;1;1;1;1;1;;;+10939336;+1828877;0;0
511;21;6430;P;1;12;;289;277;;5;;;6426;1;1;1;1;1;1;;;+10942033;+1828913;0;0
511;21;6431;P;1;11;;289;288;;5;;;6426;1;1;1;1;1;1;;;+10943974;+1828730;0;0
511;21;6432;P;1;12;;289;293;;5;;;6426;1;1;1;1;1;1;;;+10945790;+1828279;0;0
511;21;6433;P;1;10;;289;292;;5;;;6426;1;1;1;1;1;1;;;+10948731;+1826640;0;1
511;21;6434;P;1;12;;289;294;;5;;;6426;1;1;1;1;1;1;;;+10949148;+1826245;0;1
511;21;6435;P;1;10;;289;284;;5;;;6426;1;1;1;1;1;1;;;+10949422;+1825980;0;1
511;21;6436;P;1;12;;289;295;;5;;;6426;1;1;1;1;1;1;;;+10949681;+1825648;0;1
511;21;6437;P;1;12;;289;286;;5;;;6426;1;1;1;1;1;1;;;+10950037;+1825036;0;1
511;21;6438;P;1;8;;289;296;;5;;;6426;1;1;1;1;1;1;;;+10950117;+1824613;0;1
511;21;6611;P;1;12;;341;286;;5;;;6610;1;1;1;1;1;1;;;+10951271;+1825242;0;1
511;21;6612;P;1;11;;341;305;;5;;;6610;1;1;1;1;1;1;;;+10951282;+1824503;0;1
511;21;6621;P;1;11;;305;282;;5;;;6620;1;1;1;1;1;1;;;+10951191;+1824503;0;1
511;21;6622;P;1;11;;305;304;;5;;;6620;1;1;1;1;1;1;;;+10951676;+1824516;0;1
511;21;6517;P;1;10;;312;286;;5;;;6516;1;1;1;1;1;1;;;+10950169;+1825062;0;1
511;21;6518;P;1;10;;312;296;;5;;;6516;1;1;1;1;1;1;;;+10950308;+1824647;0;1
511;21;6519;P;1;11;;312;300;;5;;;6516;1;1;1;1;1;1;;;+10950383;+1824321;0;1
511;21;6520;P;1;12;;312;301;;5;;;6516;1;1;1;1;1;1;;;+10950622;+1823461;0;1
511;21;561;P;1;3;;84;9;;4;;;560;1;1;1;1;1;1;;;+11022305;+1994666;0;0
511;21;562;P;1;10;;84;31;;4;;;560;1;1;1;1;1;1;;;+11022027;+1999170;0;0
511;21;885;P;1;10;;187;101;;4;;;884;1;1;1;1;1;1;;;+11031978;+2006148;0;1
511;21;886;P;1;11;;187;188;;4;;;884;1;1;1;1;1;1;;;+11031977;+2006557;0;1
511;21;887;P;1;10;;187;181;;4;;;884;1;1;1;1;1;1;;;+11031975;+2007038;0;1
511;21;919;P;1;12;;202;201;;4;;;918;1;1;1;1;1;1;;;+11031800;+2004355;0;1
511;21;920;P;1;10;;202;205;;4;;;918;1;1;1;1;1;1;;;+11032095;+2004231;0;1
511;21;955;P;1;10;;48;35;;4;;;954;1;1;1;1;1;1;;;+11030469;+2002447;0;1
511;21;956;P;1;10;;48;210;;4;;;954;1;1;1;1;1;1;;;+11030354;+2002721;0;1
511;21;957;P;1;12;;48;207;;4;;;954;1;1;1;1;1;1;;;+11030258;+2002949;0;1
511;21;968;P;1;12;;218;217;;4;;;967;1;1;1;1;1;1;;;+11030557;+2002146;0;1
511;21;969;P;1;10;;218;48;;4;;;967;1;1;1;1;1;1;;;+11030469;+2002447;0;1
511;21;402;P;1;3;;8;261;;4;;;401;1;1;1;1;1;1;;;+11017848;+1993796;0;0
511;21;403;P;1;10;;8;31;;4;;;401;1;1;1;1;1;1;;;+11017759;+1998493;0;0
511;21;922;P;1;10;;205;202;;4;;;921;1;1;1;1;1;1;;;+11032095;+2004231;0;1
511;21;923;P;1;12;;205;204;;4;;;921;1;1;1;1;1;1;;;+11032347;+2004302;0;1
511;21;925;P;1;12;;204;35;;4;;;924;1;1;1;1;1;1;;;+11032781;+2004013;0;1
511;21;926;P;1;12;;204;205;;4;;;924;1;1;1;1;1;1;;;+11032347;+2004302;0;1
511;21;927;P;1;12;;204;203;;4;;;924;1;1;1;1;1;1;;;+11032453;+2004650;0;1
511;21;6441;P;1;12;;276;289;;5;;6440;;1;1;1;1;1;1;;;+10939336;+1828877;0;0
511;21;6442;P;1;12;;276;290;;5;;6440;;1;1;1;1;1;1;;;+10939325;+1829050;6444;0
511;21;6444;P;1;12;;276;297;;5;;6443;;1;1;1;1;1;1;;;+10939326;+1829059;6442;0
511;21;6445;P;1;12;;276;267;;5;;6443;;1;1;1;1;1;1;;;+10939317;+1829687;0;0
511;21;6499;P;1;11;;308;307;;5;;;6498;1;1;1;1;1;1;;;+10949463;+1826549;0;1
511;21;6500;P;1;10;;308;284;;5;;;6498;1;1;1;1;1;1;;;+10949729;+1826213;0;1
511;21;6493;P;1;11;;307;292;;5;;6492;;1;1;1;1;1;1;;;+10949084;+1827009;0;1
511;21;6494;P;1;11;;307;294;;5;;6492;;1;1;1;1;1;1;;;+10949463;+1826549;6496;1
511;21;6496;P;1;10;;307;295;;5;;6495;;1;1;1;1;1;1;;;+10949967;+1825820;6494;1
511;21;6497;P;1;10;;307;286;;5;;6495;;1;1;1;1;1;1;;;+10950169;+1825062;0;1
511;21;6502;P;1;10;;309;284;;5;;;6501;1;1;1;1;1;1;;;+10949729;+1826213;0;1
511;21;6503;P;1;10;;309;295;;5;;;6501;1;1;1;1;1;1;;;+10949967;+1825820;0;1
511;21;889;P;1;12;;194;101;;4;;;888;1;1;1;1;1;1;;;+11032482;+2006171;0;1
511;21;890;P;1;11;;194;188;;4;;;888;1;1;1;1;1;1;;;+11032484;+2006555;0;1
511;21;891;P;1;12;;194;181;;4;;;888;1;1;1;1;1;1;;;+11032468;+2007077;0;1
511;21;877;P;1;12;;188;181;;4;;;876;1;1;1;1;1;1;;;+11031471;+2006552;0;1
511;21;878;P;1;11;;188;187;;4;;;876;1;1;1;1;1;1;;;+11031977;+2006557;0;1
511;21;879;P;1;11;;188;194;;4;;;876;1;1;1;1;1;1;;;+11032484;+2006555;0;1
511;21;880;P;1;11;;188;196;;4;;;876;1;1;1;1;1;1;;;+11033003;+2006557;0;1
511;21;979;P;1;13;;217;47;;4;;;978;1;1;1;1;1;1;;;+11030327;+2001672;0;1
511;21;980;P;1;12;;217;215;;4;;;978;1;1;1;1;1;1;;;+11030563;+2002143;0;1
511;21;975;P;1;10;;47;35;;4;;;974;1;1;1;1;1;1;;;+11029954;+2002257;0;1
511;21;976;P;1;10;;47;215;;4;;;974;1;1;1;1;1;1;;;+11030045;+2001947;0;1
511;21;977;P;1;13;;47;217;;4;;;974;1;1;1;1;1;1;;;+11030327;+2001672;0;1
511;21;1087;P;1;10;;159;170;;4;;;1086;1;1;1;1;1;1;;;+11035354;+2003982;0;1
511;21;1088;P;1;10;;159;129;;4;;;1086;1;1;1;1;1;1;;;+11036066;+2003814;0;1
511;21;1089;P;1;12;;159;107;;4;;;1086;1;1;1;1;1;1;;;+11037735;+2003714;0;1
511;21;6630;P;1;12;;310;302;;5;;;6629;1;1;1;1;1;1;;;+10950665;+1825456;0;1
511;21;6631;P;1;11;;310;286;;5;;;6629;1;1;1;1;1;1;;;+10950705;+1825163;0;1
511;21;6632;P;1;11;;310;311;;5;;;6629;1;1;1;1;1;1;;;+10950798;+1824398;0;1
511;21;6633;P;1;11;;310;345;;5;;;6629;1;1;1;1;1;1;;;+10950930;+1824159;0;1
511;21;1081;P;1;12;;236;233;;4;;;1080;1;1;1;1;1;1;;;+11034444;+2003772;0;1
511;21;1082;P;1;11;;236;235;;4;;;1080;1;1;1;1;1;1;;;+11034660;+2003862;0;1
511;21;1084;P;1;11;;170;236;;4;;;1083;1;1;1;1;1;1;;;+11034660;+2003862;0;1
511;21;1085;P;1;10;;170;131;;4;;;1083;1;1;1;1;1;1;;;+11035354;+2003982;0;1
511;21;1150;P;1;13;;151;247;;4;;;1149;1;1;1;1;1;1;;;+11037466;+2001183;0;1
511;21;1151;P;1;10;;151;128;;4;;;1149;1;1;1;1;1;1;;;+11037377;+2001667;0;1
511;21;798;P;1;10;;165;135;;4;;;797;1;1;1;1;1;1;;;+11035122;+2002257;0;1
511;21;799;P;1;12;;165;166;;4;;;797;1;1;1;1;1;1;;;+11034942;+2002911;0;1
511;21;800;P;1;12;;165;98;;4;;;797;1;1;1;1;1;1;;;+11034562;+2003295;0;1
511;21;794;P;1;12;;152;164;;4;;;793;1;1;1;1;1;1;;;+11035172;+2001364;0;1
511;21;795;P;1;10;;152;128;;4;;;793;1;1;1;1;1;1;;;+11035164;+2001705;0;1
511;21;796;P;1;10;;152;135;;4;;;793;1;1;1;1;1;1;;;+11035122;+2002257;0;1
511;21;1095;P;1;10;;240;97;;4;;;1094;1;1;1;1;1;1;;;+11033452;+2001896;0;1
511;21;1096;P;1;10;;240;135;;4;;;1094;1;1;1;1;1;1;;;+11034128;+2002533;0;1
511;21;6670;P;1;12;;354;357;;5;;;6669;1;1;1;1;1;1;;;+10950192;+1821234;0;0
511;21;6671;P;1;12;;354;349;;5;;;6669;1;1;1;1;1;1;;;+10950156;+1821553;0;0
511;21;6672;P;1;12;;354;327;;5;;;6669;1;1;1;1;1;1;;;+10950519;+1822040;0;0
511;21;871;P;1;8;;190;157;;4;;;870;1;1;1;1;1;1;;;+11035988;+2004884;0;1
511;21;872;P;1;12;;190;191;;4;;;870;1;1;1;1;1;1;;;+11036622;+2005595;0;1
511;21;874;P;1;12;;193;190;;4;;;873;1;1;1;1;1;1;;;+11036622;+2005595;0;1
511;21;875;P;1;12;;193;179;;4;;;873;1;1;1;1;1;1;;;+11036689;+2006806;0;0
511;21;6691;P;1;12;;290;289;;5;;;6690;1;1;1;1;1;1;;;+10937484;+1828936;0;0
511;21;6692;P;1;12;;290;276;;5;;;6690;1;1;1;1;1;1;;;+10939327;+1829055;0;0
511;21;6693;P;1;12;;290;277;;5;;;6690;1;1;1;1;1;1;;;+10942034;+1829172;0;0
511;21;6694;P;1;12;;290;288;;5;;;6690;1;1;1;1;1;1;;;+10944062;+1829141;0;0
511;21;734;P;1;10;;106;111;;4;;;733;1;1;1;1;1;1;;;+11037331;+1998971;0;1
511;21;735;P;1;10;;106;87;;4;;;733;1;1;1;1;1;1;;;+11038111;+1997903;0;0
511;21;736;P;1;10;;106;107;;4;;;733;1;1;1;1;1;1;;;+11040636;+1997049;0;0
511;21;737;P;1;10;;106;108;;4;;;733;1;1;1;1;1;1;;;+11042564;+1997160;0;0
511;21;738;P;1;10;;106;23;;4;;;733;1;1;1;1;1;1;;;+11043169;+1996869;0;0
511;21;6529;P;1;12;;286;289;;5;;;6528;1;1;1;1;1;1;;;+10950037;+1825036;0;1
511;21;6530;P;1;10;;286;281;;5;;;6528;1;1;1;1;1;1;;;+10950447;+1825118;0;1
511;21;6531;P;1;12;;286;302;;5;;;6528;1;1;1;1;1;1;;;+10950837;+1825189;0;1
511;21;6532;P;1;10;;286;282;;5;;;6528;1;1;1;1;1;1;;;+10951096;+1825224;0;1
511;21;6533;P;1;10;;286;304;;5;;;6528;1;1;1;1;1;1;;;+10951669;+1825306;0;1
511;21;6534;P;1;10;;286;278;;5;;;6528;1;1;1;1;1;1;;;+10952082;+1825372;0;1
511;21;916;P;1;10;;52;35;;4;;;915;1;1;1;1;1;1;;;+11033010;+2004085;0;1
511;21;917;P;1;12;;52;203;;4;;;915;1;1;1;1;1;1;;;+11033012;+2004472;0;1
511;21;1073;P;1;10;;161;230;;4;;;1072;1;1;1;1;1;1;;;+11034293;+2004066;0;1
511;21;1074;P;1;10;;161;160;;4;;;1072;1;1;1;1;1;1;;;+11034103;+2004395;0;1
511;21;1069;P;1;11;;233;232;;4;;;1068;1;1;1;1;1;1;;;+11034410;+2003647;0;1
511;21;1070;P;1;12;;233;236;;4;;;1068;1;1;1;1;1;1;;;+11034444;+2003772;0;1
511;21;1071;P;1;10;;233;161;;4;;;1068;1;1;1;1;1;1;;;+11034293;+2004066;0;1
511;21;6588;P;1;12;;336;284;;5;;;6587;1;1;1;1;1;1;;;+10951021;+1827289;0;1
511;21;6589;P;1;13;;336;285;;5;;;6587;1;1;1;1;1;1;;;+10951427;+1826855;0;1
511;21;1144;P;1;10;;126;248;;4;;;1143;1;1;1;1;1;1;;;+11036776;+2000158;0;1
511;21;1145;P;1;12;;126;128;;4;;;1143;1;1;1;1;1;1;;;+11037019;+2001661;0;1
511;21;545;P;1;8;;77;76;;4;;;543;1;1;1;1;1;1;;;+11025652;+2000328;0;1
511;21;546;P;1;11;;77;80;;4;;;543;1;1;1;1;1;1;;;+11026163;+2000346;0;1
511;21;547;P;1;11;;77;44;;4;;;543;1;1;1;1;1;1;;;+11026640;+2000346;0;1
511;21;585;P;1;10;;89;58;;4;;;584;1;1;1;1;1;1;;;+11028128;+2000730;0;1
511;21;586;P;1;10;;89;13;;4;;;584;1;1;1;1;1;1;;;+11029434;+2000730;0;1
511;21;570;P;1;10;;58;31;;4;;;569;1;1;1;1;1;1;;;+11027978;+1999609;0;1
511;21;571;P;1;10;;58;89;;4;;;569;1;1;1;1;1;1;;;+11028128;+2000730;0;1
511;21;572;P;1;10;;58;45;;4;;;569;1;1;1;1;1;1;;;+11028134;+2001348;0;1
511;21;639;P;1;10;;303;87;;4;;;638;1;1;1;1;1;1;;;+11033180;+1997734;0;1
511;21;640;P;1;10;;303;95;;4;;;638;1;1;1;1;1;1;;;+11033052;+1998761;0;1
511;21;6580;P;1;12;;303;284;;5;;;6579;1;1;1;1;1;1;;;+10954135;+1829215;0;0
511;21;6581;P;1;11;;303;283;;5;;;6579;1;1;1;1;1;1;;;+10954226;+1829713;0;0
511;21;6582;P;1;8;;303;269;;5;;;6579;1;1;1;1;1;1;;;+10954507;+1832521;0;0
511;21;6583;P;1;12;;303;333;;5;;;6579;1;1;1;1;1;1;;;+10956148;+1832595;0;0
511;21;6585;P;1;8;;335;303;;5;;;6584;1;1;1;1;1;1;;;+10954507;+1832521;0;0
511;21;6586;P;1;11;;335;269;;5;;;6584;1;1;1;1;1;1;;;+10954359;+1832833;0;0
511;21;791;P;1;12;;164;127;;4;;;790;1;1;1;1;1;1;;;+11035825;+2000737;0;1
511;21;792;P;1;12;;164;152;;4;;;790;1;1;1;1;1;1;;;+11035172;+2001364;0;1
511;21;6545;P;1;8;;314;287;;5;;;6544;1;1;1;1;1;1;;;+10958573;+1828084;0;0
511;21;6546;P;1;10;;314;315;;5;;;6544;1;1;1;1;1;1;;;+10961081;+1827565;0;0
511;21;6547;P;1;8;;314;317;;5;;;6544;1;1;1;1;1;1;;;+10962489;+1824491;0;0
511;21;6548;P;1;12;;314;316;;5;;;6544;1;1;1;1;1;1;;;+10964497;+1823129;0;0
511;21;608;P;1;10;;87;88;;4;;;607;1;1;1;1;1;1;;;+11027596;+1997801;0;0
511;21;609;P;1;10;;87;13;;4;;;607;1;1;1;1;1;1;;;+11029440;+1997603;0;1
511;21;610;P;1;10;;87;102;;4;;;607;1;1;1;1;1;1;;;+11032316;+1997616;0;1
511;21;611;P;1;10;;87;303;;4;;;607;1;1;1;1;1;1;;;+11033180;+1997734;0;1
511;21;612;P;1;10;;87;14;;4;;;607;1;1;1;1;1;1;;;+11034275;+1997874;0;0
511;21;613;P;1;11;;87;104;;4;;;607;1;1;1;1;1;1;;;+11034893;+1997837;0;0
511;21;614;P;1;10;;87;105;;4;;;607;1;1;1;1;1;1;;;+11036196;+1997837;0;0
511;21;615;P;1;10;;87;106;;4;;;607;1;1;1;1;1;1;;;+11038111;+1997903;0;0
511;21;616;P;1;12;;87;107;;4;;;607;1;1;1;1;1;1;;;+11038723;+1998253;0;0
511;21;617;P;1;12;;87;108;;4;;;607;1;1;1;1;1;1;;;+11040658;+1999518;0;0
511;21;893;P;1;12;;196;101;;4;;;892;1;1;1;1;1;1;;;+11033011;+2006183;0;1
511;21;894;P;1;11;;196;197;;4;;;892;1;1;1;1;1;1;;;+11033003;+2006557;0;1
511;21;895;P;1;12;;196;180;;4;;;892;1;1;1;1;1;1;;;+11033000;+2006826;0;1
511;21;882;P;1;11;;197;196;;4;;;881;1;1;1;1;1;1;;;+11033003;+2006557;0;1
511;21;883;P;1;12;;197;182;;4;;;881;1;1;1;1;1;1;;;+11033717;+2006659;0;1
511;21;6536;P;1;10;;284;289;;5;;;6535;1;1;1;1;1;1;;;+10949422;+1825980;0;1
511;21;6537;P;1;10;;284;308;;5;;;6535;1;1;1;1;1;1;;;+10949729;+1826213;0;1
511;21;6538;P;1;10;;284;281;;5;;;6535;1;1;1;1;1;1;;;+10949921;+1826377;0;1
511;21;6539;P;1;10;;284;282;;5;;;6535;1;1;1;1;1;1;;;+10950360;+1826747;0;1
511;21;6540;P;1;10;;284;278;;5;;;6535;1;1;1;1;1;1;;;+10951305;+1827545;0;1
511;21;6541;P;1;12;;284;303;;5;;;6535;1;1;1;1;1;1;;;+10954135;+1829215;0;0
511;21;6542;P;1;12;;284;283;;5;;;6535;1;1;1;1;1;1;;;+10954935;+1829033;0;0
511;21;6543;P;1;8;;284;287;;5;;;6535;1;1;1;1;1;1;;;+10958573;+1828084;0;0
511;21;6591;P;1;13;;285;336;;5;;;6590;1;1;1;1;1;1;;;+10951427;+1826855;0;1
511;21;6592;P;1;12;;285;278;;5;;;6590;1;1;1;1;1;1;;;+10951696;+1827112;0;1
511;21;535;P;1;12;;44;31;;4;;;534;1;1;1;1;1;1;;;+11026642;+1999629;0;1
511;21;536;P;1;11;;44;77;;4;;;534;1;1;1;1;1;1;;;+11026640;+2000346;0;1
511;21;537;P;1;10;;44;56;;4;;;534;1;1;1;1;1;1;;;+11026638;+2001166;0;1
511;21;554;P;1;11;;44;73;;4;;;534;1;1;1;1;1;1;;;+11026635;+2001555;0;1
511;21;538;P;1;12;;44;75;;4;;;534;1;1;1;1;1;1;;;+11026633;+2001937;0;1
511;21;539;P;1;10;;44;35;;4;;;534;1;1;1;1;1;1;;;+11026632;+2002300;0;1
511;21;6488;P;1;12;;294;289;;5;;;6487;1;1;1;1;1;1;;;+10949148;+1826245;0;1
511;21;6489;P;1;11;;294;307;;5;;;6487;1;1;1;1;1;1;;;+10949463;+1826549;0;1
511;21;6490;P;1;10;;294;281;;5;;;6487;1;1;1;1;1;1;;;+10949600;+1826689;0;1
511;21;6652;P;1;12;;351;347;;5;;;6651;1;1;1;1;1;1;;;+10950753;+1822611;0;1
511;21;6653;P;1;12;;351;353;;5;;;6651;1;1;1;1;1;1;;;+10951063;+1822189;0;1
511;21;6654;P;1;12;;351;352;;5;;;6651;1;1;1;1;1;1;;;+10951220;+1822432;0;1
511;21;6562;P;1;11;;287;282;;5;;;6561;1;1;1;1;1;1;;;+10951235;+1823453;0;1
511;21;6563;P;1;12;;287;304;;5;;;6561;1;1;1;1;1;1;;;+10951492;+1823348;0;1
511;21;6564;P;1;10;;287;278;;5;;;6561;1;1;1;1;1;1;;;+10951933;+1823177;0;1
511;21;6565;P;1;10;;287;327;;5;;;6561;1;1;1;1;1;1;;;+10951987;+1822607;0;1
511;21;6566;P;1;12;;287;328;;5;;;6561;1;1;1;1;1;1;;;+10952375;+1822433;0;1
511;21;6567;P;1;12;;287;329;;5;;;6561;1;1;1;1;1;1;;;+10955682;+1824012;0;0
511;21;6568;P;1;12;;287;330;;5;;;6561;1;1;1;1;1;1;;;+10957298;+1826854;0;0
511;21;6569;P;1;8;;287;284;;5;;;6561;1;1;1;1;1;1;;;+10958573;+1828084;0;0
511;21;1051;P;1;12;;225;99;;4;;;1050;1;1;1;1;1;1;;;+11032680;+2003076;0;1
511;21;1052;P;1;12;;225;53;;4;;;1050;1;1;1;1;1;1;;;+11033513;+2003421;0;1
511;21;959;P;1;10;;49;35;;4;;;958;1;1;1;1;1;1;;;+11031164;+2002799;0;1
511;21;960;P;1;11;;49;212;;4;;;958;1;1;1;1;1;1;;;+11030957;+2003081;0;1
511;21;961;P;1;12;;49;214;;4;;;958;1;1;1;1;1;1;;;+11030857;+2003430;0;1
511;21;1006;P;1;10;;50;223;;4;;;1005;1;1;1;1;1;1;;;+11032093;+2002190;0;1
511;21;1007;P;1;10;;50;224;;4;;;1005;1;1;1;1;1;1;;;+11032015;+2002575;0;1
511;21;1008;P;1;10;;50;221;;4;;;1005;1;1;1;1;1;1;;;+11032004;+2002984;0;1
511;21;1009;P;1;10;;50;35;;4;;;1005;1;1;1;1;1;1;;;+11031892;+2003220;0;1
511;21;6688;P;1;12;;275;290;;5;;;6687;1;1;1;1;1;1;;;+10937484;+1828936;0;0
511;21;6689;P;1;3;;275;267;;5;;;6687;1;1;1;1;1;1;;;+10937794;+1829543;0;0
511;21;405;P;1;10;;32;31;;4;;;404;1;1;1;1;1;1;;;+11017759;+1998493;0;0
511;21;406;P;1;10;;32;267;;4;;;404;1;1;1;1;1;1;;;+11016914;+2000312;0;0
511;21;407;P;1;12;;32;34;;4;;;404;1;1;1;1;1;1;;;+11016794;+2002638;0;0
511;21;408;P;1;10;;32;35;;4;;;404;1;1;1;1;1;1;;;+11017330;+2005408;0;0
511;21;457;P;1;12;;62;63;;4;;;456;1;1;1;1;1;1;;;+11016324;+2002812;0;0
511;21;458;P;1;12;;62;32;;4;;;456;1;1;1;1;1;1;;;+11016838;+2002783;0;0
511;21;453;P;1;12;;34;62;;4;;;452;1;1;1;1;1;1;;;+11016324;+2002812;0;0
511;21;454;P;1;12;;34;63;;4;;;452;1;1;1;1;1;1;;;+11016318;+2002659;0;0
511;21;455;P;1;12;;34;32;;4;;;452;1;1;1;1;1;1;;;+11016794;+2002638;0;0
511;21;1147;P;1;12;;247;107;;4;;;1146;1;1;1;1;1;1;;;+11037706;+2001029;0;1
511;21;1148;P;1;13;;247;151;;4;;;1146;1;1;1;1;1;1;;;+11037466;+2001183;0;1
511;21;694;P;1;10;;123;122;;4;;;693;1;1;1;1;1;1;;;+11035741;+1999717;0;1
511;21;695;P;1;8;;123;124;;4;;;693;1;1;1;1;1;1;;;+11035487;+2000339;0;1
511;21;690;P;1;10;;105;87;;4;;;689;1;1;1;1;1;1;;;+11036196;+1997837;0;0
511;21;691;P;1;10;;105;24;;4;;;689;1;1;1;1;1;1;;;+11036199;+1998841;0;1
511;21;692;P;1;10;;105;122;;4;;;689;1;1;1;1;1;1;;;+11035741;+1999717;0;1
511;21;686;P;1;11;;110;121;;4;;;685;1;1;1;1;1;1;;;+11035149;+1999387;0;1
511;21;687;P;1;12;;110;122;;4;;;685;1;1;1;1;1;1;;;+11035151;+1999538;0;1
511;21;688;P;1;10;;110;109;;4;;;685;1;1;1;1;1;1;;;+11034946;+2000443;0;1
511;21;950;P;1;10;;211;47;;4;;;949;1;1;1;1;1;1;;;+11029954;+2002257;0;1
511;21;951;P;1;8;;211;210;;4;;;949;1;1;1;1;1;1;;;+11029869;+2002549;0;1
511;21;952;P;1;11;;211;207;;4;;;949;1;1;1;1;1;1;;;+11029804;+2002771;0;1
511;21;953;P;1;12;;211;213;;4;;;949;1;1;1;1;1;1;;;+11029733;+2003037;0;1
