CID;TABCD;LCD;CLASS;TCD;STCD;ROADNUMBER;RNID;N1ID;N2ID;POL_LCD;PES_LEV
511;21;6549;L;1;4;;320;315;321;5;
511;21;563;L;1;2;G224;363;86;87;4;
511;21;6404;L;1;2;G225;267;274;278;5;
511;21;429;L;1;2;G225;267;249;41;4;
511;21;746;L;1;3;S201;140;138;141;4;
511;21;6401;L;1;3;S314;274;267;261;5;
511;21;64;L;1;1;S82;15;261;23;4;
511;21;6574;L;1;4;X820;269;283;332;5;
511;21;6453;L;1;4;X827;268;278;261;5;
511;21;759;L;1;3;;30;25;149;4;
511;21;813;L;1;4;;157;159;107;4;
511;21;809;L;1;4;;129;127;159;4;
511;21;855;L;1;4;;181;177;51;4;
511;21;409;L;1;4;;35;36;53;4;
511;21;776;L;1;4;;107;106;157;4;
511;21;970;L;1;4;;133;91;35;4;
511;21;1027;L;1;4;;90;13;97;4;
511;21;1152;L;1;4;;162;235;160;4;
511;21;1075;L;1;4;;235;98;162;4;
511;21;674;L;1;4;;120;31;97;4;
511;21;631;L;1;4;;102;87;113;4;
511;21;493;L;1;4;;68;69;40;4;
511;21;485;L;1;4;;67;69;40;4;
511;21;472;L;1;4;;66;65;40;4;
511;21;476;L;1;4;;37;65;35;4;
511;21;462;L;1;4;;40;267;35;4;
511;21;502;L;1;4;;39;66;35;4;
511;21;497;L;1;4;;38;65;35;4;
511;21;489;L;1;4;;71;37;69;4;
511;21;481;L;1;4;;70;37;69;4;
511;21;468;L;1;4;;65;37;66;4;
511;21;784;L;1;4;;160;53;157;4;
511;21;459;L;1;4;;64;267;65;4;
511;21;555;L;1;4;;75;41;44;4;
511;21;529;L;1;4;;43;56;35;4;
511;21;678;L;1;4;;104;87;112;4;
511;21;634;L;1;4;;95;113;14;4;
511;21;507;L;1;4;;41;267;35;4;
511;21;6597;L;1;4;;337;338;278;5;
511;21;6593;L;1;4;;337;304;278;5;
511;21;801;L;1;4;;167;135;53;4;
511;21;1097;L;1;4;;241;135;165;4;
511;21;1111;L;1;4;;153;243;135;4;
511;21;806;L;1;4;;136;98;167;4;
511;21;681;L;1;4;;112;94;121;4;
511;21;1115;L;1;4;;244;14;243;4;
511;21;603;L;1;4;;51;35;101;4;
511;21;1065;L;1;4;;234;233;235;4;
511;21;933;L;1;4;;209;35;207;4;
511;21;911;L;1;4;;203;201;52;4;
511;21;6410;L;1;3;;278;279;287;5;
511;21;625;L;1;4;;24;112;107;4;
511;21;6446;L;1;4;;277;289;267;5;
511;21;622;L;1;4;;94;14;112;4;
511;21;516;L;1;4;;76;31;42;4;
511;21;6616;L;1;4;;343;344;306;5;
511;21;6623;L;1;4;;306;282;343;5;
511;21;6613;L;1;4;;342;305;343;5;
511;21;907;L;1;4;;201;35;203;4;
511;21;702;L;1;4;;125;122;111;4;
511;21;1155;L;1;4;;248;111;107;4;
511;21;699;L;1;4;;122;110;105;4;
511;21;6521;L;1;4;;296;289;281;5;
511;21;1062;L;1;4;;232;167;233;4;
511;21;756;L;1;4;;145;139;146;4;
511;21;1010;L;1;4;;224;223;99;4;
511;21;1015;L;1;4;;222;224;35;4;
511;21;763;L;1;4;;128;149;14;4;
511;21;1047;L;1;4;;96;97;14;4;
511;21;851;L;1;4;;177;182;181;4;
511;21;899;L;1;4;;180;196;181;4;
511;21;904;L;1;4;;200;180;181;4;
511;21;896;L;1;4;;186;181;180;4;
511;21;866;L;1;4;;178;182;189;4;
511;21;841;L;1;4;;179;176;251;4;
511;21;831;L;1;4;;101;181;182;4;
511;21;835;L;1;4;;183;182;179;4;
511;21;711;L;1;4;;127;111;98;4;
511;21;1122;L;1;4;;245;127;242;4;
511;21;1106;L;1;4;;130;127;238;4;
511;21;573;L;1;4;;45;56;35;4;
511;21;6422;L;1;4;;288;289;278;5;
511;21;6665;L;1;4;;355;356;287;5;
511;21;1023;L;1;4;;59;31;91;4;
511;21;67;L;1;1;S81;21;261;24;4;
511;21;51;L;1;1;G98;261;267;254;4;
511;21;6051;L;1;1;G98;261;262;273;5;
511;21;436;L;1;2;G225;56;41;45;4;
511;21;70;L;1;1;S11;25;255;30;4;
511;21;728;L;1;4;;98;14;127;4;
511;21;718;L;1;4;;132;45;91;4;
511;21;721;L;1;4;;91;13;98;4;
511;21;739;L;1;2;G223;23;137;106;4;
511;21;566;L;1;2;G224;88;87;58;4;
511;21;6661;L;1;4;;328;327;287;5;
511;21;670;L;1;4;;119;31;120;4;
511;21;820;L;1;4;;171;170;176;4;
511;21;824;L;1;4;;176;163;181;4;
511;21;6634;L;1;4;;300;346;281;5;
511;21;6638;L;1;4;;311;281;302;5;
511;21;816;L;1;4;;131;165;170;4;
511;21;511;L;1;4;;74;56;35;4;
511;21;618;L;1;2;G223;109;14;111;4;
511;21;944;L;1;4;;207;46;48;4;
511;21;6552;L;1;4;;322;321;261;5;
511;21;1118;L;1;4;;243;244;109;4;
511;21;749;L;1;3;;143;137;140;4;
511;21;6504;L;1;4;;295;289;302;5;
511;21;6570;L;1;2;G224;321;287;261;5;
511;21;6525;L;1;4;;301;312;281;5;
511;21;696;L;1;4;;124;123;109;4;
511;21;1059;L;1;4;;231;161;162;4;
511;21;6456;L;1;2;G224;281;278;302;5;
511;21;1056;L;1;4;;230;167;161;4;
511;21;1041;L;1;4;;229;97;227;4;
511;21;6468;L;1;4;;292;289;283;5;
511;21;1036;L;1;4;;227;226;91;4;
511;21;666;L;1;4;;116;60;119;4;
511;21;1032;L;1;4;;226;59;228;4;
511;21;988;L;1;4;;223;219;53;4;
511;21;984;L;1;4;;221;220;50;4;
511;21;962;L;1;4;;215;216;217;4;
511;21;981;L;1;4;;219;218;220;4;
511;21;650;L;1;4;;60;114;90;4;
511;21;645;L;1;4;;114;256;113;4;
511;21;655;L;1;4;;61;117;31;4;
511;21;1044;L;1;4;;118;134;97;4;
511;21;525;L;1;4;;80;31;43;4;
511;21;520;L;1;4;;42;56;35;4;
511;21;1100;L;1;4;;135;98;130;4;
511;21;928;L;1;4;;46;35;208;4;
511;21;6473;L;1;4;;283;278;284;5;
511;21;6600;L;1;4;;304;282;287;5;
511;21;6626;L;1;4;;340;306;304;5;
511;21;753;L;1;4;;139;138;145;4;
511;21;1053;L;1;4;;168;53;167;4;
511;21;993;L;1;4;;53;91;35;4;
511;21;599;L;1;4;;99;98;51;4;
511;21;590;L;1;4;;14;93;98;4;
511;21;6681;L;1;4;;348;360;347;5;
511;21;6676;L;1;4;;358;348;327;5;
511;21;6684;L;1;4;;362;358;354;5;
511;21;6655;L;1;4;;327;347;287;5;
511;21;6673;L;1;4;;349;358;354;5;
511;21;548;L;1;4;;73;41;44;4;
511;21;1130;L;1;4;;239;150;107;4;
511;21;1125;L;1;4;;150;242;128;4;
511;21;1133;L;1;4;;238;151;237;4;
511;21;941;L;1;4;;212;48;49;4;
511;21;937;L;1;4;;210;209;48;4;
511;21;1019;L;1;4;;220;224;49;4;
511;21;6641;L;1;4;;347;348;287;5;
511;21;442;L;1;3;;31;55;14;4;
511;21;659;L;1;4;;97;61;14;4;
511;21;641;L;1;4;;113;102;31;4;
511;21;1001;L;1;4;;134;118;223;4;
511;21;1090;L;1;4;;237;129;239;4;
511;21;771;L;1;4;;108;106;252;4;
511;21;742;L;1;4;;138;23;140;4;
511;21;707;L;1;2;G223;111;24;109;4;
511;21;838;L;1;3;;149;30;128;4;
511;21;576;L;1;4;;13;261;46;4;
511;21;587;L;1;4;;92;45;13;4;
511;21;1138;L;1;4;;242;128;246;4;
511;21;845;L;1;4;;182;160;180;4;
511;21;6607;L;1;4;;339;286;304;5;
511;21;6558;L;1;2;G224;326;302;287;5;
511;21;6478;L;1;4;;282;278;287;5;
511;21;6509;L;1;4;;302;295;281;5;
511;21;6426;L;1;4;;289;290;296;5;
511;21;6610;L;1;4;;341;286;305;5;
511;21;6620;L;1;4;;305;282;304;5;
511;21;6516;L;1;4;;312;286;301;5;
511;21;560;L;1;4;;84;9;31;4;
511;21;884;L;1;4;;187;101;181;4;
511;21;918;L;1;4;;202;201;205;4;
511;21;954;L;1;4;;48;35;207;4;
511;21;967;L;1;4;;218;217;48;4;
511;21;401;L;1;4;;8;261;31;4;
511;21;921;L;1;4;;205;202;204;4;
511;21;924;L;1;4;;204;35;203;4;
511;21;6439;L;1;4;;276;289;267;5;
511;21;6498;L;1;4;;308;307;284;5;
511;21;6491;L;1;4;;307;292;286;5;
511;21;6501;L;1;4;;309;284;295;5;
511;21;888;L;1;4;;194;101;181;4;
511;21;876;L;1;4;;188;181;196;4;
511;21;978;L;1;4;;217;47;215;4;
511;21;974;L;1;4;;47;35;217;4;
511;21;1086;L;1;4;;159;170;107;4;
511;21;6629;L;1;4;;310;302;345;5;
511;21;1080;L;1;4;;236;233;235;4;
511;21;1083;L;1;4;;170;236;131;4;
511;21;1149;L;1;4;;151;247;128;4;
511;21;797;L;1;4;;165;135;98;4;
511;21;793;L;1;4;;152;164;135;4;
511;21;1094;L;1;4;;240;97;135;4;
511;21;6669;L;1;4;;354;357;327;5;
511;21;870;L;1;4;;190;157;191;4;
511;21;873;L;1;4;;193;190;179;4;
511;21;6690;L;1;4;;290;289;288;5;
511;21;733;L;1;2;G223;106;111;23;4;
511;21;6528;L;1;4;;286;289;278;5;
511;21;915;L;1;4;;52;35;203;4;
511;21;1072;L;1;4;;161;230;160;4;
511;21;1068;L;1;4;;233;232;161;4;
511;21;6587;L;1;4;;336;284;285;5;
511;21;1143;L;1;4;;126;248;128;4;
511;21;543;L;1;4;;77;76;44;4;
511;21;584;L;1;4;;89;58;13;4;
511;21;569;L;1;2;G224;58;31;45;4;
511;21;638;L;1;4;;303;87;95;4;
511;21;6579;L;1;4;;303;284;333;5;
511;21;6584;L;1;4;;335;303;269;5;
511;21;790;L;1;4;;164;127;152;4;
511;21;6544;L;1;3;;314;287;316;5;
511;21;607;L;1;4;;87;88;108;4;
511;21;892;L;1;4;;196;101;180;4;
511;21;881;L;1;4;;197;196;182;4;
511;21;6535;L;1;2;G223;284;289;287;5;
511;21;6590;L;1;4;;285;336;278;5;
511;21;534;L;1;4;;44;31;35;4;
511;21;6487;L;1;4;;294;289;281;5;
511;21;6651;L;1;4;;351;347;352;5;
511;21;6561;L;1;2;G224;287;282;284;5;
511;21;1050;L;1;4;;225;99;53;4;
511;21;958;L;1;4;;49;35;214;4;
511;21;1005;L;1;4;;50;223;35;4;
511;21;6687;L;1;4;;275;290;267;5;
511;21;404;L;1;4;;32;31;35;4;
511;21;456;L;1;4;;62;63;32;4;
511;21;452;L;1;4;;34;62;32;4;
511;21;1146;L;1;4;;247;107;151;4;
511;21;693;L;1;4;;123;122;124;4;
511;21;689;L;1;4;;105;87;122;4;
511;21;685;L;1;4;;110;121;109;4;
511;21;949;L;1;4;;211;47;213;4;
