CID;TABCD;LCD;INT_CID;INT_TABCD;INT_LCD
517;27;6052;517;27;12057
517;27;12057;517;27;6052
517;27;490;517;27;621
517;27;621;517;27;623
517;27;623;517;27;1008
517;27;1008;517;27;490
517;27;69;517;27;624
517;27;624;517;27;69
517;27;466;517;27;618
517;27;618;517;27;620
517;27;620;517;27;931
517;27;931;517;27;466
517;27;403;517;27;405
517;27;405;517;27;403
517;27;1274;517;27;1275
517;27;1275;517;27;1274
517;27;471;517;27;473
517;27;473;517;27;493
517;27;493;517;27;533
517;27;533;517;27;1011
517;27;1011;517;27;1041
517;27;1041;517;27;471
517;27;1210;517;27;1211
517;27;1211;517;27;1210
517;27;467;517;27;750
517;27;750;517;27;752
517;27;752;517;27;467
517;27;428;517;27;430
517;27;430;517;27;468
517;27;468;517;27;470
517;27;470;517;27;428
517;27;407;517;27;409
517;27;409;517;27;506
517;27;506;517;27;1018
517;27;1018;517;27;407
517;27;410;517;27;868
517;27;868;517;27;410
517;27;411;517;27;413
517;27;413;517;27;674
517;27;674;517;27;411
517;27;417;517;27;419
517;27;419;517;27;772
517;27;772;517;27;810
517;27;810;517;27;417
517;27;610;517;27;612
517;27;612;517;27;806
517;27;806;517;27;610
517;27;613;517;27;801
517;27;801;517;27;613
517;27;614;517;27;824
517;27;824;517;27;614
517;27;615;517;27;742
517;27;742;517;27;615
517;27;758;517;27;1106
517;27;1106;517;27;758
517;27;422;517;27;616
517;27;616;517;27;422
517;27;617;517;27;764
517;27;764;517;27;766
517;27;766;517;27;617
517;27;1252;517;27;1412
517;27;1412;517;27;1252
517;27;406;517;27;865
517;27;865;517;27;406
517;27;628;517;27;1114
517;27;1114;517;27;628
517;27;421;517;27;456
517;27;456;517;27;421
517;27;423;517;27;746
517;27;746;517;27;748
517;27;748;517;27;423
517;27;424;517;27;426
517;27;426;517;27;852
517;27;852;517;27;424
517;27;571;517;27;574
517;27;574;517;27;571
517;27;420;517;27;893
517;27;893;517;27;420
517;27;577;517;27;579
517;27;579;517;27;687
517;27;687;517;27;577
517;27;580;517;27;690
517;27;690;517;27;580
517;27;483;517;27;485
517;27;485;517;27;581
517;27;581;517;27;483
517;27;582;517;27;699
517;27;699;517;27;582
517;27;583;517;27;725
517;27;725;517;27;583
517;27;464;517;27;1025
517;27;1025;517;27;464
517;27;584;517;27;812
517;27;812;517;27;584
517;27;575;517;27;692
517;27;692;517;27;575
517;27;535;517;27;682
517;27;682;517;27;1076
517;27;1076;517;27;535
517;27;536;517;27;627
517;27;627;517;27;536
517;27;538;517;27;1083
517;27;1083;517;27;538
517;27;1400;517;27;1409
517;27;1409;517;27;1400
517;27;448;517;27;539
517;27;539;517;27;448
517;27;1402;517;27;1410
517;27;1410;517;27;1402
517;27;1089;517;27;1411
517;27;1411;517;27;1089
517;27;541;517;27;870
517;27;870;517;27;874
517;27;874;517;27;541
517;27;543;517;27;872
517;27;872;517;27;543
517;27;544;517;27;859
517;27;859;517;27;544
517;27;545;517;27;547
517;27;547;517;27;545
517;27;460;517;27;462
517;27;462;517;27;671
517;27;671;517;27;460
517;27;463;517;27;729
517;27;729;517;27;463
517;27;465;517;27;818
517;27;818;517;27;465
517;27;559;517;27;664
517;27;664;517;27;559
517;27;609;517;27;838
517;27;838;517;27;609
517;27;455;517;27;738
517;27;738;517;27;740
517;27;740;517;27;455
517;27;741;517;27;822
517;27;822;517;27;741
517;27;743;517;27;745
517;27;745;517;27;783
517;27;783;517;27;743
517;27;435;517;27;437
517;27;437;517;27;435
517;27;512;517;27;1015
517;27;1015;517;27;1032
517;27;1032;517;27;512
517;27;513;517;27;592
517;27;592;517;27;594
517;27;594;517;27;1204
517;27;1204;517;27;513
517;27;514;517;27;516
517;27;516;517;27;514
517;27;452;517;27;454
517;27;454;517;27;638
517;27;638;517;27;452
517;27;804;517;27;1033
517;27;1033;517;27;804
517;27;1105;517;27;1216
517;27;1216;517;27;1105
517;27;449;517;27;451
517;27;451;517;27;558
517;27;558;517;27;449
517;27;440;517;27;442
517;27;442;517;27;440
517;27;443;517;27;866
517;27;866;517;27;443
517;27;444;517;27;507
517;27;507;517;27;444
517;27;445;517;27;869
517;27;869;517;27;445
517;27;446;517;27;677
517;27;677;517;27;679
517;27;679;517;27;446
517;27;447;517;27;1086
517;27;1086;517;27;1088
517;27;1088;517;27;447
517;27;813;517;27;1213
517;27;1213;517;27;1401
517;27;1401;517;27;813
517;27;438;517;27;861
517;27;861;517;27;438
517;27;759;517;27;1189
517;27;1189;517;27;759
517;27;439;517;27;495
517;27;495;517;27;1415
517;27;1415;517;27;439
517;27;100;517;27;650
517;27;650;517;27;1353
517;27;1353;517;27;100
517;27;90;517;27;101
517;27;101;517;27;90
517;27;107;517;27;113
517;27;113;517;27;107
517;27;70;517;27;92
517;27;92;517;27;70
517;27;65;517;27;98
517;27;98;517;27;65
517;27;88;517;27;93
517;27;93;517;27;88
517;27;60;517;27;458
517;27;458;517;27;60
517;27;499;517;27;1232
517;27;1232;517;27;499
517;27;496;517;27;858
517;27;858;517;27;496
517;27;833;517;27;1195
517;27;1195;517;27;833
517;27;497;517;27;548
517;27;548;517;27;497
517;27;820;517;27;1052
517;27;1052;517;27;820
517;27;857;517;27;862
517;27;862;517;27;857
517;27;1051;517;27;1193
517;27;1193;517;27;1051
517;27;557;517;27;637
517;27;637;517;27;785
517;27;785;517;27;557
517;27;639;517;27;779
517;27;779;517;27;639
517;27;520;517;27;640
517;27;640;517;27;520
517;27;641;517;27;847
517;27;847;517;27;641
517;27;642;517;27;895
517;27;895;517;27;642
517;27;598;517;27;600
517;27;600;517;27;643
517;27;643;517;27;598
517;27;644;517;27;907
517;27;907;517;27;644
517;27;645;517;27;916
517;27;916;517;27;918
517;27;918;517;27;645
517;27;646;517;27;928
517;27;928;517;27;646
517;27;505;517;27;528
517;27;528;517;27;530
517;27;530;517;27;647
517;27;647;517;27;1038
517;27;1038;517;27;505
517;27;982;517;27;984
517;27;984;517;27;1042
517;27;1042;517;27;982
517;27;648;517;27;989
517;27;989;517;27;1161
517;27;1161;517;27;648
517;27;649;517;27;891
517;27;891;517;27;1416
517;27;1416;517;27;649
517;27;560;517;27;586
517;27;586;517;27;589
517;27;589;517;27;560
517;27;1045;517;27;1209
517;27;1209;517;27;1045
517;27;1075;517;27;1079
517;27;1079;517;27;1390
517;27;1390;517;27;1075
517;27;480;517;27;482
517;27;482;517;27;670
517;27;670;517;27;998
517;27;998;517;27;1279
517;27;1279;517;27;480
517;27;510;517;27;668
517;27;668;517;27;510
517;27;815;517;27;1082
517;27;1082;517;27;815
517;27;1293;517;27;1391
517;27;1391;517;27;1392
517;27;1392;517;27;1293
517;27;666;517;27;996
517;27;996;517;27;666
517;27;667;517;27;684
517;27;684;517;27;667
517;27;1394;517;27;1395
517;27;1395;517;27;1394
517;27;431;517;27;492
517;27;492;517;27;1010
517;27;1010;517;27;431
517;27;735;517;27;737
517;27;737;517;27;1109
517;27;1109;517;27;735
517;27;1288;517;27;1290
517;27;1290;517;27;1288
517;27;459;517;27;502
517;27;502;517;27;504
517;27;504;517;27;1017
517;27;1017;517;27;459
517;27;508;517;27;873
517;27;873;517;27;1022
517;27;1022;517;27;508
517;27;509;517;27;524
517;27;524;517;27;509
517;27;760;517;27;762
517;27;762;517;27;811
517;27;811;517;27;760
517;27;556;517;27;606
517;27;606;517;27;770
517;27;770;517;27;556
517;27;731;517;27;771
517;27;771;517;27;731
517;27;1101;517;27;1212
517;27;1212;517;27;1101
517;27;491;517;27;753
517;27;753;517;27;1009
517;27;1009;517;27;491
517;27;749;517;27;767
517;27;767;517;27;749
517;27;704;517;27;1005
517;27;1005;517;27;704
517;27;706;517;27;722
517;27;722;517;27;706
517;27;707;517;27;1064
517;27;1064;517;27;707
517;27;601;517;27;959
517;27;959;517;27;601
517;27;602;517;27;975
517;27;975;517;27;602
517;27;603;517;27;660
517;27;660;517;27;1418
517;27;1418;517;27;603
517;27;1235;517;27;1280
517;27;1280;517;27;1235
517;27;1124;517;27;1214
517;27;1214;517;27;1124
517;27;896;517;27;900
517;27;900;517;27;896
517;27;659;517;27;897
517;27;897;517;27;659
517;27;829;517;27;831
517;27;831;517;27;829
517;27;1143;517;27;1215
517;27;1215;517;27;1143
517;27;1141;517;27;1144
517;27;1144;517;27;1141
517;27;657;517;27;1145
517;27;1145;517;27;657
517;27;655;517;27;658
517;27;658;517;27;655
517;27;661;517;27;921
517;27;921;517;27;661
517;27;662;517;27;973
517;27;973;517;27;662
517;27;531;517;27;663
517;27;663;517;27;1039
517;27;1039;517;27;531
517;27;1046;517;27;1048
517;27;1048;517;27;1046
517;27;1047;517;27;1406
517;27;1406;517;27;1047
517;27;714;517;27;1071
517;27;1071;517;27;714
517;27;814;517;27;1085
517;27;1085;517;27;814
517;27;1117;517;27;1217
517;27;1217;517;27;1117
517;27;786;517;27;789
517;27;789;517;27;786
517;27;1190;517;27;1227
517;27;1227;517;27;1190
517;27;1191;517;27;1194
517;27;1194;517;27;1191
517;27;479;517;27;683
517;27;683;517;27;997
517;27;997;517;27;1277
517;27;1277;517;27;479
517;27;780;517;27;807
517;27;807;517;27;808
517;27;808;517;27;780
517;27;521;517;27;652
517;27;652;517;27;521
517;27;1127;517;27;1218
517;27;1218;517;27;1127
517;27;653;517;27;848
517;27;848;517;27;850
517;27;850;517;27;653
517;27;1132;517;27;1219
517;27;1219;517;27;1132
517;27;654;517;27;899
517;27;899;517;27;654
517;27;1281;517;27;1284
517;27;1284;517;27;1281
517;27;1065;517;27;1072
517;27;1072;517;27;1065
517;27;1069;517;27;1073
517;27;1073;517;27;1069
517;27;887;517;27;1182
517;27;1182;517;27;887
517;27;892;517;27;992
517;27;992;517;27;892
517;27;1319;517;27;1321
517;27;1321;517;27;1319
517;27;1322;517;27;1324
517;27;1324;517;27;1322
517;27;911;517;27;1184
517;27;1184;517;27;911
517;27;1172;517;27;1185
517;27;1185;517;27;1172
517;27;1180;517;27;1186
517;27;1186;517;27;1180
517;27;993;517;27;1187
517;27;1187;517;27;993
517;27;985;517;27;1158
517;27;1158;517;27;985
517;27;1049;517;27;1220
517;27;1220;517;27;1049
517;27;991;517;27;1040
517;27;1040;517;27;991
517;27;562;517;27;1203
517;27;1203;517;27;562
517;27;1063;517;27;1230
517;27;1230;517;27;1063
517;27;1287;517;27;1396
517;27;1396;517;27;1287
517;27;526;517;27;716
517;27;716;517;27;526
517;27;488;517;27;1056
517;27;1056;517;27;488
517;27;1003;517;27;1058
517;27;1058;517;27;1003
517;27;718;517;27;1060
517;27;1060;517;27;718
517;27;694;517;27;1002
517;27;1002;517;27;694
517;27;696;517;27;717
517;27;717;517;27;696
517;27;1123;517;27;1131
517;27;1131;517;27;1123
517;27;1133;517;27;1138
517;27;1138;517;27;1140
517;27;1140;517;27;1133
517;27;797;517;27;805
517;27;805;517;27;797
517;27;800;517;27;1221
517;27;1221;517;27;800
517;27;793;517;27;798
517;27;798;517;27;793
517;27;517;517;27;519
517;27;519;517;27;836
517;27;836;517;27;840
517;27;840;517;27;842
517;27;842;517;27;517
517;27;1120;517;27;1223
517;27;1223;517;27;1120
517;27;1135;517;27;1222
517;27;1222;517;27;1135
517;27;522;517;27;826
517;27;826;517;27;522
517;27;1318;517;27;1327
517;27;1327;517;27;1318
517;27;925;517;27;939
517;27;939;517;27;925
517;27;913;517;27;940
517;27;940;517;27;913
517;27;904;517;27;941
517;27;941;517;27;904
517;27;1050;517;27;1224
517;27;1224;517;27;1050
517;27;597;517;27;942
517;27;942;517;27;597
517;27;1173;517;27;1176
517;27;1176;517;27;1173
517;27;1174;517;27;1181
517;27;1181;517;27;1174
517;27;1148;517;27;1150
517;27;1150;517;27;1228
517;27;1228;517;27;1148
517;27;951;517;27;988
517;27;988;517;27;1168
517;27;1168;517;27;951
517;27;1169;517;27;1177
517;27;1177;517;27;1169
517;27;1165;517;27;1178
517;27;1178;517;27;1165
517;27;768;517;27;1094
517;27;1094;517;27;768
517;27;763;517;27;817
517;27;817;517;27;763
517;27;1102;517;27;1104
517;27;1104;517;27;1113
517;27;1113;517;27;1102
517;27;1110;517;27;1112
517;27;1112;517;27;1110
517;27;905;517;27;944
517;27;944;517;27;905
517;27;914;517;27;945
517;27;945;517;27;914
517;27;926;517;27;946
517;27;946;517;27;926
517;27;527;517;27;949
517;27;949;517;27;1030
517;27;1030;517;27;1236
517;27;1236;517;27;527
517;27;1341;517;27;1343
517;27;1343;517;27;1341
517;27;1335;517;27;1338
517;27;1338;517;27;1335
517;27;980;517;27;1334
517;27;1334;517;27;980
517;27;950;517;27;981
517;27;981;517;27;950
517;27;1147;517;27;1225
517;27;1225;517;27;1147
517;27;908;517;27;960
517;27;960;517;27;962
517;27;962;517;27;908
517;27;1128;517;27;1136
517;27;1136;517;27;1128
517;27;669;517;27;1137
517;27;1137;517;27;669
517;27;434;517;27;550
517;27;550;517;27;434
517;27;551;517;27;686
517;27;686;517;27;551
517;27;552;517;27;689
517;27;689;517;27;552
517;27;555;517;27;756
517;27;756;517;27;555
517;27;561;517;27;774
517;27;774;517;27;561
517;27;563;517;27;568
517;27;568;517;27;1027
517;27;1027;517;27;563
517;27;909;517;27;919
517;27;919;517;27;930
517;27;930;517;27;909
517;27;920;517;27;976
517;27;976;517;27;920
517;27;912;517;27;935
517;27;935;517;27;912
517;27;915;517;27;954
517;27;954;517;27;956
517;27;956;517;27;915
517;27;927;517;27;957
517;27;957;517;27;927
517;27;924;517;27;934
517;27;934;517;27;924
517;27;929;517;27;966
517;27;966;517;27;968
517;27;968;517;27;929
517;27;1153;517;27;1226
517;27;1226;517;27;1153
517;27;969;517;27;971
517;27;971;517;27;969
517;27;903;517;27;936
517;27;936;517;27;903
517;27;906;517;27;953
517;27;953;517;27;906
517;27;933;517;27;1029
517;27;1029;517;27;933
517;27;596;517;27;937
517;27;937;517;27;596
517;27;1159;517;27;1162
517;27;1162;517;27;1159
517;27;1362;517;27;1366
517;27;1366;517;27;1362
517;27;1367;517;27;1370
517;27;1370;517;27;1367
517;27;1356;517;27;1371
517;27;1371;517;27;1356
517;27;1372;517;27;1376
517;27;1376;517;27;1372
517;27;487;517;27;700
517;27;700;517;27;1004
517;27;1004;517;27;487
517;27;719;517;27;721
517;27;721;517;27;1229
517;27;1229;517;27;719
517;27;702;517;27;1068
517;27;1068;517;27;702
517;27;1238;517;27;1239
517;27;1239;517;27;1238
517;27;691;517;27;1055
517;27;1055;517;27;691
517;27;565;517;27;629
517;27;629;517;27;565
517;27;880;517;27;1241
517;27;1241;517;27;880
517;27;566;517;27;877
517;27;877;517;27;566
517;27;567;517;27;1197
517;27;1197;517;27;567
517;27;1380;517;27;1382
517;27;1382;517;27;1380
517;27;730;517;27;757
517;27;757;517;27;730
517;27;726;517;27;1006
517;27;1006;517;27;726
517;27;781;517;27;802
517;27;802;517;27;781
517;27;794;517;27;823
517;27;823;517;27;794
517;27;782;517;27;825
517;27;825;517;27;782
517;27;827;517;27;851
517;27;851;517;27;827
517;27;828;517;27;854
517;27;854;517;27;828
517;27;1095;517;27;1099
517;27;1099;517;27;1095
517;27;1250;517;27;1255
517;27;1255;517;27;1250
517;27;478;517;27;503
517;27;503;517;27;1013
517;27;1013;517;27;1242
517;27;1242;517;27;1254
517;27;1254;517;27;478
517;27;1355;517;27;1363
517;27;1363;517;27;1355
517;27;1364;517;27;1375
517;27;1375;517;27;1364
517;27;1309;517;27;1314
517;27;1314;517;27;1309
517;27;778;517;27;839
517;27;839;517;27;778
517;27;884;517;27;888
517;27;888;517;27;884
517;27;885;517;27;1354
517;27;1354;517;27;885
517;27;633;517;27;878
517;27;878;517;27;1337
517;27;1337;517;27;633
517;27;525;517;27;634
517;27;634;517;27;1028
517;27;1028;517;27;525
517;27;595;517;27;635
517;27;635;517;27;595
517;27;732;517;27;734
517;27;734;517;27;732
517;27;1357;517;27;1383
517;27;1383;517;27;1357
517;27;1377;517;27;1384
517;27;1384;517;27;1377
517;27;1121;517;27;1126
517;27;1126;517;27;1121
517;27;590;517;27;775
517;27;775;517;27;777
517;27;777;517;27;590
517;27;591;517;27;835
517;27;835;517;27;591
517;27;1305;517;27;1308
517;27;1308;517;27;1305
517;27;863;517;27;1098
517;27;1098;517;27;863
517;27;427;517;27;855
517;27;855;517;27;427
517;27;972;517;27;977
517;27;977;517;27;972
517;27;665;517;27;1122
517;27;1122;517;27;665
517;27;843;517;27;846
517;27;846;517;27;843
517;27;489;517;27;819
517;27;819;517;27;1007
517;27;1007;517;27;489
517;27;630;517;27;1154
517;27;1154;517;27;630
517;27;1243;517;27;1405
517;27;1405;517;27;1243
517;27;1261;517;27;1265
517;27;1265;517;27;1261
517;27;1262;517;27;1269
517;27;1269;517;27;1262
517;27;78;517;27;18052
517;27;18052;517;27;78
517;27;127;517;27;128
517;27;128;517;27;127
