CID;LID;NID;NAME;NCOMMENT
517;1;481;亚洲;
517;1;482;中国;
517;1;483;广西壮族自治区;
517;1;882;北海市;
517;1;892;河池市;
517;1;4;南宁市;
517;1;883;钦州市;
517;1;19;安吉大道;
517;1;77;秀厢大道;
517;1;263;兰海高速公路;
517;1;104;友爱北路;
517;1;69;友爱南路;
517;1;36;Ｇ３２２;
517;1;265;Ｘ００３;
517;1;41;Ｘ０２９;
517;1;54;Ｘ００２;
517;1;315;昆仑大道;
517;1;94;厢竹大道;
517;1;267;南宁绕城高速公路;
517;1;274;邕宾路;
517;1;361;松柏路;
517;1;157;明秀东路;
517;1;72;南梧路;
517;1;93;北湖南路;
517;1;58;南建路;
517;1;56;白沙大道;
517;1;452;五一路;
517;1;60;亭洪路;
517;1;71;望州路;
517;1;63;永和路;
517;1;64;北大南路;
517;1;61;永和大桥;
517;1;156;民生路;
517;1;89;明秀西路;
517;1;158;民乐路;
517;1;117;民主路;
517;1;87;人民东路;
517;1;322;华东路;
517;1;65;中华路;
517;1;159;衡阳东路;
517;1;55;友谊路;
517;1;373;那洪大道;
517;1;57;金凯路;
517;1;66;园湖北路;
517;1;321;华强路;
517;1;68;朝阳路;
517;1;70;公园路;
517;1;476;Ｇ３２４（旧）;
517;1;143;大学西路;
517;1;477;板田;
517;1;91;大学东路;
517;1;362;新村大道;
517;1;144;沈阳路;
517;1;363;相思湖西路;
517;1;100;清川大道;
517;1;102;科园大道;
517;1;103;鲁班路;
517;1;29;Ｇ３２４;
517;1;278;鹏飞路;
517;1;279;罗文大道;
517;1;85;江南大道;
517;1;99;定津路;
517;1;381;三叠石路;
517;1;126;五一路北四里;
517;1;127;五一路北二里;
517;1;473;云举路;
517;1;82;星光大道;
517;1;366;桃源大桥;
517;1;84;福居路;
517;1;128;白沙南二里;
517;1;110;亭江路;
517;1;107;金象大道;
517;1;90;新阳路;
517;1;92;秀灵路;
517;1;135;南环路;
517;1;62;江北大道;
517;1;146;七星路;
517;1;163;新民路;
517;1;494;Ｇ３２５;
517;1;272;白沙大桥;
517;1;111;教育路;
517;1;113;双拥路;
517;1;38;民族大道;
517;1;196;新华路;
517;1;86;民权路;
517;1;80;迎凯路;
517;1;83;福建路;
517;1;79;银海大道;
517;1;260;建业路;
517;1;81;建设路;
517;1;340;德政路;
517;1;17;五象大道;
517;1;288;泉南高速公路;
517;1;39;Ｘ０６４;
517;1;40;三岸服务区;
517;1;451;五合互通;
517;1;42;Ｘ０２４;
517;1;43;伶俐服务区;
517;1;895;六钦高速公路南宁段;
517;1;379;景州大道;
517;1;289;广昆高速公路;
517;1;46;Ｘ４８７;
517;1;47;王灵服务区;
517;1;311;南宁绕城高速公路北段;
517;1;393;Ｇ２１０;
517;1;312;南宁绕城高速公路东段;
517;1;313;南宁绕城高速公路南段;
517;1;97;南站大道;
517;1;37;高岭服务区;
517;1;7;南友高速公路;
517;1;314;南宁绕城高速公路西段;
517;1;5;扶绥服务区;
517;1;10;壮锦大道;
517;1;450;保安村;
517;1;286;河州;
517;1;11;Ｘ００１;
517;1;20;都安停车区;
517;1;256;大塘服务区;
517;1;16;东平;
517;1;21;伊岭岩停车区;
517;1;22;Ｙ０５６;
517;1;281;武华大道;
517;1;24;武鸣服务区;
517;1;25;Ｘ０３４;
517;1;26;Ｓ３１４;
517;1;27;马山服务区;
517;1;106;蒲津路;
517;1;453;八鲤路（汉林街）;
517;1;356;新兴街;
517;1;207;东风南路;
517;1;108;银沙大道;
517;1;365;平乐大道;
517;1;134;当阳街;
517;1;116;古城路;
517;1;164;园湖南路;
517;1;165;茶花园路;
517;1;150;滨湖路;
517;1;166;金洲路;
517;1;167;金湖北路;
517;1;168;金浦路;
517;1;119;竹溪大道;
517;1;275;凤翔路;
517;1;225;青秀路;
517;1;169;凤凰岭路;
517;1;136;中山路;
517;1;202;长堽路;
517;1;173;Ｘ０１３;
517;1;309;Ｘ００４;
517;1;417;金鸡路;
517;1;96;沙井大道;
517;1;457;翠湖路;
517;1;98;五一西路;
517;1;385;五一西路北二里;
517;1;75;邕武路;
517;1;294;Ｘ０３７;
517;1;190;人民中路;
517;1;189;解放路;
517;1;415;安吉大道西一里;
517;1;414;秀灵北路;
517;1;345;葫芦鼎大桥;
517;1;112;白沙大道辅路;
517;1;245;白沙小学;
517;1;478;广西社会福利院;
517;1;344;盘岭路;
517;1;433;白云路;
517;1;434;航景巷;
517;1;435;枫林路;
517;1;334;景秀路;
517;1;276;月湾路;
517;1;145;北大北路;
517;1;187;龙腾路;
517;1;320;华西路;
517;1;105;北湖北路;
517;1;191;园艺路;
517;1;182;滨河路;
517;1;177;高新大道;
517;1;179;创新路;
517;1;183;科园东十路;
517;1;428;滨湖北路;
517;1;123;长湖路;
517;1;118;东葛路;
517;1;152;嘉宾路;
517;1;153;祥宾路;
517;1;326;新竹路;
517;1;215;望园路;
517;1;171;长堽路六里;
517;1;205;长堽路三里;
517;1;330;建政东路;
517;1;172;悦宾路;
517;1;277;丰达路;
517;1;310;淡村路;
517;1;308;堤园路;
517;1;124;佛子岭路;
517;1;327;思贤路;
517;1;328;葛村路;
517;1;181;科园东十三路;
517;1;427;凤江路;
517;1;380;燕敦路;
517;1;339;凤岭南路;
517;1;140;英华路;
517;1;162;青环路;
517;1;226;会展路;
517;1;338;桂花路;
517;1;292;铜鼓岭路;
517;1;230;云景路;
517;1;419;南宁市童星幼儿园;
517;1;387;复康路;
517;1;306;心圩路;
517;1;461;高新东三路;
517;1;185;高新七路;
517;1;180;科园西十路;
517;1;305;可利大道;
517;1;184;高新三路;
517;1;101;高新五路;
517;1;200;共和路;
517;1;114;星湖路;
517;1;329;建政路;
517;1;358;广昆高速公路南宁段;
517;1;355;贵港出入口;
517;1;290;隆安服务区;
517;1;31;蝶城路;
517;1;346;Ｘ５１０;
517;1;33;小林停车区;
517;1;34;Ｘ０３６;
517;1;291;坛洛服务区;
517;1;449;坛洛互通;
517;1;49;横县服务区;
517;1;50;Ｘ４７０;
517;1;51;云表停车区;
517;1;52;Ｇ２０９;
517;1;426;圭贝路;
517;1;149;桂春路;
517;1;220;金湖南路;
517;1;217;汇春路;
517;1;336;合作路;
517;1;332;桂景巷;
517;1;337;桂雅路;
517;1;376;中新路;
517;1;335;中柬路;
517;1;195;望州路北二里;
517;1;194;衡阳西路;
517;1;67;地洞口路;
517;1;323;西关路;
517;1;431;会秀路;
517;1;432;竹秀路;
517;1;429;青湖路;
517;1;122;越秀路;
517;1;219;嘉湖巷;
517;1;331;嘉宾路南一里;
517;1;462;石埠中心小学;
517;1;132;江滨路;
517;1;137;植物路;
517;1;479;江北大道至Ｇ３２４（旧）;
517;1;186;人民西路;
517;1;413;贤宾路;
517;1;121;锦春路;
517;1;222;金浦二支路;
517;1;416;同乐路;
517;1;224;金浦路三支路;
517;1;333;怡宾路;
517;1;421;金阳路;
517;1;216;埌西小学;
517;1;218;金洲路南二里;
517;1;442;军堂路;
517;1;436;盘古路;
517;1;437;开泰路;
517;1;445;广西警官高等专科学校仙葫校区;
517;1;446;凤起路;
517;1;209;仙葫大道;
517;1;443;通福路;
517;1;372;科德路;
517;1;875;兰海高速公路北海段;
517;1;881;石滩服务区;
517;1;891;白沙收费站;
517;1;876;铁山服务区;
517;1;877;十字路收费站;
517;1;878;三北高速公路;
517;1;879;石湾服务区;
517;1;880;星岛湖收费站;
517;1;893;兰海高速公路河池段;
517;1;894;Ｇ０５０;
517;1;884;兰海高速公路钦州段;
517;1;885;那丽收费站;
517;1;886;钦州进港一级公路;
517;1;887;金海湾西大道;
517;1;888;钦防高速公路;
517;1;889;黄屋屯服务区;
517;1;890;Ｓ２１８;
517;1;370;荔滨大道;
517;1;109;柳沙路;
517;1;120;青山路;
517;1;341;柳园路;
517;1;389;新兴苑南区;
517;1;896;Ｘ５８１;
517;1;898;Ｓ１０１;
517;1;897;服务区;
517;1;447;龙岗大道;
517;1;438;蓉茉大道;
517;1;463;旦官岭;
517;1;73;望州南路;
517;1;319;明秀路南一里;
517;1;465;明秀小区南区;
517;1;374;那历路;
517;1;318;南宁吴圩国际机场至南友高速公路;
517;1;283;南宁吴圩国际机场;
517;1;235;南站大道辅路;
517;1;423;朋展路;
517;1;425;童心艺术幼儿园;
517;1;213;青林路;
517;1;466;胡屋岭;
517;1;211;青秀山国际高尔夫球会;
517;1;297;苹果园;
517;1;467;五象大道（平乐大道）;
517;1;468;南宁大桥;
517;1;469;青秀山;
517;1;392;清川大道辅路;
517;1;188;永宁街;
517;1;231;沙井大道辅路;
517;1;147;桃源路;
517;1;470;北大桥;
517;1;148;天桃路;
517;1;422;通源路;
517;1;227;文浦路;
517;1;441;彩虹路;
517;1;439;上洲村一队小区;
517;1;440;五合大道;
517;1;262;厢竹大道辅路;
517;1;471;钻石广场;
517;1;418;新阳路南一里;
517;1;480;青山路（南湖隧道）;
517;1;234;秀厢大道辅路;
517;1;420;尧头岭四巷;
517;1;208;雷公塘;
517;1;424;昌洲天然药业公司;
517;1;474;凤岭儿童公园;
517;1;448;越秀立交;
517;1;375;中马路;
517;1;377;中泰路;
517;1;378;中越路;
517;1;258;竹溪大道辅路;
