CID;TABCD;LCD;NEG_OFF_LCD;POS_OFF_LCD
517;27;623;;624
517;27;624;623;
517;27;620;;621
517;27;621;620;
517;27;1043;;403
517;27;403;1043;
517;27;1275;;476
517;27;476;1275;
517;27;473;;474
517;27;474;473;1211
517;27;1211;474;475
517;27;475;1211;1274
517;27;1274;475;
517;27;931;;467
517;27;467;931;468
517;27;468;467;
517;27;409;;410
517;27;410;409;411
517;27;411;410;
517;27;470;;471
517;27;471;470;
517;27;413;;416
517;27;416;413;417
517;27;417;416;
517;27;612;;613
517;27;613;612;614
517;27;614;613;615
517;27;615;614;758
517;27;758;615;616
517;27;616;758;617
517;27;617;616;618
517;27;618;617;
517;27;405;;1412
517;27;1412;405;406
517;27;406;1412;407
517;27;407;406;
517;27;419;;628
517;27;628;419;421
517;27;421;628;422
517;27;422;421;423
517;27;423;422;424
517;27;424;423;
517;27;571;;893
517;27;893;571;572
517;27;572;893;
517;27;579;;580
517;27;580;579;581
517;27;581;580;582
517;27;582;581;583
517;27;583;582;1025
517;27;1025;583;584
517;27;584;1025;
517;27;574;;1036
517;27;1036;574;575
517;27;575;1036;576
517;27;576;575;577
517;27;577;576;
517;27;535;;536
517;27;536;535;537
517;27;537;536;538
517;27;538;537;1409
517;27;1409;538;539
517;27;539;1409;1410
517;27;1410;539;1411
517;27;1411;1410;541
517;27;541;1411;542
517;27;542;541;543
517;27;543;542;544
517;27;544;543;545
517;27;545;544;
517;27;462;;463
517;27;463;462;464
517;27;464;463;465
517;27;465;464;466
517;27;466;465;
517;27;664;;609
517;27;609;664;610
517;27;610;609;
517;27;740;;741
517;27;741;740;742
517;27;742;741;743
517;27;743;742;
517;27;1044;;435
517;27;435;1044;
517;27;512;;513
517;27;513;512;514
517;27;514;513;
517;27;454;;1033
517;27;1033;454;1034
517;27;1034;1033;455
517;27;455;1034;1216
517;27;1216;455;456
517;27;456;1216;
517;27;451;;452
517;27;452;451;
517;27;442;;443
517;27;443;442;444
517;27;444;443;445
517;27;445;444;446
517;27;446;445;447
517;27;447;446;813
517;27;813;447;448
517;27;448;813;449
517;27;449;448;
517;27;437;;1035
517;27;1035;437;438
517;27;438;1035;759
517;27;759;438;439
517;27;439;759;440
517;27;440;439;
517;27;100;;101
517;27;101;100;102
517;27;102;101;103
517;27;103;102;104
517;27;104;103;105
517;27;105;104;128
517;27;128;105;106
517;27;106;128;107
517;27;107;106;108
517;27;108;107;109
517;27;109;108;110
517;27;110;109;111
517;27;111;110;
517;27;92;93;91
517;27;91;92;90
517;27;90;91;66
517;27;66;90;98
517;27;98;66;97
517;27;97;98;96
517;27;96;97;95
517;27;95;96;121
517;27;121;95;94
517;27;94;121;93
517;27;93;94;92
517;27;52;;53
517;27;53;52;57
517;27;57;53;58
517;27;58;57;59
517;27;59;58;60
517;27;60;59;
517;27;62;;63
517;27;63;62;64
517;27;64;63;65
517;27;65;64;
517;27;69;;70
517;27;70;69;71
517;27;71;70;72
517;27;72;71;73
517;27;73;72;74
517;27;74;73;75
517;27;75;74;76
517;27;76;75;77
517;27;77;76;78
517;27;78;77;
517;27;1232;;1233
517;27;1233;1232;1234
517;27;1234;1233;
517;27;495;;496
517;27;496;495;833
517;27;833;496;497
517;27;497;833;820
517;27;820;497;498
517;27;498;820;499
517;27;499;498;
517;27;861;;862
517;27;862;861;1051
517;27;1051;862;
517;27;637;;638
517;27;638;637;639
517;27;639;638;640
517;27;640;639;641
517;27;641;640;642
517;27;642;641;643
517;27;643;642;644
517;27;644;643;645
517;27;645;644;646
517;27;646;645;647
517;27;647;646;1042
517;27;1042;647;648
517;27;648;1042;649
517;27;649;648;650
517;27;650;649;
517;27;586;;587
517;27;587;586;
517;27;1209;;1210
517;27;1210;1209;
517;27;1078;;1079
517;27;1079;1078;
517;27;670;;510
517;27;510;670;671
517;27;671;510;674
517;27;674;671;815
517;27;815;674;677
517;27;677;815;
517;27;1392;;666
517;27;666;1392;667
517;27;667;666;1394
517;27;1394;667;
517;27;430;;431
517;27;431;430;432
517;27;432;431;
517;27;745;;746
517;27;746;745;
517;27;737;;738
517;27;738;737;
517;27;1290;;1291
517;27;1291;1290;
517;27;502;;506
517;27;506;502;507
517;27;507;506;508
517;27;508;507;1032
517;27;1032;508;509
517;27;509;1032;
517;27;1017;;1018
517;27;1018;1017;1019
517;27;1019;1018;
517;27;1021;;1206
517;27;1206;1021;1022
517;27;1022;1206;1015
517;27;1015;1022;
517;27;1346;;1347
517;27;1347;1346;1348
517;27;1348;1347;1349
517;27;1349;1348;1350
517;27;1350;1349;
517;27;810;;811
517;27;811;810;812
517;27;812;811;
517;27;770;;771
517;27;771;770;1212
517;27;1212;771;772
517;27;772;1212;
517;27;752;;753
517;27;753;752;754
517;27;754;753;
517;27;748;;749
517;27;749;748;750
517;27;750;749;
517;27;704;;705
517;27;705;704;706
517;27;706;705;707
517;27;707;706;
517;27;1418;;1235
517;27;1235;1418;
517;27;600;;601
517;27;601;600;602
517;27;602;601;603
517;27;603;602;
517;27;895;;1214
517;27;1214;895;896
517;27;896;1214;897
517;27;897;896;
517;27;831;;1215
517;27;1215;831;832
517;27;832;1215;1045
517;27;1045;832;
517;27;1143;;1144
517;27;1144;1143;1145
517;27;1145;1144;
517;27;657;;658
517;27;658;657;659
517;27;659;658;660
517;27;660;659;661
517;27;661;660;662
517;27;662;661;663
517;27;663;662;1046
517;27;1046;663;1047
517;27;1047;1046;
517;27;713;;714
517;27;714;713;
517;27;1395;;668
517;27;668;1395;
517;27;1085;;1086
517;27;1086;1085;
517;27;785;;1217
517;27;1217;785;786
517;27;786;1217;
517;27;1189;;1190
517;27;1190;1189;1191
517;27;1191;1190;
517;27;1075;;1076
517;27;1076;1075;
517;27;682;;683
517;27;683;682;
517;27;1193;;1194
517;27;1194;1193;1195
517;27;1195;1194;
517;27;808;;652
517;27;652;808;1218
517;27;1218;652;653
517;27;653;1218;1219
517;27;1219;653;654
517;27;654;1219;655
517;27;655;654;1280
517;27;1280;655;1281
517;27;1281;1280;
517;27;1071;;1072
517;27;1072;1071;1073
517;27;1073;1072;
517;27;891;;892
517;27;892;891;
517;27;1321;;1322
517;27;1322;1321;
517;27;1337;;1338
517;27;1338;1337;1184
517;27;1184;1338;1185
517;27;1185;1184;1186
517;27;1186;1185;1187
517;27;1187;1186;
517;27;984;;985
517;27;985;984;1048
517;27;1048;985;1049
517;27;1049;1048;
517;27;991;;1220
517;27;1220;991;1284
517;27;1284;1220;992
517;27;992;1284;
517;27;679;;1408
517;27;1408;679;
517;27;1088;;1089
517;27;1089;1088;
517;27;1203;;1204
517;27;1204;1203;
517;27;1062;;1063
517;27;1063;1062;1064
517;27;1064;1063;1065
517;27;1065;1064;1066
517;27;1066;1065;1396
517;27;1396;1066;1397
517;27;1397;1396;
517;27;526;;488
517;27;488;526;
517;27;1058;;1060
517;27;1060;1058;
517;27;694;;696
517;27;696;694;697
517;27;697;696;
517;27;1131;;1132
517;27;1132;1131;1133
517;27;1133;1132;
517;27;796;;797
517;27;797;796;1221
517;27;1221;797;798
517;27;798;1221;
517;27;519;;520
517;27;520;519;1223
517;27;1223;520;521
517;27;521;1223;1222
517;27;1222;521;522
517;27;522;1222;
517;27;80;;54
517;27;54;80;81
517;27;81;54;82
517;27;82;81;83
517;27;83;82;84
517;27;84;83;51
517;27;51;84;85
517;27;85;51;88
517;27;88;85;
517;27;113;;114
517;27;114;113;86
517;27;86;114;87
517;27;87;86;67
517;27;67;87;56
517;27;56;67;
517;27;1327;;1328
517;27;1328;1327;
517;27;939;;940
517;27;940;939;941
517;27;941;940;1224
517;27;1224;941;942
517;27;942;1224;
517;27;1172;;1173
517;27;1173;1172;1174
517;27;1174;1173;
517;27;1150;;1151
517;27;1151;1150;
517;27;1168;;1169
517;27;1169;1168;1170
517;27;1170;1169;
517;27;1176;;1177
517;27;1177;1176;1178
517;27;1178;1177;1351
517;27;1351;1178;
517;27;766;;767
517;27;767;766;768
517;27;768;767;
517;27;762;;763
517;27;763;762;764
517;27;764;763;
517;27;1104;;1105
517;27;1105;1104;1106
517;27;1106;1105;
517;27;1112;;1113
517;27;1113;1112;1114
517;27;1114;1113;
517;27;1101;;1102
517;27;1102;1101;
517;27;1050;;944
517;27;944;1050;945
517;27;945;944;946
517;27;946;945;1236
517;27;1236;946;
517;27;1340;;1341
517;27;1341;1340;
517;27;1335;;980
517;27;980;1335;981
517;27;981;980;982
517;27;982;981;
517;27;959;;1225
517;27;1225;959;960
517;27;960;1225;
517;27;1147;;1148
517;27;1148;1147;
517;27;962;;963
517;27;963;962;
517;27;1140;;1141
517;27;1141;1140;
517;27;1135;;1136
517;27;1136;1135;1137
517;27;1137;1136;1138
517;27;1138;1137;
517;27;550;;551
517;27;551;550;552
517;27;552;551;553
517;27;553;552;554
517;27;554;553;555
517;27;555;554;556
517;27;556;555;557
517;27;557;556;558
517;27;558;557;559
517;27;559;558;560
517;27;560;559;561
517;27;561;560;562
517;27;562;561;563
517;27;563;562;
517;27;434;;420
517;27;420;434;
517;27;516;;517
517;27;517;516;
517;27;1108;;1109
517;27;1109;1108;1110
517;27;1110;1109;
517;27;918;;919
517;27;919;918;920
517;27;920;919;921
517;27;921;920;1285
517;27;1285;921;
517;27;912;;913
517;27;913;912;914
517;27;914;913;915
517;27;915;914;916
517;27;916;915;
517;27;1390;;1391
517;27;1391;1390;
517;27;865;;866
517;27;866;865;
517;27;956;;957
517;27;957;956;
517;27;924;;925
517;27;925;924;926
517;27;926;925;927
517;27;927;926;928
517;27;928;927;929
517;27;929;928;1226
517;27;1226;929;930
517;27;930;1226;
517;27;968;;969
517;27;969;968;
517;27;857;;1227
517;27;1227;857;858
517;27;858;1227;859
517;27;859;858;
517;27;1302;;1303
517;27;1303;1302;
517;27;902;;903
517;27;903;902;904
517;27;904;903;905
517;27;905;904;906
517;27;906;905;907
517;27;907;906;1228
517;27;1228;907;908
517;27;908;1228;909
517;27;909;908;
517;27;953;;954
517;27;954;953;
517;27;933;;934
517;27;934;933;935
517;27;935;934;936
517;27;936;935;937
517;27;937;936;
517;27;1161;;1162
517;27;1162;1161;
517;27;1366;;1367
517;27;1367;1366;
517;27;1369;;1370
517;27;1370;1369;1371
517;27;1371;1370;1372
517;27;1372;1371;1373
517;27;1373;1372;
517;27;1245;;1246
517;27;1246;1245;1247
517;27;1247;1246;
517;27;699;;700
517;27;700;699;1229
517;27;1229;700;1230
517;27;1230;1229;702
517;27;702;1230;
517;27;721;;722
517;27;722;721;
517;27;1068;;1069
517;27;1069;1068;
517;27;716;;717
517;27;717;716;718
517;27;718;717;719
517;27;719;718;
517;27;1238;;1055
517;27;1055;1238;1056
517;27;1056;1055;
517;27;12058;;12059
517;27;12059;12058;12052
517;27;12052;12059;12053
517;27;12053;12052;12054
517;27;12054;12053;12055
517;27;12055;12054;12056
517;27;12056;12055;12057
517;27;12057;12056;
517;27;18052;;18053
517;27;18053;18052;
517;27;6052;;6053
517;27;6053;6052;6054
517;27;6054;6053;6055
517;27;6055;6054;6056
517;27;6056;6055;6057
517;27;6057;6056;6058
517;27;6058;6057;6059
517;27;6059;6058;
517;27;629;;1241
517;27;1241;629;
517;27;565;;566
517;27;566;565;567
517;27;567;566;568
517;27;568;567;
517;27;1197;;1200
517;27;1200;1197;1201
517;27;1201;1200;
517;27;124;;125
517;27;125;124;126
517;27;126;125;127
517;27;127;126;
517;27;1379;;1380
517;27;1380;1379;
517;27;756;;757
517;27;757;756;760
517;27;760;757;
517;27;724;;725
517;27;725;724;726
517;27;726;725;
517;27;692;;1239
517;27;1239;692;
517;27;800;;801
517;27;801;800;802
517;27;802;801;
517;27;1116;;1117
517;27;1117;1116;
517;27;804;;805
517;27;805;804;806
517;27;806;805;807
517;27;807;806;
517;27;822;;823
517;27;823;822;824
517;27;824;823;825
517;27;825;824;826
517;27;826;825;827
517;27;827;826;828
517;27;828;827;829
517;27;829;828;
517;27;1094;;1095
517;27;1095;1094;1096
517;27;1096;1095;
517;27;1250;;1251
517;27;1251;1250;1252
517;27;1252;1251;1415
517;27;1415;1252;
517;27;1254;;1255
517;27;1255;1254;
517;27;1091;;1092
517;27;1092;1091;
517;27;1248;;503
517;27;503;1248;504
517;27;504;503;
517;27;1013;;1014
517;27;1014;1013;
517;27;1362;;1363
517;27;1363;1362;1364
517;27;1364;1363;
517;27;1324;;1325
517;27;1325;1324;
517;27;1313;;1314
517;27;1314;1313;1315
517;27;1315;1314;
517;27;838;;839
517;27;839;838;840
517;27;840;839;
517;27;1333;;1334
517;27;1334;1333;
517;27;880;;881
517;27;881;880;882
517;27;882;881;993
517;27;993;882;883
517;27;883;993;884
517;27;884;883;
517;27;1414;;887
517;27;887;1414;888
517;27;888;887;885
517;27;885;888;
517;27;1052;;632
517;27;632;1052;633
517;27;633;632;634
517;27;634;633;635
517;27;635;634;
517;27;987;;911
517;27;911;987;988
517;27;988;911;989
517;27;989;988;
517;27;482;;483
517;27;483;482;
517;27;1279;;627
517;27;627;1279;
517;27;734;;735
517;27;735;734;
517;27;1382;;1383
517;27;1383;1382;1384
517;27;1384;1383;1385
517;27;1385;1384;
517;27;478;;479
517;27;479;478;480
517;27;480;479;
517;27;1242;;996
517;27;996;1242;997
517;27;997;996;998
517;27;998;997;
517;27;594;;595
517;27;595;594;596
517;27;596;595;597
517;27;597;596;598
517;27;598;597;
517;27;1126;;1127
517;27;1127;1126;1128
517;27;1128;1127;1129
517;27;1129;1128;
517;27;606;;1213
517;27;1213;606;607
517;27;607;1213;
517;27;589;;590
517;27;590;589;591
517;27;591;590;592
517;27;592;591;
517;27;835;;836
517;27;836;835;
517;27;868;;869
517;27;869;868;870
517;27;870;869;
517;27;872;;873
517;27;873;872;874
517;27;874;873;
517;27;1375;;1376
517;27;1376;1375;1377
517;27;1377;1376;
517;27;1305;;1306
517;27;1306;1305;
517;27;1293;;1294
517;27;1294;1293;
517;27;1180;;1181
517;27;1181;1180;1182
517;27;1182;1181;1416
517;27;1416;1182;
517;27;899;;900
517;27;900;899;
517;27;426;;863
517;27;863;426;427
517;27;427;863;428
517;27;428;427;
517;27;1098;;1099
517;27;1099;1098;
517;27;854;;855
517;27;855;854;
517;27;965;;966
517;27;966;965;
517;27;1082;;814
517;27;814;1082;1083
517;27;1083;814;
517;27;1277;;684
517;27;684;1277;
517;27;1353;;1354
517;27;1354;1353;1355
517;27;1355;1354;1356
517;27;1356;1355;1357
517;27;1357;1356;1358
517;27;1358;1357;1359
517;27;1359;1358;1360
517;27;1360;1359;
517;27;1330;;1331
517;27;1331;1330;
517;27;689;;690
517;27;690;689;691
517;27;691;690;
517;27;530;;531
517;27;531;530;533
517;27;533;531;
517;27;1038;;626
517;27;626;1038;1039
517;27;1039;626;1040
517;27;1040;1039;625
517;27;625;1040;570
517;27;570;625;1041
517;27;1041;570;
517;27;975;;976
517;27;976;975;977
517;27;977;976;978
517;27;978;977;
517;27;686;;687
517;27;687;686;
517;27;789;;790
517;27;790;789;
517;27;792;;793
517;27;793;792;794
517;27;794;793;
517;27;777;;778
517;27;778;777;779
517;27;779;778;780
517;27;780;779;781
517;27;781;780;782
517;27;782;781;783
517;27;783;782;
517;27;728;;729
517;27;729;728;730
517;27;730;729;731
517;27;731;730;732
517;27;732;731;
517;27;1296;;1297
517;27;1297;1296;
517;27;1120;;1121
517;27;1121;1120;1122
517;27;1122;1121;1123
517;27;1123;1122;1124
517;27;1124;1123;
517;27;842;;843
517;27;843;842;1282
517;27;1282;843;
517;27;1287;;1288
517;27;1288;1287;
517;27;817;;818
517;27;818;817;819
517;27;819;818;
517;27;485;;487
517;27;487;485;489
517;27;489;487;490
517;27;490;489;491
517;27;491;490;492
517;27;492;491;493
517;27;493;492;
517;27;1001;;1002
517;27;1002;1001;1003
517;27;1003;1002;1004
517;27;1004;1003;1005
517;27;1005;1004;1006
517;27;1006;1005;1007
517;27;1007;1006;1008
517;27;1008;1007;1009
517;27;1009;1008;1010
517;27;1010;1009;1011
517;27;1011;1010;
517;27;1317;;1318
517;27;1318;1317;1319
517;27;1319;1318;
517;27;1299;;1300
517;27;1300;1299;
517;27;1153;;1154
517;27;1154;1153;1155
517;27;1155;1154;
517;27;547;;548
517;27;548;547;
517;27;876;;877
517;27;877;876;878
517;27;878;877;
517;27;1311;;1308
517;27;1308;1311;1309
517;27;1309;1308;1310
517;27;1310;1309;
517;27;850;;669
517;27;669;850;851
517;27;851;669;852
517;27;852;851;
517;27;846;;847
517;27;847;846;665
517;27;665;847;848
517;27;848;665;
517;27;1404;;1405
517;27;1405;1404;1406
517;27;1406;1405;1407
517;27;1407;1406;
517;27;971;;630
517;27;630;971;972
517;27;972;630;973
517;27;973;972;
517;27;1387;;1388
517;27;1388;1387;
517;27;949;;950
517;27;950;949;951
517;27;951;950;
517;27;1157;;1158
517;27;1158;1157;1159
517;27;1159;1158;1243
517;27;1243;1159;
517;27;1400;;1401
517;27;1401;1400;1402
517;27;1402;1401;
517;27;774;;775
517;27;775;774;
517;27;1164;;1165
517;27;1165;1164;1166
517;27;1166;1165;
517;27;1257;;1258
517;27;1258;1257;
517;27;1265;;1266
517;27;1266;1265;1267
517;27;1267;1266;
517;27;1260;;1261
517;27;1261;1260;1262
517;27;1262;1261;1263
517;27;1263;1262;
517;27;1269;;1270
517;27;1270;1269;1271
517;27;1271;1270;1272
517;27;1272;1271;
517;27;524;;525
517;27;525;524;527
517;27;527;525;528
517;27;528;527;
517;27;1027;;1028
517;27;1028;1027;1029
517;27;1029;1028;1030
517;27;1030;1029;505
517;27;505;1030;
517;27;1343;;1344
517;27;1344;1343;
517;27;458;;459
517;27;459;458;460
517;27;460;459;
