CID;TABCD;LCD;CLASS;TCD;STCD;JUNCTIONNUMBER;RNID;N1ID;N2ID;POL_LCD;OTH_LCD;SEG_LCD;ROA_LCD;INPOS;INNEG;OUTPOS;OUTNEG;PRESENTPOS;PRESENTNEG;DIVERSIONPOS;DIVERSIONNEG;XCOORD;YCOORD;INTERRUPTSROAD;URBAN
517;27;623;P;1;6;;19;77;;4;;;622;1;1;1;1;1;1;;;+10830352;+2285359;0;1
517;27;624;P;1;10;;19;263;;4;;;622;1;1;1;1;1;1;;;+10829834;+2288921;0;0
517;27;620;P;1;10;;104;69;;4;;;619;1;1;1;1;1;1;;;+10831224;+2283998;0;1
517;27;621;P;1;6;;104;77;;4;;;619;1;1;1;1;1;1;;;+10830352;+2285359;0;1
517;27;1043;P;1;11;;36;265;;4;;401;;1;1;1;1;1;1;;;+10821756;+2264496;0;0
517;27;403;P;1;12;;36;54;;4;;401;;1;1;1;1;1;1;;;+10828805;+2271748;1275;0
517;27;1275;P;1;13;;36;315;;4;;472;;1;1;1;1;1;1;;;+10846129;+2290484;403;0
517;27;476;P;1;12;;36;41;;4;;472;;1;1;1;1;1;1;;;+10849080;+2291561;0;0
517;27;473;P;1;6;;315;94;;4;;;1273;1;1;1;1;1;1;;;+10836715;+2285834;0;1
517;27;474;P;1;10;;315;267;;4;;;1273;1;1;1;1;1;1;;;+10837845;+2286394;0;0
517;27;1211;P;1;10;;315;274;;4;;;1273;1;1;1;1;1;1;;;+10841218;+2287378;0;0
517;27;475;P;1;10;;315;361;;4;;;1273;1;1;1;1;1;1;;;+10842125;+2287818;0;0
517;27;1274;P;1;13;;315;36;;4;;;1273;1;1;1;1;1;1;;;+10846129;+2290484;0;0
517;27;931;P;1;10;;157;69;;4;;;999;1;1;1;1;1;1;;;+10831224;+2283998;0;1
517;27;467;P;1;10;;157;93;;4;;;999;1;1;1;1;1;1;;;+10832180;+2284414;0;1
517;27;468;P;1;10;;157;72;;4;;;999;1;1;1;1;1;1;;;+10834074;+2285326;0;1
517;27;409;P;1;10;;58;56;;4;;;408;1;1;1;1;1;1;;;+10829314;+2277702;0;1
517;27;410;P;1;10;;58;60;;4;;;408;1;1;1;1;1;1;;;+10829327;+2278809;0;1
517;27;411;P;1;6;;58;452;;4;;;408;1;1;1;1;1;1;;;+10829532;+2279579;0;1
517;27;470;P;1;10;;72;71;;4;;;469;1;1;1;1;1;1;;;+10834074;+2285326;0;1
517;27;471;P;1;6;;72;94;;4;;;469;1;1;1;1;1;1;;;+10836715;+2285834;0;1
517;27;413;P;1;6;;63;452;;4;;;415;1;1;1;1;1;1;;;+10829532;+2279579;0;1
517;27;416;P;1;6;;63;61;;4;;;415;1;1;1;1;1;1;;;+10829619;+2280582;0;1
517;27;417;P;1;10;;63;64;;4;;;415;1;1;1;1;1;1;;;+10830387;+2281946;0;1
517;27;612;P;1;10;;69;156;;4;;;611;1;1;1;1;1;1;;;+10832590;+2281511;0;1
517;27;613;P;1;10;;69;158;;4;;;611;1;1;1;1;1;1;;;+10832622;+2281755;0;1
517;27;614;P;1;10;;69;117;;4;;;611;1;1;1;1;1;1;;;+10832498;+2282012;0;1
517;27;615;P;1;10;;69;87;;4;;;611;1;1;1;1;1;1;;;+10832397;+2282310;0;1
517;27;758;P;1;10;;69;322;;4;;;611;1;1;1;1;1;1;;;+10832138;+2282543;0;1
517;27;616;P;1;10;;69;65;;4;;;611;1;1;1;1;1;1;;;+10832003;+2282795;0;1
517;27;617;P;1;10;;69;159;;4;;;611;1;1;1;1;1;1;;;+10831527;+2283537;0;1
517;27;618;P;1;10;;69;89;;4;;;611;1;1;1;1;1;1;;;+10831224;+2283998;0;1
517;27;405;P;1;12;;55;54;;4;;;404;1;1;1;1;1;1;;;+10828805;+2271748;0;0
517;27;1412;P;1;10;;55;373;;4;;;404;1;1;1;1;1;1;;;+10828962;+2276020;0;1
517;27;406;P;1;10;;55;57;;4;;;404;1;1;1;1;1;1;;;+10829319;+2276823;0;1
517;27;407;P;1;10;;55;56;;4;;;404;1;1;1;1;1;1;;;+10829314;+2277702;0;1
517;27;419;P;1;10;;65;64;;4;;;418;1;1;1;1;1;1;;;+10830387;+2281946;0;1
517;27;628;P;1;10;;65;321;;4;;;418;1;1;1;1;1;1;;;+10831243;+2282386;0;1
517;27;421;P;1;10;;65;68;;4;;;418;1;1;1;1;1;1;;;+10831586;+2282564;0;1
517;27;422;P;1;10;;65;69;;4;;;418;1;1;1;1;1;1;;;+10832003;+2282795;0;1
517;27;423;P;1;10;;65;70;;4;;;418;1;1;1;1;1;1;;;+10832820;+2283221;0;1
517;27;424;P;1;10;;65;66;;4;;;418;1;1;1;1;1;1;;;+10833074;+2283380;0;1
517;27;571;P;1;10;;476;267;;4;;;569;1;1;1;1;1;1;;;+10817626;+2282507;0;0
517;27;893;P;1;12;;476;477;;4;;;569;1;1;1;1;1;1;;;+10819075;+2282370;0;0
517;27;572;P;1;12;;476;143;;4;;;569;1;1;1;1;1;1;;;+10822465;+2283329;0;1
517;27;579;P;1;10;;91;362;;4;;;578;1;1;1;1;1;1;;;+10823304;+2283730;0;1
517;27;580;P;1;10;;91;363;;4;;;578;1;1;1;1;1;1;;;+10823978;+2283974;0;1
517;27;581;P;1;10;;91;100;;4;;;578;1;1;1;1;1;1;;;+10825297;+2284023;0;1
517;27;582;P;1;10;;91;102;;4;;;578;1;1;1;1;1;1;;;+10827307;+2283653;0;1
517;27;583;P;1;10;;91;103;;4;;;578;1;1;1;1;1;1;;;+10828321;+2283395;0;1
517;27;1025;P;1;10;;91;89;;4;;;578;1;1;1;1;1;1;;;+10829226;+2283121;0;1
517;27;584;P;1;10;;91;144;;4;;;578;1;1;1;1;1;1;;;+10829793;+2282923;0;1
517;27;574;P;1;10;;143;29;;4;;;573;1;1;1;1;1;1;;;+10817626;+2282507;0;0
517;27;1036;P;1;10;;143;278;;4;;;573;1;1;1;1;1;1;;;+10820212;+2283306;0;0
517;27;575;P;1;10;;143;279;;4;;;573;1;1;1;1;1;1;;;+10821425;+2283297;0;1
517;27;576;P;1;12;;143;476;;4;;;573;1;1;1;1;1;1;;;+10822464;+2283334;0;1
517;27;577;P;1;10;;143;362;;4;;;573;1;1;1;1;1;1;;;+10823304;+2283730;0;1
517;27;535;P;1;11;;85;99;;4;;;534;1;1;1;1;1;1;;;+10820636;+2280659;0;0
517;27;536;P;1;6;;85;100;;4;;;534;1;1;1;1;1;1;;;+10825295;+2282462;0;1
517;27;537;P;1;10;;85;126;;4;;;534;1;1;1;1;1;1;;;+10828859;+2280058;0;1
517;27;538;P;1;10;;85;127;;4;;;534;1;1;1;1;1;1;;;+10830156;+2279933;0;1
517;27;1409;P;1;12;;85;473;;4;;;534;1;1;1;1;1;1;;;+10831169;+2280762;0;1
517;27;539;P;1;6;;85;82;;4;;;534;1;1;1;1;1;1;;;+10831679;+2280786;0;1
517;27;1410;P;1;12;;85;366;;4;;;534;1;1;1;1;1;1;;;+10831918;+2280430;0;1
517;27;1411;P;1;12;;85;84;;4;;;534;1;1;1;1;1;1;;;+10831965;+2280088;0;1
517;27;541;P;1;10;;85;60;;4;;;534;1;1;1;1;1;1;;;+10832099;+2278981;0;1
517;27;542;P;1;12;;85;128;;4;;;534;1;1;1;1;1;1;;;+10834013;+2278394;0;1
517;27;543;P;1;10;;85;110;;4;;;534;1;1;1;1;1;1;;;+10832752;+2277684;0;1
517;27;544;P;1;10;;85;107;;4;;;534;1;1;1;1;1;1;;;+10832761;+2276846;0;1
517;27;545;P;1;12;;85;381;;4;;;534;1;1;1;1;1;1;;;+10833035;+2276610;0;1
517;27;462;P;1;6;;89;452;;4;;;461;1;1;1;1;1;1;;;+10827346;+2280420;0;1
517;27;463;P;1;10;;89;90;;4;;;461;1;1;1;1;1;1;;;+10828619;+2281800;0;1
517;27;464;P;1;10;;89;91;;4;;;461;1;1;1;1;1;1;;;+10829226;+2283121;0;1
517;27;465;P;1;10;;89;92;;4;;;461;1;1;1;1;1;1;;;+10830562;+2283732;0;1
517;27;466;P;1;10;;89;69;;4;;;461;1;1;1;1;1;1;;;+10831224;+2283998;0;1
517;27;664;P;1;10;;135;62;;4;;;608;1;1;1;1;1;1;;;+10832212;+2280881;0;1
517;27;609;P;1;10;;135;146;;4;;;608;1;1;1;1;1;1;;;+10832388;+2281016;0;1
517;27;610;P;1;10;;135;156;;4;;;608;1;1;1;1;1;1;;;+10832590;+2281511;0;1
517;27;740;P;1;10;;87;68;;4;;;739;1;1;1;1;1;1;;;+10832005;+2281890;0;1
517;27;741;P;1;10;;87;117;;4;;;739;1;1;1;1;1;1;;;+10832133;+2282039;0;1
517;27;742;P;1;10;;87;69;;4;;;739;1;1;1;1;1;1;;;+10832397;+2282310;0;1
517;27;743;P;1;10;;87;163;;4;;;739;1;1;1;1;1;1;;;+10832628;+2282587;0;1
517;27;1044;P;1;3;;494;263;;4;;;433;1;1;1;1;1;1;;;+10838906;+2262799;0;0
517;27;435;P;1;10;;494;267;;4;;;433;1;1;1;1;1;1;;;+10834612;+2271273;0;0
517;27;512;P;1;11;;272;56;;4;;;511;1;1;1;1;1;1;;;+10833585;+2278752;0;1
517;27;513;P;1;6;;272;113;;4;;;511;1;1;1;1;1;1;;;+10834001;+2279779;0;1
517;27;514;P;1;10;;272;111;;4;;;511;1;1;1;1;1;1;;;+10833835;+2280150;0;1
517;27;454;P;1;10;;68;38;;4;;;453;1;1;1;1;1;1;;;+10832228;+2281305;0;1
517;27;1033;P;1;12;;68;156;;4;;;453;1;1;1;1;1;1;;;+10832143;+2281550;0;1
517;27;1034;P;1;12;;68;196;;4;;;453;1;1;1;1;1;1;;;+10832058;+2281774;0;1
517;27;455;P;1;10;;68;87;;4;;;453;1;1;1;1;1;1;;;+10832005;+2281890;0;1
517;27;1216;P;1;11;;68;322;;4;;;453;1;1;1;1;1;1;;;+10831722;+2282349;0;1
517;27;456;P;1;10;;68;65;;4;;;453;1;1;1;1;1;1;;;+10831586;+2282564;0;1
517;27;451;P;1;10;;86;62;;4;;;450;1;1;1;1;1;1;;;+10832053;+2281151;0;1
517;27;452;P;1;10;;86;38;;4;;;450;1;1;1;1;1;1;;;+10832228;+2281305;0;1
517;27;442;P;1;10;;82;80;;4;;;441;1;1;1;1;1;1;;;+10831326;+2276496;0;1
517;27;443;P;1;10;;82;57;;4;;;441;1;1;1;1;1;1;;;+10831155;+2276817;0;1
517;27;444;P;1;10;;82;56;;4;;;441;1;1;1;1;1;1;;;+10831148;+2277713;0;1
517;27;445;P;1;10;;82;60;;4;;;441;1;1;1;1;1;1;;;+10831145;+2278888;0;1
517;27;446;P;1;10;;82;83;;4;;;441;1;1;1;1;1;1;;;+10831130;+2279490;0;1
517;27;447;P;1;8;;82;84;;4;;;441;1;1;1;1;1;1;;;+10831109;+2280099;0;1
517;27;813;P;1;10;;82;366;;4;;;441;1;1;1;1;1;1;;;+10831416;+2280477;0;1
517;27;448;P;1;7;;82;85;;4;;;441;1;1;1;1;1;1;;;+10831679;+2280786;0;1
517;27;449;P;1;10;;82;62;;4;;;441;1;1;1;1;1;1;;;+10832053;+2281151;0;1
517;27;437;P;1;10;;79;267;;4;;;436;1;1;1;1;1;1;;;+10834612;+2271273;0;0
517;27;1035;P;1;12;;79;260;;4;;;436;1;1;1;1;1;1;;;+10833513;+2272473;0;0
517;27;438;P;1;10;;79;81;;4;;;436;1;1;1;1;1;1;;;+10831830;+2275291;0;1
517;27;759;P;1;10;;79;340;;4;;;436;1;1;1;1;1;1;;;+10831803;+2275711;0;1
517;27;439;P;1;10;;79;17;;4;;;436;1;1;1;1;1;1;;;+10831665;+2276139;0;1
517;27;440;P;1;10;;79;80;;4;;;436;1;1;1;1;1;1;;;+10831326;+2276496;0;1
517;27;100;P;1;10;;288;38;;4;;;99;1;1;1;1;1;1;;;+10842059;+2281298;0;1
517;27;101;P;1;1;;288;267;;4;;;99;1;1;1;1;1;1;;;+10843421;+2281305;0;0
517;27;102;P;3;3;;288;40;;4;;;99;1;1;1;1;1;1;;;+10846842;+2281829;0;0
517;27;103;P;1;3;;288;451;;4;;;99;1;1;1;1;1;1;;;+10853449;+2281358;0;0
517;27;104;P;1;3;;288;42;;4;;;99;1;1;1;1;1;1;;;+10876903;+2283121;0;0
517;27;105;P;3;3;;288;43;;4;;;99;1;1;1;1;1;1;;;+10880322;+2283937;0;0
517;27;128;P;1;1;;288;895;;4;;;99;1;1;1;1;1;1;;;+10883838;+2285162;0;0
517;27;106;P;1;3;;288;379;;4;;;99;1;1;1;1;1;1;;;+10889479;+2287490;0;0
517;27;107;P;1;1;;288;289;;4;;;99;1;1;1;1;1;1;;;+10891825;+2288604;0;0
517;27;108;P;1;3;;288;46;;4;;;99;1;1;1;1;1;1;;;+10901850;+2308539;0;0
517;27;109;P;1;3;;288;29;;4;;;99;1;1;1;1;1;1;;;+10904245;+2318427;0;0
517;27;110;P;3;3;;288;47;;4;;;99;1;1;1;1;1;1;;;+10905525;+2323320;0;0
517;27;111;P;1;3;;288;39;;4;;;99;1;1;1;1;1;1;;;+10911749;+2340269;0;0
517;27;92;P;1;1;;311;393;;4;;116;;1;1;1;1;1;1;;;+10828537;+2289976;0;0
517;27;91;P;1;3;;311;315;;4;;116;;1;1;1;1;1;1;;;+10838321;+2287146;0;0
517;27;90;P;1;1;;312;288;;4;;117;;1;1;1;1;1;1;;;+10843421;+2281305;0;0
517;27;66;P;1;3;;312;17;;4;;117;;1;1;1;1;1;1;;;+10843481;+2275135;0;0
517;27;98;P;1;1;;312;263;;4;;117;;1;1;1;1;1;1;;;+10842536;+2271015;0;0
517;27;97;P;1;3;;313;79;;4;;118;;1;1;1;1;1;1;;;+10834702;+2271621;0;0
517;27;96;P;3;3;;313;37;;4;;118;;1;1;1;1;1;1;;;+10828800;+2274037;0;0
517;27;95;P;1;1;;313;7;;4;;118;;1;1;1;1;1;1;;;+10826542;+2274013;0;0
517;27;121;P;1;3;;314;97;;4;;119;;1;1;1;1;1;1;;;+10821258;+2275887;0;0
517;27;94;P;1;3;;314;143;;4;;119;;1;1;1;1;1;1;;;+10816713;+2281766;0;0
517;27;93;P;1;1;;314;289;;4;;119;;1;1;1;1;1;1;;;+10815930;+2284241;0;0
517;27;52;P;3;3;;7;5;;4;;;55;1;1;1;1;1;1;;;+10795137;+2256178;0;0
517;27;53;P;1;3;;7;450;;4;;;55;1;1;1;1;1;1;;;+10807832;+2258238;0;0
517;27;57;P;1;3;;7;286;;4;;;55;1;1;1;1;1;1;;;+10818396;+2262670;0;0
517;27;58;P;1;3;;7;11;;4;;;55;1;1;1;1;1;1;;;+10819349;+2264234;0;0
517;27;59;P;1;1;;7;267;;4;;;55;1;1;1;1;1;1;;;+10826563;+2273366;0;0
517;27;60;P;1;3;;7;10;;4;;;55;1;1;1;1;1;1;;;+10827127;+2274806;0;1
517;27;62;P;1;3;;263;494;;4;;61;;1;1;1;1;1;1;;;+10842667;+2224787;0;0
517;27;63;P;3;3;;263;256;;4;;61;;1;1;1;1;1;1;;;+10840421;+2243247;0;0
517;27;64;P;1;3;;263;16;;4;;61;;1;1;1;1;1;1;;;+10840255;+2262390;0;0
517;27;65;P;1;1;;263;267;;4;;61;;1;1;1;1;1;1;;;+10842536;+2271015;69;0
517;27;69;P;1;10;;263;19;;4;;68;;1;1;1;1;1;1;;;+10829834;+2288921;65;0
517;27;70;P;1;1;;263;311;;4;;68;;1;1;1;1;1;1;;;+10828537;+2289976;0;0
517;27;71;P;3;8;;263;21;;4;;68;;1;1;1;1;1;1;;;+10826640;+2299029;0;0
517;27;72;P;1;3;;263;22;;4;;68;;1;1;1;1;1;1;;;+10826917;+2300631;0;0
517;27;73;P;1;3;;263;281;;4;;68;;1;1;1;1;1;1;;;+10825150;+2316407;0;0
517;27;74;P;3;3;;263;24;;4;;68;;1;1;1;1;1;1;;;+10826064;+2319192;0;0
517;27;75;P;1;3;;263;25;;4;;68;;1;1;1;1;1;1;;;+10822173;+2342267;0;0
517;27;76;P;1;3;;263;26;;4;;68;;1;1;1;1;1;1;;;+10812034;+2370482;0;0
517;27;77;P;3;3;;263;27;;4;;68;;1;1;1;1;1;1;;;+10810504;+2372676;0;0
517;27;78;P;3;8;;263;20;;4;;68;;1;1;1;1;1;1;;;+10809018;+2387060;0;0
517;27;1232;P;1;11;;106;17;;4;;;1231;1;1;1;1;1;1;;;+10847262;+2275703;0;0
517;27;1233;P;1;10;;106;356;;4;;;1231;1;1;1;1;1;1;;;+10848046;+2275571;0;1
517;27;1234;P;1;10;;106;453;;4;;;1231;1;1;1;1;1;1;;;+10849505;+2274689;0;0
517;27;495;P;1;10;;17;79;;4;;;494;1;1;1;1;1;1;;;+10831665;+2276139;0;1
517;27;496;P;1;10;;17;107;;4;;;494;1;1;1;1;1;1;;;+10832294;+2276080;0;1
517;27;833;P;1;10;;17;207;;4;;;494;1;1;1;1;1;1;;;+10833263;+2276037;0;1
517;27;497;P;1;10;;17;108;;4;;;494;1;1;1;1;1;1;;;+10833607;+2276075;0;1
517;27;820;P;1;10;;17;365;;4;;;494;1;1;1;1;1;1;;;+10837037;+2276809;0;0
517;27;498;P;1;10;;17;267;;4;;;494;1;1;1;1;1;1;;;+10843026;+2275513;0;0
517;27;499;P;1;11;;17;106;;4;;;494;1;1;1;1;1;1;;;+10847262;+2275703;0;0
517;27;861;P;1;10;;81;79;;4;;;860;1;1;1;1;1;1;;;+10831830;+2275291;0;1
517;27;862;P;1;11;;81;107;;4;;;860;1;1;1;1;1;1;;;+10832264;+2275315;0;1
517;27;1051;P;1;12;;81;207;;4;;;860;1;1;1;1;1;1;;;+10833409;+2275445;0;1
517;27;637;P;1;10;;38;134;;4;;;636;1;1;1;1;1;1;;;+10831918;+2281303;0;1
517;27;638;P;1;10;;38;86;;4;;;636;1;1;1;1;1;1;;;+10832228;+2281305;0;1
517;27;639;P;1;6;;38;163;;4;;;636;1;1;1;1;1;1;;;+10832864;+2281304;0;1
517;27;640;P;1;10;;38;116;;4;;;636;1;1;1;1;1;1;;;+10833629;+2281301;0;1
517;27;641;P;1;10;;38;164;;4;;;636;1;1;1;1;1;1;;;+10834743;+2281310;0;1
517;27;642;P;1;10;;38;165;;4;;;636;1;1;1;1;1;1;;;+10835537;+2281304;0;1
517;27;643;P;1;10;;38;150;;4;;;636;1;1;1;1;1;1;;;+10836292;+2281311;0;1
517;27;644;P;1;10;;38;166;;4;;;636;1;1;1;1;1;1;;;+10836708;+2281304;0;1
517;27;645;P;1;12;;38;167;;4;;;636;1;1;1;1;1;1;;;+10837026;+2281302;0;1
517;27;646;P;1;10;;38;168;;4;;;636;1;1;1;1;1;1;;;+10837360;+2281302;0;1
517;27;647;P;1;6;;38;119;;4;;;636;1;1;1;1;1;1;;;+10837893;+2281295;0;1
517;27;1042;P;1;11;;38;275;;4;;;636;1;1;1;1;1;1;;;+10838339;+2281309;0;1
517;27;648;P;1;10;;38;225;;4;;;636;1;1;1;1;1;1;;;+10839150;+2281310;0;1
517;27;649;P;1;6;;38;169;;4;;;636;1;1;1;1;1;1;;;+10840618;+2281302;0;1
517;27;650;P;1;10;;38;288;;4;;;636;1;1;1;1;1;1;;;+10842059;+2281298;0;1
517;27;586;P;1;10;;136;62;;4;;;585;1;1;1;1;1;1;;;+10832409;+2280463;0;1
517;27;587;P;1;11;;136;135;;4;;;585;1;1;1;1;1;1;;;+10832364;+2280965;0;1
517;27;1209;P;1;12;;274;202;;4;;;1208;1;1;1;1;1;1;;;+10837361;+2284517;0;1
517;27;1210;P;1;10;;274;315;;4;;;1208;1;1;1;1;1;1;;;+10841218;+2287378;0;0
517;27;1078;P;1;12;;173;309;;4;;;1077;1;1;1;1;1;1;;;+10818894;+2275475;0;0
517;27;1079;P;1;12;;173;417;;4;;;1077;1;1;1;1;1;1;;;+10821042;+2276828;0;0
517;27;670;P;1;10;;452;96;;4;;;402;1;1;1;1;1;1;;;+10825284;+2281876;0;1
517;27;510;P;1;12;;452;457;;4;;;402;1;1;1;1;1;1;;;+10826863;+2280862;0;1
517;27;671;P;1;7;;452;10;;4;;;402;1;1;1;1;1;1;;;+10827346;+2280420;0;1
517;27;674;P;1;10;;452;58;;4;;;402;1;1;1;1;1;1;;;+10829532;+2279579;0;1
517;27;815;P;1;10;;452;127;;4;;;402;1;1;1;1;1;1;;;+10830372;+2279473;0;1
517;27;677;P;1;10;;452;82;;4;;;402;1;1;1;1;1;1;;;+10831130;+2279490;0;1
517;27;1392;P;1;12;;98;417;;4;;;1053;1;1;1;1;1;1;;;+10824588;+2278111;0;1
517;27;666;P;1;6;;98;96;;4;;;1053;1;1;1;1;1;1;;;+10825210;+2278179;0;1
517;27;667;P;1;12;;98;385;;4;;;1053;1;1;1;1;1;1;;;+10825929;+2280325;0;1
517;27;1394;P;1;12;;98;457;;4;;;1053;1;1;1;1;1;1;;;+10826068;+2280575;0;1
517;27;430;P;1;10;;75;72;;4;;;429;1;1;1;1;1;1;;;+10834074;+2285326;0;1
517;27;431;P;1;10;;75;77;;4;;;429;1;1;1;1;1;1;;;+10833630;+2286316;0;1
517;27;432;P;1;12;;75;294;;4;;;429;1;1;1;1;1;1;;;+10835562;+2291738;0;0
517;27;745;P;1;10;;70;163;;4;;;744;1;1;1;1;1;1;;;+10832628;+2282587;0;1
517;27;746;P;1;10;;70;65;;4;;;744;1;1;1;1;1;1;;;+10832820;+2283221;0;1
517;27;737;P;1;10;;190;189;;4;;;736;1;1;1;1;1;1;;;+10831441;+2281627;0;1
517;27;738;P;1;10;;190;87;;4;;;736;1;1;1;1;1;1;;;+10832005;+2281890;0;1
517;27;1290;P;1;12;;415;414;;4;;;1289;1;1;1;1;1;1;;;+10829733;+2285699;0;1
517;27;1291;P;1;12;;415;19;;4;;;1289;1;1;1;1;1;1;;;+10830211;+2285803;0;1
517;27;502;P;1;10;;56;10;;4;;;500;1;1;1;1;1;1;;;+10827146;+2277702;0;1
517;27;506;P;1;10;;56;55;;4;;;500;1;1;1;1;1;1;;;+10829314;+2277702;0;1
517;27;507;P;1;10;;56;82;;4;;;500;1;1;1;1;1;1;;;+10831148;+2277713;0;1
517;27;508;P;1;11;;56;110;;4;;;500;1;1;1;1;1;1;;;+10832524;+2278298;0;1
517;27;1032;P;1;11;;56;272;;4;;;500;1;1;1;1;1;1;;;+10833585;+2278752;0;1
517;27;509;P;1;6;;56;345;;4;;;500;1;1;1;1;1;1;;;+10835196;+2279251;0;1
517;27;1017;P;1;10;;112;10;;4;;1016;;1;1;1;1;1;1;;;+10827146;+2277702;0;1
517;27;1018;P;1;10;;112;55;;4;;1016;;1;1;1;1;1;1;;;+10829314;+2277702;0;1
517;27;1019;P;1;12;;112;82;;4;;1016;;1;1;1;1;1;1;;;+10831070;+2277714;1021;1
517;27;1021;P;1;12;;112;478;;4;;1020;;1;1;1;1;1;1;;;+10831271;+2277766;1019;1
517;27;1206;P;1;12;;112;344;;4;;1020;;1;1;1;1;1;1;;;+10831832;+2278003;0;1
517;27;1022;P;1;11;;112;110;;4;;1020;;1;1;1;1;1;1;;;+10832524;+2278298;0;1
517;27;1015;P;1;11;;112;245;;4;;1020;;1;1;1;1;1;1;;;+10833585;+2278752;0;1
517;27;1346;P;1;12;;433;434;;4;;;1345;1;1;1;1;1;1;;;+10838650;+2281480;0;1
517;27;1347;P;1;10;;433;334;;4;;;1345;1;1;1;1;1;1;;;+10839149;+2281477;0;1
517;27;1348;P;1;10;;433;276;;4;;;1345;1;1;1;1;1;1;;;+10839611;+2281468;0;1
517;27;1349;P;1;10;;433;169;;4;;;1345;1;1;1;1;1;1;;;+10840774;+2282179;0;1
517;27;1350;P;1;12;;433;435;;4;;;1345;1;1;1;1;1;1;;;+10841165;+2282329;0;1
517;27;810;P;1;10;;145;64;;4;;;809;1;1;1;1;1;1;;;+10830387;+2281946;0;1
517;27;811;P;1;10;;145;187;;4;;;809;1;1;1;1;1;1;;;+10829904;+2282725;0;1
517;27;812;P;1;10;;145;144;;4;;;809;1;1;1;1;1;1;;;+10829793;+2282923;0;1
517;27;770;P;1;6;;64;62;;4;;;769;1;1;1;1;1;1;;;+10830855;+2281172;0;1
517;27;771;P;1;10;;64;90;;4;;;769;1;1;1;1;1;1;;;+10830441;+2281611;0;1
517;27;1212;P;1;10;;64;320;;4;;;769;1;1;1;1;1;1;;;+10830410;+2281765;0;1
517;27;772;P;1;10;;64;65;;4;;;769;1;1;1;1;1;1;;;+10830387;+2281946;0;1
517;27;752;P;1;10;;105;93;;4;;;751;1;1;1;1;1;1;;;+10832180;+2284414;0;1
517;27;753;P;1;10;;105;77;;4;;;751;1;1;1;1;1;1;;;+10832005;+2285766;0;1
517;27;754;P;1;12;;105;191;;4;;;751;1;1;1;1;1;1;;;+10831885;+2286644;0;1
517;27;748;P;1;10;;93;70;;4;;;747;1;1;1;1;1;1;;;+10832820;+2283221;0;1
517;27;749;P;1;10;;93;159;;4;;;747;1;1;1;1;1;1;;;+10832383;+2284016;0;1
517;27;750;P;1;10;;93;157;;4;;;747;1;1;1;1;1;1;;;+10832180;+2284414;0;1
517;27;704;P;1;12;;182;77;;4;;;703;1;1;1;1;1;1;;;+10827629;+2285504;0;1
517;27;705;P;1;12;;182;179;;4;;;703;1;1;1;1;1;1;;;+10827538;+2285971;0;1
517;27;706;P;1;12;;182;183;;4;;;703;1;1;1;1;1;1;;;+10827523;+2286388;0;1
517;27;707;P;1;10;;182;177;;4;;;703;1;1;1;1;1;1;;;+10827532;+2286767;0;1
517;27;1418;P;1;10;;428;123;;4;;;1417;1;1;1;1;1;1;;;+10836949;+2282496;0;1
517;27;1235;P;1;10;;428;118;;4;;;1417;1;1;1;1;1;1;;;+10837258;+2283100;0;1
517;27;600;P;1;10;;150;38;;4;;;599;1;1;1;1;1;1;;;+10836292;+2281311;0;1
517;27;601;P;1;10;;150;152;;4;;;599;1;1;1;1;1;1;;;+10836441;+2281741;0;1
517;27;602;P;1;10;;150;153;;4;;;599;1;1;1;1;1;1;;;+10836800;+2282273;0;1
517;27;603;P;1;10;;150;123;;4;;;599;1;1;1;1;1;1;;;+10836949;+2282496;0;1
517;27;895;P;1;10;;165;38;;4;;;894;1;1;1;1;1;1;;;+10835537;+2281304;0;1
517;27;1214;P;1;10;;165;326;;4;;;894;1;1;1;1;1;1;;;+10835688;+2281579;0;1
517;27;896;P;1;10;;165;215;;4;;;894;1;1;1;1;1;1;;;+10836078;+2282180;0;1
517;27;897;P;1;10;;165;123;;4;;;894;1;1;1;1;1;1;;;+10836507;+2282709;0;1
517;27;831;P;1;11;;202;117;;4;;;830;1;1;1;1;1;1;;;+10834192;+2283014;0;1
517;27;1215;P;1;12;;202;171;;4;;;830;1;1;1;1;1;1;;;+10834928;+2283211;0;1
517;27;832;P;1;12;;202;205;;4;;;830;1;1;1;1;1;1;;;+10835586;+2283520;0;1
517;27;1045;P;1;12;;202;274;;4;;;830;1;1;1;1;1;1;;;+10837361;+2284517;0;1
517;27;1143;P;1;12;;171;202;;4;;;1142;1;1;1;1;1;1;;;+10834928;+2283211;0;1
517;27;1144;P;1;12;;171;330;;4;;;1142;1;1;1;1;1;1;;;+10835053;+2283068;0;1
517;27;1145;P;1;11;;171;123;;4;;;1142;1;1;1;1;1;1;;;+10835747;+2283383;0;1
517;27;657;P;1;11;;123;171;;4;;;656;1;1;1;1;1;1;;;+10835747;+2283383;0;1
517;27;658;P;1;10;;123;118;;4;;;656;1;1;1;1;1;1;;;+10835984;+2283002;0;1
517;27;659;P;1;10;;123;165;;4;;;656;1;1;1;1;1;1;;;+10836507;+2282709;0;1
517;27;660;P;1;10;;123;150;;4;;;656;1;1;1;1;1;1;;;+10836949;+2282496;0;1
517;27;661;P;1;10;;123;167;;4;;;656;1;1;1;1;1;1;;;+10837346;+2282288;0;1
517;27;662;P;1;10;;123;172;;4;;;656;1;1;1;1;1;1;;;+10837599;+2282287;0;1
517;27;663;P;1;10;;123;94;;4;;;656;1;1;1;1;1;1;;;+10837895;+2282288;0;1
517;27;1046;P;1;10;;123;275;;4;;;656;1;1;1;1;1;1;;;+10838347;+2282288;0;1
517;27;1047;P;1;12;;123;276;;4;;;656;1;1;1;1;1;1;;;+10839420;+2282146;0;1
517;27;713;P;1;12;;179;182;;4;;;708;1;1;1;1;1;1;;;+10827544;+2285975;0;1
517;27;714;P;1;11;;179;277;;4;;;708;1;1;1;1;1;1;;;+10828305;+2286190;0;1
517;27;1395;P;1;12;;457;98;;4;;;1393;1;1;1;1;1;1;;;+10826068;+2280575;0;1
517;27;668;P;1;12;;457;452;;4;;;1393;1;1;1;1;1;1;;;+10826863;+2280862;0;1
517;27;1085;P;1;12;;310;127;;4;;;1084;1;1;1;1;1;1;;;+10830301;+2279574;0;1
517;27;1086;P;1;8;;310;82;;4;;;1084;1;1;1;1;1;1;;;+10831109;+2280099;0;1
517;27;785;P;1;10;;134;38;;4;;;784;1;1;1;1;1;1;;;+10831918;+2281303;0;1
517;27;1217;P;1;11;;134;156;;4;;;784;1;1;1;1;1;1;;;+10831795;+2281429;0;1
517;27;786;P;1;13;;134;196;;4;;;784;1;1;1;1;1;1;;;+10831745;+2281496;0;1
517;27;1189;P;1;10;;340;79;;4;;;1188;1;1;1;1;1;1;;;+10831803;+2275711;0;1
517;27;1190;P;1;8;;340;107;;4;;;1188;1;1;1;1;1;1;;;+10832277;+2275715;0;1
517;27;1191;P;1;11;;340;207;;4;;;1188;1;1;1;1;1;1;;;+10833375;+2275688;0;1
517;27;1075;P;1;12;;308;173;;4;;;1074;1;1;1;1;1;1;;;+10821042;+2276828;0;0
517;27;1076;P;1;11;;308;99;;4;;;1074;1;1;1;1;1;1;;;+10820636;+2280659;0;0
517;27;682;P;1;11;;99;85;;4;;;681;1;1;1;1;1;1;;;+10820636;+2280659;0;0
517;27;683;P;1;10;;99;96;;4;;;681;1;1;1;1;1;1;;;+10825196;+2280618;0;1
517;27;1193;P;1;12;;207;81;;4;;;1192;1;1;1;1;1;1;;;+10833409;+2275445;0;1
517;27;1194;P;1;11;;207;340;;4;;;1192;1;1;1;1;1;1;;;+10833375;+2275688;0;1
517;27;1195;P;1;10;;207;17;;4;;;1192;1;1;1;1;1;1;;;+10833263;+2276037;0;1
517;27;808;P;1;10;;118;163;;4;;;651;1;1;1;1;1;1;;;+10832845;+2281525;0;1
517;27;652;P;1;10;;118;116;;4;;;651;1;1;1;1;1;1;;;+10833621;+2281670;0;1
517;27;1218;P;1;10;;118;327;;4;;;651;1;1;1;1;1;1;;;+10833994;+2281895;0;1
517;27;653;P;1;10;;118;164;;4;;;651;1;1;1;1;1;1;;;+10834497;+2282161;0;1
517;27;1219;P;1;10;;118;328;;4;;;651;1;1;1;1;1;1;;;+10834974;+2282389;0;1
517;27;654;P;1;10;;118;215;;4;;;651;1;1;1;1;1;1;;;+10835386;+2282584;0;1
517;27;655;P;1;10;;118;123;;4;;;651;1;1;1;1;1;1;;;+10835984;+2283002;0;1
517;27;1280;P;1;10;;118;428;;4;;;651;1;1;1;1;1;1;;;+10837258;+2283100;0;1
517;27;1281;P;1;12;;118;124;;4;;;651;1;1;1;1;1;1;;;+10838584;+2282965;0;1
517;27;1071;P;1;11;;277;179;;4;;;1070;1;1;1;1;1;1;;;+10828305;+2286190;0;1
517;27;1072;P;1;10;;277;177;;4;;;1070;1;1;1;1;1;1;;;+10828159;+2286888;0;1
517;27;1073;P;1;10;;277;181;;4;;;1070;1;1;1;1;1;1;;;+10828041;+2287861;0;1
517;27;891;P;1;7;;169;38;;4;;;889;1;1;1;1;1;1;;;+10840618;+2281302;0;1
517;27;892;P;1;10;;169;124;;4;;;889;1;1;1;1;1;1;;;+10840569;+2283281;0;1
517;27;1321;P;1;12;;427;380;;4;;;1320;1;1;1;1;1;1;;;+10831727;+2277168;0;1
517;27;1322;P;1;12;;427;344;;4;;;1320;1;1;1;1;1;1;;;+10831915;+2277282;0;1
517;27;1337;P;1;10;;339;140;;4;;;1183;1;1;1;1;1;1;;;+10836717;+2279180;0;0
517;27;1338;P;1;13;;339;226;;4;;;1183;1;1;1;1;1;1;;;+10837705;+2279426;0;0
517;27;1184;P;1;10;;339;225;;4;;;1183;1;1;1;1;1;1;;;+10839118;+2279573;0;1
517;27;1185;P;1;10;;339;338;;4;;;1183;1;1;1;1;1;1;;;+10839822;+2279778;0;1
517;27;1186;P;1;10;;339;292;;4;;;1183;1;1;1;1;1;1;;;+10841536;+2279673;0;1
517;27;1187;P;1;10;;339;162;;4;;;1183;1;1;1;1;1;1;;;+10842089;+2279663;0;1
517;27;984;P;1;11;;275;38;;4;;;983;1;1;1;1;1;1;;;+10838339;+2281309;0;1
517;27;985;P;1;10;;275;230;;4;;;983;1;1;1;1;1;1;;;+10838341;+2281818;0;1
517;27;1048;P;1;10;;275;123;;4;;;983;1;1;1;1;1;1;;;+10838347;+2282288;0;1
517;27;1049;P;1;10;;275;124;;4;;;983;1;1;1;1;1;1;;;+10838235;+2282799;0;1
517;27;991;P;1;12;;124;94;;4;;;990;1;1;1;1;1;1;;;+10837890;+2282708;0;1
517;27;1220;P;1;10;;124;275;;4;;;990;1;1;1;1;1;1;;;+10838235;+2282799;0;1
517;27;1284;P;1;12;;124;118;;4;;;990;1;1;1;1;1;1;;;+10838584;+2282965;0;1
517;27;992;P;1;10;;124;169;;4;;;990;1;1;1;1;1;1;;;+10840569;+2283281;0;1
517;27;679;P;1;10;;83;82;;4;;;678;1;1;1;1;1;1;;;+10831130;+2279490;0;1
517;27;1408;P;1;12;;83;419;;4;;;678;1;1;1;1;1;1;;;+10831762;+2279497;0;1
517;27;1088;P;1;8;;84;82;;4;;;1087;1;1;1;1;1;1;;;+10831109;+2280099;0;1
517;27;1089;P;1;12;;84;85;;4;;;1087;1;1;1;1;1;1;;;+10831965;+2280088;0;1
517;27;1203;P;1;10;;387;62;;4;;;1202;1;1;1;1;1;1;;;+10834089;+2279484;0;1
517;27;1204;P;1;10;;387;113;;4;;;1202;1;1;1;1;1;1;;;+10834001;+2279779;0;1
517;27;1062;P;1;11;;177;306;;4;;;1061;1;1;1;1;1;1;;;+10826681;+2286668;0;1
517;27;1063;P;1;10;;177;102;;4;;;1061;1;1;1;1;1;1;;;+10827186;+2286730;0;1
517;27;1064;P;1;10;;177;182;;4;;;1061;1;1;1;1;1;1;;;+10827532;+2286767;0;1
517;27;1065;P;1;10;;177;277;;4;;;1061;1;1;1;1;1;1;;;+10828159;+2286888;0;1
517;27;1066;P;1;10;;177;461;;4;;;1061;1;1;1;1;1;1;;;+10828822;+2287000;0;1
517;27;1396;P;1;10;;177;414;;4;;;1061;1;1;1;1;1;1;;;+10829337;+2287083;0;1
517;27;1397;P;1;10;;177;19;;4;;;1061;1;1;1;1;1;1;;;+10829879;+2287193;0;1
517;27;526;P;1;11;;185;180;;4;;;532;1;1;1;1;1;1;;;+10825085;+2285915;0;1
517;27;488;P;1;11;;185;305;;4;;;532;1;1;1;1;1;1;;;+10825085;+2286151;0;1
517;27;1058;P;1;12;;184;77;;4;;;1057;1;1;1;1;1;1;;;+10826384;+2285481;0;1
517;27;1060;P;1;11;;184;180;;4;;;1057;1;1;1;1;1;1;;;+10826378;+2286283;0;1
517;27;694;P;1;12;;101;77;;4;;;693;1;1;1;1;1;1;;;+10825759;+2285165;0;1
517;27;696;P;1;11;;101;180;;4;;;693;1;1;1;1;1;1;;;+10825708;+2286049;0;1
517;27;697;P;1;11;;101;177;;4;;;693;1;1;1;1;1;1;;;+10825706;+2286382;0;1
517;27;1131;P;1;10;;328;326;;4;;;1130;1;1;1;1;1;1;;;+10835216;+2281584;0;1
517;27;1132;P;1;10;;328;118;;4;;;1130;1;1;1;1;1;1;;;+10834974;+2282389;0;1
517;27;1133;P;1;10;;328;330;;4;;;1130;1;1;1;1;1;1;;;+10834711;+2282727;0;1
517;27;796;P;1;12;;200;68;;4;;;795;1;1;1;1;1;1;;;+10832309;+2281321;0;1
517;27;797;P;1;11;;200;156;;4;;;795;1;1;1;1;1;1;;;+10832403;+2281575;0;1
517;27;1221;P;1;12;;200;158;;4;;;795;1;1;1;1;1;1;;;+10832388;+2281649;0;1
517;27;798;P;1;12;;200;196;;4;;;795;1;1;1;1;1;1;;;+10832183;+2281899;0;1
517;27;519;P;1;10;;116;114;;4;;;518;1;1;1;1;1;1;;;+10833620;+2280637;0;1
517;27;520;P;1;10;;116;38;;4;;;518;1;1;1;1;1;1;;;+10833629;+2281301;0;1
517;27;1223;P;1;10;;116;326;;4;;;518;1;1;1;1;1;1;;;+10833635;+2281572;0;1
517;27;521;P;1;10;;116;118;;4;;;518;1;1;1;1;1;1;;;+10833621;+2281670;0;1
517;27;1222;P;1;10;;116;329;;4;;;518;1;1;1;1;1;1;;;+10833389;+2281938;0;1
517;27;522;P;1;10;;116;117;;4;;;518;1;1;1;1;1;1;;;+10833152;+2282156;0;1
517;27;80;P;1;3;;358;29;;4;;79;;1;1;1;1;1;1;;;+10756003;+2326918;0;0
517;27;54;P;3;3;;358;290;;4;;79;;1;1;1;1;1;1;;;+10761410;+2324162;0;0
517;27;81;P;1;3;;358;31;;4;;79;;1;1;1;1;1;1;;;+10769863;+2319703;0;0
517;27;82;P;1;3;;358;346;;4;;79;;1;1;1;1;1;1;;;+10778537;+2313054;0;0
517;27;83;P;3;8;;358;33;;4;;79;;1;1;1;1;1;1;;;+10781764;+2311220;0;0
517;27;84;P;1;3;;358;34;;4;;79;;1;1;1;1;1;1;;;+10790431;+2304516;0;0
517;27;51;P;3;3;;358;291;;4;;79;;1;1;1;1;1;1;;;+10799399;+2292871;0;0
517;27;85;P;1;3;;358;449;;4;;79;;1;1;1;1;1;1;;;+10800781;+2291473;0;0
517;27;88;P;1;1;;358;267;;4;;79;;1;1;1;1;1;1;;;+10815930;+2284241;113;0
517;27;113;P;1;1;;358;288;;4;;112;;1;1;1;1;1;1;;;+10891825;+2288604;88;0
517;27;114;P;3;3;;358;49;;4;;112;;1;1;1;1;1;1;;;+10913187;+2289432;0;0
517;27;86;P;1;3;;358;50;;4;;112;;1;1;1;1;1;1;;;+10923288;+2287680;0;0
517;27;87;P;3;8;;358;51;;4;;112;;1;1;1;1;1;1;;;+10935748;+2287528;0;0
517;27;67;P;1;3;;358;52;;4;;112;;1;1;1;1;1;1;;;+10937595;+2287693;0;0
517;27;56;P;1;3;;358;355;;4;;112;;1;1;1;1;1;1;;;+10952104;+2289617;0;0
517;27;1327;P;1;12;;426;380;;4;;;1326;1;1;1;1;1;1;;;+10831607;+2277252;0;1
517;27;1328;P;1;12;;426;56;;4;;;1326;1;1;1;1;1;1;;;+10831545;+2277852;0;1
517;27;939;P;1;10;;149;168;;4;;;938;1;1;1;1;1;1;;;+10836795;+2280433;0;1
517;27;940;P;1;10;;149;220;;4;;;938;1;1;1;1;1;1;;;+10836609;+2280592;0;1
517;27;941;P;1;10;;149;166;;4;;;938;1;1;1;1;1;1;;;+10836399;+2280780;0;1
517;27;1224;P;1;12;;149;217;;4;;;938;1;1;1;1;1;1;;;+10836240;+2280924;0;1
517;27;942;P;1;10;;149;113;;4;;;938;1;1;1;1;1;1;;;+10836169;+2280988;0;1
517;27;1172;P;1;10;;338;339;;4;;;1171;1;1;1;1;1;1;;;+10839822;+2279778;0;1
517;27;1173;P;1;10;;338;336;;4;;;1171;1;1;1;1;1;1;;;+10840358;+2280328;0;1
517;27;1174;P;1;12;;338;292;;4;;;1171;1;1;1;1;1;1;;;+10840961;+2280710;0;1
517;27;1150;P;1;11;;332;166;;4;;;1149;1;1;1;1;1;1;;;+10836701;+2281445;0;1
517;27;1151;P;1;12;;332;167;;4;;;1149;1;1;1;1;1;1;;;+10836942;+2281441;0;1
517;27;1168;P;1;10;;337;225;;4;;;1167;1;1;1;1;1;1;;;+10839147;+2280122;0;1
517;27;1169;P;1;10;;337;336;;4;;;1167;1;1;1;1;1;1;;;+10839969;+2280634;0;1
517;27;1170;P;1;12;;337;38;;4;;;1167;1;1;1;1;1;1;;;+10840193;+2281270;0;1
517;27;1176;P;1;10;;336;338;;4;;;1175;1;1;1;1;1;1;;;+10840358;+2280328;0;1
517;27;1177;P;1;10;;336;337;;4;;;1175;1;1;1;1;1;1;;;+10839969;+2280634;0;1
517;27;1178;P;1;10;;336;335;;4;;;1175;1;1;1;1;1;1;;;+10839743;+2280819;0;1
517;27;1351;P;1;10;;336;376;;4;;;1175;1;1;1;1;1;1;;;+10839549;+2280956;0;1
517;27;766;P;1;10;;159;69;;4;;;765;1;1;1;1;1;1;;;+10831527;+2283537;0;1
517;27;767;P;1;10;;159;93;;4;;;765;1;1;1;1;1;1;;;+10832383;+2284016;0;1
517;27;768;P;1;11;;159;195;;4;;;765;1;1;1;1;1;1;;;+10832845;+2284291;0;1
517;27;762;P;1;10;;194;145;;4;;;761;1;1;1;1;1;1;;;+10829904;+2282725;0;1
517;27;763;P;1;10;;194;67;;4;;;761;1;1;1;1;1;1;;;+10830873;+2283182;0;1
517;27;764;P;1;10;;194;69;;4;;;761;1;1;1;1;1;1;;;+10831527;+2283537;0;1
517;27;1104;P;1;10;;322;321;;4;;;1103;1;1;1;1;1;1;;;+10831267;+2282143;0;1
517;27;1105;P;1;11;;322;68;;4;;;1103;1;1;1;1;1;1;;;+10831722;+2282349;0;1
517;27;1106;P;1;10;;322;69;;4;;;1103;1;1;1;1;1;1;;;+10832138;+2282543;0;1
517;27;1112;P;1;11;;321;323;;4;;;1111;1;1;1;1;1;1;;;+10831443;+2281820;0;1
517;27;1113;P;1;10;;321;320;;4;;;1111;1;1;1;1;1;1;;;+10831267;+2282143;0;1
517;27;1114;P;1;10;;321;65;;4;;;1111;1;1;1;1;1;1;;;+10831243;+2282386;0;1
517;27;1101;P;1;10;;320;64;;4;;;1100;1;1;1;1;1;1;;;+10830410;+2281765;0;1
517;27;1102;P;1;10;;320;321;;4;;;1100;1;1;1;1;1;1;;;+10831267;+2282143;0;1
517;27;1050;P;1;11;;217;149;;4;;;943;1;1;1;1;1;1;;;+10836240;+2280924;0;1
517;27;944;P;1;10;;217;166;;4;;;943;1;1;1;1;1;1;;;+10836616;+2280980;0;1
517;27;945;P;1;10;;217;220;;4;;;943;1;1;1;1;1;1;;;+10836823;+2280804;0;1
517;27;946;P;1;10;;217;168;;4;;;943;1;1;1;1;1;1;;;+10837036;+2280628;0;1
517;27;1236;P;1;7;;217;119;;4;;;943;1;1;1;1;1;1;;;+10837272;+2280431;0;1
517;27;1340;P;1;12;;431;226;;4;;;1339;1;1;1;1;1;1;;;+10837860;+2279916;0;1
517;27;1341;P;1;12;;431;432;;4;;;1339;1;1;1;1;1;1;;;+10838689;+2279838;0;1
517;27;1335;P;1;13;;226;339;;4;;;979;1;1;1;1;1;1;;;+10837705;+2279426;0;0
517;27;980;P;1;10;;226;429;;4;;;979;1;1;1;1;1;1;;;+10837801;+2279763;0;1
517;27;981;P;1;10;;226;122;;4;;;979;1;1;1;1;1;1;;;+10837762;+2280193;0;1
517;27;982;P;1;11;;226;38;;4;;;979;1;1;1;1;1;1;;;+10838339;+2281309;0;1
517;27;959;P;1;10;;152;150;;4;;;958;1;1;1;1;1;1;;;+10836441;+2281741;0;1
517;27;1225;P;1;12;;152;331;;4;;;958;1;1;1;1;1;1;;;+10836538;+2281690;0;1
517;27;960;P;1;10;;152;219;;4;;;958;1;1;1;1;1;1;;;+10836719;+2281594;0;1
517;27;1147;P;1;12;;331;152;;4;;;1146;1;1;1;1;1;1;;;+10836538;+2281690;0;1
517;27;1148;P;1;11;;331;166;;4;;;1146;1;1;1;1;1;1;;;+10836701;+2281445;0;1
517;27;962;P;1;10;;219;166;;4;;;961;1;1;1;1;1;1;;;+10836719;+2281594;0;1
517;27;963;P;1;12;;219;167;;4;;;961;1;1;1;1;1;1;;;+10836949;+2281507;0;1
517;27;1140;P;1;10;;330;328;;4;;;1139;1;1;1;1;1;1;;;+10834711;+2282727;0;1
517;27;1141;P;1;12;;330;171;;4;;;1139;1;1;1;1;1;1;;;+10835053;+2283068;0;1
517;27;1135;P;1;10;;329;116;;4;;;1134;1;1;1;1;1;1;;;+10833389;+2281938;0;1
517;27;1136;P;1;10;;329;327;;4;;;1134;1;1;1;1;1;1;;;+10833717;+2282185;0;1
517;27;1137;P;1;10;;329;66;;4;;;1134;1;1;1;1;1;1;;;+10834129;+2282497;0;1
517;27;1138;P;1;10;;329;330;;4;;;1134;1;1;1;1;1;1;;;+10834711;+2282727;0;1
517;27;550;P;1;10;;62;462;;4;;;549;1;1;1;1;1;1;;;+10819063;+2282065;0;0
517;27;551;P;1;10;;62;362;;4;;;549;1;1;1;1;1;1;;;+10823455;+2282934;0;1
517;27;552;P;1;10;;62;363;;4;;;549;1;1;1;1;1;1;;;+10824084;+2282972;0;1
517;27;553;P;1;6;;62;100;;4;;;549;1;1;1;1;1;1;;;+10825296;+2282962;0;1
517;27;554;P;1;10;;62;132;;4;;;549;1;1;1;1;1;1;;;+10828337;+2281153;0;1
517;27;555;P;1;10;;62;187;;4;;;549;1;1;1;1;1;1;;;+10828985;+2280587;0;1
517;27;556;P;1;10;;62;64;;4;;;549;1;1;1;1;1;1;;;+10830855;+2281172;0;1
517;27;557;P;1;10;;62;134;;4;;;549;1;1;1;1;1;1;;;+10831918;+2281303;0;1
517;27;558;P;1;6;;62;82;;4;;;549;1;1;1;1;1;1;;;+10832053;+2281151;0;1
517;27;559;P;1;10;;62;135;;4;;;549;1;1;1;1;1;1;;;+10832212;+2280881;0;1
517;27;560;P;1;10;;62;366;;4;;;549;1;1;1;1;1;1;;;+10832409;+2280463;0;1
517;27;561;P;1;12;;62;137;;4;;;549;1;1;1;1;1;1;;;+10832552;+2279511;0;1
517;27;562;P;1;10;;62;387;;4;;;549;1;1;1;1;1;1;;;+10834089;+2279484;0;1
517;27;563;P;1;10;;62;345;;4;;;549;1;1;1;1;1;1;;;+10834837;+2279136;0;1
517;27;434;P;1;10;;479;62;;4;;;486;1;1;1;1;1;1;;;+10819063;+2282065;0;0
517;27;420;P;1;12;;479;476;;4;;;486;1;1;1;1;1;1;;;+10819075;+2282370;0;0
517;27;516;P;1;10;;111;272;;4;;;515;1;1;1;1;1;1;;;+10833835;+2280150;0;1
517;27;517;P;1;10;;111;114;;4;;;515;1;1;1;1;1;1;;;+10833620;+2280637;0;1
517;27;1108;P;1;12;;189;156;;4;;;1107;1;1;1;1;1;1;;;+10831767;+2281402;0;1
517;27;1109;P;1;10;;189;186;;4;;;1107;1;1;1;1;1;1;;;+10831441;+2281627;0;1
517;27;1110;P;1;11;;189;323;;4;;;1107;1;1;1;1;1;1;;;+10831443;+2281820;0;1
517;27;918;P;1;12;;167;38;;4;;;917;1;1;1;1;1;1;;;+10837026;+2281302;0;1
517;27;919;P;1;10;;167;166;;4;;;917;1;1;1;1;1;1;;;+10837033;+2281782;0;1
517;27;920;P;1;10;;167;153;;4;;;917;1;1;1;1;1;1;;;+10837162;+2282064;0;1
517;27;921;P;1;10;;167;123;;4;;;917;1;1;1;1;1;1;;;+10837346;+2282288;0;1
517;27;1285;P;1;12;;167;413;;4;;;917;1;1;1;1;1;1;;;+10837570;+2282819;0;1
517;27;912;P;1;10;;220;121;;4;;;910;1;1;1;1;1;1;;;+10836327;+2280328;0;1
517;27;913;P;1;10;;220;149;;4;;;910;1;1;1;1;1;1;;;+10836609;+2280592;0;1
517;27;914;P;1;10;;220;217;;4;;;910;1;1;1;1;1;1;;;+10836823;+2280804;0;1
517;27;915;P;1;12;;220;222;;4;;;910;1;1;1;1;1;1;;;+10837038;+2281066;0;1
517;27;916;P;1;12;;220;38;;4;;;910;1;1;1;1;1;1;;;+10837026;+2281302;0;1
517;27;1390;P;1;12;;417;173;;4;;;1389;1;1;1;1;1;1;;;+10821042;+2276828;0;0
517;27;1391;P;1;12;;417;416;;4;;;1389;1;1;1;1;1;1;;;+10824588;+2278111;0;1
517;27;865;P;1;10;;57;55;;4;;;864;1;1;1;1;1;1;;;+10829319;+2276823;0;1
517;27;866;P;1;10;;57;82;;4;;;864;1;1;1;1;1;1;;;+10831155;+2276817;0;1
517;27;956;P;1;12;;222;220;;4;;;955;1;1;1;1;1;1;;;+10837038;+2281066;0;1
517;27;957;P;1;12;;222;168;;4;;;955;1;1;1;1;1;1;;;+10837362;+2281071;0;1
517;27;924;P;1;10;;168;121;;4;;;923;1;1;1;1;1;1;;;+10836434;+2280239;0;1
517;27;925;P;1;10;;168;149;;4;;;923;1;1;1;1;1;1;;;+10836795;+2280433;0;1
517;27;926;P;1;10;;168;217;;4;;;923;1;1;1;1;1;1;;;+10837036;+2280628;0;1
517;27;927;P;1;12;;168;222;;4;;;923;1;1;1;1;1;1;;;+10837362;+2281071;0;1
517;27;928;P;1;10;;168;38;;4;;;923;1;1;1;1;1;1;;;+10837360;+2281302;0;1
517;27;929;P;1;11;;168;224;;4;;;923;1;1;1;1;1;1;;;+10837360;+2281448;0;1
517;27;1226;P;1;10;;168;333;;4;;;923;1;1;1;1;1;1;;;+10837276;+2281684;0;1
517;27;930;P;1;10;;168;167;;4;;;923;1;1;1;1;1;1;;;+10837033;+2281782;0;1
517;27;968;P;1;11;;224;168;;4;;;967;1;1;1;1;1;1;;;+10837360;+2281448;0;1
517;27;969;P;1;12;;224;172;;4;;;967;1;1;1;1;1;1;;;+10837598;+2281448;0;1
517;27;857;P;1;11;;107;81;;4;;;856;1;1;1;1;1;1;;;+10832264;+2275315;0;1
517;27;1227;P;1;8;;107;340;;4;;;856;1;1;1;1;1;1;;;+10832277;+2275715;0;1
517;27;858;P;1;10;;107;17;;4;;;856;1;1;1;1;1;1;;;+10832294;+2276080;0;1
517;27;859;P;1;10;;107;85;;4;;;856;1;1;1;1;1;1;;;+10832761;+2276846;0;1
517;27;1302;P;1;11;;421;373;;4;;;1301;1;1;1;1;1;1;;;+10828151;+2276078;0;1
517;27;1303;P;1;12;;421;56;;4;;;1301;1;1;1;1;1;1;;;+10828145;+2277688;0;1
517;27;902;P;3;37;;166;216;;4;;;901;1;1;1;1;1;1;;;+10836001;+2280389;0;1
517;27;903;P;1;10;;166;121;;4;;;901;1;1;1;1;1;1;;;+10836115;+2280514;0;1
517;27;904;P;1;10;;166;149;;4;;;901;1;1;1;1;1;1;;;+10836399;+2280780;0;1
517;27;905;P;1;10;;166;217;;4;;;901;1;1;1;1;1;1;;;+10836616;+2280980;0;1
517;27;906;P;1;12;;166;218;;4;;;901;1;1;1;1;1;1;;;+10836688;+2281081;0;1
517;27;907;P;1;10;;166;38;;4;;;901;1;1;1;1;1;1;;;+10836708;+2281304;0;1
517;27;1228;P;1;11;;166;331;;4;;;901;1;1;1;1;1;1;;;+10836701;+2281445;0;1
517;27;908;P;1;10;;166;219;;4;;;901;1;1;1;1;1;1;;;+10836719;+2281594;0;1
517;27;909;P;1;10;;166;167;;4;;;901;1;1;1;1;1;1;;;+10837033;+2281782;0;1
517;27;953;P;1;12;;218;166;;4;;;952;1;1;1;1;1;1;;;+10836688;+2281081;0;1
517;27;954;P;1;12;;218;220;;4;;;952;1;1;1;1;1;1;;;+10837038;+2281066;0;1
517;27;933;P;1;12;;121;119;;4;;;932;1;1;1;1;1;1;;;+10836728;+2279953;0;1
517;27;934;P;1;10;;121;168;;4;;;932;1;1;1;1;1;1;;;+10836434;+2280239;0;1
517;27;935;P;1;10;;121;220;;4;;;932;1;1;1;1;1;1;;;+10836327;+2280328;0;1
517;27;936;P;1;10;;121;166;;4;;;932;1;1;1;1;1;1;;;+10836115;+2280514;0;1
517;27;937;P;1;10;;121;113;;4;;;932;1;1;1;1;1;1;;;+10835887;+2280712;0;1
517;27;1161;P;1;10;;334;38;;4;;;1160;1;1;1;1;1;1;;;+10839150;+2281310;0;1
517;27;1162;P;1;12;;334;230;;4;;;1160;1;1;1;1;1;1;;;+10839149;+2281643;0;1
517;27;1366;P;1;13;;442;436;;4;;;1365;1;1;1;1;1;1;;;+10843948;+2280419;0;0
517;27;1367;P;1;12;;442;437;;4;;;1365;1;1;1;1;1;1;;;+10844523;+2280413;0;0
517;27;1369;P;3;37;;437;445;;4;;;1368;1;1;1;1;1;1;;;+10844552;+2280229;0;0
517;27;1370;P;1;12;;437;442;;4;;;1368;1;1;1;1;1;1;;;+10844523;+2280413;0;0
517;27;1371;P;1;10;;437;209;;4;;;1368;1;1;1;1;1;1;;;+10844510;+2280904;0;0
517;27;1372;P;1;11;;437;443;;4;;;1368;1;1;1;1;1;1;;;+10844515;+2281201;0;0
517;27;1373;P;1;12;;437;446;;4;;;1368;1;1;1;1;1;1;;;+10844512;+2281451;0;0
517;27;1245;P;1;12;;372;77;;4;;;1244;1;1;1;1;1;1;;;+10825471;+2284786;0;1
517;27;1246;P;1;10;;372;102;;4;;;1244;1;1;1;1;1;1;;;+10827177;+2284781;0;1
517;27;1247;P;1;10;;372;103;;4;;;1244;1;1;1;1;1;1;;;+10828296;+2284878;0;1
517;27;699;P;1;10;;102;91;;4;;;698;1;1;1;1;1;1;;;+10827307;+2283653;0;1
517;27;700;P;1;10;;102;77;;4;;;698;1;1;1;1;1;1;;;+10827183;+2285507;0;1
517;27;1229;P;1;10;;102;180;;4;;;698;1;1;1;1;1;1;;;+10827183;+2286380;0;1
517;27;1230;P;1;10;;102;177;;4;;;698;1;1;1;1;1;1;;;+10827186;+2286730;0;1
517;27;702;P;1;12;;102;181;;4;;;698;1;1;1;1;1;1;;;+10827188;+2287830;0;1
517;27;721;P;1;10;;183;102;;4;;;720;1;1;1;1;1;1;;;+10827183;+2286380;0;1
517;27;722;P;1;12;;183;182;;4;;;720;1;1;1;1;1;1;;;+10827523;+2286388;0;1
517;27;1068;P;1;12;;181;102;;4;;;1067;1;1;1;1;1;1;;;+10827188;+2287830;0;1
517;27;1069;P;1;10;;181;277;;4;;;1067;1;1;1;1;1;1;;;+10828041;+2287861;0;1
517;27;716;P;1;11;;180;185;;4;;;715;1;1;1;1;1;1;;;+10825085;+2285915;0;1
517;27;717;P;1;11;;180;101;;4;;;715;1;1;1;1;1;1;;;+10825708;+2286049;0;1
517;27;718;P;1;11;;180;184;;4;;;715;1;1;1;1;1;1;;;+10826378;+2286283;0;1
517;27;719;P;1;10;;180;102;;4;;;715;1;1;1;1;1;1;;;+10827183;+2286380;0;1
517;27;1238;P;1;11;;305;279;;4;;;1054;1;1;1;1;1;1;;;+10822633;+2285597;0;1
517;27;1055;P;1;12;;305;363;;4;;;1054;1;1;1;1;1;1;;;+10823806;+2285851;0;1
517;27;1056;P;1;11;;305;185;;4;;;1054;1;1;1;1;1;1;;;+10825085;+2286151;0;1
517;27;12058;P;1;3;;875;494;;6;;;12051;1;1;1;1;1;1;;;+10972663;+2161891;0;0
517;27;12059;P;1;3;;875;891;;6;;;12051;1;1;1;1;1;1;;;+10965966;+2164868;0;0
517;27;12052;P;3;3;;875;876;;6;;;12051;1;1;1;1;1;1;;;+10952710;+2167498;0;0
517;27;12053;P;1;3;;875;877;;6;;;12051;1;1;1;1;1;1;;;+10938117;+2171348;0;0
517;27;12054;P;1;1;;875;878;;6;;;12051;1;1;1;1;1;1;;;+10923458;+2174449;0;0
517;27;12055;P;3;3;;875;879;;6;;;12051;1;1;1;1;1;1;;;+10920567;+2175626;0;0
517;27;12056;P;1;3;;875;880;;6;;;12051;1;1;1;1;1;1;;;+10913147;+2176478;0;0
517;27;12057;P;3;3;;875;881;;6;;;12051;1;1;1;1;1;1;;;+10893658;+2181228;0;0
517;27;18052;P;3;8;;893;20;;7;;;18051;1;1;1;1;1;1;;;+10809018;+2387060;0;0
517;27;18053;P;1;3;;893;894;;7;;;18051;1;1;1;1;1;1;;;+10808999;+2391793;0;0
517;27;6052;P;3;3;;884;881;;5;;;6051;1;1;1;1;1;1;;;+10893658;+2181228;0;0
517;27;6053;P;1;3;;884;885;;5;;;6051;1;1;1;1;1;1;;;+10884803;+2184510;0;0
517;27;6054;P;1;3;;884;886;;5;;;6051;1;1;1;1;1;1;;;+10866607;+2189227;0;0
517;27;6055;P;1;3;;884;887;;5;;;6051;1;1;1;1;1;1;;;+10855102;+2194068;0;0
517;27;6056;P;1;1;;884;888;;5;;;6051;1;1;1;1;1;1;;;+10850870;+2196918;0;0
517;27;6057;P;3;3;;884;889;;5;;;6051;1;1;1;1;1;1;;;+10850029;+2198067;0;0
517;27;6058;P;1;3;;884;890;;5;;;6051;1;1;1;1;1;1;;;+10844462;+2214146;0;0
517;27;6059;P;1;3;;884;494;;5;;;6051;1;1;1;1;1;1;;;+10842667;+2224787;0;0
517;27;629;P;1;10;;370;109;;4;;;1240;1;1;1;1;1;1;;;+10834932;+2277205;0;0
517;27;1241;P;1;12;;370;120;;4;;;1240;1;1;1;1;1;1;;;+10837132;+2278563;0;0
517;27;565;P;1;10;;109;370;;4;;;564;1;1;1;1;1;1;;;+10834932;+2277205;0;0
517;27;566;P;1;10;;109;140;;4;;;564;1;1;1;1;1;1;;;+10834659;+2277656;0;1
517;27;567;P;1;12;;109;341;;4;;;564;1;1;1;1;1;1;;;+10835093;+2278481;0;1
517;27;568;P;1;10;;109;345;;4;;;564;1;1;1;1;1;1;;;+10834837;+2279136;0;1
517;27;1197;P;1;12;;341;109;;4;;;1199;1;1;1;1;1;1;;;+10835093;+2278481;0;1
517;27;1200;P;1;12;;341;389;;4;;;1199;1;1;1;1;1;1;;;+10835598;+2279063;0;1
517;27;1201;P;1;12;;341;119;;4;;;1199;1;1;1;1;1;1;;;+10835526;+2279352;0;1
517;27;124;P;1;3;;895;896;;4;;;123;1;1;1;1;1;1;;;+10886662;+2269432;0;0
517;27;125;P;1;3;;895;898;;4;;;123;1;1;1;1;1;1;;;+10885493;+2277955;0;0
517;27;126;P;3;3;;895;897;;4;;;123;1;1;1;1;1;1;;;+10885324;+2280848;0;0
517;27;127;P;1;1;;895;288;;4;;;123;1;1;1;1;1;1;;;+10883838;+2285162;0;0
517;27;1379;P;1;10;;447;17;;4;;;1378;1;1;1;1;1;1;;;+10846347;+2275972;0;0
517;27;1380;P;1;12;;447;438;;4;;;1378;1;1;1;1;1;1;;;+10845603;+2279570;0;0
517;27;756;P;1;10;;187;62;;4;;;755;1;1;1;1;1;1;;;+10828985;+2280587;0;1
517;27;757;P;1;10;;187;90;;4;;;755;1;1;1;1;1;1;;;+10829566;+2281777;0;1
517;27;760;P;1;10;;187;145;;4;;;755;1;1;1;1;1;1;;;+10829904;+2282725;0;1
517;27;724;P;1;11;;103;463;;4;;;723;1;1;1;1;1;1;;;+10827792;+2282462;0;1
517;27;725;P;1;10;;103;91;;4;;;723;1;1;1;1;1;1;;;+10828321;+2283395;0;1
517;27;726;P;1;12;;103;77;;4;;;723;1;1;1;1;1;1;;;+10828301;+2285507;0;1
517;27;692;P;1;10;;279;143;;4;;;1237;1;1;1;1;1;1;;;+10821425;+2283297;0;1
517;27;1239;P;1;11;;279;305;;4;;;1237;1;1;1;1;1;1;;;+10822633;+2285597;0;1
517;27;800;P;1;12;;158;200;;4;;;799;1;1;1;1;1;1;;;+10832388;+2281649;0;1
517;27;801;P;1;10;;158;69;;4;;;799;1;1;1;1;1;1;;;+10832622;+2281755;0;1
517;27;802;P;1;10;;158;163;;4;;;799;1;1;1;1;1;1;;;+10832825;+2281833;0;1
517;27;1116;P;1;12;;156;62;;4;;1115;;1;1;1;1;1;1;;;+10831717;+2281350;0;1
517;27;1117;P;1;11;;156;134;;4;;1115;;1;1;1;1;1;1;;;+10831795;+2281429;804;1
517;27;804;P;1;12;;156;68;;4;;803;;1;1;1;1;1;1;;;+10832143;+2281550;1117;1
517;27;805;P;1;11;;156;200;;4;;803;;1;1;1;1;1;1;;;+10832403;+2281575;0;1
517;27;806;P;1;10;;156;135;;4;;803;;1;1;1;1;1;1;;;+10832590;+2281511;0;1
517;27;807;P;1;10;;156;163;;4;;803;;1;1;1;1;1;1;;;+10832845;+2281525;0;1
517;27;822;P;1;10;;117;87;;4;;;821;1;1;1;1;1;1;;;+10832133;+2282039;0;1
517;27;823;P;1;10;;117;196;;4;;;821;1;1;1;1;1;1;;;+10832218;+2282003;0;1
517;27;824;P;1;10;;117;69;;4;;;821;1;1;1;1;1;1;;;+10832498;+2282012;0;1
517;27;825;P;1;10;;117;163;;4;;;821;1;1;1;1;1;1;;;+10832804;+2282103;0;1
517;27;826;P;1;10;;117;116;;4;;;821;1;1;1;1;1;1;;;+10833152;+2282156;0;1
517;27;827;P;1;10;;117;66;;4;;;821;1;1;1;1;1;1;;;+10833859;+2282741;0;1
517;27;828;P;1;12;;117;73;;4;;;821;1;1;1;1;1;1;;;+10833963;+2282824;0;1
517;27;829;P;1;11;;117;202;;4;;;821;1;1;1;1;1;1;;;+10834192;+2283014;0;1
517;27;1094;P;1;11;;319;159;;4;;;1093;1;1;1;1;1;1;;;+10832845;+2284291;0;1
517;27;1095;P;1;12;;319;465;;4;;;1093;1;1;1;1;1;1;;;+10832992;+2284367;0;1
517;27;1096;P;1;12;;319;157;;4;;;1093;1;1;1;1;1;1;;;+10832887;+2284674;0;1
517;27;1250;P;1;10;;373;374;;4;;;1249;1;1;1;1;1;1;;;+10825881;+2276079;0;1
517;27;1251;P;1;10;;373;10;;4;;;1249;1;1;1;1;1;1;;;+10827138;+2276073;0;1
517;27;1252;P;1;10;;373;55;;4;;;1249;1;1;1;1;1;1;;;+10828962;+2276020;0;1
517;27;1415;P;1;10;;373;79;;4;;;1249;1;1;1;1;1;1;;;+10831665;+2276139;0;1
517;27;1254;P;1;10;;374;96;;4;;;1253;1;1;1;1;1;1;;;+10825547;+2277430;0;1
517;27;1255;P;1;10;;374;373;;4;;;1253;1;1;1;1;1;1;;;+10825881;+2276079;0;1
517;27;1091;P;3;27;;318;283;;4;;;1090;1;1;1;1;1;1;;;+10817050;+2260950;0;0
517;27;1092;P;1;3;;318;7;;4;;;1090;1;1;1;1;1;1;;;+10817689;+2261575;0;0
517;27;1248;P;1;3;;97;267;;4;;;501;1;1;1;1;1;1;;;+10821839;+2276259;0;0
517;27;503;P;1;10;;97;96;;4;;;501;1;1;1;1;1;1;;;+10825547;+2277430;0;1
517;27;504;P;1;10;;97;10;;4;;;501;1;1;1;1;1;1;;;+10827146;+2277702;0;1
517;27;1013;P;1;10;;235;96;;4;;;1012;1;1;1;1;1;1;;;+10825547;+2277430;0;1
517;27;1014;P;1;12;;235;10;;4;;;1012;1;1;1;1;1;1;;;+10827029;+2277690;0;1
517;27;1362;P;1;13;;436;442;;4;;;1361;1;1;1;1;1;1;;;+10843948;+2280419;0;0
517;27;1363;P;1;10;;436;209;;4;;;1361;1;1;1;1;1;1;;;+10843941;+2280879;0;0
517;27;1364;P;1;12;;436;443;;4;;;1361;1;1;1;1;1;1;;;+10843940;+2281211;0;0
517;27;1324;P;1;12;;344;427;;4;;;1323;1;1;1;1;1;1;;;+10831915;+2277282;0;1
517;27;1325;P;1;12;;344;56;;4;;;1323;1;1;1;1;1;1;;;+10831843;+2277981;0;1
517;27;1313;P;1;11;;423;425;;4;;;1312;1;1;1;1;1;1;;;+10830961;+2275980;0;1
517;27;1314;P;1;10;;423;80;;4;;;1312;1;1;1;1;1;1;;;+10830623;+2276326;0;1
517;27;1315;P;1;12;;423;57;;4;;;1312;1;1;1;1;1;1;;;+10830611;+2276821;0;1
517;27;838;P;1;10;;146;135;;4;;;837;1;1;1;1;1;1;;;+10832388;+2281016;0;1
517;27;839;P;1;10;;146;163;;4;;;837;1;1;1;1;1;1;;;+10832881;+2280851;0;1
517;27;840;P;1;10;;146;111;;4;;;837;1;1;1;1;1;1;;;+10833620;+2280637;0;1
517;27;1333;P;1;12;;429;119;;4;;;1332;1;1;1;1;1;1;;;+10836829;+2280002;0;1
517;27;1334;P;1;10;;429;226;;4;;;1332;1;1;1;1;1;1;;;+10837801;+2279763;0;1
517;27;880;P;1;12;;162;370;;4;;;879;1;1;1;1;1;1;;;+10837132;+2278563;0;0
517;27;881;P;1;12;;162;466;;4;;;879;1;1;1;1;1;1;;;+10840722;+2276765;0;0
517;27;882;P;1;12;;162;211;;4;;;879;1;1;1;1;1;1;;;+10842666;+2277974;0;0
517;27;993;P;1;10;;162;339;;4;;;879;1;1;1;1;1;1;;;+10842089;+2279663;0;1
517;27;883;P;1;12;;162;297;;4;;;879;1;1;1;1;1;1;;;+10842135;+2280029;0;1
517;27;884;P;1;10;;162;213;;4;;;879;1;1;1;1;1;1;;;+10841782;+2281125;0;1
517;27;1414;P;1;10;;213;337;;4;;;886;1;1;1;1;1;1;;;+10840166;+2280889;0;1
517;27;887;P;1;6;;213;292;;4;;;886;1;1;1;1;1;1;;;+10840663;+2280963;0;1
517;27;888;P;1;10;;213;162;;4;;;886;1;1;1;1;1;1;;;+10841782;+2281125;0;1
517;27;885;P;1;10;;213;209;;4;;;886;1;1;1;1;1;1;;;+10842048;+2281106;0;1
517;27;1052;P;1;10;;120;467;;4;;;631;1;1;1;1;1;1;;;+10837037;+2276809;0;0
517;27;632;P;1;12;;120;468;;4;;;631;1;1;1;1;1;1;;;+10837008;+2278871;0;0
517;27;633;P;1;10;;120;140;;4;;;631;1;1;1;1;1;1;;;+10836717;+2279180;0;0
517;27;634;P;1;10;;120;119;;4;;;631;1;1;1;1;1;1;;;+10836089;+2279641;0;1
517;27;635;P;1;10;;120;113;;4;;;631;1;1;1;1;1;1;;;+10835408;+2280257;0;1
517;27;987;P;1;12;;225;469;;4;;;986;1;1;1;1;1;1;;;+10838925;+2279272;0;0
517;27;911;P;1;10;;225;339;;4;;;986;1;1;1;1;1;1;;;+10839118;+2279573;0;1
517;27;988;P;1;10;;225;122;;4;;;986;1;1;1;1;1;1;;;+10839147;+2280122;0;1
517;27;989;P;1;10;;225;38;;4;;;986;1;1;1;1;1;1;;;+10839150;+2281310;0;1
517;27;482;P;1;10;;100;452;;4;;;481;1;1;1;1;1;1;;;+10825284;+2281876;0;1
517;27;483;P;1;10;;100;91;;4;;;481;1;1;1;1;1;1;;;+10825297;+2284023;0;1
517;27;1279;P;1;10;;392;452;;4;;;1278;1;1;1;1;1;1;;;+10825284;+2281876;0;1
517;27;627;P;1;12;;392;85;;4;;;1278;1;1;1;1;1;1;;;+10825295;+2282462;0;1
517;27;734;P;1;10;;186;188;;4;;;733;1;1;1;1;1;1;;;+10830995;+2281462;0;1
517;27;735;P;1;10;;186;189;;4;;;733;1;1;1;1;1;1;;;+10831441;+2281627;0;1
517;27;1382;P;1;12;;438;447;;4;;;1381;1;1;1;1;1;1;;;+10845603;+2279570;0;0
517;27;1383;P;1;10;;438;209;;4;;;1381;1;1;1;1;1;1;;;+10844959;+2280932;0;0
517;27;1384;P;1;12;;438;443;;4;;;1381;1;1;1;1;1;1;;;+10844961;+2281208;0;0
517;27;1385;P;1;12;;438;446;;4;;;1381;1;1;1;1;1;1;;;+10844959;+2281484;0;0
517;27;478;P;1;10;;96;97;;4;;;477;1;1;1;1;1;1;;;+10825547;+2277430;0;1
517;27;479;P;1;10;;96;99;;4;;;477;1;1;1;1;1;1;;;+10825196;+2280618;0;1
517;27;480;P;1;10;;96;452;;4;;;477;1;1;1;1;1;1;;;+10825284;+2281876;0;1
517;27;1242;P;1;10;;231;97;;4;;;994;1;1;1;1;1;1;;;+10825547;+2277430;0;1
517;27;996;P;1;7;;231;98;;4;;;994;1;1;1;1;1;1;;;+10825210;+2278179;0;1
517;27;997;P;1;10;;231;99;;4;;;994;1;1;1;1;1;1;;;+10825196;+2280618;0;1
517;27;998;P;1;10;;231;452;;4;;;994;1;1;1;1;1;1;;;+10825284;+2281876;0;1
517;27;594;P;1;10;;113;147;;4;;;593;1;1;1;1;1;1;;;+10834001;+2279779;0;1
517;27;595;P;1;10;;113;120;;4;;;593;1;1;1;1;1;1;;;+10835408;+2280257;0;1
517;27;596;P;1;10;;113;121;;4;;;593;1;1;1;1;1;1;;;+10835887;+2280712;0;1
517;27;597;P;1;10;;113;149;;4;;;593;1;1;1;1;1;1;;;+10836169;+2280988;0;1
517;27;598;P;1;10;;113;38;;4;;;593;1;1;1;1;1;1;;;+10836292;+2281311;0;1
517;27;1126;P;1;12;;327;326;;4;;;1125;1;1;1;1;1;1;;;+10834006;+2281578;0;1
517;27;1127;P;1;10;;327;118;;4;;;1125;1;1;1;1;1;1;;;+10833994;+2281895;0;1
517;27;1128;P;1;10;;327;329;;4;;;1125;1;1;1;1;1;1;;;+10833717;+2282185;0;1
517;27;1129;P;1;10;;327;117;;4;;;1125;1;1;1;1;1;1;;;+10833475;+2282425;0;1
517;27;606;P;1;6;;366;470;;4;;;605;1;1;1;1;1;1;;;+10830855;+2281172;0;1
517;27;1213;P;1;6;;366;82;;4;;;605;1;1;1;1;1;1;;;+10831416;+2280477;0;1
517;27;607;P;1;12;;366;147;;4;;;605;1;1;1;1;1;1;;;+10832616;+2280424;0;1
517;27;589;P;1;10;;147;366;;4;;;588;1;1;1;1;1;1;;;+10832409;+2280463;0;1
517;27;590;P;1;10;;147;137;;4;;;588;1;1;1;1;1;1;;;+10832720;+2280399;0;1
517;27;591;P;1;10;;147;148;;4;;;588;1;1;1;1;1;1;;;+10833084;+2280242;0;1
517;27;592;P;1;10;;147;113;;4;;;588;1;1;1;1;1;1;;;+10834001;+2279779;0;1
517;27;835;P;1;10;;148;147;;4;;;834;1;1;1;1;1;1;;;+10833084;+2280242;0;1
517;27;836;P;1;10;;148;111;;4;;;834;1;1;1;1;1;1;;;+10833620;+2280637;0;1
517;27;868;P;1;10;;60;58;;4;;;867;1;1;1;1;1;1;;;+10829327;+2278809;0;1
517;27;869;P;1;10;;60;82;;4;;;867;1;1;1;1;1;1;;;+10831145;+2278888;0;1
517;27;870;P;1;10;;60;110;;4;;;867;1;1;1;1;1;1;;;+10832099;+2278981;0;1
517;27;872;P;1;10;;110;85;;4;;;871;1;1;1;1;1;1;;;+10832752;+2277684;0;1
517;27;873;P;1;11;;110;56;;4;;;871;1;1;1;1;1;1;;;+10832524;+2278298;0;1
517;27;874;P;1;10;;110;60;;4;;;871;1;1;1;1;1;1;;;+10832099;+2278981;0;1
517;27;1375;P;1;12;;443;436;;4;;;1374;1;1;1;1;1;1;;;+10843940;+2281211;0;0
517;27;1376;P;1;11;;443;437;;4;;;1374;1;1;1;1;1;1;;;+10844515;+2281201;0;0
517;27;1377;P;1;12;;443;438;;4;;;1374;1;1;1;1;1;1;;;+10844961;+2281208;0;0
517;27;1305;P;1;12;;422;80;;4;;;1304;1;1;1;1;1;1;;;+10829709;+2276320;0;1
517;27;1306;P;1;12;;422;57;;4;;;1304;1;1;1;1;1;1;;;+10829707;+2276821;0;1
517;27;1293;P;1;12;;416;417;;4;;;1292;1;1;1;1;1;1;;;+10824588;+2278111;0;1
517;27;1294;P;1;12;;416;99;;4;;;1292;1;1;1;1;1;1;;;+10823561;+2280653;0;1
517;27;1180;P;1;10;;292;339;;4;;;1179;1;1;1;1;1;1;;;+10841536;+2279673;0;1
517;27;1181;P;1;12;;292;338;;4;;;1179;1;1;1;1;1;1;;;+10840961;+2280710;0;1
517;27;1182;P;1;12;;292;213;;4;;;1179;1;1;1;1;1;1;;;+10840663;+2280963;0;1
517;27;1416;P;1;6;;292;169;;4;;;1179;1;1;1;1;1;1;;;+10840618;+2281302;0;1
517;27;899;P;1;10;;215;118;;4;;;898;1;1;1;1;1;1;;;+10835386;+2282584;0;1
517;27;900;P;1;10;;215;165;;4;;;898;1;1;1;1;1;1;;;+10836078;+2282180;0;1
517;27;426;P;1;10;;71;66;;4;;;425;1;1;1;1;1;1;;;+10833074;+2283380;0;1
517;27;863;P;1;12;;71;195;;4;;;425;1;1;1;1;1;1;;;+10833253;+2283609;0;1
517;27;427;P;1;10;;71;73;;4;;;425;1;1;1;1;1;1;;;+10833401;+2283763;0;1
517;27;428;P;1;10;;71;72;;4;;;425;1;1;1;1;1;1;;;+10834074;+2285326;0;1
517;27;1098;P;1;12;;195;71;;4;;;1097;1;1;1;1;1;1;;;+10833253;+2283609;0;1
517;27;1099;P;1;12;;195;319;;4;;;1097;1;1;1;1;1;1;;;+10832992;+2284367;0;1
517;27;854;P;1;12;;73;117;;4;;;853;1;1;1;1;1;1;;;+10833963;+2282824;0;1
517;27;855;P;1;10;;73;71;;4;;;853;1;1;1;1;1;1;;;+10833401;+2283763;0;1
517;27;965;P;1;12;;227;167;;4;;;964;1;1;1;1;1;1;;;+10837123;+2281450;0;1
517;27;966;P;1;11;;227;224;;4;;;964;1;1;1;1;1;1;;;+10837360;+2281448;0;1
517;27;1082;P;1;10;;127;452;;4;;;1081;1;1;1;1;1;1;;;+10830372;+2279473;0;1
517;27;814;P;1;12;;127;310;;4;;;1081;1;1;1;1;1;1;;;+10830301;+2279574;0;1
517;27;1083;P;1;10;;127;85;;4;;;1081;1;1;1;1;1;1;;;+10830156;+2279933;0;1
517;27;1277;P;1;10;;385;96;;4;;;1276;1;1;1;1;1;1;;;+10825196;+2280618;0;1
517;27;684;P;1;12;;385;98;;4;;;1276;1;1;1;1;1;1;;;+10825929;+2280325;0;1
517;27;1353;P;1;10;;209;38;;4;;;1352;1;1;1;1;1;1;;;+10842059;+2281298;0;1
517;27;1354;P;1;10;;209;213;;4;;;1352;1;1;1;1;1;1;;;+10842048;+2281106;0;1
517;27;1355;P;1;10;;209;436;;4;;;1352;1;1;1;1;1;1;;;+10843941;+2280879;0;0
517;27;1356;P;1;10;;209;437;;4;;;1352;1;1;1;1;1;1;;;+10844510;+2280904;0;0
517;27;1357;P;1;10;;209;438;;4;;;1352;1;1;1;1;1;1;;;+10844959;+2280932;0;0
517;27;1358;P;1;12;;209;439;;4;;;1352;1;1;1;1;1;1;;;+10847598;+2281035;0;0
517;27;1359;P;1;11;;209;440;;4;;;1352;1;1;1;1;1;1;;;+10849582;+2278220;0;1
517;27;1360;P;1;8;;209;441;;4;;;1352;1;1;1;1;1;1;;;+10849663;+2276166;0;1
517;27;1330;P;1;12;;413;428;;4;;;1329;1;1;1;1;1;1;;;+10837240;+2282935;0;1
517;27;1331;P;1;12;;413;94;;4;;;1329;1;1;1;1;1;1;;;+10837873;+2282714;0;1
517;27;689;P;1;10;;363;62;;4;;;688;1;1;1;1;1;1;;;+10824084;+2282972;0;1
517;27;690;P;1;10;;363;91;;4;;;688;1;1;1;1;1;1;;;+10823978;+2283974;0;1
517;27;691;P;1;12;;363;305;;4;;;688;1;1;1;1;1;1;;;+10823806;+2285851;0;1
517;27;530;P;1;7;;94;38;;4;;;529;1;1;1;1;1;1;;;+10837893;+2281295;0;1
517;27;531;P;1;6;;94;123;;4;;;529;1;1;1;1;1;1;;;+10837895;+2282288;0;1
517;27;533;P;1;7;;94;72;;4;;;529;1;1;1;1;1;1;;;+10836715;+2285834;0;1
517;27;1038;P;1;10;;262;119;;4;;;1037;1;1;1;1;1;1;;;+10837893;+2281295;0;1
517;27;626;P;1;12;;262;230;;4;;;1037;1;1;1;1;1;1;;;+10837895;+2281791;0;1
517;27;1039;P;1;10;;262;123;;4;;;1037;1;1;1;1;1;1;;;+10837895;+2282288;0;1
517;27;1040;P;1;12;;262;124;;4;;;1037;1;1;1;1;1;1;;;+10837890;+2282708;0;1
517;27;625;P;1;12;;262;118;;4;;;1037;1;1;1;1;1;1;;;+10837827;+2283135;0;1
517;27;570;P;1;6;;262;202;;4;;;1037;1;1;1;1;1;1;;;+10837334;+2284492;0;1
517;27;1041;P;1;7;;262;72;;4;;;1037;1;1;1;1;1;1;;;+10836715;+2285834;0;1
517;27;975;P;1;10;;153;150;;4;;;974;1;1;1;1;1;1;;;+10836800;+2282273;0;1
517;27;976;P;1;10;;153;167;;4;;;974;1;1;1;1;1;1;;;+10837162;+2282064;0;1
517;27;977;P;1;10;;153;172;;4;;;974;1;1;1;1;1;1;;;+10837601;+2282060;0;1
517;27;978;P;1;12;;153;94;;4;;;974;1;1;1;1;1;1;;;+10837896;+2282057;0;1
517;27;686;P;1;10;;362;62;;4;;;685;1;1;1;1;1;1;;;+10823455;+2282934;0;1
517;27;687;P;1;10;;362;91;;4;;;685;1;1;1;1;1;1;;;+10823304;+2283730;0;1
517;27;789;P;1;13;;196;134;;4;;788;;1;1;1;1;1;1;;;+10831745;+2281496;0;1
517;27;790;P;1;12;;196;68;;4;;788;;1;1;1;1;1;1;;;+10832050;+2281769;792;1
517;27;792;P;1;12;;196;471;;4;;791;;1;1;1;1;1;1;;;+10832064;+2281780;790;1
517;27;793;P;1;12;;196;200;;4;;791;;1;1;1;1;1;1;;;+10832183;+2281899;0;1
517;27;794;P;1;10;;196;117;;4;;791;;1;1;1;1;1;1;;;+10832218;+2282003;0;1
517;27;777;P;1;10;;163;137;;4;;;776;1;1;1;1;1;1;;;+10832720;+2280399;0;1
517;27;778;P;1;10;;163;146;;4;;;776;1;1;1;1;1;1;;;+10832881;+2280851;0;1
517;27;779;P;1;7;;163;38;;4;;;776;1;1;1;1;1;1;;;+10832864;+2281304;0;1
517;27;780;P;1;10;;163;118;;4;;;776;1;1;1;1;1;1;;;+10832845;+2281525;0;1
517;27;781;P;1;10;;163;158;;4;;;776;1;1;1;1;1;1;;;+10832825;+2281833;0;1
517;27;782;P;1;10;;163;117;;4;;;776;1;1;1;1;1;1;;;+10832804;+2282103;0;1
517;27;783;P;1;10;;163;87;;4;;;776;1;1;1;1;1;1;;;+10832628;+2282587;0;1
517;27;728;P;1;11;;90;103;;4;;;727;1;1;1;1;1;1;;;+10827497;+2282324;0;1
517;27;729;P;1;10;;90;89;;4;;;727;1;1;1;1;1;1;;;+10828619;+2281800;0;1
517;27;730;P;1;10;;90;187;;4;;;727;1;1;1;1;1;1;;;+10829566;+2281777;0;1
517;27;731;P;1;10;;90;64;;4;;;727;1;1;1;1;1;1;;;+10830441;+2281611;0;1
517;27;732;P;1;10;;90;188;;4;;;727;1;1;1;1;1;1;;;+10830995;+2281462;0;1
517;27;1296;P;1;12;;418;62;;4;;;1295;1;1;1;1;1;1;;;+10827574;+2281958;0;1
517;27;1297;P;1;12;;418;90;;4;;;1295;1;1;1;1;1;1;;;+10828028;+2282115;0;1
517;27;1120;P;1;10;;326;116;;4;;;1119;1;1;1;1;1;1;;;+10833635;+2281572;0;1
517;27;1121;P;1;12;;326;327;;4;;;1119;1;1;1;1;1;1;;;+10834006;+2281578;0;1
517;27;1122;P;1;10;;326;164;;4;;;1119;1;1;1;1;1;1;;;+10834742;+2281585;0;1
517;27;1123;P;1;10;;326;328;;4;;;1119;1;1;1;1;1;1;;;+10835216;+2281584;0;1
517;27;1124;P;1;10;;326;165;;4;;;1119;1;1;1;1;1;1;;;+10835688;+2281579;0;1
517;27;842;P;1;10;;114;111;;4;;;841;1;1;1;1;1;1;;;+10833620;+2280637;0;1
517;27;843;P;1;10;;114;164;;4;;;841;1;1;1;1;1;1;;;+10834742;+2280786;0;1
517;27;1282;P;1;12;;114;480;;4;;;841;1;1;1;1;1;1;;;+10835527;+2280109;0;1
517;27;1287;P;1;10;;414;177;;4;;;1286;1;1;1;1;1;1;;;+10829337;+2287083;0;1
517;27;1288;P;1;12;;414;415;;4;;;1286;1;1;1;1;1;1;;;+10829733;+2285699;0;1
517;27;817;P;1;10;;92;194;;4;;;816;1;1;1;1;1;1;;;+10830873;+2283182;0;1
517;27;818;P;1;10;;92;89;;4;;;816;1;1;1;1;1;1;;;+10830562;+2283732;0;1
517;27;819;P;1;10;;92;77;;4;;;816;1;1;1;1;1;1;;;+10829754;+2285377;0;1
517;27;485;P;1;10;;77;91;;4;;;484;1;1;1;1;1;1;;;+10825297;+2284023;0;1
517;27;487;P;1;6;;77;102;;4;;;484;1;1;1;1;1;1;;;+10827183;+2285507;0;1
517;27;489;P;1;6;;77;92;;4;;;484;1;1;1;1;1;1;;;+10829754;+2285377;0;1
517;27;490;P;1;7;;77;104;;4;;;484;1;1;1;1;1;1;;;+10830352;+2285359;0;1
517;27;491;P;1;6;;77;105;;4;;;484;1;1;1;1;1;1;;;+10832005;+2285766;0;1
517;27;492;P;1;6;;77;75;;4;;;484;1;1;1;1;1;1;;;+10833630;+2286316;0;1
517;27;493;P;1;7;;77;94;;4;;;484;1;1;1;1;1;1;;;+10836715;+2285834;0;1
517;27;1001;P;1;12;;234;91;;4;;;1000;1;1;1;1;1;1;;;+10825294;+2284164;0;1
517;27;1002;P;1;12;;234;101;;4;;;1000;1;1;1;1;1;1;;;+10825759;+2285165;0;1
517;27;1003;P;1;12;;234;184;;4;;;1000;1;1;1;1;1;1;;;+10826384;+2285481;0;1
517;27;1004;P;1;10;;234;102;;4;;;1000;1;1;1;1;1;1;;;+10827183;+2285507;0;1
517;27;1005;P;1;12;;234;182;;4;;;1000;1;1;1;1;1;1;;;+10827629;+2285504;0;1
517;27;1006;P;1;12;;234;103;;4;;;1000;1;1;1;1;1;1;;;+10828301;+2285507;0;1
517;27;1007;P;1;10;;234;92;;4;;;1000;1;1;1;1;1;1;;;+10829754;+2285377;0;1
517;27;1008;P;1;10;;234;104;;4;;;1000;1;1;1;1;1;1;;;+10830352;+2285359;0;1
517;27;1009;P;1;10;;234;105;;4;;;1000;1;1;1;1;1;1;;;+10832005;+2285766;0;1
517;27;1010;P;1;10;;234;75;;4;;;1000;1;1;1;1;1;1;;;+10833630;+2286316;0;1
517;27;1011;P;1;7;;234;72;;4;;;1000;1;1;1;1;1;1;;;+10836715;+2285834;0;1
517;27;1317;P;1;10;;380;82;;4;;;1316;1;1;1;1;1;1;;;+10831153;+2277245;0;1
517;27;1318;P;1;12;;380;426;;4;;;1316;1;1;1;1;1;1;;;+10831607;+2277252;0;1
517;27;1319;P;1;12;;380;427;;4;;;1316;1;1;1;1;1;1;;;+10831727;+2277168;0;1
517;27;1299;P;1;11;;420;83;;4;;;1298;1;1;1;1;1;1;;;+10831630;+2279495;0;1
517;27;1300;P;1;12;;420;85;;4;;;1298;1;1;1;1;1;1;;;+10832015;+2279199;0;1
517;27;1153;P;1;10;;333;168;;4;;;1152;1;1;1;1;1;1;;;+10837276;+2281684;0;1
517;27;1154;P;1;10;;333;172;;4;;;1152;1;1;1;1;1;1;;;+10837600;+2281812;0;1
517;27;1155;P;1;12;;333;94;;4;;;1152;1;1;1;1;1;1;;;+10837878;+2281810;0;1
517;27;547;P;1;12;;108;381;;4;;;546;1;1;1;1;1;1;;;+10833035;+2276610;0;1
517;27;548;P;1;10;;108;17;;4;;;546;1;1;1;1;1;1;;;+10833607;+2276075;0;1
517;27;876;P;3;37;;140;208;;4;;;875;1;1;1;1;1;1;;;+10833323;+2277476;0;1
517;27;877;P;1;10;;140;109;;4;;;875;1;1;1;1;1;1;;;+10834659;+2277656;0;1
517;27;878;P;1;10;;140;120;;4;;;875;1;1;1;1;1;1;;;+10836717;+2279180;0;0
517;27;1311;P;3;37;;80;424;;4;;;1307;1;1;1;1;1;1;;;+10829237;+2276321;0;1
517;27;1308;P;1;12;;80;422;;4;;;1307;1;1;1;1;1;1;;;+10829709;+2276320;0;1
517;27;1309;P;1;10;;80;423;;4;;;1307;1;1;1;1;1;1;;;+10830623;+2276326;0;1
517;27;1310;P;1;10;;80;82;;4;;;1307;1;1;1;1;1;1;;;+10831326;+2276487;0;1
517;27;850;P;1;10;;66;164;;4;;;849;1;1;1;1;1;1;;;+10834497;+2282161;0;1
517;27;669;P;1;10;;66;329;;4;;;849;1;1;1;1;1;1;;;+10834129;+2282497;0;1
517;27;851;P;1;10;;66;117;;4;;;849;1;1;1;1;1;1;;;+10833859;+2282741;0;1
517;27;852;P;1;10;;66;65;;4;;;849;1;1;1;1;1;1;;;+10833074;+2283380;0;1
517;27;846;P;1;10;;164;114;;4;;;845;1;1;1;1;1;1;;;+10834742;+2280786;0;1
517;27;847;P;1;10;;164;38;;4;;;845;1;1;1;1;1;1;;;+10834743;+2281310;0;1
517;27;665;P;1;10;;164;326;;4;;;845;1;1;1;1;1;1;;;+10834742;+2281585;0;1
517;27;848;P;1;10;;164;118;;4;;;845;1;1;1;1;1;1;;;+10834497;+2282161;0;1
517;27;1404;P;1;12;;276;38;;4;;;1403;1;1;1;1;1;1;;;+10839619;+2281323;0;1
517;27;1405;P;1;12;;276;230;;4;;;1403;1;1;1;1;1;1;;;+10839611;+2281643;0;1
517;27;1406;P;1;12;;276;123;;4;;;1403;1;1;1;1;1;1;;;+10839420;+2282146;0;1
517;27;1407;P;3;37;;276;474;;4;;;1403;1;1;1;1;1;1;;;+10840496;+2282245;0;1
517;27;971;P;1;12;;172;224;;4;;;970;1;1;1;1;1;1;;;+10837598;+2281448;0;1
517;27;630;P;1;10;;172;333;;4;;;970;1;1;1;1;1;1;;;+10837600;+2281812;0;1
517;27;972;P;1;10;;172;153;;4;;;970;1;1;1;1;1;1;;;+10837601;+2282060;0;1
517;27;973;P;1;10;;172;123;;4;;;970;1;1;1;1;1;1;;;+10837599;+2282287;0;1
517;27;1387;P;1;12;;448;217;;4;;;1386;1;1;1;1;1;1;;;+10837102;+2280572;0;1
517;27;1388;P;1;12;;448;122;;4;;;1386;1;1;1;1;1;1;;;+10837463;+2280268;0;1
517;27;949;P;1;7;;122;119;;4;;;947;1;1;1;1;1;1;;;+10837272;+2280431;0;1
517;27;950;P;1;10;;122;226;;4;;;947;1;1;1;1;1;1;;;+10837762;+2280193;0;1
517;27;951;P;1;10;;122;225;;4;;;947;1;1;1;1;1;1;;;+10839147;+2280122;0;1
517;27;1157;P;1;12;;230;94;;4;;;1156;1;1;1;1;1;1;;;+10837924;+2281813;0;1
517;27;1158;P;1;10;;230;275;;4;;;1156;1;1;1;1;1;1;;;+10838341;+2281818;0;1
517;27;1159;P;1;12;;230;334;;4;;;1156;1;1;1;1;1;1;;;+10839149;+2281643;0;1
517;27;1243;P;1;12;;230;276;;4;;;1156;1;1;1;1;1;1;;;+10839611;+2281643;0;1
517;27;1400;P;1;12;;473;85;;4;;;1399;1;1;1;1;1;1;;;+10831169;+2280762;0;1
517;27;1401;P;1;10;;473;82;;4;;;1399;1;1;1;1;1;1;;;+10831416;+2280477;0;1
517;27;1402;P;1;12;;473;366;;4;;;1399;1;1;1;1;1;1;;;+10831918;+2280430;0;1
517;27;774;P;1;12;;137;62;;4;;;773;1;1;1;1;1;1;;;+10832552;+2279511;0;1
517;27;775;P;1;10;;137;147;;4;;;773;1;1;1;1;1;1;;;+10832720;+2280399;0;1
517;27;1164;P;1;12;;335;225;;4;;;1163;1;1;1;1;1;1;;;+10839149;+2280676;0;1
517;27;1165;P;1;10;;335;336;;4;;;1163;1;1;1;1;1;1;;;+10839743;+2280819;0;1
517;27;1166;P;1;12;;335;38;;4;;;1163;1;1;1;1;1;1;;;+10839890;+2281274;0;1
517;27;1257;P;1;10;;375;225;;4;;;1256;1;1;1;1;1;1;;;+10839149;+2279890;0;1
517;27;1258;P;1;12;;375;338;;4;;;1256;1;1;1;1;1;1;;;+10839873;+2279959;0;1
517;27;1265;P;1;10;;377;376;;4;;;1264;1;1;1;1;1;1;;;+10839337;+2280916;0;1
517;27;1266;P;1;10;;377;335;;4;;;1264;1;1;1;1;1;1;;;+10839382;+2280676;0;1
517;27;1267;P;1;10;;377;337;;4;;;1264;1;1;1;1;1;1;;;+10839652;+2280241;0;1
517;27;1260;P;1;12;;376;225;;4;;;1259;1;1;1;1;1;1;;;+10839155;+2280916;0;1
517;27;1261;P;1;10;;376;377;;4;;;1259;1;1;1;1;1;1;;;+10839337;+2280916;0;1
517;27;1262;P;1;10;;376;378;;4;;;1259;1;1;1;1;1;1;;;+10839584;+2281137;0;1
517;27;1263;P;1;12;;376;38;;4;;;1259;1;1;1;1;1;1;;;+10839587;+2281277;0;1
517;27;1269;P;1;10;;378;376;;4;;;1268;1;1;1;1;1;1;;;+10839584;+2281137;0;1
517;27;1270;P;1;10;;378;335;;4;;;1268;1;1;1;1;1;1;;;+10839884;+2281089;0;1
517;27;1271;P;1;10;;378;337;;4;;;1268;1;1;1;1;1;1;;;+10840201;+2281094;0;1
517;27;1272;P;1;12;;378;292;;4;;;1268;1;1;1;1;1;1;;;+10840599;+2281072;0;1
517;27;524;P;1;6;;119;345;;4;;;523;1;1;1;1;1;1;;;+10835196;+2279251;0;1
517;27;525;P;1;6;;119;120;;4;;;523;1;1;1;1;1;1;;;+10836089;+2279641;0;1
517;27;527;P;1;6;;119;122;;4;;;523;1;1;1;1;1;1;;;+10837272;+2280431;0;1
517;27;528;P;1;7;;119;38;;4;;;523;1;1;1;1;1;1;;;+10837893;+2281295;0;1
517;27;1027;P;1;10;;258;109;;4;;;1026;1;1;1;1;1;1;;;+10834837;+2279136;0;1
517;27;1028;P;1;10;;258;120;;4;;;1026;1;1;1;1;1;1;;;+10836089;+2279641;0;1
517;27;1029;P;1;12;;258;121;;4;;;1026;1;1;1;1;1;1;;;+10836728;+2279953;0;1
517;27;1030;P;1;6;;258;122;;4;;;1026;1;1;1;1;1;1;;;+10837272;+2280431;0;1
517;27;505;P;1;10;;258;38;;4;;;1026;1;1;1;1;1;1;;;+10837893;+2281295;0;1
517;27;1343;P;1;12;;432;431;;4;;;1342;1;1;1;1;1;1;;;+10838689;+2279838;0;1
517;27;1344;P;1;12;;432;225;;4;;;1342;1;1;1;1;1;1;;;+10839147;+2279929;0;1
517;27;458;P;1;3;;10;7;;4;;;457;1;1;1;1;1;1;;;+10827127;+2274806;0;1
517;27;459;P;1;10;;10;56;;4;;;457;1;1;1;1;1;1;;;+10827146;+2277702;0;1
517;27;460;P;1;6;;10;452;;4;;;457;1;1;1;1;1;1;;;+10827346;+2280420;0;1
