CID;TABCD;LCD;CLASS;TCD;STCD;ROADNUMBER;RNID;N1ID;N2ID;POL_LCD;PES_LEV
517;27;622;L;1;2;G210;19;77;263;4;
517;27;619;L;1;2;G210;104;69;77;4;
517;27;1031;L;1;2;G322;36;265;41;4;
517;27;1273;L;1;2;G322;315;94;36;4;
517;27;999;L;1;2;G322;157;69;72;4;
517;27;408;L;1;2;G322;58;56;452;4;
517;27;469;L;1;2;G322;72;71;94;4;
517;27;415;L;1;2;G322;63;452;64;4;
517;27;611;L;1;4;;69;156;89;4;
517;27;404;L;1;2;G322;55;54;56;4;
517;27;418;L;1;2;G322;65;64;66;4;
517;27;569;L;1;2;G324;476;267;143;4;
517;27;578;L;1;2;G324;91;362;144;4;
517;27;573;L;1;2;G324;143;29;362;4;
517;27;534;L;1;4;;85;99;381;4;
517;27;461;L;1;2;G324;89;452;69;4;
517;27;608;L;1;4;;135;62;156;4;
517;27;739;L;1;4;;87;68;163;4;
517;27;433;L;1;2;G325;494;263;267;4;
517;27;511;L;1;4;;272;56;111;4;
517;27;453;L;1;2;G325;68;38;65;4;
517;27;450;L;1;2;G325;86;62;38;4;
517;27;441;L;1;2;G325;82;80;62;4;
517;27;436;L;1;2;G325;79;267;80;4;
517;27;99;L;1;1;G72;288;38;39;4;
517;27;89;L;2;1;G7201;267;;;4;
517;27;55;L;1;1;G7211;7;5;10;4;
517;27;115;L;1;1;G75;263;494;20;4;
517;27;1231;L;1;3;S101;106;17;453;4;
517;27;494;L;1;3;S101;17;79;106;4;
517;27;860;L;1;4;;81;79;207;4;
517;27;636;L;1;3;S309;38;134;288;4;
517;27;585;L;1;4;;136;62;135;4;
517;27;1208;L;1;4;X007;274;202;315;4;
517;27;1077;L;1;4;X013;173;309;417;4;
517;27;402;L;1;4;X013;452;96;82;4;
517;27;1053;L;1;4;X013;98;417;457;4;
517;27;429;L;1;4;X037;75;72;294;4;
517;27;744;L;1;4;X406;70;163;65;4;
517;27;736;L;1;4;X406;190;189;87;4;
517;27;1289;L;1;4;;415;414;19;4;
517;27;500;L;1;3;;56;10;345;4;
517;27;1205;L;1;4;;112;10;245;4;
517;27;1345;L;1;4;;433;434;435;4;
517;27;809;L;1;4;;145;64;144;4;
517;27;769;L;1;4;;64;62;65;4;
517;27;751;L;1;4;;105;93;191;4;
517;27;747;L;1;4;;93;70;157;4;
517;27;703;L;1;4;;182;77;177;4;
517;27;1417;L;1;4;;428;123;118;4;
517;27;599;L;1;4;;150;38;123;4;
517;27;894;L;1;4;;165;38;123;4;
517;27;830;L;1;4;;202;117;274;4;
517;27;1142;L;1;4;;171;202;123;4;
517;27;656;L;1;4;;123;171;276;4;
517;27;708;L;1;4;;179;182;277;4;
517;27;1393;L;1;4;;457;98;452;4;
517;27;1084;L;1;4;;310;127;82;4;
517;27;784;L;1;4;;134;38;196;4;
517;27;1188;L;1;4;;340;79;207;4;
517;27;1074;L;1;4;;308;173;99;4;
517;27;681;L;1;4;;99;85;96;4;
517;27;1192;L;1;4;;207;81;17;4;
517;27;651;L;1;4;;118;163;124;4;
517;27;1070;L;1;4;;277;179;181;4;
517;27;889;L;1;4;;169;38;124;4;
517;27;1320;L;1;4;;427;380;344;4;
517;27;1183;L;1;4;;339;140;162;4;
517;27;983;L;1;4;;275;38;124;4;
517;27;990;L;1;4;;124;94;169;4;
517;27;678;L;1;4;;83;82;419;4;
517;27;1087;L;1;4;;84;82;85;4;
517;27;1202;L;1;4;;387;62;113;4;
517;27;1061;L;1;4;;177;306;19;4;
517;27;532;L;1;4;;185;180;305;4;
517;27;1057;L;1;4;;184;77;180;4;
517;27;693;L;1;4;;101;77;177;4;
517;27;1130;L;1;4;;328;326;330;4;
517;27;795;L;1;4;;200;68;196;4;
517;27;518;L;1;4;;116;114;117;4;
517;27;120;L;1;1;;358;29;355;4;
517;27;1326;L;1;4;;426;380;56;4;
517;27;938;L;1;4;;149;168;113;4;
517;27;1171;L;1;4;;338;339;292;4;
517;27;1149;L;1;4;;332;166;167;4;
517;27;1167;L;1;4;;337;225;38;4;
517;27;1175;L;1;4;;336;338;376;4;
517;27;765;L;1;4;;159;69;195;4;
517;27;761;L;1;4;;194;145;69;4;
517;27;1103;L;1;4;;322;321;69;4;
517;27;1111;L;1;4;;321;323;65;4;
517;27;1100;L;1;4;;320;64;321;4;
517;27;943;L;1;4;;217;149;119;4;
517;27;1339;L;1;4;;431;226;432;4;
517;27;979;L;1;4;;226;339;38;4;
517;27;958;L;1;4;;152;150;219;4;
517;27;1146;L;1;4;;331;152;166;4;
517;27;961;L;1;4;;219;166;167;4;
517;27;1139;L;1;4;;330;328;171;4;
517;27;1134;L;1;4;;329;116;330;4;
517;27;549;L;1;3;;62;462;345;4;
517;27;486;L;1;3;;479;62;476;4;
517;27;515;L;1;4;;111;272;114;4;
517;27;1107;L;1;4;;189;156;323;4;
517;27;917;L;1;4;;167;38;413;4;
517;27;910;L;1;4;;220;121;38;4;
517;27;1389;L;1;4;X013;417;173;416;4;
517;27;864;L;1;4;;57;55;82;4;
517;27;955;L;1;4;;222;220;168;4;
517;27;923;L;1;4;;168;121;167;4;
517;27;967;L;1;4;;224;168;172;4;
517;27;856;L;1;4;;107;81;85;4;
517;27;1301;L;1;4;;421;373;56;4;
517;27;901;L;1;4;;166;216;167;4;
517;27;952;L;1;4;;218;166;220;4;
517;27;932;L;1;4;;121;119;113;4;
517;27;1160;L;1;4;;334;38;230;4;
517;27;1365;L;1;4;;442;436;437;4;
517;27;1368;L;1;4;;437;445;446;4;
517;27;1244;L;1;4;;372;77;103;4;
517;27;698;L;1;4;;102;91;181;4;
517;27;720;L;1;4;;183;102;182;4;
517;27;1067;L;1;4;;181;102;277;4;
517;27;715;L;1;4;;180;185;102;4;
517;27;1054;L;1;4;;305;279;185;4;
517;27;12051;L;1;1;;875;494;881;6;
517;27;18051;L;1;1;;893;20;894;7;
517;27;6051;L;1;1;;884;881;494;5;
517;27;1240;L;1;4;;370;109;120;4;
517;27;564;L;1;4;;109;370;345;4;
517;27;1199;L;1;4;;341;109;119;4;
517;27;123;L;1;1;;895;896;288;4;
517;27;1378;L;1;4;;447;17;438;4;
517;27;755;L;1;4;;187;62;145;4;
517;27;723;L;1;4;;103;463;77;4;
517;27;1237;L;1;4;;279;143;305;4;
517;27;799;L;1;4;;158;200;163;4;
517;27;1118;L;1;4;;156;62;163;4;
517;27;821;L;1;4;;117;87;202;4;
517;27;1093;L;1;4;;319;159;157;4;
517;27;1249;L;1;4;;373;374;79;4;
517;27;1253;L;1;4;;374;96;373;4;
517;27;1090;L;1;4;;318;283;7;4;
517;27;501;L;1;4;;97;267;10;4;
517;27;1012;L;1;4;;235;96;10;4;
517;27;1361;L;1;4;;436;442;443;4;
517;27;1323;L;1;4;;344;427;56;4;
517;27;1312;L;1;4;;423;425;57;4;
517;27;837;L;1;4;;146;135;111;4;
517;27;1332;L;1;4;;429;119;226;4;
517;27;879;L;1;4;;162;370;213;4;
517;27;886;L;1;4;;213;337;209;4;
517;27;631;L;1;4;;120;467;113;4;
517;27;986;L;1;4;;225;469;38;4;
517;27;481;L;1;3;;100;452;91;4;
517;27;1278;L;1;4;;392;452;85;4;
517;27;733;L;1;4;;186;188;189;4;
517;27;1381;L;1;4;;438;447;446;4;
517;27;477;L;1;3;;96;97;452;4;
517;27;994;L;1;4;;231;97;452;4;
517;27;593;L;1;4;;113;147;38;4;
517;27;1125;L;1;4;;327;326;117;4;
517;27;605;L;1;4;;366;470;147;4;
517;27;588;L;1;4;;147;366;113;4;
517;27;834;L;1;4;;148;147;111;4;
517;27;867;L;1;4;;60;58;110;4;
517;27;871;L;1;4;;110;85;60;4;
517;27;1374;L;1;4;;443;436;438;4;
517;27;1304;L;1;4;;422;80;57;4;
517;27;1292;L;1;4;;416;417;99;4;
517;27;1179;L;1;4;;292;339;169;4;
517;27;898;L;1;4;;215;118;165;4;
517;27;425;L;1;4;;71;66;72;4;
517;27;1097;L;1;4;;195;71;319;4;
517;27;853;L;1;4;;73;117;71;4;
517;27;964;L;1;4;;227;167;224;4;
517;27;1081;L;1;4;;127;452;85;4;
517;27;1276;L;1;4;;385;96;98;4;
517;27;1352;L;1;4;;209;38;441;4;
517;27;1329;L;1;4;;413;428;94;4;
517;27;688;L;1;4;;363;62;305;4;
517;27;529;L;1;3;;94;38;72;4;
517;27;1037;L;1;4;;262;119;72;4;
517;27;974;L;1;4;;153;150;94;4;
517;27;685;L;1;4;;362;62;91;4;
517;27;787;L;1;4;;196;134;117;4;
517;27;776;L;1;4;;163;137;87;4;
517;27;727;L;1;4;;90;103;188;4;
517;27;1295;L;1;4;;418;62;90;4;
517;27;1119;L;1;4;;326;116;165;4;
517;27;841;L;1;4;;114;111;480;4;
517;27;1286;L;1;4;;414;177;415;4;
517;27;816;L;1;4;;92;194;77;4;
517;27;484;L;1;3;;77;91;94;4;
517;27;1000;L;1;4;;234;91;72;4;
517;27;1316;L;1;4;;380;82;427;4;
517;27;1298;L;1;4;;420;83;85;4;
517;27;1152;L;1;4;;333;168;94;4;
517;27;546;L;1;4;;108;381;17;4;
517;27;875;L;1;4;;140;208;120;4;
517;27;1307;L;1;4;;80;424;82;4;
517;27;849;L;1;4;;66;164;65;4;
517;27;845;L;1;4;;164;114;118;4;
517;27;1403;L;1;4;;276;38;474;4;
517;27;970;L;1;4;;172;224;123;4;
517;27;1386;L;1;4;;448;217;122;4;
517;27;947;L;1;4;;122;119;225;4;
517;27;1156;L;1;4;;230;94;276;4;
517;27;1399;L;1;4;;473;85;366;4;
517;27;773;L;1;4;;137;62;147;4;
517;27;1163;L;1;4;;335;225;38;4;
517;27;1256;L;1;4;;375;225;338;4;
517;27;1264;L;1;4;;377;376;337;4;
517;27;1259;L;1;4;;376;225;38;4;
517;27;1268;L;1;4;;378;376;292;4;
517;27;523;L;1;3;;119;345;38;4;
517;27;1026;L;1;4;;258;109;38;4;
517;27;1342;L;1;4;;432;431;225;4;
517;27;457;L;1;4;;10;7;452;4;
