CID;TABCD;LCD;INT_CID;INT_TABCD;INT_LCD
497;7;85;497;7;95
497;7;95;497;7;85
497;7;52;497;7;97
497;7;97;497;7;52
497;7;208;497;7;725
497;7;725;497;7;208
497;7;55;497;7;209
497;7;209;497;7;55
497;7;59;497;7;215
497;7;215;497;7;59
497;7;203;497;7;410
497;7;410;497;7;203
497;7;1988;497;7;1989
497;7;1989;497;7;1988
497;7;583;497;7;724
497;7;724;497;7;1933
497;7;1933;497;7;1999
497;7;1999;497;7;583
497;7;581;497;7;956
497;7;956;497;7;581
497;7;582;497;7;925
497;7;925;497;7;582
497;7;1884;497;7;1886
497;7;1886;497;7;1884
497;7;1223;497;7;1887
497;7;1887;497;7;1223
497;7;244;497;7;252
497;7;252;497;7;244
497;7;248;497;7;258
497;7;258;497;7;248
497;7;246;497;7;254
497;7;254;497;7;246
497;7;1580;497;7;1581
497;7;1581;497;7;1935
497;7;1935;497;7;1580
497;7;824;497;7;1475
497;7;1475;497;7;824
497;7;1272;497;7;1274
497;7;1274;497;7;1466
497;7;1466;497;7;1272
497;7;1276;497;7;1472
497;7;1472;497;7;1276
497;7;449;497;7;451
497;7;451;497;7;697
497;7;697;497;7;449
497;7;452;497;7;969
497;7;969;497;7;971
497;7;971;497;7;452
497;7;453;497;7;907
497;7;907;497;7;909
497;7;909;497;7;453
497;7;454;497;7;962
497;7;962;497;7;454
497;7;455;497;7;486
497;7;486;497;7;455
497;7;256;497;7;260
497;7;260;497;7;256
497;7;242;497;7;250
497;7;250;497;7;242
497;7;240;497;7;282
497;7;282;497;7;240
497;7;238;497;7;284
497;7;284;497;7;238
497;7;545;497;7;686
497;7;686;497;7;688
497;7;688;497;7;1310
497;7;1310;497;7;1420
497;7;1420;497;7;545
497;7;689;497;7;798
497;7;798;497;7;689
497;7;568;497;7;690
497;7;690;497;7;568
497;7;691;497;7;813
497;7;813;497;7;691
497;7;605;497;7;692
497;7;692;497;7;605
497;7;428;497;7;741
497;7;741;497;7;428
497;7;429;497;7;819
497;7;819;497;7;429
497;7;73;497;7;825
497;7;825;497;7;73
497;7;954;497;7;955
497;7;955;497;7;954
497;7;1392;497;7;1484
497;7;1484;497;7;1392
497;7;591;497;7;1388
497;7;1388;497;7;591
497;7;592;497;7;668
497;7;668;497;7;670
497;7;670;497;7;592
497;7;431;497;7;1385
497;7;1385;497;7;431
497;7;593;497;7;600
497;7;600;497;7;602
497;7;602;497;7;631
497;7;631;497;7;738
497;7;738;497;7;831
497;7;831;497;7;1953
497;7;1953;497;7;593
497;7;957;497;7;1043
497;7;1043;497;7;957
497;7;1934;497;7;1962
497;7;1962;497;7;1934
497;7;403;497;7;480
497;7;480;497;7;403
497;7;1135;497;7;1512
497;7;1512;497;7;1135
497;7;404;497;7;505
497;7;505;497;7;404
497;7;405;497;7;512
497;7;512;497;7;405
497;7;406;497;7;447
497;7;447;497;7;406
497;7;407;497;7;465
497;7;465;497;7;1200
497;7;1200;497;7;407
497;7;411;497;7;413
497;7;413;497;7;411
497;7;264;497;7;266
497;7;266;497;7;264
497;7;262;497;7;268
497;7;268;497;7;262
497;7;759;497;7;761
497;7;761;497;7;767
497;7;767;497;7;777
497;7;777;497;7;759
497;7;432;497;7;772
497;7;772;497;7;432
497;7;762;497;7;1184
497;7;1184;497;7;762
497;7;433;497;7;1243
497;7;1243;497;7;433
497;7;681;497;7;763
497;7;763;497;7;1412
497;7;1412;497;7;681
497;7;64;497;7;525
497;7;525;497;7;64
497;7;462;497;7;464
497;7;464;497;7;678
497;7;678;497;7;680
497;7;680;497;7;765
497;7;765;497;7;462
497;7;466;497;7;468
497;7;468;497;7;698
497;7;698;497;7;466
497;7;1079;497;7;1477
497;7;1477;497;7;1079
497;7;1055;497;7;1080
497;7;1080;497;7;1055
497;7;1049;497;7;1051
497;7;1051;497;7;1081
497;7;1081;497;7;1049
497;7;1889;497;7;1893
497;7;1893;497;7;1889
497;7;1155;497;7;1157
497;7;1157;497;7;1160
497;7;1160;497;7;1155
497;7;976;497;7;978
497;7;978;497;7;1161
497;7;1161;497;7;1163
497;7;1163;497;7;976
497;7;1670;497;7;1675
497;7;1675;497;7;1670
497;7;1225;497;7;1532
497;7;1532;497;7;1225
497;7;1154;497;7;1226
497;7;1226;497;7;1154
497;7;863;497;7;1222
497;7;1222;497;7;1227
497;7;1227;497;7;863
497;7;1228;497;7;1468
497;7;1468;497;7;1571
497;7;1571;497;7;1228
497;7;1229;497;7;1231
497;7;1231;497;7;1487
497;7;1487;497;7;1229
497;7;879;497;7;1488
497;7;1488;497;7;1541
497;7;1541;497;7;879
497;7;793;497;7;828
497;7;828;497;7;1998
497;7;1998;497;7;793
497;7;562;497;7;829
497;7;829;497;7;562
497;7;807;497;7;830
497;7;830;497;7;807
497;7;440;497;7;960
497;7;960;497;7;1578
497;7;1578;497;7;440
497;7;483;497;7;523
497;7;523;497;7;483
497;7;487;497;7;722
497;7;722;497;7;1430
497;7;1430;497;7;487
497;7;489;497;7;556
497;7;556;497;7;1925
497;7;1925;497;7;489
497;7;574;497;7;608
497;7;608;497;7;1579
497;7;1579;497;7;574
497;7;844;497;7;846
497;7;846;497;7;865
497;7;865;497;7;867
497;7;867;497;7;844
497;7;887;497;7;1483
497;7;1483;497;7;887
497;7;535;497;7;847
497;7;847;497;7;1470
497;7;1470;497;7;535
497;7;979;497;7;1471
497;7;1471;497;7;979
497;7;848;497;7;943
497;7;943;497;7;1175
497;7;1175;497;7;1611
497;7;1611;497;7;848
497;7;1407;497;7;1559
497;7;1559;497;7;2004
497;7;2004;497;7;1407
497;7;914;497;7;996
497;7;996;497;7;914
497;7;1721;497;7;1732
497;7;1732;497;7;1721
497;7;1556;497;7;1558
497;7;1558;497;7;1572
497;7;1572;497;7;1556
497;7;1069;497;7;1092
497;7;1092;497;7;1069
497;7;438;497;7;1093
497;7;1093;497;7;438
497;7;1056;497;7;1094
497;7;1094;497;7;1056
497;7;1095;497;7;1830
497;7;1830;497;7;1095
497;7;1052;497;7;1098
497;7;1098;497;7;1582
497;7;1582;497;7;1052
497;7;1699;497;7;1995
497;7;1995;497;7;1699
497;7;1584;497;7;1595
497;7;1595;497;7;1584
497;7;1386;497;7;1527
497;7;1527;497;7;1386
497;7;598;497;7;671
497;7;671;497;7;598
497;7;1778;497;7;1780
497;7;1780;497;7;1789
497;7;1789;497;7;1778
497;7;1590;497;7;1598
497;7;1598;497;7;1590
497;7;1587;497;7;1591
497;7;1591;497;7;1587
497;7;558;497;7;667
497;7;667;497;7;1560
497;7;1560;497;7;558
497;7;559;497;7;561
497;7;561;497;7;629
497;7;629;497;7;1950
497;7;1950;497;7;559
497;7;1790;497;7;1947
497;7;1947;497;7;1790
497;7;1892;497;7;1896
497;7;1896;497;7;1892
497;7;415;497;7;482
497;7;482;497;7;965
497;7;965;497;7;415
497;7;471;497;7;536
497;7;536;497;7;894
497;7;894;497;7;1170
497;7;1170;497;7;1177
497;7;1177;497;7;471
497;7;1171;497;7;1292
497;7;1292;497;7;1171
497;7;550;497;7;552
497;7;552;497;7;892
497;7;892;497;7;1172
497;7;1172;497;7;1987
497;7;1987;497;7;550
497;7;532;497;7;701
497;7;701;497;7;703
497;7;703;497;7;707
497;7;707;497;7;532
497;7;709;497;7;843
497;7;843;497;7;709
497;7;710;497;7;1312
497;7;1312;497;7;710
497;7;546;497;7;711
497;7;711;497;7;1422
497;7;1422;497;7;546
497;7;1323;497;7;1515
497;7;1515;497;7;1323
497;7;1542;497;7;1545
497;7;1545;497;7;1542
497;7;1321;497;7;1327
497;7;1327;497;7;1338
497;7;1338;497;7;1347
497;7;1347;497;7;1573
497;7;1573;497;7;1321
497;7;272;497;7;276
497;7;276;497;7;272
497;7;220;497;7;230
497;7;230;497;7;220
497;7;224;497;7;232
497;7;232;497;7;224
497;7;218;497;7;235
497;7;235;497;7;218
497;7;270;497;7;278
497;7;278;497;7;270
497;7;222;497;7;237
497;7;237;497;7;222
497;7;274;497;7;280
497;7;280;497;7;274
497;7;226;497;7;228
497;7;228;497;7;226
497;7;888;497;7;899
497;7;899;497;7;888
497;7;900;497;7;1014
497;7;1014;497;7;900
497;7;1027;497;7;1443
497;7;1443;497;7;1027
497;7;952;497;7;1036
497;7;1036;497;7;1066
497;7;1066;497;7;952
497;7;1064;497;7;1067
497;7;1067;497;7;1072
497;7;1072;497;7;1064
497;7;652;497;7;1068
497;7;1068;497;7;652
497;7;459;497;7;1070
497;7;1070;497;7;459
497;7;1317;497;7;1425
497;7;1425;497;7;1514
497;7;1514;497;7;1317
497;7;881;497;7;883
497;7;883;497;7;1318
497;7;1318;497;7;881
497;7;1237;497;7;1319
497;7;1319;497;7;1237
497;7;1320;497;7;1324
497;7;1324;497;7;1320
497;7;1996;497;7;1997
497;7;1997;497;7;1996
497;7;720;497;7;930
497;7;930;497;7;720
497;7;931;497;7;941
497;7;941;497;7;931
497;7;554;497;7;932
497;7;932;497;7;1923
497;7;1923;497;7;554
497;7;612;497;7;729
497;7;729;497;7;612
497;7;613;497;7;617
497;7;617;497;7;1075
497;7;1075;497;7;1981
497;7;1981;497;7;613
497;7;980;497;7;1089
497;7;1089;497;7;980
497;7;1038;497;7;1551
497;7;1551;497;7;1956
497;7;1956;497;7;1038
497;7;614;497;7;1138
497;7;1138;497;7;614
497;7;526;497;7;615
497;7;615;497;7;1792
497;7;1792;497;7;526
497;7;1764;497;7;1767
497;7;1767;497;7;1764
497;7;1976;497;7;1979
497;7;1979;497;7;1976
497;7;1811;497;7;1816
497;7;1816;497;7;1811
497;7;474;497;7;477
497;7;477;497;7;1057
497;7;1057;497;7;474
497;7;1058;497;7;1126
497;7;1126;497;7;1058
497;7;503;497;7;1059
497;7;1059;497;7;503
497;7;510;497;7;751
497;7;751;497;7;1060
497;7;1060;497;7;510
497;7;1122;497;7;1562
497;7;1562;497;7;1563
497;7;1563;497;7;1122
497;7;499;497;7;508
497;7;508;497;7;499
497;7;441;497;7;502
497;7;502;497;7;441
497;7;504;497;7;675
497;7;675;497;7;504
497;7;506;497;7;695
497;7;695;497;7;506
497;7;1076;497;7;1510
497;7;1510;497;7;1076
497;7;457;497;7;1077
497;7;1077;497;7;457
497;7;544;497;7;839
497;7;839;497;7;841
497;7;841;497;7;1868
497;7;1868;497;7;544
497;7;1264;497;7;1485
497;7;1485;497;7;1264
497;7;685;497;7;842
497;7;842;497;7;685
497;7;1300;497;7;1473
497;7;1473;497;7;1300
497;7;1285;497;7;1474
497;7;1474;497;7;1285
497;7;860;497;7;1486
497;7;1486;497;7;1624
497;7;1624;497;7;860
497;7;1301;497;7;1303
497;7;1303;497;7;1311
497;7;1311;497;7;1301
497;7;1233;497;7;1235
497;7;1235;497;7;1313
497;7;1313;497;7;1233
497;7;1041;497;7;1042
497;7;1042;497;7;1314
497;7;1314;497;7;1041
497;7;868;497;7;896
497;7;896;497;7;1315
497;7;1315;497;7;868
497;7;1028;497;7;1030
497;7;1030;497;7;1028
497;7;1032;497;7;1062
497;7;1062;497;7;1032
497;7;435;497;7;1033
497;7;1033;497;7;435
497;7;1034;497;7;1045
497;7;1045;497;7;1034
497;7;620;497;7;1112
497;7;1112;497;7;620
497;7;1102;497;7;1113
497;7;1113;497;7;1102
497;7;732;497;7;735
497;7;735;497;7;1114
497;7;1114;497;7;732
497;7;1012;497;7;1017
497;7;1017;497;7;1012
497;7;904;497;7;1018
497;7;1018;497;7;1019
497;7;1019;497;7;904
497;7;1211;497;7;1239
497;7;1239;497;7;1211
497;7;1130;497;7;1240
497;7;1240;497;7;1130
497;7;1241;497;7;1461
497;7;1461;497;7;1241
497;7;1328;497;7;1331
497;7;1331;497;7;1328
497;7;1686;497;7;1689
497;7;1689;497;7;1686
497;7;821;497;7;1287
497;7;1287;497;7;821
497;7;986;497;7;1288
497;7;1288;497;7;986
497;7;611;497;7;1289
497;7;1289;497;7;611
497;7;1290;497;7;1490
497;7;1490;497;7;1290
497;7;1006;497;7;1291
497;7;1291;497;7;1006
497;7;1824;497;7;1825
497;7;1825;497;7;1937
497;7;1937;497;7;1824
497;7;1073;497;7;1493
497;7;1493;497;7;1073
497;7;437;497;7;651
497;7;651;497;7;437
497;7;439;497;7;473
497;7;473;497;7;439
497;7;1125;497;7;1494
497;7;1494;497;7;1125
497;7;442;497;7;444
497;7;444;497;7;509
497;7;509;497;7;442
497;7;1382;497;7;1495
497;7;1495;497;7;1382
497;7;1375;497;7;1496
497;7;1496;497;7;1375
497;7;603;497;7;647
497;7;647;497;7;603
497;7;1371;497;7;1497
497;7;1497;497;7;1371
497;7;604;497;7;786
497;7;786;497;7;604
497;7;1362;497;7;1404
497;7;1404;497;7;1498
497;7;1498;497;7;1362
497;7;1354;497;7;1499
497;7;1499;497;7;1354
497;7;1357;497;7;1500
497;7;1500;497;7;1357
497;7;1341;497;7;1564
497;7;1564;497;7;1341
497;7;606;497;7;716
497;7;716;497;7;606
497;7;1025;497;7;1501
497;7;1501;497;7;1025
497;7;607;497;7;924
497;7;924;497;7;607
497;7;1332;497;7;1334
497;7;1334;497;7;1332
497;7;1020;497;7;1335
497;7;1335;497;7;1020
497;7;640;497;7;834
497;7;834;497;7;837
497;7;837;497;7;640
497;7;782;497;7;838
497;7;838;497;7;782
497;7;833;497;7;1946
497;7;1946;497;7;833
497;7;1208;497;7;1210
497;7;1210;497;7;1220
497;7;1220;497;7;1208
497;7;1212;497;7;1218
497;7;1218;497;7;1413
497;7;1413;497;7;1520
497;7;1520;497;7;1212
497;7;1621;497;7;1622
497;7;1622;497;7;1621
497;7;1011;497;7;1015
497;7;1015;497;7;1011
497;7;1565;497;7;1566
497;7;1566;497;7;1565
497;7;573;497;7;923
497;7;923;497;7;573
497;7;657;497;7;1304
497;7;1304;497;7;1421
497;7;1421;497;7;657
497;7;1305;497;7;1307
497;7;1307;497;7;1305
497;7;1625;497;7;1628
497;7;1628;497;7;1625
497;7;891;497;7;895
497;7;895;497;7;1606
497;7;1606;497;7;1617
497;7;1617;497;7;891
497;7;564;497;7;566
497;7;566;497;7;784
497;7;784;497;7;564
497;7;567;497;7;1360
497;7;1360;497;7;567
497;7;1352;497;7;1502
497;7;1502;497;7;1352
497;7;569;497;7;1340
497;7;1340;497;7;569
497;7;715;497;7;1516
497;7;1516;497;7;1555
497;7;1555;497;7;715
497;7;1642;497;7;1644
497;7;1644;497;7;1642
497;7;1236;497;7;1423
497;7;1423;497;7;1236
497;7;1693;497;7;1694
497;7;1694;497;7;1693
497;7;1345;497;7;1349
497;7;1349;497;7;1345
497;7;1308;497;7;1346
497;7;1346;497;7;1308
497;7;547;497;7;880
497;7;880;497;7;1424
497;7;1424;497;7;547
497;7;1753;497;7;1759
497;7;1759;497;7;1753
497;7;814;497;7;1356
497;7;1356;497;7;814
497;7;1101;497;7;1504
497;7;1504;497;7;1101
497;7;579;497;7;1103
497;7;1103;497;7;579
497;7;1104;497;7;1142
497;7;1142;497;7;1144
497;7;1144;497;7;1104
497;7;746;497;7;1105
497;7;1105;497;7;1453
497;7;1453;497;7;746
497;7;540;497;7;1106
497;7;1106;497;7;540
497;7;659;497;7;1084
497;7;1084;497;7;1090
497;7;1090;497;7;659
497;7;619;497;7;1085
497;7;1085;497;7;619
497;7;731;497;7;1086
497;7;1086;497;7;731
497;7;1087;497;7;1528
497;7;1528;497;7;1087
497;7;1834;497;7;1844
497;7;1844;497;7;1834
497;7;1829;497;7;1846
497;7;1846;497;7;1829
497;7;469;497;7;972
497;7;972;497;7;974
497;7;974;497;7;469
497;7;975;497;7;1158
497;7;1158;497;7;975
497;7;1389;497;7;1397
497;7;1397;497;7;1389
497;7;596;497;7;1390
497;7;1390;497;7;596
497;7;1189;497;7;1506
497;7;1506;497;7;1189
497;7;1180;497;7;1190
497;7;1190;497;7;1180
497;7;748;497;7;1191
497;7;1191;497;7;748
497;7;1192;497;7;1505
497;7;1505;497;7;1192
497;7;1048;497;7;1548
497;7;1548;497;7;1048
497;7;1148;497;7;1507
497;7;1507;497;7;1148
497;7;747;497;7;766
497;7;766;497;7;747
497;7;771;497;7;1509
497;7;1509;497;7;771
497;7;768;497;7;851
497;7;851;497;7;768
497;7;529;497;7;638
497;7;638;497;7;769
497;7;769;497;7;1454
497;7;1454;497;7;529
497;7;1710;497;7;1715
497;7;1715;497;7;1710
497;7;869;497;7;1426
497;7;1426;497;7;1982
497;7;1982;497;7;869
497;7;872;497;7;884
497;7;884;497;7;872
497;7;873;497;7;1325
497;7;1325;497;7;873
497;7;656;497;7;730
497;7;730;497;7;656
497;7;1269;497;7;1278
497;7;1278;497;7;1269
497;7;1760;497;7;1972
497;7;1972;497;7;1760
497;7;1761;497;7;1763
497;7;1763;497;7;1761
497;7;618;497;7;658
497;7;658;497;7;618
497;7;492;497;7;621
497;7;621;497;7;623
497;7;623;497;7;492
497;7;1215;497;7;1511
497;7;1511;497;7;1215
497;7;773;497;7;853
497;7;853;497;7;773
497;7;774;497;7;820
497;7;820;497;7;1456
497;7;1456;497;7;774
497;7;775;497;7;1255
497;7;1255;497;7;775
497;7;1000;497;7;1176
497;7;1176;497;7;1000
497;7;1167;497;7;1533
497;7;1533;497;7;1167
497;7;998;497;7;1164
497;7;1164;497;7;998
497;7;624;497;7;999
497;7;999;497;7;624
497;7;1702;497;7;1706
497;7;1706;497;7;1702
497;7;1127;497;7;1131
497;7;1131;497;7;1133
497;7;1133;497;7;1127
497;7;674;497;7;1134
497;7;1134;497;7;674
497;7;890;497;7;1136
497;7;1136;497;7;890
497;7;1968;497;7;1973
497;7;1973;497;7;1968
497;7;1965;497;7;1969
497;7;1969;497;7;1965
497;7;572;497;7;1024
497;7;1024;497;7;572
497;7;743;497;7;1118
497;7;1118;497;7;743
497;7;497;497;7;744
497;7;744;497;7;497
497;7;745;497;7;754
497;7;754;497;7;745
497;7;749;497;7;1195
497;7;1195;497;7;749
497;7;637;497;7;1146
497;7;1146;497;7;637
497;7;493;497;7;736
497;7;736;497;7;493
497;7;445;497;7;752
497;7;752;497;7;445
497;7;461;497;7;753
497;7;753;497;7;461
497;7;755;497;7;758
497;7;758;497;7;755
497;7;1181;497;7;1183
497;7;1183;497;7;1194
497;7;1194;497;7;1181
497;7;519;497;7;906
497;7;906;497;7;1769
497;7;1769;497;7;519
497;7;1005;497;7;1489
497;7;1489;497;7;1005
497;7;1007;497;7;1538
497;7;1538;497;7;1007
497;7;84;497;7;1928
497;7;1928;497;7;84
497;7;635;497;7;1117
497;7;1117;497;7;635
497;7;630;497;7;806
497;7;806;497;7;1951
497;7;1951;497;7;630
497;7;1381;497;7;1513
497;7;1513;497;7;1381
497;7;646;497;7;808
497;7;808;497;7;646
497;7;809;497;7;1370
497;7;1370;497;7;809
497;7;785;497;7;810
497;7;810;497;7;812
497;7;812;497;7;785
497;7;1543;497;7;1546
497;7;1546;497;7;1543
497;7;1650;497;7;1655
497;7;1655;497;7;1650
497;7;1658;497;7;1660
497;7;1660;497;7;1658
497;7;522;497;7;961
497;7;961;497;7;522
497;7;513;497;7;515
497;7;515;497;7;696
497;7;696;497;7;513
497;7;516;497;7;968
497;7;968;497;7;1568
497;7;1568;497;7;516
497;7;1263;497;7;1794
497;7;1794;497;7;1263
497;7;1251;497;7;1681
497;7;1681;497;7;1251
497;7;1149;497;7;1410
497;7;1410;497;7;1517
497;7;1517;497;7;1149
497;7;1151;497;7;1201
497;7;1201;497;7;1151
497;7;1196;497;7;1411
497;7;1411;497;7;1518
497;7;1518;497;7;1196
497;7;1205;497;7;1519
497;7;1519;497;7;1523
497;7;1523;497;7;1205
497;7;682;497;7;855
497;7;855;497;7;1414
497;7;1414;497;7;682
497;7;531;497;7;683
497;7;683;497;7;1415
497;7;1415;497;7;1460
497;7;1460;497;7;531
497;7;1258;497;7;1521
497;7;1521;497;7;1524
497;7;1524;497;7;1258
497;7;1296;497;7;1416
497;7;1416;497;7;1522
497;7;1522;497;7;1296
497;7;684;497;7;705
497;7;705;497;7;1417
497;7;1417;497;7;684
497;7;1735;497;7;1737
497;7;1737;497;7;1735
497;7;1279;497;7;1281
497;7;1281;497;7;1462
497;7;1462;497;7;1279
497;7;479;497;7;673
497;7;673;497;7;479
497;7;511;497;7;676
497;7;676;497;7;511
497;7;446;497;7;677
497;7;677;497;7;446
497;7;1547;497;7;1549
497;7;1549;497;7;1547
497;7;1394;497;7;1525
497;7;1525;497;7;1394
497;7;1398;497;7;1526
497;7;1526;497;7;1398
497;7;915;497;7;938
497;7;938;497;7;915
497;7;1393;497;7;1396
497;7;1396;497;7;1439
497;7;1439;497;7;1393
497;7;1601;497;7;1961
497;7;1961;497;7;1601
497;7;458;497;7;653
497;7;653;497;7;655
497;7;655;497;7;458
497;7;633;497;7;634
497;7;634;497;7;633
497;7;460;497;7;498
497;7;498;497;7;460
497;7;470;497;7;718
497;7;718;497;7;849
497;7;849;497;7;470
497;7;990;497;7;1529
497;7;1529;497;7;990
497;7;719;497;7;913
497;7;913;497;7;719
497;7;721;497;7;928
497;7;928;497;7;721
497;7;699;497;7;1221
497;7;1221;497;7;699
497;7;494;497;7;496
497;7;496;497;7;636
497;7;636;497;7;757
497;7;757;497;7;494
497;7;1121;497;7;1124
497;7;1124;497;7;1121
497;7;1361;497;7;1530
497;7;1530;497;7;1361
497;7;1353;497;7;1531
497;7;1531;497;7;1353
497;7;1667;497;7;1669
497;7;1669;497;7;1667
497;7;1165;497;7;1534
497;7;1534;497;7;1165
497;7;666;497;7;790
497;7;790;497;7;666
497;7;791;497;7;1781
497;7;1781;497;7;791
497;7;628;497;7;792
497;7;792;497;7;1948
497;7;1948;497;7;628
497;7;1379;497;7;1476
497;7;1476;497;7;1379
497;7;644;497;7;794
497;7;794;497;7;644
497;7;795;497;7;1368
497;7;1368;497;7;795
497;7;783;497;7;796
497;7;796;497;7;783
497;7;797;497;7;1359
497;7;1359;497;7;797
497;7;799;497;7;1351
497;7;1351;497;7;799
497;7;800;497;7;802
497;7;802;497;7;800
497;7;1282;497;7;1284
497;7;1284;497;7;1535
497;7;1535;497;7;1282
497;7;704;497;7;1638
497;7;1638;497;7;1640
497;7;1640;497;7;704
497;7;1297;497;7;1299
497;7;1299;497;7;1536
497;7;1536;497;7;1297
497;7;1260;497;7;1458
497;7;1458;497;7;1569
497;7;1569;497;7;1671
497;7;1671;497;7;1260
497;7;541;497;7;639
497;7;639;497;7;541
497;7;563;497;7;645
497;7;645;497;7;563
497;7;648;497;7;739
497;7;739;497;7;648
497;7;649;497;7;817
497;7;817;497;7;649
497;7;661;497;7;663
497;7;663;497;7;1140
497;7;1140;497;7;661
497;7;1434;497;7;1537
497;7;1537;497;7;1434
497;7;527;497;7;664
497;7;664;497;7;527
497;7;538;497;7;665
497;7;665;497;7;538
497;7;1406;497;7;1408
497;7;1408;497;7;1406
497;7;1772;497;7;1774
497;7;1774;497;7;1772
497;7;1256;497;7;1261
497;7;1261;497;7;1256
497;7;1262;497;7;1294
497;7;1294;497;7;1262
497;7;1250;497;7;1295
497;7;1295;497;7;1250
497;7;427;497;7;1369
497;7;1369;497;7;427
497;7;886;497;7;1372
497;7;1372;497;7;886
497;7;1150;497;7;1373
497;7;1373;497;7;1150
497;7;1550;497;7;1955
497;7;1955;497;7;1550
497;7;491;497;7;660
497;7;660;497;7;1957
497;7;1957;497;7;491
497;7;982;497;7;1478
497;7;1478;497;7;982
497;7;983;497;7;985
497;7;985;497;7;983
497;7;1796;497;7;1807
497;7;1807;497;7;1796
497;7;1850;497;7;1852
497;7;1852;497;7;1850
497;7;912;497;7;1808
497;7;1808;497;7;912
497;7;448;497;7;967
497;7;967;497;7;448
497;7;1185;497;7;1216
497;7;1216;497;7;1185
497;7;854;497;7;1186
497;7;1186;497;7;854
497;7;733;497;7;1402
497;7;1402;497;7;1448
497;7;1448;497;7;733
497;7;528;497;7;626
497;7;626;497;7;528
497;7;530;497;7;779
497;7;779;497;7;1455
497;7;1455;497;7;530
497;7;1246;497;7;1248
497;7;1248;497;7;1459
497;7;1459;497;7;1570
497;7;1570;497;7;1246
497;7;533;497;7;859
497;7;859;497;7;1467
497;7;1467;497;7;533
497;7;534;497;7;864
497;7;864;497;7;1469
497;7;1469;497;7;534
497;7;987;497;7;1492
497;7;1492;497;7;987
497;7;1782;497;7;1784
497;7;1784;497;7;1782
497;7;823;497;7;1383
497;7;1383;497;7;823
497;7;836;497;7;1376
497;7;1376;497;7;836
497;7;740;497;7;787
497;7;787;497;7;740
497;7;889;497;7;1365
497;7;1365;497;7;889
497;7;1401;497;7;1433
497;7;1433;497;7;1867
497;7;1867;497;7;1401
497;7;902;497;7;1129
497;7;1129;497;7;902
497;7;803;497;7;1339
497;7;1339;497;7;803
497;7;1232;497;7;1342
497;7;1342;497;7;1232
497;7;553;497;7;916
497;7;916;497;7;1930
497;7;1930;497;7;1941
497;7;1941;497;7;553
497;7;1037;497;7;1063
497;7;1063;497;7;1037
497;7;989;497;7;1725
497;7;1725;497;7;1804
497;7;1804;497;7;989
497;7;1249;497;7;1257
497;7;1257;497;7;1249
497;7;1252;497;7;1266
497;7;1266;497;7;1252
497;7;778;497;7;852
497;7;852;497;7;778
497;7;919;497;7;1245
497;7;1245;497;7;919
497;7;700;497;7;856
497;7;856;497;7;858
497;7;858;497;7;700
497;7;1197;497;7;1202
497;7;1202;497;7;1197
497;7;1441;497;7;1442
497;7;1442;497;7;1441
497;7;625;497;7;1141
497;7;1141;497;7;625
497;7;1877;497;7;1880
497;7;1880;497;7;1877
497;7;539;497;7;627
497;7;627;497;7;1945
497;7;1945;497;7;539
497;7;1734;497;7;1949
497;7;1949;497;7;1734
497;7;1742;497;7;1743
497;7;1743;497;7;1745
497;7;1745;497;7;1742
497;7;1364;497;7;1931
497;7;1931;497;7;1364
497;7;1152;497;7;1366
497;7;1366;497;7;1152
497;7;481;497;7;694
497;7;694;497;7;1865
497;7;1865;497;7;481
497;7;1203;497;7;1206
497;7;1206;497;7;1203
497;7;478;497;7;1053
497;7;1053;497;7;1821
497;7;1821;497;7;478
497;7;1864;497;7;1963
497;7;1963;497;7;1864
497;7;1380;497;7;1539
497;7;1539;497;7;1380
497;7;1814;497;7;1819
497;7;1819;497;7;1814
497;7;555;497;7;1436
497;7;1436;497;7;1924
497;7;1924;497;7;555
497;7;1214;497;7;1444
497;7;1444;497;7;1214
497;7;1217;497;7;1244
497;7;1244;497;7;1217
497;7;1139;497;7;1400
497;7;1400;497;7;1139
497;7;1873;497;7;1875
497;7;1875;497;7;1873
497;7;1918;497;7;1922
497;7;1922;497;7;1918
497;7;542;497;7;781
497;7;781;497;7;542
497;7;549;497;7;1428
497;7;1428;497;7;549
497;7;816;497;7;1377
497;7;1377;497;7;816
497;7;788;497;7;818
497;7;818;497;7;788
497;7;1971;497;7;1975
497;7;1975;497;7;1971
497;7;780;497;7;1254
497;7;1254;497;7;780
497;7;1612;497;7;1615
497;7;1615;497;7;1612
497;7;6062;497;7;6063
497;7;6063;497;7;6062
497;7;2002;497;7;2003
497;7;2003;497;7;2002
