CID;LID;NID;NAME;NCOMMENT
497;1;2046;亚洲;
497;1;2047;中国;
497;1;2048;吉林省;
497;1;1324;长春市;
497;1;1291;四平市;
497;1;1271;松原市;
497;1;1887;长春绕城高速公路;
497;1;2644;长春绕城高速公路南段;
497;1;1893;抚长高速公路;
497;1;1900;十家子;
497;1;1345;长春服务区;
497;1;2645;长春绕城高速公路西段;
497;1;2131;青年路;
497;1;1618;大众街;
497;1;1337;Ｓ１０６;
497;1;2642;长春绕城高速公路北段;
497;1;2063;Ｓ１０１;
497;1;2630;卢家屯;
497;1;1340;春城服务区;
497;1;1891;京哈高速公路;
497;1;2643;长春绕城高速公路东段;
497;1;1876;珲乌高速公路;
497;1;1344;净月大街;
497;1;2056;Ｇ１０２;
497;1;1698;Ｘ０６３;
497;1;1469;西小孤树;
497;1;1414;长沈路;
497;1;2652;安龙泉互通立交桥;
497;1;1825;北四环路;
497;1;1474;Ｘ００９;
497;1;1364;德大路;
497;1;2618;长吉北线;
497;1;1386;东环城路;
497;1;1467;东荣大路;
497;1;1653;团结路;
497;1;2653;白菊路（西五条街）;
497;1;1417;人民大街;
497;1;1503;康平街;
497;1;1339;Ｇ３０２;
497;1;1908;长春绕城高速公路Ｇ３０２入口匝道;
497;1;1905;长春绕城高速公路内圈;
497;1;1906;长春绕城高速公路内圈Ｇ３０２入口匝道;
497;1;1901;长春绕城高速公路外圈;
497;1;1903;长春绕城高速公路外圈Ｇ３０２入口匝道;
497;1;2655;北四环路（青年路）;
497;1;1883;Ｘ００５;
497;1;2654;长春绕城高速公路（青年路）;
497;1;1802;长吉南线;
497;1;2658;吉林大路（长吉公路）;
497;1;1387;施家村;
497;1;2657;龙双公路;
497;1;1664;民安路;
497;1;1450;长春大街;
497;1;1854;华罗庚学校民安路校区;
497;1;1402;西安大路;
497;1;1407;青荫路;
497;1;1507;台北大街;
497;1;1409;新月路;
497;1;1361;北环城路;
497;1;1749;Ｇ３０２东侧;
497;1;1911;长春绕城高速公路Ｇ３０２东侧入口匝道;
497;1;1747;Ｇ３０２西侧;
497;1;1912;长春绕城高速公路Ｇ３０２西侧入口匝道;
497;1;1272;大广高速公路;
497;1;1275;Ｓ２０１;
497;1;1311;郭尔罗斯大路;
497;1;1273;Ｇ２０３;
497;1;1294;大洼服务区;
497;1;1312;班德收费站;
497;1;2689;政府大街;
497;1;1851;李家店;
497;1;1510;中山大街;
497;1;1739;Ｓ１０１北侧;
497;1;1934;长春绕城高速公路内圈Ｓ１０１北侧入口匝道;
497;1;1742;Ｓ１０１南侧;
497;1;1935;长春绕城高速公路外圈Ｓ１０１南侧入口匝道;
497;1;1449;吉林大路;
497;1;1444;亚泰大街;
497;1;1489;临河街;
497;1;1462;东盛大街;
497;1;1502;乐群街;
497;1;1388;世纪大街;
497;1;1389;洋浦大街;
497;1;2659;长吉公路;
497;1;1834;Ｓ１０４;
497;1;1804;邢家屯;
497;1;1478;新城大街;
497;1;1681;柳莺西路;
497;1;1477;福祉大路;
497;1;1438;南环城路;
497;1;1679;博硕路;
497;1;1348;皓月大路;
497;1;2660;龙三街;
497;1;1350;安达街;
497;1;1584;警备路;
497;1;2531;西四环路;
497;1;1351;西环城路;
497;1;1498;和平大街;
497;1;1352;春城大街;
497;1;1353;正阳街;
497;1;1354;普阳街;
497;1;1355;土家屯;
497;1;1356;长白公路;
497;1;1761;Ｓ１０６北侧;
497;1;1914;长春绕城高速公路外圈Ｓ１０６北侧入口匝道;
497;1;1763;Ｓ１０６南侧;
497;1;1915;长春绕城高速公路内圈Ｓ１０６南侧入口匝道;
497;1;1499;新民大街;
497;1;1439;自由大路;
497;1;1412;解放大路;
497;1;1518;桂林路;
497;1;1517;清华路;
497;1;1652;义和路;
497;1;2646;抚长高速公路长春段;
497;1;1333;Ｓ２０６;
497;1;1334;Ｘ００１;
497;1;1895;自然村服务区;
497;1;1623;安庆路;
497;1;1395;东风大街;
497;1;2619;雷家大街;
497;1;1421;创业大街;
497;1;1620;富民大街;
497;1;1601;白菊路;
497;1;1603;嫩江路;
497;1;1538;北安路;
497;1;1637;建设街;
497;1;1970;百汇街;
497;1;1969;明德路;
497;1;1416;辽宁路;
497;1;1501;大经路;
497;1;1442;新发路;
497;1;1541;北安路北三胡同;
497;1;1459;北海路;
497;1;1429;卫星路;
497;1;1458;仙台大街;
497;1;1490;会展大街;
497;1;2662;新月路（西环城路）;
497;1;1464;远达大街;
497;1;1423;基隆北街;
497;1;1425;凯旋路;
497;1;1941;亚泰北街;
497;1;1443;北京大街;
497;1;1535;上海路;
497;1;1536;汉口大街;
497;1;1544;南京大街;
497;1;1826;北凯旋路;
497;1;1554;北人民大街;
497;1;1587;铁北二路;
497;1;1981;北十条;
497;1;1980;永宁路;
497;1;1982;铁北四路;
497;1;1606;铁北一路;
497;1;2690;北远达大街;
497;1;2691;中科大街;
497;1;1399;奔驰路;
497;1;1943;自立西街;
497;1;1942;支农大街;
497;1;2686;丙十五路;
497;1;1398;兴顺路;
497;1;1617;通达路;
497;1;1944;博会路;
497;1;1945;飞虹路;
497;1;1497;博学路;
497;1;2003;彩霞街;
497;1;2004;彩织街;
497;1;1457;彩宇大街;
497;1;1948;钟家窑;
497;1;1949;李家洼子;
497;1;2032;昌平街;
497;1;2033;南昌路;
497;1;1552;长白路;
497;1;1436;胜利大街;
497;1;1605;东二条街;
497;1;1440;民康路;
497;1;1672;东大桥街;
497;1;2681;民安街;
497;1;1505;近埠街;
497;1;1506;大马路;
497;1;1539;向阳街;
497;1;2682;东门里胡同;
497;1;1907;长春绕城高速公路Ｇ３０２出口匝道;
497;1;1909;长春绕城高速公路Ｇ３０２东侧出口匝道;
497;1;1910;长春绕城高速公路Ｇ３０２西侧出口匝道;
497;1;1921;长春绕城高速公路大众街出口匝道;
497;1;1927;长春绕城高速公路净月大街出口匝道;
497;1;1718;净月大街北侧;
497;1;1932;长春绕城高速公路净月大街北侧出口匝道;
497;1;1735;净月大街南侧;
497;1;1930;长春绕城高速公路净月大街南侧出口匝道;
497;1;1904;长春绕城高速公路内圈Ｇ３０２出口匝道;
497;1;1933;长春绕城高速公路内圈Ｓ１０１出口匝道;
497;1;1916;长春绕城高速公路内圈Ｓ１０６出口匝道;
497;1;1920;长春绕城高速公路内圈大众街出口匝道;
497;1;1926;长春绕城高速公路内圈净月大街出口匝道;
497;1;1902;长春绕城高速公路外圈Ｇ３０２出口匝道;
497;1;1936;长春绕城高速公路外圈Ｓ１０１出口匝道;
497;1;1913;长春绕城高速公路外圈Ｓ１０６出口匝道;
497;1;1918;长春绕城高速公路外圈大众街出口匝道;
497;1;1923;长春绕城高速公路外圈净月大街出口匝道;
497;1;1453;长江路;
497;1;1953;东七条街;
497;1;1954;长春一中;
497;1;1410;开运街;
497;1;1397;西湖大路;
497;1;1627;兴安路;
497;1;1543;长通路;
497;1;1451;东五马路;
497;1;1656;东四马路;
497;1;2683;长新东路;
497;1;1455;长新街;
497;1;1555;九台路;
497;1;1559;团山街;
497;1;1937;超达大路;
497;1;1482;光谷大街;
497;1;1483;硅谷大街;
497;1;1871;芳草街;
497;1;1427;前进大街;
497;1;1495;幸福街;
497;1;1994;超凡大街;
497;1;1995;城南大路;
497;1;1993;锦湖大路;
497;1;2641;超越大街;
497;1;2640;宜居路;
497;1;2008;崇文路;
497;1;2010;翔运街;
497;1;1400;越野路;
497;1;1626;昆仑二路;
497;1;2665;迎春南路（宽平大路）;
497;1;1404;景阳大路;
497;1;1411;达新路;
497;1;1660;平泉路;
497;1;1667;西三道街;
497;1;1666;平治街;
497;1;1441;重庆路;
497;1;1599;西五马路;
497;1;1654;西四马路;
497;1;1922;长春绕城高速公路大众街入口匝道;
497;1;1917;长春绕城高速公路内圈大众街入口匝道;
497;1;1919;长春绕城高速公路外圈大众街入口匝道;
497;1;2666;富民大路;
497;1;1347;腾飞大路;
497;1;1486;电台街;
497;1;1446;繁荣路;
497;1;1612;东八条;
497;1;1611;黄河路;
497;1;1651;东朝阳路;
497;1;1650;东民主大街;
497;1;1500;同志街;
497;1;1461;四通路;
497;1;1675;东莱南街;
497;1;1972;东二道街;
497;1;1548;吴淞路;
497;1;1678;珠海路;
497;1;1527;营口路;
497;1;1428;南湖大路;
497;1;1523;浦东路;
497;1;1463;岭东路;
497;1;1524;荣光路;
497;1;1526;东新路;
497;1;1481;惠工路;
497;1;1466;河东路;
497;1;1615;东莱北街;
497;1;1676;景东路;
497;1;1448;东岭街;
497;1;2668;南湖大路（东岭南街）;
497;1;1533;东岭南街;
497;1;1958;东六条街;
497;1;1668;东三道街;
497;1;1669;永长路;
497;1;1960;东三马路;
497;1;1961;长通地税所;
497;1;1955;东三条街;
497;1;1964;东四道街;
497;1;1671;东天街;
497;1;1952;惠工路高架桥;
497;1;1670;桃源路;
497;1;2667;东头道街;
497;1;1814;沿河街;
497;1;1525;通安街;
497;1;1990;和顺街;
497;1;2034;东中华路;
497;1;1485;飞跃路;
497;1;1488;卫光街;
497;1;1811;亚泰国税小区;
497;1;1491;滨河路;
497;1;1413;蔚山路;
497;1;2688;万科城;
497;1;2015;锦程大街;
497;1;1418;芙蓉路;
497;1;1602;青松街;
497;1;1680;聚业大街;
497;1;1646;富锦路;
497;1;1644;虎林街;
497;1;1431;红旗街;
497;1;1514;工农大路;
497;1;1702;延安大街;
497;1;1978;公平路;
497;1;1979;民丰大街;
497;1;1452;光复路;
497;1;1540;陕西路;
497;1;1661;光明路;
497;1;1662;锦水路;
497;1;1663;崇智路;
497;1;1992;卓越大街;
497;1;2244;岳阳街;
497;1;1647;新疆街;
497;1;2693;海尔大道;
497;1;2692;北兴路;
497;1;2671;西三条街;
497;1;1419;西广大街;
497;1;1608;杭州路;
497;1;1996;西一条街;
497;1;1976;合肥路;
497;1;1977;沿河路;
497;1;1991;双阳路;
497;1;2638;和谐大街;
497;1;2639;旷达路;
497;1;2637;育民路;
497;1;2672;东八条（长白路）;
497;1;1445;黑水路;
497;1;2018;弘阳街;
497;1;1492;辉南街;
497;1;1512;万宝街;
497;1;1415;宽平大路;
497;1;1403;湖西路;
497;1;2669;湖滨街;
497;1;1997;湖宁路;
497;1;1430;湖光路;
497;1;1435;花莲路;
497;1;2043;中环七区;
497;1;1880;珲乌高速公路长春段;
497;1;2636;迎宾大路;
497;1;2633;王府收费站;
497;1;2651;华家服务区;
497;1;1888;Ｓ００１;
497;1;1847;宝塔街;
497;1;2634;哈拉海收费站;
497;1;2635;王府服务区;
497;1;2648;窦家沟屯;
497;1;1701;机场路;
497;1;1371;石头口门服务区;
497;1;2649;Ｘ００３;
497;1;2650;侉子沟服务区;
497;1;1289;珲乌高速公路松原段;
497;1;1966;惠民路;
497;1;1965;牡丹街;
497;1;1967;立信街;
497;1;1432;基隆南街;
497;1;1433;新竹路;
497;1;1434;基隆中街;
497;1;1836;青林路;
497;1;1520;吉顺街;
497;1;1657;通化路;
497;1;1639;西朝阳路;
497;1;1837;西解放立交桥;
497;1;1649;西民主大街;
497;1;1659;平阳街;
497;1;1689;解放大路辅路;
497;1;1986;金川街;
497;1;2674;北海路（萧山街）;
497;1;1987;海口路;
497;1;2020;锦西路;
497;1;2021;洛阳街;
497;1;2616;京哈高速公路长春段;
497;1;1366;陶赖昭收费站;
497;1;1892;小西屯;
497;1;1327;米沙子服务区;
497;1;1363;德惠服务区;
497;1;1365;菜园子收费站;
497;1;1295;京哈高速公路四平段;
497;1;1263;合力村;
497;1;1317;四平服务区;
497;1;1265;开发区大路;
497;1;1318;靠山屯服务区;
497;1;1267;Ｘ０５３;
497;1;1319;公主岭服务区;
497;1;1269;公主岭收费站;
497;1;1320;陶家屯服务区;
497;1;1293;京哈高速公路松原段;
497;1;1279;Ｓ３０１;
497;1;1280;扶余服务区;
497;1;1290;拉林河服务区;
497;1;1928;长春绕城高速公路净月大街入口匝道;
497;1;1925;长春绕城高速公路内圈净月大街入口匝道;
497;1;1924;长春绕城高速公路外圈净月大街入口匝道;
497;1;1568;长清公路;
497;1;1682;柳莺东路;
497;1;1998;净月潭国家森林公园;
497;1;1931;长春绕城高速公路净月大街北侧入口匝道;
497;1;1929;长春绕城高速公路净月大街南侧入口匝道;
497;1;1951;紫杉路;
497;1;1805;南四环路;
497;1;2675;孟家公铁桥;
497;1;1508;庆丰路;
497;1;1632;迎春南路;
497;1;1968;明德路北胡同;
497;1;1521;阜丰路;
497;1;1522;世光路;
497;1;1558;柳影路;
497;1;2037;同兴路;
497;1;1504;树勋街;
497;1;2035;南湖新村东街;
497;1;2002;市府西街;
497;1;2001;农安北街;
497;1;2000;农安南街;
497;1;1818;永春堡;
497;1;2627;前进大街辅路;
497;1;2628;火炬路;
497;1;1604;青岛路;
497;1;1553;青石路;
497;1;2019;青浦路;
497;1;2007;铁西街;
497;1;1600;青州路;
497;1;2036;清明街;
497;1;2012;市府南路;
497;1;1705;人民大街辅路;
497;1;2629;长春市地震局;
497;1;1842;卫星广场;
497;1;1843;人民广场;
497;1;1665;咸阳路;
497;1;2017;升阳街;
497;1;1677;武汉路;
497;1;2024;乙二路;
497;1;1962;曙光路;
497;1;1633;四联大街;
497;1;1824;小高家窝堡;
497;1;2014;北八条;
497;1;1556;东荣大桥;
497;1;2685;芙蓉小区西区;
497;1;2676;阜丰路（临河街）;
497;1;1658;永吉胡同;
497;1;1625;同心路;
497;1;1844;前兴隆堡;
497;1;1648;慈光路;
497;1;2030;卫明街;
497;1;2029;修正路;
497;1;2624;卫星路辅路;
497;1;2678;日光路;
497;1;1985;萧山街;
497;1;2626;秦皇岛路;
497;1;1988;温州街;
497;1;1989;昆山路;
497;1;2038;新开河小区;
497;1;1971;西二道街;
497;1;1422;自立街;
497;1;1640;普庆路;
497;1;1959;西三马路;
497;1;1963;西四道街;
497;1;2022;迎宾路;
497;1;2031;西五条街;
497;1;2005;祥渌街;
497;1;2679;彩宇大街（世光路）;
497;1;2006;云友路;
497;1;2011;阳光路;
497;1;1456;小南街;
497;1;2016;北环城路（旧）;
497;1;2028;致远街;
497;1;2041;亚泰北街辅路;
497;1;2622;长春市育新小学;
497;1;2623;天光小学;
497;1;2042;天光路;
497;1;2039;一匡街;
497;1;2694;亚泰北环立交桥;
497;1;2044;小城子街;
497;1;1447;体北路;
497;1;1690;亚泰大街辅路;
497;1;2025;小甸子;
497;1;2040;利国街;
497;1;2023;阳光综合门诊;
497;1;1401;长青路;
497;1;1465;河北屯;
497;1;1956;浙江路;
497;1;1957;珠江路;
