CID;TABCD;LCD;CLASS;TCD;STCD;JUNCTIONNUMBER;RNID;N1ID;N2ID;POL_LCD;OTH_LCD;SEG_LCD;ROA_LCD;INPOS;INNEG;OUTPOS;OUTNEG;PRESENTPOS;PRESENTNEG;DIVERSIONPOS;DIVERSIONNEG;XCOORD;YCOORD;INTERRUPTSROAD;URBAN
497;7;212;P;1;1;;2644;1893;;4;;99;;1;1;1;1;1;1;;;+12532228;+4378481;0;1
497;7;213;P;3;3;;2644;1345;;4;;99;;1;1;1;1;1;1;;;+12530081;+4377571;0;1
497;7;215;P;1;1;;2645;1900;;4;;100;;1;1;1;1;1;1;;;+12520899;+4373952;0;0
497;7;216;P;1;3;;2645;1618;;4;;100;;1;1;1;1;1;1;;;+12517256;+4381845;0;1
497;7;203;P;1;3;;2645;1337;;4;;100;;1;1;1;1;1;1;;;+12518288;+4393606;0;1
497;7;204;P;1;3;;2642;2131;;4;;201;;1;1;1;1;1;1;;;+12526486;+4399130;0;1
497;7;95;P;1;1;;2642;2630;;4;;201;;1;1;1;1;1;1;;;+12529699;+4399718;0;1
497;7;205;P;3;3;;2642;1340;;4;;201;;1;1;1;1;1;1;;;+12531878;+4400468;0;1
497;7;97;P;1;1;;2642;1891;;4;;201;;1;1;1;1;1;1;;;+12536245;+4403582;0;0
497;7;208;P;1;3;;2643;2063;;4;;206;;1;1;1;1;1;1;;;+12545690;+4395138;0;0
497;7;209;P;1;1;;2643;1876;;4;;206;;1;1;1;1;1;1;;;+12545833;+4389555;0;1
497;7;211;P;1;3;;2643;1344;;4;;206;;1;1;1;1;1;1;;;+12540996;+4383184;0;1
497;7;578;P;1;11;;2056;1698;;4;;577;;1;1;1;1;1;1;;;+12509200;+4373147;0;0
497;7;1988;P;1;12;;2056;1414;;4;;577;;1;1;1;1;1;1;;;+12518177;+4380022;583;1
497;7;583;P;1;6;;2056;2652;;4;;580;;1;1;1;1;1;1;;;+12542685;+4393352;1988;1
497;7;2003;P;1;12;;2056;1825;;4;;580;;1;1;1;1;1;1;;;+12543866;+4397655;0;0
497;7;584;P;1;12;;2056;1474;;4;;580;;1;1;1;1;1;1;;;+12557415;+4429479;0;0
497;7;585;P;1;12;;2056;1364;;4;;580;;1;1;1;1;1;1;;;+12573583;+4451412;0;1
497;7;586;P;1;11;;2056;1469;;4;;580;;1;1;1;1;1;1;;;+12602314;+4481300;0;0
497;7;581;P;1;10;;2618;1386;;4;;;1932;1;1;1;1;1;1;;;+12539225;+4390699;0;1
497;7;582;P;1;10;;2618;1467;;4;;;1932;1;1;1;1;1;1;;;+12540898;+4392071;0;1
497;7;1933;P;1;7;;2618;2652;;4;;;1932;1;1;1;1;1;1;;;+12542685;+4393352;0;1
497;7;1886;P;1;10;;1653;2653;;4;;;1885;1;1;1;1;1;1;;;+12531320;+4389976;0;1
497;7;1887;P;1;12;;1653;1503;;4;;;1885;1;1;1;1;1;1;;;+12531486;+4389840;0;1
497;7;1888;P;1;10;;1653;1417;;4;;;1885;1;1;1;1;1;1;;;+12532449;+4389802;0;1
497;7;252;P;4;0;;;1908;;4;;;251;;;;;;;;;+12526254;+4398816;0;1
497;7;258;P;4;0;;;1906;;4;;;257;;;;;;;;;+12526607;+4399083;0;1
497;7;254;P;4;0;;;1903;;4;;;253;;;;;;;;;+12526647;+4399327;0;1
497;7;1580;P;1;6;;1339;2655;;4;;;417;1;1;1;1;1;1;;;+12528721;+4396164;0;1
497;7;419;P;1;3;;1339;2654;;4;;;417;1;1;1;1;1;1;;;+12525917;+4398702;0;1
497;7;420;P;1;12;;1339;1883;;4;;;417;1;1;1;1;1;1;;;+12518367;+4406224;0;0
497;7;1475;P;1;9;;1802;2658;;4;;;1480;1;1;1;1;1;1;;;+12542713;+4388179;0;1
497;7;1481;P;1;11;;1802;2657;;4;;;1480;1;1;1;1;1;1;;;+12569774;+4380760;0;0
497;7;1482;P;1;12;;1802;1387;;4;;;1480;1;1;1;1;1;1;;;+12584867;+4377402;0;0
497;7;1274;P;1;10;;1664;1417;;4;;;1273;1;1;1;1;1;1;;;+12532466;+4388984;0;1
497;7;1275;P;1;12;;1664;1854;;4;;;1273;1;1;1;1;1;1;;;+12532709;+4388983;0;1
497;7;1276;P;1;12;;1664;1450;;4;;;1273;1;1;1;1;1;1;;;+12532821;+4388824;0;1
497;7;451;P;1;6;;2131;1402;;4;;;450;1;1;1;1;1;1;;;+12529054;+4389892;0;1
497;7;452;P;1;10;;2131;1407;;4;;;450;1;1;1;1;1;1;;;+12529156;+4390667;0;1
497;7;453;P;1;10;;2131;1507;;4;;;450;1;1;1;1;1;1;;;+12529330;+4392408;0;1
497;7;454;P;1;10;;2131;1409;;4;;;450;1;1;1;1;1;1;;;+12529410;+4393715;0;1
497;7;455;P;1;10;;2131;1361;;4;;;450;1;1;1;1;1;1;;;+12529467;+4394683;0;1
497;7;1581;P;1;6;;2131;1825;;4;;;450;1;1;1;1;1;1;;;+12528721;+4396164;0;1
497;7;256;P;4;0;;;1911;;4;;;255;;;;;;;;;+12526028;+4398683;0;1
497;7;250;P;4;0;;;1912;;4;;;249;;;;;;;;;+12525627;+4398897;0;1
497;7;6063;P;1;1;;1272;1876;;5;;;6051;1;1;1;1;1;1;;;+12481710;+4508092;0;0
497;7;6052;P;1;3;;1272;1311;;5;;;6051;1;1;1;1;1;1;;;+12485192;+4510096;0;1
497;7;6053;P;1;3;;1272;1273;;5;;;6051;1;1;1;1;1;1;;;+12489727;+4517007;0;0
497;7;6066;P;3;3;;1272;1294;;5;;;6051;1;1;1;1;1;1;;;+12494556;+4530836;0;0
497;7;6054;P;1;3;;1272;1312;;5;;;6051;1;1;1;1;1;1;;;+12496561;+4537771;0;0
497;7;6067;P;1;3;;1272;2689;;5;;;6051;1;1;1;1;1;1;;;+12501239;+4551985;0;0
497;7;6055;P;1;3;;1272;1275;;5;;;6051;1;1;1;1;1;1;;;+12505126;+4557735;0;0
497;7;724;P;1;7;;2063;2652;;4;;;723;1;1;1;1;1;1;;;+12542685;+4393352;0;1
497;7;725;P;1;3;;2063;1887;;4;;;723;1;1;1;1;1;1;;;+12545690;+4395138;0;0
497;7;726;P;1;12;;2063;1510;;4;;;723;1;1;1;1;1;1;;;+12548064;+4396931;0;0
497;7;727;P;1;12;;2063;1851;;4;;;723;1;1;1;1;1;1;;;+12550499;+4399074;0;0
497;7;240;P;4;0;;;1934;;4;;;239;;;;;;;;;+12545584;+4395232;0;0
497;7;284;P;4;0;;;1935;;4;;;283;;;;;;;;;+12545785;+4394998;0;0
497;7;688;P;1;10;;1449;1444;;4;;;822;1;1;1;1;1;1;;;+12534939;+4388202;0;1
497;7;689;P;1;10;;1449;1489;;4;;;822;1;1;1;1;1;1;;;+12536429;+4388213;0;1
497;7;690;P;1;10;;1449;1462;;4;;;822;1;1;1;1;1;1;;;+12537651;+4388227;0;1
497;7;691;P;1;10;;1449;1502;;4;;;822;1;1;1;1;1;1;;;+12538958;+4388250;0;1
497;7;692;P;1;10;;1449;1386;;4;;;822;1;1;1;1;1;1;;;+12539479;+4388251;0;1
497;7;428;P;1;10;;1449;1388;;4;;;822;1;1;1;1;1;1;;;+12541007;+4388240;0;1
497;7;429;P;1;10;;1449;1389;;4;;;822;1;1;1;1;1;1;;;+12542269;+4388203;0;1
497;7;824;P;1;9;;1449;2659;;4;;;822;1;1;1;1;1;1;;;+12542713;+4388179;0;1
497;7;825;P;1;3;;1449;1876;;4;;;822;1;1;1;1;1;1;;;+12543974;+4388521;0;1
497;7;588;P;1;12;;1834;1804;;4;;;587;1;1;1;1;1;1;;;+12540145;+4375228;0;0
497;7;955;P;1;12;;1834;1478;;4;;;587;1;1;1;1;1;1;;;+12539468;+4377087;0;1
497;7;954;P;1;12;;1478;1834;;4;;;590;1;1;1;1;1;1;;;+12539468;+4377087;0;1
497;7;1484;P;1;12;;1478;1681;;4;;;590;1;1;1;1;1;1;;;+12539953;+4378108;0;1
497;7;591;P;1;6;;1478;1477;;4;;;590;1;1;1;1;1;1;;;+12540025;+4378875;0;1
497;7;592;P;1;10;;1478;1438;;4;;;590;1;1;1;1;1;1;;;+12540900;+4382047;0;1
497;7;431;P;1;10;;1478;1679;;4;;;590;1;1;1;1;1;1;;;+12540958;+4382352;0;1
497;7;593;P;1;9;;1478;1344;;4;;;590;1;1;1;1;1;1;;;+12540426;+4384003;0;1
497;7;402;P;1;11;;1348;2660;;4;;;401;1;1;1;1;1;1;;;+12513342;+4389513;0;0
497;7;957;P;1;8;;1348;1584;;4;;;401;1;1;1;1;1;1;;;+12516103;+4389296;0;1
497;7;1934;P;1;10;;1348;2531;;4;;;401;1;1;1;1;1;1;;;+12520584;+4389142;0;1
497;7;403;P;1;10;;1348;1351;;4;;;401;1;1;1;1;1;1;;;+12523745;+4389032;0;1
497;7;1512;P;1;10;;1348;1498;;4;;;401;1;1;1;1;1;1;;;+12525478;+4388896;0;1
497;7;404;P;1;10;;1348;1352;;4;;;401;1;1;1;1;1;1;;;+12526226;+4388910;0;1
497;7;405;P;1;10;;1348;1353;;4;;;401;1;1;1;1;1;1;;;+12527144;+4388920;0;1
497;7;406;P;1;10;;1348;1354;;4;;;401;1;1;1;1;1;1;;;+12528385;+4388884;0;1
497;7;407;P;1;10;;1348;1350;;4;;;401;1;1;1;1;1;1;;;+12529457;+4388494;0;1
497;7;409;P;1;12;;1337;1355;;4;;;408;1;1;1;1;1;1;;;+12511751;+4395214;0;0
497;7;410;P;1;3;;1337;1887;;4;;;408;1;1;1;1;1;1;;;+12518288;+4393606;0;1
497;7;411;P;1;12;;1337;1356;;4;;;408;1;1;1;1;1;1;;;+12519557;+4393101;0;1
497;7;266;P;4;0;;;1914;;4;;;265;;;;;;;;;+12518440;+4393919;0;1
497;7;268;P;4;0;;;1915;;4;;;267;;;;;;;;;+12518150;+4393356;0;1
497;7;761;P;1;9;;1499;1439;;4;;;760;1;1;1;1;1;1;;;+12530808;+4386409;0;1
497;7;432;P;1;10;;1499;1518;;4;;;760;1;1;1;1;1;1;;;+12530812;+4386676;0;1
497;7;762;P;1;10;;1499;1517;;4;;;760;1;1;1;1;1;1;;;+12530793;+4387121;0;1
497;7;433;P;1;10;;1499;1652;;4;;;760;1;1;1;1;1;1;;;+12530791;+4387546;0;1
497;7;763;P;1;10;;1499;1412;;4;;;760;1;1;1;1;1;1;;;+12530786;+4387800;0;1
497;7;61;P;1;3;;2646;1333;;4;;;60;1;1;1;1;1;1;;;+12533171;+4336160;0;0
497;7;62;P;1;3;;2646;1334;;4;;;60;1;1;1;1;1;1;;;+12531181;+4357644;0;0
497;7;63;P;3;3;;2646;1895;;4;;;60;1;1;1;1;1;1;;;+12532848;+4369044;0;0
497;7;72;P;1;1;;2646;1887;;4;;;60;1;1;1;1;1;1;;;+12532687;+4379116;0;1
497;7;64;P;1;3;;2646;1417;;4;;;60;1;1;1;1;1;1;;;+12532659;+4380326;0;1
497;7;464;P;1;6;;1350;1412;;4;;;463;1;1;1;1;1;1;;;+12528960;+4387773;0;1
497;7;465;P;1;10;;1350;1348;;4;;;463;1;1;1;1;1;1;;;+12529457;+4388494;0;1
497;7;466;P;1;10;;1350;1402;;4;;;463;1;1;1;1;1;1;;;+12530177;+4389500;0;1
497;7;1079;P;1;10;;1623;1395;;4;;;1078;1;1;1;1;1;1;;;+12522039;+4384559;0;1
497;7;1080;P;1;10;;1623;1421;;4;;;1078;1;1;1;1;1;1;;;+12521782;+4385095;0;1
497;7;1081;P;1;10;;1623;1620;;4;;;1078;1;1;1;1;1;1;;;+12521238;+4386220;0;1
497;7;1574;P;1;12;;1623;2619;;4;;;1078;1;1;1;1;1;1;;;+12520611;+4387425;0;1
497;7;1889;P;1;10;;1601;1402;;4;;;1159;1;1;1;1;1;1;;;+12530459;+4389397;0;1
497;7;1890;P;1;10;;1601;1538;;4;;;1159;1;1;1;1;1;1;;;+12530671;+4389734;0;1
497;7;1160;P;1;11;;1601;1637;;4;;;1159;1;1;1;1;1;1;;;+12531000;+4389899;0;1
497;7;1161;P;1;10;;1601;1603;;4;;;1159;1;1;1;1;1;1;;;+12531582;+4390145;0;1
497;7;1673;P;1;12;;1970;1439;;4;;;1672;1;1;1;1;1;1;;;+12532285;+4386415;0;1
497;7;1674;P;1;11;;1970;1518;;4;;;1672;1;1;1;1;1;1;;;+12532281;+4386700;0;1
497;7;1675;P;1;10;;1970;1969;;4;;;1672;1;1;1;1;1;1;;;+12532273;+4387224;0;1
497;7;1676;P;1;11;;1970;1652;;4;;;1672;1;1;1;1;1;1;;;+12532255;+4387571;0;1
497;7;1677;P;1;12;;1970;1412;;4;;;1672;1;1;1;1;1;1;;;+12532252;+4387811;0;1
497;7;1225;P;1;10;;1538;1416;;4;;;1224;1;1;1;1;1;1;;;+12530332;+4389848;0;1
497;7;1226;P;1;10;;1538;1637;;4;;;1224;1;1;1;1;1;1;;;+12530846;+4389670;0;1
497;7;1227;P;1;8;;1538;1442;;4;;;1224;1;1;1;1;1;1;;;+12531351;+4389466;0;1
497;7;1228;P;1;10;;1538;1417;;4;;;1224;1;1;1;1;1;1;;;+12532460;+4389321;0;1
497;7;1229;P;1;10;;1538;1501;;4;;;1224;1;1;1;1;1;1;;;+12533242;+4389384;0;1
497;7;875;P;1;12;;1541;1417;;4;;;874;1;1;1;1;1;1;;;+12532461;+4389483;0;1
497;7;1541;P;1;11;;1541;1501;;4;;;874;1;1;1;1;1;1;;;+12533062;+4389567;0;1
497;7;828;P;1;11;;1459;1489;;4;;;826;1;1;1;1;1;1;;;+12536515;+4384116;0;1
497;7;829;P;1;10;;1459;1458;;4;;;826;1;1;1;1;1;1;;;+12537724;+4384133;0;1
497;7;830;P;1;10;;1459;1490;;4;;;826;1;1;1;1;1;1;;;+12539040;+4384134;0;1
497;7;831;P;1;9;;1459;1429;;4;;;826;1;1;1;1;1;1;;;+12540426;+4384003;0;1
497;7;1578;P;1;10;;1361;2662;;4;;;485;1;1;1;1;1;1;;;+12527597;+4393727;0;1
497;7;483;P;1;12;;1361;1423;;4;;;485;1;1;1;1;1;1;;;+12528491;+4394391;0;1
497;7;486;P;1;10;;1361;2131;;4;;;485;1;1;1;1;1;1;;;+12529467;+4394683;0;1
497;7;487;P;1;10;;1361;1425;;4;;;485;1;1;1;1;1;1;;;+12531795;+4395044;0;1
497;7;489;P;1;6;;1361;1941;;4;;;485;1;1;1;1;1;1;;;+12533280;+4395218;0;1
497;7;1579;P;1;10;;1361;1464;;4;;;485;1;1;1;1;1;1;;;+12537697;+4393219;0;1
497;7;846;P;1;10;;1443;1535;;4;;;845;1;1;1;1;1;1;;;+12532968;+4389660;0;1
497;7;1483;P;1;10;;1443;1544;;4;;;845;1;1;1;1;1;1;;;+12532576;+4389956;0;1
497;7;847;P;1;10;;1443;1417;;4;;;845;1;1;1;1;1;1;;;+12532445;+4390044;0;1
497;7;1471;P;1;11;;1443;1603;;4;;;845;1;1;1;1;1;1;;;+12532294;+4390162;0;1
497;7;943;P;1;9;;1443;1536;;4;;;845;1;1;1;1;1;1;;;+12531830;+4390471;0;1
497;7;1430;P;1;10;;1826;1361;;4;;;1429;1;1;1;1;1;1;;;+12531795;+4395044;0;1
497;7;1407;P;1;7;;1826;1825;;4;;;1429;1;1;1;1;1;1;;;+12530635;+4397030;0;1
497;7;995;P;1;12;;1554;1587;;4;;;994;1;1;1;1;1;1;;;+12532414;+4391411;0;1
497;7;996;P;1;10;;1554;1507;;4;;;994;1;1;1;1;1;1;;;+12532416;+4391998;0;1
497;7;1720;P;1;11;;1981;1980;;4;;;1719;1;1;1;1;1;1;;;+12535312;+4390781;0;1
497;7;1721;P;1;12;;1981;1606;;4;;;1719;1;1;1;1;1;1;;;+12535201;+4391299;0;1
497;7;1722;P;1;11;;1981;1982;;4;;;1719;1;1;1;1;1;1;;;+12535179;+4391634;0;1
497;7;1558;P;1;6;;1825;1356;;4;;;1557;1;1;1;1;1;1;;;+12523413;+4393091;0;1
497;7;1935;P;1;7;;1825;2131;;4;;;1557;1;1;1;1;1;1;;;+12528721;+4396164;0;1
497;7;1559;P;1;6;;1825;1826;;4;;;1557;1;1;1;1;1;1;;;+12530635;+4397030;0;1
497;7;1870;P;1;6;;1825;1941;;4;;;1557;1;1;1;1;1;1;;;+12531988;+4397589;0;1
497;7;2000;P;1;8;;1825;2690;;4;;;1557;1;1;1;1;1;1;;;+12538490;+4397619;0;1
497;7;2001;P;1;10;;1825;2691;;4;;;1557;1;1;1;1;1;1;;;+12541243;+4397608;0;0
497;7;2002;P;1;12;;1825;2056;;4;;;1557;1;1;1;1;1;1;;;+12543866;+4397655;0;0
497;7;1092;P;1;10;;1399;1414;;4;;;1091;1;1;1;1;1;1;;;+12523901;+4384477;0;1
497;7;1093;P;1;10;;1399;1395;;4;;;1091;1;1;1;1;1;1;;;+12523425;+4385097;0;1
497;7;1094;P;1;10;;1399;1421;;4;;;1091;1;1;1;1;1;1;;;+12523059;+4385593;0;1
497;7;1095;P;1;10;;1399;1942;;4;;;1091;1;1;1;1;1;1;;;+12522766;+4385977;0;1
497;7;1582;P;1;10;;1399;1943;;4;;;1091;1;1;1;1;1;1;;;+12522501;+4386720;0;1
497;7;1698;P;1;12;;2686;1398;;4;;;1994;1;1;1;1;1;1;;;+12522446;+4383560;0;1
497;7;1699;P;1;10;;2686;1617;;4;;;1994;1;1;1;1;1;1;;;+12522328;+4382867;0;1
497;7;1584;P;1;12;;1944;1945;;4;;;1583;1;1;1;1;1;1;;;+12542874;+4381262;0;1
497;7;1585;P;1;10;;1944;1344;;4;;;1583;1;1;1;1;1;1;;;+12544496;+4381528;0;1
497;7;1385;P;1;10;;1679;1478;;4;;;1384;1;1;1;1;1;1;;;+12540958;+4382352;0;1
497;7;1386;P;1;10;;1679;1344;;4;;;1384;1;1;1;1;1;1;;;+12542916;+4383054;0;1
497;7;670;P;1;10;;1497;1478;;4;;;669;1;1;1;1;1;1;;;+12540900;+4382047;0;1
497;7;671;P;1;10;;1497;1344;;4;;;669;1;1;1;1;1;1;;;+12543723;+4382477;0;1
497;7;1777;P;1;12;;2003;1438;;4;;;1776;1;1;1;1;1;1;;;+12535209;+4381852;0;1
497;7;1778;P;1;11;;2003;2004;;4;;;1776;1;1;1;1;1;1;;;+12536072;+4382822;0;1
497;7;1589;P;1;11;;1457;1948;;4;;;557;1;1;1;1;1;1;;;+12537866;+4377271;0;1
497;7;1590;P;1;10;;1457;1949;;4;;;557;1;1;1;1;1;1;;;+12537826;+4378746;0;1
497;7;1591;P;1;12;;1457;1945;;4;;;557;1;1;1;1;1;1;;;+12537808;+4379909;0;1
497;7;558;P;1;8;;1457;1438;;4;;;557;1;1;1;1;1;1;;;+12537743;+4381956;0;1
497;7;559;P;1;10;;1457;1429;;4;;;557;1;1;1;1;1;1;;;+12537744;+4383362;0;1
497;7;1788;P;1;10;;2004;1438;;4;;;1787;1;1;1;1;1;1;;;+12535980;+4381851;0;1
497;7;1789;P;1;11;;2004;2003;;4;;;1787;1;1;1;1;1;1;;;+12536072;+4382822;0;1
497;7;1790;P;1;10;;2004;1429;;4;;;1787;1;1;1;1;1;1;;;+12536055;+4383355;0;1
497;7;1892;P;1;12;;2032;2033;;4;;;1891;1;1;1;1;1;1;;;+12529994;+4388733;0;1
497;7;1893;P;1;10;;2032;1402;;4;;;1891;1;1;1;1;1;1;;;+12530459;+4389397;0;1
497;7;413;P;1;12;;1356;1337;;4;;;412;1;1;1;1;1;1;;;+12519557;+4393101;0;1
497;7;1572;P;1;7;;1356;1825;;4;;;412;1;1;1;1;1;1;;;+12523413;+4393091;0;1
497;7;415;P;1;10;;1356;1351;;4;;;412;1;1;1;1;1;1;;;+12525669;+4391650;0;1
497;7;1170;P;1;9;;1552;1436;;4;;;1169;1;1;1;1;1;1;;;+12532421;+4390873;0;1
497;7;1171;P;1;12;;1552;1605;;4;;;1169;1;1;1;1;1;1;;;+12533003;+4390930;0;1
497;7;1172;P;1;10;;1552;1444;;4;;;1169;1;1;1;1;1;1;;;+12533857;+4390828;0;1
497;7;707;P;1;9;;1450;1440;;4;;;706;1;1;1;1;1;1;;;+12532460;+4388706;0;1
497;7;1472;P;1;12;;1450;2681;;4;;;706;1;1;1;1;1;1;;;+12532821;+4388824;0;1
497;7;708;P;1;10;;1450;1505;;4;;;706;1;1;1;1;1;1;;;+12533126;+4388916;0;1
497;7;709;P;1;10;;1450;1501;;4;;;706;1;1;1;1;1;1;;;+12533600;+4389038;0;1
497;7;710;P;1;10;;1450;1506;;4;;;706;1;1;1;1;1;1;;;+12534056;+4389240;0;1
497;7;711;P;1;10;;1450;1444;;4;;;706;1;1;1;1;1;1;;;+12534622;+4389436;0;1
497;7;1515;P;1;12;;1450;1539;;4;;;706;1;1;1;1;1;1;;;+12535135;+4389618;0;1
497;7;1542;P;1;12;;1450;2682;;4;;;706;1;1;1;1;1;1;;;+12535257;+4389654;0;1
497;7;1573;P;1;9;;1450;1672;;4;;;706;1;1;1;1;1;1;;;+12535533;+4389779;0;1
497;7;244;P;4;0;;;1907;;4;;;243;;;;;;;;;+12526264;+4398834;0;1
497;7;248;P;4;0;;;1909;;4;;;247;;;;;;;;;+12525961;+4398777;0;1
497;7;246;P;4;0;;;1910;;4;;;245;;;;;;;;;+12526009;+4398733;0;1
497;7;272;P;4;0;;;1921;;4;;;271;;;;;;;;;+12517659;+4381817;0;1
497;7;230;P;4;0;;;1927;;4;;;229;;;;;;;;;+12541019;+4383544;0;1
497;7;232;P;4;0;;;1932;;4;;;231;;;;;;;;;+12541584;+4383800;0;1
497;7;235;P;4;0;;;1930;;4;;;234;;;;;;;;;+12541314;+4383721;0;1
497;7;260;P;4;0;;;1904;;4;;;259;;;;;;;;;+12526355;+4398990;0;1
497;7;238;P;4;0;;;1933;;4;;;233;;;;;;;;;+12545554;+4395276;0;0
497;7;264;P;4;0;;;1916;;4;;;263;;;;;;;;;+12518092;+4393275;0;1
497;7;270;P;4;0;;;1920;;4;;;269;;;;;;;;;+12517412;+4381805;0;1
497;7;237;P;4;0;;;1926;;4;;;236;;;;;;;;;+12541086;+4383336;0;1
497;7;242;P;4;0;;;1902;;4;;;241;;;;;;;;;+12526757;+4399320;0;1
497;7;282;P;4;0;;;1936;;4;;;281;;;;;;;;;+12545816;+4394965;0;0
497;7;262;P;4;0;;;1913;;4;;;261;;;;;;;;;+12518510;+4393938;0;1
497;7;274;P;4;0;;;1918;;4;;;273;;;;;;;;;+12517291;+4381737;0;1
497;7;228;P;4;0;;;1923;;4;;;227;;;;;;;;;+12540900;+4382921;0;1
497;7;898;P;1;11;;1453;1436;;4;;897;;1;1;1;1;1;1;;;+12533068;+4390603;0;1
497;7;899;P;1;11;;1453;1544;;4;;897;;1;1;1;1;1;1;;;+12533484;+4390605;0;1
497;7;946;P;1;12;;1453;1444;;4;;897;;1;1;1;1;1;1;;;+12533855;+4390609;947;1
497;7;947;P;1;12;;1453;1954;;4;;945;;1;1;1;1;1;1;;;+12533865;+4390610;946;1
497;7;900;P;1;12;;1453;1953;;4;;945;;1;1;1;1;1;1;;;+12534311;+4390613;0;1
497;7;1989;P;1;12;;1414;2056;;4;;;1065;1;1;1;1;1;1;;;+12518177;+4380022;0;1
497;7;1443;P;1;11;;1414;1617;;4;;;1065;1;1;1;1;1;1;;;+12518925;+4380638;0;1
497;7;1066;P;1;8;;1414;1397;;4;;;1065;1;1;1;1;1;1;;;+12520253;+4381635;0;1
497;7;1067;P;1;9;;1414;1627;;4;;;1065;1;1;1;1;1;1;;;+12520945;+4383336;0;1
497;7;1068;P;1;10;;1414;1398;;4;;;1065;1;1;1;1;1;1;;;+12522309;+4383857;0;1
497;7;1069;P;1;10;;1414;1399;;4;;;1065;1;1;1;1;1;1;;;+12523901;+4384477;0;1
497;7;1070;P;1;10;;1414;1410;;4;;;1065;1;1;1;1;1;1;;;+12524719;+4384471;0;1
497;7;1317;P;1;10;;1543;1444;;4;;;1316;1;1;1;1;1;1;;;+12534154;+4390134;0;1
497;7;1318;P;1;10;;1543;1451;;4;;;1316;1;1;1;1;1;1;;;+12534459;+4390062;0;1
497;7;1319;P;1;11;;1543;1656;;4;;;1316;1;1;1;1;1;1;;;+12534873;+4389958;0;1
497;7;1320;P;1;11;;1543;1539;;4;;;1316;1;1;1;1;1;1;;;+12535089;+4389903;0;1
497;7;1321;P;1;9;;1543;1672;;4;;;1316;1;1;1;1;1;1;;;+12535533;+4389779;0;1
497;7;1997;P;1;11;;2683;1455;;4;;;1695;1;1;1;1;1;1;;;+12536540;+4393145;0;1
497;7;936;P;1;12;;2683;1464;;4;;;1695;1;1;1;1;1;1;;;+12537587;+4393130;0;1
497;7;930;P;1;10;;1455;1425;;4;;;929;1;1;1;1;1;1;;;+12531741;+4393099;0;1
497;7;931;P;1;10;;1455;1555;;4;;;929;1;1;1;1;1;1;;;+12532935;+4393095;0;1
497;7;932;P;1;10;;1455;1941;;4;;;929;1;1;1;1;1;1;;;+12533796;+4393112;0;1
497;7;933;P;1;10;;1455;1559;;4;;;929;1;1;1;1;1;1;;;+12535532;+4393137;0;1
497;7;1996;P;1;11;;1455;2683;;4;;;929;1;1;1;1;1;1;;;+12536540;+4393145;0;1
497;7;952;P;1;6;;1937;1414;;4;;;1791;1;1;1;1;1;1;;;+12520253;+4381635;0;1
497;7;612;P;1;10;;1937;1482;;4;;;1791;1;1;1;1;1;1;;;+12522381;+4380738;0;1
497;7;613;P;1;7;;1937;1483;;4;;;1791;1;1;1;1;1;1;;;+12524175;+4380497;0;1
497;7;980;P;1;11;;1937;1871;;4;;;1791;1;1;1;1;1;1;;;+12527635;+4380453;0;1
497;7;1038;P;1;6;;1937;1427;;4;;;1791;1;1;1;1;1;1;;;+12529582;+4380457;0;1
497;7;614;P;1;10;;1937;1495;;4;;;1791;1;1;1;1;1;1;;;+12530554;+4380597;0;1
497;7;1792;P;1;6;;1937;1417;;4;;;1791;1;1;1;1;1;1;;;+12532649;+4380860;0;1
497;7;1766;P;1;11;;1994;1995;;4;;;1765;1;1;1;1;1;1;;;+12526246;+4376323;0;1
497;7;1767;P;1;10;;1994;1993;;4;;;1765;1;1;1;1;1;1;;;+12526254;+4378824;0;1
497;7;1768;P;1;10;;1994;1937;;4;;;1765;1;1;1;1;1;1;;;+12526252;+4380453;0;1
497;7;1979;P;1;10;;2641;2640;;4;;;1978;1;1;1;1;1;1;;;+12524237;+4377237;0;1
497;7;1980;P;1;10;;2641;1993;;4;;;1978;1;1;1;1;1;1;;;+12524161;+4378827;0;1
497;7;1981;P;1;12;;2641;1483;;4;;;1978;1;1;1;1;1;1;;;+12524175;+4380497;0;1
497;7;1810;P;1;12;;2008;2131;;4;;;1809;1;1;1;1;1;1;;;+12529129;+4390242;0;1
497;7;1811;P;1;12;;2008;2010;;4;;;1809;1;1;1;1;1;1;;;+12530032;+4389927;0;1
497;7;1055;P;1;10;;1421;1623;;4;;;1054;1;1;1;1;1;1;;;+12521782;+4385095;0;1
497;7;1056;P;1;10;;1421;1399;;4;;;1054;1;1;1;1;1;1;;;+12523059;+4385593;0;1
497;7;1057;P;1;10;;1421;1400;;4;;;1054;1;1;1;1;1;1;;;+12524361;+4386157;0;1
497;7;1058;P;1;10;;1421;1626;;4;;;1054;1;1;1;1;1;1;;;+12525547;+4386757;0;1
497;7;1059;P;1;10;;1421;1352;;4;;;1054;1;1;1;1;1;1;;;+12526374;+4387184;0;1
497;7;1060;P;1;9;;1421;1353;;4;;;1054;1;1;1;1;1;1;;;+12527171;+4387590;0;1
497;7;1563;P;1;12;;1352;2665;;4;;;501;1;1;1;1;1;1;;;+12527226;+4386343;0;1
497;7;499;P;1;10;;1352;1353;;4;;;501;1;1;1;1;1;1;;;+12527135;+4386400;0;1
497;7;502;P;1;10;;1352;1395;;4;;;501;1;1;1;1;1;1;;;+12526782;+4386760;0;1
497;7;503;P;1;10;;1352;1421;;4;;;501;1;1;1;1;1;1;;;+12526374;+4387184;0;1
497;7;504;P;1;10;;1352;1404;;4;;;501;1;1;1;1;1;1;;;+12526237;+4388427;0;1
497;7;505;P;1;10;;1352;1348;;4;;;501;1;1;1;1;1;1;;;+12526226;+4388910;0;1
497;7;506;P;1;10;;1352;1402;;4;;;501;1;1;1;1;1;1;;;+12526194;+4390230;0;1
497;7;1075;P;1;12;;1411;1937;;4;;;1074;1;1;1;1;1;1;;;+12524175;+4380497;0;1
497;7;1076;P;1;10;;1411;1482;;4;;;1074;1;1;1;1;1;1;;;+12522852;+4381213;0;1
497;7;1077;P;1;12;;1411;1410;;4;;;1074;1;1;1;1;1;1;;;+12521622;+4381882;0;1
497;7;841;P;1;10;;1501;1444;;4;;;840;1;1;1;1;1;1;;;+12534821;+4387718;0;1
497;7;1485;P;1;12;;1501;1660;;4;;;840;1;1;1;1;1;1;;;+12534772;+4387798;0;1
497;7;842;P;1;10;;1501;1412;;4;;;840;1;1;1;1;1;1;;;+12534515;+4388068;0;1
497;7;1473;P;1;10;;1501;1667;;4;;;840;1;1;1;1;1;1;;;+12534119;+4388502;0;1
497;7;1474;P;1;11;;1501;1666;;4;;;840;1;1;1;1;1;1;;;+12533687;+4388952;0;1
497;7;843;P;1;10;;1501;1450;;4;;;840;1;1;1;1;1;1;;;+12533600;+4389038;0;1
497;7;1486;P;1;10;;1501;1441;;4;;;840;1;1;1;1;1;1;;;+12533439;+4389192;0;1
497;7;1487;P;1;10;;1501;1538;;4;;;840;1;1;1;1;1;1;;;+12533242;+4389384;0;1
497;7;1488;P;1;11;;1501;1599;;4;;;840;1;1;1;1;1;1;;;+12533062;+4389567;0;1
497;7;844;P;1;10;;1501;1535;;4;;;840;1;1;1;1;1;1;;;+12532968;+4389660;0;1
497;7;1310;P;1;10;;1506;1412;;4;;;1309;1;1;1;1;1;1;;;+12534939;+4388202;0;1
497;7;1311;P;1;10;;1506;1667;;4;;;1309;1;1;1;1;1;1;;;+12534522;+4388713;0;1
497;7;1312;P;1;10;;1506;1450;;4;;;1309;1;1;1;1;1;1;;;+12534056;+4389240;0;1
497;7;1313;P;1;10;;1506;1654;;4;;;1309;1;1;1;1;1;1;;;+12534009;+4389647;0;1
497;7;1314;P;1;10;;1506;1599;;4;;;1309;1;1;1;1;1;1;;;+12534024;+4389904;0;1
497;7;1315;P;1;10;;1506;1535;;4;;;1309;1;1;1;1;1;1;;;+12533802;+4390251;0;1
497;7;276;P;4;0;;;1922;;4;;;275;;;;;;;;;+12517739;+4381798;0;1
497;7;278;P;4;0;;;1917;;4;;;277;;;;;;;;;+12517064;+4382112;0;1
497;7;280;P;4;0;;;1919;;4;;;279;;;;;;;;;+12517286;+4381684;0;1
497;7;1030;P;1;12;;1618;1584;;4;;;1029;1;1;1;1;1;1;;;+12518040;+4381336;0;1
497;7;1031;P;1;3;;1618;1887;;4;;;1029;1;1;1;1;1;1;;;+12517964;+4381710;0;1
497;7;1032;P;1;12;;1618;1347;;4;;;1029;1;1;1;1;1;1;;;+12517765;+4381995;0;1
497;7;1033;P;1;10;;1618;1395;;4;;;1029;1;1;1;1;1;1;;;+12516125;+4383051;0;1
497;7;1034;P;1;11;;1618;2666;;4;;;1029;1;1;1;1;1;1;;;+12514454;+4385248;0;1
497;7;1112;P;1;10;;1486;1483;;4;;;1111;1;1;1;1;1;1;;;+12527781;+4383221;0;1
497;7;1113;P;1;10;;1486;1446;;4;;;1111;1;1;1;1;1;1;;;+12527190;+4383859;0;1
497;7;1114;P;1;10;;1486;1482;;4;;;1111;1;1;1;1;1;1;;;+12526603;+4384485;0;1
497;7;1115;P;1;10;;1486;1410;;4;;;1111;1;1;1;1;1;1;;;+12526056;+4385091;0;1
497;7;1017;P;1;12;;1612;1611;;4;;;1016;1;1;1;1;1;1;;;+12534739;+4390732;0;1
497;7;1018;P;1;10;;1612;1552;;4;;;1016;1;1;1;1;1;1;;;+12534780;+4390796;0;1
497;7;1239;P;1;10;;1651;1650;;4;;;1238;1;1;1;1;1;1;;;+12531090;+4388308;0;1
497;7;1240;P;1;10;;1651;1500;;4;;;1238;1;1;1;1;1;1;;;+12531774;+4388318;0;1
497;7;1241;P;1;12;;1651;1417;;4;;;1238;1;1;1;1;1;1;;;+12532474;+4388333;0;1
497;7;1327;P;1;9;;1672;1461;;4;;;1326;1;1;1;1;1;1;;;+12535533;+4389779;0;1
497;7;1328;P;1;10;;1672;1675;;4;;;1326;1;1;1;1;1;1;;;+12535892;+4390018;0;1
497;7;1689;P;1;10;;1972;1506;;4;;;1688;1;1;1;1;1;1;;;+12534749;+4388464;0;1
497;7;1690;P;1;12;;1972;1444;;4;;;1688;1;1;1;1;1;1;;;+12534938;+4388490;0;1
497;7;1287;P;1;11;;1605;1535;;4;;;1286;1;1;1;1;1;1;;;+12533204;+4389828;0;1
497;7;1288;P;1;11;;1605;1548;;4;;;1286;1;1;1;1;1;1;;;+12533016;+4390205;0;1
497;7;1289;P;1;11;;1605;1544;;4;;;1286;1;1;1;1;1;1;;;+12533009;+4390323;0;1
497;7;1290;P;1;10;;1605;1436;;4;;;1286;1;1;1;1;1;1;;;+12533005;+4390633;0;1
497;7;1291;P;1;11;;1605;1611;;4;;;1286;1;1;1;1;1;1;;;+12533005;+4390707;0;1
497;7;1292;P;1;12;;1605;1552;;4;;;1286;1;1;1;1;1;1;;;+12533003;+4390930;0;1
497;7;435;P;1;10;;1395;1618;;4;;;953;1;1;1;1;1;1;;;+12516125;+4383051;0;1
497;7;1937;P;1;7;;1395;1397;;4;;;953;1;1;1;1;1;1;;;+12518625;+4383685;0;1
497;7;1493;P;1;10;;1395;1627;;4;;;953;1;1;1;1;1;1;;;+12520356;+4384110;0;1
497;7;437;P;1;12;;1395;1398;;4;;;953;1;1;1;1;1;1;;;+12521854;+4384484;0;1
497;7;1477;P;1;10;;1395;1623;;4;;;953;1;1;1;1;1;1;;;+12522039;+4384559;0;1
497;7;438;P;1;10;;1395;1399;;4;;;953;1;1;1;1;1;1;;;+12523425;+4385097;0;1
497;7;439;P;1;10;;1395;1400;;4;;;953;1;1;1;1;1;1;;;+12524768;+4385743;0;1
497;7;1494;P;1;10;;1395;1626;;4;;;953;1;1;1;1;1;1;;;+12525954;+4386336;0;1
497;7;441;P;1;10;;1395;1352;;4;;;953;1;1;1;1;1;1;;;+12526782;+4386760;0;1
497;7;442;P;1;10;;1395;1353;;4;;;953;1;1;1;1;1;1;;;+12527196;+4386971;0;1
497;7;602;P;1;9;;1386;1388;;4;;;601;1;1;1;1;1;1;;;+12540426;+4384003;0;1
497;7;1495;P;1;10;;1386;1678;;4;;;601;1;1;1;1;1;1;;;+12540311;+4384408;0;1
497;7;1496;P;1;10;;1386;1527;;4;;;601;1;1;1;1;1;1;;;+12540173;+4384784;0;1
497;7;603;P;1;10;;1386;1428;;4;;;601;1;1;1;1;1;1;;;+12539954;+4385207;0;1
497;7;1497;P;1;10;;1386;1523;;4;;;601;1;1;1;1;1;1;;;+12539635;+4385824;0;1
497;7;604;P;1;10;;1386;1439;;4;;;601;1;1;1;1;1;1;;;+12539460;+4386504;0;1
497;7;1498;P;1;10;;1386;1463;;4;;;601;1;1;1;1;1;1;;;+12539388;+4387525;0;1
497;7;605;P;1;10;;1386;1449;;4;;;601;1;1;1;1;1;1;;;+12539479;+4388251;0;1
497;7;1499;P;1;12;;1386;1524;;4;;;601;1;1;1;1;1;1;;;+12539534;+4388735;0;1
497;7;1500;P;1;12;;1386;1526;;4;;;601;1;1;1;1;1;1;;;+12539509;+4389371;0;1
497;7;1564;P;1;10;;1386;1461;;4;;;601;1;1;1;1;1;1;;;+12539422;+4389787;0;1
497;7;606;P;1;10;;1386;1481;;4;;;601;1;1;1;1;1;1;;;+12539283;+4390395;0;1
497;7;956;P;1;10;;1386;2618;;4;;;601;1;1;1;1;1;1;;;+12539225;+4390699;0;1
497;7;1501;P;1;10;;1386;1466;;4;;;601;1;1;1;1;1;1;;;+12539171;+4390940;0;1
497;7;607;P;1;10;;1386;1467;;4;;;601;1;1;1;1;1;1;;;+12539012;+4391656;0;1
497;7;608;P;1;10;;1386;1464;;4;;;601;1;1;1;1;1;1;;;+12537697;+4393219;0;1
497;7;1334;P;1;12;;1615;1676;;4;;;1333;1;1;1;1;1;1;;;+12535493;+4390574;0;1
497;7;1335;P;1;10;;1615;1980;;4;;;1333;1;1;1;1;1;1;;;+12535469;+4390815;0;1
497;7;1330;P;1;12;;1675;1481;;4;;;1329;1;1;1;1;1;1;;;+12536098;+4389833;0;1
497;7;1331;P;1;10;;1675;1672;;4;;;1329;1;1;1;1;1;1;;;+12535892;+4390018;0;1
497;7;1332;P;1;12;;1675;1676;;4;;;1329;1;1;1;1;1;1;;;+12535493;+4390574;0;1
497;7;837;P;1;10;;1448;2668;;4;;;835;1;1;1;1;1;1;;;+12534834;+4385146;0;1
497;7;838;P;1;10;;1448;1439;;4;;;835;1;1;1;1;1;1;;;+12535152;+4386447;0;1
497;7;839;P;1;10;;1448;1444;;4;;;835;1;1;1;1;1;1;;;+12534821;+4387718;0;1
497;7;833;P;1;10;;1533;1429;;4;;;832;1;1;1;1;1;1;;;+12534728;+4383315;0;1
497;7;834;P;1;10;;1533;1428;;4;;;832;1;1;1;1;1;1;;;+12534834;+4385146;0;1
497;7;1210;P;1;10;;1650;1503;;4;;;1209;1;1;1;1;1;1;;;+12530918;+4388897;0;1
497;7;1211;P;1;10;;1650;1651;;4;;;1209;1;1;1;1;1;1;;;+12531090;+4388308;0;1
497;7;1212;P;1;10;;1650;1412;;4;;;1209;1;1;1;1;1;1;;;+12531097;+4387804;0;1
497;7;1622;P;1;11;;1953;1958;;4;;;1013;1;1;1;1;1;1;;;+12534154;+4390503;0;1
497;7;1014;P;1;12;;1953;1453;;4;;;1013;1;1;1;1;1;1;;;+12534311;+4390613;0;1
497;7;1015;P;1;11;;1953;1611;;4;;;1013;1;1;1;1;1;1;;;+12534448;+4390729;0;1
497;7;1565;P;1;13;;1467;1982;;4;;;921;1;1;1;1;1;1;;;+12536220;+4391641;0;1
497;7;923;P;1;10;;1467;1464;;4;;;921;1;1;1;1;1;1;;;+12537600;+4391637;0;1
497;7;924;P;1;10;;1467;1386;;4;;;921;1;1;1;1;1;1;;;+12539012;+4391656;0;1
497;7;925;P;1;10;;1467;2618;;4;;;921;1;1;1;1;1;1;;;+12540898;+4392071;0;1
497;7;1303;P;1;10;;1668;1506;;4;;;1302;1;1;1;1;1;1;;;+12534522;+4388713;0;1
497;7;1304;P;1;10;;1668;1444;;4;;;1302;1;1;1;1;1;1;;;+12534942;+4388963;0;1
497;7;1305;P;1;11;;1668;1669;;4;;;1302;1;1;1;1;1;1;;;+12535088;+4389066;0;1
497;7;1628;P;1;10;;1960;1506;;4;;1627;;1;1;1;1;1;1;;;+12534021;+4389390;0;1
497;7;1629;P;1;12;;1960;1444;;4;;1627;;1;1;1;1;1;1;;;+12534517;+4389561;1631;1
497;7;1631;P;1;12;;1960;1961;;4;;1630;;1;1;1;1;1;1;;;+12534552;+4389574;1629;1
497;7;1632;P;1;11;;1960;1539;;4;;1630;;1;1;1;1;1;1;;;+12535047;+4389742;0;1
497;7;1633;P;1;12;;1960;1543;;4;;1630;;1;1;1;1;1;1;;;+12535334;+4389843;0;1
497;7;1604;P;1;12;;1955;1535;;4;;;1603;1;1;1;1;1;1;;;+12533439;+4390000;0;1
497;7;1605;P;1;11;;1955;1548;;4;;;1603;1;1;1;1;1;1;;;+12533299;+4390280;0;1
497;7;1606;P;1;9;;1955;1436;;4;;;1603;1;1;1;1;1;1;;;+12533284;+4390483;0;1
497;7;1607;P;1;11;;1955;1611;;4;;;1603;1;1;1;1;1;1;;;+12533285;+4390713;0;1
497;7;1608;P;1;12;;1955;1552;;4;;;1603;1;1;1;1;1;1;;;+12533279;+4390930;0;1
497;7;566;P;1;10;;1462;1439;;4;;;565;1;1;1;1;1;1;;;+12537685;+4386479;0;1
497;7;567;P;1;10;;1462;1463;;4;;;565;1;1;1;1;1;1;;;+12537667;+4387508;0;1
497;7;568;P;1;10;;1462;1449;;4;;;565;1;1;1;1;1;1;;;+12537651;+4388227;0;1
497;7;1502;P;1;10;;1462;1524;;4;;;565;1;1;1;1;1;1;;;+12537642;+4388716;0;1
497;7;569;P;1;6;;1462;1461;;4;;;565;1;1;1;1;1;1;;;+12537621;+4389673;0;1
497;7;1555;P;1;6;;1462;1481;;4;;;565;1;1;1;1;1;1;;;+12537628;+4390052;0;1
497;7;1644;P;1;10;;1964;1506;;4;;;1643;1;1;1;1;1;1;;;+12534332;+4388917;0;1
497;7;1645;P;1;10;;1964;1444;;4;;;1643;1;1;1;1;1;1;;;+12534805;+4389189;0;1
497;7;1235;P;1;10;;1656;1506;;4;;;1234;1;1;1;1;1;1;;;+12534009;+4389647;0;1
497;7;1236;P;1;10;;1656;1444;;4;;;1234;1;1;1;1;1;1;;;+12534395;+4389780;0;1
497;7;1237;P;1;11;;1656;1543;;4;;;1234;1;1;1;1;1;1;;;+12534873;+4389958;0;1
497;7;1694;P;1;11;;1671;1669;;4;;;1344;1;1;1;1;1;1;;;+12535473;+4388821;0;1
497;7;1345;P;1;10;;1671;1524;;4;;;1344;1;1;1;1;1;1;;;+12535659;+4388967;0;1
497;7;1346;P;1;10;;1671;1670;;4;;;1344;1;1;1;1;1;1;;;+12535624;+4389373;0;1
497;7;1347;P;1;9;;1671;1952;;4;;;1344;1;1;1;1;1;1;;;+12535533;+4389779;0;1
497;7;1692;P;1;12;;2667;1444;;4;;;1691;1;1;1;1;1;1;;;+12534972;+4388487;0;1
497;7;1693;P;1;11;;2667;1669;;4;;;1691;1;1;1;1;1;1;;;+12535473;+4388821;0;1
497;7;1041;P;1;10;;1451;1506;;4;;;1039;1;1;1;1;1;1;;;+12534024;+4389904;0;1
497;7;880;P;1;10;;1451;1444;;4;;;1039;1;1;1;1;1;1;;;+12534259;+4389983;0;1
497;7;881;P;1;10;;1451;1543;;4;;;1039;1;1;1;1;1;1;;;+12534459;+4390062;0;1
497;7;1751;P;1;12;;1526;1814;;4;;1750;;1;1;1;1;1;1;;;+12536212;+4389327;0;1
497;7;1752;P;1;10;;1526;1525;;4;;1750;;1;1;1;1;1;1;;;+12536616;+4389323;0;1
497;7;1753;P;1;12;;1526;1990;;4;;1750;;1;1;1;1;1;1;;;+12536979;+4389330;0;1
497;7;1754;P;1;10;;1526;1462;;4;;1750;;1;1;1;1;1;1;;;+12537631;+4389337;1356;1
497;7;1356;P;1;12;;1526;1502;;4;;1749;;1;1;1;1;1;1;;;+12538948;+4389357;1754;1
497;7;1357;P;1;12;;1526;1386;;4;;1749;;1;1;1;1;1;1;;;+12539509;+4389371;0;1
497;7;1901;P;1;10;;2034;1650;;4;;;1900;1;1;1;1;1;1;;;+12531090;+4388133;0;1
497;7;1902;P;1;10;;2034;1500;;4;;;1900;1;1;1;1;1;1;;;+12531781;+4388143;0;1
497;7;1903;P;1;10;;2034;1417;;4;;;1900;1;1;1;1;1;1;;;+12532481;+4388159;0;1
497;7;1101;P;1;10;;1446;1485;;4;;;1100;1;1;1;1;1;1;;;+12525536;+4382928;0;1
497;7;1102;P;1;10;;1446;1486;;4;;;1100;1;1;1;1;1;1;;;+12527190;+4383859;0;1
497;7;1103;P;1;11;;1446;1427;;4;;;1100;1;1;1;1;1;1;;;+12528978;+4383967;0;1
497;7;1104;P;1;10;;1446;1488;;4;;;1100;1;1;1;1;1;1;;;+12531610;+4384004;0;1
497;7;1105;P;1;10;;1446;1417;;4;;;1100;1;1;1;1;1;1;;;+12532566;+4384016;0;1
497;7;1106;P;1;10;;1446;1444;;4;;;1100;1;1;1;1;1;1;;;+12533836;+4384130;0;1
497;7;1107;P;1;12;;1446;1811;;4;;;1100;1;1;1;1;1;1;;;+12534530;+4384131;0;1
497;7;1577;P;1;11;;1446;1491;;4;;;1100;1;1;1;1;1;1;;;+12535708;+4384097;0;1
497;7;1998;P;1;11;;1446;1489;;4;;;1100;1;1;1;1;1;1;;;+12536515;+4384116;0;1
497;7;1089;P;1;11;;1871;1937;;4;;;1088;1;1;1;1;1;1;;;+12527635;+4380453;0;1
497;7;1090;P;1;10;;1871;1413;;4;;;1088;1;1;1;1;1;1;;;+12527636;+4381355;0;1
497;7;1587;P;1;12;;1945;1457;;4;;;1592;1;1;1;1;1;1;;;+12537808;+4379909;0;1
497;7;1593;P;1;11;;1945;2688;;4;;;1592;1;1;1;1;1;1;;;+12539024;+4379995;0;1
497;7;1594;P;1;10;;1945;1478;;4;;;1592;1;1;1;1;1;1;;;+12540001;+4379992;0;1
497;7;1595;P;1;12;;1945;1944;;4;;;1592;1;1;1;1;1;1;;;+12542874;+4381262;0;1
497;7;1596;P;1;10;;1945;1497;;4;;;1592;1;1;1;1;1;1;;;+12542682;+4382193;0;1
497;7;1084;P;1;10;;1485;1413;;4;;1840;;1;1;1;1;1;1;;;+12527636;+4381355;0;1
497;7;1085;P;1;10;;1485;1483;;4;;1840;;1;1;1;1;1;1;;;+12526252;+4382477;0;1
497;7;1504;P;1;10;;1485;1446;;4;;1840;;1;1;1;1;1;1;;;+12525536;+4382928;0;1
497;7;1086;P;1;10;;1485;1482;;4;;1840;;1;1;1;1;1;1;;;+12525025;+4383253;0;1
497;7;1087;P;1;12;;1485;1410;;4;;1840;;1;1;1;1;1;1;;;+12523856;+4384003;1842;1
497;7;1842;P;1;12;;1485;1414;;4;;1841;;1;1;1;1;1;1;;;+12523517;+4384326;1087;1
497;7;1843;P;1;10;;1485;1395;;4;;1841;;1;1;1;1;1;1;;;+12523048;+4384951;0;1
497;7;1844;P;1;10;;1485;2015;;4;;1841;;1;1;1;1;1;1;;;+12522855;+4385216;0;1
497;7;1845;P;1;10;;1485;1421;;4;;1841;;1;1;1;1;1;1;;;+12522684;+4385444;0;1
497;7;1846;P;1;10;;1485;1942;;4;;1841;;1;1;1;1;1;1;;;+12522372;+4385862;0;1
497;7;974;P;1;10;;1418;1416;;4;;;973;1;1;1;1;1;1;;;+12530559;+4390182;0;1
497;7;975;P;1;12;;1418;1602;;4;;;973;1;1;1;1;1;1;;;+12530999;+4390137;0;1
497;7;976;P;1;10;;1418;1601;;4;;;973;1;1;1;1;1;1;;;+12531582;+4390145;0;1
497;7;1598;P;1;10;;1477;1457;;4;;;1387;1;1;1;1;1;1;;;+12537826;+4378746;0;1
497;7;1388;P;1;7;;1477;1478;;4;;;1387;1;1;1;1;1;1;;;+12540025;+4378875;0;1
497;7;1389;P;1;8;;1477;1680;;4;;;1387;1;1;1;1;1;1;;;+12542227;+4378366;0;1
497;7;1390;P;1;10;;1477;1344;;4;;;1387;1;1;1;1;1;1;;;+12544217;+4378481;0;1
497;7;1189;P;1;12;;1646;1518;;4;;;1188;1;1;1;1;1;1;;;+12530642;+4386675;0;1
497;7;1190;P;1;11;;1646;1644;;4;;;1188;1;1;1;1;1;1;;;+12530227;+4386978;0;1
497;7;1191;P;1;10;;1646;1431;;4;;;1188;1;1;1;1;1;1;;;+12530040;+4387120;0;1
497;7;1192;P;1;12;;1646;1637;;4;;;1188;1;1;1;1;1;1;;;+12529467;+4387542;0;1
497;7;1045;P;1;13;;1620;1618;;4;;;1047;1;1;1;1;1;1;;;+12514454;+4385248;0;1
497;7;1048;P;1;10;;1620;2531;;4;;;1047;1;1;1;1;1;1;;;+12518156;+4385575;0;1
497;7;1049;P;1;10;;1620;1623;;4;;;1047;1;1;1;1;1;1;;;+12521238;+4386220;0;1
497;7;765;P;1;7;;1514;1410;;4;;;764;1;1;1;1;1;1;;;+12528960;+4387773;0;1
497;7;1507;P;1;10;;1514;1637;;4;;;764;1;1;1;1;1;1;;;+12529347;+4387467;0;1
497;7;766;P;1;10;;1514;1431;;4;;;764;1;1;1;1;1;1;;;+12529930;+4387045;0;1
497;7;1508;P;1;12;;1514;1644;;4;;;764;1;1;1;1;1;1;;;+12530132;+4386905;0;1
497;7;1509;P;1;12;;1514;1518;;4;;;764;1;1;1;1;1;1;;;+12530542;+4386599;0;1
497;7;767;P;1;9;;1514;1702;;4;;;764;1;1;1;1;1;1;;;+12530808;+4386409;0;1
497;7;768;P;1;10;;1514;1500;;4;;;764;1;1;1;1;1;1;;;+12531573;+4385836;0;1
497;7;769;P;1;10;;1514;1428;;4;;;764;1;1;1;1;1;1;;;+12532545;+4385110;0;1
497;7;1708;P;1;10;;1978;1489;;4;;;1707;1;1;1;1;1;1;;;+12536453;+4387138;0;1
497;7;1709;P;1;10;;1978;1462;;4;;;1707;1;1;1;1;1;1;;;+12537676;+4387149;0;1
497;7;1710;P;1;10;;1978;1979;;4;;;1707;1;1;1;1;1;1;;;+12538184;+4387154;0;1
497;7;1711;P;1;10;;1978;1502;;4;;;1707;1;1;1;1;1;1;;;+12538982;+4387159;0;1
497;7;1712;P;1;10;;1978;1386;;4;;;1707;1;1;1;1;1;1;;;+12539349;+4387174;0;1
497;7;1982;P;1;10;;1452;1444;;4;;;870;1;1;1;1;1;1;;;+12533964;+4390366;0;1
497;7;872;P;1;11;;1452;1540;;4;;;870;1;1;1;1;1;1;;;+12534778;+4390395;0;1
497;7;873;P;1;11;;1452;1539;;4;;;870;1;1;1;1;1;1;;;+12535309;+4390335;0;1
497;7;729;P;1;10;;1482;1937;;4;;;728;1;1;1;1;1;1;;;+12522381;+4380738;0;1
497;7;1510;P;1;10;;1482;1411;;4;;;728;1;1;1;1;1;1;;;+12522852;+4381213;0;1
497;7;730;P;1;10;;1482;1413;;4;;;728;1;1;1;1;1;1;;;+12523775;+4382064;0;1
497;7;731;P;1;10;;1482;1485;;4;;;728;1;1;1;1;1;1;;;+12525025;+4383253;0;1
497;7;732;P;1;10;;1482;1486;;4;;;728;1;1;1;1;1;1;;;+12526603;+4384485;0;1
497;7;1269;P;1;12;;1661;1662;;4;;;1268;1;1;1;1;1;1;;;+12532221;+4388431;0;1
497;7;1270;P;1;10;;1661;1402;;4;;;1268;1;1;1;1;1;1;;;+12532137;+4388815;0;1
497;7;1271;P;1;12;;1661;1663;;4;;;1268;1;1;1;1;1;1;;;+12532254;+4388978;0;1
497;7;1272;P;1;10;;1661;1417;;4;;;1268;1;1;1;1;1;1;;;+12532466;+4388984;0;1
497;7;1760;P;1;11;;1483;1992;;4;;;616;1;1;1;1;1;1;;;+12521409;+4378315;0;1
497;7;1761;P;1;10;;1483;1993;;4;;;616;1;1;1;1;1;1;;;+12522706;+4379339;0;1
497;7;617;P;1;6;;1483;1937;;4;;;616;1;1;1;1;1;1;;;+12524175;+4380497;0;1
497;7;618;P;1;10;;1483;1413;;4;;;616;1;1;1;1;1;1;;;+12525073;+4381361;0;1
497;7;619;P;1;10;;1483;1485;;4;;;616;1;1;1;1;1;1;;;+12526252;+4382477;0;1
497;7;620;P;1;10;;1483;1486;;4;;;616;1;1;1;1;1;1;;;+12527781;+4383221;0;1
497;7;621;P;1;10;;1483;1427;;4;;;616;1;1;1;1;1;1;;;+12528993;+4383245;0;1
497;7;771;P;1;11;;1518;1514;;4;;;770;1;1;1;1;1;1;;;+12530542;+4386599;0;1
497;7;1506;P;1;12;;1518;1646;;4;;;770;1;1;1;1;1;1;;;+12530642;+4386675;0;1
497;7;772;P;1;10;;1518;1499;;4;;;770;1;1;1;1;1;1;;;+12530812;+4386676;0;1
497;7;1511;P;1;11;;1518;1647;;4;;;770;1;1;1;1;1;1;;;+12531124;+4386680;0;1
497;7;773;P;1;10;;1518;1500;;4;;;770;1;1;1;1;1;1;;;+12531806;+4386694;0;1
497;7;774;P;1;11;;1518;1417;;4;;;770;1;1;1;1;1;1;;;+12532512;+4386701;0;1
497;7;775;P;1;12;;1518;2244;;4;;;770;1;1;1;1;1;1;;;+12532870;+4386705;0;1
497;7;2004;P;1;6;;2693;1825;;4;;;2005;1;1;1;1;1;1;;;+12530635;+4397030;0;1
497;7;1431;P;1;10;;2693;2692;;4;;;2005;1;1;1;1;1;1;;;+12527026;+4400266;0;1
497;7;1174;P;1;12;;1536;2671;;4;;;1173;1;1;1;1;1;1;;;+12531575;+4390254;0;1
497;7;1175;P;1;9;;1536;1419;;4;;;1173;1;1;1;1;1;1;;;+12531830;+4390471;0;1
497;7;1176;P;1;11;;1536;1608;;4;;;1173;1;1;1;1;1;1;;;+12532146;+4390699;0;1
497;7;1177;P;1;9;;1536;1436;;4;;;1173;1;1;1;1;1;1;;;+12532421;+4390873;0;1
497;7;1167;P;1;12;;1608;1416;;4;;;997;1;1;1;1;1;1;;;+12531209;+4390749;0;1
497;7;998;P;1;11;;1608;2671;;4;;;997;1;1;1;1;1;1;;;+12531564;+4390689;0;1
497;7;999;P;1;10;;1608;1419;;4;;;997;1;1;1;1;1;1;;;+12531712;+4390688;0;1
497;7;1000;P;1;11;;1608;1996;;4;;;997;1;1;1;1;1;1;;;+12532146;+4390699;0;1
497;7;1001;P;1;12;;1608;1417;;4;;;997;1;1;1;1;1;1;;;+12532422;+4390702;0;1
497;7;1404;P;1;10;;1976;1386;;4;;;1701;1;1;1;1;1;1;;;+12539388;+4387525;0;1
497;7;1702;P;1;12;;1976;1977;;4;;;1701;1;1;1;1;1;1;;;+12540149;+4387507;0;1
497;7;1703;P;1;10;;1976;1388;;4;;;1701;1;1;1;1;1;1;;;+12541018;+4387518;0;1
497;7;1133;P;1;10;;1498;1626;;4;;;1132;1;1;1;1;1;1;;;+12525422;+4386888;0;1
497;7;1134;P;1;10;;1498;1404;;4;;;1132;1;1;1;1;1;1;;;+12525491;+4388420;0;1
497;7;1135;P;1;10;;1498;1348;;4;;;1132;1;1;1;1;1;1;;;+12525478;+4388896;0;1
497;7;1136;P;1;10;;1498;1402;;4;;;1132;1;1;1;1;1;1;;;+12525451;+4390227;0;1
497;7;1756;P;1;12;;1990;1991;;4;;;1755;1;1;1;1;1;1;;;+12536900;+4387976;0;1
497;7;1757;P;1;10;;1990;1449;;4;;;1755;1;1;1;1;1;1;;;+12537004;+4388223;0;1
497;7;1758;P;1;10;;1990;1524;;4;;;1755;1;1;1;1;1;1;;;+12536991;+4388704;0;1
497;7;1759;P;1;12;;1990;1526;;4;;;1755;1;1;1;1;1;1;;;+12536979;+4389330;0;1
497;7;1968;P;1;11;;2638;2639;;4;;;1967;1;1;1;1;1;1;;;+12520990;+4378829;0;1
497;7;1969;P;1;10;;2638;2637;;4;;;1967;1;1;1;1;1;1;;;+12520390;+4379550;0;1
497;7;1019;P;1;10;;1466;2672;;4;;;1022;1;1;1;1;1;1;;;+12534780;+4390796;0;1
497;7;1020;P;1;10;;1466;1615;;4;;;1022;1;1;1;1;1;1;;;+12535469;+4390815;0;1
497;7;1023;P;1;12;;1466;1980;;4;;;1022;1;1;1;1;1;1;;;+12535764;+4390893;0;1
497;7;1024;P;1;10;;1466;1464;;4;;;1022;1;1;1;1;1;1;;;+12537622;+4390922;0;1
497;7;1025;P;1;10;;1466;1386;;4;;;1022;1;1;1;1;1;1;;;+12539171;+4390940;0;1
497;7;1984;P;1;12;;1445;1436;;4;;;1983;1;1;1;1;1;1;;;+12532637;+4390805;0;1
497;7;1985;P;1;11;;1445;1605;;4;;;1983;1;1;1;1;1;1;;;+12533004;+4390817;0;1
497;7;1986;P;1;11;;1445;1955;;4;;;1983;1;1;1;1;1;1;;;+12533283;+4390821;0;1
497;7;1987;P;1;10;;1445;1444;;4;;;1983;1;1;1;1;1;1;;;+12533857;+4390828;0;1
497;7;904;P;1;12;;1445;1612;;4;;;1983;1;1;1;1;1;1;;;+12534780;+4390796;0;1
497;7;1855;P;1;12;;2018;1404;;4;;;1854;1;1;1;1;1;1;;;+12527437;+4388351;0;1
497;7;1856;P;1;12;;2018;1354;;4;;;1854;1;1;1;1;1;1;;;+12528144;+4388531;0;1
497;7;743;P;1;12;;1431;1492;;4;;;742;1;1;1;1;1;1;;;+12527612;+4385411;0;1
497;7;744;P;1;10;;1431;1415;;4;;;742;1;1;1;1;1;1;;;+12528054;+4385733;0;1
497;7;745;P;1;10;;1431;1403;;4;;;742;1;1;1;1;1;1;;;+12528990;+4386385;0;1
497;7;747;P;1;10;;1431;1514;;4;;;742;1;1;1;1;1;1;;;+12529930;+4387045;0;1
497;7;748;P;1;10;;1431;1646;;4;;;742;1;1;1;1;1;1;;;+12530040;+4387120;0;1
497;7;749;P;1;11;;1431;1512;;4;;;742;1;1;1;1;1;1;;;+12530240;+4387264;0;1
497;7;1144;P;1;10;;2669;1446;;4;;;1143;1;1;1;1;1;1;;;+12531610;+4384004;0;1
497;7;1145;P;1;12;;2669;1997;;4;;;1143;1;1;1;1;1;1;;;+12532078;+4384455;0;1
497;7;1146;P;1;12;;2669;1428;;4;;;1143;1;1;1;1;1;1;;;+12532075;+4385104;0;1
497;7;735;P;1;10;;1430;1486;;4;;;734;1;1;1;1;1;1;;;+12526603;+4384485;0;1
497;7;736;P;1;10;;1430;1427;;4;;;734;1;1;1;1;1;1;;;+12528964;+4384573;0;1
497;7;751;P;1;9;;1403;1353;;4;;;750;1;1;1;1;1;1;;;+12527171;+4387590;0;1
497;7;752;P;1;10;;1403;1354;;4;;;750;1;1;1;1;1;1;;;+12527557;+4387300;0;1
497;7;753;P;1;10;;1403;1410;;4;;;750;1;1;1;1;1;1;;;+12528296;+4386843;0;1
497;7;754;P;1;10;;1403;1431;;4;;;750;1;1;1;1;1;1;;;+12528990;+4386385;0;1
497;7;755;P;1;10;;1403;1702;;4;;;750;1;1;1;1;1;1;;;+12529885;+4385729;0;1
497;7;1179;P;1;12;;1644;1514;;4;;;1178;1;1;1;1;1;1;;;+12530133;+4386909;0;1
497;7;1180;P;1;11;;1644;1646;;4;;;1178;1;1;1;1;1;1;;;+12530227;+4386978;0;1
497;7;1181;P;1;12;;1644;1512;;4;;;1178;1;1;1;1;1;1;;;+12530441;+4387114;0;1
497;7;906;P;1;10;;1435;1423;;4;;;905;1;1;1;1;1;1;;;+12528003;+4392441;0;1
497;7;907;P;1;10;;1435;2131;;4;;;905;1;1;1;1;1;1;;;+12529330;+4392408;0;1
497;7;1004;P;1;12;;1611;1417;;4;;1003;;1;1;1;1;1;1;;;+12532433;+4390703;0;1
497;7;1005;P;1;11;;1611;1436;;4;;1003;;1;1;1;1;1;1;;;+12532851;+4390707;0;1
497;7;1006;P;1;11;;1611;1605;;4;;1003;;1;1;1;1;1;1;;;+12533005;+4390707;0;1
497;7;1007;P;1;11;;1611;1544;;4;;1003;;1;1;1;1;1;1;;;+12533670;+4390717;0;1
497;7;1008;P;1;12;;1611;2043;;4;;1003;;1;1;1;1;1;1;;;+12533853;+4390720;1010;1
497;7;1010;P;1;12;;1611;1444;;4;;1009;;1;1;1;1;1;1;;;+12533863;+4390720;1008;1
497;7;1011;P;1;11;;1611;1953;;4;;1009;;1;1;1;1;1;1;;;+12534448;+4390729;0;1
497;7;1012;P;1;12;;1611;1612;;4;;1009;;1;1;1;1;1;1;;;+12534739;+4390732;0;1
497;7;84;P;1;3;;1880;1941;;4;;92;;1;1;1;1;1;1;;;+12530953;+4398282;0;1
497;7;85;P;1;1;;1880;1887;;4;;92;;1;1;1;1;1;1;;;+12529699;+4399718;0;1
497;7;86;P;1;3;;1880;1339;;4;;92;;1;1;1;1;1;1;;;+12516566;+4416712;0;0
497;7;101;P;3;3;;1880;2651;;4;;92;;1;1;1;1;1;1;;;+12515169;+4424162;0;0
497;7;87;P;1;3;;1880;1888;;4;;92;;1;1;1;1;1;1;;;+12512365;+4441445;0;0
497;7;88;P;1;3;;1880;1847;;4;;92;;1;1;1;1;1;1;;;+12517076;+4446382;0;0
497;7;89;P;1;3;;1880;2634;;4;;92;;1;1;1;1;1;1;;;+12513648;+4465834;0;0
497;7;91;P;3;3;;1880;2635;;4;;92;;1;1;1;1;1;1;;;+12508353;+4478443;0;0
497;7;90;P;1;3;;1880;2633;;4;;92;;1;1;1;1;1;1;;;+12503091;+4484555;73;0
497;7;73;P;1;3;;1880;1449;;4;;93;;1;1;1;1;1;1;;;+12543974;+4388521;90;1
497;7;55;P;1;1;;1880;2648;;4;;93;;1;1;1;1;1;1;;;+12545833;+4389555;0;1
497;7;56;P;1;3;;1880;1701;;4;;93;;1;1;1;1;1;1;;;+12565624;+4396478;0;0
497;7;69;P;3;3;;1880;1371;;4;;93;;1;1;1;1;1;1;;;+12577746;+4398891;0;0
497;7;70;P;1;3;;1880;2649;;4;;93;;1;1;1;1;1;1;;;+12581981;+4397581;0;0
497;7;102;P;3;3;;1880;2650;;4;;93;;1;1;1;1;1;1;;;+12616394;+4391516;0;0
497;7;71;P;1;1;;1880;2636;;4;;93;;1;1;1;1;1;1;;;+12641281;+4389543;0;0
497;7;6061;P;1;3;;1289;2633;;5;;;6060;1;1;1;1;1;1;;;+12503091;+4484555;0;0
497;7;6062;P;1;1;;1289;1272;;5;;;6060;1;1;1;1;1;1;;;+12481710;+4508092;0;0
497;7;1117;P;1;10;;1492;1428;;4;;;1116;1;1;1;1;1;1;;;+12527623;+4385050;0;1
497;7;1118;P;1;12;;1492;1431;;4;;;1116;1;1;1;1;1;1;;;+12527612;+4385411;0;1
497;7;806;P;1;10;;1490;1429;;4;;;805;1;1;1;1;1;1;;;+12539052;+4383376;0;1
497;7;807;P;1;10;;1490;1459;;4;;;805;1;1;1;1;1;1;;;+12539040;+4384134;0;1
497;7;1513;P;1;10;;1490;1678;;4;;;805;1;1;1;1;1;1;;;+12539031;+4384503;0;1
497;7;808;P;1;10;;1490;1428;;4;;;805;1;1;1;1;1;1;;;+12539019;+4385196;0;1
497;7;809;P;1;10;;1490;1523;;4;;;805;1;1;1;1;1;1;;;+12539008;+4385819;0;1
497;7;810;P;1;10;;1490;1439;;4;;;805;1;1;1;1;1;1;;;+12538993;+4386494;0;1
497;7;1543;P;1;12;;1481;1952;;4;;;713;1;1;1;1;1;1;;;+12536864;+4389900;0;1
497;7;715;P;1;7;;1481;1464;;4;;;713;1;1;1;1;1;1;;;+12537628;+4390052;0;1
497;7;716;P;1;10;;1481;1386;;4;;;713;1;1;1;1;1;1;;;+12539283;+4390395;0;1
497;7;1545;P;1;12;;1952;1450;;4;;;1544;1;1;1;1;1;1;;;+12535257;+4389654;0;1
497;7;1546;P;1;12;;1952;1481;;4;;;1544;1;1;1;1;1;1;;;+12536864;+4389900;0;1
497;7;1654;P;1;10;;1966;1499;;4;;;1653;1;1;1;1;1;1;;;+12530817;+4387396;0;1
497;7;1655;P;1;11;;1966;1965;;4;;;1653;1;1;1;1;1;1;;;+12531315;+4387405;0;1
497;7;1656;P;1;10;;1966;1500;;4;;;1653;1;1;1;1;1;1;;;+12531800;+4387410;0;1
497;7;1657;P;1;11;;1966;1967;;4;;;1653;1;1;1;1;1;1;;;+12532027;+4387414;0;1
497;7;1658;P;1;10;;1966;1417;;4;;;1653;1;1;1;1;1;1;;;+12532497;+4387420;0;1
497;7;519;P;1;10;;1423;1435;;4;;;521;1;1;1;1;1;1;;;+12528003;+4392441;0;1
497;7;522;P;1;10;;1423;1409;;4;;;521;1;1;1;1;1;1;;;+12528340;+4393725;0;1
497;7;523;P;1;12;;1423;1361;;4;;;521;1;1;1;1;1;1;;;+12528491;+4394391;0;1
497;7;515;P;1;9;;1432;1402;;4;;;514;1;1;1;1;1;1;;;+12527629;+4390247;0;1
497;7;516;P;1;10;;1432;1433;;4;;;514;1;1;1;1;1;1;;;+12527730;+4391166;0;1
497;7;1568;P;1;10;;1434;1433;;4;;;1567;1;1;1;1;1;1;;;+12527730;+4391166;0;1
497;7;1263;P;1;11;;1434;1836;;4;;;1567;1;1;1;1;1;1;;;+12528046;+4391856;0;1
497;7;1769;P;1;10;;1434;1435;;4;;;1567;1;1;1;1;1;1;;;+12528003;+4392441;0;1
497;7;1679;P;1;10;;1520;1439;;4;;;1678;1;1;1;1;1;1;;;+12534064;+4386436;0;1
497;7;1680;P;1;10;;1520;1660;;4;;;1678;1;1;1;1;1;1;;;+12534059;+4387356;0;1
497;7;1681;P;1;10;;1520;1657;;4;;;1678;1;1;1;1;1;1;;;+12533950;+4387591;0;1
497;7;1682;P;1;10;;1520;1412;;4;;;1678;1;1;1;1;1;1;;;+12533948;+4387838;0;1
497;7;1148;P;1;10;;1637;1514;;4;;;1147;1;1;1;1;1;1;;;+12529347;+4387467;0;1
497;7;1505;P;1;12;;1637;1646;;4;;;1147;1;1;1;1;1;1;;;+12529467;+4387542;0;1
497;7;1149;P;1;10;;1637;1412;;4;;;1147;1;1;1;1;1;1;;;+12529521;+4387784;0;1
497;7;1151;P;1;10;;1637;1639;;4;;;1147;1;1;1;1;1;1;;;+12529917;+4388321;0;1
497;7;1153;P;1;10;;1637;1402;;4;;;1147;1;1;1;1;1;1;;;+12530623;+4389338;0;1
497;7;1154;P;1;10;;1637;1538;;4;;;1147;1;1;1;1;1;1;;;+12530846;+4389670;0;1
497;7;1155;P;1;11;;1637;1601;;4;;;1147;1;1;1;1;1;1;;;+12531000;+4389899;0;1
497;7;680;P;1;7;;1412;1837;;4;;;679;1;1;1;1;1;1;;;+12528960;+4387773;0;1
497;7;1517;P;1;10;;1412;1637;;4;;;679;1;1;1;1;1;1;;;+12529521;+4387784;0;1
497;7;1518;P;1;10;;1412;1512;;4;;;679;1;1;1;1;1;1;;;+12530150;+4387791;0;1
497;7;1519;P;1;10;;1412;1649;;4;;;679;1;1;1;1;1;1;;;+12530470;+4387795;0;1
497;7;681;P;1;10;;1412;1499;;4;;;679;1;1;1;1;1;1;;;+12530786;+4387800;0;1
497;7;1520;P;1;10;;1412;1650;;4;;;679;1;1;1;1;1;1;;;+12531097;+4387804;0;1
497;7;682;P;1;10;;1412;1500;;4;;;679;1;1;1;1;1;1;;;+12531786;+4387816;0;1
497;7;683;P;1;10;;1412;1417;;4;;;679;1;1;1;1;1;1;;;+12532485;+4387824;0;1
497;7;1521;P;1;10;;1412;2244;;4;;;679;1;1;1;1;1;1;;;+12532849;+4387827;0;1
497;7;1522;P;1;10;;1412;1659;;4;;;679;1;1;1;1;1;1;;;+12533425;+4387836;0;1
497;7;684;P;1;10;;1412;1440;;4;;;679;1;1;1;1;1;1;;;+12534325;+4387993;0;1
497;7;685;P;1;10;;1412;1501;;4;;;679;1;1;1;1;1;1;;;+12534515;+4388068;0;1
497;7;686;P;1;10;;1412;1444;;4;;;679;1;1;1;1;1;1;;;+12534939;+4388202;0;1
497;7;1410;P;1;10;;1689;1637;;4;;;1409;1;1;1;1;1;1;;;+12529521;+4387784;0;1
497;7;1411;P;1;10;;1689;1512;;4;;;1409;1;1;1;1;1;1;;;+12530150;+4387791;0;1
497;7;1523;P;1;10;;1689;1649;;4;;;1409;1;1;1;1;1;1;;;+12530470;+4387795;0;1
497;7;1412;P;1;10;;1689;1499;;4;;;1409;1;1;1;1;1;1;;;+12530786;+4387800;0;1
497;7;1413;P;1;10;;1689;1650;;4;;;1409;1;1;1;1;1;1;;;+12531097;+4387804;0;1
497;7;1414;P;1;10;;1689;1500;;4;;;1409;1;1;1;1;1;1;;;+12531786;+4387816;0;1
497;7;1415;P;1;10;;1689;1417;;4;;;1409;1;1;1;1;1;1;;;+12532485;+4387824;0;1
497;7;1524;P;1;10;;1689;2244;;4;;;1409;1;1;1;1;1;1;;;+12532849;+4387827;0;1
497;7;1416;P;1;10;;1689;1659;;4;;;1409;1;1;1;1;1;1;;;+12533425;+4387836;0;1
497;7;1417;P;1;10;;1689;1440;;4;;;1409;1;1;1;1;1;1;;;+12534325;+4387993;0;1
497;7;1737;P;1;10;;1986;2674;;4;;;1736;1;1;1;1;1;1;;;+12536997;+4384123;0;1
497;7;1738;P;1;10;;1986;1678;;4;;;1736;1;1;1;1;1;1;;;+12537080;+4384612;0;1
497;7;1739;P;1;10;;1986;1428;;4;;;1736;1;1;1;1;1;1;;;+12537073;+4385175;0;1
497;7;1740;P;1;10;;1986;1523;;4;;;1736;1;1;1;1;1;1;;;+12537059;+4385790;0;1
497;7;1741;P;1;12;;1986;1987;;4;;;1736;1;1;1;1;1;1;;;+12537056;+4386248;0;1
497;7;1833;P;1;10;;2015;1623;;4;;;1832;1;1;1;1;1;1;;;+12521904;+4384845;0;1
497;7;1834;P;1;10;;2015;1485;;4;;;1832;1;1;1;1;1;1;;;+12522855;+4385216;0;1
497;7;1835;P;1;10;;2015;1399;;4;;;1832;1;1;1;1;1;1;;;+12523225;+4385355;0;1
497;7;1836;P;1;10;;2015;1400;;4;;;1832;1;1;1;1;1;1;;;+12524571;+4385946;0;1
497;7;1837;P;1;10;;2015;1626;;4;;;1832;1;1;1;1;1;1;;;+12525754;+4386543;0;1
497;7;1838;P;1;10;;2015;1352;;4;;;1832;1;1;1;1;1;1;;;+12526574;+4386965;0;1
497;7;1839;P;1;12;;2015;1353;;4;;;1832;1;1;1;1;1;1;;;+12527186;+4387181;0;1
497;7;1763;P;1;10;;1993;1483;;4;;;1762;1;1;1;1;1;1;;;+12522706;+4379339;0;1
497;7;1764;P;1;10;;1993;1994;;4;;;1762;1;1;1;1;1;1;;;+12526254;+4378824;0;1
497;7;1898;P;1;10;;1662;1650;;4;;;1277;1;1;1;1;1;1;;;+12531076;+4388666;0;1
497;7;1899;P;1;10;;1662;1500;;4;;;1277;1;1;1;1;1;1;;;+12531770;+4388677;0;1
497;7;1278;P;1;12;;1662;1661;;4;;;1277;1;1;1;1;1;1;;;+12532221;+4388431;0;1
497;7;1279;P;1;10;;1662;1417;;4;;;1277;1;1;1;1;1;1;;;+12532473;+4388436;0;1
497;7;1858;P;1;12;;2020;2021;;4;;;1857;1;1;1;1;1;1;;;+12524887;+4389355;0;1
497;7;1859;P;1;10;;2020;1498;;4;;;1857;1;1;1;1;1;1;;;+12525473;+4389359;0;1
497;7;1860;P;1;10;;2020;1352;;4;;;1857;1;1;1;1;1;1;;;+12526206;+4389370;0;1
497;7;1861;P;1;12;;2020;1353;;4;;;1857;1;1;1;1;1;1;;;+12527184;+4389374;0;1
497;7;58;P;1;3;;2616;1698;;4;;94;;1;1;1;1;1;1;;;+12512130;+4369233;0;0
497;7;59;P;1;1;;2616;1887;;4;;94;;1;1;1;1;1;1;;;+12520899;+4373952;52;0
497;7;52;P;1;1;;2616;1892;;4;;57;;1;1;1;1;1;1;;;+12536245;+4403582;59;0
497;7;53;P;3;3;;2616;1327;;4;;57;;1;1;1;1;1;1;;;+12538926;+4409013;0;0
497;7;65;P;3;3;;2616;1363;;4;;57;;1;1;1;1;1;1;;;+12563422;+4448931;0;0
497;7;66;P;1;3;;2616;1364;;4;;57;;1;1;1;1;1;1;;;+12566115;+4453705;0;0
497;7;67;P;1;3;;2616;1365;;4;;57;;1;1;1;1;1;1;;;+12584068;+4476097;0;0
497;7;68;P;1;3;;2616;1366;;4;;57;;1;1;1;1;1;1;;;+12591697;+4484172;0;0
497;7;12052;P;3;3;;1295;1263;;6;;;12051;1;1;1;1;1;1;;;+12440197;+4309010;0;0
497;7;12053;P;3;3;;1295;1317;;6;;;12051;1;1;1;1;1;1;;;+12441991;+4310642;0;0
497;7;12054;P;1;3;;1295;1265;;6;;;12051;1;1;1;1;1;1;;;+12444811;+4313590;0;0
497;7;12055;P;3;3;;1295;1318;;6;;;12051;1;1;1;1;1;1;;;+12457282;+4327056;0;0
497;7;12056;P;1;3;;1295;1267;;6;;;12051;1;1;1;1;1;1;;;+12461290;+4330809;0;0
497;7;12057;P;3;3;;1295;1319;;6;;;12051;1;1;1;1;1;1;;;+12480211;+4346059;0;0
497;7;12058;P;1;3;;1295;1269;;6;;;12051;1;1;1;1;1;1;;;+12483915;+4348272;0;0
497;7;12059;P;3;3;;1295;1320;;6;;;12051;1;1;1;1;1;1;;;+12501951;+4362672;0;0
497;7;12060;P;1;3;;1295;1698;;6;;;12051;1;1;1;1;1;1;;;+12512130;+4369233;0;0
497;7;6057;P;1;3;;1293;1366;;5;;;6056;1;1;1;1;1;1;;;+12591697;+4484172;0;0
497;7;6058;P;1;3;;1293;1279;;5;;;6056;1;1;1;1;1;1;;;+12600049;+4499342;0;0
497;7;6059;P;3;3;;1293;1280;;5;;;6056;1;1;1;1;1;1;;;+12602427;+4502698;0;0
497;7;6064;P;3;3;;1293;1290;;5;;;6056;1;1;1;1;1;1;;;+12614632;+4516890;0;0
497;7;6065;P;1;3;;1293;2056;;5;;;6056;1;1;1;1;1;1;;;+12617658;+4518313;0;0
497;7;673;P;1;10;;1404;1351;;4;;;672;1;1;1;1;1;1;;;+12523864;+4388401;0;1
497;7;674;P;1;10;;1404;1498;;4;;;672;1;1;1;1;1;1;;;+12525491;+4388420;0;1
497;7;675;P;1;10;;1404;1352;;4;;;672;1;1;1;1;1;1;;;+12526237;+4388427;0;1
497;7;676;P;1;9;;1404;1353;;4;;;672;1;1;1;1;1;1;;;+12527153;+4388431;0;1
497;7;677;P;1;10;;1404;1354;;4;;;672;1;1;1;1;1;1;;;+12527915;+4388158;0;1
497;7;678;P;1;7;;1404;1410;;4;;;672;1;1;1;1;1;1;;;+12528960;+4387773;0;1
497;7;1547;P;1;12;;1584;2531;;4;;;1040;1;1;1;1;1;1;;;+12518091;+4385977;0;1
497;7;1043;P;1;8;;1584;1348;;4;;;1040;1;1;1;1;1;1;;;+12516103;+4389296;0;1
497;7;220;P;4;0;;;1928;;4;;;219;;;;;;;;;+12541048;+4383590;0;1
497;7;226;P;4;0;;;1925;;4;;;225;;;;;;;;;+12540895;+4383171;0;1
497;7;222;P;4;0;;;1924;;4;;;221;;;;;;;;;+12540975;+4382960;0;1
497;7;1936;P;1;12;;1344;1568;;4;;;594;1;1;1;1;1;1;;;+12545839;+4375615;0;0
497;7;1525;P;1;12;;1344;1682;;4;;;594;1;1;1;1;1;1;;;+12545012;+4377622;0;1
497;7;596;P;1;10;;1344;1477;;4;;;594;1;1;1;1;1;1;;;+12544217;+4378481;0;1
497;7;597;P;1;10;;1344;1998;;4;;;594;1;1;1;1;1;1;;;+12545195;+4380337;0;1
497;7;1526;P;1;10;;1344;1680;;4;;;594;1;1;1;1;1;1;;;+12544964;+4380822;0;1
497;7;598;P;1;10;;1344;1497;;4;;;594;1;1;1;1;1;1;;;+12543723;+4382477;0;1
497;7;1527;P;1;10;;1344;1679;;4;;;594;1;1;1;1;1;1;;;+12542916;+4383054;0;1
497;7;599;P;1;3;;1344;1887;;4;;;594;1;1;1;1;1;1;;;+12541287;+4383809;0;1
497;7;600;P;1;9;;1344;1388;;4;;;594;1;1;1;1;1;1;;;+12540426;+4384003;0;1
497;7;218;P;4;0;;;1931;;4;;;217;;;;;;;;;+12541488;+4383879;0;1
497;7;224;P;4;0;;;1929;;4;;;223;;;;;;;;;+12541159;+4383789;0;1
497;7;938;P;1;10;;1555;1507;;4;;;940;1;1;1;1;1;1;;;+12532958;+4391824;0;1
497;7;941;P;1;10;;1555;1455;;4;;;940;1;1;1;1;1;1;;;+12532935;+4393095;0;1
497;7;942;P;1;12;;1555;1361;;4;;;940;1;1;1;1;1;1;;;+12532844;+4395171;0;1
497;7;1396;P;1;11;;1680;1681;;4;;;1395;1;1;1;1;1;1;;;+12542218;+4377594;0;1
497;7;1397;P;1;8;;1680;1477;;4;;;1395;1;1;1;1;1;1;;;+12542227;+4378366;0;1
497;7;1961;P;1;12;;1680;1951;;4;;;1395;1;1;1;1;1;1;;;+12542953;+4379476;0;1
497;7;1398;P;1;10;;1680;1344;;4;;;1395;1;1;1;1;1;1;;;+12544964;+4380822;0;1
497;7;1697;P;1;12;;1410;1805;;4;;;456;1;1;1;1;1;1;;;+12520750;+4381283;0;1
497;7;457;P;1;12;;1410;1411;;4;;;456;1;1;1;1;1;1;;;+12521622;+4381882;0;1
497;7;458;P;1;10;;1410;1413;;4;;;456;1;1;1;1;1;1;;;+12522595;+4382712;0;1
497;7;1528;P;1;12;;1410;1485;;4;;;456;1;1;1;1;1;1;;;+12523856;+4384003;0;1
497;7;459;P;1;10;;1410;2675;;4;;;456;1;1;1;1;1;1;;;+12524719;+4384471;0;1
497;7;634;P;1;10;;1410;1428;;4;;;456;1;1;1;1;1;1;;;+12525975;+4385039;0;1
497;7;460;P;1;10;;1410;1415;;4;;;456;1;1;1;1;1;1;;;+12527447;+4386180;0;1
497;7;461;P;1;10;;1410;1403;;4;;;456;1;1;1;1;1;1;;;+12528296;+4386843;0;1
497;7;462;P;1;6;;1410;1412;;4;;;456;1;1;1;1;1;1;;;+12528960;+4387773;0;1
497;7;718;P;1;7;;1425;1419;;4;;;717;1;1;1;1;1;1;;;+12531703;+4390934;0;1
497;7;1529;P;1;10;;1425;1587;;4;;;717;1;1;1;1;1;1;;;+12531698;+4391364;0;1
497;7;719;P;1;10;;1425;1507;;4;;;717;1;1;1;1;1;1;;;+12531718;+4392172;0;1
497;7;720;P;1;10;;1425;1455;;4;;;717;1;1;1;1;1;1;;;+12531741;+4393099;0;1
497;7;721;P;1;10;;1425;1508;;4;;;717;1;1;1;1;1;1;;;+12531759;+4393714;0;1
497;7;722;P;1;10;;1425;1361;;4;;;717;1;1;1;1;1;1;;;+12531795;+4395044;0;1
497;7;1220;P;1;10;;1503;1650;;4;;;1219;1;1;1;1;1;1;;;+12530918;+4388897;0;1
497;7;1221;P;1;10;;1503;1402;;4;;;1219;1;1;1;1;1;1;;;+12531108;+4389169;0;1
497;7;1222;P;1;8;;1503;1538;;4;;;1219;1;1;1;1;1;1;;;+12531351;+4389466;0;1
497;7;1223;P;1;12;;1503;1653;;4;;;1219;1;1;1;1;1;1;;;+12531486;+4389840;0;1
497;7;496;P;1;9;;1415;1428;;4;;;495;1;1;1;1;1;1;;;+12528948;+4385079;0;1
497;7;497;P;1;10;;1415;1431;;4;;;495;1;1;1;1;1;1;;;+12528054;+4385733;0;1
497;7;498;P;1;10;;1415;1410;;4;;;495;1;1;1;1;1;1;;;+12527447;+4386180;0;1
497;7;1562;P;1;12;;1415;1632;;4;;;495;1;1;1;1;1;1;;;+12527226;+4386343;0;1
497;7;1124;P;1;11;;1626;1632;;4;;;1123;1;1;1;1;1;1;;;+12526086;+4386196;0;1
497;7;1125;P;1;10;;1626;1395;;4;;;1123;1;1;1;1;1;1;;;+12525954;+4386336;0;1
497;7;1126;P;1;10;;1626;1421;;4;;;1123;1;1;1;1;1;1;;;+12525547;+4386757;0;1
497;7;1127;P;1;10;;1626;1498;;4;;;1123;1;1;1;1;1;1;;;+12525422;+4386888;0;1
497;7;812;P;1;10;;1502;1439;;4;;;811;1;1;1;1;1;1;;;+12538993;+4386494;0;1
497;7;1530;P;1;10;;1502;1463;;4;;;811;1;1;1;1;1;1;;;+12538975;+4387521;0;1
497;7;813;P;1;10;;1502;1449;;4;;;811;1;1;1;1;1;1;;;+12538958;+4388250;0;1
497;7;1531;P;1;10;;1502;1524;;4;;;811;1;1;1;1;1;1;;;+12538957;+4388729;0;1
497;7;814;P;1;12;;1502;1526;;4;;;811;1;1;1;1;1;1;;;+12538948;+4389357;0;1
497;7;1665;P;1;12;;1967;1412;;4;;;1664;1;1;1;1;1;1;;;+12532024;+4387804;0;1
497;7;1666;P;1;11;;1967;1652;;4;;;1664;1;1;1;1;1;1;;;+12532025;+4387569;0;1
497;7;1667;P;1;11;;1967;1968;;4;;;1664;1;1;1;1;1;1;;;+12532025;+4387338;0;1
497;7;468;P;1;10;;1416;1402;;4;;;467;1;1;1;1;1;1;;;+12530177;+4389500;0;1
497;7;1532;P;1;10;;1416;1538;;4;;;467;1;1;1;1;1;1;;;+12530332;+4389848;0;1
497;7;469;P;1;10;;1416;1418;;4;;;467;1;1;1;1;1;1;;;+12530559;+4390182;0;1
497;7;1533;P;1;12;;1416;1608;;4;;;467;1;1;1;1;1;1;;;+12531209;+4390749;0;1
497;7;1534;P;1;12;;1416;2671;;4;;;467;1;1;1;1;1;1;;;+12531571;+4390932;0;1
497;7;470;P;1;6;;1416;1419;;4;;;467;1;1;1;1;1;1;;;+12531703;+4390934;0;1
497;7;471;P;1;9;;1416;1417;;4;;;467;1;1;1;1;1;1;;;+12532421;+4390873;0;1
497;7;790;P;1;10;;1489;1438;;4;;;789;1;1;1;1;1;1;;;+12536545;+4381857;0;1
497;7;791;P;1;10;;1489;1522;;4;;;789;1;1;1;1;1;1;;;+12536529;+4382831;0;1
497;7;792;P;1;10;;1489;1429;;4;;;789;1;1;1;1;1;1;;;+12536523;+4383362;0;1
497;7;793;P;1;11;;1489;1459;;4;;;789;1;1;1;1;1;1;;;+12536515;+4384116;0;1
497;7;1476;P;1;10;;1489;1678;;4;;;789;1;1;1;1;1;1;;;+12536505;+4384647;0;1
497;7;794;P;1;10;;1489;1428;;4;;;789;1;1;1;1;1;1;;;+12536489;+4385173;0;1
497;7;795;P;1;10;;1489;1523;;4;;;789;1;1;1;1;1;1;;;+12536483;+4385775;0;1
497;7;796;P;1;10;;1489;1439;;4;;;789;1;1;1;1;1;1;;;+12536458;+4386465;0;1
497;7;797;P;1;10;;1489;1463;;4;;;789;1;1;1;1;1;1;;;+12536443;+4387498;0;1
497;7;798;P;1;10;;1489;1449;;4;;;789;1;1;1;1;1;1;;;+12536429;+4388213;0;1
497;7;799;P;1;10;;1489;1524;;4;;;789;1;1;1;1;1;1;;;+12536417;+4388702;0;1
497;7;800;P;1;12;;1489;1521;;4;;;789;1;1;1;1;1;1;;;+12536621;+4389012;0;1
497;7;1359;P;1;10;;1463;1489;;4;;;1358;1;1;1;1;1;1;;;+12536443;+4387498;0;1
497;7;1360;P;1;10;;1463;1462;;4;;;1358;1;1;1;1;1;1;;;+12537667;+4387508;0;1
497;7;1361;P;1;10;;1463;1502;;4;;;1358;1;1;1;1;1;1;;;+12538975;+4387521;0;1
497;7;1362;P;1;10;;1463;1386;;4;;;1358;1;1;1;1;1;1;;;+12539388;+4387525;0;1
497;7;1439;P;1;11;;1682;1680;;4;;;1438;1;1;1;1;1;1;;;+12542218;+4377594;0;1
497;7;1394;P;1;12;;1682;1344;;4;;;1438;1;1;1;1;1;1;;;+12545012;+4377622;0;1
497;7;1392;P;1;12;;1681;1478;;4;;;1391;1;1;1;1;1;1;;;+12539953;+4378108;0;1
497;7;1393;P;1;11;;1681;1680;;4;;;1391;1;1;1;1;1;1;;;+12542218;+4377594;0;1
497;7;927;P;1;12;;1558;2131;;4;;;926;1;1;1;1;1;1;;;+12529459;+4394514;0;1
497;7;928;P;1;10;;1558;1425;;4;;;926;1;1;1;1;1;1;;;+12531759;+4393714;0;1
497;7;1714;P;1;12;;1979;1439;;4;;;1713;1;1;1;1;1;1;;;+12538196;+4386490;0;1
497;7;1715;P;1;10;;1979;1978;;4;;;1713;1;1;1;1;1;1;;;+12538184;+4387154;0;1
497;7;1716;P;1;10;;1979;1463;;4;;;1713;1;1;1;1;1;1;;;+12538178;+4387512;0;1
497;7;1717;P;1;10;;1979;1449;;4;;;1713;1;1;1;1;1;1;;;+12538165;+4388231;0;1
497;7;1913;P;1;12;;1979;2037;;4;;;1713;1;1;1;1;1;1;;;+12538160;+4388555;0;1
497;7;703;P;1;9;;1440;1450;;4;;;702;1;1;1;1;1;1;;;+12532460;+4388706;0;1
497;7;1535;P;1;10;;1440;1666;;4;;;702;1;1;1;1;1;1;;;+12533114;+4388427;0;1
497;7;704;P;1;10;;1440;1504;;4;;;702;1;1;1;1;1;1;;;+12533322;+4388325;0;1
497;7;1536;P;1;10;;1440;1659;;4;;;702;1;1;1;1;1;1;;;+12533529;+4388210;0;1
497;7;705;P;1;10;;1440;1412;;4;;;702;1;1;1;1;1;1;;;+12534325;+4387993;0;1
497;7;1669;P;1;11;;1969;1968;;4;;;1668;1;1;1;1;1;1;;;+12532025;+4387338;0;1
497;7;1670;P;1;10;;1969;1970;;4;;;1668;1;1;1;1;1;1;;;+12532273;+4387224;0;1
497;7;1671;P;1;10;;1969;1417;;4;;;1668;1;1;1;1;1;1;;;+12532501;+4387224;0;1
497;7;1647;P;1;12;;1965;1439;;4;;;1646;1;1;1;1;1;1;;;+12531338;+4386405;0;1
497;7;1648;P;1;11;;1965;1518;;4;;;1646;1;1;1;1;1;1;;;+12531334;+4386684;0;1
497;7;1649;P;1;10;;1965;1517;;4;;;1646;1;1;1;1;1;1;;;+12531318;+4387125;0;1
497;7;1650;P;1;11;;1965;1966;;4;;;1646;1;1;1;1;1;1;;;+12531315;+4387405;0;1
497;7;1651;P;1;11;;1965;1652;;4;;;1646;1;1;1;1;1;1;;;+12531309;+4387557;0;1
497;7;1652;P;1;12;;1965;1412;;4;;;1646;1;1;1;1;1;1;;;+12531303;+4387791;0;1
497;7;1895;P;1;10;;2033;1350;;4;;;1894;1;1;1;1;1;1;;;+12529712;+4388836;0;1
497;7;1896;P;1;12;;2033;2032;;4;;;1894;1;1;1;1;1;1;;;+12529994;+4388733;0;1
497;7;1897;P;1;10;;2033;1649;;4;;;1894;1;1;1;1;1;1;;;+12530455;+4388649;0;1
497;7;633;P;1;10;;1428;1410;;4;;;632;1;1;1;1;1;1;;;+12525975;+4385039;0;1
497;7;635;P;1;10;;1428;1492;;4;;;632;1;1;1;1;1;1;;;+12527623;+4385050;0;1
497;7;636;P;1;9;;1428;1427;;4;;;632;1;1;1;1;1;1;;;+12528948;+4385079;0;1
497;7;637;P;1;12;;1428;2669;;4;;;632;1;1;1;1;1;1;;;+12532075;+4385104;0;1
497;7;638;P;1;10;;1428;1417;;4;;;632;1;1;1;1;1;1;;;+12532545;+4385110;0;1
497;7;639;P;1;10;;1428;1444;;4;;;632;1;1;1;1;1;1;;;+12533901;+4385138;0;1
497;7;640;P;1;10;;1428;1533;;4;;;632;1;1;1;1;1;1;;;+12534834;+4385146;0;1
497;7;641;P;1;12;;1428;1491;;4;;;632;1;1;1;1;1;1;;;+12536075;+4385171;0;1
497;7;644;P;1;10;;1428;1489;;4;;;632;1;1;1;1;1;1;;;+12536489;+4385173;0;1
497;7;645;P;1;9;;1428;1458;;4;;;632;1;1;1;1;1;1;;;+12537697;+4385187;0;1
497;7;646;P;1;10;;1428;1490;;4;;;632;1;1;1;1;1;1;;;+12539019;+4385196;0;1
497;7;647;P;1;10;;1428;1386;;4;;;632;1;1;1;1;1;1;;;+12539954;+4385207;0;1
497;7;648;P;1;10;;1428;1388;;4;;;632;1;1;1;1;1;1;;;+12541059;+4385217;0;1
497;7;649;P;1;10;;1428;1389;;4;;;632;1;1;1;1;1;1;;;+12542310;+4385231;0;1
497;7;1905;P;1;12;;2035;1446;;4;;;1904;1;1;1;1;1;1;;;+12530406;+4383998;0;1
497;7;1906;P;1;12;;2035;1428;;4;;;1904;1;1;1;1;1;1;;;+12530410;+4385083;0;1
497;7;663;P;1;10;;1438;1495;;4;;;662;1;1;1;1;1;1;;;+12531251;+4382438;0;1
497;7;1537;P;1;10;;1438;2002;;4;;;662;1;1;1;1;1;1;;;+12532094;+4382152;0;1
497;7;664;P;1;10;;1438;1417;;4;;;662;1;1;1;1;1;1;;;+12532623;+4381971;0;1
497;7;665;P;1;10;;1438;1444;;4;;;662;1;1;1;1;1;1;;;+12533774;+4381841;0;1
497;7;666;P;1;10;;1438;1489;;4;;;662;1;1;1;1;1;1;;;+12536545;+4381857;0;1
497;7;667;P;1;8;;1438;1457;;4;;;662;1;1;1;1;1;1;;;+12537743;+4381956;0;1
497;7;668;P;1;10;;1438;1478;;4;;;662;1;1;1;1;1;1;;;+12540900;+4382047;0;1
497;7;887;P;1;10;;1544;1443;;4;;;885;1;1;1;1;1;1;;;+12532576;+4389956;0;1
497;7;611;P;1;11;;1544;1605;;4;;;885;1;1;1;1;1;1;;;+12533009;+4390323;0;1
497;7;891;P;1;9;;1544;1436;;4;;;885;1;1;1;1;1;1;;;+12533284;+4390483;0;1
497;7;888;P;1;11;;1544;1453;;4;;;885;1;1;1;1;1;1;;;+12533484;+4390605;0;1
497;7;1538;P;1;11;;1544;1611;;4;;;885;1;1;1;1;1;1;;;+12533670;+4390717;0;1
497;7;892;P;1;10;;1544;1444;;4;;;885;1;1;1;1;1;1;;;+12533857;+4390828;0;1
497;7;615;P;1;6;;1805;1417;;4;;;610;1;1;1;1;1;1;;;+12532649;+4380860;0;1
497;7;1560;P;1;8;;1805;1438;;4;;;610;1;1;1;1;1;1;;;+12537743;+4381956;0;1
497;7;1408;P;1;12;;1805;1429;;4;;;610;1;1;1;1;1;1;;;+12539934;+4383580;0;1
497;7;978;P;1;10;;1603;1601;;4;;;977;1;1;1;1;1;1;;;+12531582;+4390145;0;1
497;7;979;P;1;11;;1603;1443;;4;;;977;1;1;1;1;1;1;;;+12532294;+4390162;0;1
497;7;1774;P;1;10;;2001;1558;;4;;;1773;1;1;1;1;1;1;;;+12530055;+4394309;0;1
497;7;1775;P;1;10;;2001;1361;;4;;;1773;1;1;1;1;1;1;;;+12530368;+4394870;0;1
497;7;1771;P;1;10;;2000;2131;;4;;;1770;1;1;1;1;1;1;;;+12529385;+4393338;0;1
497;7;1772;P;1;10;;2000;1558;;4;;;1770;1;1;1;1;1;1;;;+12530055;+4394309;0;1
497;7;1260;P;1;10;;1660;1417;;4;;;1259;1;1;1;1;1;1;;;+12532501;+4387224;0;1
497;7;1261;P;1;10;;1660;2244;;4;;;1259;1;1;1;1;1;1;;;+12532859;+4387144;0;1
497;7;1262;P;1;11;;1660;1659;;4;;;1259;1;1;1;1;1;1;;;+12533442;+4387070;0;1
497;7;1264;P;1;12;;1660;1501;;4;;;1259;1;1;1;1;1;1;;;+12534772;+4387798;0;1
497;7;1294;P;1;11;;1659;1660;;4;;;1293;1;1;1;1;1;1;;;+12533442;+4387070;0;1
497;7;1295;P;1;10;;1659;1657;;4;;;1293;1;1;1;1;1;1;;;+12533430;+4387585;0;1
497;7;1296;P;1;10;;1659;1412;;4;;;1293;1;1;1;1;1;1;;;+12533425;+4387836;0;1
497;7;1297;P;1;10;;1659;1440;;4;;;1293;1;1;1;1;1;1;;;+12533529;+4388210;0;1
497;7;1284;P;1;10;;1666;1440;;4;;;1283;1;1;1;1;1;1;;;+12533114;+4388427;0;1
497;7;1285;P;1;11;;1666;1501;;4;;;1283;1;1;1;1;1;1;;;+12533687;+4388952;0;1
497;7;1368;P;1;10;;1523;1489;;4;;;1367;1;1;1;1;1;1;;;+12536483;+4385775;0;1
497;7;1369;P;1;10;;1523;1458;;4;;;1367;1;1;1;1;1;1;;;+12537698;+4385803;0;1
497;7;1370;P;1;10;;1523;1490;;4;;;1367;1;1;1;1;1;1;;;+12539008;+4385819;0;1
497;7;1371;P;1;10;;1523;1386;;4;;;1367;1;1;1;1;1;1;;;+12539635;+4385824;0;1
497;7;1372;P;1;10;;1523;1388;;4;;;1367;1;1;1;1;1;1;;;+12541049;+4385843;0;1
497;7;1373;P;1;10;;1523;1389;;4;;;1367;1;1;1;1;1;1;;;+12542285;+4385852;0;1
497;7;444;P;1;10;;1354;1353;;4;;;443;1;1;1;1;1;1;;;+12527196;+4386971;0;1
497;7;445;P;1;10;;1354;1403;;4;;;443;1;1;1;1;1;1;;;+12527557;+4387300;0;1
497;7;446;P;1;10;;1354;1404;;4;;;443;1;1;1;1;1;1;;;+12527915;+4388158;0;1
497;7;447;P;1;10;;1354;1348;;4;;;443;1;1;1;1;1;1;;;+12528385;+4388884;0;1
497;7;449;P;1;6;;1354;1402;;4;;;443;1;1;1;1;1;1;;;+12529054;+4389892;0;1
497;7;1550;P;1;12;;1427;1818;;4;;;490;1;1;1;1;1;1;;;+12529574;+4379147;0;1
497;7;1551;P;1;7;;1427;1937;;4;;;490;1;1;1;1;1;1;;;+12529582;+4380457;0;1
497;7;491;P;1;6;;1427;1413;;4;;;490;1;1;1;1;1;1;;;+12529237;+4381840;0;1
497;7;492;P;1;10;;1427;1429;;4;;;490;1;1;1;1;1;1;;;+12528993;+4383245;0;1
497;7;579;P;1;11;;1427;1446;;4;;;490;1;1;1;1;1;1;;;+12528978;+4383967;0;1
497;7;493;P;1;10;;1427;1430;;4;;;490;1;1;1;1;1;1;;;+12528964;+4384573;0;1
497;7;494;P;1;9;;1427;1428;;4;;;490;1;1;1;1;1;1;;;+12528948;+4385079;0;1
497;7;1955;P;1;12;;2627;1818;;4;;;1954;1;1;1;1;1;1;;;+12529574;+4379147;0;1
497;7;1956;P;1;7;;2627;1937;;4;;;1954;1;1;1;1;1;1;;;+12529582;+4380457;0;1
497;7;1957;P;1;10;;2627;1413;;4;;;1954;1;1;1;1;1;1;;;+12529237;+4381840;0;1
497;7;1958;P;1;11;;2627;2628;;4;;;1954;1;1;1;1;1;1;;;+12529116;+4382034;0;1
497;7;982;P;1;12;;1604;1417;;4;;;981;1;1;1;1;1;1;;;+12532442;+4390163;0;1
497;7;983;P;1;12;;1604;1548;;4;;;981;1;1;1;1;1;1;;;+12532888;+4390172;0;1
497;7;1794;P;1;11;;1836;1434;;4;;;1793;1;1;1;1;1;1;;;+12528046;+4391856;0;1
497;7;1795;P;1;10;;1836;2131;;4;;;1793;1;1;1;1;1;1;;;+12529288;+4391819;0;1
497;7;1796;P;1;12;;1836;1553;;4;;;1793;1;1;1;1;1;1;;;+12530827;+4391495;0;1
497;7;1852;P;1;10;;2019;1402;;4;;;1851;1;1;1;1;1;1;;;+12528223;+4390185;0;1
497;7;1853;P;1;10;;2019;1433;;4;;;1851;1;1;1;1;1;1;;;+12528663;+4390828;0;1
497;7;1806;P;1;12;;1553;2007;;4;;;1805;1;1;1;1;1;1;;;+12530940;+4391210;0;1
497;7;1807;P;1;12;;1553;1836;;4;;;1805;1;1;1;1;1;1;;;+12530827;+4391495;0;1
497;7;1808;P;1;12;;1553;1507;;4;;;1805;1;1;1;1;1;1;;;+12530891;+4392323;0;1
497;7;1157;P;1;11;;1602;1601;;4;;;1156;1;1;1;1;1;1;;;+12531000;+4389899;0;1
497;7;1158;P;1;12;;1602;1418;;4;;;1156;1;1;1;1;1;1;;;+12530999;+4390137;0;1
497;7;971;P;1;10;;1407;2131;;4;;;970;1;1;1;1;1;1;;;+12529156;+4390667;0;1
497;7;972;P;1;10;;1407;1416;;4;;;970;1;1;1;1;1;1;;;+12530559;+4390182;0;1
497;7;964;P;1;11;;1600;1402;;4;;;963;1;1;1;1;1;1;;;+12526089;+4390231;0;1
497;7;448;P;1;12;;1600;1433;;4;;;963;1;1;1;1;1;1;;;+12525799;+4391262;0;1
497;7;965;P;1;10;;1600;1351;;4;;;963;1;1;1;1;1;1;;;+12525669;+4391650;0;1
497;7;1183;P;1;12;;1517;1512;;4;;;1182;1;1;1;1;1;1;;;+12530441;+4387114;0;1
497;7;1184;P;1;10;;1517;1499;;4;;;1182;1;1;1;1;1;1;;;+12530793;+4387121;0;1
497;7;1185;P;1;11;;1517;1647;;4;;;1182;1;1;1;1;1;1;;;+12531107;+4387123;0;1
497;7;1186;P;1;10;;1517;1500;;4;;;1182;1;1;1;1;1;1;;;+12531800;+4387134;0;1
497;7;1187;P;1;12;;1517;1417;;4;;;1182;1;1;1;1;1;1;;;+12532498;+4387065;0;1
497;7;1908;P;1;10;;2036;1450;;4;;;1907;1;1;1;1;1;1;;;+12532933;+4388865;0;1
497;7;1909;P;1;10;;2036;1441;;4;;;1907;1;1;1;1;1;1;;;+12532806;+4389146;0;1
497;7;1910;P;1;10;;2036;1538;;4;;;1907;1;1;1;1;1;1;;;+12532802;+4389324;0;1
497;7;1911;P;1;10;;2036;1442;;4;;;1907;1;1;1;1;1;1;;;+12532796;+4389583;0;1
497;7;1912;P;1;12;;2036;1443;;4;;;1907;1;1;1;1;1;1;;;+12532853;+4389743;0;1
497;7;525;P;1;3;;1417;1893;;4;;;524;1;1;1;1;1;1;;;+12532659;+4380326;0;1
497;7;526;P;1;7;;1417;1805;;4;;;524;1;1;1;1;1;1;;;+12532649;+4380860;0;1
497;7;733;P;1;10;;1417;2012;;4;;;524;1;1;1;1;1;1;;;+12532641;+4381245;0;1
497;7;527;P;1;10;;1417;1438;;4;;;524;1;1;1;1;1;1;;;+12532623;+4381971;0;1
497;7;528;P;1;9;;1417;1429;;4;;;524;1;1;1;1;1;1;;;+12532589;+4383293;0;1
497;7;746;P;1;10;;1417;1446;;4;;;524;1;1;1;1;1;1;;;+12532566;+4384016;0;1
497;7;529;P;1;10;;1417;1428;;4;;;524;1;1;1;1;1;1;;;+12532545;+4385110;0;1
497;7;530;P;1;10;;1417;1439;;4;;;524;1;1;1;1;1;1;;;+12532516;+4386416;0;1
497;7;820;P;1;11;;1417;1518;;4;;;524;1;1;1;1;1;1;;;+12532512;+4386701;0;1
497;7;1569;P;1;10;;1417;1660;;4;;;524;1;1;1;1;1;1;;;+12532501;+4387224;0;1
497;7;1570;P;1;10;;1417;1657;;4;;;524;1;1;1;1;1;1;;;+12532491;+4387574;0;1
497;7;531;P;1;10;;1417;1412;;4;;;524;1;1;1;1;1;1;;;+12532485;+4387824;0;1
497;7;532;P;1;9;;1417;1440;;4;;;524;1;1;1;1;1;1;;;+12532460;+4388706;0;1
497;7;533;P;1;10;;1417;1441;;4;;;524;1;1;1;1;1;1;;;+12532465;+4389133;0;1
497;7;1571;P;1;10;;1417;1538;;4;;;524;1;1;1;1;1;1;;;+12532460;+4389321;0;1
497;7;534;P;1;10;;1417;1442;;4;;;524;1;1;1;1;1;1;;;+12532455;+4389580;0;1
497;7;535;P;1;10;;1417;1443;;4;;;524;1;1;1;1;1;1;;;+12532445;+4390044;0;1
497;7;1478;P;1;12;;1417;1604;;4;;;524;1;1;1;1;1;1;;;+12532442;+4390163;0;1
497;7;1479;P;1;12;;1417;1608;;4;;;524;1;1;1;1;1;1;;;+12532427;+4390703;0;1
497;7;536;P;1;9;;1417;1436;;4;;;524;1;1;1;1;1;1;;;+12532421;+4390873;0;1
497;7;1447;P;1;11;;1705;1805;;4;;1446;;1;1;1;1;1;1;;;+12532647;+4380733;0;1
497;7;1448;P;1;10;;1705;2012;;4;;1446;;1;1;1;1;1;1;;;+12532641;+4381245;0;1
497;7;1449;P;1;10;;1705;2629;;4;;1446;;1;1;1;1;1;1;;;+12532623;+4381962;1960;1
497;7;1960;P;1;10;;1705;1438;;4;;1959;;1;1;1;1;1;1;;;+12532624;+4381977;1449;1
497;7;1450;P;1;12;;1705;1429;;4;;1959;;1;1;1;1;1;1;;;+12532592;+4383183;1452;1
497;7;1452;P;1;12;;1705;1842;;4;;1451;;1;1;1;1;1;1;;;+12532588;+4383393;1450;1
497;7;1453;P;1;10;;1705;1446;;4;;1451;;1;1;1;1;1;1;;;+12532566;+4384016;0;1
497;7;1454;P;1;10;;1705;1428;;4;;1451;;1;1;1;1;1;1;;;+12532545;+4385110;0;1
497;7;1455;P;1;10;;1705;1439;;4;;1451;;1;1;1;1;1;1;;;+12532516;+4386416;0;1
497;7;1456;P;1;11;;1705;1518;;4;;1451;;1;1;1;1;1;1;;;+12532512;+4386701;0;1
497;7;1457;P;1;12;;1705;1517;;4;;1451;;1;1;1;1;1;1;;;+12532504;+4387066;0;1
497;7;1458;P;1;10;;1705;1660;;4;;1451;;1;1;1;1;1;1;;;+12532501;+4387224;0;1
497;7;1459;P;1;10;;1705;1657;;4;;1451;;1;1;1;1;1;1;;;+12532491;+4387574;0;1
497;7;1460;P;1;10;;1705;1412;;4;;1451;;1;1;1;1;1;1;;;+12532485;+4387824;0;1
497;7;1461;P;1;12;;1705;1651;;4;;1451;;1;1;1;1;1;1;;;+12532474;+4388333;0;1
497;7;1462;P;1;10;;1705;1665;;4;;1451;;1;1;1;1;1;1;;;+12532473;+4388436;0;1
497;7;1463;P;1;12;;1705;1843;;4;;1451;;1;1;1;1;1;1;;;+12532471;+4388561;1465;1
497;7;1465;P;1;12;;1705;1402;;4;;1464;;1;1;1;1;1;1;;;+12532468;+4388814;1463;1
497;7;1466;P;1;10;;1705;1664;;4;;1464;;1;1;1;1;1;1;;;+12532466;+4388984;0;1
497;7;1467;P;1;10;;1705;1441;;4;;1464;;1;1;1;1;1;1;;;+12532465;+4389133;0;1
497;7;1468;P;1;10;;1705;1538;;4;;1464;;1;1;1;1;1;1;;;+12532460;+4389321;0;1
497;7;1469;P;1;10;;1705;1442;;4;;1464;;1;1;1;1;1;1;;;+12532455;+4389580;0;1
497;7;1470;P;1;10;;1705;1443;;4;;1464;;1;1;1;1;1;1;;;+12532445;+4390044;0;1
497;7;1349;P;1;10;;1524;1671;;4;;;1348;1;1;1;1;1;1;;;+12535659;+4388967;0;1
497;7;1350;P;1;10;;1524;1814;;4;;;1348;1;1;1;1;1;1;;;+12535925;+4388737;0;1
497;7;1351;P;1;10;;1524;1489;;4;;;1348;1;1;1;1;1;1;;;+12536417;+4388702;0;1
497;7;1352;P;1;10;;1524;1462;;4;;;1348;1;1;1;1;1;1;;;+12537642;+4388716;0;1
497;7;1353;P;1;10;;1524;1502;;4;;;1348;1;1;1;1;1;1;;;+12538957;+4388729;0;1
497;7;1354;P;1;12;;1524;1386;;4;;;1348;1;1;1;1;1;1;;;+12539534;+4388735;0;1
497;7;883;P;1;10;;1540;1543;;4;;;882;1;1;1;1;1;1;;;+12534459;+4390062;0;1
497;7;884;P;1;11;;1540;1452;;4;;;882;1;1;1;1;1;1;;;+12534778;+4390395;0;1
497;7;867;P;1;10;;1535;1501;;4;;;866;1;1;1;1;1;1;;;+12532968;+4389660;0;1
497;7;821;P;1;11;;1535;1605;;4;;;866;1;1;1;1;1;1;;;+12533204;+4389828;0;1
497;7;868;P;1;10;;1535;1436;;4;;;866;1;1;1;1;1;1;;;+12533802;+4390251;0;1
497;7;869;P;1;10;;1535;1444;;4;;;866;1;1;1;1;1;1;;;+12533964;+4390366;0;1
497;7;1848;P;1;12;;2017;2018;;4;;;1847;1;1;1;1;1;1;;;+12528044;+4388534;0;1
497;7;1849;P;1;10;;2017;1348;;4;;;1847;1;1;1;1;1;1;;;+12528047;+4388928;0;1
497;7;1850;P;1;10;;2017;1402;;4;;;1847;1;1;1;1;1;1;;;+12528223;+4390185;0;1
497;7;894;P;1;9;;1436;1417;;4;;;893;1;1;1;1;1;1;;;+12532421;+4390873;0;1
497;7;1489;P;1;11;;1436;1611;;4;;;893;1;1;1;1;1;1;;;+12532851;+4390707;0;1
497;7;1490;P;1;10;;1436;1605;;4;;;893;1;1;1;1;1;1;;;+12533005;+4390633;0;1
497;7;895;P;1;9;;1436;1544;;4;;;893;1;1;1;1;1;1;;;+12533284;+4390483;0;1
497;7;1492;P;1;12;;1436;1548;;4;;;893;1;1;1;1;1;1;;;+12533577;+4390356;0;1
497;7;896;P;1;10;;1436;1535;;4;;;893;1;1;1;1;1;1;;;+12533802;+4390251;0;1
497;7;1780;P;1;11;;1522;2004;;4;;;1779;1;1;1;1;1;1;;;+12536072;+4382822;0;1
497;7;1781;P;1;10;;1522;1489;;4;;;1779;1;1;1;1;1;1;;;+12536529;+4382831;0;1
497;7;1782;P;1;10;;1522;1457;;4;;;1779;1;1;1;1;1;1;;;+12537753;+4382837;0;1
497;7;738;P;1;9;;1388;1344;;4;;;737;1;1;1;1;1;1;;;+12540426;+4384003;0;1
497;7;823;P;1;11;;1388;1678;;4;;;737;1;1;1;1;1;1;;;+12540896;+4384366;0;1
497;7;836;P;1;11;;1388;1527;;4;;;737;1;1;1;1;1;1;;;+12541067;+4384797;0;1
497;7;739;P;1;10;;1388;1428;;4;;;737;1;1;1;1;1;1;;;+12541059;+4385217;0;1
497;7;886;P;1;10;;1388;1523;;4;;;737;1;1;1;1;1;1;;;+12541049;+4385843;0;1
497;7;740;P;1;10;;1388;1439;;4;;;737;1;1;1;1;1;1;;;+12541032;+4386520;0;1
497;7;889;P;1;10;;1388;1677;;4;;;737;1;1;1;1;1;1;;;+12541028;+4387165;0;1
497;7;741;P;1;10;;1388;1449;;4;;;737;1;1;1;1;1;1;;;+12541007;+4388240;0;1
497;7;1867;P;1;11;;2012;2002;;4;;;1866;1;1;1;1;1;1;;;+12531677;+4381229;0;1
497;7;1402;P;1;10;;2012;1417;;4;;;1866;1;1;1;1;1;1;;;+12532641;+4381245;0;1
497;7;1433;P;1;11;;2002;2024;;4;;;1432;1;1;1;1;1;1;;;+12531677;+4381229;0;1
497;7;1434;P;1;10;;2002;1438;;4;;;1432;1;1;1;1;1;1;;;+12532094;+4382152;0;1
497;7;1660;P;1;10;;1962;1417;;4;;;1659;1;1;1;1;1;1;;;+12532497;+4387420;0;1
497;7;1661;P;1;10;;1962;2244;;4;;;1659;1;1;1;1;1;1;;;+12532854;+4387422;0;1
497;7;1662;P;1;10;;1962;1659;;4;;;1659;1;1;1;1;1;1;;;+12533435;+4387432;0;1
497;7;1663;P;1;12;;1962;1520;;4;;;1659;1;1;1;1;1;1;;;+12533955;+4387443;0;1
497;7;1635;P;1;12;;1504;1660;;4;;;1634;1;1;1;1;1;1;;;+12533156;+4387110;0;1
497;7;1636;P;1;11;;1504;1962;;4;;;1634;1;1;1;1;1;1;;;+12533146;+4387426;0;1
497;7;1637;P;1;10;;1504;1412;;4;;;1634;1;1;1;1;1;1;;;+12533138;+4387832;0;1
497;7;1638;P;1;10;;1504;1440;;4;;;1634;1;1;1;1;1;1;;;+12533322;+4388325;0;1
497;7;1129;P;1;10;;1633;1351;;4;;;1128;1;1;1;1;1;1;;;+12524165;+4386768;0;1
497;7;1131;P;1;10;;1633;1626;;4;;;1128;1;1;1;1;1;1;;;+12525422;+4386888;0;1
497;7;1338;P;1;9;;1461;1543;;4;;1337;;1;1;1;1;1;1;;;+12535533;+4389779;0;1
497;7;1339;P;1;12;;1461;1525;;4;;1337;;1;1;1;1;1;1;;;+12536548;+4389559;1340;1
497;7;1340;P;1;7;;1461;1462;;4;;1540;;1;1;1;1;1;1;;;+12537621;+4389673;1339;1
497;7;1341;P;1;10;;1461;1386;;4;;1540;;1;1;1;1;1;1;;;+12539422;+4389787;0;1
497;7;1342;P;1;10;;1461;1389;;4;;1540;;1;1;1;1;1;1;;;+12542273;+4390449;0;1
497;7;1343;P;1;12;;1461;1824;;4;;1540;;1;1;1;1;1;1;;;+12547251;+4391743;0;0
497;7;909;P;1;10;;1507;2131;;4;;;911;1;1;1;1;1;1;;;+12529330;+4392408;0;1
497;7;912;P;1;12;;1507;1553;;4;;;911;1;1;1;1;1;1;;;+12530891;+4392323;0;1
497;7;913;P;1;10;;1507;1425;;4;;;911;1;1;1;1;1;1;;;+12531718;+4392172;0;1
497;7;914;P;1;10;;1507;1554;;4;;;911;1;1;1;1;1;1;;;+12532416;+4391998;0;1
497;7;915;P;1;10;;1507;1555;;4;;;911;1;1;1;1;1;1;;;+12532958;+4391824;0;1
497;7;916;P;1;10;;1507;1941;;4;;;911;1;1;1;1;1;1;;;+12533845;+4391612;0;1
497;7;1307;P;1;11;;1670;1669;;4;;;1306;1;1;1;1;1;1;;;+12535088;+4389066;0;1
497;7;1308;P;1;10;;1670;1671;;4;;;1306;1;1;1;1;1;1;;;+12535624;+4389373;0;1
497;7;1062;P;1;12;;1347;1618;;4;;;1061;1;1;1;1;1;1;;;+12517765;+4381995;0;1
497;7;1063;P;1;10;;1347;1397;;4;;;1061;1;1;1;1;1;1;;;+12519416;+4382648;0;1
497;7;1064;P;1;9;;1347;1627;;4;;;1061;1;1;1;1;1;1;;;+12520945;+4383336;0;1
497;7;989;P;1;12;;1587;1606;;4;;;988;1;1;1;1;1;1;;;+12531154;+4391220;0;1
497;7;990;P;1;10;;1587;1425;;4;;;988;1;1;1;1;1;1;;;+12531698;+4391364;0;1
497;7;991;P;1;12;;1587;1555;;4;;;988;1;1;1;1;1;1;;;+12532977;+4391388;0;1
497;7;992;P;1;10;;1587;1941;;4;;;988;1;1;1;1;1;1;;;+12533850;+4391397;0;1
497;7;993;P;1;12;;1587;2014;;4;;;988;1;1;1;1;1;1;;;+12534741;+4391406;0;1
497;7;1930;P;1;10;;1982;1941;;4;;;1929;1;1;1;1;1;1;;;+12533845;+4391612;0;1
497;7;1566;P;1;13;;1982;1556;;4;;;1929;1;1;1;1;1;1;;;+12536220;+4391641;0;1
497;7;1725;P;1;12;;1606;1587;;4;;1724;;1;1;1;1;1;1;;;+12531154;+4391220;0;1
497;7;1726;P;1;12;;1606;1425;;4;;1724;;1;1;1;1;1;1;;;+12531692;+4391148;1731;1
497;7;1731;P;1;12;;1606;1941;;4;;1730;;1;1;1;1;1;1;;;+12533864;+4391282;1726;1
497;7;1732;P;1;12;;1606;1981;;4;;1730;;1;1;1;1;1;1;;;+12535201;+4391299;0;1
497;7;1799;P;1;11;;2007;1402;;4;;1798;;1;1;1;1;1;1;;;+12529706;+4389661;0;1
497;7;1800;P;1;11;;2007;2008;;4;;1798;;1;1;1;1;1;1;;;+12529915;+4389966;0;1
497;7;1801;P;1;10;;2007;1407;;4;;1798;;1;1;1;1;1;1;;;+12530143;+4390307;1803;1
497;7;1803;P;1;12;;2007;2685;;4;;1802;;1;1;1;1;1;1;;;+12530224;+4390285;1801;1
497;7;1804;P;1;12;;2007;1606;;4;;1802;;1;1;1;1;1;1;;;+12531154;+4391220;0;1
497;7;802;P;1;12;;1525;2676;;4;;;801;1;1;1;1;1;1;;;+12536621;+4389012;0;1
497;7;803;P;1;12;;1525;1461;;4;;;801;1;1;1;1;1;1;;;+12536548;+4389559;0;1
497;7;804;P;1;12;;1525;1481;;4;;;801;1;1;1;1;1;1;;;+12536537;+4389876;0;1
497;7;1995;P;1;10;;1617;1398;;4;;;1026;1;1;1;1;1;1;;;+12522328;+4382867;0;1
497;7;1700;P;1;7;;1617;1397;;4;;;1026;1;1;1;1;1;1;;;+12520613;+4381343;0;1
497;7;1027;P;1;11;;1617;1414;;4;;;1026;1;1;1;1;1;1;;;+12518925;+4380638;0;1
497;7;1028;P;1;12;;1617;1584;;4;;;1026;1;1;1;1;1;1;;;+12518040;+4381336;0;1
497;7;1248;P;1;10;;1657;1417;;4;;;1247;1;1;1;1;1;1;;;+12532491;+4387574;0;1
497;7;1249;P;1;10;;1657;2244;;4;;;1247;1;1;1;1;1;1;;;+12532849;+4387579;0;1
497;7;1250;P;1;10;;1657;1659;;4;;;1247;1;1;1;1;1;1;;;+12533430;+4387585;0;1
497;7;1251;P;1;10;;1657;1520;;4;;;1247;1;1;1;1;1;1;;;+12533950;+4387591;0;1
497;7;1252;P;1;12;;1657;1658;;4;;;1247;1;1;1;1;1;1;;;+12534569;+4387829;0;1
497;7;1098;P;1;10;;1625;1943;;4;;;1096;1;1;1;1;1;1;;;+12522501;+4386720;0;1
497;7;1099;P;1;12;;1625;1844;;4;;;1096;1;1;1;1;1;1;;;+12522015;+4387984;0;1
497;7;1110;P;1;12;;1625;1348;;4;;;1096;1;1;1;1;1;1;;;+12523684;+4389033;0;1
497;7;851;P;1;10;;1500;1514;;4;;;850;1;1;1;1;1;1;;;+12531573;+4385836;0;1
497;7;852;P;1;10;;1500;1439;;4;;;850;1;1;1;1;1;1;;;+12531812;+4386402;0;1
497;7;853;P;1;10;;1500;1518;;4;;;850;1;1;1;1;1;1;;;+12531806;+4386694;0;1
497;7;854;P;1;10;;1500;1517;;4;;;850;1;1;1;1;1;1;;;+12531800;+4387134;0;1
497;7;919;P;1;10;;1500;1652;;4;;;850;1;1;1;1;1;1;;;+12531791;+4387566;0;1
497;7;855;P;1;10;;1500;1412;;4;;;850;1;1;1;1;1;1;;;+12531786;+4387816;0;1
497;7;1130;P;1;10;;1500;1651;;4;;;850;1;1;1;1;1;1;;;+12531774;+4388318;0;1
497;7;856;P;1;10;;1500;1402;;4;;;850;1;1;1;1;1;1;;;+12531886;+4388903;0;1
497;7;1194;P;1;12;;1512;1517;;4;;;1193;1;1;1;1;1;1;;;+12530441;+4387114;0;1
497;7;1195;P;1;11;;1512;1431;;4;;;1193;1;1;1;1;1;1;;;+12530240;+4387264;0;1
497;7;1196;P;1;10;;1512;1412;;4;;;1193;1;1;1;1;1;1;;;+12530150;+4387791;0;1
497;7;1197;P;1;11;;1512;1639;;4;;;1193;1;1;1;1;1;1;;;+12530151;+4388301;0;1
497;7;1198;P;1;12;;1512;1648;;4;;;1193;1;1;1;1;1;1;;;+12530148;+4388471;0;1
497;7;1442;P;1;12;;1488;1495;;4;;;1440;1;1;1;1;1;1;;;+12531642;+4382981;0;1
497;7;1141;P;1;10;;1488;1429;;4;;;1440;1;1;1;1;1;1;;;+12531629;+4383287;0;1
497;7;1142;P;1;10;;1488;1446;;4;;;1440;1;1;1;1;1;1;;;+12531610;+4384004;0;1
497;7;1879;P;1;11;;2030;1413;;4;;;1878;1;1;1;1;1;1;;;+12530232;+4382135;0;1
497;7;1880;P;1;12;;2030;2029;;4;;;1878;1;1;1;1;1;1;;;+12530220;+4382726;0;1
497;7;1881;P;1;10;;2030;1429;;4;;;1878;1;1;1;1;1;1;;;+12530209;+4383265;0;1
497;7;623;P;1;10;;1429;1427;;4;;;622;1;1;1;1;1;1;;;+12528993;+4383245;0;1
497;7;625;P;1;10;;1429;1488;;4;;;622;1;1;1;1;1;1;;;+12531629;+4383287;0;1
497;7;626;P;1;9;;1429;1417;;4;;;622;1;1;1;1;1;1;;;+12532589;+4383293;0;1
497;7;627;P;1;10;;1429;1444;;4;;;622;1;1;1;1;1;1;;;+12534029;+4383311;0;1
497;7;628;P;1;10;;1429;1489;;4;;;622;1;1;1;1;1;1;;;+12536523;+4383362;0;1
497;7;629;P;1;10;;1429;1457;;4;;;622;1;1;1;1;1;1;;;+12537744;+4383362;0;1
497;7;630;P;1;10;;1429;1490;;4;;;622;1;1;1;1;1;1;;;+12539052;+4383376;0;1
497;7;1406;P;1;12;;1429;1805;;4;;;622;1;1;1;1;1;1;;;+12539934;+4383580;0;1
497;7;631;P;1;9;;1429;1478;;4;;;622;1;1;1;1;1;1;;;+12540426;+4384003;0;1
497;7;1944;P;1;12;;2624;2678;;4;;;1943;1;1;1;1;1;1;;;+12532981;+4383296;0;1
497;7;1945;P;1;10;;2624;1444;;4;;;1943;1;1;1;1;1;1;;;+12534029;+4383311;0;1
497;7;1946;P;1;10;;2624;1533;;4;;;1943;1;1;1;1;1;1;;;+12534728;+4383315;0;1
497;7;1947;P;1;10;;2624;2004;;4;;;1943;1;1;1;1;1;1;;;+12536055;+4383355;0;1
497;7;1948;P;1;10;;2624;1489;;4;;;1943;1;1;1;1;1;1;;;+12536523;+4383362;0;1
497;7;1949;P;1;11;;2624;1985;;4;;;1943;1;1;1;1;1;1;;;+12537013;+4383354;0;1
497;7;1950;P;1;10;;2624;1457;;4;;;1943;1;1;1;1;1;1;;;+12537744;+4383362;0;1
497;7;1951;P;1;10;;2624;1490;;4;;;1943;1;1;1;1;1;1;;;+12539052;+4383376;0;1
497;7;1952;P;1;12;;2624;2626;;4;;;1943;1;1;1;1;1;1;;;+12539325;+4383379;0;1
497;7;1953;P;1;9;;2624;1344;;4;;;1943;1;1;1;1;1;1;;;+12540426;+4384003;0;1
497;7;655;P;1;10;;1413;1410;;4;;;654;1;1;1;1;1;1;;;+12522595;+4382712;0;1
497;7;656;P;1;10;;1413;1482;;4;;;654;1;1;1;1;1;1;;;+12523775;+4382064;0;1
497;7;658;P;1;10;;1413;1483;;4;;;654;1;1;1;1;1;1;;;+12525073;+4381361;0;1
497;7;659;P;1;10;;1413;1485;;4;;;654;1;1;1;1;1;1;;;+12527636;+4381355;0;1
497;7;660;P;1;10;;1413;1427;;4;;;654;1;1;1;1;1;1;;;+12529237;+4381840;0;1
497;7;661;P;1;10;;1413;1495;;4;;;654;1;1;1;1;1;1;;;+12531251;+4382438;0;1
497;7;1745;P;1;12;;1988;1678;;4;;;1744;1;1;1;1;1;1;;;+12541646;+4384375;0;1
497;7;1746;P;1;11;;1988;1527;;4;;;1744;1;1;1;1;1;1;;;+12541641;+4384796;0;1
497;7;1747;P;1;11;;1988;1428;;4;;;1744;1;1;1;1;1;1;;;+12541636;+4385224;0;1
497;7;1748;P;1;12;;1988;1989;;4;;;1744;1;1;1;1;1;1;;;+12541636;+4385523;0;1
497;7;985;P;1;12;;1548;1604;;4;;;984;1;1;1;1;1;1;;;+12532888;+4390172;0;1
497;7;986;P;1;11;;1548;1605;;4;;;984;1;1;1;1;1;1;;;+12533016;+4390205;0;1
497;7;987;P;1;11;;1548;1436;;4;;;984;1;1;1;1;1;1;;;+12533577;+4390356;0;1
497;7;1364;P;1;12;;1677;1977;;4;;;1363;1;1;1;1;1;1;;;+12540150;+4387161;0;1
497;7;1365;P;1;10;;1677;1388;;4;;;1363;1;1;1;1;1;1;;;+12541028;+4387165;0;1
497;7;1366;P;1;10;;1677;1389;;4;;;1363;1;1;1;1;1;1;;;+12542266;+4387166;0;1
497;7;1718;P;1;10;;1677;2659;;4;;;1363;1;1;1;1;1;1;;;+12543371;+4387482;0;1
497;7;1914;P;1;12;;1677;2038;;4;;;1363;1;1;1;1;1;1;;;+12544083;+4387672;0;1
497;7;694;P;1;10;;1402;1351;;4;;;693;1;1;1;1;1;1;;;+12524630;+4390229;0;1
497;7;890;P;1;10;;1402;1498;;4;;;693;1;1;1;1;1;1;;;+12525451;+4390227;0;1
497;7;695;P;1;10;;1402;1352;;4;;;693;1;1;1;1;1;1;;;+12526194;+4390230;0;1
497;7;696;P;1;9;;1402;1353;;4;;;693;1;1;1;1;1;1;;;+12527629;+4390247;0;1
497;7;697;P;1;10;;1402;1354;;4;;;693;1;1;1;1;1;1;;;+12529054;+4389892;0;1
497;7;698;P;1;10;;1402;1350;;4;;;693;1;1;1;1;1;1;;;+12530177;+4389500;0;1
497;7;699;P;1;10;;1402;1503;;4;;;693;1;1;1;1;1;1;;;+12531108;+4389169;0;1
497;7;700;P;1;10;;1402;1441;;4;;;693;1;1;1;1;1;1;;;+12531886;+4388903;0;1
497;7;701;P;1;9;;1402;1417;;4;;;693;1;1;1;1;1;1;;;+12532460;+4388706;0;1
497;7;1200;P;1;10;;1639;1350;;4;;;1199;1;1;1;1;1;1;;;+12529457;+4388494;0;1
497;7;1201;P;1;10;;1639;1637;;4;;;1199;1;1;1;1;1;1;;;+12529917;+4388321;0;1
497;7;1202;P;1;11;;1639;1512;;4;;;1199;1;1;1;1;1;1;;;+12530151;+4388301;0;1
497;7;1203;P;1;10;;1639;1649;;4;;;1199;1;1;1;1;1;1;;;+12530461;+4388305;0;1
497;7;1684;P;1;12;;1971;1440;;4;;;1683;1;1;1;1;1;1;;;+12534192;+4388031;0;1
497;7;1685;P;1;10;;1971;1501;;4;;;1683;1;1;1;1;1;1;;;+12534381;+4388210;0;1
497;7;1686;P;1;10;;1971;1506;;4;;;1683;1;1;1;1;1;1;;;+12534749;+4388464;0;1
497;7;848;P;1;9;;1419;1536;;4;;;687;1;1;1;1;1;1;;;+12531830;+4390471;0;1
497;7;624;P;1;10;;1419;1608;;4;;;687;1;1;1;1;1;1;;;+12531712;+4390688;0;1
497;7;849;P;1;7;;1419;1416;;4;;;687;1;1;1;1;1;1;;;+12531703;+4390934;0;1
497;7;1036;P;1;6;;1397;1414;;4;;;1823;1;1;1;1;1;1;;;+12520253;+4381635;0;1
497;7;1037;P;1;10;;1397;1347;;4;;;1823;1;1;1;1;1;1;;;+12519416;+4382648;0;1
497;7;1824;P;1;6;;1397;1395;;4;;;1823;1;1;1;1;1;1;;;+12518625;+4383685;0;1
497;7;477;P;1;10;;1351;1421;;4;;;476;1;1;1;1;1;1;;;+12524361;+4386157;0;1
497;7;902;P;1;10;;1351;1633;;4;;;476;1;1;1;1;1;1;;;+12524165;+4386768;0;1
497;7;478;P;1;10;;1351;1422;;4;;;476;1;1;1;1;1;1;;;+12524088;+4387212;0;1
497;7;479;P;1;10;;1351;1404;;4;;;476;1;1;1;1;1;1;;;+12523864;+4388401;0;1
497;7;480;P;1;10;;1351;1348;;4;;;476;1;1;1;1;1;1;;;+12523745;+4389032;0;1
497;7;481;P;1;10;;1351;1402;;4;;;476;1;1;1;1;1;1;;;+12524630;+4390229;0;1
497;7;482;P;1;10;;1351;1356;;4;;;476;1;1;1;1;1;1;;;+12525669;+4391650;0;1
497;7;440;P;1;10;;1351;1409;;4;;;476;1;1;1;1;1;1;;;+12527597;+4393727;0;1
497;7;1205;P;1;10;;1649;1412;;4;;;1204;1;1;1;1;1;1;;;+12530470;+4387795;0;1
497;7;1206;P;1;10;;1649;1639;;4;;;1204;1;1;1;1;1;1;;;+12530461;+4388305;0;1
497;7;1207;P;1;10;;1649;1640;;4;;;1204;1;1;1;1;1;1;;;+12530589;+4388883;0;1
497;7;1208;P;1;10;;1649;1503;;4;;;1204;1;1;1;1;1;1;;;+12530918;+4388897;0;1
497;7;1299;P;1;10;;1667;1440;;4;;;1298;1;1;1;1;1;1;;;+12533529;+4388210;0;1
497;7;1300;P;1;10;;1667;1501;;4;;;1298;1;1;1;1;1;1;;;+12534119;+4388502;0;1
497;7;1301;P;1;10;;1667;1506;;4;;;1298;1;1;1;1;1;1;;;+12534522;+4388713;0;1
497;7;1624;P;1;10;;1959;1441;;4;;;1623;1;1;1;1;1;1;;;+12533439;+4389192;0;1
497;7;1625;P;1;10;;1959;1506;;4;;;1623;1;1;1;1;1;1;;;+12534021;+4389390;0;1
497;7;1163;P;1;10;;2671;1603;;4;;;1162;1;1;1;1;1;1;;;+12531582;+4390145;0;1
497;7;1164;P;1;11;;2671;1608;;4;;;1162;1;1;1;1;1;1;;;+12531564;+4390689;0;1
497;7;1165;P;1;12;;2671;1416;;4;;;1162;1;1;1;1;1;1;;;+12531571;+4390932;0;1
497;7;1640;P;1;10;;1963;1504;;4;;;1639;1;1;1;1;1;1;;;+12533322;+4388325;0;1
497;7;1641;P;1;10;;1963;1501;;4;;;1639;1;1;1;1;1;1;;;+12533927;+4388710;0;1
497;7;1642;P;1;10;;1963;1506;;4;;;1639;1;1;1;1;1;1;;;+12534332;+4388917;0;1
497;7;1825;P;1;6;;2531;1395;;4;;;1035;1;1;1;1;1;1;;;+12518625;+4383685;0;1
497;7;1548;P;1;10;;2531;1620;;4;;;1035;1;1;1;1;1;1;;;+12518156;+4385575;0;1
497;7;1549;P;1;12;;2531;1584;;4;;;1035;1;1;1;1;1;1;;;+12518091;+4385977;0;1
497;7;1962;P;1;6;;2531;1348;;4;;;1035;1;1;1;1;1;1;;;+12520584;+4389142;0;1
497;7;1963;P;1;10;;2531;2022;;4;;;1035;1;1;1;1;1;1;;;+12522341;+4390481;0;1
497;7;1556;P;1;6;;2531;1356;;4;;;1035;1;1;1;1;1;1;;;+12523413;+4393091;0;1
497;7;1231;P;1;10;;1654;1501;;4;;;1230;1;1;1;1;1;1;;;+12533242;+4389384;0;1
497;7;1233;P;1;10;;1654;1506;;4;;;1230;1;1;1;1;1;1;;;+12534009;+4389647;0;1
497;7;879;P;1;11;;1599;1501;;4;;;877;1;1;1;1;1;1;;;+12533062;+4389567;0;1
497;7;1042;P;1;10;;1599;1506;;4;;;877;1;1;1;1;1;1;;;+12534024;+4389904;0;1
497;7;1883;P;1;12;;2031;1418;;4;;;1882;1;1;1;1;1;1;;;+12531200;+4390139;0;1
497;7;1884;P;1;10;;2031;1601;;4;;;1882;1;1;1;1;1;1;;;+12531320;+4389976;0;1
497;7;561;P;1;10;;1458;1429;;4;;;560;1;1;1;1;1;1;;;+12537744;+4383362;0;1
497;7;562;P;1;10;;1458;1459;;4;;;560;1;1;1;1;1;1;;;+12537724;+4384133;0;1
497;7;1539;P;1;10;;1458;1678;;4;;;560;1;1;1;1;1;1;;;+12537717;+4384577;0;1
497;7;563;P;1;9;;1458;1428;;4;;;560;1;1;1;1;1;1;;;+12537697;+4385187;0;1
497;7;427;P;1;10;;1458;1523;;4;;;560;1;1;1;1;1;1;;;+12537698;+4385803;0;1
497;7;564;P;1;10;;1458;1439;;4;;;560;1;1;1;1;1;1;;;+12537685;+4386479;0;1
497;7;1281;P;1;10;;1665;1417;;4;;;1280;1;1;1;1;1;1;;;+12532473;+4388436;0;1
497;7;1282;P;1;10;;1665;1440;;4;;;1280;1;1;1;1;1;1;;;+12533114;+4388427;0;1
497;7;1784;P;1;10;;2005;2679;;4;;;1783;1;1;1;1;1;1;;;+12537753;+4382837;0;1
497;7;1785;P;1;10;;2005;1805;;4;;;1783;1;1;1;1;1;1;;;+12538935;+4382785;0;1
497;7;1786;P;1;12;;2005;2006;;4;;;1783;1;1;1;1;1;1;;;+12539573;+4382367;0;1
497;7;1813;P;1;10;;2010;1348;;4;;;1812;1;1;1;1;1;1;;;+12529183;+4388593;0;1
497;7;1814;P;1;12;;2010;2011;;4;;;1812;1;1;1;1;1;1;;;+12529575;+4389161;0;1
497;7;1815;P;1;10;;2010;1402;;4;;;1812;1;1;1;1;1;1;;;+12529877;+4389602;0;1
497;7;1816;P;1;12;;2010;2008;;4;;;1812;1;1;1;1;1;1;;;+12530032;+4389927;0;1
497;7;1323;P;1;12;;1539;1450;;4;;;1322;1;1;1;1;1;1;;;+12535135;+4389618;0;1
497;7;1324;P;1;11;;1539;1543;;4;;;1322;1;1;1;1;1;1;;;+12535089;+4389903;0;1
497;7;1325;P;1;11;;1539;1452;;4;;;1322;1;1;1;1;1;1;;;+12535309;+4390335;0;1
497;7;1734;P;1;11;;1985;1429;;4;;;1733;1;1;1;1;1;1;;;+12537013;+4383354;0;1
497;7;1735;P;1;10;;1985;1459;;4;;;1733;1;1;1;1;1;1;;;+12536997;+4384123;0;1
497;7;1436;P;1;10;;1456;1941;;4;;;1435;1;1;1;1;1;1;;;+12533754;+4394294;0;1
497;7;1437;P;1;12;;1456;2016;;4;;;1435;1;1;1;1;1;1;;;+12533811;+4395157;0;1
497;7;863;P;1;8;;1442;1538;;4;;;862;1;1;1;1;1;1;;;+12531351;+4389466;0;1
497;7;864;P;1;10;;1442;1417;;4;;;862;1;1;1;1;1;1;;;+12532455;+4389580;0;1
497;7;865;P;1;10;;1442;1501;;4;;;862;1;1;1;1;1;1;;;+12532968;+4389660;0;1
497;7;1214;P;1;12;;1647;1439;;4;;;1213;1;1;1;1;1;1;;;+12531124;+4386400;0;1
497;7;1215;P;1;11;;1647;1518;;4;;;1213;1;1;1;1;1;1;;;+12531124;+4386680;0;1
497;7;1216;P;1;11;;1647;1517;;4;;;1213;1;1;1;1;1;1;;;+12531107;+4387123;0;1
497;7;1217;P;1;11;;1647;1652;;4;;;1213;1;1;1;1;1;1;;;+12531106;+4387559;0;1
497;7;1218;P;1;10;;1647;1412;;4;;;1213;1;1;1;1;1;1;;;+12531097;+4387804;0;1
497;7;960;P;1;10;;1409;1351;;4;;;959;1;1;1;1;1;1;;;+12527597;+4393727;0;1
497;7;961;P;1;10;;1409;1423;;4;;;959;1;1;1;1;1;1;;;+12528340;+4393725;0;1
497;7;962;P;1;10;;1409;2131;;4;;;959;1;1;1;1;1;1;;;+12529410;+4393715;0;1
497;7;967;P;1;12;;1433;1600;;4;;;966;1;1;1;1;1;1;;;+12525799;+4391262;0;1
497;7;968;P;1;10;;1433;1432;;4;;;966;1;1;1;1;1;1;;;+12527730;+4391166;0;1
497;7;969;P;1;10;;1433;2131;;4;;;966;1;1;1;1;1;1;;;+12529156;+4390667;0;1
497;7;1072;P;1;9;;1627;1414;;4;;;1071;1;1;1;1;1;1;;;+12520945;+4383336;0;1
497;7;1073;P;1;10;;1627;1395;;4;;;1071;1;1;1;1;1;1;;;+12520356;+4384110;0;1
497;7;653;P;1;10;;1398;1410;;4;;;650;1;1;1;1;1;1;;;+12522595;+4382712;0;1
497;7;652;P;1;10;;1398;1414;;4;;;650;1;1;1;1;1;1;;;+12522309;+4383857;0;1
497;7;651;P;1;11;;1398;1395;;4;;;650;1;1;1;1;1;1;;;+12521854;+4384484;0;1
497;7;1138;P;1;10;;1495;1937;;4;;;1137;1;1;1;1;1;1;;;+12530554;+4380597;0;1
497;7;1139;P;1;11;;1495;2024;;4;;;1137;1;1;1;1;1;1;;;+12530538;+4381426;0;1
497;7;1140;P;1;10;;1495;1438;;4;;;1137;1;1;1;1;1;1;;;+12531251;+4382438;0;1
497;7;1441;P;1;12;;1495;1488;;4;;;1137;1;1;1;1;1;1;;;+12531642;+4382981;0;1
497;7;1875;P;1;11;;2029;2028;;4;;;1874;1;1;1;1;1;1;;;+12527998;+4382670;0;1
497;7;1876;P;1;10;;2029;1427;;4;;;1874;1;1;1;1;1;1;;;+12529017;+4382708;0;1
497;7;1877;P;1;12;;2029;2030;;4;;;1874;1;1;1;1;1;1;;;+12530220;+4382726;0;1
497;7;552;P;1;10;;1941;1445;;4;;;551;1;1;1;1;1;1;;;+12533857;+4390828;0;1
497;7;553;P;1;6;;1941;1507;;4;;;551;1;1;1;1;1;1;;;+12533845;+4391612;0;1
497;7;554;P;1;10;;1941;1455;;4;;;551;1;1;1;1;1;1;;;+12533796;+4393112;0;1
497;7;555;P;1;10;;1941;1456;;4;;;551;1;1;1;1;1;1;;;+12533754;+4394294;0;1
497;7;556;P;1;7;;1941;1361;;4;;;551;1;1;1;1;1;1;;;+12533280;+4395218;0;1
497;7;1928;P;1;3;;1941;1876;;4;;;551;1;1;1;1;1;1;;;+12530953;+4398282;0;1
497;7;1940;P;1;12;;2041;2622;;4;;1939;;1;1;1;1;1;1;;;+12533861;+4390967;0;1
497;7;1941;P;1;10;;2041;1982;;4;;1939;;1;1;1;1;1;1;;;+12533845;+4391612;0;1
497;7;1942;P;1;12;;2041;2623;;4;;1939;;1;1;1;1;1;1;;;+12533839;+4391994;1921;1
497;7;1921;P;1;10;;2041;2042;;4;;1920;;1;1;1;1;1;1;;;+12533841;+4392049;1942;1
497;7;1922;P;1;10;;2041;2039;;4;;1920;;1;1;1;1;1;1;;;+12533826;+4392397;0;1
497;7;1923;P;1;10;;2041;1455;;4;;1920;;1;1;1;1;1;1;;;+12533796;+4393112;0;1
497;7;1924;P;1;10;;2041;1456;;4;;1920;;1;1;1;1;1;1;;;+12533754;+4394294;0;1
497;7;1925;P;1;12;;2041;1361;;4;;1920;;1;1;1;1;1;1;;;+12533280;+4395218;1991;1
497;7;1991;P;1;12;;2041;2694;;4;;1990;;1;1;1;1;1;1;;;+12533223;+4395248;1925;1
497;7;1992;P;1;12;;2041;2044;;4;;1990;;1;1;1;1;1;1;;;+12533019;+4396899;0;1
497;7;1993;P;1;12;;2041;1825;;4;;1990;;1;1;1;1;1;1;;;+12532203;+4397501;0;1
497;7;538;P;1;10;;1444;1438;;4;;;537;1;1;1;1;1;1;;;+12533774;+4381841;0;1
497;7;539;P;1;10;;1444;1429;;4;;;537;1;1;1;1;1;1;;;+12534029;+4383311;0;1
497;7;540;P;1;10;;1444;1446;;4;;;537;1;1;1;1;1;1;;;+12533836;+4384130;0;1
497;7;541;P;1;10;;1444;1428;;4;;;537;1;1;1;1;1;1;;;+12533901;+4385138;0;1
497;7;542;P;1;10;;1444;1439;;4;;;537;1;1;1;1;1;1;;;+12534557;+4386442;0;1
497;7;543;P;1;12;;1444;1447;;4;;;537;1;1;1;1;1;1;;;+12534825;+4387200;0;1
497;7;544;P;1;6;;1444;1448;;4;;;537;1;1;1;1;1;1;;;+12534821;+4387718;0;1
497;7;545;P;1;10;;1444;1449;;4;;;537;1;1;1;1;1;1;;;+12534939;+4388202;0;1
497;7;657;P;1;10;;1444;1668;;4;;;537;1;1;1;1;1;1;;;+12534942;+4388963;0;1
497;7;546;P;1;10;;1444;1450;;4;;;537;1;1;1;1;1;1;;;+12534622;+4389436;0;1
497;7;547;P;1;10;;1444;1451;;4;;;537;1;1;1;1;1;1;;;+12534259;+4389983;0;1
497;7;1514;P;1;10;;1444;1543;;4;;;537;1;1;1;1;1;1;;;+12534154;+4390134;0;1
497;7;549;P;1;12;;1444;1453;;4;;;537;1;1;1;1;1;1;;;+12533861;+4390609;0;1
497;7;550;P;1;10;;1444;1445;;4;;;537;1;1;1;1;1;1;;;+12533857;+4390828;0;1
497;7;1868;P;1;10;;1690;1448;;4;;;1418;1;1;1;1;1;1;;;+12534821;+4387718;0;1
497;7;1420;P;1;10;;1690;1449;;4;;;1418;1;1;1;1;1;1;;;+12534939;+4388202;0;1
497;7;1421;P;1;10;;1690;1668;;4;;;1418;1;1;1;1;1;1;;;+12534942;+4388963;0;1
497;7;1422;P;1;10;;1690;1450;;4;;;1418;1;1;1;1;1;1;;;+12534622;+4389436;0;1
497;7;1423;P;1;10;;1690;1656;;4;;;1418;1;1;1;1;1;1;;;+12534395;+4389780;0;1
497;7;1424;P;1;10;;1690;1451;;4;;;1418;1;1;1;1;1;1;;;+12534259;+4389983;0;1
497;7;1425;P;1;10;;1690;1543;;4;;;1418;1;1;1;1;1;1;;;+12534154;+4390134;0;1
497;7;1426;P;1;10;;1690;1452;;4;;;1418;1;1;1;1;1;1;;;+12533964;+4390366;0;1
497;7;1428;P;1;12;;1690;1453;;4;;;1418;1;1;1;1;1;1;;;+12533861;+4390609;0;1
497;7;1427;P;1;12;;1690;1611;;4;;;1418;1;1;1;1;1;1;;;+12533858;+4390720;0;1
497;7;757;P;1;9;;1702;1428;;4;;;756;1;1;1;1;1;1;;;+12528948;+4385079;0;1
497;7;758;P;1;10;;1702;1403;;4;;;756;1;1;1;1;1;1;;;+12529885;+4385729;0;1
497;7;759;P;1;9;;1702;1514;;4;;;756;1;1;1;1;1;1;;;+12530808;+4386409;0;1
497;7;1705;P;1;12;;1977;1439;;4;;;1704;1;1;1;1;1;1;;;+12540168;+4386513;0;1
497;7;1931;P;1;11;;1977;1677;;4;;;1704;1;1;1;1;1;1;;;+12540150;+4387161;0;1
497;7;1706;P;1;12;;1977;1976;;4;;;1704;1;1;1;1;1;1;;;+12540149;+4387507;0;1
497;7;1818;P;1;10;;2011;1354;;4;;;1817;1;1;1;1;1;1;;;+12528723;+4389388;0;1
497;7;1819;P;1;12;;2011;2010;;4;;;1817;1;1;1;1;1;1;;;+12529575;+4389161;0;1
497;7;1743;P;1;12;;1389;1988;;4;;;815;1;1;1;1;1;1;;;+12541646;+4384375;0;1
497;7;816;P;1;11;;1389;1527;;4;;;815;1;1;1;1;1;1;;;+12542323;+4384807;0;1
497;7;817;P;1;10;;1389;1428;;4;;;815;1;1;1;1;1;1;;;+12542310;+4385231;0;1
497;7;1150;P;1;10;;1389;1523;;4;;;815;1;1;1;1;1;1;;;+12542285;+4385852;0;1
497;7;818;P;1;10;;1389;1439;;4;;;815;1;1;1;1;1;1;;;+12542266;+4386533;0;1
497;7;1152;P;1;10;;1389;1677;;4;;;815;1;1;1;1;1;1;;;+12542266;+4387166;0;1
497;7;819;P;1;6;;1389;1449;;4;;;815;1;1;1;1;1;1;;;+12542269;+4388203;0;1
497;7;1232;P;1;11;;1389;1461;;4;;;815;1;1;1;1;1;1;;;+12542273;+4390449;0;1
497;7;1869;P;1;6;;1389;2025;;4;;;815;1;1;1;1;1;1;;;+12542400;+4392152;0;1
497;7;1999;P;1;6;;1389;2652;;4;;;815;1;1;1;1;1;1;;;+12542685;+4393352;0;1
497;7;1916;P;1;10;;2039;1425;;4;;;1915;1;1;1;1;1;1;;;+12531736;+4392736;0;1
497;7;1917;P;1;10;;2039;1555;;4;;;1915;1;1;1;1;1;1;;;+12532950;+4392377;0;1
497;7;1918;P;1;10;;2039;1941;;4;;;1915;1;1;1;1;1;1;;;+12533826;+4392397;0;1
497;7;1919;P;1;11;;2039;2040;;4;;;1915;1;1;1;1;1;1;;;+12534414;+4392408;0;1
497;7;1975;P;1;11;;2640;1992;;4;;;1974;1;1;1;1;1;1;;;+12521512;+4377254;0;1
497;7;1976;P;1;10;;2640;2641;;4;;;1974;1;1;1;1;1;1;;;+12524237;+4377237;0;1
497;7;1977;P;1;10;;2640;1994;;4;;;1974;1;1;1;1;1;1;;;+12526248;+4377242;0;1
497;7;1400;P;1;11;;2024;1495;;4;;;1399;1;1;1;1;1;1;;;+12530538;+4381426;0;1
497;7;1401;P;1;11;;2024;2002;;4;;;1399;1;1;1;1;1;1;;;+12531677;+4381229;0;1
497;7;1243;P;1;10;;1652;1499;;4;;;1242;1;1;1;1;1;1;;;+12530791;+4387546;0;1
497;7;1244;P;1;11;;1652;1647;;4;;;1242;1;1;1;1;1;1;;;+12531106;+4387559;0;1
497;7;1245;P;1;10;;1652;1500;;4;;;1242;1;1;1;1;1;1;;;+12531791;+4387566;0;1
497;7;1246;P;1;10;;1652;1417;;4;;;1242;1;1;1;1;1;1;;;+12532491;+4387574;0;1
497;7;1863;P;1;12;;2022;2023;;4;;;1862;1;1;1;1;1;1;;;+12521139;+4390431;0;1
497;7;1864;P;1;10;;2022;2531;;4;;;1862;1;1;1;1;1;1;;;+12522341;+4390481;0;1
497;7;1865;P;1;10;;2022;1351;;4;;;1862;1;1;1;1;1;1;;;+12524630;+4390229;0;1
497;7;1120;P;1;12;;1632;1401;;4;;;1119;1;1;1;1;1;1;;;+12525817;+4386063;0;1
497;7;1121;P;1;11;;1632;1626;;4;;;1119;1;1;1;1;1;1;;;+12526086;+4386196;0;1
497;7;1122;P;1;12;;1632;1415;;4;;;1119;1;1;1;1;1;1;;;+12527226;+4386343;0;1
497;7;1375;P;1;10;;1527;1386;;4;;;1374;1;1;1;1;1;1;;;+12540173;+4384784;0;1
497;7;1376;P;1;11;;1527;1388;;4;;;1374;1;1;1;1;1;1;;;+12541067;+4384797;0;1
497;7;1377;P;1;11;;1527;1389;;4;;;1374;1;1;1;1;1;1;;;+12542323;+4384807;0;1
497;7;1266;P;1;12;;1658;1657;;4;;;1265;1;1;1;1;1;1;;;+12534569;+4387829;0;1
497;7;1267;P;1;12;;1658;1660;;4;;;1265;1;1;1;1;1;1;;;+12534723;+4387775;0;1
497;7;1965;P;1;10;;2637;2638;;4;;;1964;1;1;1;1;1;1;;;+12520390;+4379550;0;1
497;7;1966;P;1;10;;2637;1937;;4;;;1964;1;1;1;1;1;1;;;+12522758;+4380675;0;1
497;7;1516;P;1;6;;1464;1481;;4;;;570;1;1;1;1;1;1;;;+12537628;+4390052;0;1
497;7;572;P;1;10;;1464;1466;;4;;;570;1;1;1;1;1;1;;;+12537622;+4390922;0;1
497;7;573;P;1;10;;1464;1467;;4;;;570;1;1;1;1;1;1;;;+12537600;+4391637;0;1
497;7;574;P;1;10;;1464;1386;;4;;;570;1;1;1;1;1;1;;;+12537697;+4393219;0;1
497;7;575;P;1;12;;1464;1465;;4;;;570;1;1;1;1;1;1;;;+12539195;+4393595;0;1
497;7;1254;P;1;10;;2244;1439;;4;;;1253;1;1;1;1;1;1;;;+12532876;+4386420;0;1
497;7;1255;P;1;12;;2244;1518;;4;;;1253;1;1;1;1;1;1;;;+12532870;+4386705;0;1
497;7;1256;P;1;10;;2244;1660;;4;;;1253;1;1;1;1;1;1;;;+12532859;+4387144;0;1
497;7;1257;P;1;10;;2244;1657;;4;;;1253;1;1;1;1;1;1;;;+12532849;+4387579;0;1
497;7;1258;P;1;10;;2244;1412;;4;;;1253;1;1;1;1;1;1;;;+12532849;+4387827;0;1
497;7;473;P;1;10;;1400;1395;;4;;;472;1;1;1;1;1;1;;;+12524768;+4385743;0;1
497;7;474;P;1;10;;1400;1421;;4;;;472;1;1;1;1;1;1;;;+12524361;+4386157;0;1
497;7;1610;P;1;11;;1956;2671;;4;;;1609;1;1;1;1;1;1;;;+12531571;+4390470;0;1
497;7;1611;P;1;9;;1956;1536;;4;;;1609;1;1;1;1;1;1;;;+12531830;+4390471;0;1
497;7;1612;P;1;10;;1956;1417;;4;;;1609;1;1;1;1;1;1;;;+12532436;+4390481;0;1
497;7;508;P;1;10;;1353;1352;;4;;;507;1;1;1;1;1;1;;;+12527135;+4386400;0;1
497;7;509;P;1;10;;1353;1395;;4;;;507;1;1;1;1;1;1;;;+12527196;+4386971;0;1
497;7;510;P;1;9;;1353;1403;;4;;;507;1;1;1;1;1;1;;;+12527171;+4387590;0;1
497;7;511;P;1;9;;1353;1404;;4;;;507;1;1;1;1;1;1;;;+12527153;+4388431;0;1
497;7;512;P;1;10;;1353;1348;;4;;;507;1;1;1;1;1;1;;;+12527144;+4388920;0;1
497;7;513;P;1;9;;1353;1402;;4;;;507;1;1;1;1;1;1;;;+12527629;+4390247;0;1
497;7;1827;P;1;10;;1942;2531;;4;;;1826;1;1;1;1;1;1;;;+12518223;+4385123;0;1
497;7;1828;P;1;10;;1942;1623;;4;;;1826;1;1;1;1;1;1;;;+12521520;+4385637;0;1
497;7;1829;P;1;10;;1942;1485;;4;;;1826;1;1;1;1;1;1;;;+12522372;+4385862;0;1
497;7;1830;P;1;10;;1942;1399;;4;;;1826;1;1;1;1;1;1;;;+12522766;+4385977;0;1
497;7;1831;P;1;12;;1942;1351;;4;;;1826;1;1;1;1;1;1;;;+12524277;+4386246;0;1
497;7;1872;P;1;12;;2028;1483;;4;;;1871;1;1;1;1;1;1;;;+12527919;+4383228;0;1
497;7;1873;P;1;11;;2028;2029;;4;;;1871;1;1;1;1;1;1;;;+12527998;+4382670;0;1
497;7;858;P;1;10;;1441;1402;;4;;;857;1;1;1;1;1;1;;;+12531886;+4388903;0;1
497;7;861;P;1;10;;1441;1663;;4;;;857;1;1;1;1;1;1;;;+12532000;+4389068;0;1
497;7;859;P;1;10;;1441;1417;;4;;;857;1;1;1;1;1;1;;;+12532465;+4389133;0;1
497;7;860;P;1;10;;1441;1501;;4;;;857;1;1;1;1;1;1;;;+12533439;+4389192;0;1
497;7;1379;P;1;10;;1678;1489;;4;;;1378;1;1;1;1;1;1;;;+12536505;+4384647;0;1
497;7;1380;P;1;10;;1678;1458;;4;;;1378;1;1;1;1;1;1;;;+12537717;+4384577;0;1
497;7;1381;P;1;10;;1678;1490;;4;;;1378;1;1;1;1;1;1;;;+12539031;+4384503;0;1
497;7;1382;P;1;10;;1678;1386;;4;;;1378;1;1;1;1;1;1;;;+12540311;+4384408;0;1
497;7;1383;P;1;11;;1678;1388;;4;;;1378;1;1;1;1;1;1;;;+12540896;+4384366;0;1
497;7;1742;P;1;12;;1678;1988;;4;;;1378;1;1;1;1;1;1;;;+12541646;+4384375;0;1
497;7;1615;P;1;10;;1957;1417;;4;;1614;;1;1;1;1;1;1;;;+12532436;+4390481;0;1
497;7;1616;P;1;10;;1957;1605;;4;;1614;;1;1;1;1;1;1;;;+12533007;+4390490;0;1
497;7;1617;P;1;9;;1957;1436;;4;;1614;;1;1;1;1;1;1;;;+12533284;+4390483;0;1
497;7;1618;P;1;12;;1957;1444;;4;;1614;;1;1;1;1;1;1;;;+12533853;+4390500;1620;1
497;7;1620;P;1;12;;1957;1954;;4;;1619;;1;1;1;1;1;1;;;+12533882;+4390499;1618;1
497;7;1621;P;1;11;;1957;1958;;4;;1619;;1;1;1;1;1;1;;;+12534154;+4390503;0;1
497;7;1971;P;1;11;;1992;2640;;4;;;1970;1;1;1;1;1;1;;;+12521512;+4377254;0;1
497;7;1972;P;1;11;;1992;1483;;4;;;1970;1;1;1;1;1;1;;;+12521409;+4378315;0;1
497;7;1973;P;1;11;;1992;2639;;4;;;1970;1;1;1;1;1;1;;;+12520990;+4378829;0;1
497;7;1601;P;1;12;;1951;1680;;4;;;1600;1;1;1;1;1;1;;;+12542953;+4379476;0;1
497;7;1602;P;1;12;;1951;1344;;4;;;1600;1;1;1;1;1;1;;;+12543915;+4379161;0;1
497;7;1821;P;1;10;;1422;1351;;4;;;1820;1;1;1;1;1;1;;;+12524088;+4387212;0;1
497;7;1822;P;1;10;;1422;1498;;4;;;1820;1;1;1;1;1;1;;;+12525511;+4387211;0;1
497;7;1051;P;1;10;;1943;1623;;4;;;1050;1;1;1;1;1;1;;;+12521238;+4386220;0;1
497;7;1052;P;1;10;;1943;1625;;4;;;1050;1;1;1;1;1;1;;;+12522501;+4386720;0;1
497;7;1053;P;1;10;;1943;1351;;4;;;1050;1;1;1;1;1;1;;;+12524088;+4387212;0;1
497;7;777;P;1;9;;1439;1514;;4;;;776;1;1;1;1;1;1;;;+12530808;+4386409;0;1
497;7;1444;P;1;12;;1439;1647;;4;;;776;1;1;1;1;1;1;;;+12531124;+4386400;0;1
497;7;778;P;1;10;;1439;1500;;4;;;776;1;1;1;1;1;1;;;+12531812;+4386402;0;1
497;7;779;P;1;10;;1439;1417;;4;;;776;1;1;1;1;1;1;;;+12532516;+4386416;0;1
497;7;780;P;1;10;;1439;2244;;4;;;776;1;1;1;1;1;1;;;+12532876;+4386420;0;1
497;7;781;P;1;10;;1439;1444;;4;;;776;1;1;1;1;1;1;;;+12534557;+4386442;0;1
497;7;782;P;1;10;;1439;1448;;4;;;776;1;1;1;1;1;1;;;+12535152;+4386447;0;1
497;7;783;P;1;10;;1439;1489;;4;;;776;1;1;1;1;1;1;;;+12536458;+4386465;0;1
497;7;784;P;1;10;;1439;1458;;4;;;776;1;1;1;1;1;1;;;+12537685;+4386479;0;1
497;7;785;P;1;10;;1439;1490;;4;;;776;1;1;1;1;1;1;;;+12538993;+4386494;0;1
497;7;786;P;1;10;;1439;1386;;4;;;776;1;1;1;1;1;1;;;+12539460;+4386504;0;1
497;7;787;P;1;10;;1439;1388;;4;;;776;1;1;1;1;1;1;;;+12541032;+4386520;0;1
497;7;788;P;1;10;;1439;1389;;4;;;776;1;1;1;1;1;1;;;+12542266;+4386533;0;1
