CID;TABCD;LCD;CLASS;TCD;STCD;ROADNUMBER;RNID;N1ID;N2ID;POL_LCD;PES_LEV
497;7;98;L;2;1;G0102;1887;;;4;
497;7;576;L;1;2;G102;2056;1698;1469;4;
497;7;1932;L;1;2;G102;2618;1386;2652;4;
497;7;1885;L;1;4;;1653;2653;1417;4;
497;7;251;L;7;0;;;1339;1887;4;
497;7;257;L;7;0;;;1339;1905;4;
497;7;253;L;7;0;;;1339;1901;4;
497;7;417;L;1;2;G302;1339;2655;1883;4;
497;7;1480;L;1;2;G302;1802;2658;1387;4;
497;7;1273;L;1;4;;1664;1417;1450;4;
497;7;450;L;1;3;;2131;1402;1825;4;
497;7;255;L;7;0;;;1749;1887;4;
497;7;249;L;7;0;;;1747;1887;4;
497;7;6051;L;1;1;G45;1272;1876;1275;5;
497;7;723;L;1;3;S101;2063;2652;1851;4;
497;7;239;L;7;0;;;1739;1905;4;
497;7;283;L;7;0;;;1742;1901;4;
497;7;822;L;1;4;X003;1449;1444;1876;4;
497;7;587;L;1;3;S104;1834;1804;1478;4;
497;7;590;L;1;3;S104;1478;1834;1344;4;
497;7;401;L;1;3;S105;1348;2660;1350;4;
497;7;408;L;1;3;S106;1337;1355;1356;4;
497;7;265;L;7;0;;;1761;1901;4;
497;7;267;L;7;0;;;1763;1905;4;
497;7;760;L;1;4;;1499;1439;1412;4;
497;7;60;L;1;1;S26;2646;1333;1417;4;
497;7;463;L;1;4;;1350;1412;1402;4;
497;7;1078;L;1;4;;1623;1395;2619;4;
497;7;1159;L;1;4;;1601;1402;1603;4;
497;7;1672;L;1;4;;1970;1439;1412;4;
497;7;1224;L;1;4;;1538;1416;1501;4;
497;7;874;L;1;4;;1541;1417;1501;4;
497;7;826;L;1;4;;1459;1489;1429;4;
497;7;485;L;1;3;;1361;2662;1464;4;
497;7;845;L;1;4;;1443;1535;1536;4;
497;7;1429;L;1;4;;1826;1361;1825;4;
497;7;994;L;1;4;;1554;1587;1507;4;
497;7;1719;L;1;4;;1981;1980;1982;4;
497;7;1557;L;1;3;;1825;1356;2056;4;
497;7;1091;L;1;4;;1399;1414;1943;4;
497;7;1994;L;1;4;;2686;1398;1617;4;
497;7;1583;L;1;4;;1944;1945;1344;4;
497;7;1384;L;1;4;;1679;1478;1344;4;
497;7;669;L;1;4;;1497;1478;1344;4;
497;7;1776;L;1;4;;2003;1438;2004;4;
497;7;557;L;1;4;;1457;1948;1429;4;
497;7;1787;L;1;4;;2004;1438;1429;4;
497;7;1891;L;1;4;;2032;2033;1402;4;
497;7;412;L;1;3;;1356;1337;1351;4;
497;7;1169;L;1;4;;1552;1436;1444;4;
497;7;706;L;1;4;;1450;1440;1672;4;
497;7;243;L;7;0;;;1887;1339;4;
497;7;247;L;7;0;;;1887;1749;4;
497;7;245;L;7;0;;;1887;1747;4;
497;7;271;L;7;0;;;1887;1618;4;
497;7;229;L;7;0;;;1887;1344;4;
497;7;231;L;7;0;;;1887;1718;4;
497;7;234;L;7;0;;;1887;1735;4;
497;7;259;L;7;0;;;1905;1339;4;
497;7;233;L;7;0;;;1905;2063;4;
497;7;263;L;7;0;;;1905;1337;4;
497;7;269;L;7;0;;;1905;1618;4;
497;7;236;L;7;0;;;1905;1344;4;
497;7;241;L;7;0;;;1901;1339;4;
497;7;281;L;7;0;;;1901;2063;4;
497;7;261;L;7;0;;;1901;1337;4;
497;7;273;L;7;0;;;1901;1618;4;
497;7;227;L;7;0;;;1901;1344;4;
497;7;944;L;1;4;;1453;1436;1953;4;
497;7;1065;L;1;4;;1414;2056;1410;4;
497;7;1316;L;1;4;;1543;1444;1672;4;
497;7;1695;L;1;4;;2683;1455;1464;4;
497;7;929;L;1;4;;1455;1425;2683;4;
497;7;1791;L;1;3;;1937;1414;1417;4;
497;7;1765;L;1;4;;1994;1995;1937;4;
497;7;1978;L;1;4;;2641;2640;1483;4;
497;7;1809;L;1;4;;2008;2131;2010;4;
497;7;1054;L;1;4;;1421;1623;1353;4;
497;7;501;L;1;4;;1352;2665;1402;4;
497;7;1074;L;1;4;;1411;1937;1410;4;
497;7;840;L;1;4;;1501;1444;1535;4;
497;7;1309;L;1;4;;1506;1412;1535;4;
497;7;275;L;7;0;;;1618;1887;4;
497;7;277;L;7;0;;;1618;1905;4;
497;7;279;L;7;0;;;1618;1901;4;
497;7;1029;L;1;4;;1618;1584;2666;4;
497;7;1111;L;1;4;;1486;1483;1410;4;
497;7;1016;L;1;4;;1612;1611;1552;4;
497;7;1238;L;1;4;;1651;1650;1417;4;
497;7;1326;L;1;4;;1672;1461;1675;4;
497;7;1688;L;1;4;;1972;1506;1444;4;
497;7;1286;L;1;4;;1605;1535;1552;4;
497;7;953;L;1;4;;1395;1618;1353;4;
497;7;601;L;1;3;;1386;1388;1464;4;
497;7;1333;L;1;4;;1615;1676;1980;4;
497;7;1329;L;1;4;;1675;1481;1676;4;
497;7;835;L;1;4;;1448;2668;1444;4;
497;7;832;L;1;4;;1533;1429;1428;4;
497;7;1209;L;1;4;;1650;1503;1412;4;
497;7;1013;L;1;4;;1953;1958;1611;4;
497;7;921;L;1;3;;1467;1982;2618;4;
497;7;1302;L;1;4;;1668;1506;1669;4;
497;7;1626;L;1;4;;1960;1506;1543;4;
497;7;1603;L;1;4;;1955;1535;1552;4;
497;7;565;L;1;3;;1462;1439;1481;4;
497;7;1643;L;1;4;;1964;1506;1444;4;
497;7;1234;L;1;4;;1656;1506;1543;4;
497;7;1344;L;1;4;;1671;1669;1952;4;
497;7;1691;L;1;4;;2667;1444;1669;4;
497;7;1039;L;1;4;;1451;1506;1543;4;
497;7;1355;L;1;4;;1526;1814;1386;4;
497;7;1900;L;1;4;;2034;1650;1417;4;
497;7;1100;L;1;4;;1446;1485;1489;4;
497;7;1088;L;1;4;;1871;1937;1413;4;
497;7;1592;L;1;4;;1945;1457;1497;4;
497;7;1083;L;1;4;;1485;1413;1942;4;
497;7;973;L;1;4;;1418;1416;1601;4;
497;7;1387;L;1;4;;1477;1457;1344;4;
497;7;1188;L;1;4;;1646;1518;1637;4;
497;7;1047;L;1;4;;1620;1618;1623;4;
497;7;764;L;1;4;;1514;1410;1428;4;
497;7;1707;L;1;4;;1978;1489;1386;4;
497;7;870;L;1;4;;1452;1444;1539;4;
497;7;728;L;1;4;;1482;1937;1486;4;
497;7;1268;L;1;4;;1661;1662;1417;4;
497;7;616;L;1;3;;1483;1992;1427;4;
497;7;770;L;1;4;;1518;1514;2244;4;
497;7;2005;L;1;4;;2693;1825;2692;4;
497;7;1173;L;1;4;;1536;2671;1436;4;
497;7;997;L;1;4;;1608;1416;1417;4;
497;7;1701;L;1;4;;1976;1386;1388;4;
497;7;1132;L;1;4;;1498;1626;1402;4;
497;7;1755;L;1;4;;1990;1991;1526;4;
497;7;1967;L;1;4;;2638;2639;2637;4;
497;7;1022;L;1;4;;1466;2672;1386;4;
497;7;1983;L;1;4;;1445;1436;1612;4;
497;7;1854;L;1;4;;2018;1404;1354;4;
497;7;742;L;1;4;;1431;1492;1512;4;
497;7;1143;L;1;4;;2669;1446;1428;4;
497;7;734;L;1;4;;1430;1486;1427;4;
497;7;750;L;1;4;;1403;1353;1702;4;
497;7;1178;L;1;4;;1644;1514;1512;4;
497;7;905;L;1;4;;1435;1423;2131;4;
497;7;1002;L;1;4;;1611;1417;1612;4;
497;7;83;L;1;1;;1880;1941;2636;4;
497;7;6060;L;1;1;;1289;2633;1272;5;
497;7;1116;L;1;4;;1492;1428;1431;4;
497;7;805;L;1;4;;1490;1429;1439;4;
497;7;713;L;1;4;;1481;1952;1386;4;
497;7;1544;L;1;4;;1952;1450;1481;4;
497;7;1653;L;1;4;;1966;1499;1417;4;
497;7;521;L;1;4;;1423;1435;1361;4;
497;7;514;L;1;4;;1432;1402;1433;4;
497;7;1567;L;1;4;;1434;1433;1435;4;
497;7;1678;L;1;4;;1520;1439;1412;4;
497;7;1147;L;1;4;;1637;1514;1601;4;
497;7;679;L;1;4;;1412;1837;1444;4;
497;7;1409;L;1;4;;1689;1637;1440;4;
497;7;1736;L;1;4;;1986;2674;1987;4;
497;7;1832;L;1;4;;2015;1623;1353;4;
497;7;1762;L;1;4;;1993;1483;1994;4;
497;7;1277;L;1;4;;1662;1650;1417;4;
497;7;1857;L;1;4;;2020;2021;1353;4;
497;7;51;L;1;1;;2616;1698;1366;4;
497;7;12051;L;1;1;;1295;1263;1698;6;
497;7;6056;L;1;1;;1293;1366;2056;5;
497;7;672;L;1;4;;1404;1351;1410;4;
497;7;1040;L;1;4;;1584;2531;1348;4;
497;7;219;L;7;0;;;1344;1887;4;
497;7;225;L;7;0;;;1344;1905;4;
497;7;221;L;7;0;;;1344;1901;4;
497;7;594;L;1;3;;1344;1568;1388;4;
497;7;217;L;7;0;;;1718;1887;4;
497;7;223;L;7;0;;;1735;1887;4;
497;7;940;L;1;4;;1555;1507;1361;4;
497;7;1395;L;1;4;;1680;1681;1344;4;
497;7;456;L;1;4;;1410;1805;1412;4;
497;7;717;L;1;4;;1425;1419;1361;4;
497;7;1219;L;1;4;;1503;1650;1653;4;
497;7;495;L;1;3;;1415;1428;1632;4;
497;7;1123;L;1;4;;1626;1632;1498;4;
497;7;811;L;1;4;;1502;1439;1526;4;
497;7;1664;L;1;4;;1967;1412;1968;4;
497;7;467;L;1;4;;1416;1402;1417;4;
497;7;789;L;1;4;;1489;1438;1521;4;
497;7;1358;L;1;4;;1463;1489;1386;4;
497;7;1438;L;1;4;;1682;1680;1344;4;
497;7;1391;L;1;4;;1681;1478;1680;4;
497;7;926;L;1;4;;1558;2131;1425;4;
497;7;1713;L;1;4;;1979;1439;2037;4;
497;7;702;L;1;4;;1440;1450;1412;4;
497;7;1668;L;1;4;;1969;1968;1417;4;
497;7;1646;L;1;4;;1965;1439;1412;4;
497;7;1894;L;1;4;;2033;1350;1649;4;
497;7;632;L;1;4;;1428;1410;1389;4;
497;7;1904;L;1;4;;2035;1446;1428;4;
497;7;662;L;1;3;;1438;1495;1478;4;
497;7;885;L;1;4;;1544;1443;1444;4;
497;7;610;L;1;3;;1805;1417;1429;4;
497;7;977;L;1;4;;1603;1601;1443;4;
497;7;1773;L;1;4;;2001;1558;1361;4;
497;7;1770;L;1;4;;2000;2131;1558;4;
497;7;1259;L;1;4;;1660;1417;1501;4;
497;7;1293;L;1;4;;1659;1660;1440;4;
497;7;1283;L;1;4;;1666;1440;1501;4;
497;7;1367;L;1;4;;1523;1489;1389;4;
497;7;443;L;1;3;;1354;1353;1402;4;
497;7;490;L;1;4;;1427;1818;1428;4;
497;7;1954;L;1;4;;2627;1818;2628;4;
497;7;981;L;1;4;;1604;1417;1548;4;
497;7;1793;L;1;4;;1836;1434;1553;4;
497;7;1851;L;1;4;;2019;1402;1433;4;
497;7;1805;L;1;4;;1553;2007;1507;4;
497;7;1156;L;1;4;;1602;1601;1418;4;
497;7;970;L;1;4;;1407;2131;1416;4;
497;7;963;L;1;4;;1600;1402;1351;4;
497;7;1182;L;1;4;;1517;1512;1417;4;
497;7;1907;L;1;4;;2036;1450;1443;4;
497;7;524;L;1;4;;1417;1893;1436;4;
497;7;1445;L;1;4;;1705;1805;1443;4;
497;7;1348;L;1;4;;1524;1671;1386;4;
497;7;882;L;1;4;;1540;1543;1452;4;
497;7;866;L;1;4;;1535;1501;1444;4;
497;7;1847;L;1;4;;2017;2018;1402;4;
497;7;893;L;1;4;;1436;1417;1535;4;
497;7;1779;L;1;4;;1522;2004;1457;4;
497;7;737;L;1;4;;1388;1344;1449;4;
497;7;1866;L;1;4;;2012;2002;1417;4;
497;7;1432;L;1;4;;2002;2024;1438;4;
497;7;1659;L;1;4;;1962;1417;1520;4;
497;7;1634;L;1;4;;1504;1660;1440;4;
497;7;1128;L;1;4;;1633;1351;1626;4;
497;7;1552;L;1;4;;1461;1543;1824;4;
497;7;911;L;1;3;;1507;2131;1941;4;
497;7;1306;L;1;4;;1670;1669;1671;4;
497;7;1061;L;1;4;;1347;1618;1627;4;
497;7;988;L;1;4;;1587;1606;2014;4;
497;7;1929;L;1;3;;1982;1941;1556;4;
497;7;1723;L;1;4;;1606;1587;1981;4;
497;7;1797;L;1;4;;2007;1402;1606;4;
497;7;801;L;1;4;;1525;2676;1481;4;
497;7;1026;L;1;4;;1617;1398;1584;4;
497;7;1247;L;1;4;;1657;1417;1658;4;
497;7;1096;L;1;4;;1625;1943;1348;4;
497;7;850;L;1;4;;1500;1514;1402;4;
497;7;1193;L;1;4;;1512;1517;1648;4;
497;7;1440;L;1;4;;1488;1495;1446;4;
497;7;1878;L;1;4;;2030;1413;1429;4;
497;7;622;L;1;3;;1429;1427;1478;4;
497;7;1943;L;1;4;;2624;2678;1344;4;
497;7;654;L;1;3;;1413;1410;1495;4;
497;7;1744;L;1;4;;1988;1678;1989;4;
497;7;984;L;1;4;;1548;1604;1436;4;
497;7;1363;L;1;4;;1677;1977;2038;4;
497;7;693;L;1;4;;1402;1351;1417;4;
497;7;1199;L;1;4;;1639;1350;1649;4;
497;7;1683;L;1;4;;1971;1440;1506;4;
497;7;687;L;1;4;;1419;1536;1416;4;
497;7;1823;L;1;3;;1397;1414;1395;4;
497;7;476;L;1;3;;1351;1421;1409;4;
497;7;1204;L;1;4;;1649;1412;1503;4;
497;7;1298;L;1;4;;1667;1440;1506;4;
497;7;1623;L;1;4;;1959;1441;1506;4;
497;7;1162;L;1;4;;2671;1603;1416;4;
497;7;1639;L;1;4;;1963;1504;1506;4;
497;7;1035;L;1;3;;2531;1395;1356;4;
497;7;1230;L;1;4;;1654;1501;1506;4;
497;7;877;L;1;4;;1599;1501;1506;4;
497;7;1882;L;1;4;;2031;1418;1601;4;
497;7;560;L;1;3;;1458;1429;1439;4;
497;7;1280;L;1;4;;1665;1417;1440;4;
497;7;1783;L;1;4;;2005;2679;2006;4;
497;7;1812;L;1;4;;2010;1348;2008;4;
497;7;1322;L;1;4;;1539;1450;1452;4;
497;7;1733;L;1;4;;1985;1429;1459;4;
497;7;1435;L;1;3;;1456;1941;2016;4;
497;7;862;L;1;4;;1442;1538;1501;4;
497;7;1213;L;1;4;;1647;1439;1412;4;
497;7;959;L;1;4;;1409;1351;2131;4;
497;7;966;L;1;4;;1433;1600;2131;4;
497;7;1071;L;1;4;;1627;1414;1395;4;
497;7;650;L;1;3;;1398;1410;1395;4;
497;7;1137;L;1;4;;1495;1937;1488;4;
497;7;1874;L;1;4;;2029;2028;2030;4;
497;7;551;L;1;3;;1941;1445;1876;4;
497;7;1938;L;1;4;;2041;2622;1825;4;
497;7;537;L;1;3;;1444;1438;1445;4;
497;7;1418;L;1;4;;1690;1448;1611;4;
497;7;756;L;1;4;;1702;1428;1514;4;
497;7;1704;L;1;4;;1977;1439;1976;4;
497;7;1817;L;1;4;;2011;1354;2010;4;
497;7;815;L;1;4;;1389;1988;2652;4;
497;7;1915;L;1;4;;2039;1425;2040;4;
497;7;1974;L;1;4;;2640;1992;1994;4;
497;7;1399;L;1;4;;2024;1495;2002;4;
497;7;1242;L;1;4;;1652;1499;1417;4;
497;7;1862;L;1;4;;2022;2023;1351;4;
497;7;1119;L;1;4;;1632;1401;1415;4;
497;7;1374;L;1;4;;1527;1386;1389;4;
497;7;1265;L;1;4;;1658;1657;1660;4;
497;7;1964;L;1;4;;2637;2638;1937;4;
497;7;570;L;1;4;;1464;1481;1465;4;
497;7;1253;L;1;4;;2244;1439;1412;4;
497;7;472;L;1;4;;1400;1395;1421;4;
497;7;1609;L;1;4;;1956;2671;1417;4;
497;7;507;L;1;4;;1353;1352;1402;4;
497;7;1826;L;1;4;;1942;2531;1351;4;
497;7;1871;L;1;4;;2028;1483;2029;4;
497;7;857;L;1;4;;1441;1402;1501;4;
497;7;1378;L;1;4;;1678;1489;1988;4;
497;7;1613;L;1;4;;1957;1417;1958;4;
497;7;1970;L;1;4;;1992;2640;2639;4;
497;7;1600;L;1;4;;1951;1680;1344;4;
497;7;1820;L;1;4;;1422;1351;1498;4;
497;7;1050;L;1;4;;1943;1623;1351;4;
497;7;776;L;1;4;;1439;1514;1389;4;
