CID;LID;NID;NAME;NCOMMENT
500;1;23212400;亚洲;
500;1;23212401;中国;
500;1;23212402;浙江省;
500;1;19478381;湖州市;
500;1;22946171;嘉兴市;
500;1;15143380;金华市;
500;1;20009639;丽水市;
500;1;11273860;宁波市;
500;1;19478424;衢州市;
500;1;6607917;绍兴市;
500;1;4738757;台州市;
500;1;933871;温州市;
500;1;9608153;０３１乡道;
500;1;6671779;湖安路;
500;1;6671967;绸缎路;
500;1;6671803;稽山路;
500;1;16275021;北二环路;
500;1;15274021;二环西路;
500;1;15541005;长深高速公路;
500;1;15143055;六头塔村;
500;1;15142806;北山路;
500;1;15142947;骆家塘街;
500;1;15142990;师大街;
500;1;15142985;迎宾大道;
500;1;15142986;芙峰街;
500;1;15142987;金带街;
500;1;15142812;赤松路;
500;1;15143007;康济街;
500;1;14409205;二环东路;
500;1;8741037;二环北路;
500;1;6671815;霞西路;
500;1;9339519;云东路;
500;1;6938903;灵芝路;
500;1;6672046;车站北路;
500;1;6671874;解放大道;
500;1;8270318;中兴北路;
500;1;6671883;迪荡湖路;
500;1;6671792;越东路;
500;1;13872419;Ｇ３３０;
500;1;15143005;金瓯路;
500;1;15142974;光南路;
500;1;15142973;李渔东路;
500;1;4738495;二环东路;
500;1;4738446;印山路;
500;1;3937348;Ｇ１０４;
500;1;4738499;九峰路;
500;1;4738500;东官河路;
500;1;6405403;Ｓ３２５;
500;1;15142924;二环南路;
500;1;16275022;十八里立交;
500;1;15208012;八达中路;
500;1;15143045;孟龙线;
500;1;15142919;东湄街;
500;1;15142918;东阳街;
500;1;15142916;八一南街;
500;1;15142914;双龙南街;
500;1;15541077;合山头村;
500;1;15143050;金星南街;
500;1;15143051;姜新线;
500;1;1067072;高新大道;
500;1;1067077;通海路;
500;1;1000543;永宁西路;
500;1;1067069;永定路;
500;1;1000421;茅永线;
500;1;4738633;工人路;
500;1;4738518;轮渡路;
500;1;4333579;解放北路;
500;1;4738513;西商城路;
500;1;17875201;经一路;
500;1;17875368;下新屋;
500;1;17875266;纬一路;
500;1;4802889;经一路;
500;1;4803056;下新屋;
500;1;17810771;开发大道;
500;1;4738592;纬五路;
500;1;4738459;开发大道;
500;1;23479812;保安服务管理中心;
500;1;4335396;纬四路;
500;1;4738460;东海大道;
500;1;4802953;纬二路;
500;1;4802954;纬一路;
500;1;998982;牛山北路;
500;1;998995;温州大道;
500;1;999013;划龙桥路;
500;1;1000472;里垟路;
500;1;6671824;轻纺城大道;
500;1;6671825;余渚路;
500;1;6671814;百舸路;
500;1;6671802;小佐路;
500;1;6671804;柯华路;
500;1;6938843;柯夏线;
500;1;7941231;育才路;
500;1;6607900;金柯桥大道;
500;1;8272326;湖东路;
500;1;11272597;人民路;
500;1;12873414;中山东路（江厦街）;
500;1;11877688;环城北路;
500;1;11272777;车站路;
500;1;11272595;新马路;
500;1;11274688;大庆北路;
500;1;4738435;新安南街;
500;1;4802856;泰隆街;
500;1;4738711;邮电路;
500;1;5400638;机场路;
500;1;4802892;下里桥西路;
500;1;4802945;卖芝桥西路;
500;1;6671813;杨绍线;
500;1;6671767;Ｓ３１;
500;1;6671833;西江路;
500;1;8069957;解放南路;
500;1;8270158;中兴南路;
500;1;6671834;会稽路;
500;1;6671836;曹江路;
500;1;6671884;舜江路;
500;1;6671943;浣江路;
500;1;6672089;涂山东路;
500;1;8674936;人民东路;
500;1;5472214;二环南路;
500;1;4738354;方山路;
500;1;15142933;环城北路;
500;1;15143354;石墙脚村;
500;1;15142814;丹光东路;
500;1;15143064;玉泉东路;
500;1;15144094;沪昆高速公路;
500;1;8675010;环城东路;
500;1;9608143;天成桥;
500;1;4803301;振兴北路;
500;1;4803318;振兴中路;
500;1;4802938;鸿州大道;
500;1;1000414;Ｇ１０４（旧）;
500;1;734629;Ｇ１０４;
500;1;1000582;长岙村;
500;1;1000551;罗浮大街;
500;1;1067086;楠溪江大桥;
500;1;6672076;Ｇ１０４绍兴段;
500;1;6671784;钱陶线;
500;1;9608145;东关互通;
500;1;6671787;钱安线;
500;1;6671781;群贤西路;
500;1;6671788;万绣路;
500;1;6671806;镜水路;
500;1;6671807;尹大线;
500;1;8008140;迎宾路;
500;1;6671817;独树路;
500;1;6671818;皋马线;
500;1;6671819;银桥路;
500;1;9608144;樊拈线;
500;1;6671821;新桥路;
500;1;6671782;钱陶公路;
500;1;6672106;济生桥;
500;1;4803268;Ｇ１０４台州段;
500;1;4738989;北院大道;
500;1;4803264;马上线;
500;1;4738452;新宅村;
500;1;4738347;大桥路;
500;1;4802831;高桥;
500;1;4738352;东迎宾大道;
500;1;4738432;长虹西路;
500;1;4802832;白剑线;
500;1;4738391;灵山街;
500;1;4802866;财富大道;
500;1;4738444;桐东线;
500;1;4738641;十路线;
500;1;1000282;Ｇ１０４温州段;
500;1;1066883;沈海高速公路;
500;1;3202711;交通东路;
500;1;3202709;花园浃路;
500;1;1000410;下沈公路;
500;1;3202718;康华路;
500;1;998988;鹿城路;
500;1;1067044;温丽高速公路;
500;1;998990;Ｇ３３０;
500;1;999080;Ｓ４９;
500;1;1066989;温州绕城高速公路;
500;1;1000412;园区大道;
500;1;1067046;瓯北大道;
500;1;1000411;东瓯大道;
500;1;1000581;塘头村;
500;1;1067080;奥康大道;
500;1;3202710;白鹭屿立交桥;
500;1;22946044;杭州湾跨海大桥;
500;1;23479765;海盐枢纽;
500;1;23210846;杭州湾环线高速公路;
500;1;22946151;Ｓ０７;
500;1;22946169;南湖服务区;
500;1;23479767;沈海高速公路嘉兴段;
500;1;22946046;北岸服务区;
500;1;23210845;金山服务区;
500;1;23479759;嘉兴港区互通;
500;1;23479766;乍浦互通;
500;1;22946165;独广线;
500;1;22946166;平湖服务区;
500;1;23210844;新仓连接线;
500;1;11274348;宁波绕城高速公路;
500;1;11742377;宁波绕城高速公路北段;
500;1;11272527;骆观线;
500;1;11274333;北环东路;
500;1;12873335;长邱线;
500;1;11742356;望海北路;
500;1;11343067;甬舟高速公路;
500;1;11742378;宁波绕城高速公路东段;
500;1;11742311;东环南路;
500;1;12873336;甬小线;
500;1;11272798;通途公路;
500;1;12873333;甬台温高速公路;
500;1;11742379;宁波绕城高速公路南段;
500;1;11272628;甬金高速公路;
500;1;23479825;甬台温复线高速;
500;1;10675067;沈海高速公路;
500;1;11343041;高顾线;
500;1;11742380;宁波绕城高速公路西段;
500;1;12873337;横小线;
500;1;11473306;杭甬高速公路;
500;1;11343022;江北连接线;
500;1;6405398;常台高速公路;
500;1;4269602;沈海高速公路;
500;1;4536156;太下线;
500;1;4803034;Ｓ６０;
500;1;4803035;天台服务区;
500;1;4803039;天台山西路;
500;1;9608169;兰亭出口;
500;1;8674930;二环南路;
500;1;6671844;下白线;
500;1;18942607;长深高速公路;
500;1;19540176;创业大道;
500;1;19676619;缙云收费站;
500;1;20009641;Ｓ５３;
500;1;20009642;龙泉安仁收费站;
500;1;20009643;仙宫大道;
500;1;20009644;云和服务区;
500;1;20009645;石塘收费站;
500;1;19478437;龙丽高速公路;
500;1;20009646;碧湖收费站;
500;1;20009647;莲都停车区;
500;1;19941651;金丽温高速公路;
500;1;20009705;绿谷大道;
500;1;20009649;丽水服务区;
500;1;20009650;洪渡收费站;
500;1;16275017;缙云收费站;
500;1;15143830;台金高速公路;
500;1;15143843;五金大道;
500;1;15143845;武义服务区;
500;1;15207985;西田畈收费站;
500;1;14409169;开发大道;
500;1;22946143;杭州绕城公路;
500;1;23479760;杭州湾环线北线;
500;1;22280389;沪昆高速公路;
500;1;23479768;Ｓ１０１;
500;1;6539687;朝阳路;
500;1;6671902;镜湖路;
500;1;6671831;城南大道;
500;1;8674943;环城南路;
500;1;6671869;和畅堂;
500;1;22279232;环城南路;
500;1;22279299;环城东路;
500;1;23010091;城南路;
500;1;23010114;建国南路;
500;1;23010150;紫阳街;
500;1;23010112;禾兴南路;
500;1;15142937;环城南路;
500;1;15143004;环城东路;
500;1;15142955;婺州街;
500;1;15207884;近杨线;
500;1;15142917;义乌街;
500;1;15142915;兰溪街;
500;1;15142956;永康街;
500;1;11877692;环城南路;
500;1;12607148;环城西路;
500;1;11272648;粮丰街;
500;1;11272649;鄞奉路;
500;1;11272470;宁南北路;
500;1;11272535;世纪大道;
500;1;11272536;盛莫路;
500;1;5472227;环城南路;
500;1;6201683;环城西路;
500;1;4738523;劳动南路;
500;1;4803022;天长南路;
500;1;23010028;三环北路;
500;1;23010035;三环西路;
500;1;23010031;城东路;
500;1;23010032;禾平街;
500;1;23010033;禾兴北路;
500;1;23010034;昌盛东路;
500;1;23010036;嘉杭路;
500;1;23010100;广穹路;
500;1;23479783;嘉桐线;
500;1;23010039;文昌路;
500;1;21674196;中山西路;
500;1;23010141;东升西路;
500;1;23479829;湘家荡大道;
500;1;22145827;Ｇ３２０;
500;1;23479784;星桥路;
500;1;23010222;洪三线;
500;1;23010022;Ｇ３２０嘉兴段;
500;1;23010237;宏苑路（濮院大道）;
500;1;23210854;兴善大道;
500;1;23010239;泰旗路（嘉洪大道）;
500;1;23010105;万国路;
500;1;23479779;常台高速公路;
500;1;4738464;中心大道;
500;1;5603311;二环西路;
500;1;4802921;天长北路;
500;1;4738493;黄椒路;
500;1;4738494;桔乡大道;
500;1;4738468;上椒线;
500;1;4803069;高坎村;
500;1;4803283;台州大道;
500;1;4738463;广场西路;
500;1;11274337;宁穿路;
500;1;12477431;曙光路;
500;1;11274410;姚隘路九一三弄;
500;1;11274409;甬港北路;
500;1;11272562;中兴路;
500;1;11272563;桑田路;
500;1;11272564;福明路;
500;1;11272787;姚隘路;
500;1;11272578;兴宁路;
500;1;11272417;百丈东路;
500;1;11274385;Ｇ３２９宁波段;
500;1;11274281;五五线;
500;1;12873364;舟山轮渡;
500;1;12873425;慈海北路;
500;1;11343100;固北中路（镇北路）;
500;1;11274387;兴业南路;
500;1;11274388;西二环北路;
500;1;11343101;新城大道北路（慈甬路）;
500;1;11343102;寺马线（慈甬路）;
500;1;12873360;罗鸣线（三北西路）;
500;1;12873392;沈海高速公路（三北东路）;
500;1;11343105;中横线（慈龙西路）;
500;1;12873361;炼蟹路;
500;1;11742362;兴建西路;
500;1;12873427;宝同路;
500;1;11272537;宝瞻线;
500;1;11742305;富春江南路;
500;1;11272791;新大路;
500;1;11742275;太河路至春晓公路;
500;1;11742276;Ｓ３２０;
500;1;11742277;３２９线连接线;
500;1;11742278;第二通道;
500;1;11272543;沿海中线;
500;1;15207965;灵马线;
500;1;15541070;石塘街村;
500;1;15207919;广兴路;
500;1;15207872;龙乾南街;
500;1;15142967;宾虹西路;
500;1;15207873;金江南街;
500;1;15207918;华龙南街;
500;1;15207882;紫金南街;
500;1;15142908;白汤下线;
500;1;15207967;沙溪;
500;1;15142909;金衢路;
500;1;15142910;八达路;
500;1;15142911;金星北街;
500;1;15142912;仙华北街;
500;1;15207968;马鞍山村;
500;1;15142913;金帆街;
500;1;15541090;Ｇ３３０至宾虹西路;
500;1;23479769;临平互通（杭浦高速公路）;
500;1;23479770;胡家兜互通;
500;1;23479771;盐官互通;
500;1;22946240;海宁服务区;
500;1;23479772;海宁互通;
500;1;23479773;南北湖互通;
500;1;22946163;嘉盐线;
500;1;22946161;乍嘉苏高速公路;
500;1;23479774;嘉兴枢纽;
500;1;23479761;Ｘ１１９;
500;1;11742292;东环北路;
500;1;12873339;东东线;
500;1;23010021;Ｓ０１;
500;1;23010210;杭州绕城公路Ｓ０１入口匝道;
500;1;23010212;杭州绕城公路东侧;
500;1;23010226;杭州绕城公路东侧Ｓ０１入口匝道;
500;1;23010202;杭州绕城公路西侧;
500;1;23010211;杭州绕城公路西侧Ｓ０１入口匝道;
500;1;11210889;迎宾路;
500;1;11343093;进港中路;
500;1;11343095;北沦港;
500;1;12873329;创业大道;
500;1;11272363;宁波大碶疏港公路;
500;1;11272743;北极星路;
500;1;12608181;创业路;
500;1;8674934;中山路;
500;1;7140064;Ｇ１０４;
500;1;6672008;临江路;
500;1;6671816;湖山北路;
500;1;23010207;Ｓ０１北侧;
500;1;23010209;杭州绕城公路Ｓ０１北侧入口匝道;
500;1;23010205;Ｓ０１南侧;
500;1;23010215;杭州绕城公路Ｓ０１南侧入口匝道;
500;1;999107;西城路;
500;1;999032;望江西路;
500;1;23010235;Ｙ２０７;
500;1;23010054;余步线;
500;1;23010236;Ｃ４０９;
500;1;23010047;城北路;
500;1;23479788;城北桥;
500;1;23479789;三环西路（Ｓ０７）;
500;1;23010048;东升东路;
500;1;23010175;新生路;
500;1;23010049;三元路;
500;1;23010050;中环北路;
500;1;23010051;昌盛北路;
500;1;23010052;云海路;
500;1;23010041;广益路;
500;1;23010067;中环南路;
500;1;23010058;嘉善大道;
500;1;23010080;景宜路;
500;1;23010164;双溪路;
500;1;22943808;云东路;
500;1;23010083;庆丰路;
500;1;23010084;南江路;
500;1;23010085;三环东路;
500;1;23010086;亚欧路;
500;1;23010087;亚太路;
500;1;23010088;亚中路;
500;1;23010089;亚澳路;
500;1;23010097;由拳路;
500;1;23010042;凌公塘路;
500;1;23010098;南溪东路;
500;1;23010102;嘉塍公路;
500;1;1000500;双龙路;
500;1;999036;南浦路;
500;1;998915;车站大道;
500;1;2269384;春晖路;
500;1;23210851;苏嘉路;
500;1;23210953;Ｓ２０２;
500;1;23479758;申嘉湖高速公路;
500;1;1000413;Ｓ４１;
500;1;1269592;诸永高速公路;
500;1;16275024;Ｓ１０３;
500;1;15207973;午塘头村;
500;1;9404399;环城西路;
500;1;8674939;环城北路;
500;1;6671870;鲁迅西路;
500;1;6671832;常禧路;
500;1;6672017;滨河路;
500;1;6671881;鉴湖前街;
500;1;6671882;胜利西路;
500;1;23008688;环城西路;
500;1;23010134;安乐路;
500;1;23010118;杨柳湾路;
500;1;23010119;斜西街;
500;1;23007830;中山东路;
500;1;23010160;中山东路北;
500;1;23010107;勤俭路;
500;1;23479797;勤俭大桥;
500;1;15872393;环城西路;
500;1;15142940;李渔路;
500;1;15142941;宾虹路;
500;1;15143106;河盘桥路;
500;1;15143054;长湖路;
500;1;15143059;劳动路;
500;1;15143060;人民西路;
500;1;15142817;迪耳路;
500;1;15143110;金竹路;
500;1;4738448;天元路;
500;1;4738542;青年西路;
500;1;4738360;横街;
500;1;4738449;黄长路;
500;1;11343065;甬临线;
500;1;11272654;气象路;
500;1;11272655;柳汀街;
500;1;11272656;中山西路;
500;1;15142969;九峰街;
500;1;15207908;秋涛北街;
500;1;15142837;积道街;
500;1;4802973;江滨东路;
500;1;17875290;光明路;
500;1;4738510;外沙路;
500;1;4802978;光明路;
500;1;4738747;北门路;
500;1;1600254;江滨东路;
500;1;999062;上陡门路;
500;1;1000423;香源路;
500;1;998920;府东路;
500;1;999093;杨府山路;
500;1;999161;汤家桥路;
500;1;999011;江滨西路;
500;1;2269575;环城东路;
500;1;998918;飞霞北路;
500;1;1000601;永楠路;
500;1;1000486;东明路;
500;1;1067092;东都大厦;
500;1;1000488;灰桥路;
500;1;999002;江滨中路;
500;1;999072;航标路;
500;1;23479787;Ｓ２０２（旧）;
500;1;22741106;江南路;
500;1;23010040;中环东路;
500;1;23010233;夏义路;
500;1;23010059;吴泾路;
500;1;21010349;南湖路;
500;1;23010044;南溪西路;
500;1;23010046;甪里街;
500;1;23010127;景湖路;
500;1;1000625;南湖路;
500;1;1000525;双南线;
500;1;1000580;梧三路;
500;1;3000338;东方路;
500;1;6938899;龙洲路;
500;1;6938966;昌安西街;
500;1;6938971;环秀园;
500;1;6938884;Ｓ２１２;
500;1;6672096;西上线;
500;1;6671837;涂山路;
500;1;23010108;大新路;
500;1;23010062;东方路;
500;1;23009721;创业路;
500;1;23010109;鸣羊路;
500;1;4803267;Ｓ２２５;
500;1;4738678;长决线;
500;1;4738479;东环大道;
500;1;4802847;东路桥大道;
500;1;4738492;枫南路;
500;1;4738484;腾达路;
500;1;4738485;月河北街;
500;1;4802937;汇丰路;
500;1;4803291;鸿洲大道;
500;1;4738461;康平路;
500;1;4738462;市府大道;
500;1;5472262;开元路;
500;1;22279228;环城北路;
500;1;23010113;少年路;
500;1;23010115;秀州路;
500;1;6671854;东池路;
500;1;6671855;府山西路;
500;1;9608146;小城北桥;
500;1;7536295;解放北路;
500;1;11272640;青林渡路;
500;1;11274368;风华路;
500;1;11272641;双东路;
500;1;11272642;永丰北路;
500;1;11272643;大闸路;
500;1;11272644;清河路;
500;1;4867241;解放南路;
500;1;6200825;中山东路;
500;1;4738589;云西路;
500;1;4738590;青年路;
500;1;11272706;解放南路;
500;1;11272567;灵桥路;
500;1;12606290;中山东路;
500;1;11272583;大沙泥街;
500;1;11272586;开明街;
500;1;11272423;仓桥街;
500;1;11272704;药行街;
500;1;9608129;幼山小学;
500;1;9608130;玉山路;
500;1;6671868;长城路;
500;1;6671852;投醪河;
500;1;6671857;延安路;
500;1;4738517;星明路;
500;1;4802991;岩屿路;
500;1;6938883;绍诸高速公路;
500;1;7675027;诸永高速公路;
500;1;8675066;人民西路;
500;1;6938888;步森西路;
500;1;6938889;步森大道;
500;1;9608136;绍兴南收费站;
500;1;9608137;平水收费站;
500;1;9608138;富盛收费站;
500;1;9608139;常台高速公路;
500;1;5473120;台金高速公路;
500;1;4803025;Ｓ３５;
500;1;4738342;Ｓ７５;
500;1;4803081;东西大街;
500;1;4803027;仙居服务区;
500;1;4472311;诸永高速公路;
500;1;4803028;Ｓ３５（旧）;
500;1;6405399;发展二路;
500;1;4803345;台金高速引线;
500;1;4803040;白水洋出入口;
500;1;4803031;临海服务区;
500;1;4803041;临海西出入口;
500;1;6405400;金岭路;
500;1;4738425;章溪线;
500;1;9608147;二环西路;
500;1;9608170;公铁立交桥;
500;1;6671880;王家庄路;
500;1;6671944;快阁路;
500;1;16275025;Ｓ３１３;
500;1;15541071;同心街;
500;1;15207936;罗电线;
500;1;15207974;上张家村;
500;1;15142946;丹光西路;
500;1;8070028;车站路;
500;1;6672033;东峰旅馆;
500;1;6672023;车站西路;
500;1;11272594;桃渡路;
500;1;11274693;外马路;
500;1;11274691;玛瑙路;
500;1;11274593;进港路;
500;1;11272742;长江路;
500;1;11742302;珠江路;
500;1;11343045;进港西路;
500;1;11272738;富春江路;
500;1;11272801;钱塘江路;
500;1;11272740;松花江路;
500;1;12873356;骆霞线;
500;1;11274362;慈海南路;
500;1;11272479;隧道北路;
500;1;11274432;耕渔北路;
500;1;12873368;蛟川枢纽;
500;1;11274433;临俞南路;
500;1;12873395;骆霞线（隧道北路）;
500;1;12873366;宁镇线;
500;1;11272558;江南东路;
500;1;12873396;泰山路（骆霞公路）;
500;1;11272736;北平路;
500;1;12873367;甬京路;
500;1;11272744;明州路;
500;1;7404460;人民中路;
500;1;6671897;新建北路;
500;1;999025;人民中路;
500;1;999150;小南路;
500;1;3202687;大南路（人民东路）;
500;1;999111;莲花路;
500;1;6405413;Ｓ３２５至工人西路;
500;1;4738359;工人西路;
500;1;11272432;公园路;
500;1;11272584;呼童街;
500;1;11272424;苍水街;
500;1;1664248;公园路;
500;1;998992;解放街;
500;1;1000482;园西巷;
500;1;4866967;公园路;
500;1;6405434;杨戴村;
500;1;4802848;路院一级公路;
500;1;4803142;雄鹰路;
500;1;11272431;府桥街;
500;1;6672020;小江桥河沿;
500;1;6671859;东街;
500;1;8675065;劳动路;
500;1;6671853;胜利东路;
500;1;11274091;体育场路;
500;1;12873369;宁波工程学院西校区;
500;1;11274400;柳庄街;
500;1;11272946;翠柏路;
500;1;6405405;体育场西路;
500;1;4738533;葭上线;
500;1;4738476;学院路;
500;1;4738348;东方大道;
500;1;4738579;石八线;
500;1;6405406;盐金线;
500;1;4738474;中心北路;
500;1;4802844;小粱线;
500;1;4802845;新蓬南路;
500;1;11343047;人民北路;
500;1;11343046;镇新路;
500;1;11272735;泰山西路;
500;1;11274596;人民南路;
500;1;11274590;坝头西路;
500;1;11742281;横张线;
500;1;11742280;荷晓东路;
500;1;11272547;横古线;
500;1;11742279;机场高架;
500;1;11272549;鄞州大道;
500;1;11272878;塘西中路;
500;1;11272603;启运路;
500;1;4803300;振兴南路;
500;1;4738742;王桥村;
500;1;6671860;中兴中路;
500;1;4802994;建设路;
500;1;4802981;长岙路;
500;1;23010043;望湖路;
500;1;23010045;泾水路;
500;1;11274666;蓝天路;
500;1;11742314;机场公路;
500;1;11274665;宝善路;
500;1;11272459;丽园北路;
500;1;4803111;东联线;
500;1;4738344;白云山南路;
500;1;4738480;经中路;
500;1;4803061;永明路;
500;1;4738481;机场北路;
500;1;4803307;新坦路;
500;1;4738377;椒金公路;
500;1;23010184;凯旋路;
500;1;23010066;中环西路;
500;1;23010110;越秀北路;
500;1;23010146;真合路;
500;1;23010265;放鹤洲路;
500;1;23210862;Ｓ２２７;
500;1;15207941;艾青路;
500;1;15142818;东黄线;
500;1;15143298;下铺街;
500;1;999145;望江东路;
500;1;999040;县前头;
500;1;23479791;秀水桥;
500;1;5472294;环城东路;
500;1;5472223;环城北路;
500;1;4738361;横街东路;
500;1;4738604;小东门路;
500;1;9608148;建功桥;
500;1;6671840;延安东路;
500;1;6671841;鲁迅东路;
500;1;12873345;Ｓ３１８;
500;1;12873344;山王北路;
500;1;11274426;岐阳路;
500;1;12873330;大隐互通;
500;1;12873331;杭州湾环线南线;
500;1;11742315;通途西路;
500;1;11274431;高桥东路;
500;1;11274429;高桥中路;
500;1;11272837;梁祝路;
500;1;11274428;高桥西路;
500;1;11274427;施家漕路;
500;1;11272666;望春路;
500;1;11272672;望童线;
500;1;15142930;人民东路;
500;1;15142804;八一北街;
500;1;15142932;新华街;
500;1;15143121;明月街;
500;1;15142982;胜利街;
500;1;15142821;东市街;
500;1;15143241;通园路;
500;1;2269501;人民东路;
500;1;998917;大南路;
500;1;998919;飞霞南路;
500;1;6671900;剡溪路;
500;1;6671838;平江路;
500;1;6671901;五泄路;
500;1;6672109;鹿池路;
500;1;6671903;东湖路;
500;1;6671904;银洲路;
500;1;6671905;银城路;
500;1;11272414;Ｓ６１;
500;1;11274353;缪云线;
500;1;11272573;江北大道;
500;1;11272551;妙金线;
500;1;11272552;解放路;
500;1;11272420;北环西路;
500;1;11272555;洪塘中路;
500;1;11742282;金山路;
500;1;11742285;安石路;
500;1;11742284;陶公路;
500;1;11272472;钱湖北路;
500;1;11272473;钱湖南路;
500;1;12873370;莫枝北路;
500;1;11274338;高邱线;
500;1;11742287;兴建路;
500;1;11343040;宁邱路;
500;1;11742283;兴凯路;
500;1;11742373;环湖南路;
500;1;15143058;解放西路;
500;1;15143129;婺江西路;
500;1;15143000;凤山街;
500;1;15143001;双龙北街;
500;1;15143002;五一路;
500;1;14409300;青年路;
500;1;15142836;回溪街;
500;1;4738453;前所大道;
500;1;4738454;道感堂村;
500;1;1000445;繁荣路;
500;1;1000446;会昌路;
500;1;1000443;温源线;
500;1;23210866;明潭路;
500;1;23010037;市场路;
500;1;23010116;昌盛南路;
500;1;23010090;越秀南路;
500;1;23010111;吉水路;
500;1;3000315;文昌路;
500;1;998981;瓯海大道;
500;1;11742289;大西门路;
500;1;11272790;雄镇路;
500;1;4738343;Ｓ８３;
500;1;4802839;南屏路;
500;1;4803088;长丰街;
500;1;4738455;道头金村;
500;1;4738456;椒江大桥;
500;1;4803087;章古路;
500;1;4803089;沿江路;
500;1;4803337;Ｓ８３至章溪线;
500;1;22946149;嘉海线;
500;1;23010106;白云桥路;
500;1;9608176;Ｘ１０８;
500;1;23479762;Ｙ２０１;
500;1;23010130;东余线;
500;1;23210760;幸福路;
500;1;23479792;余篁线;
500;1;23010240;三环南路;
500;1;23010094;纺工路;
500;1;23010153;烟雨路;
500;1;3000404;五星路;
500;1;3202688;渡口西路;
500;1;1067067;张堡东路;
500;1;1067052;河田中路;
500;1;23010219;新大线;
500;1;23010266;Ｙ２０９;
500;1;23010103;嘉铜线;
500;1;23210872;新农路;
500;1;23010072;秀新路;
500;1;23010167;运河路;
500;1;23479793;新农路（嘉铜线）;
500;1;23479794;观音桥村;
500;1;23010074;秀洲大道;
500;1;23010104;新南洋路;
500;1;11473067;中兴北路;
500;1;11272607;惊驾路;
500;1;11272608;民安路;
500;1;11272533;通途路;
500;1;1000484;矮凳桥路;
500;1;1000485;东游路;
500;1;15207942;政和街;
500;1;4802967;爱华路;
500;1;4802957;耀达路;
500;1;23479830;群韵路;
500;1;4802963;广场中路;
500;1;6671916;安华北路;
500;1;6671923;安华公路;
500;1;6672087;安昌路;
500;1;6671915;柯北大道;
500;1;9274682;曙光路;
500;1;6938925;安华路;
500;1;6938920;柯袍线;
500;1;4803279;岙横线;
500;1;4803266;院岙线;
500;1;6405423;黄长路（岙院线）;
500;1;4803280;高广线;
500;1;4803281;十沙线;
500;1;23010135;奥星路;
500;1;23210863;东方北路;
500;1;23479795;茶园北路;
500;1;23010136;正原北路;
500;1;15143260;秋涛路;
500;1;6671918;八柯线;
500;1;6671917;柯海公路;
500;1;6671921;三益线;
500;1;15142928;中山路;
500;1;15142929;解放东路;
500;1;15142931;青春路;
500;1;15142943;双溪西路;
500;1;15142936;和信路;
500;1;15142938;东莱路;
500;1;15142939;丹溪路;
500;1;15142942;南苑路;
500;1;15143213;亚峰路;
500;1;11343088;坝头东路;
500;1;11343013;中河南路;
500;1;11343009;坝头路;
500;1;11272538;富春江中路;
500;1;11274595;甬江南路;
500;1;11742291;钱塘江中路;
500;1;15541091;白门线;
500;1;15143161;白沙路;
500;1;15207909;方岩街;
500;1;15207975;下邵村;
500;1;15142907;通江路;
500;1;4803044;白云小学;
500;1;4803284;白云山隧道;
500;1;4738345;白云山中路;
500;1;4803079;白云山西路;
500;1;4802961;沚京街;
500;1;4803285;祥和路;
500;1;998913;百里东路;
500;1;998991;信河街;
500;1;998914;百里西路;
500;1;998993;勤奋路;
500;1;12873401;百隆街;
500;1;11272813;永达路;
500;1;11272560;彩虹北路;
500;1;11272565;沧海路;
500;1;11272418;百丈路;
500;1;11272568;江东北路;
500;1;11272569;箕漕街;
500;1;4802908;半桥路;
500;1;4802909;马杜线;
500;1;6405432;半桥路至二桥东路;
500;1;6405431;二桥东路;
500;1;11272754;苍松路;
500;1;11272572;Ｇ３２９;
500;1;15143234;保险街;
500;1;11272817;北大东路;
500;1;12873371;陈姜线;
500;1;11343079;北大西路;
500;1;11343076;环镇北路;
500;1;11272848;北斗路;
500;1;11272784;下应北路;
500;1;11274607;金达路;
500;1;16275027;北二环路至Ｓ４５;
500;1;15142949;Ｓ４５;
500;1;12873397;马径加油站;
500;1;11274361;东昌路;
500;1;11274436;逸夫路;
500;1;11274394;庄合线;
500;1;12873357;冯塘线;
500;1;11272574;宁慈东路;
500;1;11343033;北粮丰街;
500;1;11274365;新典路;
500;1;11274660;云霞路;
500;1;4803006;北南官大道;
500;1;4803007;会展西路;
500;1;4802918;黄前线;
500;1;4802914;新城中路;
500;1;4802903;拱新大道;
500;1;4802905;庆丰大道;
500;1;4802906;翔光路;
500;1;15142807;宾虹东路;
500;1;15142951;宏济街;
500;1;15207953;景园街;
500;1;15142954;浦江街;
500;1;15142958;国贸街;
500;1;15142961;明伦街;
500;1;15207923;金沙街;
500;1;15207954;益塘;
500;1;15208007;三联村;
500;1;15208006;邵姜村;
500;1;6938952;文渊路;
500;1;15143066;冰壶路;
500;1;15142845;金盆街;
500;1;15541088;博联路;
500;1;15541087;绿源路;
500;1;15142811;博士街;
500;1;23479831;丹溪东路;
500;1;15142975;大项村;
500;1;4802867;灵山西路;
500;1;11272422;彩虹南路;
500;1;11272579;贺丞路;
500;1;11272580;新河路;
500;1;1000466;仓后;
500;1;1000418;蝉街;
500;1;3202693;七圣殿巷;
500;1;11274767;仓基街;
500;1;11272582;镇明路;
500;1;11274366;宁横路;
500;1;12339566;江南路;
500;1;11274655;昌兴街;
500;1;11272727;南站西路;
500;1;11274661;恒春街;
500;1;11272710;尹江路;
500;1;6671835;平江南路;
500;1;6672013;天姥路;
500;1;23010140;正阳路;
500;1;23010137;茶园路;
500;1;23010065;塘汇路;
500;1;23010138;岗山路;
500;1;1000503;茶院寺路;
500;1;998984;锦绣路;
500;1;1000479;柴桥巷;
500;1;998921;府前街;
500;1;1067084;第一桥;
500;1;1000480;纱帽河;
500;1;4802878;昌平路;
500;1;4738364;洪龙线;
500;1;4803000;昌平路至洪龙线;
500;1;23010063;正原路;
500;1;23010078;昌盛中路;
500;1;23010068;洪兴路;
500;1;23010069;洪波路;
500;1;23010030;华云路;
500;1;22945721;振兴路;
500;1;1000624;昌新路;
500;1;1000548;阳光大道;
500;1;1000549;双塔路;
500;1;4738508;屷崦路;
500;1;4802992;东枫山路;
500;1;6607328;南山路;
500;1;11272425;长春路;
500;1;11272588;南站东路;
500;1;11742337;长丰桥;
500;1;23010142;长虹路;
500;1;23010076;新秀路;
500;1;23010143;秀波路;
500;1;15207915;金兰中线;
500;1;15207916;上张都;
500;1;15207910;工贸街;
500;1;11272541;泰山路;
500;1;11343014;黄山路;
500;1;11274592;恒山路;
500;1;11742298;长江南路;
500;1;11343012;庐山东路;
500;1;4803328;北康线;
500;1;4803329;山后;
500;1;6405408;大行路;
500;1;20009716;长深高速公路湖州段;
500;1;19478383;东西大道;
500;1;19478392;宜兴太湖服务区;
500;1;19478384;德清大道;
500;1;20009711;青山服务区;
500;1;17009660;Ｇ１０４;
500;1;20009712;湖州南收费站;
500;1;19745065;申嘉湖高速公路;
500;1;20009713;湖州北收费站;
500;1;20009714;沪渝高速公路;
500;1;18544539;环城南路;
500;1;20009715;夹浦收费站;
500;1;19478391;太湖服务区;
500;1;23010122;长水路;
500;1;23010092;新气象路;
500;1;23479785;嘉余线;
500;1;23010093;花园路;
500;1;22946228;南湖大道;
500;1;11274751;长阳东路;
500;1;11877727;开元路;
500;1;11274647;长阳路;
500;1;11274403;广元路;
500;1;15207929;常平路;
500;1;7738872;太下线;
500;1;9608142;杭州湾环线南线;
500;1;6671772;新昌服务区;
500;1;6671773;新昌大道西路;
500;1;8069879;甬金高速公路;
500;1;9608140;振兴北路;
500;1;6607934;嵊州服务区;
500;1;6939028;章镇收费站;
500;1;6939029;上浦收费站;
500;1;9608141;春晖工业大道;
500;1;23479782;常台高速公路嘉兴段;
500;1;23479781;马家浜互通;
500;1;22946229;新塍服务区;
500;1;23010079;常秀街;
500;1;23010145;吉杨路;
500;1;11272749;朝晖路;
500;1;11274687;江东北路３６６弄;
500;1;15142983;朝阳街;
500;1;15142813;春晖路;
500;1;4802904;朝元路;
500;1;6405409;七色光幼儿园;
500;1;4803019;康强路;
500;1;4802912;锦川路;
500;1;15541099;朝真路;
500;1;15142988;玉壶街;
500;1;1000510;鱼鳞浃路;
500;1;1000416;锦江路;
500;1;998997;市府路;
500;1;998998;温迪路;
500;1;999000;学院中路;
500;1;999001;黎明东路;
500;1;1000492;侨中巷;
500;1;11274350;宁西线;
500;1;11274435;明山路;
500;1;11272816;南大东路;
500;1;11272819;首南中路;
500;1;11272852;诚信路;
500;1;11343127;东一路;
500;1;6671780;山阴路;
500;1;1000465;乘凉桥;
500;1;2269631;人民西路;
500;1;1000464;小高桥;
500;1;11274686;澄浪堰路;
500;1;12873398;澄浪小区;
500;1;11274685;南永宁路;
500;1;9608149;兴华路;
500;1;9608150;胜利路;
500;1;11274637;创新路;
500;1;11343080;春园路;
500;1;11274635;贸城东路;
500;1;11272765;四明东路;
500;1;16275031;青春小学;
500;1;1000504;温州市第八幼儿园;
500;1;1000649;下吕浦巷;
500;1;12873426;文智西路;
500;1;11272637;永丰西路;
500;1;11272906;范江岸路;
500;1;998916;翠微大道;
500;1;999003;六虹桥路;
500;1;1000417;过境路;
500;1;999004;西山西路;
500;1;3202716;翠微隧道;
500;1;11272426;大步街;
500;1;11274408;大戴街;
500;1;12873415;新河路（演武街）;
500;1;6671898;大教场沿;
500;1;11274678;大来街;
500;1;11343016;竺家巷;
500;1;11274681;大梁街;
500;1;1067079;大罗山路;
500;1;999186;甬江路;
500;1;734808;兰江路;
500;1;999007;马鞍池东路;
500;1;1000473;荷花路;
500;1;1000478;龙泉巷;
500;1;1000474;虞师里;
500;1;11272427;大庆南路;
500;1;11272593;槐树路;
500;1;11475075;湖东路;
500;1;11272600;碶闸街;
500;1;1067048;大士门;
500;1;1000459;胜昔桥;
500;1;15143169;大堰河街;
500;1;16275026;丹西东路;
500;1;11274690;大闸北路;
500;1;11343084;丽江东路;
500;1;11343081;大闸南路;
500;1;11272596;西草马路;
500;1;15142992;四联路;
500;1;15142998;假日城市花园;
500;1;11274405;道士堰;
500;1;11272451;江东南路;
500;1;15541098;道院街;
500;1;15143149;仙瀑路;
500;1;15207902;德胜街;
500;1;15207900;夹溪路;
500;1;15207905;神丽路;
500;1;6938894;惠利街;
500;1;6938897;西施山路;
500;1;6938898;鞋子畈路;
500;1;9608184;龙洲花园南门;
500;1;6938900;龙洲花园;
500;1;6938973;迪荡湖路至龙洲花园;
500;1;15143003;后城里街;
500;1;6671976;笛场路;
500;1;6671928;华齐路;
500;1;6671805;笛扬路;
500;1;6671925;鉴湖路;
500;1;6671913;群贤路;
500;1;6671926;兴越路;
500;1;6671927;裕民路;
500;1;11742345;望海南路;
500;1;3201139;东方北路;
500;1;1067088;双堡西路;
500;1;1000427;月乐西街;
500;1;23010270;天星西路;
500;1;23210937;正阳西路;
500;1;1000524;梧慈路;
500;1;4802993;求知路;
500;1;4802922;食品街;
500;1;6938935;东光路;
500;1;17810793;机场北路;
500;1;4738614;广场南路;
500;1;11274618;凌云路;
500;1;11274639;中官西路;
500;1;4803346;东环大道至鸿州大道;
500;1;12873374;东钱湖互通;
500;1;11742355;五乡西路;
500;1;15207874;曹上线;
500;1;15207946;东藕塘村;
500;1;15207977;湖菱桥村;
500;1;15207899;下马滩街;
500;1;4738355;枫南东路;
500;1;4803082;水果八场;
500;1;4738691;珠光街;
500;1;4802933;银座街;
500;1;4738441;商城街;
500;1;15143014;里秧田村;
500;1;1000490;垟儿路;
500;1;1067050;瓯江路;
500;1;4802876;东南大道;
500;1;23010064;建国北路;
500;1;23210954;闸前街;
500;1;4802979;东升街;
500;1;4802977;江城北路;
500;1;4738515;育才路;
500;1;15143017;飘萍路;
500;1;15143018;将军路;
500;1;23010148;东塔路;
500;1;23010126;农翔路;
500;1;4738498;椒新线;
500;1;4802941;吉利大道;
500;1;4738497;路泽太一级公路;
500;1;1000487;高田路;
500;1;1067089;灰桥;
500;1;9608125;独山路;
500;1;9608124;兴工路;
500;1;6672006;银兴路;
500;1;4803309;杜前线;
500;1;4803343;六联村;
500;1;4803090;前杜路;
500;1;4738375;建电路;
500;1;6405410;前松线;
500;1;6938933;渡东桥南路;
500;1;11272429;段三线;
500;1;23479832;云林东路;
500;1;11343021;南方路;
500;1;11343027;段塘东路;
500;1;9608152;二环北路至绍三公路;
500;1;6938879;中兴大道;
500;1;6938974;西庄大道;
500;1;15541078;景龙路;
500;1;15207924;临江东路;
500;1;6671955;发展路;
500;1;9608114;泌春路;
500;1;6671964;江墅学校;
500;1;16275019;法明街;
500;1;16275020;安园街;
500;1;16275018;金园路;
500;1;1000470;法派路;
500;1;999083;吴桥路;
500;1;1000469;吴丰路;
500;1;11274683;法院巷;
500;1;11274682;尚书街;
500;1;999174;繁盛路;
500;1;1000663;繁盛南路;
500;1;11143980;育才路;
500;1;4802942;方林路;
500;1;4803347;路南街道欢乐幼儿园;
500;1;999009;黎明西路;
500;1;3202691;东门街;
500;1;1000489;龟湖路;
500;1;999016;学院西路;
500;1;15143062;丰亭东路;
500;1;15541095;玫瑰园小区;
500;1;15541097;丰亭东路至环城北路;
500;1;15541094;丰亭西路;
500;1;1067081;丰源路;
500;1;999165;新蒲路;
500;1;999022;学院东路;
500;1;1664340;汇源路;
500;1;11272925;庄市大道;
500;1;4738509;疏港大道;
500;1;12873380;冯德线;
500;1;11274401;压观线;
500;1;10740861;纬四路;
500;1;6671862;凤林西路;
500;1;6671940;洋观路;
500;1;6672107;曲屯路;
500;1;15541081;新朝线;
500;1;11742352;福庆北路;
500;1;11272691;院士路;
500;1;11742353;惊驾东路;
500;1;11274614;民安东路;
500;1;12873354;福庆路;
500;1;11742343;福庆南路;
500;1;11742351;兴宁东路;
500;1;12873399;宁邱路（福庆北路）;
500;1;999020;绣山路;
500;1;999021;新城大道;
500;1;1000496;花源路;
500;1;999028;康乐坊;
500;1;999027;广场路;
500;1;11272610;孝闻街;
500;1;10739044;解放北路;
500;1;6938915;府山横街;
500;1;6672018;环山路;
500;1;999159;府西路;
500;1;1000481;府学巷;
500;1;23010149;府忠埭;
500;1;11274591;恒山西路;
500;1;11274597;明州西路;
500;1;1664554;富春江路;
500;1;998928;机场大道;
500;1;11742304;龙潭山路;
500;1;23010095;富润路;
500;1;23010271;赵家浜;
500;1;23010241;文贤路;
500;1;1067099;富士达路;
500;1;1067100;泰力路;
500;1;4802931;富仕路;
500;1;4803107;商海南街;
500;1;4802932;南官大道;
500;1;6671796;海南路;
500;1;6671797;越兴路;
500;1;11274606;高凤路;
500;1;11675837;华山路;
500;1;999100;高翔路;
500;1;12873352;高阳路;
500;1;12873353;朝阳互通;
500;1;11272650;宁姜公路;
500;1;15207911;天仙路;
500;1;4738357;工人东路;
500;1;4738520;椒江三山小学;
500;1;4802962;葭中路;
500;1;4738521;葭东路;
500;1;1000559;工业街;
500;1;4802907;惠民路;
500;1;11272433;共青路;
500;1;6671839;勾乘路;
500;1;21008751;广场路;
500;1;23010242;拥军路;
500;1;4868626;体育场路;
500;1;4803359;下马新村;
500;1;4803288;祥云路;
500;1;4802968;和谐路;
500;1;4802985;泾边村;
500;1;11272895;广德湖北路;
500;1;11274634;四明西路;
500;1;11274633;贸城西路;
500;1;15207934;广电街;
500;1;15207935;青春西路;
500;1;1000454;广化桥路;
500;1;999142;兴海路;
500;1;23010268;日晒浜;
500;1;15207920;临江西路;
500;1;4803312;广兴西路;
500;1;4803313;滩头;
500;1;11274645;庄浦线;
500;1;999096;民航路;
500;1;3202717;过境公路;
500;1;1000468;葡萄棚路;
500;1;998942;马鞍池西路;
500;1;1000453;水心路;
500;1;998986;雪山路;
500;1;1000455;振瓯路;
500;1;6671886;洋江路;
500;1;6671867;三江路;
500;1;6671887;启圣路;
500;1;1067061;海事路;
500;1;23010152;海盐塘路;
500;1;11272831;海晏北路;
500;1;11742354;海晏南路;
500;1;11274280;杭甬高速公路宁波段;
500;1;11272622;宁波服务区;
500;1;23010200;杭州绕城公路Ｓ０１出口匝道;
500;1;23010208;杭州绕城公路Ｓ０１北侧出口匝道;
500;1;23010204;杭州绕城公路Ｓ０１南侧出口匝道;
500;1;23010213;杭州绕城公路东侧Ｓ０１出口匝道;
500;1;23010206;杭州绕城公路西侧Ｓ０１南侧出口匝道;
500;1;23479777;杭州湾环线高速公路嘉兴段;
500;1;23010250;亭枫高速公路;
500;1;22946153;平黎线;
500;1;8071532;五五线;
500;1;6607902;绍兴服务区;
500;1;8069823;Ｇ３２９;
500;1;11274282;余姚服务区;
500;1;11343023;南雷南路;
500;1;12873351;航空路;
500;1;12873350;栎高线;
500;1;23479796;南湖大桥;
500;1;23010120;姚家埭;
500;1;23210945;和风路;
500;1;22878971;曙光路;
500;1;998923;和平路;
500;1;4803360;台州市图书馆;
500;1;11272436;和义路;
500;1;1067057;河通桥;
500;1;1000458;九山路;
500;1;11272629;上凌路;
500;1;11272872;甬港南路;
500;1;11274364;南镇安街;
500;1;11274602;凤洋一路;
500;1;11272792;中河路;
500;1;11274599;太河路;
500;1;11274603;闽江路;
500;1;11274601;许胡村;
500;1;11272632;连接线;
500;1;12873349;黄古林路;
500;1;1000659;横河南路;
500;1;4803293;康乐路;
500;1;11272348;横少线;
500;1;11272351;宁波绕城高速公路内圈;
500;1;11272355;宁波绕城高速公路内圈横少线入口匝道;
500;1;11272353;宁波绕城高速公路外圈;
500;1;11272354;宁波绕城高速公路外圈横少线入口匝道;
500;1;11272360;横少线北侧;
500;1;11272362;宁波绕城高速公路横少线北侧入口匝道;
500;1;11272361;宁波绕城高速公路内圈横少线北侧入口匝道;
500;1;11272358;横少线南侧;
500;1;11272359;宁波绕城高速公路横少线南侧入口匝道;
500;1;11274371;车站南路;
500;1;11272894;雅源南路;
500;1;11272483;天童北路;
500;1;11272901;金谷南路;
500;1;11742338;镇岚路;
500;1;15143079;桥兴路;
500;1;1000514;宏源路;
500;1;23010077;吴越路;
500;1;11274404;洪都路;
500;1;1000494;洪福巷;
500;1;1000493;洪殿北路;
500;1;1600188;惠民路;
500;1;23210875;洪高路;
500;1;23010166;殷秀路;
500;1;23010073;秀园路;
500;1;4803116;洪家南环路;
500;1;4803135;徐山路;
500;1;4738532;坦头;
500;1;4803049;后高桥村;
500;1;23479764;洪贤路;
500;1;23010156;秀清路;
500;1;23479804;秀洲大道（洪兴西路）;
500;1;22741266;聚贤路;
500;1;23010159;洪声路;
500;1;23210897;洪殷路;
500;1;4738486;洪兆路;
500;1;4803322;洪兆西路;
500;1;4803132;塔下程村;
500;1;4803304;沙王;
500;1;15142834;后街;
500;1;11343051;后庙路;
500;1;11272760;四明中路;
500;1;11742310;文通路;
500;1;6938989;后墅路;
500;1;9608128;后墅南路;
500;1;9608127;引虎弄;
500;1;11272841;西河街;
500;1;6671909;钱茅线;
500;1;9608154;湖安路至柯夏线;
500;1;6471026;湖滨路;
500;1;6671828;柯岩大道;
500;1;6671934;云集路;
500;1;6671829;镜水南路;
500;1;9608117;迎驾桥路;
500;1;11475305;湖西路;
500;1;11343020;清湖路;
500;1;8272556;湖西路;
500;1;6671975;湖中路;
500;1;23210849;迎宾路（杭浦高速公路）;
500;1;23210806;崇新线;
500;1;22946148;长安服务区;
500;1;22946145;桐斜线;
500;1;22946147;湖盐线;
500;1;22946146;嘉兴服务区;
500;1;15207964;沪昆高速公路金华段;
500;1;15009532;Ｇ３２０;
500;1;15144030;霞浦路;
500;1;15143836;游诸线;
500;1;15143837;兰溪服务区;
500;1;15143838;塘源线;
500;1;14537873;甬金高速公路;
500;1;15143839;金华服务区;
500;1;15143840;上佛线;
500;1;15071348;机场路;
500;1;15143841;Ｓ２０;
500;1;20009710;沪昆高速公路衢州段;
500;1;20009706;球川停车区;
500;1;18411134;Ｇ３２０;
500;1;20009707;利川南路;
500;1;19478429;常山服务区;
500;1;19478430;朱富线;
500;1;19478431;常河线;
500;1;20009708;京台高速公路;
500;1;19478433;后坞停车区;
500;1;20009709;衢州西收费站;
500;1;19478435;宾港北路;
500;1;19478436;衢州服务区;
500;1;6672102;沪昆高速公路绍兴段;
500;1;9608135;郑家坞互通;
500;1;6607928;萧山服务区;
500;1;6938880;Ｓ１０３;
500;1;6607925;诸暨服务区;
500;1;6607927;十店线;
500;1;20009724;沪渝高速公路湖州段;
500;1;20009722;宏业停车区;
500;1;19478408;Ｓ２３０;
500;1;19478401;Ｓ１２;
500;1;19478402;杭长高速公路;
500;1;19478403;长兴服务区;
500;1;19478404;鼎兴中路;
500;1;19478389;Ｇ３１８;
500;1;20009723;湖州收费站;
500;1;19478406;湖州服务区;
500;1;19478407;湖织线;
500;1;1000599;花坦巷;
500;1;1067056;鹿城路后巷;
500;1;15541086;花溪路;
500;1;23010121;马塘路;
500;1;1000497;清源路;
500;1;1000499;万源路;
500;1;11343019;华楼街;
500;1;12873400;中山东路（华楼巷）;
500;1;6939023;双读路;
500;1;11274677;华严街;
500;1;11274416;镇安街;
500;1;23210936;华玉路;
500;1;23210929;周安路;
500;1;1000419;龙方路;
500;1;15207982;环城南路至二环东路;
500;1;6938996;环南路;
500;1;6938953;上大路;
500;1;15207943;环徐线;
500;1;15143197;金义东公路;
500;1;11343077;环镇南路;
500;1;6672014;嵊山路;
500;1;6405412;岙院线;
500;1;6405435;百王线;
500;1;4803305;临划线;
500;1;6405407;黄前线至新城中路;
500;1;11343091;岷山路;
500;1;11742365;世界儿童文化广场;
500;1;11272384;黄山西路;
500;1;11274717;宁波大碶疏港公路西侧;
500;1;11274757;宁波大碶疏港公路西侧黄山西路上匝道;
500;1;17274042;江滨西路;
500;1;15742676;曙光路;
500;1;4803051;市府大道东段;
500;1;4738547;景元路;
500;1;4803059;星辉村;
500;1;4802936;会展东路;
500;1;4802874;双水路;
500;1;1000420;会展路;
500;1;1000534;蒲江北路;
500;1;999066;蒲中路;
500;1;1067054;新田路;
500;1;4803306;体育场东路;
500;1;11143946;机场北路;
500;1;11272714;新星路;
500;1;1000592;温州永强机场;
500;1;1000508;楠溪江路;
500;1;999051;上江路;
500;1;999052;蒲江路;
500;1;999054;衢江路;
500;1;3202712;温州东枢纽;
500;1;999056;龙腾北路;
500;1;1000537;南洋大道;
500;1;999058;灵霓线;
500;1;1067055;兰蒲路;
500;1;999060;永强大道;
500;1;11272664;通达路;
500;1;11272665;联丰路;
500;1;12873375;航安路;
500;1;11274612;石碶北路;
500;1;15143116;美和路;
500;1;15541082;金地路;
500;1;6671858;鲁迅中路;
500;1;4802833;下里桥东路;
500;1;23479807;吉明路;
500;1;23010075;新洲路;
500;1;23010162;三塔路;
500;1;11272447;集仕南路;
500;1;11742366;云林中路;
500;1;11742316;集仕东路;
500;1;11272671;联丰中路;
500;1;11272448;集兴路;
500;1;15207901;屏岩街;
500;1;15541101;金星南街西侧;
500;1;15541102;金星南街东侧;
500;1;15142882;仙华南街;
500;1;4738562;文明路;
500;1;4803308;九州大道;
500;1;23010163;嘉禾路;
500;1;23010071;嘉湖公路;
500;1;23210869;濮新公路;
500;1;23010096;Ｙ２０６;
500;1;23010253;濮新线;
500;1;23010124;Ｙ２１３;
500;1;4802859;前中路;
500;1;11272812;建兴路;
500;1;12873376;兴宋路;
500;1;11274653;甬兴西路;
500;1;11272833;剑兰路;
500;1;6938916;青甸湖小区南门;
500;1;1000557;江北大街;
500;1;4738587;江滨路;
500;1;4803106;金海西巷;
500;1;4738745;江城南路;
500;1;11343029;桑家工业区;
500;1;12873377;庆丰桥;
500;1;11274418;徐戎路;
500;1;11274412;桃源街;
500;1;11272686;东海路;
500;1;11272690;杨木碶路;
500;1;12339726;聚贤路;
500;1;11272693;梅墟路;
500;1;11272454;江厦街;
500;1;9608123;江中路;
500;1;9608122;望海路;
500;1;6938926;临海路;
500;1;4738575;椒金线;
500;1;4738581;四份头;
500;1;4803102;下林桥村;
500;1;4803294;灵济街;
500;1;5537209;广兴路;
500;1;1000460;蛟翔巷;
500;1;6671872;新河弄;
500;1;12873417;解放桥（槐树路）;
500;1;12873416;解放桥（和义路）;
500;1;6938923;史家湾;
500;1;6671875;洋江西路;
500;1;6671876;肖港村;
500;1;6671877;群贤中路;
500;1;21674092;解放路;
500;1;15208003;金安大道;
500;1;15208004;青口殿;
500;1;11742325;金娥路;
500;1;11742326;宁横公路;
500;1;11272769;日丽东路;
500;1;15207959;金九线;
500;1;15207983;九龙村;
500;1;15208005;长百岭;
500;1;15143166;黄桥头村;
500;1;6671924;万商路;
500;1;6672053;陈家;
500;1;4802913;金牛路;
500;1;4803017;康庄路;
500;1;15143148;金华南站;
500;1;15143355;金磐路;
500;1;15143151;桃源路;
500;1;15207922;通溪路;
500;1;15207939;金藤街;
500;1;15142952;望府街;
500;1;15207940;桃花路;
500;1;15142868;熟溪路;
500;1;15143163;仙源路;
500;1;6405414;经八路;
500;1;1000457;锦花路;
500;1;1000456;雪花巷;
500;1;999081;西山东路;
500;1;999082;杏花路;
500;1;1000512;锦源路;
500;1;1000513;站东路;
500;1;11742320;宁波大碶疏港公路西侧进港路上匝道;
500;1;11274762;进港路北侧;
500;1;11274719;宁波大碶疏港公路东侧;
500;1;11274761;宁波大碶疏港公路东侧进港路北侧上匝道;
500;1;20009631;京台高速公路衢州段;
500;1;20009632;Ｇ２０５;
500;1;23479823;龙田河观景台;
500;1;20009633;峡口收费站;
500;1;20009634;仙霞服务区;
500;1;20009635;花峡线;
500;1;20009636;Ｓ４６;
500;1;20009637;江山服务区;
500;1;20009638;双江线;
500;1;18545696;沪昆高速公路;
500;1;23479816;狮东线;
500;1;23479817;芳村停车区;
500;1;23479818;常新线;
500;1;23479819;芹北路;
500;1;23479820;开化服务区;
500;1;23479821;淳开支线;
500;1;23479822;黄山收费站;
500;1;4803320;经东路;
500;1;4803058;横河头村;
500;1;11742360;莘苑路;
500;1;12873419;外滩大桥（大庆南路）;
500;1;12873418;外滩大桥（曙光北路）;
500;1;15207962;洞溪村;
500;1;15541080;景龙路至Ｇ３３０;
500;1;9608119;兴浦路;
500;1;6672054;澄湾路;
500;1;6671977;柯南大道;
500;1;6671892;耶溪路;
500;1;4803060;九峰公园;
500;1;11343035;九龙大道;
500;1;12873402;九龙湖互通（长邱线）;
500;1;4803278;东浦路;
500;1;12873348;聚才路;
500;1;12873403;盎孟港路;
500;1;11274617;菁华路;
500;1;15143374;横一路;
500;1;15207987;尖头塘;
500;1;11742300;康桥南路;
500;1;12873404;天合家园;
500;1;6672091;镜海大道;
500;1;6939017;柯袍线至钱安线;
500;1;6671895;越西路;
500;1;9608183;越西新村西门;
500;1;1000523;括苍西路;
500;1;7140243;兰江路;
500;1;18544542;李渔路;
500;1;4738389;劳动北路;
500;1;4738617;青年东路;
500;1;4738405;十岙线;
500;1;4738619;横河;
500;1;6671922;老益线;
500;1;1000495;前庄路;
500;1;1000569;黎明西路至东游路;
500;1;16275028;李渔大桥;
500;1;11272458;立交路;
500;1;11274701;青林湾街;
500;1;11343011;丽园南路;
500;1;1000475;虞师里大厦;
500;1;1000568;莲花路至大南路;
500;1;11274396;秋实路;
500;1;11143941;学院路;
500;1;12873346;联集线;
500;1;12873347;横街中路;
500;1;20009721;练杭高速公路湖州段;
500;1;20009719;新安大道;
500;1;20009666;新市收费站;
500;1;20009720;德清服务区;
500;1;19476113;崇新线;
500;1;20009668;练市收费站;
500;1;11343032;段塘中路;
500;1;11274659;南苑街;
500;1;1067053;林垟路;
500;1;15207921;东堰街;
500;1;4738529;汪秀福烈士纪念馆;
500;1;4803350;坟头里;
500;1;4803353;灵济街至广兴西路;
500;1;4803299;灵济街至振兴南路;
500;1;4802863;西路桥大道;
500;1;4802864;后王;
500;1;4802865;灵山路;
500;1;4738638;文化路;
500;1;4738639;新安西街;
500;1;4802934;南潞河路;
500;1;4802980;陵园路;
500;1;11274399;卖鱼路;
500;1;999099;站前路;
500;1;1000448;永庆街;
500;1;1000449;西山南路;
500;1;23210887;龙凤路;
500;1;1067049;龙海路;
500;1;1000432;龙江路;
500;1;1000542;永中西路;
500;1;23010244;龙盛路;
500;1;23010243;枫林路;
500;1;1000431;龙腾南路;
500;1;999135;龙霞路;
500;1;998939;娄东大街;
500;1;1067058;振兴街;
500;1;11742367;太河南路;
500;1;23010117;鸳湖路;
500;1;6671842;卧龙路;
500;1;4802923;新潮路;
500;1;6403755;幸福路;
500;1;4802946;卖芝桥东路;
500;1;4738438;墨池路;
500;1;4867191;中山西路;
500;1;15208008;金华市第三中学;
500;1;15207938;罗电线至迎宾大道;
500;1;1067059;楠江中路;
500;1;15143210;玉泉西路;
500;1;11274363;马园路;
500;1;11274692;扬善路;
500;1;11274651;麦德龙路;
500;1;11274650;中萃路;
500;1;4802947;永跃街;
500;1;1067071;龙康路;
500;1;1000539;建中街;
500;1;1067074;罗东街;
500;1;11274694;茂兴街;
500;1;11742368;曙光巷;
500;1;11274632;贸城中路;
500;1;11274631;前河北路;
500;1;6938932;梅龙湖路;
500;1;11742322;盛莫北路;
500;1;11274640;明海大道;
500;1;23479763;秀园大桥;
500;1;15541100;明月华庭;
500;1;11274600;辽河路;
500;1;11274598;凤洋二路;
500;1;4803314;月河南街;
500;1;4803352;墨池路至灵济街;
500;1;23010216;荣中公路;
500;1;4802935;银安街;
500;1;4802930;南南官大道;
500;1;4802929;樱花路;
500;1;11274406;南演武街;
500;1;1000635;楠江东路;
500;1;1000560;清花东路;
500;1;1000507;玉苍西路;
500;1;999163;雁荡西路;
500;1;11343026;倪家堰路;
500;1;6939024;念眼大桥;
500;1;6938979;会龙村;
500;1;11742323;泰山路南侧;
500;1;11742324;宁波大碶疏港公路泰山路出口匝道;
500;1;11274745;黄山路南侧;
500;1;11274744;宁波大碶疏港公路东侧黄山西路南侧下匝道;
500;1;11274758;进港路南侧;
500;1;11274759;宁波大碶疏港公路东侧进港路南侧下匝道;
500;1;11272374;泰山西路北侧;
500;1;11274756;宁波大碶疏港公路东侧泰山西路北侧出口匝道;
500;1;11742307;宁波大碶疏港公路东侧迎宾路下匝道;
500;1;11742321;宁波大碶疏港公路西侧进港路北侧下匝道;
500;1;11274716;宁波大碶疏港公路西侧泰山西路北侧出口匝道;
500;1;11272378;泰山西路南侧;
500;1;11274755;宁波大碶疏港公路西侧泰山西路南侧出口匝道;
500;1;1067075;宁波路;
500;1;1067076;大连路;
500;1;11274765;宁波绕城高速公路横少线南侧出口匝道;
500;1;11272371;宁波绕城高速公路内圈横少线出口匝道;
500;1;11272372;宁波绕城高速公路内圈横少线北侧出口匝道;
500;1;11272373;宁波绕城高速公路内圈横少线南侧出口匝道;
500;1;11272370;宁波绕城高速公路外圈横少线出口匝道;
500;1;11272766;嵩江东路;
500;1;11208484;康强路;
500;1;11274608;宁南南路;
500;1;11274609;泰康西路;
500;1;11274629;日丽中路;
500;1;11274698;宁徐路;
500;1;12873390;渔基路;
500;1;12873391;贵镇线;
500;1;1000428;三溪路;
500;1;1000608;海宁路;
500;1;999130;横塘街;
500;1;3202681;蛟凤北路;
500;1;1000630;温瑞大道;
500;1;1000570;瓯海大道辅路;
500;1;1000529;三垟大道;
500;1;3202679;瓯海大道高架路;
500;1;3202680;兴业路;
500;1;3202682;站南路;
500;1;3202719;牛山西路;
500;1;1067060;林港路;
500;1;6671791;袍中路;
500;1;6671863;洋江东路;
500;1;6671864;泡读路;
500;1;6671866;世纪街;
500;1;6672015;秦望路;
500;1;15541083;始丰路;
500;1;1067063;蒲江南路;
500;1;1000530;山前路;
500;1;15207994;双馨路;
500;1;6671794;越秀路;
500;1;6671795;越英路;
500;1;11343054;启文路;
500;1;11274662;新典路一零弄;
500;1;11274652;桑园路;
500;1;11272811;嵩江中路;
500;1;11274630;前河南路;
500;1;17274031;学院中路;
500;1;9608156;施家;
500;1;6672055;新甸村;
500;1;9608173;朱家湖公路桥;
500;1;6671950;瓜渔线;
500;1;6939013;钱安线至柯袍线;
500;1;11742327;宋诏桥路;
500;1;12873381;大朱家互通;
500;1;11272768;泰康东路;
500;1;11272770;首南东路;
500;1;12873382;堂五房;
500;1;6671790;汤公路;
500;1;1067078;青龙路;
500;1;4803316;黄岩邮政大楼;
500;1;4803073;后施村;
500;1;9608159;钱清村;
500;1;6671899;偏门直街;
500;1;11274628;学府路;
500;1;11274626;学士路;
500;1;11272888;日新街;
500;1;11274664;三市路;
500;1;11274663;祖关山路;
500;1;11274699;三支街;
500;1;998953;山前街;
500;1;23479827;山阴路至钱陶公路;
500;1;4738442;商海北街;
500;1;3202713;瓯海大道（三垟大道）;
500;1;23479828;海丰路;
500;1;4738665;中村;
500;1;4738666;上北山村;
500;1;6405415;上椒线至Ｓ３２５;
500;1;11274697;上茅巷;
500;1;19478393;申嘉湖高速公路湖州段;
500;1;19478398;姚太线;
500;1;19478394;湖盐公路;
500;1;19478395;南浔服务区;
500;1;20009717;双林收费站;
500;1;19478397;浔练公路;
500;1;20009718;练杭高速公路;
500;1;22946230;申嘉湖高速公路嘉兴段;
500;1;23213091;姚太线;
500;1;23479824;朱枫公路;
500;1;22946231;民屠线;
500;1;23479778;新塍互通;
500;1;23479780;油车港互通;
500;1;23210852;丁枫线;
500;1;15541085;涌雪街;
500;1;15541084;双林路;
500;1;15207906;神丽路至Ｇ３３０;
500;1;11742357;沈海高速公路宁波段;
500;1;12873332;Ｓ２２４;
500;1;11274289;城岭线;
500;1;11343064;象西线;
500;1;11274291;宁海服务区;
500;1;11742329;奉化服务区;
500;1;11742330;大成东路;
500;1;12544506;北岸服务区;
500;1;11343048;慈城服务区;
500;1;11274382;三北东路;
500;1;11274383;中横线;
500;1;12873340;胜新线;
500;1;12873341;芦庵线;
500;1;11274379;南岸服务区;
500;1;11742308;海天一洲;
500;1;4803114;沈海高速公路台州段;
500;1;6405401;大石线;
500;1;4868824;城岭线;
500;1;4738791;台州服务区;
500;1;6405402;Ｓ２２４;
500;1;1000662;沈海高速公路温州段;
500;1;1000247;Ｓ５８;
500;1;3202705;大石线;
500;1;3202694;Ｓ２３２;
500;1;1000249;苍南服务区;
500;1;3202695;苍南大道;
500;1;3202696;萧龙线;
500;1;1000579;汇水河路;
500;1;3202697;飞云互通;
500;1;1000254;虹桥北路;
500;1;3202698;罗山大道;
500;1;999230;七都出入口;
500;1;3202699;万柳线;
500;1;3202703;蒲歧互通;
500;1;1000257;清江服务区;
500;1;3202704;雁荡山互通;
500;1;16275029;人民东路南侧;
500;1;16275030;人民东路北侧;
500;1;6671894;绍兴市工商局越城分局;
500;1;6671896;铁甲营;
500;1;6672061;东山路;
500;1;6405416;梁湖桥前村;
500;1;6405421;新春北路;
500;1;6405417;人民路;
500;1;4738676;洋屿山村;
500;1;4803002;石浜路;
500;1;6671888;世纪东街;
500;1;23479805;月河港桥;
500;1;4738482;沙田村;
500;1;11274411;曙光北路;
500;1;15207997;五星村;
500;1;17941258;曙光北路;
500;1;1067097;渡口东路;
500;1;1000556;塔下路;
500;1;1000667;轻纺路;
500;1;1067064;河西路;
500;1;1000554;五星街;
500;1;18609596;双馨路;
500;1;18609604;西关村;
500;1;18544516;双龙南街;
500;1;15208002;西关村;
500;1;18544557;婺州街;
500;1;23479814;婺州中医门诊部;
500;1;23210892;双园路;
500;1;18544594;四联路;
500;1;23479813;大马家具批发市场;
500;1;18544517;兰溪街;
500;1;12873384;横鄞线;
500;1;11742369;凤起路;
500;1;12873405;鄞奉海事处;
500;1;11274676;四眼碶街;
500;1;11274674;王隘路;
500;1;4803129;松椒线;
500;1;4803128;中心街;
500;1;6405411;六甲里;
500;1;11274413;宋家巷;
500;1;11472907;中兴南路;
500;1;15207896;台金高速公路金华段;
500;1;14473735;Ｓ３５;
500;1;15207897;永康服务区;
500;1;11274627;泰康中路;
500;1;1067101;霸力路;
500;1;23010173;泰宁路;
500;1;11742333;宁波大碶疏港公路泰山路入口匝道;
500;1;12873406;Ｇ３２９（３２９线连接线）;
500;1;11742334;泰山路北侧;
500;1;11742335;宁波大碶疏港公路泰山路北侧入口匝道;
500;1;11274720;宁波大碶疏港公路西侧泰山西路入口匝道;
500;1;12873407;骆霞公路（泰山路）;
500;1;10607370;甬江路;
500;1;11274718;宁波大碶疏港公路东侧泰山西路北侧入口匝道;
500;1;11274722;宁波大碶疏港公路西侧泰山西路北侧入口匝道;
500;1;11274721;宁波大碶疏港公路泰山西路南侧入口匝道;
500;1;6672094;荷湖路;
500;1;11274414;兴宁路４２弄;
500;1;4803071;台州市路桥区蓝天小学;
500;1;6405418;倪李张村;
500;1;4802956;天和路;
500;1;4802890;阜云路;
500;1;11272822;宁波客运中心;
500;1;15207998;大圩村;
500;1;15207999;滨江小区;
500;1;15207927;通江路至Ｇ３３０;
500;1;12873386;丁家山互通;
500;1;11272835;江邵路;
500;1;12873421;庆丰桥（湖西路）;
500;1;12873420;庆丰桥（徐戎路）;
500;1;11742346;通途西路辅路;
500;1;11742347;长乐路;
500;1;15143292;青春苑;
500;1;23210922;同心路;
500;1;23479798;紫溪街;
500;1;4738700;高峰社区卫生服务站;
500;1;6672016;新建南路;
500;1;3202692;中兴大楼;
500;1;11274675;文景街;
500;1;15208000;长城幼儿园;
500;1;12873387;沙河互通;
500;1;17274063;望江西路;
500;1;17275442;东瓯大道;
500;1;17274024;勤奋路;
500;1;17342130;富士达路;
500;1;23479810;妇女儿童活动中心;
500;1;17273954;和平路;
500;1;23479811;江滨公园;
500;1;11272489;望京路;
500;1;12873408;盛家村;
500;1;11274421;横街南路;
500;1;11272843;集仕北路;
500;1;1067066;温州市鹿城区法院;
500;1;1067043;温丽高速公路温州段;
500;1;3202707;青田东互通;
500;1;1000629;桥头服务区;
500;1;3202706;桥头互通;
500;1;999124;朝阳新街;
500;1;1000426;霞坊路;
500;1;999192;月乐街;
500;1;1000631;温瑞大道至南湖路;
500;1;1000444;温瞿西路;
500;1;1067094;景德路;
500;1;1000617;梅东路;
500;1;1000511;站西路;
500;1;11144103;文化路;
500;1;11274667;胜丰路;
500;1;999188;宽带路;
500;1;23010174;亚厦路;
500;1;12873428;中州路;
500;1;18409202;五乡西路;
500;1;12873429;五乡中路;
500;1;15207949;后丰路;
500;1;15142876;婺江东路;
500;1;14537901;中山西路;
500;1;15143304;溪下街;
500;1;11274671;西北街;
500;1;11272858;永丰路;
500;1;11272911;新芝路;
500;1;11274668;西湾路;
500;1;12873409;翠中小区西区;
500;1;9608161;水产村;
500;1;6672065;栖凫村;
500;1;6672049;下白线至解放南路;
500;1;6671987;下大线;
500;1;11272494;县前街;
500;1;11343018;县学街;
500;1;4803275;香格里拉;
500;1;6405419;锦川路（经八路）;
500;1;11272857;永寿街;
500;1;4803143;肖谢路;
500;1;4803342;前头;
500;1;6405420;新城中路至Ｓ３２５;
500;1;12873422;演武街;
500;1;6672019;营桥直街;
500;1;15143333;杨思岭路;
500;1;12873355;新市路;
500;1;3202714;勤奋桥;
500;1;9608171;兴浦路桥至柯海公路;
500;1;6671981;双渎路;
500;1;23010260;洪兴西路;
500;1;4803138;四古庄;
500;1;6405422;徐山路至洪兆西路;
500;1;11274673;薛家南路;
500;1;11343057;宁波诺丁汉大学;
500;1;11274636;求是路;
500;1;11343055;宁波院士雕公园;
500;1;11343056;宁波天一职业技术学院;
500;1;11274700;望童路;
500;1;4803078;尚澄村;
500;1;999219;金桥路;
500;1;1067068;景山公园;
500;1;3202684;雪山路至过境路;
500;1;15541092;迅达路;
500;1;12873358;洪塘西路;
500;1;11274611;雅源北路;
500;1;11274610;万兴路;
500;1;23010177;双珠港;
500;1;9608126;沿江路;
500;1;11272501;偃月街;
500;1;11274623;杨帆路;
500;1;11274622;清水桥路;
500;1;11274621;新晖路;
500;1;1000668;黎明西路二百九十四弄;
500;1;9608162;峧里村;
500;1;6939025;洋观路至解放大道;
500;1;9608177;张市村;
500;1;9608164;永泰村;
500;1;12873410;甬江大桥;
500;1;11274702;药局巷;
500;1;4803355;英皇国际娱乐中心;
500;1;23010168;新平路;
500;1;4803008;银苑路;
500;1;11742348;桃江村;
500;1;9608165;齐贤镇中学;
500;1;11742306;宁波大碶疏港公路西侧迎宾路上匝道;
500;1;11343031;迎春路;
500;1;11274680;迎凤街;
500;1;12873411;仇毕村;
500;1;11742339;永达西路;
500;1;12873412;高塘花园;
500;1;15144045;甬金高速公路金华段;
500;1;15208010;蔡宅收费站;
500;1;13872536;西城路;
500;1;14537696;江东南路;
500;1;15144038;Ｓ３７;
500;1;15144046;东阳服务区;
500;1;15208009;怀鲁收费站;
500;1;14143021;诸永高速公路;
500;1;11274284;甬金高速公路宁波段;
500;1;11274345;Ｓ３６;
500;1;12873334;康平路;
500;1;11343062;奉化三高连接线;
500;1;6607929;甬金高速公路绍兴段;
500;1;8676044;Ｓ３７;
500;1;8071596;Ｓ３６;
500;1;6939031;长乐收费站;
500;1;6672068;嵊张线;
500;1;23479826;明州大道;
500;1;12873378;小港互通;
500;1;23210950;长新公寓;
500;1;23210877;骏达大厦;
500;1;23479806;车城路;
500;1;1000461;游泳桥;
500;1;23479786;余步大桥;
500;1;23479799;长生桥;
500;1;23479800;紫阳桥;
500;1;3202715;瓯江;
500;1;4803327;月河北街至振兴南路;
500;1;6672097;恂北村;
500;1;23210951;景湖花园;
500;1;23479809;祝家浜;
500;1;23210910;栅堰路;
500;1;4738741;惠民小学;
500;1;11272516;镇宁西路;
500;1;12873413;渔基路（宁镇线）;
500;1;23479801;菱坊路（正阳西路）;
500;1;23210944;菱坊路;
500;1;23479802;吉祥大桥;
500;1;11274642;中官路;
500;1;11274641;庆标路;
500;1;11274643;金诚路;
500;1;4738746;南新椒街;
500;1;11742342;河清南路;
500;1;9608179;东盛世家;
500;1;11272519;中宪巷;
500;1;4803065;殿后陶村;
500;1;4802952;中心大道至白云山南路;
500;1;11274438;滨江大道;
500;1;9608133;绍兴互通;
500;1;6938988;中兴大道辅路;
500;1;6672114;大明路;
500;1;9608182;凤凰路;
500;1;4803139;珠光街至东环大道;
500;1;15207887;诸永高速公路金华段;
500;1;15207888;冷沙线;
500;1;15207480;服务区;
500;1;15207889;Ｓ４２;
500;1;15208001;磐安服务区;
500;1;15207891;下新线;
500;1;15207892;Ｓ４０;
500;1;15207893;西郭线;
500;1;6672082;诸永高速公路绍兴段;
500;1;6672104;看芝村;
500;1;8676100;沪昆高速公路;
500;1;6939032;陈宅收费站;
500;1;6939033;璜山收费站;
500;1;6607939;Ｓ２２;
500;1;6938885;暨东路;
500;1;6671768;诸湄线;
500;1;6939034;直埠收费站;
500;1;4803218;诸永高速公路台州段;
500;1;4203132;Ｓ４１;
500;1;5537178;冷沙线;
500;1;4803233;公盂岩;
500;1;4803265;神仙居服务区;
500;1;4803220;下街线;
500;1;4803221;仁大线;
500;1;1066990;诸永高速公路温州段;
500;1;1066991;虹三线;
500;1;3202708;古庙出口;
500;1;1067008;珍上线;
500;1;1067009;珍下线;
500;1;3202702;枫林出口;
500;1;1067011;永嘉服务区;
500;1;12873389;海天路;
500;1;11274393;耕渔南路;
500;1;11742376;尹江新苑;
