CID;TABCD;LCD;CLASS;TCD;STCD;ROADNUMBER;RNID;N1ID;N2ID;POL_LCD;PES_LEV
500;10;30894;L;1;4;;9608153;6671779;6671967;9;
500;10;12431;L;1;4;;16275021;15274021;15541005;6;
500;10;30788;L;1;2;G104;8741037;6671815;9339519;9;
500;10;12439;L;1;4;;14409205;15142812;13872419;6;
500;10;18518;L;1;2;G104;4738495;4738446;3937348;7;
500;10;12444;L;1;4;;15142924;16275022;15208012;6;
500;10;7329;L;1;4;;1067072;1067077;1000543;5;
500;10;19514;L;1;4;;4738633;4738518;4333579;7;
500;10;19618;L;1;4;;17875201;17875368;17875266;7;
500;10;6622;L;1;4;;998982;998995;999013;5;
500;10;30460;L;1;2;G104;6671824;6671825;6671814;9;
500;10;766;L;1;4;;11272597;12873414;11877688;4;
500;10;18748;L;1;4;;4738435;4802856;4738711;7;
500;10;30803;L;1;4;;6671813;6671767;9339519;9;
500;10;18542;L;1;4;;4738446;5472214;4738354;7;
500;10;12561;L;1;4;;15142985;15142933;15143354;6;
500;10;30605;L;1;4;;9339519;8675010;8741037;9;
500;10;19559;L;1;4;;4803301;4803318;4802938;7;
500;10;7140;L;1;4;;1000414;734629;1000582;5;
500;10;30436;L;1;2;;6672076;6671784;9608145;9;
500;10;19615;L;1;2;;4803268;4738989;4803264;7;
500;10;18945;L;1;2;;4803268;4738347;4738495;7;
500;10;18401;L;1;2;;4803268;4802831;4738352;7;
500;10;19613;L;1;2;;4803268;4738391;4738495;7;
500;10;7407;L;1;2;;1000282;1066883;3202711;5;
500;10;24080;L;1;1;G15;22946044;23479765;23210846;8;
500;10;24113;L;1;1;G15;23479767;22946046;23210845;8;
500;10;100;L;2;1;G1501;11274348;;;4;
500;10;18075;L;1;1;G15W;6405398;4269602;4536156;7;
500;10;30593;L;1;3;S31;6671767;9608169;8674930;9;
500;10;48051;L;1;1;G25;18942607;19540176;19676619;12;
500;10;12055;L;1;1;G25;15541005;16275017;15144094;6;
500;10;24201;L;1;1;G2501;22946143;23479760;22280389;8;
500;10;31434;L;1;4;;6539687;6671813;8069957;9;
500;10;31319;L;1;4;;8674943;6671869;6671834;9;
500;10;24801;L;1;4;;22279232;22279299;23010091;8;
500;10;12412;L;1;3;;15142937;15143004;15142955;6;
500;10;637;L;1;4;;11877692;12607148;11742311;4;
500;10;18572;L;1;4;;5472227;6201683;4738446;7;
500;10;24410;L;1;2;G320;23010028;23010035;23010031;8;
500;10;24416;L;1;2;G320;23010035;23010036;22946151;8;
500;10;25228;L;1;2;G320;23479829;23010028;22145827;8;
500;10;24401;L;1;2;;23010022;23010237;23210854;8;
500;10;19506;L;1;3;;6405403;4738989;4738464;7;
500;10;1095;L;1;4;;11274337;12477431;11274410;4;
500;10;772;L;1;3;;11272535;11877692;11272787;4;
500;10;2138;L;1;3;;11274385;11274281;12873364;4;
500;10;12459;L;1;2;G330;13872419;15207965;15541070;6;
500;10;13276;L;1;4;;15541090;13872419;15142967;6;
500;10;24070;L;1;1;G92;23479760;23479769;23479765;8;
500;10;24065;L;1;1;G15W;22946161;23479774;23479765;8;
500;10;93;L;1;1;G9211;11343067;11742292;12873339;4;
500;10;24215;L;7;0;;;23010021;22946143;8;
500;10;24221;L;7;0;;;23010021;23010212;8;
500;10;24217;L;7;0;;;23010021;23010202;8;
500;10;1878;L;1;4;;11210889;11343093;11343095;4;
500;10;31148;L;1;4;;8008140;8674934;7140064;9;
500;10;24213;L;7;0;;;23010207;22946143;8;
500;10;24223;L;7;0;;;23010205;22946143;8;
500;10;6777;L;1;4;;999107;998988;999032;5;
500;10;24440;L;1;3;S07;22946151;23010235;23010054;8;
500;10;24431;L;1;4;;23010047;23479788;23479789;8;
500;10;24485;L;1;3;S07;23010041;23010067;23010058;8;
500;10;24512;L;1;3;S07;23010085;23010054;23010031;8;
500;10;24450;L;1;3;S07;22946151;23010035;23010102;8;
500;10;6911;L;1;4;;1000500;999036;998915;5;
500;10;25231;L;1;3;S07;23210851;23010102;23210953;8;
500;10;6078;L;1;1;S10;1066989;1067044;1066883;5;
500;10;12969;L;1;3;S103;16275024;15142812;15207973;6;
500;10;12579;L;1;3;S103;15142812;15143004;16275024;6;
500;10;30601;L;1;4;;9404399;6671869;8674939;9;
500;10;24807;L;1;4;;23008688;22279232;23479788;8;
500;10;12421;L;1;3;S103;15872393;15142940;15142806;6;
500;10;19437;L;1;4;;6201683;4738448;6405403;7;
500;10;643;L;1;3;S103;12607148;11343065;11877688;4;
500;10;12503;L;1;3;S103;15142909;13872419;15872393;6;
500;10;19032;L;1;4;;4802973;17875290;4738510;7;
500;10;6432;L;1;4;;1600254;999062;1000423;5;
500;10;6424;L;1;4;;999011;2269575;998915;5;
500;10;6428;L;1;4;;999002;998915;1600254;5;
500;10;25342;L;1;3;S07;23479787;22741106;23010040;8;
500;10;24901;L;1;4;;21010349;23010044;23010046;8;
500;10;7024;L;1;4;;1000625;1000525;1000580;5;
500;10;31464;L;1;4;;6938899;6938966;6938971;9;
500;10;30506;L;1;3;S212;6938884;6672096;6671834;9;
500;10;30511;L;1;3;S212;6671834;6938884;6671837;9;
500;10;24549;L;1;4;;23010031;23007830;23010028;8;
500;10;19504;L;1;3;S225;4803267;4738678;4738989;7;
500;10;18442;L;1;3;S225;4738479;4802847;4738492;7;
500;10;12402;L;1;3;S44;15142933;15142806;15143004;6;
500;10;24788;L;1;4;;22279228;23479788;22279299;8;
500;10;30525;L;1;3;S44;8674939;9404399;6671854;9;
500;10;627;L;1;4;;11877688;11272640;11274368;4;
500;10;18437;L;1;4;;4867241;4738492;6200825;7;
500;10;595;L;1;4;;11272706;11272567;12606290;4;
500;10;30563;L;1;4;;8069957;6671844;7536295;9;
500;10;18431;L;1;3;S225;4738589;4738464;4867241;7;
500;10;30104;L;1;1;S24;6938883;7675027;8675066;9;
500;10;18063;L;1;1;S28;5473120;4803025;4738342;7;
500;10;30811;L;1;3;;9608147;8674930;9608170;9;
500;10;13101;L;1;3;S313;16275025;15541071;15207936;6;
500;10;12589;L;1;3;S313;15142806;15142933;15541071;6;
500;10;31372;L;1;4;;8070028;6672033;6671874;9;
500;10;31373;L;1;4;;8070028;8674939;6672023;9;
500;10;1631;L;1;4;;11272777;11272594;11274693;4;
500;10;526;L;1;3;S320;11274593;12873329;11742278;4;
500;10;1916;L;1;3;S320;11343045;11272738;11210889;4;
500;10;1914;L;1;3;S320;11343093;11272801;12873329;4;
500;10;1193;L;1;3;S320;12873356;11274362;11272479;4;
500;10;2117;L;1;3;S320;11742276;12873395;11272738;4;
500;10;1909;L;1;3;S320;11742302;11742277;11274593;4;
500;10;30667;L;1;4;;7404460;7536295;8675010;9;
500;10;6450;L;1;4;;999025;999150;3202687;5;
500;10;19217;L;1;4;;6405413;6405403;4738359;7;
500;10;1902;L;1;4;;11272432;11272584;11272424;4;
500;10;6859;L;1;4;;1664248;998992;2269575;5;
500;10;19162;L;1;4;;4866967;6405434;4802892;7;
500;10;612;L;1;4;;11272432;11272656;11272431;4;
500;10;31349;L;1;4;;6671897;7404460;6672020;9;
500;10;1160;L;1;4;;11274091;12873369;11274400;4;
500;10;18651;L;1;4;;6405405;4738533;4738464;7;
500;10;18768;L;1;4;;4738348;4738579;6405406;7;
500;10;1761;L;1;4;;11343047;11343046;11272735;4;
500;10;1758;L;1;4;;11274596;11274337;11343046;4;
500;10;557;L;1;3;S34;11343065;11742281;12607148;4;
500;10;18692;L;1;4;;4803300;4738742;4738468;7;
500;10;30543;L;1;4;;6671860;7404460;8270318;9;
500;10;19101;L;1;4;;4802994;4802981;4738590;7;
500;10;24973;L;1;4;;23010164;23010097;23010059;8;
500;10;7353;L;1;3;S41;1067080;734629;1000413;5;
500;10;1520;L;1;4;;11274666;11742314;11274665;4;
500;10;18655;L;1;4;;4738459;4803283;4803111;7;
500;10;25190;L;1;4;;23010184;23010066;23010110;8;
500;10;24687;L;1;4;;23010091;23010036;22279232;8;
500;10;25234;L;1;3;S51;23210862;23210953;23479779;8;
500;10;12407;L;1;3;S51;15143004;15142812;15142937;6;
500;10;6606;L;1;4;;2269575;998918;999145;5;
500;10;24795;L;1;4;;22279299;22279228;22279232;8;
500;10;19436;L;1;4;;5472294;5472227;5472223;7;
500;10;30516;L;1;3;S51;8675010;6671837;6671854;9;
500;10;1172;L;1;3;S318;12873345;12873344;11274426;4;
500;10;1186;L;1;3;S59;11274431;11274429;11272837;4;
500;10;1180;L;1;3;S59;11274428;11274429;11274427;4;
500;10;1183;L;1;3;S59;11274429;11274428;11274431;4;
500;10;1177;L;1;3;S59;11274426;12873345;11274427;4;
500;10;817;L;1;3;S59;11272666;11272837;11272459;4;
500;10;12490;L;1;4;;15142930;15142804;15143004;6;
500;10;6453;L;1;4;;2269501;998917;998919;5;
500;10;30672;L;1;4;;8674936;8675010;6671821;9;
500;10;564;L;1;3;S61;11272414;11274353;11272573;4;
500;10;664;L;1;3;S61;11272573;11272640;11272414;4;
500;10;1896;L;1;3;S71;11742285;11742284;11272472;4;
500;10;500;L;1;3;S71;12873370;11742285;11274338;4;
500;10;478;L;1;3;S71;11272536;11274338;11343040;4;
500;10;1894;L;1;3;S71;11742283;11742373;11742284;4;
500;10;12654;L;1;4;;15143058;15143129;15142804;6;
500;10;18456;L;1;3;S75;4738342;4738453;4803267;7;
500;10;6735;L;1;4;;1000445;1000446;1000443;5;
500;10;24996;L;1;4;;23010039;23210866;23010091;8;
500;10;7046;L;1;4;;3000315;998981;998995;5;
500;10;518;L;1;3;S79;11272479;11742289;11272790;4;
500;10;18462;L;1;3;S83;4738343;4802839;4803088;7;
500;10;18466;L;1;3;S83;4738453;4803087;4738342;7;
500;10;19409;L;1;3;S83;4803089;4803088;4803087;7;
500;10;19584;L;1;4;;4803337;4738343;4738425;7;
500;10;24546;L;1;4;X103;22946149;22280389;23010106;8;
500;10;24542;L;1;4;X103;23010105;23010106;22145827;8;
500;10;31512;L;1;4;;9608176;6671782;6671874;9;
500;10;24630;L;1;4;;23479761;23479762;23010130;8;
500;10;24601;L;1;4;X206;23010094;23010067;23010046;8;
500;10;7087;L;1;4;X206;3000404;3202688;1000411;5;
500;10;25222;L;1;4;X212;23010219;23010054;23010266;8;
500;10;24539;L;1;4;X301;23010103;23210872;23010102;8;
500;10;25033;L;1;4;X301;23010072;23010167;23479793;8;
500;10;24531;L;1;4;X305;23010102;23010103;22946151;8;
500;10;933;L;1;4;X814;11272562;11272578;11473067;4;
500;10;25019;L;1;4;X820;23010175;23010049;23010047;8;
500;10;6866;L;1;4;;1000484;998918;1000485;5;
500;10;13117;L;1;4;;15207941;15143004;15143007;6;
500;10;19064;L;1;4;;4802967;4802957;23479830;7;
500;10;30761;L;1;4;;6671916;6671923;6672087;9;
500;10;30754;L;1;4;;6938925;6671804;6671916;9;
500;10;24633;L;1;4;;23010134;23008688;23007830;8;
500;10;19224;L;1;4;;4803279;4803266;6405423;7;
500;10;24637;L;1;4;;23010135;23210863;23479795;8;
500;10;13346;L;1;4;;15142910;13872419;15142913;6;
500;10;12880;L;1;4;;15208012;15142924;13872419;6;
500;10;30737;L;1;4;;6671918;6671917;6671921;9;
500;10;12554;L;1;4;;15142804;15142916;15142933;6;
500;10;12544;L;1;4;;15142916;15142924;15142943;6;
500;10;2043;L;1;4;;11343088;11272791;11343013;4;
500;10;1714;L;1;4;;11343009;11274596;11272791;4;
500;10;1243;L;1;4;;11274590;11272538;11274596;4;
500;10;13282;L;1;4;;15541091;15142908;13872419;6;
500;10;13004;L;1;4;;15143161;15142911;15207909;6;
500;10;13022;L;1;4;;15142908;15207975;13872419;6;
500;10;18594;L;1;4;;4738344;4738459;4738462;7;
500;10;19080;L;1;4;;4803284;4738345;4738589;7;
500;10;19384;L;1;4;;4803079;4803283;4738464;7;
500;10;18590;L;1;4;;4738345;4738464;4738462;7;
500;10;6418;L;1;4;;998913;998991;998992;5;
500;10;6415;L;1;4;;998914;998993;998991;5;
500;10;1831;L;1;4;;12873401;11877692;11272813;4;
500;10;570;L;1;4;;11272417;11272560;11272536;4;
500;10;579;L;1;4;;11272418;11272567;11272560;4;
500;10;18866;L;1;4;;4802908;4738347;4802909;7;
500;10;18869;L;1;4;;6405432;4802908;6405431;7;
500;10;1516;L;1;4;;11274665;12607148;11272754;4;
500;10;703;L;1;4;;11272537;12873337;11272572;4;
500;10;13289;L;1;4;;15143234;15142930;15142931;6;
500;10;1805;L;1;4;;11272817;11343047;12873371;4;
500;10;1802;L;1;4;;11343079;11343076;11343047;4;
500;10;1285;L;1;4;;11272848;11272784;11274607;4;
500;10;13075;L;1;4;;16275027;16275021;15142949;6;
500;10;954;L;1;4;;11274333;11272552;11274348;4;
500;10;704;L;1;4;;11272420;11272573;11272552;4;
500;10;1754;L;1;4;;11343033;11274365;11274660;4;
500;10;19128;L;1;4;;4738747;6200825;4802973;7;
500;10;19192;L;1;4;;4803006;4802847;4738484;7;
500;10;19276;L;1;4;;4738989;4802918;3937348;7;
500;10;12788;L;1;4;;15142807;15142941;15142951;6;
500;10;13139;L;1;4;;15142941;15142918;15207953;6;
500;10;12778;L;1;4;;15142941;15872393;15142807;6;
500;10;12769;L;1;4;;15142967;13872419;15872393;6;
500;10;31325;L;1;4;;6672017;9404399;6938952;9;
500;10;13098;L;1;4;;15143066;15142986;15142845;6;
500;10;13269;L;1;4;;15541088;15541087;15142911;6;
500;10;12764;L;1;4;;15142811;23479831;15142975;6;
500;10;18811;L;1;4;;4802866;4802848;3937348;7;
500;10;584;L;1;4;;11272560;11272417;12606290;4;
500;10;587;L;1;4;;11272422;11272578;11272417;4;
500;10;6811;L;1;4;;1000466;1000418;3202693;5;
500;10;1711;L;1;4;;11274767;11272582;11272706;4;
500;10;592;L;1;4;;11272423;11272582;11272583;4;
500;10;1474;L;1;4;;11272565;11274366;12339566;4;
500;10;412;L;1;4;;11272424;11272432;11272586;4;
500;10;1030;L;1;4;;11272754;12607148;11272727;4;
500;10;1033;L;1;4;;11272754;11272727;11272656;4;
500;10;31221;L;1;4;;6671836;6671813;6671835;9;
500;10;24961;L;1;4;;23479795;23010140;23479758;8;
500;10;24640;L;1;4;;23010137;23010065;23010138;8;
500;10;6921;L;1;4;;1000503;998984;998919;5;
500;10;6850;L;1;4;;1000479;998921;1067084;5;
500;10;31460;L;1;4;;6938966;8270318;8741037;9;
500;10;18965;L;1;4;;4802878;4738464;4738479;7;
500;10;19148;L;1;4;;4803000;4802878;4738364;7;
500;10;24648;L;1;4;;23010051;23010047;23010062;8;
500;10;24652;L;1;4;;23010034;23010062;23010028;8;
500;10;24659;L;1;4;;23010116;23479783;21674196;8;
500;10;24663;L;1;4;;23010078;21674196;23010047;8;
500;10;7115;L;1;4;;1000624;1000548;1067046;5;
500;10;19117;L;1;4;;4802981;4738492;4738590;7;
500;10;31203;L;1;4;;6671868;6607328;8069957;9;
500;10;596;L;1;4;;11272425;11272582;11272656;4;
500;10;1965;L;1;4;;11742337;11272470;11272649;4;
500;10;24671;L;1;4;;23010142;23010068;23010076;8;
500;10;13017;L;1;4;;15143054;15207915;15872393;6;
500;10;1236;L;1;4;;11272742;11272541;11274593;4;
500;10;1904;L;1;4;;11742298;11272572;11272541;4;
500;10;19557;L;1;4;;4738678;4803328;4803267;7;
500;10;36051;L;1;1;;20009716;19478383;19478392;10;
500;10;24675;L;1;4;;23010122;23010092;23479785;8;
500;10;1693;L;1;4;;11274751;11877727;11272555;4;
500;10;1446;L;1;4;;11274647;11274403;11877727;4;
500;10;13071;L;1;4;;15207929;15143002;15143060;6;
500;10;30083;L;1;1;G15W;9608139;7738872;9608142;9;
500;10;24086;L;1;1;;23479782;23479774;23479758;8;
500;10;30658;L;1;4;;6671832;6671831;9404399;9;
500;10;24680;L;1;4;;23010079;23010145;23010078;8;
500;10;1141;L;1;4;;11272749;11272787;11274687;4;
500;10;13292;L;1;4;;15142983;15143234;15142813;6;
500;10;19245;L;1;4;;4802904;6405409;4803019;7;
500;10;13325;L;1;4;;15541099;15142986;15142845;6;
500;10;30501;L;1;4;;6672046;6672023;8741037;9;
500;10;6643;L;1;4;;998915;998995;999002;5;
500;10;30740;L;1;4;;6672023;8070028;6672046;9;
500;10;789;L;1;4;;12873371;11274350;12873337;4;
500;10;1418;L;1;4;;11272852;11274366;11343127;4;
500;10;30478;L;1;4;;6671831;6671780;6671834;9;
500;10;6807;L;1;4;;1000465;2269631;1000418;5;
500;10;1706;L;1;4;;11274686;12873398;11274685;4;
500;10;31579;L;1;4;;6671967;9608149;6607900;9;
500;10;1808;L;1;4;;11274637;12873337;11343080;4;
500;10;1866;L;1;4;;12608181;11742278;11210889;4;
500;10;12697;L;1;4;;15142813;15142982;16275031;6;
500;10;6924;L;1;4;;2269384;1000504;1000649;5;
500;10;2141;L;1;2;G329;12873425;11272572;12873356;4;
500;10;2144;L;1;2;G329;11274362;12873356;11274333;4;
500;10;1037;L;1;4;;11272946;11272656;11877688;4;
500;10;6548;L;1;4;;998916;999003;1000417;5;
500;10;460;L;1;4;;11272426;11272580;11272418;4;
500;10;1080;L;1;4;;11274408;12873415;11272418;4;
500;10;30661;L;1;4;;6671898;9404399;8675066;9;
500;10;1573;L;1;4;;11274678;11272583;11272704;4;
500;10;1576;L;1;4;;11274678;11272586;11343016;4;
500;10;1590;L;1;4;;11274681;11272706;11272586;4;
500;10;7346;L;1;4;;1067079;999186;734808;5;
500;10;6696;L;1;4;;998917;999007;2269501;5;
500;10;18515;L;1;4;;4738347;5472223;3937348;7;
500;10;1614;L;1;4;;11274688;11272597;11877688;4;
500;10;601;L;1;4;;11272427;11272593;11475075;4;
500;10;435;L;1;4;;11272583;11272423;11272567;4;
500;10;6795;L;1;4;;1067048;1000459;998991;5;
500;10;24698;L;1;4;;23010108;23479791;23010031;8;
500;10;13126;L;1;4;;15143169;16275026;15142973;6;
500;10;1820;L;1;4;;11274690;11877688;11343084;4;
500;10;1621;L;1;4;;11272643;11272595;22279228;4;
500;10;1813;L;1;4;;11343081;11272427;11272595;4;
500;10;12606;L;1;4;;15142814;15142985;15142988;6;
500;10;12602;L;1;4;;15142946;15142806;15142985;6;
500;10;12740;L;1;4;;23479831;15143004;15142811;6;
500;10;12823;L;1;4;;15142939;15142992;15142998;6;
500;10;1073;L;1;4;;11274405;11272451;11272578;4;
500;10;13305;L;1;4;;15541098;15142933;16275021;6;
500;10;12988;L;1;4;;15207902;15207900;15207905;6;
500;10;30616;L;1;4;;6671883;9339519;8741037;9;
500;10;31467;L;1;4;;6938973;6671883;6938900;9;
500;10;12630;L;1;4;;15142817;15872393;15143003;6;
500;10;30943;L;1;4;;6671976;6671782;6671928;9;
500;10;30936;L;1;4;;6671805;6671925;6671782;9;
500;10;7370;L;1;4;;1067084;1000479;998992;5;
500;10;2146;L;1;2;G329;11274361;11274333;11877688;4;
500;10;30612;L;1;4;;6671854;9339519;8675010;9;
500;10;7376;L;1;4;;3201139;1067088;1000427;5;
500;10;25310;L;1;4;;23210863;23010270;23010135;8;
500;10;25164;L;1;4;;23010062;23010031;23010270;8;
500;10;7019;L;1;4;;3000338;1000625;1067088;5;
500;10;19094;L;1;4;;4802992;4802981;4738590;7;
500;10;18896;L;1;4;;4738500;4802922;4738495;7;
500;10;31430;L;1;4;;6938935;6671813;6671831;9;
500;10;18643;L;1;4;;4738460;4803283;17810793;7;
500;10;31391;L;1;4;;6671903;8674934;8674936;9;
500;10;2013;L;1;4;;11742292;11272798;11274394;4;
500;10;18641;L;1;4;;4803346;4738479;4802938;7;
500;10;2007;L;1;4;;11742311;12873337;11272798;4;
500;10;12756;L;1;4;;15142818;15143004;15207874;6;
500;10;31360;L;1;4;;6671859;7536295;6671803;9;
500;10;12861;L;1;4;;15142938;15142915;15207899;6;
500;10;19022;L;1;4;;4803111;4738355;4738468;7;
500;10;19603;L;1;2;G104;4802847;4738479;4803006;7;
500;10;12571;L;1;4;;15142919;15142924;15142937;6;
500;10;6879;L;1;4;;1000486;1000490;1067050;5;
500;10;19404;L;1;4;;4802876;4738444;4738468;7;
500;10;6545;L;1;4;;1000411;1000417;734629;5;
500;10;24701;L;1;4;;23010048;23010066;23010031;8;
500;10;19037;L;1;4;;4802979;4333579;4802978;7;
500;10;24709;L;1;4;;23010141;23010074;23010066;8;
500;10;12575;L;1;4;;15142821;15143017;15142930;6;
500;10;24715;L;1;4;;23010148;23010126;23010046;8;
500;10;12871;L;1;4;;15142918;15142924;15142941;6;
500;10;18761;L;1;4;;4738352;4738435;4738498;7;
500;10;6870;L;1;4;;1000485;1000484;1000487;5;
500;10;25333;L;1;4;;23010130;23010097;23479761;8;
500;10;31559;L;1;4;;9608125;9608124;6671825;9;
500;10;31169;L;1;4;;6671817;8674934;7140064;9;
500;10;19589;L;1;4;;4803309;4738342;4803343;7;
500;10;31298;L;1;4;;6938933;6671837;6671840;9;
500;10;609;L;1;4;;11272429;12873337;11272603;4;
500;10;1745;L;1;4;;11343027;11343065;11272649;4;
500;10;31477;L;1;4;;9608152;8741037;6938879;9;
500;10;19610;L;1;2;G104;5472214;4738495;5603311;7;
500;10;13345;L;1;4;;15274021;15208012;16275021;6;
500;10;19608;L;1;2;G104;5603311;5472214;4738347;7;
500;10;30863;L;1;4;;6671955;9608114;6671802;9;
500;10;13337;L;1;4;;16275019;16275020;16275018;6;
500;10;6818;L;1;4;;1000470;1000417;999083;5;
500;10;1596;L;1;4;;11274683;11272656;11274682;4;
500;10;31191;L;1;4;;9608144;8674934;7140064;9;
500;10;6738;L;1;4;;999174;1000663;1000443;5;
500;10;7296;L;1;4;;1000663;998981;999174;5;
500;10;1536;L;1;4;;11272906;11272946;11272642;4;
500;10;19572;L;1;4;;4802942;4802856;4738352;7;
500;10;19520;L;1;4;;4738354;4738446;4738495;7;
500;10;13279;L;1;4;;15207909;15143161;15142967;6;
500;10;25174;L;1;4;;23010265;23010146;23010091;8;
500;10;6611;L;1;4;;998918;999009;3202691;5;
500;10;6616;L;1;4;;998919;999013;999009;5;
500;10;13298;L;1;4;;15143062;15142804;15541095;6;
500;10;13302;L;1;4;;15541097;15143062;15142933;6;
500;10;13295;L;1;4;;15541094;15142933;15142804;6;
500;10;7361;L;1;4;;1067081;999165;999022;5;
500;10;912;L;1;4;;11274368;11274361;11272925;4;
500;10;18601;L;1;4;;4738355;4738508;4738377;7;
500;10;18598;L;1;4;;4738492;4738479;4738508;7;
500;10;1061;L;1;4;;12873380;11877688;11272420;4;
500;10;2121;L;1;4;;12873357;11272420;11272527;4;
500;10;31050;L;1;4;;6671862;6671807;6938879;9;
500;10;12641;L;1;4;;15143000;15143058;15142817;6;
500;10;12614;L;1;4;;15142986;15143062;15541081;6;
500;10;464;L;1;4;;11272564;11272578;11272533;4;
500;10;1996;L;1;4;;11742352;11343040;11272691;4;
500;10;1983;L;1;4;;12873354;11272549;11877692;4;
500;10;1991;L;1;4;;11742343;11742351;12873399;4;
500;10;6676;L;1;4;;998920;998995;1600254;5;
500;10;6583;L;1;4;;998921;999025;999028;5;
500;10;421;L;1;4;;11272431;11272610;10739044;4;
500;10;31340;L;1;4;;6938915;6672018;7536295;9;
500;10;31332;L;1;4;;6671855;9404399;8674939;9;
500;10;6906;L;1;4;;999159;1000416;998984;5;
500;10;6856;L;1;4;;1000481;998992;1000482;5;
500;10;24719;L;1;4;;23010149;23010134;23010112;8;
500;10;1672;L;1;4;;11272738;11272735;11343045;4;
500;10;7049;L;1;4;;1664554;998995;998928;5;
500;10;1922;L;1;4;;11742305;11272572;11742304;4;
500;10;1220;L;1;4;;11272538;11742304;11272735;4;
500;10;24723;L;1;4;;23010095;23010271;23010067;8;
500;10;7384;L;1;4;;1067099;1067100;999032;5;
500;10;18915;L;1;4;;4802931;4803107;4802933;7;
500;10;24727;L;1;4;;23010138;23010062;23010137;8;
500;10;31108;L;1;4;;6671818;7140064;6671796;9;
500;10;1278;L;1;4;;11274606;11675837;11272744;4;
500;10;19524;L;1;4;;4803280;4738641;4738444;7;
500;10;6741;L;1;4;;999100;998981;999003;5;
500;10;2096;L;1;4;;12873352;12873353;11272650;4;
500;10;13008;L;1;4;;15207910;15143129;15207911;6;
500;10;18478;L;1;4;;4738357;4333579;4738515;7;
500;10;18470;L;1;4;;4738359;4738520;4738518;7;
500;10;7124;L;1;4;;1000559;1000549;1067046;5;
500;10;18857;L;1;4;;4802903;4738678;4738347;7;
500;10;436;L;1;4;;11272433;11272425;11272655;4;
500;10;31301;L;1;4;;6671839;6671838;6671884;9;
500;10;19124;L;1;4;;4802978;4738590;4802973;7;
500;10;13129;L;1;4;;15142974;15143004;14409205;6;
500;10;6684;L;1;4;;999027;998991;998992;5;
500;10;24731;L;1;4;;21008751;23010242;23010093;8;
500;10;19067;L;1;4;;4738614;4868626;4738462;7;
500;10;18993;L;1;4;;4738463;4803283;6405403;7;
500;10;19002;L;1;4;;4802963;4738464;4738614;7;
500;10;1374;L;1;4;;11272895;12873337;11274634;4;
500;10;13092;L;1;4;;15207934;15143060;15207935;6;
500;10;6757;L;1;4;;1000454;1000417;998988;5;
500;10;25347;L;1;4;;23010100;23210866;23010097;8;
500;10;13027;L;1;4;;15207919;13872419;15207920;6;
500;10;19528;L;1;4;;4803312;4803313;4738498;7;
500;10;1441;L;1;4;;11274403;11274645;11272573;4;
500;10;6876;L;1;4;;1000489;998919;999096;5;
500;10;12834;L;1;4;;15142958;15142941;15142943;6;
500;10;7398;L;1;2;G104;3202717;998916;3202718;5;
500;10;7409;L;1;2;G104;1000417;998982;998916;5;
500;10;31587;L;1;4;;6671796;6671886;6671867;9;
500;10;7310;L;1;4;;1067061;1067050;999002;5;
500;10;24738;L;1;4;;23010152;23010067;23010044;8;
500;10;1314;L;1;4;;11272831;11274614;11272533;4;
500;10;2061;L;1;4;;11742354;11343040;11274614;4;
500;10;60;L;1;1;;11274280;11274348;10675067;4;
500;10;24207;L;7;0;;;22946143;23010021;8;
500;10;24209;L;7;0;;;22946143;23010207;8;
500;10;24211;L;7;0;;;22946143;23010205;8;
500;10;24219;L;7;0;;;23010212;23010021;8;
500;10;24205;L;7;0;;;23010202;23010205;8;
500;10;24115;L;1;1;;23479777;23479774;23010250;8;
500;10;30051;L;1;1;;9608142;6607900;8071532;9;
500;10;114;L;1;1;;12873331;11274281;11274348;4;
500;10;2093;L;1;4;;12873351;11343065;12873350;4;
500;10;24743;L;1;4;;23010032;23010050;23010028;8;
500;10;24577;L;1;4;;23010033;23010048;23010028;8;
500;10;24584;L;1;4;;23010112;23479796;23010048;8;
500;10;31365;L;1;4;;6671869;8674943;8069957;9;
500;10;25314;L;1;4;;23210945;23010063;22878971;8;
500;10;6412;L;1;4;;998923;999032;998993;5;
500;10;19451;L;1;4;;4802968;4802957;4803360;7;
500;10;12866;L;1;4;;15142936;15142914;15142918;6;
500;10;619;L;1;4;;11272436;12606290;10739044;4;
500;10;7127;L;1;4;;1067052;3000404;1000549;5;
500;10;7304;L;1;4;;1067057;1000458;998993;5;
500;10;6830;L;1;4;;1000473;999150;998919;5;
500;10;2050;L;1;4;;11742280;11272765;11343065;4;
500;10;1083;L;1;4;;11272579;11272451;11272872;4;
500;10;1508;L;1;4;;11274661;12607148;11272754;4;
500;10;1264;L;1;4;;11274592;11274602;11742302;4;
500;10;1260;L;1;4;;11274591;11274601;11274602;4;
500;10;2085;L;1;4;;11272547;11343065;12873337;4;
500;10;7285;L;1;4;;1000659;999096;998915;5;
500;10;18548;L;1;4;;4738360;6201683;5472294;7;
500;10;18552;L;1;4;;4738361;5472294;4803293;7;
500;10;216;L;7;0;;;11272348;11272351;4;
500;10;218;L;7;0;;;11272348;11272353;4;
500;10;220;L;7;0;;;11272360;11274348;4;
500;10;222;L;7;0;;;11272360;11272351;4;
500;10;224;L;7;0;;;11272358;11274348;4;
500;10;958;L;1;4;;12873337;11274371;11272537;4;
500;10;12727;L;1;4;;15142951;15142807;15143017;6;
500;10;7411;L;1;4;;1000514;999021;999022;5;
500;10;24748;L;1;4;;23010069;23010143;23007830;8;
500;10;1692;L;1;4;;11274404;11272555;11343022;4;
500;10;6890;L;1;4;;1000494;1000493;1600188;5;
500;10;25248;L;1;4;;23210875;23010103;23010166;8;
500;10;19489;L;1;4;;4803116;4803135;4738691;7;
500;10;18688;L;1;4;;4738364;4738532;4738479;7;
500;10;25339;L;1;4;;23479764;23010073;23010074;8;
500;10;24764;L;1;4;;23010068;23010156;23479797;8;
500;10;25271;L;1;4;;23210897;23010142;23010066;8;
500;10;18929;L;1;4;;4738486;4803322;4738479;7;
500;10;19480;L;1;4;;4803322;4803132;4738486;7;
500;10;19141;L;1;4;;4802938;4738479;4803304;7;
500;10;12651;L;1;4;;15143003;15143060;15142933;6;
500;10;12690;L;1;4;;15142834;15142928;15142929;6;
500;10;1770;L;1;4;;11343051;11272760;11742310;4;
500;10;31492;L;1;4;;6938989;8741037;6671862;9;
500;10;31571;L;1;4;;9608128;9608127;8741037;9;
500;10;1167;L;1;4;;11272584;11272656;11272841;4;
500;10;30096;L;1;4;;6671779;6671909;6938920;9;
500;10;31515;L;1;4;;9608154;6671779;6938843;9;
500;10;30979;L;1;4;;6471026;6671828;6671925;9;
500;10;31022;L;1;4;;6471026;6671828;6671829;9;
500;10;1618;L;1;4;;11475075;11272427;11877688;4;
500;10;30990;L;1;4;;8272326;6671824;9608117;9;
500;10;31160;L;1;4;;6671816;8008140;8674936;9;
500;10;1816;L;1;4;;11475305;11272596;11877688;4;
500;10;30972;L;1;4;;8272556;6671934;6671927;9;
500;10;31502;L;1;4;;6671975;6671913;9608117;9;
500;10;24051;L;1;1;G60;22280389;23210849;23479774;8;
500;10;12051;L;1;1;;15207964;15009532;15144030;6;
500;10;42051;L;1;1;;20009710;20009706;18411134;11;
500;10;30058;L;1;1;;6672102;9608135;6607928;9;
500;10;36070;L;1;1;;20009724;20009722;19478408;10;
500;10;7301;L;1;4;;1000599;1067056;998988;5;
500;10;13261;L;1;4;;15541086;15142911;15142909;6;
500;10;24777;L;1;4;;23010093;23010121;23010044;8;
500;10;6901;L;1;4;;1000496;998920;1000514;5;
500;10;13062;L;1;4;;15207918;15142908;15207924;6;
500;10;1733;L;1;4;;11343019;11272706;12873400;4;
500;10;30902;L;1;4;;6671928;6671804;6671806;9;
500;10;1274;L;1;4;;11675837;11272791;11274606;4;
500;10;1555;L;1;4;;11274677;11272451;11272422;4;
500;10;25295;L;1;4;;23210936;23010109;23210929;8;
500;10;24784;L;1;4;;23010030;23010078;23010035;8;
500;10;6595;L;1;4;;999013;998919;998915;5;
500;10;624;L;1;4;;11272593;11272637;11272594;4;
500;10;12586;L;1;3;;15207982;15142937;14409205;6;
500;10;31498;L;1;4;;6938996;6671807;6938953;9;
500;10;31337;L;1;4;;6672018;6671855;6938915;9;
500;10;13134;L;1;4;;15207943;14409205;15541005;6;
500;10;1794;L;1;4;;11343076;11343077;11343047;4;
500;10;1791;L;1;4;;11343077;11274350;11343076;4;
500;10;31439;L;1;4;;6671943;6671813;6672089;9;
500;10;18528;L;1;4;;4738449;6405412;6201683;7;
500;10;2113;L;1;4;;12873349;11272547;12873350;4;
500;10;18887;L;1;4;;4802918;6405435;6405412;7;
500;10;19229;L;1;4;;6405407;4802918;4802914;7;
500;10;1858;L;1;4;;11343014;11272363;11343091;4;
500;10;226;L;7;0;;;11272384;11274717;4;
500;10;1853;L;1;4;;11272384;11272738;11343014;4;
500;10;6884;L;1;4;;1000488;1000485;17274042;5;
500;10;12534;L;1;4;;15142836;15143002;15142804;6;
500;10;19398;L;1;4;;4738508;4803051;4802981;7;
500;10;18932;L;1;4;;4802937;4738479;4803300;7;
500;10;6990;L;1;4;;1664340;1000497;999161;5;
500;10;19210;L;1;4;;4802936;4803007;4802874;7;
500;10;6437;L;1;4;;1000420;998928;1000423;5;
500;10;19206;L;1;4;;4803007;4803006;4802874;7;
500;10;19250;L;1;4;;4802907;4803019;4802912;7;
500;10;6655;L;1;4;;1600188;998995;999002;5;
500;10;18635;L;1;4;;4738481;4738468;4738492;7;
500;10;1946;L;1;4;;11143946;11742315;11343022;4;
500;10;7175;L;1;3;;998928;999161;1000592;5;
500;10;650;L;1;4;;11742279;11343065;11742315;4;
500;10;1933;L;1;4;;11742314;12873375;11272714;4;
500;10;18757;L;1;4;;5400638;4738435;4738498;7;
500;10;12910;L;1;4;;15142837;15143116;15142909;6;
500;10;457;L;1;4;;11272569;11272418;12606290;4;
500;10;31305;L;1;4;;6671803;8674943;6671854;9;
500;10;30873;L;1;4;;6671803;6671824;9608153;9;
500;10;19154;L;1;4;;4802941;4738352;4802833;7;
500;10;24817;L;1;4;;23010111;23010039;23007830;8;
500;10;24822;L;1;4;;23010145;23010075;23008688;8;
500;10;660;L;1;4;;11272447;11742366;11742316;4;
500;10;845;L;1;4;;11272448;11272671;11272672;4;
500;10;12980;L;1;4;;15207900;15207901;15207902;6;
500;10;18482;L;1;4;;4738521;6405403;4738359;7;
500;10;18684;L;1;4;;4738533;4738485;4803283;7;
500;10;19087;L;1;4;;4802962;6405403;4738359;7;
500;10;24522;L;1;3;;23010036;23010035;23010067;8;
500;10;24833;L;1;4;;23010163;23010046;23010107;8;
500;10;24528;L;1;3;;23010071;23210869;21674196;8;
500;10;24508;L;1;4;;23010058;23010041;23010096;8;
500;10;24571;L;1;4;;23479783;23010253;23010036;8;
500;10;24613;L;1;4;X206;23479785;23010054;23010067;8;
500;10;18459;L;1;4;;4738375;4802859;4803309;7;
500;10;24837;L;1;4;;23010064;22279228;23010050;8;
500;10;24842;L;1;4;;23010114;22279232;22279228;8;
500;10;1464;L;1;4;;11272812;11272483;12873376;4;
500;10;2023;L;1;4;;11272833;11272533;12339566;4;
500;10;30907;L;1;4;;6671925;6671802;6471026;9;
500;10;31026;L;1;4;;6671881;6671882;9404399;9;
500;10;7111;L;1;4;;1000557;1000548;1067046;5;
500;10;1067;L;1;4;;11343022;10675067;11272573;4;
500;10;19029;L;1;4;;4738587;4738518;4802977;7;
500;10;19107;L;1;4;;4802977;6200825;4738587;7;
500;10;19104;L;1;4;;4738745;4738590;6200825;7;
500;10;670;L;1;4;;11272568;11272418;11343029;4;
500;10;1611;L;1;4;;11274687;11274418;11272568;4;
500;10;676;L;1;4;;11272451;11272470;11272418;4;
500;10;732;L;1;4;;11272558;11742276;11272686;4;
500;10;679;L;1;4;;12339566;11272562;11742292;4;
500;10;689;L;1;4;;11272454;11272704;12606290;4;
500;10;31552;L;1;4;;9608123;9608122;6938926;9;
500;10;12723;L;1;4;;15143018;15142929;15142821;6;
500;10;18450;L;1;3;;4738456;6405403;4738343;7;
500;10;18665;L;1;4;;4738377;4738575;4738355;7;
500;10;18803;L;1;4;;4738575;4738579;4738377;7;
500;10;18772;L;1;4;;4738498;4738581;4738468;7;
500;10;6798;L;1;4;;1000460;1000458;998991;5;
500;10;30577;L;1;4;;7536295;8069957;8674939;9;
500;10;18495;L;1;4;;4333579;6200825;4738587;7;
500;10;529;L;1;4;;10739044;12606290;12873417;4;
500;10;30582;L;1;4;;6671874;7536295;6938923;9;
500;10;12660;L;1;4;;15142929;15142804;15142982;6;
500;10;6688;L;1;4;;998992;2269501;999145;5;
500;10;24847;L;1;4;;21674092;23010107;23010115;8;
500;10;13208;L;1;4;;15208003;15208004;15142924;6;
500;10;1281;L;1;4;;11274607;12873337;11272848;4;
500;10;12621;L;1;4;;15142987;15142933;16275021;6;
500;10;13228;L;1;4;;15541082;15142912;15142837;6;
500;10;1958;L;1;4;;11742325;11272549;11742326;4;
500;10;12902;L;1;4;;15142913;13872419;15142909;6;
500;10;19545;L;1;4;;4803106;4738513;4738587;7;
500;10;13053;L;1;4;;15207873;13872419;15142967;6;
500;10;12480;L;1;4;;15207959;15207983;15143110;6;
500;10;30769;L;1;4;;6607900;6671824;9608142;9;
500;10;19241;L;1;4;;4802913;4802914;4803017;7;
500;10;12497;L;1;4;;15143005;15143004;15143148;6;
500;10;13272;L;1;4;;15143355;15142914;15142916;6;
500;10;12626;L;1;4;;15142845;15143149;15541099;6;
500;10;13049;L;1;4;;15207923;15142967;15207922;6;
500;10;13111;L;1;4;;15207939;15142952;15207940;6;
500;10;12891;L;1;4;;15142911;13872419;15143161;6;
500;10;12884;L;1;4;;15143050;15142924;13872419;6;
500;10;13340;L;1;4;;15143197;14409205;15207943;6;
500;10;13333;L;1;4;;16275018;15142812;16275019;6;
500;10;13159;L;1;4;;15143110;15207959;15872393;6;
500;10;18872;L;1;4;;4802912;4802913;3937348;7;
500;10;6773;L;1;4;;1000457;998986;1067056;5;
500;10;6934;L;1;4;;1000416;998915;999161;5;
500;10;6473;L;1;3;;998984;999081;998920;5;
500;10;6961;L;1;4;;1000512;998915;1000513;5;
500;10;230;L;7;0;;;11274593;11274717;4;
500;10;228;L;7;0;;;11274762;11274719;4;
500;10;42065;L;1;1;;20009631;20009632;23479823;11;
500;10;24851;L;1;4;;23010045;23010148;23010164;8;
500;10;19458;L;1;4;;4803320;4803051;4738355;7;
500;10;18629;L;1;4;;4738480;4803058;5472262;7;
500;10;2001;L;1;4;;11742353;11272535;11742360;4;
500;10;1087;L;1;4;;11272607;12873419;11272535;4;
500;10;24856;L;1;4;;23010127;23010094;23010126;8;
500;10;13013;L;1;4;;15541078;15274021;15207962;6;
500;10;13222;L;1;4;;15541080;15541078;13872419;6;
500;10;24860;L;1;4;;23010080;23010041;23010045;8;
500;10;18622;L;1;4;;4738547;4738481;4738509;7;
500;10;31425;L;1;4;;6671902;8069957;6938935;9;
500;10;31014;L;1;4;;6671806;6671829;9608119;9;
500;10;31008;L;1;4;;6671829;6671813;6471026;9;
500;10;13001;L;1;4;;15142969;15142909;15142967;6;
500;10;18538;L;1;4;;4738499;5472294;4803060;7;
500;10;2038;L;1;4;;11343035;11272420;12873402;4;
500;10;6784;L;1;4;;1000458;2269631;1067057;5;
500;10;19530;L;1;4;;4803308;4738468;4802876;7;
500;10;18523;L;1;4;;4738494;4738361;4803278;7;
500;10;2081;L;1;4;;12873348;12873337;11272671;4;
500;10;1321;L;1;4;;12339726;11272533;12873403;4;
500;10;24866;L;1;4;;22741266;21674196;23010166;8;
500;10;439;L;1;4;;11272586;11272706;11272436;4;
500;10;18618;L;1;4;;5472262;4738479;4738481;7;
500;10;12745;L;1;4;;15143007;16275026;15143374;6;
500;10;6421;L;1;4;;999028;998992;2269575;5;
500;10;19594;L;1;4;;4803293;4738354;4738495;7;
500;10;18614;L;1;4;;4738461;4738614;4738479;7;
500;10;1906;L;1;4;;11742300;11343084;12873404;4;
500;10;30727;L;1;4;;6671915;6671916;6671917;9;
500;10;30731;L;1;4;;6671917;6607900;6672091;9;
500;10;30742;L;1;4;;6671804;6671824;6938925;9;
500;10;30921;L;1;4;;6671977;6938843;6671806;9;
500;10;30784;L;1;4;;6938920;6671782;6607900;9;
500;10;31521;L;1;4;;6939017;6938920;6671787;9;
500;10;30916;L;1;4;;6938843;6671813;6671824;9;
500;10;30983;L;1;4;;6671828;6671813;6671824;9;
500;10;31036;L;1;4;;6671944;9608147;6671895;9;
500;10;31104;L;1;4;;6671944;6671881;9608183;9;
500;10;7004;L;1;4;;1000523;999161;999052;5;
500;10;7342;L;1;4;;734808;1067079;998928;5;
500;10;31214;L;1;4;;7140243;6672013;6671835;9;
500;10;12845;L;1;4;;15142915;13872419;18544542;6;
500;10;18556;L;1;4;;4738389;4738617;5472223;7;
500;10;12636;L;1;4;;15143059;15872393;15143002;6;
500;10;31356;L;1;4;;8675065;7536295;6671860;9;
500;10;18559;L;1;4;;4738523;4738405;4738617;7;
500;10;31138;L;1;4;;6671922;6938879;6938926;9;
500;10;6460;L;1;4;;999001;998915;998920;5;
500;10;6456;L;1;4;;999009;998919;998915;5;
500;10;7154;L;1;4;;1000569;999009;1000485;5;
500;10;12519;L;1;4;;15142973;16275028;14409205;6;
500;10;12508;L;1;4;;15142940;15872393;16275028;6;
500;10;6822;L;1;4;;1000472;1000417;998982;5;
500;10;696;L;1;4;;11272458;11272710;11272567;4;
500;10;1824;L;1;4;;11343084;12873380;11274690;4;
500;10;813;L;1;4;;11272459;11272665;11274701;4;
500;10;1786;L;1;4;;11343011;11272603;11272665;4;
500;10;2052;L;1;4;;12873350;12873351;11742366;4;
500;10;1020;L;1;4;;11272632;11272547;12873337;4;
500;10;6837;L;1;4;;999111;999007;999025;5;
500;10;7151;L;1;4;;1000568;999111;998917;5;
500;10;708;L;1;4;;11272665;11742314;12607148;4;
500;10;711;L;1;4;;11272671;11272447;11742314;4;
500;10;2072;L;1;4;;12873346;12873347;11272671;4;
500;10;36082;L;1;1;;20009721;20009719;19745065;10;
500;10;2058;L;1;4;;11272837;11272666;11742315;4;
500;10;1489;L;1;4;;11272648;11343032;11274365;4;
500;10;7299;L;1;4;;1067053;1000549;1067046;5;
500;10;30508;L;1;4;;6938926;6671918;6671792;9;
500;10;13036;L;1;4;;15207924;15207921;15208007;6;
500;10;31152;L;1;4;;6672008;8008140;9608144;9;
500;10;13030;L;1;4;;15207920;15207919;15207921;6;
500;10;19517;L;1;4;;4803294;4738498;4738529;7;
500;10;19525;L;1;4;;4803353;4803294;4803312;7;
500;10;18779;L;1;4;;4803299;4803294;4803300;7;
500;10;716;L;1;4;;11272567;11272582;11272704;4;
500;10;18706;L;1;4;;4738391;4802863;4802864;7;
500;10;18703;L;1;4;;4802865;4738638;4802863;7;
500;10;18808;L;1;4;;4802867;4802866;4738638;7;
500;10;31379;L;1;4;;6938903;8741037;6671862;9;
500;10;24875;L;1;4;;23010042;23010152;23010087;8;
500;10;1327;L;1;4;;11274618;11272691;11742292;4;
500;10;19098;L;1;4;;4802980;4738590;6200825;7;
500;10;721;L;1;4;;11272655;12607148;11272706;4;
500;10;1050;L;1;4;;11274400;11274399;11272841;4;
500;10;6518;L;1;4;;999003;998916;1000417;5;
500;10;6948;L;1;4;;1000419;998995;999013;5;
500;10;25265;L;1;4;;23210887;23010116;23010066;8;
500;10;7334;L;1;4;;1067049;1067072;1000432;5;
500;10;7070;L;1;4;;1000432;1000421;998928;5;
500;10;13041;L;1;4;;15207872;13872419;15207922;6;
500;10;6847;L;1;4;;1000478;998917;998919;5;
500;10;24757;L;1;4;;23010244;23010243;21674196;8;
500;10;7052;L;1;4;;1000431;998981;998928;5;
500;10;6944;L;1;4;;999135;998981;998995;5;
500;10;6553;L;1;4;;998939;1067058;999003;5;
500;10;1721;L;1;4;;11343012;11272791;11742298;4;
500;10;30735;L;1;4;;6671841;8675010;6672109;9;
500;10;31368;L;1;4;;6671870;9404399;8069957;9;
500;10;31289;L;1;4;;6671858;8270158;8675010;9;
500;10;24888;L;1;4;;23010046;23010117;23010059;8;
500;10;6440;L;1;4;;998988;734629;999082;5;
500;10;31272;L;1;4;;6672109;6671841;6671842;9;
500;10;18900;L;1;4;;4802848;4802923;4738352;7;
500;10;18752;L;1;4;;4738497;6403755;4738479;7;
500;10;13266;L;1;4;;15541087;15541086;15541088;6;
500;10;18490;L;1;4;;4738518;4738589;4738587;7;
500;10;13105;L;1;4;;15207936;16275025;15208008;6;
500;10;13108;L;1;4;;15207938;15207936;15142985;6;
500;10;7119;L;1;4;;1000551;1000548;1000414;5;
500;10;727;L;1;4;;11272527;11272414;11274362;4;
500;10;12460;L;1;4;;15142947;15142806;16275021;6;
500;10;6527;L;1;4;;999007;999083;998919;5;
500;10;6523;L;1;4;;998942;999081;999083;5;
500;10;19220;L;1;4;;4803264;6405403;3937348;7;
500;10;1043;L;1;4;;11274363;11272727;11272656;4;
500;10;1628;L;1;4;;11274691;11274692;11272777;4;
500;10;1460;L;1;4;;11274651;12873376;11272472;4;
500;10;1047;L;1;4;;11274399;11272656;11274091;4;
500;10;18960;L;1;4;;4802946;4802945;4738497;7;
500;10;18956;L;1;4;;4802945;4738435;4802946;7;
500;10;7060;L;1;4;;1000421;1067071;999060;5;
500;10;7055;L;1;4;;1000421;1067069;998928;5;
500;10;1636;L;1;4;;11274694;11272568;11742368;4;
500;10;1386;L;1;4;;11274635;11272472;11274366;4;
500;10;1378;L;1;4;;11274633;11272895;11272470;4;
500;10;1381;L;1;4;;11274632;11272470;11272472;4;
500;10;31453;L;1;4;;6938932;9339519;6938897;9;
500;10;31528;L;1;4;;9608114;7140064;6671780;9;
500;10;1310;L;1;4;;11274614;11272535;11742322;4;
500;10;946;L;1;4;;11272608;11272568;11272535;4;
500;10;6625;L;1;4;;999096;998984;999009;5;
500;10;1432;L;1;4;;11274640;11274639;11272925;4;
500;10;12837;L;1;4;;15142961;15142941;15142943;6;
500;10;25261;L;1;4;;23210866;23010100;23479763;8;
500;10;13184;L;1;4;;15143121;15143017;15142931;6;
500;10;1253;L;1;4;;11272744;11274597;11742302;4;
500;10;1248;L;1;4;;11274597;11272738;11272744;4;
500;10;25348;L;1;4;;23010109;23210936;23010140;8;
500;10;18735;L;1;4;;4738438;4803314;4738497;7;
500;10;18936;L;1;4;;4803352;4738438;4803294;7;
500;10;19187;L;1;4;;4802932;4738639;4802847;7;
500;10;24896;L;1;4;;22946228;23010216;23010067;8;
500;10;24905;L;1;4;;23010084;23010130;23010098;8;
500;10;18920;L;1;4;;4802934;4802865;4802932;7;
500;10;19183;L;1;4;;4802930;4738638;4738639;7;
500;10;6629;L;1;4;;999036;998995;998984;5;
500;10;31207;L;1;4;;6607328;6671831;6671868;9;
500;10;24911;L;1;4;;23010098;23010083;23010089;8;
500;10;24917;L;1;4;;23010044;23010092;23010083;8;
500;10;1076;L;1;4;;11274406;11272578;11272580;4;
500;10;7066;L;1;4;;1000537;1000421;998928;5;
500;10;1603;L;1;4;;11274685;11274686;11272578;4;
500;10;1493;L;1;4;;11274659;12607148;11272649;4;
500;10;12831;L;1;4;;15142942;15142958;15142916;6;
500;10;734;L;1;4;;11272727;11272655;11272425;4;
500;10;1126;L;1;4;;11274364;11272578;11272580;4;
500;10;7373;L;1;4;;1000635;1000560;734629;5;
500;10;7307;L;1;4;;1067059;1067046;1000560;5;
500;10;7009;L;1;4;;1000508;998995;998928;5;
500;10;1742;L;1;4;;11343026;11877688;11272574;4;
500;10;31474;L;1;4;;6939024;6938979;6671792;9;
500;10;242;L;7;0;;;11272363;11742323;4;
500;10;201;L;1;1;;11272363;12873333;11210889;4;
500;10;234;L;7;0;;;11274719;11274745;4;
500;10;236;L;7;0;;;11274719;11274758;4;
500;10;240;L;7;0;;;11274719;11272374;4;
500;10;232;L;7;0;;;11274719;11210889;4;
500;10;238;L;7;0;;;11274717;11274762;4;
500;10;246;L;7;0;;;11274717;11272374;4;
500;10;244;L;7;0;;;11274717;11272378;4;
500;10;7322;L;1;4;;1067075;1067076;1000443;5;
500;10;256;L;7;0;;;11274348;11272358;4;
500;10;248;L;7;0;;;11272351;11272348;4;
500;10;250;L;7;0;;;11272351;11272360;4;
500;10;252;L;7;0;;;11272351;11272358;4;
500;10;254;L;7;0;;;11272353;11272348;4;
500;10;1955;L;1;4;;11272574;11343026;11272420;4;
500;10;1450;L;1;4;;11274366;11742326;11877692;4;
500;10;1798;L;1;4;;11272650;11343047;12873337;4;
500;10;745;L;1;4;;11272470;12873337;11272451;4;
500;10;1294;L;1;4;;11274608;11272549;12873337;4;
500;10;2150;L;1;2;G329;11343040;11272787;11742355;4;
500;10;1646;L;1;4;;11274698;11274337;11272608;4;
500;10;545;L;1;4;;12873366;12873390;11272777;4;
500;10;24927;L;1;4;;23010126;23010042;23010148;8;
500;10;7131;L;1;4;;1067046;734629;1000551;5;
500;10;6509;L;1;4;;998981;1000428;1000608;5;
500;10;7160;L;1;4;;1000570;1000630;999060;5;
500;10;7391;L;1;4;;3202679;3202680;3202682;5;
500;10;7079;L;1;4;;1067050;2269575;1067061;5;
500;10;31059;L;1;4;;6671791;6671863;6671867;9;
500;10;31055;L;1;4;;6671864;6938879;6671792;9;
500;10;12680;L;1;4;;15143017;15143121;15142821;6;
500;10;30491;L;1;4;;6671838;6671837;9339519;9;
500;10;30486;L;1;4;;6671835;6671834;6671837;9;
500;10;13230;L;1;4;;15207901;15207900;15541083;6;
500;10;6814;L;1;4;;1000468;1000417;999083;5;
500;10;7043;L;1;4;;1000534;998928;1000420;5;
500;10;7038;L;1;4;;999052;998995;998928;5;
500;10;7035;L;1;4;;1067063;1000530;998995;5;
500;10;6670;L;1;4;;999066;998928;1000420;5;
500;10;12812;L;1;4;;15142954;15142940;15142943;6;
500;10;7179;L;1;4;;3202693;998991;1000466;5;
500;10;31090;L;1;4;;6671887;6671792;6671797;9;
500;10;1968;L;1;4;;11343054;11343033;11274662;4;
500;10;811;L;1;4;;11272603;11272429;11343065;4;
500;10;1718;L;1;4;;11272654;11742314;12607148;4;
500;10;1579;L;1;4;;11272600;11272583;11274678;4;
500;10;1369;L;1;4;;11274631;12873337;11274652;4;
500;10;1366;L;1;4;;11274630;11272819;12873337;4;
500;10;6897;L;1;4;;1000495;17274031;999001;5;
500;10;31589;L;1;4;;6671787;7140064;6671916;9;
500;10;31518;L;1;4;;6939013;6671787;6938920;9;
500;10;750;L;1;4;;11272472;12873337;11742327;4;
500;10;755;L;1;4;;11272473;11272768;12873337;4;
500;10;1226;L;1;4;;11272801;11272735;11343045;4;
500;10;1961;L;1;4;;11742291;12873382;11272735;4;
500;10;30419;L;1;4;;6671782;6938920;7140064;9;
500;10;30401;L;1;4;;6671784;6671813;6671782;9;
500;10;6887;L;1;4;;1000492;998915;1000493;5;
500;10;12930;L;1;4;;15143079;15142951;15142952;6;
500;10;31256;L;1;4;;6672015;6671838;6671884;9;
500;10;6557;L;1;4;;998993;1000417;999145;5;
500;10;24933;L;1;4;;23010107;23479797;23010046;8;
500;10;12701;L;1;4;;15142931;15142804;15142930;6;
500;10;13095;L;1;4;;15207935;15207934;15142836;6;
500;10;760;L;1;3;;11272640;11877688;11272573;4;
500;10;7338;L;1;4;;1067078;1000421;998928;5;
500;10;18535;L;1;4;;4738617;4738389;5472294;7;
500;10;19042;L;1;4;;4738590;4867241;4802973;7;
500;10;13082;L;1;4;;14409300;15143058;15143060;6;
500;10;18532;L;1;4;;4738542;6201683;4738523;7;
500;10;763;L;1;4;;11272644;11272596;11877688;4;
500;10;1737;L;1;4;;11343020;11272643;11475305;4;
500;10;6986;L;1;4;;1000497;1000496;1000514;5;
500;10;19256;L;1;4;;4802905;4802912;4803073;7;
500;10;24944;L;1;4;;23010083;23010041;23010044;8;
500;10;1023;L;1;4;;11274396;11272632;11272671;4;
500;10;12997;L;1;4;;15207908;15142909;15143161;6;
500;10;12994;L;1;4;;15143260;15142910;15142909;6;
500;10;30556;L;1;4;;6672107;8741037;6671862;9;
500;10;31598;L;1;4;;6671913;6671803;6671797;9;
500;10;30700;L;1;4;;6671781;7140064;6671803;9;
500;10;30714;L;1;4;;6671877;6671807;6938879;9;
500;10;19077;L;1;4;;23479830;4803285;4803288;7;
500;10;12425;L;1;4;;15143060;15872393;15142804;6;
500;10;30664;L;1;4;;8675066;6671899;8069957;9;
500;10;6446;L;1;4;;2269631;999082;999150;5;
500;10;1354;L;1;4;;11272769;11272473;11742325;4;
500;10;1349;L;1;4;;11274629;11274608;11272473;4;
500;10;1583;L;1;4;;11272888;11272704;12606290;4;
500;10;25257;L;1;4;;23010240;22946228;23479761;8;
500;10;31066;L;1;4;;6671867;6671790;6671797;9;
500;10;1504;L;1;4;;11274664;11274663;11272425;4;
500;10;24949;L;1;4;;23010162;23010145;23008688;8;
500;10;6732;L;1;4;;1000428;998981;1000446;5;
500;10;7028;L;1;4;;1000529;1000630;998981;5;
500;10;25349;L;1;4;;23010049;23010048;23010064;8;
500;10;1651;L;1;4;;11274699;11272425;11272582;4;
500;10;1147;L;1;4;;11272563;11272578;11272533;4;
500;10;6853;L;1;4;;1000480;1000479;998992;5;
500;10;6699;L;1;4;;998953;998984;999007;5;
500;10;7032;L;1;4;;1000530;1000529;1067063;5;
500;10;30596;L;1;4;;6671780;8674930;6671881;9;
500;10;30831;L;1;4;;6671780;9608114;8272556;9;
500;10;30844;L;1;4;;23479827;6671780;6671782;9;
500;10;31266;L;1;4;;6671900;6671839;6671842;9;
500;10;18728;L;1;4;;4738441;4738638;4802847;7;
500;10;18709;L;1;4;;4738442;4802863;4802874;7;
500;10;18713;L;1;4;;4803107;4738641;4802863;7;
500;10;31446;L;1;4;;6938953;8674939;7536295;9;
500;10;6673;L;1;4;;999051;3202713;998928;5;
500;10;19403;L;1;4;;4738468;23479828;6405403;7;
500;10;19214;L;1;4;;6405415;4738468;6405403;7;
500;10;1643;L;1;4;;11274697;12606290;11274337;4;
500;10;1593;L;1;4;;11274682;11272610;11272584;4;
500;10;24957;L;1;4;;23010113;23007830;22279228;8;
500;10;36063;L;1;1;;19478393;18942607;19478398;10;
500;10;24093;L;1;1;;22946230;23213091;23479824;8;
500;10;13239;L;1;4;;15207905;15541085;15207902;6;
500;10;12991;L;1;4;;15207906;15207905;13872419;6;
500;10;55;L;1;1;;11742357;12873332;11473306;4;
500;10;82;L;1;1;;11742357;11343022;12544506;4;
500;10;18051;L;1;1;;4803114;6405401;4868824;7;
500;10;6055;L;1;1;;1000662;1000247;3202705;5;
500;10;30650;L;1;4;;6671853;7536295;6938932;9;
500;10;13190;L;1;4;;15142982;15143017;15143241;6;
500;10;30888;L;1;4;X305;9608150;6671782;6671967;9;
500;10;30640;L;1;4;;6671882;6671829;6671853;9;
500;10;6792;L;1;4;;1000459;1000458;1067048;5;
500;10;1317;L;1;4;;11742322;11343040;11272533;4;
500;10;31237;L;1;4;;6672014;6672061;6671943;9;
500;10;12610;L;1;4;;15142990;15142946;16275021;6;
500;10;18577;L;1;4;;4738405;4803281;4738641;7;
500;10;19424;L;1;4;;4738641;3937348;4738638;7;
500;10;19536;L;1;4;;4803281;4803279;4738405;7;
500;10;18776;L;1;4;;4738579;4738498;4738575;7;
500;10;19166;L;1;4;;4803002;4802892;4738435;7;
500;10;1306;L;1;4;;11274612;11742314;11343065;4;
500;10;13254;L;1;4;;15541083;15208012;15142882;6;
500;10;2148;L;1;2;G329;11272535;11877688;11272787;4;
500;10;31085;L;1;4;;6671888;6671792;6671795;9;
500;10;31080;L;1;4;;6671866;6671790;6671792;9;
500;10;24965;L;1;4;;23010037;23010100;23479805;8;
500;10;18606;L;1;4;;4738462;4738468;4738481;7;
500;10;19430;L;1;4;;4803051;4738481;4738509;7;
500;10;6601;L;1;4;;998997;998915;999161;5;
500;10;1363;L;1;4;;11272770;11272473;11742325;4;
500;10;1357;L;1;4;;11272819;11274608;11272473;4;
500;10;19131;L;1;4;;4738509;4738482;4738510;7;
500;10;12906;L;1;4;;15142868;15142911;15143116;6;
500;10;1109;L;1;4;;11274411;12477431;11272533;4;
500;10;25319;L;1;4;;22878971;23010028;23210945;8;
500;10;13089;L;1;4;;15742676;15207997;15142836;6;
500;10;1105;L;1;4;;12477431;12606290;17941258;4;
500;10;2055;L;1;4;;11742368;11274694;12477431;4;
500;10;31539;L;1;4;;6939023;6671928;9608117;9;
500;10;13235;L;1;4;;15541084;15207900;15541083;6;
500;10;12527;L;1;4;;15143001;15142914;15142817;6;
500;10;12533;L;1;4;;15142914;15142924;15142943;6;
500;10;7405;L;1;2;G104;1000525;3202709;998982;5;
500;10;18925;L;1;4;;4802874;4738391;4802936;7;
500;10;7098;L;1;4;;1000549;1067097;1000556;5;
500;10;12792;L;1;4;;15142943;15142954;15142961;6;
500;10;13349;L;1;4;;18609596;18609604;18544516;6;
500;10;25268;L;1;4;;23210892;23010066;23010090;8;
500;10;6754;L;1;4;;1000453;1000417;999082;5;
500;10;31225;L;1;4;;6671884;6671813;9339519;9;
500;10;12807;L;1;4;;15142992;15142940;15142915;6;
500;10;964;L;1;4;;11272765;12873384;11742280;4;
500;10;1405;L;1;4;;11272765;11272472;11742369;4;
500;10;1397;L;1;4;;11274634;12873405;11272470;4;
500;10;1400;L;1;4;;11272760;11272470;11272472;4;
500;10;1560;L;1;4;;11274676;11272451;11272422;4;
500;10;1764;L;1;4;;11272740;11272735;11343093;4;
500;10;19477;L;1;4;;4803129;4738479;4738575;7;
500;10;1415;L;1;4;;11272766;11272472;11274366;4;
500;10;1410;L;1;4;;11272811;11272470;11272472;4;
500;10;1123;L;1;4;;11274413;11274412;11272578;4;
500;10;1698;L;1;4;;11742327;11472907;11272578;4;
500;10;12095;L;1;1;;15207896;15541005;14473735;6;
500;10;19050;L;1;4;;4803283;4738459;6405403;7;
500;10;1847;L;1;4;;11274599;11742367;11272744;4;
500;10;1843;L;1;4;;11742367;11742275;11272541;4;
500;10;1686;L;1;4;;11272768;11272473;11742325;4;
500;10;1345;L;1;4;;11274627;11274626;11272473;4;
500;10;7381;L;1;4;;1067100;998988;1067101;5;
500;10;19601;L;1;2;G104;4802856;4738352;4738479;7;
500;10;24979;L;1;4;;23010173;23010241;23010041;8;
500;10;258;L;7;0;;;11272541;11272363;4;
500;10;489;L;1;3;;11272541;11272735;12873406;4;
500;10;262;L;7;0;;;11742334;11272363;4;
500;10;260;L;7;0;;;11272735;11274717;4;
500;10;481;L;1;3;;11272735;12873407;11272363;4;
500;10;264;L;7;0;;;11272374;11274719;4;
500;10;266;L;7;0;;;11272374;11274717;4;
500;10;268;L;7;0;;;11272378;11272363;4;
500;10;31075;L;1;4;;6671790;6671877;6672094;9;
500;10;6667;L;1;4;;999161;998981;1600254;5;
500;10;24982;L;1;4;;23010065;23010062;23010109;8;
500;10;783;L;1;4;;11272594;11272427;11272787;4;
500;10;13114;L;1;4;;15207940;15207939;15143004;6;
500;10;1112;L;1;4;;11274412;11272451;11274414;4;
500;10;18698;L;1;4;;4738484;4803071;4738479;7;
500;10;19010;L;1;4;;4803306;4738481;4738377;7;
500;10;19272;L;1;4;;4802921;4738617;5472223;7;
500;10;19268;L;1;4;;4803022;5472227;4738617;7;
500;10;18989;L;1;4;;4802956;4738464;4738614;7;
500;10;31217;L;1;4;;6672013;7140243;6671884;9;
500;10;788;L;1;4;;11272483;12873337;11272578;4;
500;10;18569;L;1;4;;4738448;4802890;5472227;7;
500;10;31346;L;1;4;;6671896;6671882;6671872;9;
500;10;802;L;1;4;;11272664;11742314;11343065;4;
500;10;807;L;1;4;;11272664;11272603;11274365;4;
500;10;13059;L;1;4;;15142907;15207998;15207999;6;
500;10;13056;L;1;4;;15207927;15142907;13872419;6;
500;10;2126;L;1;4;;11272798;11742311;11272735;4;
500;10;471;L;1;4;;11272533;12873421;11272798;4;
500;10;1973;L;1;4;;11742315;12873345;11272637;4;
500;10;1977;L;1;4;;11742346;11742347;12607148;4;
500;10;13045;L;1;4;;15207922;15207920;15207923;6;
500;10;12689;L;1;4;;15143241;15142932;15142930;6;
500;10;13330;L;1;4;;15541071;15142985;15142806;6;
500;10;25285;L;1;4;;23210922;23010032;23479798;8;
500;10;18680;L;1;4;;4738444;4803280;4738533;7;
500;10;31313;L;1;4;;6671852;8069957;8675010;9;
500;10;31421;L;1;4;;6672089;6671838;6671813;9;
500;10;31241;L;1;4;;6671837;8675010;6671835;9;
500;10;19015;L;1;4;;4738510;4802973;4803082;7;
500;10;30954;L;1;4;;6671924;6671804;6607900;9;
500;10;30867;L;1;4;;6671788;7140064;6671784;9;
500;10;6978;L;1;4;;1000499;998997;1000496;5;
500;10;1549;L;1;4;;11274674;11272578;11272580;4;
500;10;31047;L;1;4;;6671880;9608147;6671780;9;
500;10;12731;L;1;4;;15142952;15143079;15143004;6;
500;10;2036;L;1;4;;11742356;12873356;12873387;4;
500;10;31548;L;1;4;;9608122;6671792;6671922;9;
500;10;2031;L;1;3;;11742345;11274361;12873356;4;
500;10;24986;L;1;4;;23010043;23010126;23010084;8;
500;10;6562;L;1;4;;999145;998993;2269575;5;
500;10;7412;L;1;4;;17274063;17275442;17274024;5;
500;10;827;L;1;4;;11272489;11272656;11272642;4;
500;10;819;L;1;4;;11272672;12873408;11272666;4;
500;10;18980;L;1;4;;4802953;4738461;4738480;7;
500;10;18843;L;1;4;;4335396;4738479;4738480;7;
500;10;18968;L;1;4;;4738592;4738479;4803061;7;
500;10;18984;L;1;4;;4802954;4738479;4738480;7;
500;10;6929;L;1;4;;998998;999036;1067066;5;
500;10;6051;L;1;1;;1067043;1066883;3202707;5;
500;10;6638;L;1;4;;1000630;999124;998995;5;
500;10;7268;L;1;4;;1000631;1000630;1000625;5;
500;10;6728;L;1;4;;1000443;1000444;998916;5;
500;10;6498;L;1;4;;998995;1000417;999186;5;
500;10;18739;L;1;4;;4738638;4802867;4802892;7;
500;10;1526;L;1;4;;11144103;11272656;11274667;4;
500;10;1566;L;1;4;;11274675;11272451;11272578;4;
500;10;1924;L;1;4;;11742310;11343051;11877692;4;
500;10;24993;L;1;4;;23010241;23479785;23010173;8;
500;10;31443;L;1;4;;6938952;6671831;8674943;9;
500;10;31261;L;1;4;;6671842;6671838;6672109;9;
500;10;6826;L;1;4;;1000469;1000472;1000468;5;
500;10;25004;L;1;4;;23010059;23010046;23479787;8;
500;10;6590;L;1;4;;999083;998919;999007;5;
500;10;25007;L;1;4;;23010077;23010145;23010069;8;
500;10;7015;L;1;4;;1000524;1000525;998981;5;
500;10;2152;L;1;2;G329;11742355;11742311;12873428;4;
500;10;2155;L;1;2;G329;12873429;12873428;12873427;4;
500;10;31248;L;1;4;;6671901;6672061;6671842;9;
500;10;12645;L;1;4;;15143002;15207949;15142804;6;
500;10;12668;L;1;4;;15142876;15143129;15143017;6;
500;10;12665;L;1;4;;15143129;15207910;15142876;6;
500;10;12799;L;1;4;;15142955;15142914;15143129;6;
500;10;1543;L;1;4;;11274671;11272841;11272858;4;
500;10;833;L;1;4;;11272596;11272593;11475305;4;
500;10;1163;L;1;4;;11272841;11272911;11272584;4;
500;10;31210;L;1;4;;6671833;6671813;6671868;9;
500;10;19605;L;1;2;G104;4802863;4803006;4738391;7;
500;10;6750;L;1;4;;999081;1000449;998986;5;
500;10;6470;L;1;3;;999081;1000448;1000417;5;
500;10;6747;L;1;4;;1000449;999003;999081;5;
500;10;6467;L;1;3;;999004;998916;1000448;5;
500;10;19090;L;1;4;;4738513;4867191;4738633;7;
500;10;31449;L;1;4;;6938897;8675010;6938932;9;
500;10;1532;L;1;4;;11274668;11144103;11272911;4;
500;10;31471;L;1;4;;6938974;6938879;9608161;9;
500;10;12671;L;1;4;;15143304;15143129;14537901;6;
500;10;30688;L;1;3;;6671815;7140064;9404399;9;
500;10;30499;L;1;4;;6671844;6671767;6938884;9;
500;10;30590;L;1;4;;6672049;6671844;8069957;9;
500;10;30764;L;1;4;;6671987;6671916;6671807;9;
500;10;18940;L;1;4;;4802833;4802892;4738497;7;
500;10;18744;L;1;4;;4802892;4738638;4802833;7;
500;10;12737;L;1;4;;15143298;15142952;15143004;6;
500;10;837;L;1;4;;11272784;12873337;11877692;4;
500;10;12897;L;1;4;;15142912;13872419;15142910;6;
500;10;12893;L;1;4;;15142882;15207900;13872419;6;
500;10;13319;L;1;4;;15143149;15541098;15142845;6;
500;10;13250;L;1;4;;15143163;15541085;15143050;6;
500;10;426;L;1;4;;11272494;10739044;11272586;4;
500;10;6691;L;1;4;;999040;998992;2269575;5;
500;10;1729;L;1;4;;11343018;11272582;11272586;4;
500;10;19073;L;1;4;;4803285;4802963;4738345;7;
500;10;19057;L;1;4;;4803288;4802963;4738345;7;
500;10;19263;L;1;4;;4802906;6405419;4738989;7;
500;10;18892;L;1;4;;4738604;4802921;4802922;7;
500;10;6803;L;1;4;;1000464;998991;998921;5;
500;10;30826;L;1;4;;6672020;7536295;6671897;9;
500;10;6587;L;1;4;;999150;999007;999025;5;
500;10;30881;L;1;4;;6671802;6671824;6671782;9;
500;10;403;L;1;4;;11272610;11272656;11272858;4;
500;10;19500;L;1;4;;4803143;4866967;4738435;7;
500;10;25013;L;1;4;;23010119;23008688;22279232;8;
500;10;31457;L;1;4;;6938898;8270318;6671883;9;
500;10;18724;L;1;4;;4738639;4802865;4738711;7;
500;10;6481;L;1;3;;999021;998920;999161;5;
500;10;18879;L;1;4;;4802914;4738989;4803342;7;
500;10;18883;L;1;4;;6405420;4802914;6405403;7;
500;10;1231;L;1;4;;11272791;11272572;11272744;4;
500;10;1017;L;1;4;;11274365;11742314;11272649;4;
500;10;1500;L;1;4;;11274662;11274365;11274663;4;
500;10;449;L;1;4;;11272580;11272567;11272562;4;
500;10;31343;L;1;4;;6671872;6672019;7536295;9;
500;10;12684;L;1;4;;15142932;15142928;15142804;6;
500;10;31027;L;1;4;;6672016;6671852;6671857;9;
500;10;846;L;1;4;;11272595;11272643;11272597;4;
500;10;7357;L;1;4;;999165;999021;999161;5;
500;10;24594;L;1;4;;23010092;23010121;23010044;8;
500;10;30834;L;1;4;;6671821;8674936;7140064;9;
500;10;2100;L;1;4;;12873355;11877692;11742351;4;
500;10;19151;L;1;4;;4803307;4738459;4803306;7;
500;10;6993;L;1;4;;1067054;999161;1000420;5;
500;10;853;L;1;4;;11272714;11143946;11272640;4;
500;10;25022;L;1;4;;23010076;23010174;23010142;8;
500;10;1053;L;1;4;;11272911;11272841;11143980;4;
500;10;25026;L;1;4;;23010075;23010145;23010068;8;
500;10;6575;L;1;4;;998991;2269631;999145;5;
500;10;31555;L;1;4;;9608124;6671813;9608125;9;
500;10;6765;L;1;4;;999142;1000454;3202714;5;
500;10;1988;L;1;4;;11742351;11272535;11742343;4;
500;10;857;L;1;4;;11272578;11272567;11272535;4;
500;10;1828;L;1;4;;11274414;11274412;11272578;4;
500;10;31544;L;1;4;;9608171;9608119;6671917;9;
500;10;30958;L;1;4;;6671926;6671804;6671981;9;
500;10;18486;L;1;4;;4738517;4738589;4738359;7;
500;10;6571;L;1;4;;999082;998984;998986;5;
500;10;25030;L;1;4;;23010143;23010142;23010069;8;
500;10;25036;L;1;4;;23010073;23479763;23210875;8;
500;10;25041;L;1;4;;23010115;22279232;23210954;8;
500;10;25048;L;1;4;;23010074;21674196;23010102;8;
500;10;6970;L;1;4;;999020;999159;999021;5;
500;10;1606;L;1;4;;11274418;11272607;11272533;4;
500;10;19486;L;1;4;;4803135;4803138;4803116;7;
500;10;19483;L;1;4;;6405422;4803135;4803322;7;
500;10;1666;L;1;4;;11274673;11272429;11272671;4;
500;10;1389;L;1;4;;11274628;11272768;11343057;4;
500;10;1340;L;1;4;;11274626;11272549;12873337;4;
500;10;6541;L;1;4;;999022;998920;1000420;5;
500;10;1654;L;1;4;;11143941;11272671;11272666;4;
500;10;18585;L;1;4;;4738476;4803078;4803079;7;
500;10;6532;L;1;4;;999016;998919;998915;5;
500;10;6536;L;1;4;;999000;998915;998920;5;
500;10;6769;L;1;4;;1000456;998993;998986;5;
500;10;6568;L;1;4;;998986;1067068;999082;5;
500;10;7402;L;1;4;;3202684;998986;1000417;5;
500;10;13285;L;1;4;;15541092;15142952;15143004;6;
500;10;2108;L;1;4;;11274401;11272574;11272414;4;
500;10;1303;L;1;4;;11274611;12873337;11343065;4;
500;10;1299;L;1;4;;11272894;11272549;12873337;4;
500;10;25053;L;1;4;;23010089;23010097;23010098;8;
500;10;12841;L;1;4;;15143213;15142916;15142917;6;
500;10;25057;L;1;4;;23010086;23010085;23010098;8;
500;10;25063;L;1;4;;23010087;23010085;23010098;8;
500;10;25069;L;1;4;;23010174;23010075;23010077;8;
500;10;25073;L;1;4;;23010088;23010177;23010098;8;
500;10;25180;L;1;4;;23010153;23010152;23010126;8;
500;10;31276;L;1;4;;6671840;8675010;6671884;9;
500;10;31283;L;1;4;;6671857;8069957;6671840;9;
500;10;19083;L;1;4;;4802991;4738589;4738359;7;
500;10;31565;L;1;4;;9608126;8270318;9608127;9;
500;10;431;L;1;4;;11272501;11272655;11272656;4;
500;10;6999;L;1;4;;999163;999161;999052;5;
500;10;1625;L;1;4;;11274692;11272594;11272597;4;
500;10;7093;L;1;4;;1000548;3000404;1000551;5;
500;10;1330;L;1;4;;11274623;11272833;11272690;4;
500;10;6893;L;1;4;;999093;999001;1600254;5;
500;10;25078;L;1;4;;23010118;23008688;23010150;8;
500;10;1333;L;1;4;;11272690;11272533;11274622;4;
500;10;30470;L;1;4;;6671813;6671779;6671780;9;
500;10;12694;L;1;4;;15143333;15142932;15142982;6;
500;10;7288;L;1;4;;1000490;998918;1000668;5;
500;10;31413;L;1;4;;6671940;6671862;6938903;9;
500;10;31382;L;1;4;;6939025;6671940;6671874;9;
500;10;31120;L;1;4;;6671863;6938879;6671886;9;
500;10;31113;L;1;4;;6671886;6671792;6671797;9;
500;10;31117;L;1;4;;6671875;6938953;6938879;9;
500;10;1207;L;1;4;;11272787;12873410;11272535;4;
500;10;25083;L;1;4;;23010120;23010112;23010150;8;
500;10;1659;L;1;4;;11274702;12606290;11272436;4;
500;10;875;L;1;4;;11272704;11272706;11272567;4;
500;10;19381;L;1;4;;4802957;4738460;4802967;7;
500;10;30997;L;1;4;;6671892;8272326;6671807;9;
500;10;12852;L;1;4;;15142917;13872419;15143213;6;
500;10;24870;L;1;4;;23010166;23010167;23210875;8;
500;10;19199;L;1;4;;4802935;4803008;4738484;7;
500;10;31180;L;1;4;;6671905;8674934;6672006;9;
500;10;31185;L;1;4;;6671819;8674934;7140064;9;
500;10;31141;L;1;4;;6672006;6671816;9608144;9;
500;10;19196;L;1;4;;4803008;4802867;4802935;7;
500;10;31175;L;1;4;;6671904;8674934;6672006;9;
500;10;19169;L;1;4;;4802933;4802892;4738484;7;
500;10;881;L;1;4;;11272649;11343065;11272710;4;
500;10;1288;L;1;4;;11272549;11742314;11742348;4;
500;10;30631;L;1;4;;6671807;6671813;6671987;9;
500;10;1026;L;1;4;;11272710;11272754;11272649;4;
500;10;31568;L;1;4;;9608127;9608126;9608128;9;
500;10;18912;L;1;4;;4802929;4802865;4802930;7;
500;10;214;L;7;0;;;11210889;11274717;4;
500;10;1749;L;1;4;;11343031;11272671;11272672;4;
500;10;1586;L;1;4;;11274680;11272501;11272706;4;
500;10;31531;L;1;4;;9608117;6607900;6939023;9;
500;10;25177;L;1;4;;23010242;21008751;23479796;8;
500;10;1116;L;1;4;;11272813;11272483;12873411;4;
500;10;1966;L;1;4;;11742339;11274414;11272483;4;
500;10;7326;L;1;4;;1067069;1000421;1067072;5;
500;10;899;L;1;4;;11272642;11272489;11877688;4;
500;10;903;L;1;4;;11272858;10739044;11272489;4;
500;10;1546;L;1;4;;11272637;12873412;11272489;4;
500;10;907;L;1;4;;11272637;12607148;11272643;4;
500;10;12816;L;1;4;;15142956;15143355;15142943;6;
500;10;18973;L;1;4;;4803061;4738592;4738459;7;
500;10;7076;L;1;4;;1000601;999011;1067050;5;
500;10;7063;L;1;4;;999060;1000421;998928;5;
500;10;6744;L;1;4;;1000448;999003;999081;5;
500;10;408;L;1;4;;11272857;11272610;11272584;4;
500;10;19159;L;1;4;;4802947;4802946;4738438;7;
500;10;1137;L;1;4;;11274409;11272417;11272787;4;
500;10;1133;L;1;4;;11272872;11272578;11272417;4;
500;10;7349;L;1;4;;999186;1067079;998928;5;
500;10;12074;L;1;1;;15144045;15144094;15208010;6;
500;10;51;L;1;1;;11274284;11274345;11272547;4;
500;10;30066;L;1;1;;6607929;8676044;8071596;9;
500;10;118;L;1;1;;23479825;12873354;23479826;4;
500;10;116;L;1;1;G15;12873333;11473306;11272363;4;
500;10;1951;L;1;4;;12873336;11742292;11742276;4;
500;10;1468;L;1;4;;11274653;11272812;11742327;4;
500;10;13246;L;1;4;;15541085;15207905;15541083;6;
500;10;25086;L;1;4;;23010097;23010090;23010089;8;
500;10;18732;L;1;4;;4738711;4738435;4803314;7;
500;10;6789;L;1;4;;1000461;998988;1000458;5;
500;10;24620;L;1;4;;23010054;23479785;23479786;8;
500;10;31562;L;1;4;;6671825;9608125;6671824;9;
500;10;6957;L;1;4;;1000510;999036;998915;5;
500;10;6833;L;1;4;;1000474;999150;998917;5;
500;10;6940;L;1;4;;1000507;999161;999051;5;
500;10;13311;L;1;4;;15142988;15142933;15541099;6;
500;10;12598;L;1;4;;15143064;15142985;15142845;6;
500;10;12594;L;1;4;;15143210;15142947;15142985;6;
500;10;19112;L;1;4;;4738515;4738590;4802979;7;
500;10;30927;L;1;4;;7941231;6671824;6671782;9;
500;10;1057;L;1;4;;11143980;11272911;11877688;4;
500;10;30946;L;1;4;;6671927;6671804;6671806;9;
500;10;25109;L;1;4;;23010117;23479799;23010046;8;
500;10;7084;L;1;4;;1000412;3202715;734629;5;
500;10;6863;L;1;4;;1000482;1000481;1664248;5;
500;10;18909;L;1;4;;4803266;4269602;6405421;7;
500;10;1157;L;1;4;;11272691;11272533;22741106;4;
500;10;18718;L;1;4;;4738485;4802847;4738479;7;
500;10;19467;L;1;4;;4803327;4738485;4803300;7;
500;10;19549;L;1;4;;4803314;4738711;4802847;7;
500;10;6954;L;1;4;;999192;999135;1000630;5;
500;10;6951;L;1;4;;1000427;1000525;999135;5;
500;10;30620;L;1;4;;6671792;8741037;6938926;9;
500;10;31040;L;1;4;;6671895;6671944;8741037;9;
500;10;31131;L;1;4;;6671797;6671886;6671867;9;
500;10;25113;L;1;4;;23010110;23007830;23010048;8;
500;10;31096;L;1;4;;6671794;6672097;6671867;9;
500;10;25119;L;1;4;;23010090;23010097;23007830;8;
500;10;31102;L;1;4;;6671795;6671913;6671867;9;
500;10;25346;L;1;4;;22943808;23010097;23210951;8;
500;10;25132;L;1;4;;23010052;23010030;23010033;8;
500;10;30966;L;1;4;;6671934;6607900;6671807;9;
500;10;2076;L;1;4;;11742366;11272447;11272429;4;
500;10;1497;L;1;4;;11274660;11274661;11343033;4;
500;10;25138;L;1;4;;23010167;23010072;23010166;8;
500;10;25327;L;1;4;;23210954;23010115;23010048;8;
500;10;25278;L;1;4;;23210910;23010069;23010047;8;
500;10;6967;L;1;4;;1000513;998995;1000512;5;
500;10;6652;L;1;4;;999099;999003;999004;5;
500;10;6964;L;1;4;;1000511;998995;1000510;5;
500;10;18453;L;1;4;;4738425;4738343;4803267;7;
500;10;25142;L;1;4;;23010146;23010090;23010265;8;
500;10;6761;L;1;4;;1000455;1000417;998988;5;
500;10;25146;L;1;4;;22945721;23010066;23010052;8;
500;10;19547;L;1;4;;4803318;4738468;4803301;7;
500;10;1130;L;1;4;;11274416;11272580;11272418;4;
500;10;915;L;1;4;;11272582;11272567;11272656;4;
500;10;542;L;1;4;;11272516;11272925;12873413;4;
500;10;2027;L;1;4;;11343046;11343035;11742345;4;
500;10;25306;L;1;4;;23010140;23479801;23010109;8;
500;10;25302;L;1;4;;23210937;23210863;23210944;8;
500;10;25150;L;1;4;;23010136;23479802;23010135;8;
500;10;25153;L;1;4;;23010063;23010050;23479802;8;
500;10;13122;L;1;4;;15207942;16275026;15207941;6;
500;10;19054;L;1;4;;4802961;4738463;4803079;7;
500;10;1457;L;1;4;;11274650;11272811;11274651;4;
500;10;1428;L;1;4;;11274642;11274641;12873356;4;
500;10;1423;L;1;4;;11274639;11877688;11274641;4;
500;10;1838;L;1;4;;11272792;11272541;11272744;4;
500;10;1834;L;1;4;;11343013;11343088;11272541;4;
500;10;24454;L;1;3;;23010050;23010047;23010031;8;
500;10;24423;L;1;3;;23010040;23010041;23010031;8;
500;10;24498;L;1;3;;23010067;23010036;23010040;8;
500;10;24462;L;1;3;;23010066;23010067;23010047;8;
500;10;18504;L;1;4;;6200825;4333579;4738747;7;
500;10;505;L;1;3;;12606290;10739044;11742343;4;
500;10;24559;L;1;4;;23007830;23010066;23010031;8;
500;10;12674;L;1;4;;15142928;15142804;15143121;6;
500;10;31197;L;1;4;;8674934;8008140;9608144;9;
500;10;18499;L;1;4;;4867191;4738521;4867241;7;
500;10;24471;L;1;3;;21674196;23010071;23010066;8;
500;10;926;L;1;3;;11272656;11272459;10739044;4;
500;10;13205;L;1;4;;14537901;15143129;15143002;6;
500;10;418;L;1;4;;11272519;11272489;11272610;4;
500;10;18509;L;1;4;;4738464;4802874;4738589;7;
500;10;18976;L;1;4;;4802952;4738464;4738344;7;
500;10;30547;L;1;4;;8270318;8674939;8741037;9;
500;10;1154;L;1;4;;11473067;11272562;11274438;4;
500;10;30555;L;1;4;;6938879;8741037;9608133;9;
500;10;31484;L;1;4;;6938988;6671862;6671922;9;
500;10;31481;L;1;4;;6938988;6938974;6671862;9;
500;10;30532;L;1;4;;8270158;6672114;7404460;9;
500;10;941;L;1;4;;11472907;11742327;11272578;4;
500;10;25290;L;1;4;;23210929;22946151;23210936;8;
500;10;19176;L;1;4;;4738691;4802847;4738533;7;
500;10;19493;L;1;4;;4803139;4738691;4738479;7;
500;10;12085;L;1;1;;15207887;15207888;15207480;6;
500;10;30074;L;1;1;;6672082;6672104;8676100;9;
500;10;18081;L;1;1;;4803218;4203132;5537178;7;
500;10;6084;L;1;1;;1066990;1066989;1000413;5;
500;10;1918;L;1;4;;11343016;11274678;11272600;4;
500;10;1008;L;1;4;;11274394;11274361;12873389;4;
500;10;1435;L;1;4;;11272925;11742345;11274368;4;
500;10;13067;L;1;4;;15207882;13872419;15207924;6;
500;10;25282;L;1;4;;23479798;23010050;23210922;8;
500;10;25158;L;1;4;;23010150;22279232;23010113;8;
500;10;25205;L;1;4;;23479800;23010117;22279232;8;
500;10;1781;L;1;4;;11274663;11272649;11742376;4;
