CID;TABCD;LCD;INT_CID;INT_TABCD;INT_LCD
505;15;1053;505;15;1065
505;15;1065;505;15;1053
505;15;3355;505;15;3404
505;15;3404;505;15;3405
505;15;3405;505;15;3355
505;15;426;505;15;2845
505;15;2845;505;15;426
505;15;2846;505;15;2847
505;15;2847;505;15;2846
505;15;133;505;15;1072
505;15;1072;505;15;133
505;15;209;505;15;475
505;15;475;505;15;209
505;15;477;505;15;669
505;15;669;505;15;477
505;15;478;505;15;582
505;15;582;505;15;478
505;15;449;505;15;2788
505;15;2788;505;15;449
505;15;2781;505;15;2848
505;15;2848;505;15;3177
505;15;3177;505;15;2781
505;15;217;505;15;450
505;15;450;505;15;731
505;15;731;505;15;217
505;15;732;505;15;942
505;15;942;505;15;732
505;15;733;505;15;735
505;15;735;505;15;2773
505;15;2773;505;15;733
505;15;2836;505;15;2838
505;15;2838;505;15;2836
505;15;418;505;15;470
505;15;470;505;15;521
505;15;521;505;15;418
505;15;2813;505;15;2829
505;15;2829;505;15;2830
505;15;2830;505;15;2813
505;15;2834;505;15;2835
505;15;2835;505;15;2834
505;15;736;505;15;2747
505;15;2747;505;15;736
505;15;737;505;15;2736
505;15;2736;505;15;737
505;15;436;505;15;439
505;15;439;505;15;738
505;15;738;505;15;436
505;15;739;505;15;869
505;15;869;505;15;739
505;15;501;505;15;740
505;15;740;505;15;501
505;15;529;505;15;531
505;15;531;505;15;741
505;15;741;505;15;2905
505;15;2905;505;15;3516
505;15;3516;505;15;529
505;15;559;505;15;561
505;15;561;505;15;742
505;15;742;505;15;3519
505;15;3519;505;15;559
505;15;743;505;15;2602
505;15;2602;505;15;2604
505;15;2604;505;15;743
505;15;744;505;15;2558
505;15;2558;505;15;2561
505;15;2561;505;15;744
505;15;745;505;15;967
505;15;967;505;15;969
505;15;969;505;15;745
505;15;747;505;15;770
505;15;770;505;15;3218
505;15;3218;505;15;747
505;15;748;505;15;986
505;15;986;505;15;748
505;15;749;505;15;2541
505;15;2541;505;15;749
505;15;750;505;15;884
505;15;884;505;15;750
505;15;751;505;15;913
505;15;913;505;15;751
505;15;213;505;15;431
505;15;431;505;15;433
505;15;433;505;15;213
505;15;3244;505;15;3338
505;15;3338;505;15;3244
505;15;434;505;15;460
505;15;460;505;15;434
505;15;435;505;15;466
505;15;466;505;15;435
505;15;119;505;15;1132
505;15;1132;505;15;3059
505;15;3059;505;15;119
505;15;3060;505;15;3336
505;15;3336;505;15;3060
505;15;467;505;15;2441
505;15;2441;505;15;467
505;15;468;505;15;494
505;15;494;505;15;468
505;15;469;505;15;513
505;15;513;505;15;469
505;15;462;505;15;512
505;15;512;505;15;462
505;15;584;505;15;855
505;15;855;505;15;584
505;15;695;505;15;856
505;15;856;505;15;695
505;15;680;505;15;682
505;15;682;505;15;857
505;15;857;505;15;859
505;15;859;505;15;680
505;15;583;505;15;935
505;15;935;505;15;2102
505;15;2102;505;15;3523
505;15;3523;505;15;583
505;15;585;505;15;608
505;15;608;505;15;585
505;15;586;505;15;599
505;15;599;505;15;586
505;15;587;505;15;591
505;15;591;505;15;587
505;15;954;505;15;962
505;15;962;505;15;954
505;15;963;505;15;972
505;15;972;505;15;963
505;15;964;505;15;978
505;15;978;505;15;964
505;15;3061;505;15;3267
505;15;3267;505;15;3061
505;15;464;505;15;2866
505;15;2866;505;15;464
505;15;546;505;15;550
505;15;550;505;15;546
505;15;701;505;15;760
505;15;760;505;15;3194
505;15;3194;505;15;3348
505;15;3348;505;15;701
505;15;3411;505;15;3412
505;15;3412;505;15;3411
505;15;3349;505;15;3351
505;15;3351;505;15;3349
505;15;2396;505;15;3119
505;15;3119;505;15;2396
505;15;2383;505;15;2397
505;15;2397;505;15;2383
505;15;2343;505;15;2398
505;15;2398;505;15;2343
505;15;2399;505;15;3102
505;15;3102;505;15;2399
505;15;2388;505;15;2400
505;15;2400;505;15;2388
505;15;2363;505;15;2401
505;15;2401;505;15;2363
505;15;2374;505;15;2376
505;15;2376;505;15;2402
505;15;2402;505;15;2374
505;15;2403;505;15;2419
505;15;2419;505;15;2403
505;15;706;505;15;721
505;15;721;505;15;706
505;15;707;505;15;2457
505;15;2457;505;15;707
505;15;708;505;15;2465
505;15;2465;505;15;708
505;15;551;505;15;555
505;15;555;505;15;709
505;15;709;505;15;551
505;15;710;505;15;712
505;15;712;505;15;710
505;15;2720;505;15;2876
505;15;2876;505;15;2720
505;15;2711;505;15;2877
505;15;2877;505;15;2711
505;15;713;505;15;2717
505;15;2717;505;15;713
505;15;2727;505;15;2878
505;15;2878;505;15;2727
505;15;714;505;15;973
505;15;973;505;15;714
505;15;979;505;15;2879
505;15;2879;505;15;979
505;15;715;505;15;3219
505;15;3219;505;15;715
505;15;717;505;15;2884
505;15;2884;505;15;717
505;15;916;505;15;3108
505;15;3108;505;15;916
505;15;2339;505;15;2352
505;15;2352;505;15;3208
505;15;3208;505;15;2339
505;15;2340;505;15;2410
505;15;2410;505;15;2340
505;15;483;505;15;2341
505;15;2341;505;15;483
505;15;2342;505;15;2393
505;15;2393;505;15;2342
505;15;2345;505;15;2347
505;15;2347;505;15;2345
505;15;871;505;15;873
505;15;873;505;15;946
505;15;946;505;15;3084
505;15;3084;505;15;3117
505;15;3117;505;15;871
505;15;754;505;15;874
505;15;874;505;15;3085
505;15;3085;505;15;754
505;15;535;505;15;3086
505;15;3086;505;15;535
505;15;565;505;15;3087
505;15;3087;505;15;565
505;15;877;505;15;3089
505;15;3089;505;15;877
505;15;2501;505;15;3090
505;15;3090;505;15;2501
505;15;2583;505;15;3091
505;15;3091;505;15;2583
505;15;3092;505;15;3373
505;15;3373;505;15;3092
505;15;772;505;15;774
505;15;774;505;15;878
505;15;878;505;15;984
505;15;984;505;15;3093
505;15;3093;505;15;3214
505;15;3214;505;15;772
505;15;2867;505;15;2868
505;15;2868;505;15;2867
505;15;830;505;15;842
505;15;842;505;15;830
505;15;589;505;15;932
505;15;932;505;15;589
505;15;590;505;15;845
505;15;845;505;15;590
505;15;592;505;15;2296
505;15;2296;505;15;592
505;15;593;505;15;1029
505;15;1029;505;15;593
505;15;594;505;15;2243
505;15;2243;505;15;594
505;15;595;505;15;2253
505;15;2253;505;15;595
505;15;596;505;15;2284
505;15;2284;505;15;596
505;15;597;505;15;2287
505;15;2287;505;15;597
505;15;657;505;15;837
505;15;837;505;15;2870
505;15;2870;505;15;657
505;15;409;505;15;838
505;15;838;505;15;2176
505;15;2176;505;15;409
505;15;3062;505;15;3160
505;15;3160;505;15;3062
505;15;3053;505;15;3063
505;15;3063;505;15;3053
505;15;779;505;15;839
505;15;839;505;15;3433
505;15;3433;505;15;779
505;15;2227;505;15;2869
505;15;2869;505;15;2227
505;15;860;505;15;996
505;15;996;505;15;998
505;15;998;505;15;860
505;15;648;505;15;834
505;15;834;505;15;861
505;15;861;505;15;2171
505;15;2171;505;15;3370
505;15;3370;505;15;648
505;15;846;505;15;939
505;15;939;505;15;846
505;15;696;505;15;698
505;15;698;505;15;848
505;15;848;505;15;850
505;15;850;505;15;1005
505;15;1005;505;15;2199
505;15;2199;505;15;696
505;15;567;505;15;618
505;15;618;505;15;2958
505;15;2958;505;15;3072
505;15;3072;505;15;567
505;15;571;505;15;625
505;15;625;505;15;571
505;15;3096;505;15;3097
505;15;3097;505;15;3096
505;15;562;505;15;2599
505;15;2599;505;15;2601
505;15;2601;505;15;562
505;15;443;505;15;563
505;15;563;505;15;443
505;15;564;505;15;2497
505;15;2497;505;15;2499
505;15;2499;505;15;564
505;15;425;505;15;2843
505;15;2843;505;15;425
505;15;2839;505;15;2841
505;15;2841;505;15;2839
505;15;2353;505;15;2818
505;15;2818;505;15;2353
505;15;2380;505;15;2386
505;15;2386;505;15;2819
505;15;2819;505;15;2380
505;15;2391;505;15;2820
505;15;2820;505;15;2391
505;15;2405;505;15;2821
505;15;2821;505;15;2405
505;15;2742;505;15;3079
505;15;3079;505;15;2742
505;15;3410;505;15;3493
505;15;3493;505;15;3410
505;15;440;505;15;870
505;15;870;505;15;440
505;15;441;505;15;2800
505;15;2800;505;15;441
505;15;442;505;15;532
505;15;532;505;15;442
505;15;2493;505;15;2826
505;15;2826;505;15;2493
505;15;444;505;15;966
505;15;966;505;15;2645
505;15;2645;505;15;444
505;15;2568;505;15;2827
505;15;2827;505;15;2568
505;15;445;505;15;771
505;15;771;505;15;3215
505;15;3215;505;15;445
505;15;985;505;15;1078
505;15;1078;505;15;2530
505;15;2530;505;15;985
505;15;775;505;15;3126
505;15;3126;505;15;775
505;15;776;505;15;2525
505;15;2525;505;15;776
505;15;62;505;15;202
505;15;202;505;15;777
505;15;777;505;15;3050
505;15;3050;505;15;62
505;15;602;505;15;763
505;15;763;505;15;3191
505;15;3191;505;15;602
505;15;612;505;15;762
505;15;762;505;15;3192
505;15;3192;505;15;612
505;15;761;505;15;2240
505;15;2240;505;15;3193
505;15;3193;505;15;761
505;15;1023;505;15;1036
505;15;1036;505;15;1023
505;15;79;505;15;87
505;15;87;505;15;154
505;15;154;505;15;79
505;15;127;505;15;134
505;15;134;505;15;164
505;15;164;505;15;127
505;15;123;505;15;126
505;15;126;505;15;123
505;15;71;505;15;105
505;15;105;505;15;71
505;15;84;505;15;99
505;15;99;505;15;109
505;15;109;505;15;166
505;15;166;505;15;84
505;15;53;505;15;90
505;15;90;505;15;174
505;15;174;505;15;53
505;15;124;505;15;135
505;15;135;505;15;124
505;15;169;505;15;171
505;15;171;505;15;169
505;15;115;505;15;117
505;15;117;505;15;115
505;15;75;505;15;104
505;15;104;505;15;75
505;15;55;505;15;114
505;15;114;505;15;55
505;15;52;505;15;64
505;15;64;505;15;52
505;15;3064;505;15;3070
505;15;3070;505;15;3064
505;15;2183;505;15;3397
505;15;3397;505;15;2183
505;15;828;505;15;2951
505;15;2951;505;15;828
505;15;3159;505;15;3232
505;15;3232;505;15;3159
505;15;3054;505;15;3233
505;15;3233;505;15;3054
505;15;207;505;15;652
505;15;652;505;15;654
505;15;654;505;15;207
505;15;655;505;15;813
505;15;813;505;15;655
505;15;656;505;15;826
505;15;826;505;15;656
505;15;402;505;15;1067
505;15;1067;505;15;402
505;15;403;505;15;3153
505;15;3153;505;15;403
505;15;404;505;15;3143
505;15;3143;505;15;3144
505;15;3144;505;15;404
505;15;405;505;15;2914
505;15;2914;505;15;3140
505;15;3140;505;15;405
505;15;206;505;15;406
505;15;406;505;15;3056
505;15;3056;505;15;206
505;15;407;505;15;814
505;15;814;505;15;407
505;15;408;505;15;827
505;15;827;505;15;408
505;15;2907;505;15;2912
505;15;2912;505;15;2907
505;15;1057;505;15;2915
505;15;2915;505;15;1057
505;15;3145;505;15;3154
505;15;3154;505;15;3156
505;15;3156;505;15;3145
505;15;3157;505;15;3161
505;15;3161;505;15;3157
505;15;3158;505;15;3273
505;15;3273;505;15;3275
505;15;3275;505;15;3158
505;15;620;505;15;3069
505;15;3069;505;15;620
505;15;639;505;15;1054
505;15;1054;505;15;639
505;15;1035;505;15;3532
505;15;3532;505;15;1035
505;15;833;505;15;1061
505;15;1061;505;15;833
505;15;1034;505;15;3205
505;15;3205;505;15;1034
505;15;821;505;15;2110
505;15;2110;505;15;821
505;15;677;505;15;822
505;15;822;505;15;677
505;15;823;505;15;992
505;15;992;505;15;823
505;15;824;505;15;989
505;15;989;505;15;824
505;15;647;505;15;825
505;15;825;505;15;647
505;15;453;505;15;1064
505;15;1064;505;15;453
505;15;619;505;15;630
505;15;630;505;15;619
505;15;480;505;15;1051
505;15;1051;505;15;480
505;15;617;505;15;3058
505;15;3058;505;15;617
505;15;665;505;15;3415
505;15;3415;505;15;665
505;15;666;505;15;3418
505;15;3418;505;15;666
505;15;668;505;15;817
505;15;817;505;15;668
505;15;623;505;15;632
505;15;632;505;15;636
505;15;636;505;15;623
505;15;637;505;15;641
505;15;641;505;15;637
505;15;454;505;15;3526
505;15;3526;505;15;454
505;15;2849;505;15;2850
505;15;2850;505;15;2849
505;15;215;505;15;459
505;15;459;505;15;215
505;15;2444;505;15;2851
505;15;2851;505;15;2444
505;15;2438;505;15;2440
505;15;2440;505;15;2852
505;15;2852;505;15;2438
505;15;461;505;15;493
505;15;493;505;15;461
505;15;930;505;15;2853
505;15;2853;505;15;930
505;15;510;505;15;2854
505;15;2854;505;15;510
505;15;2434;505;15;2855
505;15;2855;505;15;2434
505;15;463;505;15;520
505;15;520;505;15;463
505;15;120;505;15;132
505;15;132;505;15;120
505;15;60;505;15;2897
505;15;2897;505;15;60
505;15;3094;505;15;3095
505;15;3095;505;15;3094
505;15;917;505;15;919
505;15;919;505;15;917
505;15;885;505;15;912
505;15;912;505;15;885
505;15;910;505;15;921
505;15;921;505;15;910
505;15;925;505;15;2233
505;15;2233;505;15;925
505;15;882;505;15;886
505;15;886;505;15;890
505;15;890;505;15;882
505;15;699;505;15;1011
505;15;1011;505;15;1013
505;15;1013;505;15;699
505;15;1015;505;15;1026
505;15;1026;505;15;1015
505;15;575;505;15;808
505;15;808;505;15;575
505;15;576;505;15;578
505;15;578;505;15;691
505;15;691;505;15;576
505;15;142;505;15;2886
505;15;2886;505;15;3225
505;15;3225;505;15;142
505;15;57;505;15;758
505;15;758;505;15;2797
505;15;2797;505;15;57
505;15;58;505;15;906
505;15;906;505;15;58
505;15;533;505;15;2487
505;15;2487;505;15;3118
505;15;3118;505;15;533
505;15;534;505;15;753
505;15;753;505;15;534
505;15;726;505;15;2605
505;15;2605;505;15;726
505;15;2606;505;15;2660
505;15;2660;505;15;2662
505;15;2662;505;15;2606
505;15;2803;505;15;2805
505;15;2805;505;15;2810
505;15;2810;505;15;2803
505;15;818;505;15;937
505;15;937;505;15;818
505;15;933;505;15;938
505;15;938;505;15;933
505;15;2114;505;15;2127
505;15;2127;505;15;2114
505;15;2115;505;15;2142
505;15;2142;505;15;2115
505;15;2116;505;15;2155
505;15;2155;505;15;2116
505;15;3132;505;15;3134
505;15;3134;505;15;3139
505;15;3139;505;15;3132
505;15;158;505;15;1136
505;15;1136;505;15;158
505;15;168;505;15;1139
505;15;1139;505;15;3538
505;15;3538;505;15;168
505;15;160;505;15;3055
505;15;3055;505;15;160
505;15;157;505;15;2919
505;15;2919;505;15;157
505;15;3105;505;15;3149
505;15;3149;505;15;3105
505;15;3230;505;15;3231
505;15;3231;505;15;3230
505;15;634;505;15;644
505;15;644;505;15;650
505;15;650;505;15;634
505;15;2125;505;15;2832
505;15;2832;505;15;2125
505;15;693;505;15;3114
505;15;3114;505;15;693
505;15;1068;505;15;2625
505;15;2625;505;15;1068
505;15;1069;505;15;2620
505;15;2620;505;15;3269
505;15;3269;505;15;1069
505;15;1070;505;15;2211
505;15;2211;505;15;1070
505;15;862;505;15;2219
505;15;2219;505;15;862
505;15;683;505;15;851
505;15;851;505;15;683
505;15;1071;505;15;2228
505;15;2228;505;15;1071
505;15;852;505;15;999
505;15;999;505;15;852
505;15;397;505;15;1085
505;15;1085;505;15;397
505;15;395;505;15;1093
505;15;1093;505;15;395
505;15;399;505;15;1089
505;15;1089;505;15;399
505;15;3112;505;15;3419
505;15;3419;505;15;3112
505;15;1087;505;15;1091
505;15;1091;505;15;1087
505;15;393;505;15;1095
505;15;1095;505;15;393
505;15;2937;505;15;2939
505;15;2939;505;15;2937
505;15;2930;505;15;2940
505;15;2940;505;15;2930
505;15;2539;505;15;2943
505;15;2943;505;15;2539
505;15;2536;505;15;2540
505;15;2540;505;15;2536
505;15;309;505;15;311
505;15;311;505;15;1189
505;15;1189;505;15;309
505;15;307;505;15;313
505;15;313;505;15;307
505;15;216;505;15;3332
505;15;3332;505;15;216
505;15;3333;505;15;3335
505;15;3335;505;15;3333
505;15;2485;505;15;2488
505;15;2488;505;15;2485
505;15;2489;505;15;2491
505;15;2491;505;15;2489
505;15;2382;505;15;2394
505;15;2394;505;15;2382
505;15;3135;505;15;3142
505;15;3142;505;15;3135
505;15;3136;505;15;3152
505;15;3152;505;15;3136
505;15;943;505;15;2774
505;15;2774;505;15;943
505;15;944;505;15;2749
505;15;2749;505;15;944
505;15;945;505;15;2737
505;15;2737;505;15;2740
505;15;2740;505;15;945
505;15;2506;505;15;2511
505;15;2511;505;15;2513
505;15;2513;505;15;2506
505;15;2492;505;15;2588
505;15;2588;505;15;2492
505;15;219;505;15;755
505;15;755;505;15;757
505;15;757;505;15;3252
505;15;3252;505;15;219
505;15;3253;505;15;3461
505;15;3461;505;15;3253
505;15;3242;505;15;3246
505;15;3246;505;15;3254
505;15;3254;505;15;3242
505;15;3462;505;15;3474
505;15;3474;505;15;3476
505;15;3476;505;15;3462
505;15;3463;505;15;3466
505;15;3466;505;15;3463
505;15;257;505;15;265
505;15;265;505;15;257
505;15;255;505;15;267
505;15;267;505;15;255
505;15;2505;505;15;2521
505;15;2521;505;15;2523
505;15;2523;505;15;2505
505;15;3123;505;15;3257
505;15;3257;505;15;3123
505;15;3124;505;15;3125
505;15;3125;505;15;3124
505;15;2931;505;15;3286
505;15;3286;505;15;3288
505;15;3288;505;15;2931
505;15;616;505;15;784
505;15;784;505;15;1043
505;15;1043;505;15;616
505;15;2348;505;15;2389
505;15;2389;505;15;2348
505;15;2349;505;15;2364
505;15;2364;505;15;2349
505;15;2350;505;15;2377
505;15;2377;505;15;2350
505;15;2411;505;15;3100
505;15;3100;505;15;2411
505;15;2336;505;15;2412
505;15;2412;505;15;2336
505;15;2358;505;15;2413
505;15;2413;505;15;2358
505;15;2361;505;15;2414
505;15;2414;505;15;2361
505;15;2372;505;15;2415
505;15;2415;505;15;2372
505;15;2416;505;15;2420
505;15;2420;505;15;2416
505;15;1079;505;15;2360
505;15;2360;505;15;1079
505;15;2365;505;15;2367
505;15;2367;505;15;2378
505;15;2378;505;15;2365
505;15;2335;505;15;2354
505;15;2354;505;15;2335
505;15;2355;505;15;2357
505;15;2357;505;15;2355
505;15;2458;505;15;2959
505;15;2959;505;15;2458
505;15;723;505;15;2459
505;15;2459;505;15;723
505;15;2460;505;15;3515
505;15;3515;505;15;2460
505;15;1020;505;15;3299
505;15;3299;505;15;1020
505;15;3297;505;15;3301
505;15;3301;505;15;3297
505;15;2565;505;15;2816
505;15;2816;505;15;3302
505;15;3302;505;15;2565
505;15;2315;505;15;2318
505;15;2318;505;15;2814
505;15;2814;505;15;2315
505;15;2312;505;15;2314
505;15;2314;505;15;2312
505;15;1076;505;15;2224
505;15;2224;505;15;1076
505;15;147;505;15;12060
505;15;12060;505;15;147
505;15;150;505;15;12062
505;15;12062;505;15;150
505;15;651;505;15;3131
505;15;3131;505;15;651
505;15;727;505;15;2560
505;15;2560;505;15;2564
505;15;2564;505;15;727
505;15;2703;505;15;2705
505;15;2705;505;15;2703
505;15;2697;505;15;2699
505;15;2699;505;15;2697
505;15;2700;505;15;3520
505;15;3520;505;15;2700
505;15;2108;505;15;2111
505;15;2111;505;15;2108
505;15;3220;505;15;3221
505;15;3221;505;15;3291
505;15;3291;505;15;3220
505;15;2148;505;15;3292
505;15;3292;505;15;2148
505;15;341;505;15;351
505;15;351;505;15;341
505;15;343;505;15;355
505;15;355;505;15;343
505;15;1018;505;15;2864
505;15;2864;505;15;1018
505;15;1019;505;15;2217
505;15;2217;505;15;1019
505;15;1021;505;15;1027
505;15;1027;505;15;1021
505;15;1022;505;15;2236
505;15;2236;505;15;1022
505;15;1003;505;15;1006
505;15;1006;505;15;1025
505;15;1025;505;15;1003
505;15;1000;505;15;1002
505;15;1002;505;15;1000
505;15;3167;505;15;3207
505;15;3207;505;15;3167
505;15;2334;505;15;3171
505;15;3171;505;15;2334
505;15;2370;505;15;3173
505;15;3173;505;15;2370
505;15;687;505;15;2220
505;15;2220;505;15;687
505;15;1008;505;15;2221
505;15;2221;505;15;2223
505;15;2223;505;15;1008
505;15;287;505;15;295
505;15;295;505;15;287
505;15;686;505;15;2212
505;15;2212;505;15;686
505;15;1007;505;15;2213
505;15;2213;505;15;2215
505;15;2215;505;15;1007
505;15;509;505;15;928
505;15;928;505;15;509
505;15;867;505;15;929
505;15;929;505;15;867
505;15;373;505;15;383
505;15;383;505;15;373
505;15;1080;505;15;2371
505;15;2371;505;15;1080
505;15;487;505;15;1083
505;15;1083;505;15;487
505;15;211;505;15;2865
505;15;2865;505;15;3528
505;15;3528;505;15;211
505;15;379;505;15;381
505;15;381;505;15;379
505;15;375;505;15;385
505;15;385;505;15;375
505;15;485;505;15;2337
505;15;2337;505;15;485
505;15;486;505;15;2373
505;15;2373;505;15;486
505;15;2466;505;15;2468
505;15;2468;505;15;2466
505;15;303;505;15;305
505;15;305;505;15;303
505;15;2531;505;15;2535
505;15;2535;505;15;2531
505;15;800;505;15;805
505;15;805;505;15;800
505;15;795;505;15;802
505;15;802;505;15;795
505;15;2368;505;15;2406
505;15;2406;505;15;2368
505;15;3188;505;15;3339
505;15;3339;505;15;3188
505;15;2443;505;15;3189
505;15;3189;505;15;2443
505;15;2916;505;15;2918
505;15;2918;505;15;2916
505;15;2920;505;15;3276
505;15;3276;505;15;2920
505;15;2961;505;15;3023
505;15;3023;505;15;2961
505;15;2963;505;15;3003
505;15;3003;505;15;2963
505;15;2965;505;15;3025
505;15;3025;505;15;2965
505;15;2967;505;15;3005
505;15;3005;505;15;2967
505;15;3146;505;15;3148
505;15;3148;505;15;3146
505;15;2594;505;15;2616
505;15;2616;505;15;2618
505;15;2618;505;15;2594
505;15;2595;505;15;2623
505;15;2623;505;15;2595
505;15;2135;505;15;2138
505;15;2138;505;15;2135
505;15;291;505;15;299
505;15;299;505;15;291
505;15;289;505;15;297
505;15;297;505;15;289
505;15;293;505;15;301
505;15;301;505;15;293
505;15;791;505;15;1042
505;15;1042;505;15;791
505;15;606;505;15;794
505;15;794;505;15;606
505;15;2263;505;15;2268
505;15;2268;505;15;2263
505;15;1040;505;15;2269
505;15;2269;505;15;1040
505;15;1045;505;15;3353
505;15;3353;505;15;1045
505;15;766;505;15;1039
505;15;1039;505;15;1046
505;15;1046;505;15;766
505;15;615;505;15;2276
505;15;2276;505;15;615
505;15;2264;505;15;2277
505;15;2277;505;15;2264
505;15;1041;505;15;2278
505;15;2278;505;15;2280
505;15;2280;505;15;1041
505;15;3465;505;15;3470
505;15;3470;505;15;3465
505;15;3195;505;15;3296
505;15;3296;505;15;3195
505;15;245;505;15;247
505;15;247;505;15;245
505;15;204;505;15;2507
505;15;2507;505;15;3264
505;15;3264;505;15;204
505;15;3248;505;15;3265
505;15;3265;505;15;3248
505;15;241;505;15;243
505;15;243;505;15;241
505;15;2502;505;15;2504
505;15;2504;505;15;2502
505;15;281;505;15;283
505;15;283;505;15;281
505;15;2746;505;15;2760
505;15;2760;505;15;2746
505;15;2748;505;15;2778
505;15;2778;505;15;2748
505;15;218;505;15;2750
505;15;2750;505;15;2752
505;15;2752;505;15;218
505;15;2759;505;15;2772
505;15;2772;505;15;2759
505;15;3181;505;15;3196
505;15;3196;505;15;3181
505;15;1113;505;15;1115
505;15;1115;505;15;1113
505;15;1121;505;15;1127
505;15;1127;505;15;1121
505;15;1123;505;15;1125
505;15;1125;505;15;2969
505;15;2969;505;15;1123
505;15;3367;505;15;3371
505;15;3371;505;15;3367
505;15;2430;505;15;2433
505;15;2433;505;15;2430
505;15;253;505;15;259
505;15;259;505;15;253
505;15;251;505;15;261
505;15;261;505;15;271
505;15;271;505;15;273
505;15;273;505;15;277
505;15;277;505;15;251
505;15;249;505;15;263
505;15;263;505;15;249
505;15;891;505;15;3294
505;15;3294;505;15;891
505;15;904;505;15;907
505;15;907;505;15;904
505;15;898;505;15;905
505;15;905;505;15;898
505;15;899;505;15;908
505;15;908;505;15;899
505;15;2098;505;15;2454
505;15;2454;505;15;2098
505;15;505;505;15;2422
505;15;2422;505;15;505
505;15;516;505;15;2423
505;15;2423;505;15;516
505;15;323;505;15;337
505;15;337;505;15;323
505;15;325;505;15;329
505;15;329;505;15;339
505;15;339;505;15;325
505;15;319;505;15;333
505;15;333;505;15;319
505;15;321;505;15;335
505;15;335;505;15;321
505;15;327;505;15;331
505;15;331;505;15;327
505;15;3270;505;15;3272
505;15;3272;505;15;3402
505;15;3402;505;15;3270
505;15;3236;505;15;3238
505;15;3238;505;15;3236
505;15;1149;505;15;1169
505;15;1169;505;15;1149
505;15;1155;505;15;1165
505;15;1165;505;15;1167
505;15;1167;505;15;1155
505;15;1153;505;15;1159
505;15;1159;505;15;1163
505;15;1163;505;15;1153
505;15;601;505;15;1030
505;15;1030;505;15;601
505;15;603;505;15;2244
505;15;2244;505;15;603
505;15;604;505;15;2254
505;15;2254;505;15;604
505;15;605;505;15;2281
505;15;2281;505;15;2283
505;15;2283;505;15;605
505;15;2286;505;15;3197
505;15;3197;505;15;2286
505;15;1151;505;15;1157
505;15;1157;505;15;1161
505;15;1161;505;15;1175
505;15;1175;505;15;1151
505;15;3222;505;15;3537
505;15;3537;505;15;3222
505;15;2934;505;15;2936
505;15;2936;505;15;2934
505;15;2445;505;15;3406
505;15;3406;505;15;2445
505;15;3503;505;15;3510
505;15;3510;505;15;3503
505;15;2273;505;15;3511
505;15;3511;505;15;2273
505;15;3507;505;15;3513
505;15;3513;505;15;3507
505;15;229;505;15;231
505;15;231;505;15;229
505;15;237;505;15;239
505;15;239;505;15;237
505;15;203;505;15;3390
505;15;3390;505;15;203
505;15;3249;505;15;3391
505;15;3391;505;15;3249
505;15;3392;505;15;3394
505;15;3394;505;15;3392
505;15;2137;505;15;2152
505;15;2152;505;15;2137
505;15;684;505;15;688
505;15;688;505;15;684
505;15;2524;505;15;3375
505;15;3375;505;15;3377
505;15;3377;505;15;2524
505;15;3381;505;15;3383
505;15;3383;505;15;3381
505;15;3127;505;15;3384
505;15;3384;505;15;3127
505;15;2546;505;15;3459
505;15;3459;505;15;2546
505;15;988;505;15;993
505;15;993;505;15;995
505;15;995;505;15;988
505;15;2929;505;15;2933
505;15;2933;505;15;2929
505;15;700;505;15;1033
505;15;1033;505;15;2235
505;15;2235;505;15;700
505;15;2664;505;15;3306
505;15;3306;505;15;2664
505;15;953;505;15;3307
505;15;3307;505;15;953
505;15;2624;505;15;2828
505;15;2828;505;15;2624
505;15;2569;505;15;2626
505;15;2626;505;15;2569
505;15;2627;505;15;2638
505;15;2638;505;15;2641
505;15;2641;505;15;2627
505;15;3436;505;15;3438
505;15;3438;505;15;3436
505;15;3497;505;15;3499
505;15;3499;505;15;3497
505;15;614;505;15;2255
505;15;2255;505;15;3224
505;15;3224;505;15;614
505;15;359;505;15;369
505;15;369;505;15;359
505;15;363;505;15;367
505;15;367;505;15;363
505;15;212;505;15;490
505;15;490;505;15;212
505;15;492;505;15;866
505;15;866;505;15;492
505;15;2822;505;15;2824
505;15;2824;505;15;2822
505;15;361;505;15;365
505;15;365;505;15;361
505;15;357;505;15;371
505;15;371;505;15;357
505;15;2630;505;15;2632
505;15;2632;505;15;2630
505;15;2580;505;15;2582
505;15;2582;505;15;2633
505;15;2633;505;15;2580
505;15;2636;505;15;2642
505;15;2642;505;15;2636
505;15;377;505;15;387
505;15;387;505;15;377
505;15;506;505;15;508
505;15;508;505;15;2425
505;15;2425;505;15;506
505;15;2677;505;15;2679
505;15;2679;505;15;2677
505;15;2680;505;15;2714
505;15;2714;505;15;2680
505;15;2657;505;15;2659
505;15;2659;505;15;2657
505;15;2665;505;15;2684
505;15;2684;505;15;2665
505;15;2473;505;15;3518
505;15;3518;505;15;2473
505;15;2571;505;15;2621
505;15;2621;505;15;2571
505;15;3258;505;15;3261
505;15;3261;505;15;3258
505;15;2757;505;15;2796
505;15;2796;505;15;2757
505;15;2971;505;15;2973
505;15;2973;505;15;2975
505;15;2975;505;15;2971
505;15;315;505;15;317
505;15;317;505;15;315
505;15;2789;505;15;2791
505;15;2791;505;15;2789
505;15;2782;505;15;2792
505;15;2792;505;15;2782
505;15;2753;505;15;2795
505;15;2795;505;15;2753
505;15;279;505;15;285
505;15;285;505;15;279
505;15;3247;505;15;3480
505;15;3480;505;15;3247
505;15;2320;505;15;2324
505;15;2324;505;15;2320
505;15;553;505;15;558
505;15;558;505;15;725
505;15;725;505;15;553
505;15;728;505;15;970
505;15;970;505;15;728
505;15;729;505;15;976
505;15;976;505;15;729
505;15;2103;505;15;2104
505;15;2104;505;15;2157
505;15;2157;505;15;2103
505;15;3266;505;15;3395
505;15;3395;505;15;3266
505;15;2977;505;15;2991
505;15;2991;505;15;2977
505;15;1171;505;15;1173
505;15;1173;505;15;2997
505;15;2997;505;15;3009
505;15;3009;505;15;3017
505;15;3017;505;15;1171
505;15;3477;505;15;3479
505;15;3479;505;15;3477
505;15;3469;505;15;3473
505;15;3473;505;15;3469
505;15;2426;505;15;2429
505;15;2429;505;15;2426
505;15;519;505;15;537
505;15;537;505;15;519
505;15;3421;505;15;3425
505;15;3425;505;15;3421
505;15;2086;505;15;2463
505;15;2463;505;15;2086
505;15;2087;505;15;2667
505;15;2667;505;15;2087
505;15;2088;505;15;2892
505;15;2892;505;15;2088
505;15;2890;505;15;2893
505;15;2893;505;15;2890
505;15;2469;505;15;2668
505;15;2668;505;15;2670
505;15;2670;505;15;2469
505;15;3342;505;15;3346
505;15;3346;505;15;3342
505;15;3239;505;15;3241
505;15;3241;505;15;3239
505;15;2304;505;15;2306
505;15;2306;505;15;2304
505;15;2149;505;15;2151
505;15;2151;505;15;2149
505;15;2554;505;15;2576
505;15;2576;505;15;2578
505;15;2578;505;15;2554
505;15;2097;505;15;2448
505;15;2448;505;15;2097
505;15;345;505;15;353
505;15;353;505;15;345
505;15;347;505;15;349
505;15;349;505;15;347
505;15;957;505;15;977
505;15;977;505;15;957
505;15;2172;505;15;2179
505;15;2179;505;15;2172
505;15;3492;505;15;3495
505;15;3495;505;15;3492
505;15;2514;505;15;2516
505;15;2516;505;15;2514
505;15;675;505;15;810
505;15;810;505;15;2923
505;15;2923;505;15;675
505;15;676;505;15;2120
505;15;2120;505;15;676
505;15;1179;505;15;1181
505;15;1181;505;15;1179
505;15;1177;505;15;1183
505;15;1183;505;15;1177
505;15;1134;505;15;2922
505;15;2922;505;15;3361
505;15;3361;505;15;1134
505;15;3364;505;15;3366
505;15;3366;505;15;3364
505;15;2981;505;15;2983
505;15;2983;505;15;3001
505;15;3001;505;15;3011
505;15;3011;505;15;3029
505;15;3029;505;15;2981
505;15;2979;505;15;2985
505;15;2985;505;15;2995
505;15;2995;505;15;3039
505;15;3039;505;15;2979
505;15;2987;505;15;3027
505;15;3027;505;15;2987
505;15;2989;505;15;2993
505;15;2993;505;15;3013
505;15;3013;505;15;3041
505;15;3041;505;15;2989
505;15;2500;505;15;2551
505;15;2551;505;15;2553
505;15;2553;505;15;2500
505;15;2557;505;15;2619
505;15;2619;505;15;2557
505;15;2608;505;15;2806
505;15;2806;505;15;2608
505;15;2689;505;15;2691
505;15;2691;505;15;2719
505;15;2719;505;15;2689
505;15;2686;505;15;2708
505;15;2708;505;15;2710
505;15;2710;505;15;2686
505;15;2671;505;15;2673
505;15;2673;505;15;2671
505;15;2675;505;15;2695
505;15;2695;505;15;2675
505;15;2676;505;15;2707
505;15;2707;505;15;2676
505;15;1101;505;15;1105
505;15;1105;505;15;1101
505;15;1097;505;15;1109
505;15;1109;505;15;1097
505;15;208;505;15;645
505;15;645;505;15;208
505;15;646;505;15;812
505;15;812;505;15;646
505;15;1103;505;15;1107
505;15;1107;505;15;1103
505;15;1099;505;15;1111
505;15;1111;505;15;1099
505;15;865;505;15;2437
505;15;2437;505;15;865
505;15;2311;505;15;2872
505;15;2872;505;15;2311
505;15;2656;505;15;2706
505;15;2706;505;15;2656
505;15;2692;505;15;2694
505;15;2694;505;15;2692
505;15;2655;505;15;2696
505;15;2696;505;15;2655
505;15;950;505;15;2825
505;15;2825;505;15;950
505;15;2239;505;15;3280
505;15;3280;505;15;3282
505;15;3282;505;15;2239
505;15;611;505;15;3279
505;15;3279;505;15;3283
505;15;3283;505;15;611
505;15;783;505;15;804
505;15;804;505;15;783
505;15;806;505;15;2904
505;15;2904;505;15;806
505;15;3314;505;15;3352
505;15;3352;505;15;3314
505;15;1185;505;15;1187
505;15;1187;505;15;1185
505;15;2999;505;15;3047
505;15;3047;505;15;2999
505;15;1138;505;15;3324
505;15;3324;505;15;1138
505;15;1117;505;15;1119
505;15;1119;505;15;1117
505;15;3007;505;15;3031
505;15;3031;505;15;3043
505;15;3043;505;15;3007
505;15;3015;505;15;3021
505;15;3021;505;15;3033
505;15;3033;505;15;3045
505;15;3045;505;15;3015
505;15;1145;505;15;1147
505;15;1147;505;15;1145
505;15;1141;505;15;1143
505;15;1143;505;15;3019
505;15;3019;505;15;3037
505;15;3037;505;15;1141
505;15;233;505;15;235
505;15;235;505;15;233
505;15;269;505;15;275
505;15;275;505;15;269
505;15;389;505;15;391
505;15;391;505;15;389
505;15;3035;505;15;3049
505;15;3049;505;15;3035
505;15;3442;505;15;3444
505;15;3444;505;15;3442
505;15;2579;505;15;2646
505;15;2646;505;15;2579
505;15;956;505;15;971
505;15;971;505;15;956
505;15;2200;505;15;2202
505;15;2202;505;15;2200
505;15;2203;505;15;2205
505;15;2205;505;15;2203
505;15;934;505;15;2321
505;15;2321;505;15;934
505;15;2119;505;15;2129
505;15;2129;505;15;2119
505;15;2209;505;15;2216
505;15;2216;505;15;2209
505;15;2651;505;15;2653
505;15;2653;505;15;2651
505;15;2590;505;15;2615
505;15;2615;505;15;2590
505;15;2611;505;15;2613
505;15;2613;505;15;2611
505;15;2379;505;15;2390
505;15;2390;505;15;2379
505;15;626;505;15;3358
505;15;3358;505;15;626
505;15;613;505;15;2245
505;15;2245;505;15;613
505;15;3308;505;15;3312
505;15;3312;505;15;3308
505;15;2241;505;15;3345
505;15;3345;505;15;2241
505;15;2925;505;15;2928
505;15;2928;505;15;2925
505;15;2479;505;15;2598
505;15;2598;505;15;2479
505;15;2480;505;15;2610
505;15;2610;505;15;2480
505;15;2481;505;15;2483
505;15;2483;505;15;2481
505;15;3356;505;15;3359
505;15;3359;505;15;3356
505;15;3310;505;15;3313
505;15;3313;505;15;3310
505;15;3318;505;15;3320
505;15;3320;505;15;3318
505;15;2190;505;15;2193
505;15;2193;505;15;2190
505;15;522;505;15;524
505;15;524;505;15;522
505;15;525;505;15;951
505;15;951;505;15;525
505;15;3445;505;15;3447
505;15;3447;505;15;3445
505;15;2470;505;15;2472
505;15;2472;505;15;2470
505;15;2555;505;15;2586
505;15;2586;505;15;2555
505;15;2256;505;15;3329
505;15;3329;505;15;2256
505;15;609;505;15;2300
505;15;2300;505;15;609
505;15;610;505;15;2290
505;15;2290;505;15;610
505;15;955;505;15;2723
505;15;2723;505;15;2725
505;15;2725;505;15;955
505;15;552;505;15;556
505;15;556;505;15;952
505;15;952;505;15;552
505;15;2177;505;15;2180
505;15;2180;505;15;2177
505;15;3326;505;15;3328
505;15;3328;505;15;3326
505;15;3455;505;15;3458
505;15;3458;505;15;3455
505;15;12053;505;15;24052
505;15;24052;505;15;12053
