CID;LID;NID;NAME;NCOMMENT
505;1;993;亚洲;
505;1;994;中国;
505;1;1274;湖北省;
505;1;966;黄冈市;
505;1;2391;黄石市;
505;1;1275;武汉市;
505;1;957;咸宁市;
505;1;978;孝感市;
505;1;1017;Ｇ１０７;
505;1;2343;郑店立交桥（武长街）;
505;1;2346;星光大道（武咸路）;
505;1;2345;郑店街（武长街）;
505;1;2126;黄金路;
505;1;1024;Ｇ３１８;
505;1;1781;白鹤泉东街;
505;1;1812;武汉绕城高速公路;
505;1;1721;白沙洲大道;
505;1;2249;星光大道;
505;1;2347;梅家山立交;
505;1;1301;青郑高速公路;
505;1;1581;三环线;
505;1;2119;张家湾小学;
505;1;1045;武金堤路;
505;1;1639;东西湖大道;
505;1;2348;走径路;
505;1;1783;高桥五路;
505;1;1087;九通路;
505;1;1022;五环大道;
505;1;1641;工农路;
505;1;1208;古田一路;
505;1;1207;长丰大道;
505;1;1556;龟山南路;
505;1;1069;鹦鹉大道;
505;1;1532;黄鹤楼南路;
505;1;1531;黄鹤楼东路;
505;1;1077;解放大道;
505;1;1239;堤边路;
505;1;1633;古田二路;
505;1;1209;古田四路;
505;1;1079;建设大道;
505;1;1080;汉西路;
505;1;1108;硚口路;
505;1;1116;武胜路;
505;1;1129;双洞正街;
505;1;1203;江汉路;
505;1;1204;球场街;
505;1;1197;三阳路;
505;1;1205;芦沟桥路;
505;1;1085;黄浦大街;
505;1;1210;二七路;
505;1;1211;百步亭花园路;
505;1;1212;汉黄路;
505;1;1075;龙阳大道;
505;1;2191;四新大道;
505;1;1050;汉阳大道;
505;1;1076;琴台大道;
505;1;1762;郭茨口路;
505;1;1091;罗七路;
505;1;1047;江城大道;
505;1;1089;五琴路;
505;1;2268;武汉长江大桥;
505;1;1068;武珞路;
505;1;1180;珞狮路;
505;1;1096;中山路;
505;1;1189;中南路;
505;1;1146;临江大道;
505;1;1347;紫阳东路;
505;1;1144;友谊大道;
505;1;1145;和平大道;
505;1;1254;胜利街;
505;1;2349;扬子街;
505;1;1256;合作路;
505;1;1117;中山大道;
505;1;1098;滨江大道;
505;1;2127;显正街;
505;1;1125;友谊路;
505;1;1122;莲花湖路;
505;1;1123;龟山北路;
505;1;2244;平安大道;
505;1;1190;中北路;
505;1;2151;二环线;
505;1;2237;仁和路;
505;1;2204;杨春湖路;
505;1;1103;神龙大道;
505;1;1418;碧湖路;
505;1;1426;三角湖路;
505;1;1099;车城西路;
505;1;1048;东风大道;
505;1;1421;体育路;
505;1;1318;车城东路;
505;1;1422;太子湖路;
505;1;1078;沿河大道;
505;1;1517;鄂江左;
505;1;1195;沿江大道;
505;1;1192;古田三路;
505;1;1109;京汉大道;
505;1;1193;崇仁路;
505;1;1194;多福路;
505;1;1505;民权路;
505;1;1499;民生路;
505;1;1196;南京路;
505;1;1255;一元路;
505;1;1199;滨江渔村;
505;1;1772;江岸路;
505;1;1840;后官湖大道;
505;1;1417;车城大道;
505;1;1074;沌阳大道;
505;1;1419;博学路;
505;1;1316;发展大道;
505;1;1607;常青路;
505;1;1082;青年路;
505;1;1083;新华路;
505;1;2152;唐家墩电信局;
505;1;1131;唐家墩路;
505;1;1478;俊才街;
505;1;1460;中一路;
505;1;1218;老武黄路;
505;1;1063;珞喻东路;
505;1;2133;新店;
505;1;1029;土吴路;
505;1;2134;张之洞路;
505;1;1152;建设十一路;
505;1;1234;民主路;
505;1;1329;新生路;
505;1;1148;秦园路;
505;1;1149;铁机路;
505;1;1150;建设一路;
505;1;1151;建设八路;
505;1;2350;关山大道（珞喻路）;
505;1;1041;光谷大道;
505;1;2135;光谷一路;
505;1;2136;光谷创业街;
505;1;1158;青王路;
505;1;1181;珞喻路;
505;1;1747;关山大道;
505;1;1297;广八路;
505;1;1236;卓刀泉路;
505;1;1043;民族大道;
505;1;2351;洪山广场通道;
505;1;1229;解放路;
505;1;1135;武昌大道;
505;1;1133;纸坊大街;
505;1;1137;李纸路;
505;1;1134;西交路;
505;1;2154;谭鑫培路;
505;1;2157;金樱街;
505;1;2165;红旗渠路;
505;1;1130;江汉北路;
505;1;2164;常青一路;
505;1;1829;檀黄;
505;1;1778;白鹤泉西街;
505;1;1779;永兴街;
505;1;1292;全力一路;
505;1;1171;枫树一路;
505;1;1416;车城南路;
505;1;1774;太子湖北路;
505;1;2171;武汉大道;
505;1;1258;二七小路;
505;1;2304;二七长江大桥（解放大道）;
505;1;2305;二七长江大桥（和平大道）;
505;1;2200;东湖鸟语林;
505;1;1183;八一路;
505;1;1266;东湖路;
505;1;1081;宝丰一路;
505;1;1448;长江日报路;
505;1;1084;澳门路;
505;1;1472;解放公园路;
505;1;1057;金桥大道;
505;1;1215;兴业路;
505;1;1851;后湖大道;
505;1;2382;东湖路（徐东大街）;
505;1;2353;后湖二路;
505;1;2313;武汉长江二桥（解放大道）;
505;1;2314;武汉长江二桥（和平大道）;
505;1;1214;团结大道;
505;1;1030;Ｓ１０４;
505;1;2315;沪蓉高速公路武汉段;
505;1;1826;汉长线;
505;1;1785;京港澳高速公路;
505;1;1990;长岭岗街;
505;1;1322;武麻高速公路;
505;1;1321;武英高速公路;
505;1;1986;关豹高速公路;
505;1;2316;纸贺路;
505;1;1033;江夏服务区;
505;1;1809;沪渝高速公路;
505;1;1526;张柏路;
505;1;1002;机场高速公路;
505;1;1819;福银高速公路;
505;1;998;岱黄高速公路;
505;1;1023;鲁台停车区;
505;1;1867;甘棠收费站;
505;1;1247;汉施公路;
505;1;1026;施岗服务区;
505;1;1027;平江大道;
505;1;1028;青化路;
505;1;2002;武鄂高速公路;
505;1;2320;沪渝高速公路武汉段;
505;1;1035;宏达路;
505;1;1036;Ｓ２４４;
505;1;1317;汉蔡高速公路;
505;1;2319;永安服务区;
505;1;1987;便民路;
505;1;1020;庙岭服务区;
505;1;2324;福银高速公路武汉段;
505;1;1985;天河机场北连接线;
505;1;1000;Ｓ１１０;
505;1;2323;汉孝高速公路;
505;1;1008;前横;
505;1;1773;汉口北大道;
505;1;1302;岱黄辅道;
505;1;1013;Ｓ１０１;
505;1;2145;梁子湖大道;
505;1;2146;凤凰园三路;
505;1;2354;武汉绕城高速公路（纸贺路）;
505;1;1992;纸金路;
505;1;1934;高新大道;
505;1;1233;佳园路;
505;1;1936;左庙路;
505;1;1061;南湖大道;
505;1;1062;雄楚大道;
505;1;1879;光谷二路;
505;1;1314;杨桥湖大道;
505;1;1315;九凤街;
505;1;1060;高新四路;
505;1;2403;流芳园路;
505;1;1807;高新六路;
505;1;2383;国鸿大酒店;
505;1;2180;高新二路;
505;1;2144;界兴路;
505;1;2355;Ｙ０８４（五里界路）;
505;1;2384;Ｘ０１０（五里界路）;
505;1;1293;Ｘ００７;
505;1;2149;全力南路;
505;1;1831;军江村;
505;1;1282;爱民路;
505;1;1014;Ｓ１０３;
505;1;1413;全力三路;
505;1;2148;知音湖大道;
505;1;1230;丁字桥路;
505;1;1231;卓刀泉南路;
505;1;1232;虎泉街;
505;1;1016;汉阳大街;
505;1;1876;蒋湾;
505;1;2356;奓张;
505;1;2142;Ｙ０８４;
505;1;1159;江夏大道;
505;1;1278;长山学校;
505;1;2139;武长街;
505;1;1284;白云一路;
505;1;2388;武汉市汤逊湖泵站管理处;
505;1;2120;八坦路;
505;1;1094;江国路;
505;1;2121;江盛路;
505;1;2122;江民路;
505;1;1176;八铺围堤;
505;1;1168;阳光大道;
505;1;1434;赫山路;
505;1;1237;麒麟路;
505;1;1112;动物园路;
505;1;1111;马沧湖路;
505;1;1432;归元寺路;
505;1;1818;天安道;
505;1;2360;谌家矶大道;
505;1;2361;新河大桥;
505;1;1248;梅教街;
505;1;2155;雅心园;
505;1;1238;张公堤;
505;1;2108;宏图大道;
505;1;1191;白鹭街;
505;1;1262;天鹅路;
505;1;1385;Ｓ１１２;
505;1;1139;南湖路;
505;1;1844;武监高速公路;
505;1;1706;沌口路;
505;1;1802;Ｓ３２１;
505;1;2325;马影河大道;
505;1;1988;龚侏;
505;1;1847;西湖服务区;
505;1;1003;金山大道;
505;1;1004;巨龙大道;
505;1;2005;武汉机场路收费站;
505;1;1119;北湖西路;
505;1;1482;江汉四路;
505;1;1529;航空路;
505;1;1528;宝丰二路;
505;1;1353;平安路;
505;1;2161;华锦新乐思幼儿园;
505;1;1188;建安街;
505;1;1354;瑞安街;
505;1;2174;滨湖路;
505;1;1842;汤逊湖北路;
505;1;2326;武英高速公路武汉段;
505;1;1820;新洲停车区;
505;1;1025;Ｓ１１１;
505;1;2004;左岭路;
505;1;1049;服务区;
505;1;1868;佛祖岭一路;
505;1;1019;Ｘ００２;
505;1;2279;光谷三路;
505;1;2362;桥北路;
505;1;1167;Ｘ０１０;
505;1;2143;五里界路;
505;1;1042;大学园路;
505;1;1166;北华街;
505;1;2389;建安街南;
505;1;1295;惠济路;
505;1;1271;湖边坊路;
505;1;1296;苗栗路;
505;1;1235;卓刀泉北路;
505;1;1186;东一路;
505;1;1187;东三路;
505;1;1182;珞狮北路;
505;1;1727;三环线白沙洲大道入口匝道;
505;1;1580;三环线外圈;
505;1;1723;三环线外圈白沙洲大道入口匝道;
505;1;1729;白沙洲大道东侧;
505;1;1587;三环线内圈;
505;1;1730;三环线内圈白沙洲大道东侧入口匝道;
505;1;2118;白沙洲大道辅路;
505;1;1725;白沙洲大道西侧;
505;1;1728;三环线内圈白沙洲大道西侧入口匝道;
505;1;1733;三环线外圈白沙洲大道西侧入口匝道;
505;1;1886;白云路;
505;1;2168;和谐路;
505;1;2294;百步亭路;
505;1;1993;百威路;
505;1;2085;三环线内圈百威路入口匝道;
505;1;1655;三环线外圈百威路入口匝道;
505;1;2245;金花路;
505;1;1446;西北湖路;
505;1;2296;才华街;
505;1;2175;藏龙大道;
505;1;2176;环岛路;
505;1;1456;长港路;
505;1;1453;姑嫂树路;
505;1;1457;新湾四路;
505;1;1449;台北路;
505;1;2211;常青北路;
505;1;2213;外环路;
505;1;2215;常青花园中路;
505;1;2290;公园南路;
505;1;2289;学府南路;
505;1;1612;常青路东侧;
505;1;1621;三环线内圈常青路东侧入口匝道;
505;1;1613;三环线外圈常青路东侧入口匝道;
505;1;1454;常青三路;
505;1;1459;新湾三路;
505;1;2363;金墩街;
505;1;2227;厂前路;
505;1;1420;车城北路;
505;1;1308;观湖路;
505;1;1100;珠山湖大道;
505;1;1423;兴华路;
505;1;1101;万家湖路;
505;1;2183;楚汉路;
505;1;1887;沙湖大道;
505;1;1406;楚善街;
505;1;1405;楚善路;
505;1;1404;体育街;
505;1;1368;楚韵路;
505;1;2371;春蕾路;
505;1;1307;惠明路;
505;1;990;大广高速公路黄冈段;
505;1;977;泗店服务区;
505;1;830;淋山河停车区;
505;1;969;Ｓ２０２;
505;1;970;葛洲坝大道;
505;1;971;文城塆;
505;1;972;Ｓ２０７;
505;1;973;Ｓ２４１;
505;1;833;Ｘ３０５;
505;1;975;Ｇ１０６;
505;1;19;沪蓉高速公路;
505;1;976;乘马岗收费站;
505;1;2393;大广高速公路黄石段;
505;1;2402;永武高速公路;
505;1;2397;迎宾大道（沪渝高速公路）;
505;1;2398;王边小学;
505;1;2399;殷祖大道;
505;1;2400;Ｓ３１７;
505;1;2401;杭瑞高速公路;
505;1;1983;大广高速公路武汉段;
505;1;1823;新道公路;
505;1;1824;新洲服务区;
505;1;1558;大智路;
505;1;2308;武汉长江隧道东;
505;1;2309;武汉长江隧道西;
505;1;1503;单洞路;
505;1;1502;单洞三路;
505;1;1933;文安街;
505;1;1858;丁字桥南路;
505;1;1365;岭南路;
505;1;1680;三环线外圈东风大道入口匝道;
505;1;2158;东风大道辅路;
505;1;2159;科技工业园;
505;1;2160;体育中心;
505;1;1693;东风大道西侧;
505;1;1694;三环线外圈东风大道西侧入口匝道;
505;1;1153;徐东大街;
505;1;1264;水果湖横路;
505;1;1269;黄鹂路;
505;1;1261;东湖南路;
505;1;1260;东湖东路;
505;1;1792;东湖西路;
505;1;1415;东荆河路;
505;1;2364;沌口新街;
505;1;2131;洪山村;
505;1;2129;莲湖路;
505;1;1263;洪山路;
505;1;1185;洪山侧路;
505;1;1640;三环线外圈东西湖大道入口匝道;
505;1;2123;东西湖大道辅路;
505;1;2124;八方路;
505;1;2125;一清路;
505;1;1817;香榭琴台;
505;1;1105;墨水湖北路;
505;1;1707;三环线外圈沌口路入口匝道;
505;1;1319;万家湖中路;
505;1;1712;沌口路东侧;
505;1;1713;三环线内圈沌口路东侧入口匝道;
505;1;1714;沌口路西侧;
505;1;1716;三环线外圈沌口路西侧入口匝道;
505;1;1651;舵落口市场;
505;1;1652;三环线外圈舵落口市场入口匝道;
505;1;1225;二十一号公路;
505;1;1224;工人村路;
505;1;1226;焦沙路;
505;1;1424;芳草路;
505;1;2063;高新大道北侧;
505;1;2071;三环线内圈高新大道北侧入口匝道;
505;1;2064;三环线外圈高新大道北侧入口匝道;
505;1;2066;高新大道南侧;
505;1;2067;三环线内圈高新大道南侧入口匝道;
505;1;2074;三环线外圈高新大道南侧入口匝道;
505;1;1480;高雄路;
505;1;1481;台东路;
505;1;1479;台北一路;
505;1;1360;工大路;
505;1;1361;洪达巷;
505;1;1362;洪兴巷;
505;1;1464;工农兵路;
505;1;1643;三环线内圈工农路入口匝道;
505;1;2089;工农路北侧;
505;1;2092;三环线外圈工农路北侧入口匝道;
505;1;2091;工农路南侧;
505;1;2090;三环线内圈工农路南侧入口匝道;
505;1;1220;冶金大道;
505;1;2195;环厂北路;
505;1;1276;工业二路;
505;1;1391;随州街;
505;1;1392;市政侧路;
505;1;1277;工业路;
505;1;1157;工业四路;
505;1;2291;康居一路;
505;1;1265;公正路;
505;1;1602;姑李路;
505;1;1606;三环线外圈姑李路入口匝道;
505;1;2212;金银潭大道;
505;1;2106;三环线内圈姑嫂树路入口匝道;
505;1;2196;罗家嘴路;
505;1;1765;三环线内圈古田二路入口匝道;
505;1;2365;田文街;
505;1;1512;古田路;
505;1;2189;南泥湾大道;
505;1;2188;国光石业;
505;1;2184;沿河堤顶路;
505;1;1748;三环线内圈关山大道入口匝道;
505;1;1756;三环线内圈光谷大道入口匝道;
505;1;1754;三环线外圈光谷大道入口匝道;
505;1;2077;光谷大道东侧;
505;1;2076;三环线外圈光谷大道东侧入口匝道;
505;1;2254;光谷街;
505;1;2253;珞雄路;
505;1;2081;国博大道;
505;1;1051;襄河堤;
505;1;2207;汉新大道;
505;1;2387;四新北路立交桥;
505;1;2097;汉飞大道;
505;1;2096;三环线汉飞大道入口匝道;
505;1;2101;三环线内圈汉飞大道入口匝道;
505;1;2095;汉飞大道西侧;
505;1;2094;三环线外圈汉飞大道西侧入口匝道;
505;1;1007;石道线;
505;1;1243;明富街;
505;1;2366;黄武公路;
505;1;1346;汉南路;
505;1;1088;知音大道;
505;1;1438;高公街;
505;1;2198;汉西三路;
505;1;1510;汉西一路;
505;1;1708;江堤中路;
505;1;1666;三环线内圈汉阳大道入口匝道;
505;1;1672;三环线外圈汉阳大道入口匝道;
505;1;1663;汉阳大道北侧;
505;1;1674;三环线外圈汉阳大道北侧入口匝道;
505;1;1669;汉阳大道南侧;
505;1;1675;三环线内圈汉阳大道南侧入口匝道;
505;1;1673;三环线外圈汉阳大道南侧入口匝道;
505;1;1786;肖家咀;
505;1;2223;航空小路;
505;1;2222;万松园横路;
505;1;2208;航天路;
505;1;1514;金银湖路;
505;1;1921;三环线内圈和平大道入口匝道;
505;1;1904;三环线内外圈;
505;1;1916;三环线内外圈和平大道入口匝道;
505;1;1905;三环线外圈和平大道入口匝道;
505;1;1154;沿港路;
505;1;1907;和平大道北侧;
505;1;1910;三环线内圈和平大道北侧出口匝道;
505;1;1915;三环线内外圈和平大道北侧入口匝道;
505;1;1902;和平大道南侧;
505;1;1925;三环线内圈和平大道南侧入口匝道;
505;1;1885;黄鹤路;
505;1;1140;恒安路;
505;1;2199;江宏花园;
505;1;1141;雅安街;
505;1;1394;红钢二街;
505;1;2301;建设五路;
505;1;2302;建设十路;
505;1;1393;建设六路;
505;1;2115;三环线内圈宏图大道入口匝道;
505;1;2109;三环线外圈宏图大道入口匝道;
505;1;2218;盘龙大道;
505;1;1363;石牌岭路;
505;1;1184;茶港路;
505;1;2128;全力北路;
505;1;1414;枫树四路;
505;1;1461;幸福大道;
505;1;2172;后湖四路;
505;1;2256;正义路;
505;1;1465;后襄河北路;
505;1;2169;淮海路;
505;1;1372;沿湖路;
505;1;1253;黄石路;
505;1;1494;铭新街;
505;1;1257;黄孝河路;
505;1;1488;永清路;
505;1;1466;香港路;
505;1;2280;积玉路;
505;1;2281;尚隆路;
505;1;2300;建港南街;
505;1;2299;三弓路;
505;1;1914;三环线外圈建设十一路入口匝道;
505;1;1919;建设十一路西侧;
505;1;1920;三环线外圈建设十一路西侧入口匝道;
505;1;1390;建设四路;
505;1;2257;建设新村路;
505;1;2206;王家咀;
505;1;1697;三环线内圈江城大道入口匝道;
505;1;1699;三环线外圈江城大道入口匝道;
505;1;1104;墨水湖南路;
505;1;1700;江城大道东侧;
505;1;1701;三环线内圈江城大道东侧入口匝道;
505;1;1702;江城大道西侧;
505;1;1705;三环线外圈江城大道西侧入口匝道;
505;1;1487;江大路;
505;1;1477;三眼桥路;
505;1;1485;赵家条路;
505;1;1710;三环线内圈江堤中路入口匝道;
505;1;2372;文举街;
505;1;2373;正平街;
505;1;1498;江汉二路;
505;1;1493;前进五路;
505;1;1495;交易街;
505;1;2303;解放大道辅路;
505;1;1443;万松园路;
505;1;1441;武展西路;
505;1;1473;光华路;
505;1;1474;绿缘路;
505;1;1516;金南一路;
505;1;1627;金南一路西;
505;1;1628;三环线外圈金南一路西入口匝道;
505;1;2015;金桥大道东侧;
505;1;2017;三环线金桥大道东侧入口匝道;
505;1;2016;三环线内圈金桥大道东侧入口匝道;
505;1;2014;三环线外圈金桥大道东侧入口匝道;
505;1;2083;金色一路;
505;1;2082;三环线内圈金色一路入口匝道;
505;1;1852;东吴大道;
505;1;1527;环湖路;
505;1;1638;三环线外圈金银湖路入口匝道;
505;1;1515;金银湖北街;
505;1;2214;金潭路;
505;1;2229;津水路;
505;1;1407;石灰堰;
505;1;1951;京港澳高速公路武汉段;
505;1;2262;咸宁服务区;
505;1;1010;Ｘ００９;
505;1;2317;青郑高速公路（武汉绕城高速公路）;
505;1;2327;金口服务区（武汉绕城高速公路）;
505;1;2328;纸金路（武汉绕城高速公路）;
505;1;2329;武监高速公路（武汉绕城高速公路）;
505;1;2330;Ｓ１０３（武汉绕城高速公路）;
505;1;2331;沪渝高速公路（武汉绕城高速公路）;
505;1;2332;蔡甸服务区（武汉绕城高速公路）;
505;1;2333;汉蔡高速公路（武汉绕城高速公路）;
505;1;2334;东西湖大道（武汉绕城高速公路）;
505;1;2318;沪蓉高速公路（武汉绕城高速公路）;
505;1;1853;东西湖服务区;
505;1;958;京港澳高速公路咸宁段;
505;1;960;新店收费站;
505;1;561;咸安服务区;
505;1;961;Ｓ２１４;
505;1;962;赤壁北站;
505;1;963;Ｘ４４;
505;1;964;Ｓ３２９;
505;1;965;桂乡大道;
505;1;980;京港澳高速公路孝感段;
505;1;989;三里停车区;
505;1;981;六房湾;
505;1;982;Ｓ３１０;
505;1;983;王杨线;
505;1;984;沈家湾;
505;1;985;Ｓ２４３;
505;1;992;大随高速公路;
505;1;986;李家塆;
505;1;987;京珠连路线;
505;1;988;大新收费站;
505;1;1118;利济北路;
505;1;1348;静安路;
505;1;1366;福安街;
505;1;2264;慈惠街;
505;1;1525;团结街;
505;1;1272;黄花涝路;
505;1;1994;堪家矶大道;
505;1;2022;三环线堪家矶大道入口匝道;
505;1;2025;三环线内圈堪家矶大道入口匝道;
505;1;2010;堪家矶大道北侧;
505;1;2024;三环线内圈堪家矶大道北侧入口匝道;
505;1;2293;康居四路;
505;1;2292;学府北路;
505;1;1090;拦江路;
505;1;2374;马鹦路（国博大道）;
505;1;2375;归元寺路（国博大道）;
505;1;1121;阳新路;
505;1;2278;李纸路至野芷湖西路;
505;1;2275;野芷湖西路;
505;1;1327;利济东街;
505;1;1440;游艺路;
505;1;2219;利济路;
505;1;2246;联盟路;
505;1;2209;联通路;
505;1;2210;马池路;
505;1;1401;粮道街;
505;1;1400;得胜桥;
505;1;1402;胭脂路;
505;1;1467;菱角湖路;
505;1;2220;龙灯路;
505;1;1683;三环线内圈龙阳大道入口匝道;
505;1;1687;龙阳大道东侧;
505;1;1690;三环线内圈龙阳大道东侧入口匝道;
505;1;1371;鲁磨路;
505;1;1373;喻家山北路;
505;1;1374;团山路;
505;1;2297;罗家港路;
505;1;2298;南干渠路;
505;1;2378;梦湖路（夏鹃街）;
505;1;1458;罗家嘴路后湖道;
505;1;2377;梦湖路;
505;1;1179;文治街;
505;1;1859;珞狮南路;
505;1;1947;三环线内圈珞狮南路入口匝道;
505;1;1948;三环线外圈珞狮南路入口匝道;
505;1;2252;珞新路;
505;1;1369;新竹路;
505;1;2041;三环线外圈珞喻东路入口匝道;
505;1;2261;三环线西侧;
505;1;2260;三环线西侧珞喻东路出口匝道;
505;1;2051;珞喻东路北侧;
505;1;2052;三环线珞喻东路北侧入口匝道;
505;1;2042;珞喻东路南侧;
505;1;2043;三环线珞喻东路南侧入口匝道;
505;1;2044;三环线内圈珞喻东路南侧入口匝道;
505;1;2048;三环线外圈珞喻东路南侧入口匝道;
505;1;1450;马场角路;
505;1;1451;马场角横路;
505;1;1452;马场路;
505;1;1430;马鹦路;
505;1;1367;梅苑路;
505;1;1810;妙墩横路;
505;1;1483;妙墩路;
505;1;1501;三民路;
505;1;1496;民意上街;
505;1;1856;民意四路;
505;1;1497;民主一街;
505;1;1491;前进一路;
505;1;1492;前进四路;
505;1;1737;三环线内圈民族大道入口匝道;
505;1;1735;三环线外圈民族大道入口匝道;
505;1;1739;民族大道东侧;
505;1;1741;三环线内圈民族大道东侧入口匝道;
505;1;1742;民族大道西侧;
505;1;1744;三环线外圈民族大道西侧入口匝道;
505;1;1500;民族路;
505;1;1388;园林路;
505;1;1227;沿湖东路;
505;1;1228;洪刘村;
505;1;1504;鄱阳街;
505;1;1795;彭刘杨路;
505;1;1403;彭刘杨西路;
505;1;1433;百灵路;
505;1;1490;自治街;
505;1;2226;秦园东路;
505;1;2225;秦园中路;
505;1;1219;武东路;
505;1;1724;三环线白沙洲大道出口匝道;
505;1;2100;三环线汉飞大道出口匝道;
505;1;2336;三环线金桥大道出口匝道;
505;1;2337;金桥大道西侧;
505;1;2339;三环线金桥大道西侧出口匝道;
505;1;2021;三环线堪家矶大道出口匝道;
505;1;2050;三环线珞喻东路出口匝道;
505;1;2062;三环线珞喻东路北侧出口匝道;
505;1;2020;三环线武英高速公路出口匝道;
505;1;2341;三环线襄河堤出口匝道;
505;1;2026;三环线友谊大道出口匝道;
505;1;2003;平安南加油站;
505;1;2001;先锋村;
505;1;1995;中环古田南加油站;
505;1;1996;永丰中环加油站;
505;1;1997;陈家咀加油站;
505;1;1998;白沙洲南加油站;
505;1;1999;先建村委会;
505;1;1860;琪琳加油站;
505;1;2060;三环线东;
505;1;2059;三环线东珞喻东路出口匝道;
505;1;1722;三环线内圈白沙洲大道出口匝道;
505;1;1732;三环线内圈白沙洲大道西侧出口匝道;
505;1;2086;三环线内圈百威路出口匝道;
505;1;1618;常青路西侧;
505;1;1620;三环线内圈常青路西侧出口匝道;
505;1;1715;三环线内圈沌口路西侧出口匝道;
505;1;2065;三环线内圈高新大道北侧出口匝道;
505;1;2072;三环线内圈高新大道南侧出口匝道;
505;1;1642;三环线内圈工农路出口匝道;
505;1;2088;三环线内圈工农路北侧出口匝道;
505;1;2104;三环线内圈姑嫂树路出口匝道;
505;1;1767;三环线内圈古田二路出口匝道;
505;1;1768;三环线内圈关山大道出口匝道;
505;1;1755;三环线内圈光谷大道出口匝道;
505;1;2080;三环线内圈国博大道出口匝道;
505;1;2102;三环线内圈汉飞大道出口匝道;
505;1;1668;三环线内圈汉阳大道出口匝道;
505;1;1671;三环线内圈汉阳大道北侧出口匝道;
505;1;1670;三环线内圈汉阳大道南侧出口匝道;
505;1;1909;三环线内圈和平大道出口匝道;
505;1;1912;三环线内圈和平大道南侧出口匝道;
505;1;2107;三环线内圈宏图大道出口匝道;
505;1;1696;三环线内圈江城大道出口匝道;
505;1;1703;三环线内圈江城大道西侧出口匝道;
505;1;2084;三环线内圈金色一路出口匝道;
505;1;2011;三环线内圈堪家矶大道出口匝道;
505;1;2012;三环线内圈堪家矶大道北侧出口匝道;
505;1;1682;三环线内圈龙阳大道出口匝道;
505;1;1688;龙阳大道西侧;
505;1;1689;三环线内圈龙阳大道西侧出口匝道;
505;1;1945;三环线内圈珞狮南路出口匝道;
505;1;2039;三环线内圈珞喻东路出口匝道;
505;1;2047;三环线内圈珞喻东路南侧出口匝道;
505;1;1736;三环线内圈民族大道出口匝道;
505;1;1743;三环线内圈民族大道西侧出口匝道;
505;1;2038;三环线内圈武鄂高速公路出口匝道;
505;1;2013;三环线内圈武英高速公路出口匝道;
505;1;1900;三环线内圈友谊大道出口匝道;
505;1;1899;友谊大道北侧;
505;1;2037;三环线内圈友谊大道北侧出口匝道;
505;1;1930;友谊大道南侧;
505;1;1931;三环线内圈友谊大道南侧出口匝道;
505;1;1731;三环线外圈白沙洲大道东侧出口匝道;
505;1;1726;三环线外圈白沙洲大道西侧出口匝道;
505;1;2087;三环线外圈百威路出口匝道;
505;1;1619;三环线外圈常青路西侧出口匝道;
505;1;1746;三环线外圈大学园路出口匝道;
505;1;1684;三环线外圈东风大道出口匝道;
505;1;1691;东风大道东侧;
505;1;1692;三环线外圈东风大道东侧出口匝道;
505;1;1644;三环线外圈东西湖大道出口匝道;
505;1;1711;三环线外圈沌口路出口匝道;
505;1;1717;三环线外圈沌口路东侧出口匝道;
505;1;1653;三环线外圈舵落口市场出口匝道;
505;1;2070;三环线外圈高新大道北侧出口匝道;
505;1;2068;三环线外圈高新大道南侧出口匝道;
505;1;2093;三环线外圈工农路南侧出口匝道;
505;1;1604;三环线外圈姑李路出口匝道;
505;1;1753;三环线外圈光谷大道出口匝道;
505;1;2103;三环线外圈汉飞大道出口匝道;
505;1;1667;三环线外圈汉阳大道出口匝道;
505;1;1676;三环线外圈汉阳大道南侧出口匝道;
505;1;1901;三环线外圈和平大道出口匝道;
505;1;1903;三环线外圈和平大道南侧出口匝道;
505;1;2114;三环线外圈宏图大道出口匝道;
505;1;2113;宏图大道东侧;
505;1;2112;三环线外圈宏图大道东侧出口匝道;
505;1;2111;宏图大道西侧;
505;1;2110;三环线外圈宏图大道西侧出口匝道;
505;1;1698;三环线外圈江城大道出口匝道;
505;1;1704;三环线外圈江城大道东侧出口匝道;
505;1;1630;三环线外圈金南一路出口匝道;
505;1;1623;金南一路东;
505;1;1624;三环线外圈金南一路东出口匝道;
505;1;1631;金南一路东侧;
505;1;1632;三环线外圈金南一路东侧出口匝道;
505;1;1625;金南一路中;
505;1;1771;三环线外圈金南一路中入口匝道;
505;1;1637;三环线外圈金银湖路出口匝道;
505;1;1946;三环线外圈珞狮南路出口匝道;
505;1;2045;三环线外圈珞喻东路出口匝道;
505;1;2046;三环线外圈珞喻东路南侧出口匝道;
505;1;1738;三环线外圈民族大道出口匝道;
505;1;1740;三环线外圈民族大道东侧出口匝道;
505;1;1720;三环线外圈武金堤路出口匝道;
505;1;2019;三环线外圈武英高速公路出口匝道;
505;1;2027;三环线外圈友谊大道出口匝道;
505;1;2034;三环线外圈友谊大道北侧出口匝道;
505;1;2029;三环线外圈友谊大道南侧出口匝道;
505;1;2055;三环线西;
505;1;2056;三环线西珞喻东路出口匝道;
505;1;2053;三环线中;
505;1;2054;三环线中珞喻东路出口匝道;
505;1;1427;东风三路;
505;1;2282;三乐路;
505;1;2283;玉带正街;
505;1;1476;三眼桥北路;
505;1;1380;体育馆路;
505;1;1381;姚家岭街;
505;1;2390;汉口北大道南;
505;1;2379;民生堤;
505;1;1249;首义路;
505;1;1356;书城路;
505;1;2265;文秀街;
505;1;1384;水果湖路;
505;1;1489;顺道街;
505;1;2231;北洋桥路;
505;1;2255;塔子湖东路;
505;1;1484;云林街;
505;1;2230;文华路;
505;1;2173;黄王村;
505;1;1486;唐蔡路;
505;1;2232;中铁花园;
505;1;2234;吴沙路;
505;1;1387;爱家国际华城;
505;1;2248;团结大道至联盟路;
505;1;2295;团结路;
505;1;2285;青年路西侧;
505;1;2286;青年路东侧;
505;1;1444;银松路;
505;1;1445;雪松路;
505;1;2251;文化大道;
505;1;2203;文昌路;
505;1;2236;钢城第十五小学;
505;1;2235;吴沙路至青化路;
505;1;1523;径河路;
505;1;2367;武汉大道辅路;
505;1;2369;沿江大道（黄浦大街）;
505;1;2368;永清小路;
505;1;1719;三环线内圈武金堤路入口匝道;
505;1;1377;武珞路五巷;
505;1;1378;中南二路;
505;1;1442;武商路;
505;1;2239;宝丰街;
505;1;2284;武胜西街;
505;1;2023;三环线外圈武英高速公路入口匝道;
505;1;1447;黄孝西路;
505;1;1869;香江路;
505;1;2205;祥丰路;
505;1;1389;景胜花园;
505;1;1870;下新河后街;
505;1;2217;新湾五路;
505;1;1849;秀泽园;
505;1;2376;兴月路;
505;1;2250;武咸路;
505;1;1156;学院路;
505;1;2380;巡司河街;
505;1;1412;新桥街;
505;1;2179;栗庙路;
505;1;2381;高新六路（光谷一路）;
505;1;2385;加油站;
505;1;2240;四新北路;
505;1;1114;杨泗路;
505;1;1115;鹦鹉路;
505;1;1506;友益街;
505;1;2030;三环线内圈友谊大道入口匝道;
505;1;1897;三环线外圈友谊大道入口匝道;
505;1;1397;武汉长江隧道;
505;1;2033;三环线友谊大道北侧入口匝道;
505;1;2036;三环线内圈友谊大道北侧入口匝道;
505;1;1898;三环线外圈友谊大道北侧入口匝道;
505;1;2031;三环线内圈友谊大道南侧入口匝道;
505;1;1124;晴川街;
505;1;1128;友谊南路;
505;1;1677;余家湾;
505;1;1678;三环线内圈余家湾方向上匝道;
505;1;1375;喻家湖路;
505;1;2241;绿景苑;
505;1;2243;园林路至祥丰路;
505;1;2288;振兴路;
505;1;2287;振兴三路;
505;1;2079;郑桥小路;
505;1;2078;三环线外圈郑桥小路入口匝道;
505;1;1399;中华路;
505;1;2310;中山路辅路;
505;1;2311;航海客运站;
505;1;2312;千家鑫苑;
505;1;1816;龙王村;
505;1;1073;全力五路;
505;1;1259;湖北省肿瘤医院;
505;1;1379;紫沙路;
