CID;TABCD;LCD;CLASS;TCD;STCD;ROADNUMBER;RNID;N1ID;N2ID;POL_LCD;PES_LEV
505;15;411;L;1;2;G107;1017;2343;2346;4;
505;15;2844;L;1;2;G107;1024;1781;1812;4;
505;15;474;L;1;2;G107;1721;2249;2347;4;
505;15;447;L;1;2;G107;1639;2348;1581;4;
505;15;730;L;1;2;G107;1641;1581;1208;4;
505;15;2837;L;1;2;G107;1556;1017;1069;4;
505;15;2833;L;1;2;G107;1532;1531;1017;4;
505;15;734;L;1;4;;1077;1208;1239;4;
505;15;432;L;1;2;G107;1075;1581;1077;4;
505;15;465;L;1;2;G107;1076;1581;1069;4;
505;15;511;L;1;2;G107;1089;1050;1076;4;
505;15;412;L;1;2;G107;2268;1532;1556;4;
505;15;853;L;1;2;G107;1068;1531;1180;4;
505;15;581;L;1;4;;1096;1721;1146;4;
505;15;959;L;1;4;;1254;2349;1205;4;
505;15;541;L;1;4;;1098;2127;1125;4;
505;15;3347;L;1;4;;2244;1190;1581;4;
505;15;2395;L;1;4;;1103;1418;1047;4;
505;15;702;L;1;4;;1078;1517;1195;4;
505;15;711;L;1;4;;1195;1078;1239;4;
505;15;2338;L;1;4;;1099;1840;1048;4;
505;15;3080;L;1;4;;1316;1207;1210;4;
505;15;840;L;1;2;G316;1218;1063;2133;4;
505;15;588;L;1;4;;1146;2134;1152;4;
505;15;835;L;1;2;G316;1063;2350;1218;4;
505;15;858;L;1;2;G316;1181;1180;1747;4;
505;15;844;L;1;4;;1234;1146;2351;4;
505;15;566;L;1;3;;1135;1133;1137;4;
505;15;560;L;1;4;;1083;1077;2165;4;
505;15;2842;L;1;2;G318;1781;1829;1024;4;
505;15;2840;L;1;2;G318;1778;1779;1829;4;
505;15;428;L;1;2;G318;1048;1812;1581;4;
505;15;872;L;1;2;G318;2151;1075;2244;4;
505;15;3198;L;1;3;;2151;1180;2200;4;
505;15;868;L;1;4;;1080;1078;1207;4;
505;15;438;L;1;3;;1079;1077;1210;4;
505;15;773;L;1;4;;1057;1210;1581;4;
505;15;768;L;1;3;;2171;1057;2382;4;
505;15;423;L;1;2;G318;1779;1030;1778;4;
505;15;151;L;1;1;G42;2315;1826;1785;4;
505;15;163;L;1;1;G42;2315;1812;1990;4;
505;15;125;L;1;1;G42;1322;1321;1812;4;
505;15;100;L;1;1;G4201;1812;1785;1986;4;
505;15;86;L;1;1;G4201;1812;1785;1809;4;
505;15;110;L;1;1;G50;2320;1035;1812;4;
505;15;165;L;1;1;G50;2320;1812;1987;4;
505;15;51;L;1;1;G70;2324;1812;1785;4;
505;15;173;L;1;1;G70;2323;998;1812;4;
505;15;61;L;1;1;S1;998;1581;1008;4;
505;15;786;L;1;3;S101;1013;2145;2146;4;
505;15;2181;L;1;3;S101;1013;2354;1133;4;
505;15;2950;L;1;4;;1934;1233;1936;4;
505;15;653;L;1;4;;1747;1581;1181;4;
505;15;401;L;1;4;;1041;1879;1063;4;
505;15;3066;L;1;3;S101;1879;1041;2403;4;
505;15;3155;L;1;4;S101;2135;1807;1063;4;
505;15;3068;L;1;3;S101;2144;2355;2145;4;
505;15;3531;L;1;3;S101;1013;2149;1831;4;
505;15;787;L;1;3;S101;1413;2148;2149;4;
505;15;819;L;1;4;;1062;1096;1233;4;
505;15;1060;L;1;3;S101;2148;1013;1016;4;
505;15;3071;L;1;3;S101;1133;1135;2142;4;
505;15;832;L;1;3;S101;1992;1045;1013;4;
505;15;670;L;1;3;S102;1045;1992;1721;4;
505;15;635;L;1;4;;1168;2154;1159;4;
505;15;451;L;1;3;S104;1030;1016;1050;4;
505;15;458;L;1;3;S104;1050;1030;1098;4;
505;15;130;L;1;1;S11;1301;1812;1721;4;
505;15;2896;L;1;3;S110;1000;1002;1819;4;
505;15;914;L;1;3;S111;2360;1239;2361;4;
505;15;911;L;1;3;S111;1239;1212;2360;4;
505;15;918;L;1;3;S111;1247;2360;1812;4;
505;15;879;L;1;4;;1238;2108;1212;4;
505;15;1012;L;1;4;;1191;1190;1262;4;
505;15;2229;L;1;3;S112;1027;1385;1247;4;
505;15;572;L;1;3;S113;1137;1135;1139;4;
505;15;137;L;1;1;S13;1844;1014;1706;4;
505;15;116;L;1;1;S15;1317;1809;1581;4;
505;15;56;L;1;1;S18;1002;1003;1000;4;
505;15;530;L;1;4;;1082;1077;1316;4;
505;15;2603;L;1;4;;1203;1077;1482;4;
505;15;2808;L;1;4;;1529;1079;1082;4;
505;15;936;L;1;4;;1229;1176;1096;4;
505;15;2113;L;1;4;;1353;2161;1062;4;
505;15;3138;L;1;4;;2174;1842;1060;4;
505;15;121;L;1;1;S5;2326;1581;1820;4;
505;15;167;L;1;1;S7;2002;1581;2004;4;
505;15;81;L;1;1;S8;1986;1581;1812;4;
505;15;2185;L;1;4;X002;1019;2279;2362;4;
505;15;3057;L;1;3;;1284;1992;1135;4;
505;15;638;L;1;4;X010;1167;2143;1159;4;
505;15;628;L;1;4;X010;1159;1133;1042;4;
505;15;694;L;1;4;X017;1189;1068;1183;4;
505;15;3534;L;1;4;X302;1139;1061;1721;4;
505;15;965;L;1;4;;1084;1079;1077;4;
505;15;816;L;1;4;;1176;1045;1229;4;
505;15;849;L;1;4;;1183;2351;1235;4;
505;15;400;L;7;0;;;1721;1581;4;
505;15;394;L;7;0;;;1721;1580;4;
505;15;1088;L;7;0;;;1729;1587;4;
505;15;3109;L;1;4;;2118;1581;2347;4;
505;15;1086;L;7;0;;;1725;1587;4;
505;15;1094;L;7;0;;;1725;1580;4;
505;15;2938;L;1;4;;1886;2168;1214;4;
505;15;2538;L;1;4;;1211;1851;1077;4;
505;15;3481;L;1;4;;2294;1077;1215;4;
505;15;310;L;7;0;;;1993;1587;4;
505;15;306;L;7;0;;;1993;1580;4;
505;15;3330;L;1;4;;1993;2245;1762;4;
505;15;2801;L;1;4;;1528;1081;1529;4;
505;15;2798;L;1;4;;1081;1077;1079;4;
505;15;2486;L;1;4;;1119;1082;1083;4;
505;15;2392;L;1;4;;1418;1099;1419;4;
505;15;3487;L;1;4;;2296;1145;1144;4;
505;15;3133;L;1;4;;2175;2174;2176;4;
505;15;941;L;1;4;;1207;1641;1080;4;
505;15;2508;L;1;4;;1456;1607;1453;4;
505;15;2490;L;1;4;;1448;1083;1079;4;
505;15;3251;L;1;4;;2211;1581;2213;4;
505;15;3460;L;1;4;;2215;2211;2290;4;
505;15;752;L;1;4;;1607;1082;1581;4;
505;15;256;L;7;0;;;1612;1587;4;
505;15;254;L;7;0;;;1612;1580;4;
505;15;2518;L;1;4;;1454;1607;1453;4;
505;15;3121;L;1;4;;2164;1607;1453;4;
505;15;3287;L;1;3;;2227;1214;1144;4;
505;15;2346;L;1;4;;1420;1048;1422;4;
505;15;2408;L;1;4;;1417;1308;1047;4;
505;15;2359;L;1;4;;1318;1416;1422;4;
505;15;2351;L;1;4;;1416;1840;1423;4;
505;15;2456;L;1;4;;1193;1078;1077;4;
505;15;3298;L;1;4;;2183;1266;1144;4;
505;15;2316;L;1;4;;1406;2134;1405;4;
505;15;2313;L;1;4;;1405;1404;1406;4;
505;15;2161;L;1;4;;1368;1062;1232;4;
505;15;1074;L;1;4;;2371;1266;1307;4;
505;15;12051;L;1;1;;990;1809;977;6;
505;15;24051;L;1;1;;2393;1809;2402;8;
505;15;146;L;1;1;;1983;830;833;4;
505;15;649;L;1;4;;1042;1159;1581;4;
505;15;2562;L;1;4;;1558;2308;1109;4;
505;15;2701;L;1;4;;1503;1077;1109;4;
505;15;2698;L;1;4;;1502;1109;1077;4;
505;15;2109;L;1;4;;1230;1062;1068;4;
505;15;3290;L;1;4;;1858;1188;1365;4;
505;15;340;L;7;0;;;1048;1580;4;
505;15;3098;L;1;4;;2158;2159;2160;4;
505;15;354;L;7;0;;;1693;1580;4;
505;15;1016;L;1;4;;1266;1190;1153;4;
505;15;1001;L;1;4;;1261;1262;1260;4;
505;15;2863;L;1;4;;1792;1887;1190;4;
505;15;3165;L;1;4;;1415;1840;2364;4;
505;15;2218;L;1;4;;1187;1183;1263;4;
505;15;286;L;7;0;;;1639;1580;4;
505;15;3175;L;1;4;;2123;2124;2125;4;
505;15;2210;L;1;4;;1186;1183;1264;4;
505;15;927;L;1;4;;1112;1817;1050;4;
505;15;372;L;7;0;;;1706;1580;4;
505;15;1081;L;1;4;;1706;1318;1581;4;
505;15;380;L;7;0;;;1712;1587;4;
505;15;384;L;7;0;;;1714;1580;4;
505;15;482;L;1;4;;1074;1308;1706;4;
505;15;2464;L;1;4;;1194;1078;1117;4;
505;15;302;L;7;0;;;1651;1580;4;
505;15;983;L;1;4;;1210;1316;1077;4;
505;15;2529;L;1;4;;1258;1210;1215;4;
505;15;799;L;1;3;;1225;1028;1224;4;
505;15;2366;L;1;4;;1424;1422;1105;4;
505;15;2917;L;1;4;;1868;1060;2180;4;
505;15;2960;L;7;0;;;2063;1587;4;
505;15;2962;L;7;0;;;2063;1580;4;
505;15;2964;L;7;0;;;2066;1587;4;
505;15;2966;L;7;0;;;2066;1580;4;
505;15;3274;L;1;4;;2180;2135;2279;4;
505;15;2906;L;1;4;;1807;1315;2279;4;
505;15;2913;L;1;4;;1060;1041;2279;4;
505;15;2592;L;1;4;;1480;1481;1079;4;
505;15;2132;L;1;4;;1360;1062;1361;4;
505;15;2542;L;1;4;;1464;2171;1210;4;
505;15;290;L;7;0;;;1641;1587;4;
505;15;296;L;7;0;;;2089;1580;4;
505;15;300;L;7;0;;;2091;1587;4;
505;15;788;L;1;3;;1224;1220;1225;4;
505;15;2266;L;1;4;;1276;1144;1145;4;
505;15;1044;L;1;4;;1277;1144;1145;4;
505;15;2275;L;1;4;;1157;1144;1220;4;
505;15;3464;L;1;4;;2290;2291;2215;4;
505;15;1009;L;1;4;;1265;1144;1190;4;
505;15;246;L;7;0;;;1602;1580;4;
505;15;3263;L;1;4;;1602;1581;2212;4;
505;15;240;L;7;0;;;1453;1587;4;
505;15;2503;L;1;4;;1453;1131;1581;4;
505;15;280;L;7;0;;;1633;1587;4;
505;15;2744;L;1;4;;1633;2365;1581;4;
505;15;2758;L;1;4;;1512;1208;1078;4;
505;15;2734;L;1;4;;1209;1078;1207;4;
505;15;2771;L;1;4;;1208;1517;2188;4;
505;15;1114;L;7;0;;;1747;1587;4;
505;15;3426;L;1;4;;2136;1747;2135;4;
505;15;1126;L;7;0;;;1041;1587;4;
505;15;1122;L;7;0;;;1041;1580;4;
505;15;2968;L;7;0;;;2077;1580;4;
505;15;3369;L;1;4;;2254;1043;2253;4;
505;15;3535;L;1;4;;2279;1807;1063;4;
505;15;2226;L;1;4;;1297;1181;1183;4;
505;15;2432;L;1;4;;1432;2081;1050;4;
505;15;3334;L;1;4;;1762;1051;1076;4;
505;15;3527;L;1;4;;2081;1581;2207;4;
505;15;258;L;7;0;;;2097;1581;4;
505;15;260;L;7;0;;;2097;1587;4;
505;15;756;L;1;4;;2097;1581;1003;4;
505;15;262;L;7;0;;;2095;1580;4;
505;15;3533;L;1;4;;1212;1077;1773;4;
505;15;903;L;1;4;;1773;1004;1247;4;
505;15;2453;L;1;4;;1346;1088;1438;4;
505;15;2738;L;1;4;;2198;1079;1207;4;
505;15;2421;L;1;4;;2207;1708;1069;4;
505;15;322;L;7;0;;;1050;1587;4;
505;15;328;L;7;0;;;1050;1580;4;
505;15;332;L;7;0;;;1663;1580;4;
505;15;334;L;7;0;;;1669;1587;4;
505;15;330;L;7;0;;;1669;1580;4;
505;15;3525;L;1;3;S104;1016;1812;1030;4;
505;15;3271;L;1;4;;2223;1529;2222;4;
505;15;3234;L;1;4;;2208;1003;1514;4;
505;15;1168;L;7;0;;;1145;1587;4;
505;15;1164;L;7;0;;;1145;1904;4;
505;15;1158;L;7;0;;;1145;1580;4;
505;15;598;L;1;4;;1145;1096;1224;4;
505;15;1152;L;7;0;;;1907;1587;4;
505;15;1162;L;7;0;;;1907;1904;4;
505;15;1174;L;7;0;;;1902;1587;4;
505;15;2935;L;1;4;;2168;2204;1886;4;
505;15;2442;L;1;4;;1434;1105;1076;4;
505;15;577;L;1;4;;1140;1139;2199;4;
505;15;3509;L;1;4;;1394;2301;2302;4;
505;15;228;L;7;0;;;2108;1587;4;
505;15;238;L;7;0;;;2108;1580;4;
505;15;3389;L;1;4;;2108;1581;2218;4;
505;15;2136;L;1;4;;1361;1363;1180;4;
505;15;685;L;1;4;;1185;1186;1184;4;
505;15;1004;L;1;4;;1263;2351;1262;4;
505;15;3203;L;1;4;;1840;2128;1099;4;
505;15;2522;L;1;4;;1851;1453;1212;4;
505;15;3382;L;1;4;;2172;2256;1851;4;
505;15;2545;L;1;4;;1465;1607;1082;4;
505;15;987;L;1;4;;1232;1236;1181;4;
505;15;3116;L;1;4;;2169;1207;1119;4;
505;15;2812;L;1;4;;1531;1532;1406;4;
505;15;2932;L;1;4;;1885;1214;2168;4;
505;15;2234;L;1;4;;1269;1190;1372;4;
505;15;3304;L;1;4;;1253;1077;1117;4;
505;15;980;L;1;4;;1257;1079;1316;4;
505;15;2622;L;1;4;;1295;1480;1488;4;
505;15;2222;L;1;4;;1307;1263;1191;4;
505;15;3434;L;1;4;;2280;1096;2281;4;
505;15;2124;L;1;4;;1188;1139;1858;4;
505;15;3498;L;1;4;;2300;2299;1150;4;
505;15;2282;L;1;4;;1151;1145;1146;4;
505;15;2271;L;1;4;;1393;1145;1146;4;
505;15;3505;L;1;4;;2302;1145;1146;4;
505;15;1160;L;7;0;;;1152;1580;4;
505;15;2285;L;1;4;;1152;1145;1146;4;
505;15;1166;L;7;0;;;1919;1580;4;
505;15;2257;L;1;4;;1390;1146;1277;4;
505;15;3501;L;1;4;;2301;1145;1146;4;
505;15;3386;L;1;4;;2257;1258;1211;4;
505;15;2252;L;1;4;;1150;1146;1144;4;
505;15;2883;L;1;4;;1772;1195;2206;4;
505;15;358;L;7;0;;;1047;1587;4;
505;15;362;L;7;0;;;1047;1580;4;
505;15;2417;L;1;4;;1047;1706;1108;4;
505;15;364;L;7;0;;;1700;1587;4;
505;15;370;L;7;0;;;1702;1580;4;
505;15;2631;L;1;4;;1487;1477;1485;4;
505;15;376;L;7;0;;;1708;1587;4;
505;15;3226;L;1;4;;1708;1581;1111;4;
505;15;3414;L;1;4;;1094;1045;1721;4;
505;15;2600;L;1;4;;1130;1083;1077;4;
505;15;2678;L;1;4;;1498;1493;1253;4;
505;15;2658;L;1;4;;1482;1493;1203;4;
505;15;3417;L;1;4;;2121;1045;1721;4;
505;15;2682;L;1;4;;1495;1117;1109;4;
505;15;3514;L;1;4;;2303;1193;1502;4;
505;15;2566;L;1;4;;1472;1257;1117;4;
505;15;3255;L;1;4;;2363;2151;1454;4;
505;15;2755;L;1;4;;1516;1581;1003;4;
505;15;272;L;7;0;;;1627;1580;4;
505;15;2970;L;7;0;;;2015;1581;4;
505;15;2972;L;7;0;;;2015;1587;4;
505;15;2974;L;7;0;;;2015;1580;4;
505;15;314;L;7;0;;;2083;1587;4;
505;15;2790;L;1;4;;1003;1852;1002;4;
505;15;284;L;7;0;;;1514;1580;4;
505;15;2751;L;1;4;;1514;1581;1515;4;
505;15;3245;L;1;4;;2212;2211;2214;4;
505;15;2323;L;1;4;;2229;1407;1721;4;
505;15;68;L;1;1;;1951;2262;1819;4;
505;15;6051;L;1;1;;958;960;561;5;
505;15;18051;L;1;1;;980;1819;989;7;
505;15;2901;L;1;4;;1109;1078;1205;4;
505;15;2154;L;1;4;;1348;1062;1347;4;
505;15;3141;L;1;4;;1315;2175;1041;4;
505;15;2785;L;1;4;;1087;2264;1003;4;
505;15;901;L;1;4;;1004;1272;998;4;
505;15;2581;L;1;4;;1478;1487;1316;4;
505;15;2976;L;7;0;;;1994;1581;4;
505;15;1170;L;7;0;;;1994;1587;4;
505;15;1172;L;7;0;;;2010;1587;4;
505;15;3478;L;1;4;;2293;2292;2213;4;
505;15;3467;L;1;4;;2291;2097;1602;4;
505;15;2428;L;1;4;;1090;2374;2127;4;
505;15;3423;L;1;4;;2278;1137;2275;4;
505;15;2815;L;1;4;;1118;1117;1077;4;
505;15;2666;L;1;4;;1327;1118;1440;4;
505;15;2461;L;1;4;;2219;1078;1117;4;
505;15;3341;L;1;4;;2246;1149;1144;4;
505;15;3237;L;1;4;;2209;1514;2210;4;
505;15;2305;L;1;4;;1401;1400;1096;4;
505;15;2147;L;1;4;;1365;1858;1062;4;
505;15;2574;L;1;4;;1467;1448;1466;4;
505;15;2446;L;1;4;;2220;1076;1088;4;
505;15;344;L;7;0;;;1075;1587;4;
505;15;348;L;7;0;;;1687;1587;4;
505;15;974;L;1;4;;1205;1077;1195;4;
505;15;2170;L;1;4;;1371;1181;1260;4;
505;15;3268;L;1;4;;1474;1084;1472;4;
505;15;3490;L;1;4;;2297;1144;1145;4;
505;15;2512;L;1;4;;2196;1453;2378;4;
505;15;2515;L;1;4;;1458;2377;1057;4;
505;15;2439;L;1;4;;1091;1050;1076;4;
505;15;681;L;1;4;;1182;1181;1184;4;
505;15;674;L;1;3;;1180;1061;1181;4;
505;15;1180;L;7;0;;;1859;1587;4;
505;15;1182;L;7;0;;;1859;1580;4;
505;15;2921;L;1;3;;1859;1581;1061;4;
505;15;3362;L;1;4;;2252;1369;1062;4;
505;15;3365;L;1;4;;2253;1062;1181;4;
505;15;2980;L;7;0;;;1063;1580;4;
505;15;2978;L;7;0;;;1063;2261;4;
505;15;2982;L;7;0;;;2051;1581;4;
505;15;2984;L;7;0;;;2042;1581;4;
505;15;2986;L;7;0;;;2042;1587;4;
505;15;2988;L;7;0;;;2042;1580;4;
505;15;507;L;1;4;;1111;1708;1050;4;
505;15;2494;L;1;4;;1450;1082;1083;4;
505;15;2548;L;1;4;;1452;1082;1131;4;
505;15;3240;L;1;4;;2210;2209;2211;4;
505;15;2424;L;1;4;;1430;1111;1069;4;
505;15;2158;L;1;4;;1367;1933;1068;4;
505;15;2617;L;1;4;;1296;1480;1084;4;
505;15;2955;L;1;4;;1810;1483;1082;4;
505;15;2804;L;1;4;;1483;2222;1079;4;
505;15;2718;L;1;4;;1505;1501;1195;4;
505;15;2709;L;1;4;;1499;1117;1195;4;
505;15;2669;L;1;4;;1496;1440;1856;4;
505;15;2672;L;1;4;;1497;1856;1493;4;
505;15;1100;L;7;0;;;1043;1587;4;
505;15;1096;L;7;0;;;1043;1580;4;
505;15;643;L;1;4;;1043;1042;1181;4;
505;15;1106;L;7;0;;;1739;1587;4;
505;15;1110;L;7;0;;;1742;1580;4;
505;15;2687;L;1;4;;1500;1078;1501;4;
505;15;2661;L;1;4;;1494;1203;1495;4;
505;15;863;L;1;4;;1105;1075;1112;4;
505;15;3494;L;1;4;;2298;2297;2299;4;
505;15;807;L;1;4;;1061;1137;2180;4;
505;15;2712;L;1;4;;1196;1109;1195;4;
505;15;2776;L;1;4;;2189;1208;1209;4;
505;15;3393;L;1;4;;2218;2108;1004;4;
505;15;2871;L;1;4;;1795;1229;1404;4;
505;15;2309;L;1;4;;1403;1146;1229;4;
505;15;2435;L;1;4;;1237;1433;1091;4;
505;15;2704;L;1;4;;1492;1109;1117;4;
505;15;2693;L;1;4;;1491;1117;1109;4;
505;15;498;L;1;4;;1108;1047;1077;4;
505;15;3281;L;1;4;;2226;1214;1190;4;
505;15;1028;L;1;4;;1148;1146;1144;4;
505;15;3278;L;1;4;;2225;1144;1214;4;
505;15;803;L;1;3;;1028;1158;1812;4;
505;15;778;L;1;3;;1158;1063;1214;4;
505;15;2559;L;1;4;;1204;1109;1077;4;
505;15;3350;L;1;4;;2237;2244;1144;4;
505;15;2140;L;1;4;;1354;1140;1858;4;
505;15;396;L;7;0;;;1581;1721;4;
505;15;252;L;7;0;;;1581;2097;4;
505;15;1184;L;7;0;;;1581;1057;4;
505;15;1186;L;7;0;;;1581;2337;4;
505;15;2990;L;7;0;;;1581;1994;4;
505;15;2992;L;7;0;;;1581;1063;4;
505;15;2994;L;7;0;;;1581;2051;4;
505;15;2996;L;7;0;;;1581;1321;4;
505;15;1188;L;7;0;;;1581;1051;4;
505;15;2998;L;7;0;;;1581;1144;4;
505;15;1135;L;1;1;;1581;998;1041;4;
505;15;201;L;1;1;;1581;1057;1041;4;
505;15;3000;L;7;0;;;2060;1063;4;
505;15;392;L;7;0;;;1587;1721;4;
505;15;1092;L;7;0;;;1587;1725;4;
505;15;308;L;7;0;;;1587;1993;4;
505;15;266;L;7;0;;;1587;1618;4;
505;15;382;L;7;0;;;1587;1714;4;
505;15;3002;L;7;0;;;1587;2063;4;
505;15;3004;L;7;0;;;1587;2066;4;
505;15;288;L;7;0;;;1587;1641;4;
505;15;294;L;7;0;;;1587;2089;4;
505;15;244;L;7;0;;;1587;1453;4;
505;15;278;L;7;0;;;1587;1633;4;
505;15;1118;L;7;0;;;1587;1747;4;
505;15;1124;L;7;0;;;1587;1041;4;
505;15;374;L;7;0;;;1587;2081;4;
505;15;250;L;7;0;;;1587;2097;4;
505;15;324;L;7;0;;;1587;1050;4;
505;15;318;L;7;0;;;1587;1663;4;
505;15;326;L;7;0;;;1587;1669;4;
505;15;1154;L;7;0;;;1587;1907;4;
505;15;1156;L;7;0;;;1587;1902;4;
505;15;236;L;7;0;;;1587;2108;4;
505;15;356;L;7;0;;;1587;1047;4;
505;15;366;L;7;0;;;1587;1702;4;
505;15;316;L;7;0;;;1587;2083;4;
505;15;3006;L;7;0;;;1587;1994;4;
505;15;3008;L;7;0;;;1587;2010;4;
505;15;342;L;7;0;;;1587;1075;4;
505;15;350;L;7;0;;;1587;1688;4;
505;15;1176;L;7;0;;;1587;1859;4;
505;15;3010;L;7;0;;;1587;1063;4;
505;15;3012;L;7;0;;;1587;2042;4;
505;15;1098;L;7;0;;;1587;1043;4;
505;15;1108;L;7;0;;;1587;1742;4;
505;15;3014;L;7;0;;;1587;2002;4;
505;15;3016;L;7;0;;;1587;1321;4;
505;15;1144;L;7;0;;;1587;1144;4;
505;15;3018;L;7;0;;;1587;1899;4;
505;15;3020;L;7;0;;;1587;1930;4;
505;15;1090;L;7;0;;;1580;1729;4;
505;15;398;L;7;0;;;1580;1725;4;
505;15;312;L;7;0;;;1580;1993;4;
505;15;264;L;7;0;;;1580;1618;4;
505;15;1112;L;7;0;;;1580;1042;4;
505;15;346;L;7;0;;;1580;1048;4;
505;15;352;L;7;0;;;1580;1691;4;
505;15;292;L;7;0;;;1580;1639;4;
505;15;378;L;7;0;;;1580;1706;4;
505;15;386;L;7;0;;;1580;1712;4;
505;15;304;L;7;0;;;1580;1651;4;
505;15;3022;L;7;0;;;1580;2063;4;
505;15;3024;L;7;0;;;1580;2066;4;
505;15;298;L;7;0;;;1580;2091;4;
505;15;242;L;7;0;;;1580;1602;4;
505;15;1120;L;7;0;;;1580;1041;4;
505;15;248;L;7;0;;;1580;2097;4;
505;15;320;L;7;0;;;1580;1050;4;
505;15;336;L;7;0;;;1580;1669;4;
505;15;1148;L;7;0;;;1580;1145;4;
505;15;1150;L;7;0;;;1580;1902;4;
505;15;230;L;7;0;;;1580;2108;4;
505;15;234;L;7;0;;;1580;2113;4;
505;15;232;L;7;0;;;1580;2111;4;
505;15;360;L;7;0;;;1580;1047;4;
505;15;368;L;7;0;;;1580;1700;4;
505;15;274;L;7;0;;;1580;1516;4;
505;15;268;L;7;0;;;1580;1623;4;
505;15;276;L;7;0;;;1580;1631;4;
505;15;270;L;7;0;;;1580;1625;4;
505;15;282;L;7;0;;;1580;1514;4;
505;15;1178;L;7;0;;;1580;1859;4;
505;15;3026;L;7;0;;;1580;1063;4;
505;15;3028;L;7;0;;;1580;2042;4;
505;15;1102;L;7;0;;;1580;1043;4;
505;15;1104;L;7;0;;;1580;1739;4;
505;15;390;L;7;0;;;1580;1045;4;
505;15;3030;L;7;0;;;1580;1321;4;
505;15;3032;L;7;0;;;1580;1144;4;
505;15;3034;L;7;0;;;1580;1899;4;
505;15;3036;L;7;0;;;1580;1930;4;
505;15;3038;L;7;0;;;2055;1063;4;
505;15;3040;L;7;0;;;2053;1063;4;
505;15;2381;L;1;4;;1426;1418;1048;4;
505;15;3440;L;1;4;;2282;1117;2283;4;
505;15;2690;L;1;4;;1501;1500;1117;4;
505;15;2577;L;1;4;;1476;1466;1487;4;
505;15;2644;L;1;4;;1477;1079;1316;4;
505;15;968;L;1;4;;1197;1084;1195;4;
505;15;2201;L;1;4;;1887;1380;2183;4;
505;15;3437;L;1;4;;2281;2280;1144;4;
505;15;3536;L;1;4;;1007;1238;1008;4;
505;15;2150;L;1;4;;1363;1062;1068;4;
505;15;2319;L;1;4;;1249;1407;1068;4;
505;15;2128;L;1;4;;1356;1061;1062;4;
505;15;557;L;1;4;;1129;1109;1077;4;
505;15;2214;L;1;4;;1264;1263;1266;4;
505;15;2207;L;1;4;;1384;1190;1264;4;
505;15;2648;L;1;4;;1489;1116;1856;4;
505;15;3337;L;1;4;;2191;1075;2081;4;
505;15;2261;L;1;4;;1391;1277;2231;4;
505;15;3376;L;1;4;;2255;1460;1458;4;
505;15;2587;L;1;4;;1449;1448;1077;4;
505;15;2612;L;1;4;;1479;1083;1480;4;
505;15;2404;L;1;4;;1774;1048;1047;4;
505;15;2375;L;1;4;;1422;1103;1048;4;
505;15;624;L;1;4;;2154;1135;1159;4;
505;15;3128;L;1;4;;1842;2173;2174;4;
505;15;2628;L;1;4;;1486;1131;1477;4;
505;15;2498;L;1;4;;1131;1083;1453;4;
505;15;2198;L;1;4;;1380;2351;1887;4;
505;15;2387;L;1;4;;1421;1103;1048;4;
505;15;1024;L;1;4;;1262;1261;1266;4;
505;15;2242;L;1;4;;1149;1146;2232;4;
505;15;829;L;1;3;;1029;1218;2234;4;
505;15;2948;L;1;4;;1214;2226;1158;4;
505;15;3344;L;1;4;;2248;1214;2246;4;
505;15;3484;L;1;4;;2295;1145;1144;4;
505;15;2369;L;1;4;;1101;1415;1103;4;
505;15;3449;L;1;4;;2222;2223;1443;4;
505;15;2477;L;1;4;;1443;1077;1079;4;
505;15;2106;L;1;4;;1933;1348;1230;4;
505;15;3357;L;1;4;;2251;2230;1581;4;
505;15;2117;L;1;4;;1179;1858;1180;4;
505;15;3311;L;1;3;;2234;1029;2236;4;
505;15;3309;L;1;3;;2235;2234;1028;4;
505;15;2779;L;1;4;;1022;1051;1526;4;
505;15;3211;L;1;4;;2367;1210;2369;4;
505;15;388;L;7;0;;;1045;1587;4;
505;15;2188;L;1;4;;1377;1068;1378;4;
505;15;2474;L;1;4;;1442;1109;1077;4;
505;15;523;L;1;4;;1116;1088;1077;4;
505;15;3446;L;1;4;;2284;1193;1116;4;
505;15;3042;L;7;0;;;1321;1580;4;
505;15;2471;L;1;4;;1441;1109;1077;4;
505;15;2482;L;1;4;;1446;1079;1119;4;
505;15;2552;L;1;4;;1466;1131;1077;4;
505;15;2584;L;1;4;;1869;1448;1466;4;
505;15;3223;L;1;4;;2205;1144;1389;4;
505;15;2295;L;1;4;;1329;1146;1144;4;
505;15;3260;L;1;4;;2217;1454;1456;4;
505;15;2164;L;1;4;;1369;1043;1747;4;
505;15;2356;L;1;4;;1423;1415;1417;4;
505;15;2534;L;1;4;;1215;1453;1849;4;
505;15;2449;L;1;4;;2376;2220;1088;4;
505;15;3354;L;1;4;;2249;2250;2251;4;
505;15;3190;L;1;4;;1153;1145;1190;4;
505;15;3475;L;1;4;;2292;2215;2293;4;
505;15;3472;L;1;4;;2289;2291;2215;4;
505;15;2288;L;1;4;;1156;1145;1144;4;
505;15;2607;L;1;4;;1445;1082;1083;4;
505;15;2326;L;1;4;;2380;1229;1721;4;
505;15;2279;L;1;4;;1154;1220;1145;4;
505;15;2924;L;1;4;;2204;2244;1144;4;
505;15;3150;L;1;4;;1314;2179;2381;4;
505;15;2204;L;1;4;;1381;1887;1190;4;
505;15;785;L;1;4;;1220;1145;1144;4;
505;15;3420;L;1;4;;2275;2385;1061;4;
505;15;2724;L;1;4;;1255;1117;1195;4;
505;15;2597;L;1;4;;1444;1443;1083;4;
505;15;514;L;1;4;;1069;2240;1346;4;
505;15;2637;L;1;4;;1488;1485;1077;4;
505;15;2467;L;1;4;;1440;1117;1109;4;
505;15;2721;L;1;4;;1506;1558;1255;4;
505;15;3044;L;7;0;;;1144;1587;4;
505;15;1140;L;7;0;;;1144;1580;4;
505;15;607;L;1;4;;1144;1096;2227;4;
505;15;3046;L;7;0;;;1899;1581;4;
505;15;3048;L;7;0;;;1899;1587;4;
505;15;1142;L;7;0;;;1899;1580;4;
505;15;1146;L;7;0;;;1930;1587;4;
505;15;547;L;1;4;;1125;1124;1109;4;
505;15;554;L;1;4;;1128;1078;1117;4;
505;15;338;L;7;0;;;1677;1587;4;
505;15;3443;L;1;4;;2283;2282;1193;4;
505;15;2175;L;1;4;;1375;1063;1374;4;
505;15;2178;L;1;4;;1373;1371;1375;4;
505;15;2248;L;1;4;;1388;1145;2241;4;
505;15;3327;L;1;4;;2243;1388;2205;4;
505;15;3319;L;1;4;;1526;1022;1812;4;
505;15;931;L;1;4;;2134;1146;1096;4;
505;15;2640;L;1;4;;1485;1295;2171;4;
505;15;3457;L;1;4;X208;2288;2287;1607;4;
505;15;3453;L;1;4;;2287;2169;1316;4;
505;15;3379;L;1;4;;2256;1057;2172;4;
505;15;1116;L;7;0;;;2079;1580;4;
505;15;2095;L;1;4;;1088;1076;1346;4;
505;15;697;L;1;4;;1190;1183;2244;4;
505;15;2301;L;1;4;;1399;1146;1400;4;
505;15;2191;L;1;4;;1378;1234;1189;4;
505;15;947;L;1;4;;1117;1108;1085;4;
505;15;3521;L;1;4;;2310;2311;2312;4;
505;15;3372;L;1;4;;1460;1316;1851;4;
505;15;2330;L;1;4;;1100;1816;1074;4;
505;15;997;L;1;4;;1235;1236;1260;4;
505;15;994;L;1;4;;1236;1232;1181;4;
505;15;990;L;1;4;;1231;1259;1236;4;
505;15;2195;L;1;4;;1379;1234;1265;4;
505;15;2100;L;1;4;;1347;1096;1348;4;
505;15;2652;L;1;4;;1490;1856;1493;4;
