CID;TABCD;LCD;INT_CID;INT_TABCD;INT_LCD
514;24;6408;514;24;6415
514;24;6415;514;24;6498
514;24;6498;514;24;6408
514;24;6416;514;24;7404
514;24;7404;514;24;6416
514;24;7430;514;24;7432
514;24;7432;514;24;7430
514;24;6417;514;24;6623
514;24;6623;514;24;6417
514;24;6418;514;24;6445
514;24;6445;514;24;6710
514;24;6710;514;24;6418
514;24;7271;514;24;7389
514;24;7389;514;24;7271
514;24;6101;514;24;6908
514;24;6908;514;24;7378
514;24;7378;514;24;6101
514;24;6064;514;24;6410
514;24;6410;514;24;6064
514;24;6476;514;24;7390
514;24;7390;514;24;6476
514;24;2058;514;24;2082
514;24;2082;514;24;2058
514;24;2083;514;24;2093
514;24;2093;514;24;2083
514;24;2084;514;24;2121
514;24;2121;514;24;2084
514;24;2085;514;24;2116
514;24;2116;514;24;2085
514;24;6108;514;24;6116
514;24;6116;514;24;6121
514;24;6121;514;24;6108
514;24;6067;514;24;6076
514;24;6076;514;24;6067
514;24;6073;514;24;6088
514;24;6088;514;24;6073
514;24;6056;514;24;6071
514;24;6071;514;24;6086
514;24;6086;514;24;6056
514;24;41;514;24;1373
514;24;1373;514;24;2681
514;24;2681;514;24;41
514;24;2454;514;24;2462
514;24;2462;514;24;2454
514;24;2466;514;24;2482
514;24;2482;514;24;2466
514;24;2470;514;24;2484
514;24;2484;514;24;2470
514;24;2472;514;24;2474
514;24;2474;514;24;2483
514;24;2483;514;24;2472
514;24;2522;514;24;2526
514;24;2526;514;24;2522
514;24;1392;514;24;1505
514;24;1505;514;24;1392
514;24;1393;514;24;2184
514;24;2184;514;24;1393
514;24;1396;514;24;1407
514;24;1407;514;24;1396
514;24;260;514;24;1397
514;24;1397;514;24;260
514;24;288;514;24;1398
514;24;1398;514;24;288
514;24;12;514;24;45
514;24;45;514;24;2932
514;24;2932;514;24;12
514;24;13;514;24;254
514;24;254;514;24;13
514;24;30;514;24;286
514;24;286;514;24;2788
514;24;2788;514;24;30
514;24;32;514;24;319
514;24;319;514;24;32
514;24;33;514;24;225
514;24;225;514;24;33
514;24;1402;514;24;1488
514;24;1488;514;24;1402
514;24;12421;514;24;12551
514;24;12551;514;24;12957
514;24;12957;514;24;12421
514;24;127;514;24;814
514;24;814;514;24;891
514;24;891;514;24;127
514;24;122;514;24;1922
514;24;1922;514;24;122
514;24;121;514;24;1003
514;24;1003;514;24;121
514;24;63;514;24;112
514;24;112;514;24;120
514;24;120;514;24;2945
514;24;2945;514;24;2950
514;24;2950;514;24;2960
514;24;2960;514;24;63
514;24;12552;514;24;12667
514;24;12667;514;24;12552
514;24;12493;514;24;12554
514;24;12554;514;24;12493
514;24;12555;514;24;13117
514;24;13117;514;24;12555
514;24;12546;514;24;12556
514;24;12556;514;24;12546
514;24;1287;514;24;1291
514;24;1291;514;24;1287
514;24;1529;514;24;1809
514;24;1809;514;24;1529
514;24;55;514;24;57
514;24;57;514;24;1012
514;24;1012;514;24;1298
514;24;1298;514;24;55
514;24;21886;514;24;21922
514;24;21922;514;24;21886
514;24;21610;514;24;21887
514;24;21887;514;24;21610
514;24;21639;514;24;21888
514;24;21888;514;24;21891
514;24;21891;514;24;21639
514;24;21889;514;24;21932
514;24;21932;514;24;21889
514;24;2780;514;24;2814
514;24;2814;514;24;2780
514;24;245;514;24;436
514;24;436;514;24;2816
514;24;2816;514;24;245
514;24;6426;514;24;7109
514;24;7109;514;24;7388
514;24;7388;514;24;6426
514;24;7040;514;24;7110
514;24;7110;514;24;7040
514;24;6812;514;24;7111
514;24;7111;514;24;6812
514;24;6653;514;24;7112
514;24;7112;514;24;6653
514;24;12110;514;24;12410
514;24;12410;514;24;12110
514;24;12084;514;24;12403
514;24;12403;514;24;12412
514;24;12412;514;24;12084
514;24;12415;514;24;12417
514;24;12417;514;24;12622
514;24;12622;514;24;12415
514;24;12406;514;24;12839
514;24;12839;514;24;12406
514;24;12418;514;24;12846
514;24;12846;514;24;13281
514;24;13281;514;24;12418
514;24;12413;514;24;12442
514;24;12442;514;24;12413
514;24;12414;514;24;13068
514;24;13068;514;24;12414
514;24;6581;514;24;6637
514;24;6637;514;24;6850
514;24;6850;514;24;6581
514;24;6851;514;24;7264
514;24;7264;514;24;6851
514;24;6959;514;24;7070
514;24;7070;514;24;6959
514;24;6844;514;24;6852
514;24;6852;514;24;6844
514;24;6853;514;24;7304
514;24;7304;514;24;6853
514;24;6507;514;24;6854
514;24;6854;514;24;6507
514;24;21457;514;24;21766
514;24;21766;514;24;21457
514;24;21767;514;24;21771
514;24;21771;514;24;21767
514;24;21768;514;24;21847
514;24;21847;514;24;21768
514;24;21625;514;24;21769
514;24;21769;514;24;21625
514;24;21450;514;24;21729
514;24;21729;514;24;21450
514;24;21705;514;24;21730
514;24;21730;514;24;21705
514;24;21711;514;24;21731
514;24;21731;514;24;21711
514;24;21717;514;24;21732
514;24;21732;514;24;21717
514;24;21733;514;24;21739
514;24;21739;514;24;21733
514;24;21734;514;24;21744
514;24;21744;514;24;21734
514;24;21525;514;24;21735
514;24;21735;514;24;21525
514;24;21584;514;24;21736
514;24;21736;514;24;21584
514;24;683;514;24;723
514;24;723;514;24;683
514;24;719;514;24;724
514;24;724;514;24;719
514;24;168;514;24;387
514;24;387;514;24;658
514;24;658;514;24;726
514;24;726;514;24;168
514;24;1422;514;24;1448
514;24;1448;514;24;2686
514;24;2686;514;24;1422
514;24;1423;514;24;1506
514;24;1506;514;24;1423
514;24;1424;514;24;2189
514;24;2189;514;24;1424
514;24;1425;514;24;2204
514;24;2204;514;24;1425
514;24;46;514;24;1405
514;24;1405;514;24;46
514;24;36;514;24;47
514;24;47;514;24;273
514;24;273;514;24;36
514;24;12623;514;24;12785
514;24;12785;514;24;12794
514;24;12794;514;24;12623
514;24;12624;514;24;12807
514;24;12807;514;24;12624
514;24;12625;514;24;12842
514;24;12842;514;24;12625
514;24;12626;514;24;12835
514;24;12835;514;24;12626
514;24;12627;514;24;12817
514;24;12817;514;24;12627
514;24;12628;514;24;12825
514;24;12825;514;24;12628
514;24;12629;514;24;12805
514;24;12805;514;24;12813
514;24;12813;514;24;12629
514;24;12630;514;24;12792
514;24;12792;514;24;13065
514;24;13065;514;24;12630
514;24;12614;514;24;12631
514;24;12631;514;24;12774
514;24;12774;514;24;12614
514;24;6903;514;24;7434
514;24;7434;514;24;6903
514;24;6610;514;24;6904
514;24;6904;514;24;6610
514;24;6444;514;24;6482
514;24;6482;514;24;6444
514;24;6419;514;24;7419
514;24;7419;514;24;6419
514;24;6446;514;24;6625
514;24;6625;514;24;6627
514;24;6627;514;24;6446
514;24;6447;514;24;6592
514;24;6592;514;24;6778
514;24;6778;514;24;6447
514;24;7006;514;24;7383
514;24;7383;514;24;7006
514;24;6448;514;24;6765
514;24;6765;514;24;6775
514;24;6775;514;24;6448
514;24;6449;514;24;6534
514;24;6534;514;24;6577
514;24;6577;514;24;6449
514;24;6450;514;24;6883
514;24;6883;514;24;7223
514;24;7223;514;24;6450
514;24;6451;514;24;7230
514;24;7230;514;24;6451
514;24;6203;514;24;6783
514;24;6783;514;24;6906
514;24;6906;514;24;7247
514;24;7247;514;24;6203
514;24;6452;514;24;6866
514;24;6866;514;24;6874
514;24;6874;514;24;6452
514;24;6975;514;24;7384
514;24;7384;514;24;6975
514;24;6453;514;24;6601
514;24;6601;514;24;6453
514;24;6454;514;24;7262
514;24;7262;514;24;6454
514;24;6455;514;24;6842
514;24;6842;514;24;7308
514;24;7308;514;24;6455
514;24;6096;514;24;6432
514;24;6432;514;24;6456
514;24;6456;514;24;6506
514;24;6506;514;24;6096
514;24;6411;514;24;6431
514;24;6431;514;24;7162
514;24;7162;514;24;6411
514;24;6430;514;24;7090
514;24;7090;514;24;7385
514;24;7385;514;24;6430
514;24;6429;514;24;7293
514;24;7293;514;24;7386
514;24;7386;514;24;6429
514;24;6428;514;24;7077
514;24;7077;514;24;7387
514;24;7387;514;24;6428
514;24;6427;514;24;6458
514;24;6458;514;24;6993
514;24;6993;514;24;7280
514;24;7280;514;24;6427
514;24;6425;514;24;6460
514;24;6460;514;24;7119
514;24;7119;514;24;6425
514;24;6461;514;24;7436
514;24;7436;514;24;6461
514;24;2778;514;24;2779
514;24;2779;514;24;2778
514;24;661;514;24;2939
514;24;2939;514;24;661
514;24;659;514;24;1322
514;24;1322;514;24;659
514;24;655;514;24;691
514;24;691;514;24;655
514;24;184;514;24;653
514;24;653;514;24;184
514;24;652;514;24;667
514;24;667;514;24;669
514;24;669;514;24;652
514;24;1338;514;24;2942
514;24;2942;514;24;1338
514;24;1329;514;24;1337
514;24;1337;514;24;1329
514;24;947;514;24;1336
514;24;1336;514;24;947
514;24;796;514;24;1334
514;24;1334;514;24;796
514;24;945;514;24;1333
514;24;1333;514;24;945
514;24;118;514;24;2709
514;24;2709;514;24;118
514;24;2041;514;24;2710
514;24;2710;514;24;2041
514;24;21435;514;24;21437
514;24;21437;514;24;21755
514;24;21755;514;24;21757
514;24;21757;514;24;21435
514;24;21758;514;24;21786
514;24;21786;514;24;21758
514;24;21754;514;24;21759
514;24;21759;514;24;21754
514;24;27;514;24;2021
514;24;2021;514;24;27
514;24;2693;514;24;2844
514;24;2844;514;24;2845
514;24;2845;514;24;2693
514;24;635;514;24;774
514;24;774;514;24;2712
514;24;2712;514;24;635
514;24;2922;514;24;2952
514;24;2952;514;24;2954
514;24;2954;514;24;2922
514;24;24;514;24;2957
514;24;2957;514;24;24
514;24;22;514;24;1387
514;24;1387;514;24;1667
514;24;1667;514;24;22
514;24;20;514;24;1636
514;24;1636;514;24;20
514;24;19;514;24;755
514;24;755;514;24;19
514;24;18;514;24;548
514;24;548;514;24;18
514;24;1633;514;24;1654
514;24;1654;514;24;1633
514;24;16;514;24;175
514;24;175;514;24;2413
514;24;2413;514;24;16
514;24;14;514;24;1372
514;24;1372;514;24;14
514;24;6491;514;24;6529
514;24;6529;514;24;6910
514;24;6910;514;24;6491
514;24;1719;514;24;1721
514;24;1721;514;24;1742
514;24;1742;514;24;1746
514;24;1746;514;24;2240
514;24;2240;514;24;1719
514;24;21473;514;24;21577
514;24;21577;514;24;21583
514;24;21583;514;24;21995
514;24;21995;514;24;21473
514;24;21434;514;24;21585
514;24;21585;514;24;21434
514;24;21579;514;24;21586
514;24;21586;514;24;21999
514;24;21999;514;24;21579
514;24;12674;514;24;12702
514;24;12702;514;24;12674
514;24;12518;514;24;12703
514;24;12703;514;24;12518
514;24;12705;514;24;12707
514;24;12707;514;24;12705
514;24;12704;514;24;12954
514;24;12954;514;24;12704
514;24;6770;514;24;7103
514;24;7103;514;24;7192
514;24;7192;514;24;7368
514;24;7368;514;24;6770
514;24;6708;514;24;6772
514;24;6772;514;24;6708
514;24;6774;514;24;6949
514;24;6949;514;24;6774
514;24;1379;514;24;2657
514;24;2657;514;24;2662
514;24;2662;514;24;2713
514;24;2713;514;24;2714
514;24;2714;514;24;1379
514;24;332;514;24;567
514;24;567;514;24;332
514;24;282;514;24;327
514;24;327;514;24;282
514;24;324;514;24;440
514;24;440;514;24;324
514;24;293;514;24;321
514;24;321;514;24;293
514;24;21897;514;24;21972
514;24;21972;514;24;21897
514;24;21898;514;24;21914
514;24;21914;514;24;21898
514;24;21611;514;24;21899
514;24;21899;514;24;21611
514;24;21640;514;24;21900
514;24;21900;514;24;21640
514;24;21901;514;24;21933
514;24;21933;514;24;21901
514;24;1546;514;24;1548
514;24;1548;514;24;1583
514;24;1583;514;24;1585
514;24;1585;514;24;1546
514;24;1549;514;24;2155
514;24;2155;514;24;1549
514;24;1550;514;24;2175
514;24;2175;514;24;1550
514;24;1551;514;24;1553
514;24;1553;514;24;2028
514;24;2028;514;24;1551
514;24;12664;514;24;12675
514;24;12675;514;24;12688
514;24;12688;514;24;12968
514;24;12968;514;24;12664
514;24;12519;514;24;12969
514;24;12969;514;24;12519
514;24;12708;514;24;12964
514;24;12964;514;24;12970
514;24;12970;514;24;12708
514;24;12605;514;24;12945
514;24;12945;514;24;12955
514;24;12955;514;24;12971
514;24;12971;514;24;12605
514;24;6568;514;24;6915
514;24;6915;514;24;6568
514;24;6100;514;24;6218
514;24;6218;514;24;6556
514;24;6556;514;24;6558
514;24;6558;514;24;6894
514;24;6894;514;24;7443
514;24;7443;514;24;6100
514;24;6219;514;24;6412
514;24;6412;514;24;6219
514;24;6559;514;24;7594
514;24;7594;514;24;6559
514;24;6656;514;24;6912
514;24;6912;514;24;6656
514;24;6502;514;24;6543
514;24;6543;514;24;6572
514;24;6572;514;24;6502
514;24;21546;514;24;21564
514;24;21564;514;24;21566
514;24;21566;514;24;21546
514;24;21946;514;24;21987
514;24;21987;514;24;21946
514;24;21547;514;24;21588
514;24;21588;514;24;21547
514;24;21548;514;24;21600
514;24;21600;514;24;21603
514;24;21603;514;24;21548
514;24;21549;514;24;21630
514;24;21630;514;24;21549
514;24;21550;514;24;21553
514;24;21553;514;24;21550
514;24;240;514;24;242
514;24;242;514;24;240
514;24;239;514;24;294
514;24;294;514;24;239
514;24;237;514;24;238
514;24;238;514;24;237
514;24;251;514;24;346
514;24;346;514;24;251
514;24;248;514;24;285
514;24;285;514;24;248
514;24;348;514;24;353
514;24;353;514;24;541
514;24;541;514;24;348
514;24;349;514;24;1652
514;24;1652;514;24;349
514;24;170;514;24;350
514;24;350;514;24;170
514;24;351;514;24;2443
514;24;2443;514;24;2449
514;24;2449;514;24;351
514;24;385;514;24;1317
514;24;1317;514;24;385
514;24;189;514;24;191
514;24;191;514;24;384
514;24;384;514;24;189
514;24;383;514;24;798
514;24;798;514;24;383
514;24;382;514;24;943
514;24;943;514;24;382
514;24;379;514;24;1353
514;24;1353;514;24;2800
514;24;2800;514;24;379
514;24;377;514;24;922
514;24;922;514;24;377
514;24;376;514;24;913
514;24;913;514;24;376
514;24;375;514;24;906
514;24;906;514;24;2791
514;24;2791;514;24;375
514;24;372;514;24;1359
514;24;1359;514;24;372
514;24;371;514;24;1642
514;24;1642;514;24;371
514;24;368;514;24;608
514;24;608;514;24;610
514;24;610;514;24;368
514;24;366;514;24;1384
514;24;1384;514;24;1632
514;24;1632;514;24;366
514;24;362;514;24;740
514;24;740;514;24;362
514;24;357;514;24;751
514;24;751;514;24;2387
514;24;2387;514;24;357
514;24;356;514;24;581
514;24;581;514;24;1432
514;24;1432;514;24;356
514;24;355;514;24;546
514;24;546;514;24;355
514;24;21063;514;24;21595
514;24;21595;514;24;21063
514;24;21601;514;24;21629
514;24;21629;514;24;21601
514;24;6652;514;24;6811
514;24;6811;514;24;6652
514;24;6815;514;24;7120
514;24;7120;514;24;6815
514;24;21561;514;24;21568
514;24;21568;514;24;21561
514;24;12448;514;24;13132
514;24;13132;514;24;12448
514;24;12449;514;24;13126
514;24;13126;514;24;13189
514;24;13189;514;24;12449
514;24;12445;514;24;12752
514;24;12752;514;24;13190
514;24;13190;514;24;12445
514;24;13261;514;24;13262
514;24;13262;514;24;13261
514;24;13246;514;24;13263
514;24;13263;514;24;13246
514;24;13242;514;24;13264
514;24;13264;514;24;13242
514;24;13247;514;24;13265
514;24;13265;514;24;13247
514;24;12575;514;24;12996
514;24;12996;514;24;12575
514;24;12997;514;24;13260
514;24;13260;514;24;12997
514;24;12650;514;24;13032
514;24;13032;514;24;12650
514;24;12651;514;24;13020
514;24;13020;514;24;12651
514;24;12568;514;24;12652
514;24;12652;514;24;12568
514;24;12653;514;24;13013
514;24;13013;514;24;12653
514;24;12578;514;24;12654
514;24;12654;514;24;12578
514;24;1360;514;24;1430
514;24;1430;514;24;1646
514;24;1646;514;24;2558
514;24;2558;514;24;1360
514;24;775;514;24;1361
514;24;1361;514;24;775
514;24;1362;514;24;1658
514;24;1658;514;24;1362
514;24;12439;514;24;12501
514;24;12501;514;24;12439
514;24;12503;514;24;12505
514;24;12505;514;24;12586
514;24;12586;514;24;12503
514;24;258;514;24;289
514;24;289;514;24;2659
514;24;2659;514;24;258
514;24;276;514;24;290
514;24;290;514;24;1374
514;24;1374;514;24;2665
514;24;2665;514;24;276
514;24;291;514;24;396
514;24;396;514;24;291
514;24;292;514;24;406
514;24;406;514;24;292
514;24;555;514;24;2658
514;24;2658;514;24;555
514;24;338;514;24;1377
514;24;1377;514;24;2664
514;24;2664;514;24;338
514;24;2682;514;24;12052
514;24;12052;514;24;2682
514;24;12065;514;24;12085
514;24;12085;514;24;12065
514;24;12087;514;24;12103
514;24;12103;514;24;12087
514;24;12092;514;24;12116
514;24;12116;514;24;12423
514;24;12423;514;24;12533
514;24;12533;514;24;12092
514;24;12068;514;24;12574
514;24;12574;514;24;12068
514;24;12475;514;24;12490
514;24;12490;514;24;12475
514;24;12476;514;24;12914
514;24;12914;514;24;12476
514;24;12477;514;24;12511
514;24;12511;514;24;12477
514;24;12472;514;24;12498
514;24;12498;514;24;12472
514;24;12489;514;24;12499
514;24;12499;514;24;12489
514;24;827;514;24;1986
514;24;1986;514;24;827
514;24;830;514;24;902
514;24;902;514;24;830
514;24;625;514;24;834
514;24;834;514;24;625
514;24;835;514;24;873
514;24;873;514;24;835
514;24;836;514;24;1993
514;24;1993;514;24;836
514;24;2042;514;24;2715
514;24;2715;514;24;2042
514;24;846;514;24;855
514;24;855;514;24;2010
514;24;2010;514;24;846
514;24;1637;514;24;1655
514;24;1655;514;24;1637
514;24;1638;514;24;2415
514;24;2415;514;24;1638
514;24;1498;514;24;1639
514;24;1639;514;24;1498
514;24;2015;514;24;2882
514;24;2882;514;24;2015
514;24;71;514;24;73
514;24;73;514;24;78
514;24;78;514;24;98
514;24;98;514;24;71
514;24;100;514;24;1983
514;24;1983;514;24;2824
514;24;2824;514;24;100
514;24;102;514;24;1985
514;24;1985;514;24;102
514;24;103;514;24;901
514;24;901;514;24;103
514;24;104;514;24;1991
514;24;1991;514;24;104
514;24;105;514;24;825
514;24;825;514;24;105
514;24;107;514;24;764
514;24;764;514;24;107
514;24;108;514;24;872
514;24;872;514;24;108
514;24;109;514;24;1994
514;24;1994;514;24;109
514;24;110;514;24;841
514;24;841;514;24;110
514;24;12485;514;24;12734
514;24;12734;514;24;12485
514;24;12486;514;24;12528
514;24;12528;514;24;12486
514;24;12479;514;24;12869
514;24;12869;514;24;12479
514;24;12480;514;24;12558
514;24;12558;514;24;13151
514;24;13151;514;24;12480
514;24;12567;514;24;13124
514;24;13124;514;24;12567
514;24;12569;514;24;13143
514;24;13143;514;24;12569
514;24;12456;514;24;12570
514;24;12570;514;24;12456
514;24;12571;514;24;13042
514;24;13042;514;24;12571
514;24;12572;514;24;13008
514;24;13008;514;24;12572
514;24;12573;514;24;13001
514;24;13001;514;24;12573
514;24;1634;514;24;2002
514;24;2002;514;24;2732
514;24;2732;514;24;1634
514;24;7;514;24;2003
514;24;2003;514;24;7
514;24;264;514;24;335
514;24;335;514;24;1502
514;24;1502;514;24;264
514;24;21706;514;24;21724
514;24;21724;514;24;21706
514;24;21467;514;24;21707
514;24;21707;514;24;21467
514;24;21522;514;24;21708
514;24;21708;514;24;21522
514;24;1744;514;24;2860
514;24;2860;514;24;1744
514;24;2185;514;24;2190
514;24;2190;514;24;2185
514;24;2194;514;24;2200
514;24;2200;514;24;2194
514;24;2057;514;24;2097
514;24;2097;514;24;2057
514;24;2059;514;24;2077
514;24;2077;514;24;2059
514;24;1598;514;24;1603
514;24;1603;514;24;1598
514;24;1599;514;24;2063
514;24;2063;514;24;1599
514;24;1541;514;24;1543
514;24;1543;514;24;1600
514;24;1600;514;24;1541
514;24;1514;514;24;1601
514;24;1601;514;24;1514
514;24;173;514;24;601
514;24;601;514;24;772
514;24;772;514;24;173
514;24;904;514;24;915
514;24;915;514;24;904
514;24;905;514;24;929
514;24;929;514;24;905
514;24;12521;514;24;12601
514;24;12601;514;24;12728
514;24;12728;514;24;12521
514;24;12602;514;24;12713
514;24;12713;514;24;12966
514;24;12966;514;24;12602
514;24;12598;514;24;12603
514;24;12603;514;24;12947
514;24;12947;514;24;12598
514;24;900;514;24;1989
514;24;1989;514;24;900
514;24;821;514;24;903
514;24;903;514;24;821
514;24;674;514;24;685
514;24;685;514;24;2345
514;24;2345;514;24;674
514;24;6693;514;24;7015
514;24;7015;514;24;7343
514;24;7343;514;24;6693
514;24;7044;514;24;7347
514;24;7347;514;24;7044
514;24;13012;514;24;13125
514;24;13125;514;24;13012
514;24;13014;514;24;13144
514;24;13144;514;24;13014
514;24;12457;514;24;13015
514;24;13015;514;24;12457
514;24;13016;514;24;13043
514;24;13043;514;24;13016
514;24;13009;514;24;13017
514;24;13017;514;24;13009
514;24;12531;514;24;12544
514;24;12544;514;24;13187
514;24;13187;514;24;13188
514;24;13188;514;24;12531
514;24;12700;514;24;12739
514;24;12739;514;24;12987
514;24;12987;514;24;12700
514;24;2447;514;24;2495
514;24;2495;514;24;2447
514;24;1998;514;24;2448
514;24;2448;514;24;1998
514;24;1701;514;24;1717
514;24;1717;514;24;1701
514;24;1704;514;24;1738
514;24;1738;514;24;1704
514;24;1016;514;24;1705
514;24;1705;514;24;1016
514;24;1770;514;24;1771
514;24;1771;514;24;1770
514;24;1426;514;24;2511
514;24;2511;514;24;1426
514;24;1429;514;24;2012
514;24;2012;514;24;1429
514;24;12515;514;24;12517
514;24;12517;514;24;13208
514;24;13208;514;24;12515
514;24;12520;514;24;12547
514;24;12547;514;24;12520
514;24;12522;514;24;12979
514;24;12979;514;24;12522
514;24;12523;514;24;12723
514;24;12723;514;24;12523
514;24;12524;514;24;12882
514;24;12882;514;24;12524
514;24;12525;514;24;12527
514;24;12527;514;24;12645
514;24;12645;514;24;12525
514;24;21614;514;24;21616
514;24;21616;514;24;21614
514;24;21617;514;24;21863
514;24;21863;514;24;21617
514;24;21618;514;24;21810
514;24;21810;514;24;21618
514;24;21621;514;24;21804
514;24;21804;514;24;21965
514;24;21965;514;24;21621
514;24;21605;514;24;21877
514;24;21877;514;24;21605
514;24;21413;514;24;21604
514;24;21604;514;24;21413
514;24;21606;514;24;21880
514;24;21880;514;24;21606
514;24;21536;514;24;21607
514;24;21607;514;24;21609
514;24;21609;514;24;21536
514;24;12548;514;24;12965
514;24;12965;514;24;12548
514;24;21779;514;24;21815
514;24;21815;514;24;21779
514;24;21780;514;24;21821
514;24;21821;514;24;21780
514;24;21824;514;24;21826
514;24;21826;514;24;21824
514;24;21781;514;24;21831
514;24;21831;514;24;21781
514;24;21782;514;24;21848
514;24;21848;514;24;21782
514;24;21626;514;24;21783
514;24;21783;514;24;21626
514;24;21648;514;24;21784
514;24;21784;514;24;21648
514;24;483;514;24;1810
514;24;1810;514;24;1812
514;24;1812;514;24;483
514;24;1813;514;24;1824
514;24;1824;514;24;1844
514;24;1844;514;24;2255
514;24;2255;514;24;1813
514;24;12777;514;24;13070
514;24;13070;514;24;12777
514;24;12778;514;24;12796
514;24;12796;514;24;12778
514;24;12779;514;24;12844
514;24;12844;514;24;12779
514;24;12780;514;24;12837
514;24;12837;514;24;12780
514;24;12781;514;24;12819
514;24;12819;514;24;12781
514;24;12782;514;24;12827
514;24;12827;514;24;12782
514;24;12775;514;24;12783
514;24;12783;514;24;12775
514;24;2111;514;24;2125
514;24;2125;514;24;2717
514;24;2717;514;24;2111
514;24;21635;514;24;21966
514;24;21966;514;24;21635
514;24;21929;514;24;21931
514;24;21931;514;24;21929
514;24;21908;514;24;21934
514;24;21934;514;24;21908
514;24;21947;514;24;21958
514;24;21958;514;24;21947
514;24;770;514;24;843
514;24;843;514;24;770
514;24;623;514;24;844
514;24;844;514;24;623
514;24;845;514;24;1371
514;24;1371;514;24;845
514;24;2091;514;24;2109
514;24;2109;514;24;2091
514;24;2110;514;24;2119
514;24;2119;514;24;2110
514;24;12432;514;24;12868
514;24;12868;514;24;12432
514;24;12864;514;24;12870
514;24;12870;514;24;12864
514;24;12871;514;24;12876
514;24;12876;514;24;12871
514;24;12872;514;24;13079
514;24;13079;514;24;12872
514;24;12873;514;24;13163
514;24;13163;514;24;12873
514;24;2410;514;24;2419
514;24;2419;514;24;2410
514;24;1556;514;24;1558
514;24;1558;514;24;1556
514;24;1524;514;24;1560
514;24;1560;514;24;1524
514;24;1410;514;24;2570
514;24;2570;514;24;1410
514;24;1536;514;24;1539
514;24;1539;514;24;2072
514;24;2072;514;24;1536
514;24;12798;514;24;13069
514;24;13069;514;24;12798
514;24;12795;514;24;12799
514;24;12799;514;24;12795
514;24;12800;514;24;12843
514;24;12843;514;24;12800
514;24;12801;514;24;12836
514;24;12836;514;24;12801
514;24;12802;514;24;12818
514;24;12818;514;24;12802
514;24;12803;514;24;12826
514;24;12826;514;24;12803
514;24;12804;514;24;12829
514;24;12829;514;24;12804
514;24;1540;514;24;2075
514;24;2075;514;24;1540
514;24;1544;514;24;2055
514;24;2055;514;24;1544
514;24;1545;514;24;1595
514;24;1595;514;24;1545
514;24;21425;514;24;21427
514;24;21427;514;24;21449
514;24;21449;514;24;21425
514;24;21451;514;24;21723
514;24;21723;514;24;21451
514;24;21452;514;24;21466
514;24;21466;514;24;21452
514;24;21453;514;24;21519
514;24;21519;514;24;21521
514;24;21521;514;24;21453
514;24;21454;514;24;21572
514;24;21572;514;24;21454
514;24;21455;514;24;21813
514;24;21813;514;24;21455
514;24;21456;514;24;21819
514;24;21819;514;24;21456
514;24;21458;514;24;21846
514;24;21846;514;24;21458
514;24;21459;514;24;21954
514;24;21954;514;24;21956
514;24;21956;514;24;21459
514;24;21460;514;24;21624
514;24;21624;514;24;21460
514;24;21461;514;24;21647
514;24;21647;514;24;21461
514;24;12104;514;24;12467
514;24;12467;514;24;12104
514;24;12465;514;24;12468
514;24;12468;514;24;12907
514;24;12907;514;24;12465
514;24;21402;514;24;21874
514;24;21874;514;24;21402
514;24;21403;514;24;21418
514;24;21418;514;24;21403
514;24;21406;514;24;21421
514;24;21421;514;24;21502
514;24;21502;514;24;21406
514;24;21407;514;24;21507
514;24;21507;514;24;21407
514;24;21408;514;24;21988
514;24;21988;514;24;21408
514;24;21409;514;24;21505
514;24;21505;514;24;21409
514;24;21410;514;24;21412
514;24;21412;514;24;21589
514;24;21589;514;24;21974
514;24;21974;514;24;21410
514;24;21541;514;24;21543
514;24;21543;514;24;21631
514;24;21631;514;24;21633
514;24;21633;514;24;21541
514;24;12424;514;24;12754
514;24;12754;514;24;12424
514;24;12453;514;24;13027
514;24;13027;514;24;12453
514;24;12454;514;24;13034
514;24;13034;514;24;12454
514;24;12455;514;24;13022
514;24;13022;514;24;12455
514;24;12458;514;24;12580
514;24;12580;514;24;12458
514;24;12459;514;24;13135
514;24;13135;514;24;12459
514;24;12428;514;24;12589
514;24;12589;514;24;12428
514;24;21419;514;24;21560
514;24;21560;514;24;21419
514;24;6551;514;24;7115
514;24;7115;514;24;7252
514;24;7252;514;24;6551
514;24;7116;514;24;7329
514;24;7329;514;24;7116
514;24;7117;514;24;7273
514;24;7273;514;24;7117
514;24;12856;514;24;12859
514;24;12859;514;24;12856
514;24;12464;514;24;12852
514;24;12852;514;24;12857
514;24;12857;514;24;12464
514;24;12431;514;24;12462
514;24;12462;514;24;12470
514;24;12470;514;24;12431
514;24;12463;514;24;13161
514;24;13161;514;24;12463
514;24;12471;514;24;13062
514;24;13062;514;24;12471
514;24;12473;514;24;12491
514;24;12491;514;24;12473
514;24;12495;514;24;12585
514;24;12585;514;24;12928
514;24;12928;514;24;12495
514;24;13220;514;24;13275
514;24;13275;514;24;13220
514;24;21414;514;24;21918
514;24;21918;514;24;21414
514;24;21415;514;24;21925
514;24;21925;514;24;21415
514;24;21416;514;24;21938
514;24;21938;514;24;21416
514;24;21990;514;24;22035
514;24;22035;514;24;21990
514;24;21503;514;24;21508
514;24;21508;514;24;21503
514;24;21500;514;24;21504
514;24;21504;514;24;21500
514;24;21499;514;24;21509
514;24;21509;514;24;21985
514;24;21985;514;24;21499
514;24;202;514;24;2680
514;24;2680;514;24;202
514;24;204;514;24;256
514;24;256;514;24;204
514;24;206;514;24;208
514;24;208;514;24;206
514;24;2450;514;24;2831
514;24;2831;514;24;2450
514;24;1406;514;24;1500
514;24;1500;514;24;2731
514;24;2731;514;24;1406
514;24;2724;514;24;2726
514;24;2726;514;24;2724
514;24;2727;514;24;2729
514;24;2729;514;24;2727
514;24;210;514;24;305
514;24;305;514;24;210
514;24;216;514;24;229
514;24;229;514;24;216
514;24;858;514;24;1976
514;24;1976;514;24;2574
514;24;2574;514;24;858
514;24;1977;514;24;2811
514;24;2811;514;24;1977
514;24;881;514;24;1978
514;24;1978;514;24;881
514;24;1980;514;24;1982
514;24;1982;514;24;1980
514;24;12488;514;24;12766
514;24;12766;514;24;13063
514;24;13063;514;24;12488
514;24;12767;514;24;12866
514;24;12866;514;24;12767
514;24;12768;514;24;12878
514;24;12878;514;24;12768
514;24;12769;514;24;13082
514;24;13082;514;24;12769
514;24;12770;514;24;13166
514;24;13166;514;24;12770
514;24;12771;514;24;12911
514;24;12911;514;24;12913
514;24;12913;514;24;12771
514;24;12661;514;24;12666
514;24;12666;514;24;12661
514;24;12668;514;24;13105
514;24;13105;514;24;12668
514;24;542;514;24;2394
514;24;2394;514;24;542
514;24;2395;514;24;2397
514;24;2397;514;24;2395
514;24;1507;514;24;2491
514;24;2491;514;24;1507
514;24;2832;514;24;2864
514;24;2864;514;24;2832
514;24;1511;514;24;1519
514;24;1519;514;24;2173
514;24;2173;514;24;1511
514;24;1512;514;24;1610
514;24;1610;514;24;1512
514;24;2092;514;24;2098
514;24;2098;514;24;2092
514;24;2099;514;24;2101
514;24;2101;514;24;2120
514;24;2120;514;24;2099
514;24;1183;514;24;1846
514;24;1846;514;24;1183
514;24;1848;514;24;1851
514;24;1851;514;24;1848
514;24;1265;514;24;2777
514;24;2777;514;24;1265
514;24;2520;514;24;2527
514;24;2527;514;24;2520
514;24;12822;514;24;12849
514;24;12849;514;24;12822
514;24;12790;514;24;12823
514;24;12823;514;24;12790
514;24;12812;514;24;12824
514;24;12824;514;24;12812
514;24;21882;514;24;21926
514;24;21926;514;24;21882
514;24;21538;514;24;21927
514;24;21927;514;24;21538
514;24;21892;514;24;21928
514;24;21928;514;24;21892
514;24;1232;514;24;1234
514;24;1234;514;24;1232
514;24;1062;514;24;1237
514;24;1237;514;24;1062
514;24;1135;514;24;1137
514;24;1137;514;24;1714
514;24;1714;514;24;1716
514;24;1716;514;24;1751
514;24;1751;514;24;1135
514;24;1707;514;24;1718
514;24;1718;514;24;1707
514;24;6644;514;24;7166
514;24;7166;514;24;7380
514;24;7380;514;24;6644
514;24;7164;514;24;7167
514;24;7167;514;24;7164
514;24;7535;514;24;7671
514;24;7671;514;24;7535
514;24;7093;514;24;7171
514;24;7171;514;24;7093
514;24;7172;514;24;7294
514;24;7294;514;24;7172
514;24;12640;514;24;12642
514;24;12642;514;24;12640
514;24;12643;514;24;12898
514;24;12898;514;24;12643
514;24;12644;514;24;12733
514;24;12733;514;24;12892
514;24;12892;514;24;12644
514;24;12646;514;24;12717
514;24;12717;514;24;12646
514;24;12647;514;24;12741
514;24;12741;514;24;12950
514;24;12950;514;24;12647
514;24;6639;514;24;6751
514;24;6751;514;24;7124
514;24;7124;514;24;6639
514;24;6582;514;24;6640
514;24;6640;514;24;6582
514;24;6641;514;24;6961
514;24;6961;514;24;6641
514;24;6642;514;24;6845
514;24;6845;514;24;6642
514;24;6643;514;24;7234
514;24;7234;514;24;7305
514;24;7305;514;24;6643
514;24;748;514;24;754
514;24;754;514;24;748
514;24;547;514;24;749
514;24;749;514;24;547
514;24;21910;514;24;21916
514;24;21916;514;24;21910
514;24;21613;514;24;21911
514;24;21911;514;24;21613
514;24;21643;514;24;21912
514;24;21912;514;24;21643
514;24;2186;514;24;2201
514;24;2201;514;24;2186
514;24;2834;514;24;2837
514;24;2837;514;24;2834
514;24;1497;514;24;1501
514;24;1501;514;24;2838
514;24;2838;514;24;1497
514;24;2187;514;24;2205
514;24;2205;514;24;2187
514;24;21477;514;24;21571
514;24;21571;514;24;21477
514;24;21573;514;24;21721
514;24;21721;514;24;21761
514;24;21761;514;24;21573
514;24;21574;514;24;21576
514;24;21576;514;24;21574
514;24;1764;514;24;2249
514;24;2249;514;24;1764
514;24;2250;514;24;2258
514;24;2258;514;24;2261
514;24;2261;514;24;2268
514;24;2268;514;24;2250
514;24;629;514;24;864
514;24;864;514;24;629
514;24;620;514;24;631
514;24;631;514;24;620
514;24;2022;514;24;2023
514;24;2023;514;24;2694
514;24;2694;514;24;2022
514;24;21580;514;24;21752
514;24;21752;514;24;21580
514;24;21715;514;24;21748
514;24;21748;514;24;21715
514;24;21749;514;24;22034
514;24;22034;514;24;21749
514;24;21746;514;24;21750
514;24;21750;514;24;21746
514;24;21527;514;24;21751
514;24;21751;514;24;21527
514;24;21481;514;24;21483
514;24;21483;514;24;21794
514;24;21794;514;24;21481
514;24;21484;514;24;21852
514;24;21852;514;24;21484
514;24;21485;514;24;21487
514;24;21487;514;24;21485
514;24;21893;514;24;21941
514;24;21941;514;24;21893
514;24;21894;514;24;21945
514;24;21945;514;24;21894
514;24;21634;514;24;21895
514;24;21895;514;24;21634
514;24;22014;514;24;22017
514;24;22017;514;24;22014
514;24;21493;514;24;21497
514;24;21497;514;24;21493
514;24;21488;514;24;21528
514;24;21528;514;24;21488
514;24;21645;514;24;21811
514;24;21811;514;24;21963
514;24;21963;514;24;21645
514;24;21646;514;24;21777
514;24;21777;514;24;21646
514;24;21447;514;24;21649
514;24;21649;514;24;21447
514;24;21491;514;24;21650
514;24;21650;514;24;22016
514;24;22016;514;24;21491
514;24;21881;514;24;21917
514;24;21917;514;24;21881
514;24;21537;514;24;21638
514;24;21638;514;24;21537
514;24;21641;514;24;21907
514;24;21907;514;24;21641
514;24;21642;514;24;21919
514;24;21919;514;24;21642
514;24;21961;514;24;21962
514;24;21962;514;24;21961
514;24;21644;514;24;21864
514;24;21864;514;24;21644
514;24;12595;514;24;12606
514;24;12606;514;24;12595
514;24;12607;514;24;12619
514;24;12619;514;24;12607
514;24;12608;514;24;12659
514;24;12659;514;24;12608
514;24;12108;514;24;12609
514;24;12609;514;24;12611
514;24;12611;514;24;12108
514;24;6342;514;24;6632
514;24;6632;514;24;6634
514;24;6634;514;24;6896
514;24;6896;514;24;7064
514;24;7064;514;24;7232
514;24;7232;514;24;6342
514;24;6819;514;24;7249
514;24;7249;514;24;7464
514;24;7464;514;24;6819
514;24;6807;514;24;6820
514;24;6820;514;24;6807
514;24;6821;514;24;6863
514;24;6863;514;24;6867
514;24;6867;514;24;6821
514;24;6822;514;24;6932
514;24;6932;514;24;6976
514;24;6976;514;24;6822
514;24;6580;514;24;6823
514;24;6823;514;24;6830
514;24;6830;514;24;6580
514;24;21428;514;24;21710
514;24;21710;514;24;21428
514;24;21429;514;24;21716
514;24;21716;514;24;21429
514;24;21430;514;24;22033
514;24;22033;514;24;21430
514;24;21431;514;24;21738
514;24;21738;514;24;21431
514;24;21432;514;24;21745
514;24;21745;514;24;21432
514;24;21433;514;24;21526
514;24;21526;514;24;21433
514;24;22002;514;24;22038
514;24;22038;514;24;22002
514;24;21492;514;24;21858
514;24;21858;514;24;21492
514;24;6941;514;24;7540
514;24;7540;514;24;6941
514;24;21465;514;24;21475
514;24;21475;514;24;21465
514;24;21476;514;24;21518
514;24;21518;514;24;21476
514;24;21968;514;24;22012
514;24;22012;514;24;21968
514;24;21904;514;24;21971
514;24;21971;514;24;21904
514;24;21534;514;24;21973
514;24;21973;514;24;21534
514;24;7212;514;24;7364
514;24;7364;514;24;7212
514;24;6942;514;24;7307
514;24;7307;514;24;6942
514;24;12684;514;24;12692
514;24;12692;514;24;12694
514;24;12694;514;24;12884
514;24;12884;514;24;12684
514;24;12695;514;24;12720
514;24;12720;514;24;12695
514;24;12639;514;24;12696
514;24;12696;514;24;12943
514;24;12943;514;24;12639
514;24;1420;514;24;1587
514;24;1587;514;24;2149
514;24;2149;514;24;1420
514;24;1421;514;24;1454
514;24;1454;514;24;1421
514;24;1450;514;24;1461
514;24;1461;514;24;1450
514;24;1453;514;24;2508
514;24;2508;514;24;1453
514;24;1447;514;24;2507
514;24;2507;514;24;1447
514;24;12492;514;24;12662
514;24;12662;514;24;12492
514;24;12494;514;24;13106
514;24;13106;514;24;12494
514;24;200;514;24;894
514;24;894;514;24;1915
514;24;1915;514;24;200
514;24;94;514;24;199
514;24;199;514;24;94
514;24;198;514;24;1918
514;24;1918;514;24;198
514;24;197;514;24;997
514;24;997;514;24;197
514;24;62;514;24;196
514;24;196;514;24;62
514;24;195;514;24;974
514;24;974;514;24;195
514;24;194;514;24;1882
514;24;1882;514;24;194
514;24;193;514;24;2941
514;24;2941;514;24;193
514;24;192;514;24;1327
514;24;1327;514;24;192
514;24;21557;514;24;21559
514;24;21559;514;24;21557
514;24;12929;514;24;12937
514;24;12937;514;24;13221
514;24;13221;514;24;12929
514;24;12592;514;24;12939
514;24;12939;514;24;12592
514;24;12922;514;24;12924
514;24;12924;514;24;12940
514;24;12940;514;24;12942
514;24;12942;514;24;12922
514;24;1014;514;24;1815
514;24;1815;514;24;2247
514;24;2247;514;24;1014
514;24;6605;514;24;6892
514;24;6892;514;24;6605
514;24;6916;514;24;7022
514;24;7022;514;24;6916
514;24;6607;514;24;6859
514;24;6859;514;24;6607
514;24;6596;514;24;6608
514;24;6608;514;24;6616
514;24;6616;514;24;6618
514;24;6618;514;24;6596
514;24;7198;514;24;7209
514;24;7209;514;24;7198
514;24;7210;514;24;7245
514;24;7245;514;24;7210
514;24;6970;514;24;7211
514;24;7211;514;24;6970
514;24;6505;514;24;7213
514;24;7213;514;24;6505
514;24;7161;514;24;7214
514;24;7214;514;24;7161
514;24;7531;514;24;7542
514;24;7542;514;24;7531
514;24;6991;514;24;7217
514;24;7217;514;24;6991
514;24;6669;514;24;7218
514;24;7218;514;24;6669
514;24;7220;514;24;7353
514;24;7353;514;24;7220
514;24;6661;514;24;7595
514;24;7595;514;24;7597
514;24;7597;514;24;6661
514;24;6066;514;24;6667
514;24;6667;514;24;6066
514;24;13216;514;24;13219
514;24;13219;514;24;13216
514;24;12560;514;24;12877
514;24;12877;514;24;12560
514;24;2406;514;24;2418
514;24;2418;514;24;2406
514;24;2420;514;24;2927
514;24;2927;514;24;2420
514;24;22018;514;24;22021
514;24;22021;514;24;22018
514;24;22011;514;24;22019
514;24;22019;514;24;22011
514;24;1729;514;24;2243
514;24;2243;514;24;1729
514;24;1788;514;24;1792
514;24;1792;514;24;2244
514;24;2244;514;24;1788
514;24;2390;514;24;2398
514;24;2398;514;24;2390
514;24;2391;514;24;2399
514;24;2399;514;24;2391
514;24;1312;514;24;1314
514;24;1314;514;24;2940
514;24;2940;514;24;1312
514;24;1316;514;24;1325
514;24;1325;514;24;1316
514;24;1318;514;24;1624
514;24;1624;514;24;1318
514;24;186;514;24;693
514;24;693;514;24;1319
514;24;1319;514;24;186
514;24;50;514;24;163
514;24;163;514;24;650
514;24;650;514;24;50
514;24;645;514;24;647
514;24;647;514;24;1951
514;24;1951;514;24;645
514;24;21471;514;24;21743
514;24;21743;514;24;21471
514;24;2340;514;24;2342
514;24;2342;514;24;2340
514;24;7438;514;24;7439
514;24;7439;514;24;7438
514;24;7076;514;24;7207
514;24;7207;514;24;7076
514;24;7089;514;24;7206
514;24;7206;514;24;7089
514;24;6649;514;24;7094
514;24;7094;514;24;6649
514;24;7392;514;24;7401
514;24;7401;514;24;7392
514;24;7035;514;24;7295
514;24;7295;514;24;7035
514;24;6919;514;24;7296
514;24;7296;514;24;6919
514;24;7395;514;24;7402
514;24;7402;514;24;7395
514;24;896;514;24;1905
514;24;1905;514;24;1907
514;24;1907;514;24;896
514;24;1909;514;24;1913
514;24;1913;514;24;1909
514;24;1910;514;24;1916
514;24;1916;514;24;1910
514;24;2312;514;24;2314
514;24;2314;514;24;2312
514;24;783;514;24;801
514;24;801;514;24;892
514;24;892;514;24;783
514;24;805;514;24;898
514;24;898;514;24;805
514;24;804;514;24;1942
514;24;1942;514;24;804
514;24;6780;514;24;7082
514;24;7082;514;24;7242
514;24;7242;514;24;6780
514;24;7072;514;24;7083
514;24;7083;514;24;7072
514;24;550;514;24;2444
514;24;2444;514;24;550
514;24;12673;514;24;12678
514;24;12678;514;24;12673
514;24;21801;514;24;21860
514;24;21860;514;24;22023
514;24;22023;514;24;21801
514;24;2798;514;24;2801
514;24;2801;514;24;2798
514;24;480;514;24;1823
514;24;1823;514;24;480
514;24;486;514;24;527
514;24;527;514;24;486
514;24;532;514;24;1722
514;24;1722;514;24;1724
514;24;1724;514;24;532
514;24;1164;514;24;1725
514;24;1725;514;24;1727
514;24;1727;514;24;1164
514;24;6803;514;24;6809
514;24;6809;514;24;7129
514;24;7129;514;24;6803
514;24;6746;514;24;6748
514;24;6748;514;24;6804
514;24;6804;514;24;6746
514;24;6805;514;24;7373
514;24;7373;514;24;6805
514;24;6801;514;24;7322
514;24;7322;514;24;7325
514;24;7325;514;24;6801
514;24;6635;514;24;6808
514;24;6808;514;24;6635
514;24;12880;514;24;12889
514;24;12889;514;24;12880
514;24;12881;514;24;12891
514;24;12891;514;24;12881
514;24;7079;514;24;7287
514;24;7287;514;24;7079
514;24;6722;514;24;6724
514;24;6724;514;24;7080
514;24;7080;514;24;7266
514;24;7266;514;24;6722
514;24;12549;514;24;12946
514;24;12946;514;24;12549
514;24;12948;514;24;12981
514;24;12981;514;24;12948
514;24;12725;514;24;12949
514;24;12949;514;24;12725
514;24;7152;514;24;7611
514;24;7611;514;24;7613
514;24;7613;514;24;7152
514;24;6524;514;24;6671
514;24;6671;514;24;7024
514;24;7024;514;24;6524
514;24;6926;514;24;6964
514;24;6964;514;24;6926
514;24;6552;514;24;6877
514;24;6877;514;24;6552
514;24;6984;514;24;7372
514;24;7372;514;24;6984
514;24;6672;514;24;7195
514;24;7195;514;24;6672
514;24;6555;514;24;6585
514;24;6585;514;24;6587
514;24;6587;514;24;6555
514;24;6315;514;24;6317
514;24;6317;514;24;6315
514;24;6327;514;24;6331
514;24;6331;514;24;6327
514;24;6325;514;24;6329
514;24;6329;514;24;6325
514;24;6337;514;24;6339
514;24;6339;514;24;6337
514;24;7648;514;24;7650
514;24;7650;514;24;7652
514;24;7652;514;24;7670
514;24;7670;514;24;7648
514;24;7666;514;24;7668
514;24;7668;514;24;7666
514;24;7654;514;24;7656
514;24;7656;514;24;7654
514;24;7660;514;24;7662
514;24;7662;514;24;7660
514;24;6237;514;24;6239
514;24;6239;514;24;6237
514;24;6269;514;24;6271
514;24;6271;514;24;6269
514;24;6277;514;24;6279
514;24;6279;514;24;6281
514;24;6281;514;24;6277
514;24;6273;514;24;6275
514;24;6275;514;24;6273
514;24;6289;514;24;6305
514;24;6305;514;24;6341
514;24;6341;514;24;6289
514;24;6229;514;24;6231
514;24;6231;514;24;6229
514;24;6233;514;24;6235
514;24;6235;514;24;6233
514;24;6208;514;24;6215
514;24;6215;514;24;6208
514;24;6283;514;24;6293
514;24;6293;514;24;6283
514;24;6311;514;24;6313
514;24;6313;514;24;6311
514;24;6299;514;24;6303
514;24;6303;514;24;6309
514;24;6309;514;24;6299
514;24;6333;514;24;6335
514;24;6335;514;24;6333
514;24;6307;514;24;6323
514;24;6323;514;24;6307
514;24;6319;514;24;6321
514;24;6321;514;24;6319
514;24;7658;514;24;7664
514;24;7664;514;24;7658
514;24;6285;514;24;6295
514;24;6295;514;24;6285
514;24;6291;514;24;6297
514;24;6297;514;24;6291
514;24;6287;514;24;6301
514;24;6301;514;24;6287
514;24;2294;514;24;2296
514;24;2296;514;24;2294
514;24;7567;514;24;7569
514;24;7569;514;24;7567
514;24;7570;514;24;7573
514;24;7573;514;24;7570
514;24;6526;514;24;7328
514;24;7328;514;24;6526
514;24;12737;514;24;12750
514;24;12750;514;24;12737
514;24;12738;514;24;12746
514;24;12746;514;24;12738
514;24;12904;514;24;12988
514;24;12988;514;24;12904
514;24;12901;514;24;12989
514;24;12989;514;24;12901
514;24;12762;514;24;12990
514;24;12990;514;24;12762
514;24;12991;514;24;13059
514;24;13059;514;24;12991
514;24;12935;514;24;12992
514;24;12992;514;24;12935
514;24;7449;514;24;7451
514;24;7451;514;24;7449
514;24;6602;514;24;7030
514;24;7030;514;24;6602
514;24;7452;514;24;7487
514;24;7487;514;24;7452
514;24;13238;514;24;13241
514;24;13241;514;24;13238
514;24;48056;514;24;48063
514;24;48063;514;24;48056
514;24;48065;514;24;54052
514;24;54052;514;24;48065
514;24;54061;514;24;60065
514;24;60065;514;24;54061
514;24;22000;514;24;22003
514;24;22003;514;24;22000
514;24;2851;514;24;2852
514;24;2852;514;24;2851
514;24;510;514;24;522
514;24;522;514;24;510
514;24;21862;514;24;21866
514;24;21866;514;24;21862
514;24;1179;514;24;1852
514;24;1852;514;24;2299
514;24;2299;514;24;1179
514;24;7007;514;24;7340
514;24;7340;514;24;7007
514;24;6766;514;24;6944
514;24;6944;514;24;7341
514;24;7341;514;24;6766
514;24;21664;514;24;21674
514;24;21674;514;24;21664
514;24;21675;514;24;21692
514;24;21692;514;24;21675
514;24;21676;514;24;21697
514;24;21697;514;24;21676
514;24;21513;514;24;21515
514;24;21515;514;24;21677
514;24;21677;514;24;21513
514;24;2630;514;24;2634
514;24;2634;514;24;2630
514;24;1855;514;24;2631
514;24;2631;514;24;1855
514;24;12933;514;24;13050
514;24;13050;514;24;12933
514;24;13051;514;24;13056
514;24;13056;514;24;13051
514;24;12830;514;24;13066
514;24;13066;514;24;12830
514;24;1999;514;24;2440
514;24;2440;514;24;1999
514;24;140;514;24;1860
514;24;1860;514;24;140
514;24;138;514;24;145
514;24;145;514;24;1878
514;24;1878;514;24;138
514;24;147;514;24;987
514;24;987;514;24;147
514;24;150;514;24;155
514;24;155;514;24;150
514;24;2735;514;24;2736
514;24;2736;514;24;2735
514;24;2103;514;24;2105
514;24;2105;514;24;2103
514;24;2106;514;24;2126
514;24;2126;514;24;2106
514;24;2912;514;24;2920
514;24;2920;514;24;2912
514;24;298;514;24;300
514;24;300;514;24;298
514;24;301;514;24;303
514;24;303;514;24;301
514;24;21665;514;24;21679
514;24;21679;514;24;21665
514;24;21680;514;24;21693
514;24;21693;514;24;21680
514;24;21681;514;24;21698
514;24;21698;514;24;21681
514;24;21682;514;24;21702
514;24;21702;514;24;21682
514;24;21516;514;24;21683
514;24;21683;514;24;21516
514;24;2102;514;24;2115
514;24;2115;514;24;2102
514;24;12932;514;24;13047
514;24;13047;514;24;12932
514;24;13048;514;24;13055
514;24;13055;514;24;13048
514;24;663;514;24;926
514;24;926;514;24;2349
514;24;2349;514;24;663
514;24;924;514;24;1343
514;24;1343;514;24;924
514;24;923;514;24;933
514;24;933;514;24;940
514;24;940;514;24;923
514;24;60059;514;24;60064
514;24;60064;514;24;60059
514;24;576;514;24;2924
514;24;2924;514;24;576
514;24;1436;514;24;2931
514;24;2931;514;24;1436
514;24;1267;514;24;1841
514;24;1841;514;24;2755
514;24;2755;514;24;1267
514;24;58;514;24;1842
514;24;1842;514;24;58
514;24;7471;514;24;7473
514;24;7473;514;24;7585
514;24;7585;514;24;7471
514;24;7474;514;24;7476
514;24;7476;514;24;7474
514;24;1077;514;24;2207
514;24;2207;514;24;1077
514;24;2209;514;24;2214
514;24;2214;514;24;2209
514;24;491;514;24;2898
514;24;2898;514;24;491
514;24;1857;514;24;1859
514;24;1859;514;24;2899
514;24;2899;514;24;1857
514;24;1877;514;24;2901
514;24;2901;514;24;1877
514;24;6995;514;24;7506
514;24;7506;514;24;6995
514;24;7494;514;24;7508
514;24;7508;514;24;7494
514;24;6650;514;24;7509
514;24;7509;514;24;6650
514;24;7501;514;24;7510
514;24;7510;514;24;7501
514;24;12561;514;24;13080
514;24;13080;514;24;12561
514;24;13081;514;24;13084
514;24;13084;514;24;13081
514;24;2429;514;24;2437
514;24;2437;514;24;2429
514;24;2431;514;24;2652
514;24;2652;514;24;2431
514;24;1094;514;24;1128
514;24;1128;514;24;1687
514;24;1687;514;24;1094
514;24;1097;514;24;1099
514;24;1099;514;24;2213
514;24;2213;514;24;1097
514;24;13029;514;24;13037
514;24;13037;514;24;13249
514;24;13249;514;24;13029
514;24;13253;514;24;13257
514;24;13257;514;24;13253
514;24;2538;514;24;2633
514;24;2633;514;24;2538
514;24;2383;514;24;2738
514;24;2738;514;24;2383
514;24;2384;514;24;2956
514;24;2956;514;24;2384
514;24;21718;514;24;21726
514;24;21726;514;24;21718
514;24;21469;514;24;21719
514;24;21719;514;24;21469
514;24;21523;514;24;21720
514;24;21720;514;24;21523
514;24;12742;514;24;12749
514;24;12749;514;24;12742
514;24;6786;514;24;7033
514;24;7033;514;24;6786
514;24;6787;514;24;6789
514;24;6789;514;24;7126
514;24;7126;514;24;6787
514;24;2350;514;24;2352
514;24;2352;514;24;2350
514;24;1249;514;24;1251
514;24;1251;514;24;1255
514;24;1255;514;24;1249
514;24;1256;514;24;1762
514;24;1762;514;24;1769
514;24;1769;514;24;1256
514;24;1258;514;24;2259
514;24;2259;514;24;1258
514;24;1819;514;24;2740
514;24;2740;514;24;2741
514;24;2741;514;24;1819
514;24;1961;514;24;1968
514;24;1968;514;24;1961
514;24;64;514;24;1964
514;24;1964;514;24;2810
514;24;2810;514;24;2951
514;24;2951;514;24;64
514;24;1967;514;24;1972
514;24;1972;514;24;1967
514;24;1440;514;24;1974
514;24;1974;514;24;1440
514;24;21774;514;24;21845
514;24;21845;514;24;21774
514;24;21775;514;24;21872
514;24;21872;514;24;21775
514;24;21623;514;24;21776
514;24;21776;514;24;21623
514;24;21712;514;24;21725
514;24;21725;514;24;21712
514;24;21727;514;24;21740
514;24;21740;514;24;21727
514;24;1100;514;24;1690
514;24;1690;514;24;1100
514;24;1102;514;24;1697
514;24;1697;514;24;1102
514;24;992;514;24;1260
514;24;1260;514;24;2640
514;24;2640;514;24;2645
514;24;2645;514;24;992
514;24;1832;514;24;1834
514;24;1834;514;24;1832
514;24;1185;514;24;1836
514;24;1836;514;24;1839
514;24;1839;514;24;1185
514;24;1711;514;24;1730
514;24;1730;514;24;1711
514;24;1731;514;24;1733
514;24;1733;514;24;1731
514;24;1020;514;24;1263
514;24;1263;514;24;1020
514;24;6619;514;24;7049
514;24;7049;514;24;6619
514;24;6620;514;24;7017
514;24;7017;514;24;6620
514;24;6621;514;24;7376
514;24;7376;514;24;6621
514;24;12635;514;24;12680
514;24;12680;514;24;12635
514;24;12513;514;24;12682
514;24;12682;514;24;12513
514;24;12677;514;24;12681
514;24;12681;514;24;12677
514;24;7098;514;24;7564
514;24;7564;514;24;7098
514;24;6763;514;24;6790
514;24;6790;514;24;6763
514;24;6584;514;24;6791
514;24;6791;514;24;6793
514;24;6793;514;24;6584
514;24;12579;514;24;13145
514;24;13145;514;24;12579
514;24;12581;514;24;13044
514;24;13044;514;24;12581
514;24;12582;514;24;13010
514;24;13010;514;24;12582
514;24;12583;514;24;13002
514;24;13002;514;24;12583
514;24;807;514;24;816
514;24;816;514;24;1562
514;24;1562;514;24;807
514;24;818;514;24;1987
514;24;1987;514;24;818
514;24;1568;514;24;1904
514;24;1904;514;24;1568
514;24;21884;514;24;21943
514;24;21943;514;24;21884
514;24;21540;514;24;21944
514;24;21944;514;24;21540
514;24;897;514;24;1899
514;24;1899;514;24;1902
514;24;1902;514;24;897
514;24;394;514;24;895
514;24;895;514;24;394
514;24;1564;514;24;1912
514;24;1912;514;24;1564
514;24;893;514;24;2309
514;24;2309;514;24;2311
514;24;2311;514;24;893
514;24;1567;514;24;2866
514;24;2866;514;24;1567
514;24;1048;514;24;1212
514;24;1212;514;24;1048
514;24;1047;514;24;1894
514;24;1894;514;24;1047
514;24;1046;514;24;1054
514;24;1054;514;24;2790
514;24;2790;514;24;1046
514;24;813;514;24;889
514;24;889;514;24;1439
514;24;1439;514;24;813
514;24;812;514;24;1943
514;24;1943;514;24;812
514;24;811;514;24;1945
514;24;1945;514;24;811
514;24;809;514;24;1948
514;24;1948;514;24;809
514;24;2228;514;24;2236
514;24;2236;514;24;2228
514;24;1145;514;24;2229
514;24;2229;514;24;1145
514;24;2230;514;24;2478
514;24;2478;514;24;2230
514;24;2225;514;24;2231
514;24;2231;514;24;2225
514;24;6523;514;24;6532
514;24;6532;514;24;7097
514;24;7097;514;24;7553
514;24;7553;514;24;6523
514;24;7101;514;24;7156
514;24;7156;514;24;7251
514;24;7251;514;24;7101
514;24;21510;514;24;21653
514;24;21653;514;24;21655
514;24;21655;514;24;21510
514;24;21656;514;24;21659
514;24;21659;514;24;21656
514;24;21657;514;24;21982
514;24;21982;514;24;21657
514;24;6473;514;24;6922
514;24;6922;514;24;6473
514;24;6923;514;24;6999
514;24;6999;514;24;6923
514;24;6664;514;24;6925
514;24;6925;514;24;6664
514;24;7409;514;24;7411
514;24;7411;514;24;7409
514;24;6614;514;24;7415
514;24;7415;514;24;7417
514;24;7417;514;24;6614
514;24;6420;514;24;7418
514;24;7418;514;24;6420
514;24;2743;514;24;2744
514;24;2744;514;24;2743
514;24;1310;514;24;1881
514;24;1881;514;24;1310
514;24;1883;514;24;1936
514;24;1936;514;24;2325
514;24;2325;514;24;1883
514;24;1884;514;24;1939
514;24;1939;514;24;1884
514;24;791;514;24;1885
514;24;1885;514;24;791
514;24;965;514;24;1886
514;24;1886;514;24;1888
514;24;1888;514;24;965
514;24;1275;514;24;1801
514;24;1801;514;24;1803
514;24;1803;514;24;1275
514;24;1804;514;24;1806
514;24;1806;514;24;1804
514;24;6486;514;24;6488
514;24;6488;514;24;6486
514;24;6489;514;24;6857
514;24;6857;514;24;6489
514;24;6490;514;24;6726
514;24;6726;514;24;6490
514;24;6492;514;24;6590
514;24;6590;514;24;6492
514;24;7636;514;24;7638
514;24;7638;514;24;7636
514;24;7622;514;24;7626
514;24;7626;514;24;7622
514;24;7640;514;24;7642
514;24;7642;514;24;7640
514;24;7630;514;24;7632
514;24;7632;514;24;7634
514;24;7634;514;24;7630
514;24;7644;514;24;7646
514;24;7646;514;24;7644
514;24;7624;514;24;7628
514;24;7628;514;24;7624
514;24;6495;514;24;6503
514;24;6503;514;24;6495
514;24;6440;514;24;6832
514;24;6832;514;24;7310
514;24;7310;514;24;6440
514;24;6508;514;24;6646
514;24;6646;514;24;6508
514;24;6439;514;24;7258
514;24;7258;514;24;6439
514;24;6438;514;24;6935
514;24;6935;514;24;6981
514;24;6981;514;24;6438
514;24;6509;514;24;6796
514;24;6796;514;24;6509
514;24;6510;514;24;6837
514;24;6837;514;24;7319
514;24;7319;514;24;6510
514;24;6478;514;24;6497
514;24;6497;514;24;6478
514;24;6499;514;24;7190
514;24;7190;514;24;6499
514;24;6907;514;24;7349
514;24;7349;514;24;6907
514;24;6521;514;24;7175
514;24;7175;514;24;6521
514;24;6483;514;24;6613
514;24;6613;514;24;6483
514;24;7054;514;24;7374
514;24;7374;514;24;7054
514;24;6674;514;24;7375
514;24;7375;514;24;6674
514;24;6485;514;24;6998
514;24;6998;514;24;6485
514;24;12529;514;24;12748
514;24;12748;514;24;12529
514;24;12530;514;24;12735
514;24;12735;514;24;12530
514;24;6575;514;24;7104
514;24;7104;514;24;7203
514;24;7203;514;24;6575
514;24;6472;514;24;6930
514;24;6930;514;24;6472
514;24;6655;514;24;7106
514;24;7106;514;24;6655
514;24;7107;514;24;7121
514;24;7121;514;24;7107
514;24;1130;514;24;1698
514;24;1698;514;24;1130
514;24;1565;514;24;2485
514;24;2485;514;24;1565
514;24;2756;514;24;2757
514;24;2757;514;24;2756
514;24;2078;514;24;2135
514;24;2135;514;24;2078
514;24;1605;514;24;2136
514;24;2136;514;24;1605
514;24;2067;514;24;2138
514;24;2138;514;24;2067
514;24;2154;514;24;2842
514;24;2842;514;24;2843
514;24;2843;514;24;2154
514;24;2595;514;24;2598
514;24;2598;514;24;2595
514;24;2599;514;24;2602
514;24;2602;514;24;2599
514;24;13169;514;24;13180
514;24;13180;514;24;13169
514;24;13170;514;24;13172
514;24;13172;514;24;13170
514;24;6917;514;24;6933
514;24;6933;514;24;6917
514;24;1038;514;24;2648
514;24;2648;514;24;1038
514;24;1055;514;24;1057
514;24;1057;514;24;1055
514;24;12559;514;24;12865
514;24;12865;514;24;12559
514;24;12562;514;24;13164
514;24;13164;514;24;12562
514;24;12563;514;24;12854
514;24;12854;514;24;13097
514;24;13097;514;24;12563
514;24;12564;514;24;12909
514;24;12909;514;24;12564
514;24;12105;514;24;12565
514;24;12565;514;24;13100
514;24;13100;514;24;12105
514;24;12887;514;24;12897
514;24;12897;514;24;12887
514;24;12888;514;24;12895
514;24;12895;514;24;12888
514;24;13195;514;24;13198
514;24;13198;514;24;13195
514;24;13200;514;24;13203
514;24;13203;514;24;13200
514;24;114;514;24;981
514;24;981;514;24;114
514;24;115;514;24;641
514;24;641;514;24;115
514;24;117;514;24;1577
514;24;1577;514;24;117
514;24;1321;514;24;2329
514;24;2329;514;24;1321
514;24;1330;514;24;1940
514;24;1940;514;24;1330
514;24;12756;514;24;12930
514;24;12930;514;24;12756
514;24;12506;514;24;12931
514;24;12931;514;24;12506
514;24;12535;514;24;12934
514;24;12934;514;24;12535
514;24;13224;514;24;13276
514;24;13276;514;24;13224
514;24;13227;514;24;13230
514;24;13230;514;24;13227
514;24;6119;514;24;6668
514;24;6668;514;24;6119
514;24;12596;514;24;12599
514;24;12599;514;24;12596
514;24;1351;514;24;1355
514;24;1355;514;24;1351
514;24;1347;514;24;1356
514;24;1356;514;24;1347
514;24;85;514;24;1010
514;24;1010;514;24;2359
514;24;2359;514;24;85
514;24;2360;514;24;2363
514;24;2363;514;24;2360
514;24;68;514;24;2361
514;24;2361;514;24;68
514;24;2320;514;24;2322
514;24;2322;514;24;2320
514;24;2323;514;24;2949
514;24;2949;514;24;2323
514;24;6647;514;24;7141
514;24;7141;514;24;6647
514;24;6648;514;24;7145
514;24;7145;514;24;6648
514;24;6437;514;24;7284
514;24;7284;514;24;6437
514;24;6651;514;24;7515
514;24;7515;514;24;6651
514;24;6436;514;24;7187
514;24;7187;514;24;6436
514;24;21796;514;24;21851
514;24;21851;514;24;22030
514;24;22030;514;24;21796
514;24;21797;514;24;21799
514;24;21799;514;24;21797
514;24;6245;514;24;6247
514;24;6247;514;24;6245
514;24;6703;514;24;6744
514;24;6744;514;24;6897
514;24;6897;514;24;6703
514;24;6742;514;24;6745
514;24;6745;514;24;7468
514;24;7468;514;24;7470
514;24;7470;514;24;6742
514;24;21836;514;24;21838
514;24;21838;514;24;21836
514;24;2870;514;24;2872
514;24;2872;514;24;2870
514;24;21763;514;24;21820
514;24;21820;514;24;21763
514;24;21439;514;24;21822
514;24;21822;514;24;21439
514;24;21789;514;24;21823
514;24;21823;514;24;21789
514;24;21762;514;24;21814
514;24;21814;514;24;21762
514;24;21764;514;24;21772
514;24;21772;514;24;21764
514;24;21438;514;24;21816
514;24;21816;514;24;21438
514;24;21788;514;24;21817
514;24;21817;514;24;21788
514;24;477;514;24;1143
514;24;1143;514;24;477
514;24;1114;514;24;1144
514;24;1144;514;24;1114
514;24;12534;514;24;13232
514;24;13232;514;24;12534
514;24;12536;514;24;13057
514;24;13057;514;24;12536
514;24;12508;514;24;12537
514;24;12537;514;24;13120
514;24;13120;514;24;12508
514;24;12538;514;24;12758
514;24;12758;514;24;12538
514;24;12540;514;24;12900
514;24;12900;514;24;12540
514;24;12542;514;24;12903
514;24;12903;514;24;12542
514;24;12543;514;24;12926
514;24;12926;514;24;12543
514;24;500;514;24;502
514;24;502;514;24;1759
514;24;1759;514;24;500
514;24;506;514;24;508
514;24;508;514;24;506
514;24;1286;514;24;1798
514;24;1798;514;24;2760
514;24;2760;514;24;1286
514;24;1799;514;24;1830
514;24;1830;514;24;1799
514;24;7578;514;24;7587
514;24;7587;514;24;7578
514;24;7579;514;24;7581
514;24;7581;514;24;7579
514;24;1737;514;24;1754
514;24;1754;514;24;1737
514;24;1017;514;24;1755
514;24;1755;514;24;1017
514;24;1756;514;24;1768
514;24;1768;514;24;1756
514;24;478;514;24;495
514;24;495;514;24;2238
514;24;2238;514;24;478
514;24;471;514;24;472
514;24;472;514;24;1072
514;24;1072;514;24;2220
514;24;2220;514;24;471
514;24;1080;514;24;1085
514;24;1085;514;24;1689
514;24;1689;514;24;1080
514;24;1082;514;24;1694
514;24;1694;514;24;1696
514;24;1696;514;24;1082
514;24;1083;514;24;1239
514;24;1239;514;24;1083
514;24;424;514;24;453
514;24;453;514;24;424
514;24;427;514;24;431
514;24;431;514;24;427
514;24;1990;514;24;2749
514;24;2749;514;24;1990
514;24;21905;514;24;21915
514;24;21915;514;24;21905
514;24;21612;514;24;21906
514;24;21906;514;24;21612
514;24;13237;514;24;13245
514;24;13245;514;24;13237
514;24;7598;514;24;7600
514;24;7600;514;24;7598
514;24;21878;514;24;21937
514;24;21937;514;24;21878
514;24;13229;514;24;13236
514;24;13236;514;24;13229
514;24;984;514;24;1880
514;24;1880;514;24;984
514;24;130;514;24;164
514;24;164;514;24;166
514;24;166;514;24;2751
514;24;2751;514;24;130
514;24;671;514;24;702
514;24;702;514;24;671
514;24;183;514;24;670
514;24;670;514;24;183
514;24;875;514;24;2026
514;24;2026;514;24;875
514;24;2752;514;24;2769
514;24;2769;514;24;2752
514;24;539;514;24;1242
514;24;1242;514;24;539
514;24;535;514;24;1708
514;24;1708;514;24;535
514;24;529;514;24;1747
514;24;1747;514;24;529
514;24;7123;514;24;7132
514;24;7132;514;24;7123
514;24;7125;514;24;7356
514;24;7356;514;24;7125
514;24;7127;514;24;7219
514;24;7219;514;24;7127
514;24;6929;514;24;6968
514;24;6968;514;24;7130
514;24;7130;514;24;6929
514;24;2892;514;24;2894
514;24;2894;514;24;2896
514;24;2896;514;24;2973
514;24;2973;514;24;2975
514;24;2975;514;24;2892
514;24;2704;514;24;2706
514;24;2706;514;24;2708
514;24;2708;514;24;2890
514;24;2890;514;24;2704
514;24;781;514;24;848
514;24;848;514;24;2955
514;24;2955;514;24;781
514;24;12848;514;24;13101
514;24;13101;514;24;12848
514;24;12789;514;24;13102
514;24;13102;514;24;12789
514;24;12811;514;24;13103
514;24;13103;514;24;12811
514;24;12633;514;24;12915
514;24;12915;514;24;12633
514;24;12663;514;24;12917
514;24;12917;514;24;12919
514;24;12919;514;24;12663
514;24;13272;514;24;13273
514;24;13273;514;24;13272
514;24;12719;514;24;12920
514;24;12920;514;24;12719
514;24;456;514;24;462
514;24;462;514;24;456
514;24;464;514;24;466
514;24;466;514;24;464
514;24;7131;514;24;7134
514;24;7134;514;24;7139
514;24;7139;514;24;7131
514;24;6836;514;24;7135
514;24;7135;514;24;6836
514;24;7137;514;24;7236
514;24;7236;514;24;7137
514;24;6980;514;24;7138
514;24;7138;514;24;6980
514;24;1710;514;24;1739
514;24;1739;514;24;1710
514;24;7582;514;24;7584
514;24;7584;514;24;7582
514;24;21829;514;24;22006
514;24;22006;514;24;21829
514;24;21834;514;24;22007
514;24;22007;514;24;21834
514;24;6798;514;24;7147
514;24;7147;514;24;7399
514;24;7399;514;24;6798
514;24;7397;514;24;7400
514;24;7400;514;24;7397
514;24;7444;514;24;7521
514;24;7521;514;24;7444
514;24;7445;514;24;7517
514;24;7517;514;24;7445
514;24;7188;514;24;7446
514;24;7446;514;24;7188
514;24;6794;514;24;7069
514;24;7069;514;24;6794
514;24;6797;514;24;7143
514;24;7143;514;24;7298
514;24;7298;514;24;6797
514;24;21790;514;24;21828
514;24;21828;514;24;22028
514;24;22028;514;24;21790
514;24;21833;514;24;21835
514;24;21835;514;24;21833
514;24;21791;514;24;21850
514;24;21850;514;24;21791
514;24;277;514;24;400
514;24;400;514;24;277
514;24;6937;514;24;7142
514;24;7142;514;24;6937
514;24;6939;514;24;7146
514;24;7146;514;24;6939
514;24;12710;514;24;12714
514;24;12714;514;24;12980
514;24;12980;514;24;12710
514;24;12711;514;24;12716
514;24;12716;514;24;12724
514;24;12724;514;24;12711
514;24;297;514;24;307
514;24;307;514;24;297
514;24;390;514;24;1895
514;24;1895;514;24;390
514;24;1180;514;24;1854
514;24;1854;514;24;1180
514;24;1856;514;24;1863
514;24;1863;514;24;1856
514;24;133;514;24;2638
514;24;2638;514;24;133
514;24;12512;514;24;12634
514;24;12634;514;24;12512
514;24;12617;514;24;12636
514;24;12636;514;24;12617
514;24;12637;514;24;12657
514;24;12657;514;24;12637
514;24;13184;514;24;13186
514;24;13186;514;24;13184
514;24;1958;514;24;2037
514;24;2037;514;24;1958
514;24;1955;514;24;1957
514;24;1957;514;24;1955
514;24;1516;514;24;1518
514;24;1518;514;24;1586
514;24;1586;514;24;1516
514;24;1520;514;24;2182
514;24;2182;514;24;1520
514;24;1521;514;24;1523
514;24;1523;514;24;2029
514;24;2029;514;24;1521
514;24;13267;514;24;13268
514;24;13268;514;24;13267
514;24;13155;514;24;13182
514;24;13182;514;24;13155
514;24;1515;514;24;1596
514;24;1596;514;24;1515
514;24;6711;514;24;6728
514;24;6728;514;24;7151
514;24;7151;514;24;6711
514;24;6697;514;24;6729
514;24;6729;514;24;7448
514;24;7448;514;24;6697
514;24;21652;514;24;21662
514;24;21662;514;24;21652
514;24;21663;514;24;21669
514;24;21669;514;24;21663
514;24;21666;514;24;21685
514;24;21685;514;24;21666
514;24;21424;514;24;21667
514;24;21667;514;24;21424
514;24;2908;514;24;2910
514;24;2910;514;24;2908
514;24;2684;514;24;2689
514;24;2689;514;24;2684
514;24;31;514;24;49
514;24;49;514;24;31
514;24;12685;514;24;12730
514;24;12730;514;24;12685
514;24;12731;514;24;12983
514;24;12983;514;24;12731
514;24;6890;514;24;6960
514;24;6960;514;24;6890
514;24;7071;514;24;7286
514;24;7286;514;24;7071
514;24;6678;514;24;6860
514;24;6860;514;24;6678
514;24;6856;514;24;6861
514;24;6861;514;24;7000
514;24;7000;514;24;6856
514;24;21686;514;24;21694
514;24;21694;514;24;21686
514;24;21687;514;24;21699
514;24;21699;514;24;21687
514;24;21688;514;24;21703
514;24;21703;514;24;21688
514;24;21464;514;24;21689
514;24;21689;514;24;21464
514;24;7602;514;24;7604
514;24;7604;514;24;7602
514;24;6600;514;24;6834
514;24;6834;514;24;6600
514;24;6835;514;24;6848
514;24;6848;514;24;6835
514;24;6839;514;24;6840
514;24;6840;514;24;6839
514;24;2161;514;24;2171
514;24;2171;514;24;2161
514;24;2166;514;24;2172
514;24;2172;514;24;2166
514;24;13114;514;24;13162
514;24;13162;514;24;13114
514;24;13085;514;24;13165
514;24;13165;514;24;13085
514;24;1228;514;24;1230
514;24;1230;514;24;1228
514;24;1216;514;24;1218
514;24;1218;514;24;1227
514;24;1227;514;24;2488
514;24;2488;514;24;1216
514;24;7519;514;24;7525
514;24;7525;514;24;7527
514;24;7527;514;24;7519
514;24;21671;514;24;21696
514;24;21696;514;24;21671
514;24;1578;514;24;1581
514;24;1581;514;24;1578
514;24;6470;514;24;7154
514;24;7154;514;24;6470
514;24;6920;514;24;7155
514;24;7155;514;24;6920
514;24;6782;514;24;7158
514;24;7158;514;24;7204
514;24;7204;514;24;6782
514;24;6871;514;24;7159
514;24;7159;514;24;6871
514;24;18060;514;24;18065
514;24;18065;514;24;18060
514;24;18062;514;24;18068
514;24;18068;514;24;18062
514;24;18063;514;24;24052
514;24;24052;514;24;18063
514;24;6081;514;24;36054
514;24;36054;514;24;6081
514;24;6058;514;24;6061
514;24;6061;514;24;6058
514;24;6109;514;24;6110
514;24;6110;514;24;6109
514;24;24055;514;24;36052
514;24;36052;514;24;24055
514;24;7268;514;24;7377
514;24;7377;514;24;7268
514;24;6527;514;24;6682
514;24;6682;514;24;6527
514;24;1156;514;24;1285
514;24;1285;514;24;1749
514;24;1749;514;24;1760
514;24;1760;514;24;1156
514;24;1774;514;24;1784
514;24;1784;514;24;1774
514;24;1781;514;24;1786
514;24;1786;514;24;1781
514;24;2905;514;24;2907
514;24;2907;514;24;2905
514;24;2127;514;24;2129
514;24;2129;514;24;2127
514;24;12832;514;24;12847
514;24;12847;514;24;12832
514;24;12850;514;24;13073
514;24;13073;514;24;12850
514;24;2117;514;24;2130
514;24;2130;514;24;2117
514;24;2122;514;24;2131
514;24;2131;514;24;2122
514;24;2087;514;24;2132
514;24;2132;514;24;2087
514;24;2221;514;24;2223
514;24;2223;514;24;2221
514;24;12973;514;24;12976
514;24;12976;514;24;12973
514;24;12721;514;24;12974
514;24;12974;514;24;12721
514;24;6946;514;24;7275
514;24;7275;514;24;6946
514;24;7458;514;24;7461
514;24;7461;514;24;7458
514;24;2080;514;24;2089
514;24;2089;514;24;2094
514;24;2094;514;24;2080
514;24;1582;514;24;1607
514;24;1607;514;24;1582
514;24;1018;514;24;1247
514;24;1247;514;24;1018
514;24;1015;514;24;1734
514;24;1734;514;24;1767
514;24;1767;514;24;1789
514;24;1789;514;24;1015
514;24;388;514;24;994
514;24;994;514;24;1043
514;24;1043;514;24;388
514;24;995;514;24;1300
514;24;1300;514;24;995
514;24;998;514;24;1933
514;24;1933;514;24;998
514;24;786;514;24;999
514;24;999;514;24;786
514;24;884;514;24;1007
514;24;1007;514;24;884
514;24;6511;514;24;6687
514;24;6687;514;24;6511
514;24;7163;514;24;7311
514;24;7311;514;24;7163
514;24;52;514;24;1160
514;24;1160;514;24;52
514;24;1282;514;24;1776
514;24;1776;514;24;1282
514;24;2853;514;24;2854
514;24;2854;514;24;2853
514;24;182;514;24;699
514;24;699;514;24;182
514;24;665;514;24;695
514;24;695;514;24;665
514;24;12786;514;24;12840
514;24;12840;514;24;12786
514;24;12787;514;24;12833
514;24;12833;514;24;12787
514;24;12788;514;24;12815
514;24;12815;514;24;12788
514;24;12791;514;24;13074
514;24;13074;514;24;12791
514;24;21470;514;24;21741
514;24;21741;514;24;21470
514;24;861;514;24;863
514;24;863;514;24;2372
514;24;2372;514;24;861
514;24;2373;514;24;2761
514;24;2761;514;24;2373
514;24;859;514;24;879
514;24;879;514;24;859
514;24;639;514;24;876
514;24;876;514;24;639
514;24;638;514;24;2586
514;24;2586;514;24;2588
514;24;2588;514;24;638
514;24;2819;514;24;2937
514;24;2937;514;24;2819
514;24;6094;514;24;48061
514;24;48061;514;24;6094
514;24;36066;514;24;48052
514;24;48052;514;24;36066
514;24;36063;514;24;42065
514;24;42065;514;24;36063
514;24;611;514;24;1648
514;24;1648;514;24;611
514;24;616;514;24;1644
514;24;1644;514;24;1665
514;24;1665;514;24;616
514;24;618;514;24;779
514;24;779;514;24;618
514;24;1024;514;24;2262
514;24;2262;514;24;1024
514;24;7362;514;24;27052
514;24;27052;514;24;7362
514;24;6099;514;24;36061
514;24;36061;514;24;6099
514;24;24057;514;24;30059
514;24;30059;514;24;24057
514;24;24064;514;24;36056
514;24;36056;514;24;24064
514;24;6535;514;24;6825
514;24;6825;514;24;6535
514;24;6826;514;24;6884
514;24;6884;514;24;6826
514;24;6827;514;24;7231
514;24;7231;514;24;6827
514;24;6828;514;24;7248
514;24;7248;514;24;6828
514;24;2142;514;24;2145
514;24;2145;514;24;2142
514;24;1608;514;24;2146
514;24;2146;514;24;2148
514;24;2148;514;24;1608
514;24;6595;514;24;6690
514;24;6690;514;24;6733
514;24;6733;514;24;6595
514;24;7003;514;24;7051
514;24;7051;514;24;7003
514;24;6715;514;24;6735
514;24;6735;514;24;6715
514;24;6435;514;24;7014
514;24;7014;514;24;6435
514;24;6538;514;24;6737
514;24;6737;514;24;6538
514;24;6738;514;24;6887
514;24;6887;514;24;6738
514;24;6739;514;24;6741
514;24;6741;514;24;6898
514;24;6898;514;24;6739
514;24;6611;514;24;7174
514;24;7174;514;24;6611
514;24;6905;514;24;7331
514;24;7331;514;24;6905
514;24;6979;514;24;7332
514;24;7332;514;24;6979
514;24;7009;514;24;7333
514;24;7333;514;24;7009
514;24;6405;514;24;7334
514;24;7334;514;24;6405
514;24;7011;514;24;7335
514;24;7335;514;24;7011
514;24;7336;514;24;7361
514;24;7361;514;24;7336
514;24;7065;514;24;7337
514;24;7337;514;24;7433
514;24;7433;514;24;7065
514;24;6253;514;24;6255
514;24;6255;514;24;6253
514;24;6593;514;24;6628
514;24;6628;514;24;6593
514;24;6945;514;24;7381
514;24;7381;514;24;6945
514;24;7008;514;24;7382
514;24;7382;514;24;7008
514;24;6629;514;24;6713
514;24;6713;514;24;6629
514;24;6769;514;24;6891
514;24;6891;514;24;6769
514;24;6536;514;24;6630
514;24;6630;514;24;6536
514;24;6631;514;24;6885
514;24;6885;514;24;6631
514;24;2143;514;24;2151
514;24;2151;514;24;2143
514;24;6257;514;24;6261
514;24;6261;514;24;6257
514;24;6259;514;24;6263
514;24;6263;514;24;6259
514;24;6265;514;24;6267
514;24;6267;514;24;6265
514;24;6471;514;24;6950
514;24;6950;514;24;6471
514;24;6951;514;24;7224
514;24;7224;514;24;6951
514;24;7225;514;24;7544
514;24;7544;514;24;7225
514;24;6954;514;24;7073
514;24;7073;514;24;6954
514;24;6955;514;24;6974
514;24;6974;514;24;6955
514;24;6579;514;24;6956
514;24;6956;514;24;6579
514;24;6957;514;24;7261
514;24;7261;514;24;6957
514;24;6249;514;24;6251
514;24;6251;514;24;6249
514;24;6594;514;24;6698
514;24;6698;514;24;6594
514;24;6699;514;24;7002
514;24;7002;514;24;6699
514;24;6700;514;24;6714
514;24;6714;514;24;6700
514;24;7013;514;24;7056
514;24;7056;514;24;7013
514;24;6537;514;24;6702
514;24;6702;514;24;6537
514;24;6886;514;24;7057
514;24;7057;514;24;6886
514;24;7058;514;24;7201
514;24;7201;514;24;7058
514;24;7178;514;24;7370
514;24;7370;514;24;7178
514;24;6992;514;24;7179
514;24;7179;514;24;6992
514;24;6404;514;24;7180
514;24;7180;514;24;6404
514;24;7012;514;24;7181
514;24;7181;514;24;7012
514;24;6598;514;24;7182
514;24;7182;514;24;6598
514;24;7066;514;24;7183
514;24;7183;514;24;7066
514;24;6604;514;24;7004
514;24;7004;514;24;6604
514;24;6692;514;24;6716
514;24;6716;514;24;7545
514;24;7545;514;24;6692
514;24;6421;514;24;7043
514;24;7043;514;24;6421
514;24;6531;514;24;6539
514;24;6539;514;24;6694
514;24;6694;514;24;6531
514;24;6695;514;24;6753
514;24;6753;514;24;6888
514;24;6888;514;24;6695
514;24;21975;514;24;21978
514;24;21978;514;24;21975
514;24;21670;514;24;21691
514;24;21691;514;24;21670
514;24;918;514;24;1340
514;24;1340;514;24;1617
514;24;1617;514;24;918
514;24;850;514;24;2019
514;24;2019;514;24;850
514;24;776;514;24;778
514;24;778;514;24;776
514;24;780;514;24;1671
514;24;1671;514;24;780
514;24;2555;514;24;2557
514;24;2557;514;24;2555
514;24;21800;514;24;21856
514;24;21856;514;24;21800
514;24;21446;514;24;21855
514;24;21855;514;24;21446
514;24;12853;514;24;13115
514;24;13115;514;24;12853
514;24;12908;514;24;13111
514;24;13111;514;24;12908
514;24;7588;514;24;7590
514;24;7590;514;24;7588
514;24;467;514;24;1673
514;24;1673;514;24;467
514;24;1674;514;24;1680
514;24;1680;514;24;1674
514;24;1086;514;24;1675
514;24;1675;514;24;1086
514;24;1676;514;24;1693
514;24;1693;514;24;1676
514;24;1643;514;24;1647
514;24;1647;514;24;1643
514;24;177;514;24;1615
514;24;1615;514;24;177
514;24;931;514;24;1618
514;24;1618;514;24;931
514;24;1604;514;24;2053
514;24;2053;514;24;1604
514;24;2054;514;24;2064
514;24;2064;514;24;2066
514;24;2066;514;24;2054
514;24;7039;514;24;7186
514;24;7186;514;24;7039
514;24;167;514;24;720
514;24;720;514;24;2330
514;24;2330;514;24;167
514;24;7502;514;24;7520
514;24;7520;514;24;7502
514;24;7503;514;24;7516
514;24;7516;514;24;7503
514;24;2374;514;24;2821
514;24;2821;514;24;2374
514;24;13233;514;24;13235
514;24;13235;514;24;13233
514;24;21463;514;24;21517
514;24;21517;514;24;21463
514;24;21468;514;24;21713
514;24;21713;514;24;21468
514;24;21472;514;24;21524
514;24;21524;514;24;21472
514;24;2696;514;24;2698
514;24;2698;514;24;2696
514;24;2700;514;24;2702
514;24;2702;514;24;2700
514;24;2691;514;24;2829
514;24;2829;514;24;2691
514;24;12808;514;24;12841
514;24;12841;514;24;12808
514;24;13127;514;24;13274
514;24;13274;514;24;13127
514;24;12539;514;24;13134
514;24;13134;514;24;12539
514;24;13258;514;24;13259
514;24;13259;514;24;13258
514;24;1816;514;24;1818
514;24;1818;514;24;1816
514;24;1214;514;24;1253
514;24;1253;514;24;1214
514;24;1274;514;24;1289
514;24;1289;514;24;2849
514;24;2849;514;24;1274
514;24;1140;514;24;1244
514;24;1244;514;24;1736
514;24;1736;514;24;1140
514;24;7059;514;24;7191
514;24;7191;514;24;7059
514;24;13149;514;24;13150
514;24;13150;514;24;13149
514;24;13019;514;24;13123
514;24;13123;514;24;13019
514;24;6760;514;24;6762
514;24;6762;514;24;7194
514;24;7194;514;24;6760
514;24;6603;514;24;7277
514;24;7277;514;24;6603
514;24;6588;514;24;6686
514;24;6686;514;24;6588
514;24;6589;514;24;7562
514;24;7562;514;24;6589
514;24;6962;514;24;7255
514;24;7255;514;24;6962
514;24;6583;514;24;7254
514;24;7254;514;24;6583
514;24;6870;514;24;7197
514;24;7197;514;24;6870
514;24;1175;514;24;1869
514;24;1869;514;24;1175
514;24;1864;514;24;1870
514;24;1870;514;24;1864
514;24;977;514;24;1938
514;24;1938;514;24;977
514;24;6965;514;24;7274
514;24;7274;514;24;7359
514;24;7359;514;24;6965
514;24;1611;514;24;2030
514;24;2030;514;24;1611
514;24;525;514;24;1186
514;24;1186;514;24;525
514;24;1174;514;24;1866
514;24;1866;514;24;1174
514;24;2846;514;24;2847
514;24;2847;514;24;2846
514;24;621;514;24;758
514;24;758;514;24;621
514;24;43;514;24;622
514;24;622;514;24;43
514;24;644;514;24;792
514;24;792;514;24;644
514;24;642;514;24;964
514;24;964;514;24;642
514;24;793;514;24;1953
514;24;1953;514;24;793
514;24;963;514;24;1954
514;24;1954;514;24;963
514;24;1283;514;24;1782
514;24;1782;514;24;1283
514;24;1279;514;24;1831
514;24;1831;514;24;2763
514;24;2763;514;24;1279
514;24;1273;514;24;1822
514;24;1822;514;24;1273
514;24;509;514;24;1272
514;24;1272;514;24;509
514;24;6707;514;24;6777
514;24;6777;514;24;6707
514;24;1525;514;24;1528
514;24;1528;514;24;1525
514;24;454;514;24;1088
514;24;1088;514;24;454
514;24;1065;514;24;1087
514;24;1087;514;24;1065
514;24;2071;514;24;2753
514;24;2753;514;24;2071
514;24;2770;514;24;2772
514;24;2772;514;24;2770
514;24;2773;514;24;2774
514;24;2774;514;24;2773
514;24;2156;514;24;2160
514;24;2160;514;24;2156
514;24;2157;514;24;2165
514;24;2165;514;24;2157
514;24;6725;514;24;7555
514;24;7555;514;24;6725
514;24;6636;514;24;6864
514;24;6864;514;24;6636
514;24;6967;514;24;7216
514;24;7216;514;24;6967
514;24;176;514;24;908
514;24;908;514;24;176
514;24;910;514;24;917
514;24;917;514;24;910
514;24;912;514;24;930
514;24;930;514;24;912
514;24;7061;514;24;7226
514;24;7226;514;24;7061
514;24;6873;514;24;7227
514;24;7227;514;24;6873
514;24;493;514;24;512
514;24;512;514;24;493
514;24;2163;514;24;2180
514;24;2180;514;24;2163
514;24;2168;514;24;2181
514;24;2181;514;24;2168
514;24;762;514;24;767
514;24;767;514;24;762
514;24;768;514;24;870
514;24;870;514;24;768
514;24;769;514;24;1996
514;24;1996;514;24;769
514;24;2439;514;24;2496
514;24;2496;514;24;2439
514;24;2441;514;24;2796
514;24;2796;514;24;2441
514;24;7235;514;24;7257
514;24;7257;514;24;7235
514;24;1919;514;24;1929
514;24;1929;514;24;1919
514;24;1920;514;24;1932
514;24;1932;514;24;1920
514;24;785;514;24;1921
514;24;1921;514;24;785
514;24;885;514;24;1923
514;24;1923;514;24;1926
514;24;1926;514;24;885
514;24;6756;514;24;6758
514;24;6758;514;24;6756
514;24;6759;514;24;6983
514;24;6983;514;24;6759
514;24;6755;514;24;6900
514;24;6900;514;24;6755
514;24;6889;514;24;7288
514;24;7288;514;24;7326
514;24;7326;514;24;6889
514;24;2167;514;24;2177
514;24;2177;514;24;2167
514;24;13021;514;24;13142
514;24;13142;514;24;13021
514;24;13023;514;24;13041
514;24;13041;514;24;13023
514;24;13007;514;24;13024
514;24;13024;514;24;13007
514;24;13000;514;24;13025
514;24;13025;514;24;13000
514;24;13005;514;24;13028
514;24;13028;514;24;13005
514;24;131;514;24;1861
514;24;1861;514;24;131
514;24;187;514;24;935
514;24;935;514;24;187
514;24;936;514;24;942
514;24;942;514;24;936
514;24;937;514;24;1352
514;24;1352;514;24;937
514;24;664;514;24;2357
514;24;2357;514;24;664
514;24;1215;514;24;2487
514;24;2487;514;24;1215
514;24;91;514;24;784
514;24;784;514;24;91
514;24;787;514;24;2948
514;24;2948;514;24;787
514;24;790;514;24;978
514;24;978;514;24;790
514;24;794;514;24;949
514;24;949;514;24;794
514;24;1561;514;24;1653
514;24;1653;514;24;1561
514;24;171;514;24;552
514;24;552;514;24;171
514;24;551;514;24;2402
514;24;2402;514;24;551
514;24;12885;514;24;12977
514;24;12977;514;24;12885
514;24;13035;514;24;13040
514;24;13040;514;24;13035
514;24;1231;514;24;1794
514;24;1794;514;24;1231
514;24;1222;514;24;1795
514;24;1795;514;24;1222
514;24;1035;514;24;1796
514;24;1796;514;24;1035
514;24;59;514;24;61
514;24;61;514;24;161
514;24;161;514;24;1154
514;24;1154;514;24;59
514;24;65;514;24;882
514;24;882;514;24;65
514;24;2878;514;24;2880
514;24;2880;514;24;2878
514;24;519;514;24;521
514;24;521;514;24;2256
514;24;2256;514;24;519
514;24;6574;514;24;7241
514;24;7241;514;24;6574
514;24;21803;514;24;21871
514;24;21871;514;24;21953
514;24;21953;514;24;21803
514;24;2079;514;24;2088
514;24;2088;514;24;2079
514;24;2267;514;24;2271
514;24;2271;514;24;2267
514;24;21535;514;24;21921
514;24;21921;514;24;21535
514;24;21539;514;24;21940
514;24;21940;514;24;21539
514;24;6972;514;24;7260
514;24;7260;514;24;6972
514;24;6872;514;24;7244
514;24;7244;514;24;6872
514;24;1594;514;24;1606
514;24;1606;514;24;1594
514;24;21512;514;24;21672
514;24;21672;514;24;21512
514;24;21787;514;24;21793
514;24;21793;514;24;21787
514;24;866;514;24;868
514;24;868;514;24;866
514;24;1445;514;24;1462
514;24;1462;514;24;1445
514;24;1575;514;24;2516
514;24;2516;514;24;1575
514;24;2033;514;24;2517
514;24;2517;514;24;2033
514;24;1499;514;24;1678
514;24;1678;514;24;1499
514;24;1064;514;24;1679
514;24;1679;514;24;1064
514;24;2212;514;24;2217
514;24;2217;514;24;2212
514;24;1418;514;24;1467
514;24;1467;514;24;1418
514;24;2452;514;24;2481
514;24;2481;514;24;2452
514;24;7027;514;24;7360
514;24;7360;514;24;7574
514;24;7574;514;24;7027
514;24;12760;514;24;13058
514;24;13058;514;24;12760
514;24;12761;514;24;13121
514;24;13121;514;24;12761
514;24;6938;514;24;7055
514;24;7055;514;24;6938
514;24;6750;514;24;7032
514;24;7032;514;24;6750
514;24;1477;514;24;1490
514;24;1490;514;24;1477
514;24;1473;514;24;1485
514;24;1485;514;24;1473
514;24;2425;514;24;2787
514;24;2787;514;24;2425
514;24;12999;514;24;13038
514;24;13038;514;24;12999
514;24;6847;514;24;6978
514;24;6978;514;24;6847
514;24;6831;514;24;6843
514;24;6843;514;24;6831
514;24;6846;514;24;7256
514;24;7256;514;24;6846
514;24;7067;514;24;7263
514;24;7263;514;24;7067
514;24;2274;514;24;2280
514;24;2280;514;24;2274
514;24;2275;514;24;2277
514;24;2277;514;24;2275
514;24;21443;514;24;21832
514;24;21832;514;24;21443
514;24;6206;514;24;6800
514;24;6800;514;24;6899
514;24;6899;514;24;6206
514;24;2592;514;24;2594
514;24;2594;514;24;2592
514;24;966;514;24;980
514;24;980;514;24;966
514;24;951;514;24;960
514;24;960;514;24;951
514;24;759;514;24;2369
514;24;2369;514;24;759
514;24;760;514;24;865
514;24;865;514;24;760
514;24;21883;514;24;21939
514;24;21939;514;24;21883
514;24;12111;514;24;13278
514;24;13278;514;24;12111
514;24;13072;514;24;13077
514;24;13077;514;24;13279
514;24;13279;514;24;13072
514;24;12510;514;24;13280
514;24;13280;514;24;12510
514;24;2044;514;24;33056
514;24;33056;514;24;2044
514;24;1474;514;24;12094
514;24;12094;514;24;1474
514;24;12107;514;24;12615
514;24;12615;514;24;12107
514;24;21511;514;24;21660
514;24;21660;514;24;21511
514;24;1629;514;24;1631
514;24;1631;514;24;2551
514;24;2551;514;24;1629
514;24;594;514;24;1627
514;24;1627;514;24;594
514;24;734;514;24;1628
514;24;1628;514;24;734
514;24;12722;514;24;12894
514;24;12894;514;24;12722
514;24;7019;514;24;7267
514;24;7267;514;24;7019
514;24;6985;514;24;7276
514;24;7276;514;24;6985
514;24;6685;514;24;6986
514;24;6986;514;24;6685
514;24;6241;514;24;6243
514;24;6243;514;24;6241
514;24;6214;514;24;6670
514;24;6670;514;24;6214
514;24;6343;514;24;7028
514;24;7028;514;24;6343
514;24;6221;514;24;6223
514;24;6223;514;24;6221
514;24;6225;514;24;6227
514;24;6227;514;24;6225
514;24;1865;514;24;1876
514;24;1876;514;24;1865
514;24;6989;514;24;7038
514;24;7038;514;24;6989
514;24;6988;514;24;7512
514;24;7512;514;24;6988
514;24;7047;514;24;7281
514;24;7281;514;24;7394
514;24;7394;514;24;7047
514;24;7037;514;24;7283
514;24;7283;514;24;7037
514;24;6996;514;24;7036
514;24;7036;514;24;6996
514;24;474;514;24;1119
514;24;1119;514;24;474
514;24;586;514;24;587
514;24;587;514;24;743
514;24;743;514;24;586
514;24;599;514;24;730
514;24;730;514;24;732
514;24;732;514;24;599
514;24;13086;514;24;13098
514;24;13098;514;24;13086
514;24;12910;514;24;13087
514;24;13087;514;24;12910
514;24;12810;514;24;12816
514;24;12816;514;24;12810
514;24;6679;514;24;7001
514;24;7001;514;24;6679
514;24;2162;514;24;2176
514;24;2176;514;24;2162
514;24;2792;514;24;2793
514;24;2793;514;24;2792
514;24;991;514;24;1148
514;24;1148;514;24;991
514;24;1108;514;24;1684
514;24;1684;514;24;1108
514;24;1040;514;24;1901
514;24;1901;514;24;1040
514;24;1205;514;24;1208
514;24;1208;514;24;1205
514;24;1202;514;24;1898
514;24;1898;514;24;1202
514;24;1195;514;24;1210
514;24;1210;514;24;1195
514;24;1207;514;24;2936
514;24;2936;514;24;1207
514;24;1070;514;24;1240
514;24;1240;514;24;1070
514;24;1241;514;24;1713
514;24;1713;514;24;1241
514;24;1044;514;24;2284
514;24;2284;514;24;1044
514;24;2278;514;24;2285
514;24;2285;514;24;2278
514;24;737;514;24;739
514;24;739;514;24;742
514;24;742;514;24;737
514;24;7496;514;24;7514
514;24;7514;514;24;7496
514;24;12809;514;24;12834
514;24;12834;514;24;12809
514;24;2062;514;24;2074
514;24;2074;514;24;2062
514;24;12691;514;24;13108
514;24;13108;514;24;12691
514;24;13107;514;24;13118
514;24;13118;514;24;13107
514;24;860;514;24;2582
514;24;2582;514;24;860
514;24;12757;514;24;13053
514;24;13053;514;24;12757
514;24;7477;514;24;7479
514;24;7479;514;24;7477
514;24;22010;514;24;22031
514;24;22031;514;24;22010
514;24;21444;514;24;21849
514;24;21849;514;24;21444
514;24;2270;514;24;2661
514;24;2661;514;24;2270
514;24;2459;514;24;12074
514;24;12074;514;24;2459
514;24;12082;514;24;21053
514;24;21053;514;24;12082
514;24;1028;514;24;1765
514;24;1765;514;24;1028
514;24;1026;514;24;1029
514;24;1029;514;24;1026
514;24;1030;514;24;1032
514;24;1032;514;24;2265
514;24;2265;514;24;1030
514;24;7068;514;24;7303
514;24;7303;514;24;7068
514;24;21440;514;24;21442
514;24;21442;514;24;21827
514;24;21827;514;24;21440
514;24;21445;514;24;21627
514;24;21627;514;24;21445
514;24;232;514;24;315
514;24;315;514;24;232
514;24;12686;514;24;12689
514;24;12689;514;24;12686
514;24;336;514;24;2615
514;24;2615;514;24;336
514;24;7060;514;24;7405
514;24;7405;514;24;7060
514;24;460;514;24;1066
514;24;1066;514;24;460
514;24;1068;514;24;1692
514;24;1692;514;24;1068
514;24;1069;514;24;2782
514;24;2782;514;24;1069
514;24;6680;514;24;7050
514;24;7050;514;24;6680
514;24;6547;514;24;7018
514;24;7018;514;24;6547
514;24;6546;514;24;6721
514;24;6721;514;24;6546
514;24;6548;514;24;7551
514;24;7551;514;24;6548
514;24;2489;514;24;2490
514;24;2490;514;24;2489
514;24;12753;514;24;13137
514;24;13137;514;24;12753
514;24;928;514;24;1613
514;24;1613;514;24;928
514;24;1110;514;24;1124
514;24;1124;514;24;1110
514;24;13033;514;24;13141
514;24;13141;514;24;13033
514;24;13006;514;24;13036
514;24;13036;514;24;13006
514;24;12978;514;24;12985
514;24;12985;514;24;12978
514;24;13209;514;24;13211
514;24;13211;514;24;13209
514;24;7290;514;24;7317
514;24;7317;514;24;7290
514;24;7291;514;24;7321
514;24;7321;514;24;7291
514;24;1651;514;24;2505
514;24;2505;514;24;2776
514;24;2776;514;24;1651
514;24;2379;514;24;2380
514;24;2380;514;24;2379
514;24;1225;514;24;1566
514;24;1566;514;24;1225
514;24;96;514;24;393
514;24;393;514;24;1041
514;24;1041;514;24;96
514;24;93;514;24;1928
514;24;1928;514;24;93
514;24;92;514;24;1931
514;24;1931;514;24;92
514;24;89;514;24;888
514;24;888;514;24;89
514;24;82;514;24;1949
514;24;1949;514;24;82
514;24;12962;514;24;13284
514;24;13284;514;24;12962
514;24;13282;514;24;13285
514;24;13285;514;24;13282
514;24;1570;514;24;1970
514;24;1970;514;24;1570
514;24;6675;514;24;6677
514;24;6677;514;24;6675
514;24;7299;514;24;7316
514;24;7316;514;24;7299
514;24;7300;514;24;7320
514;24;7320;514;24;7300
514;24;497;514;24;1117
514;24;1117;514;24;497
514;24;7559;514;24;7561
514;24;7561;514;24;7559
514;24;12514;514;24;12670
514;24;12670;514;24;12514
514;24;12671;514;24;12953
514;24;12953;514;24;12671
514;24;13196;514;24;13271
514;24;13271;514;24;13196
514;24;13152;514;24;13185
514;24;13185;514;24;13152
514;24;12618;514;24;12952
514;24;12952;514;24;12960
514;24;12960;514;24;12618
514;24;12658;514;24;12961
514;24;12961;514;24;12658
514;24;12616;514;24;12656
514;24;12656;514;24;12616
514;24;976;514;24;1935
514;24;1935;514;24;976
514;24;389;514;24;1892
514;24;1892;514;24;389
514;24;971;514;24;1306
514;24;1306;514;24;971
514;24;1045;514;24;1891
514;24;1891;514;24;1045
514;24;857;514;24;2946
514;24;2946;514;24;857
514;24;12507;514;24;13054
514;24;13054;514;24;12507
514;24;12860;514;24;12906
514;24;12906;514;24;12860
514;24;12405;514;24;13076
514;24;13076;514;24;12405
514;24;605;514;24;733
514;24;733;514;24;605
514;24;21809;514;24;21870
514;24;21870;514;24;21809
514;24;12727;514;24;12984
514;24;12984;514;24;12727
514;24;1660;514;24;1662
514;24;1662;514;24;1660
514;24;1534;514;24;1663
514;24;1663;514;24;1534
514;24;1307;514;24;1309
514;24;1309;514;24;1307
514;24;278;514;24;411
514;24;411;514;24;278
