CID;TABCD;LCD;NEG_OFF_LCD;POS_OFF_LCD
514;24;6415;;6416
514;24;6416;6415;7430
514;24;7430;6416;
514;24;7432;;6417
514;24;6417;7432;6418
514;24;6418;6417;
514;24;7389;;6406
514;24;6406;7389;6407
514;24;6407;6406;6408
514;24;6408;6407;
514;24;7378;;6410
514;24;6410;7378;7390
514;24;7390;6410;
514;24;2686;;1423
514;24;1423;2686;1424
514;24;1424;1423;1425
514;24;1425;1424;46
514;24;46;1425;47
514;24;47;46;
514;24;6116;;6080
514;24;6080;6116;
514;24;6126;;6113
514;24;6113;6126;6114
514;24;6114;6113;6115
514;24;6115;6114;6104
514;24;6104;6115;6105
514;24;6105;6104;6106
514;24;6106;6105;6107
514;24;6107;6106;6121
514;24;6121;6107;6076
514;24;6076;6121;6075
514;24;6075;6076;6074
514;24;6074;6075;6073
514;24;6073;6074;6098
514;24;6098;6073;6071
514;24;6071;6098;
514;24;2681;;40
514;24;40;2681;39
514;24;39;40;2529
514;24;2529;39;2462
514;24;2462;2529;2463
514;24;2463;2462;2464
514;24;2464;2463;2465
514;24;2465;2464;2466
514;24;2466;2465;2467
514;24;2467;2466;2468
514;24;2468;2467;2469
514;24;2469;2468;2470
514;24;2470;2469;2471
514;24;2471;2470;2472
514;24;2472;2471;
514;24;1388;;1389
514;24;1389;1388;1390
514;24;1390;1389;2522
514;24;2522;1390;2523
514;24;2523;2522;2524
514;24;2524;2523;1391
514;24;1391;2524;1392
514;24;1392;1391;1393
514;24;1393;1392;1394
514;24;1394;1393;1395
514;24;1395;1394;1396
514;24;1396;1395;1397
514;24;1397;1396;1398
514;24;1398;1397;1399
514;24;1399;1398;12
514;24;12;1399;13
514;24;13;12;29
514;24;29;13;30
514;24;30;29;2039
514;24;2039;30;2040
514;24;2040;2039;32
514;24;32;2040;33
514;24;33;32;2655
514;24;2655;33;1400
514;24;1400;2655;1401
514;24;1401;1400;1402
514;24;1402;1401;
514;24;12420;;12421
514;24;12421;12420;
514;24;12551;;12552
514;24;12552;12551;12553
514;24;12553;12552;12554
514;24;12554;12553;12555
514;24;12555;12554;12404
514;24;12404;12555;12556
514;24;12556;12404;
514;24;2813;;2814
514;24;2814;2813;2815
514;24;2815;2814;2816
514;24;2816;2815;
514;24;13270;;12409
514;24;12409;13270;12410
514;24;12410;12409;
514;24;12402;;12403
514;24;12403;12402;
514;24;12417;;12406
514;24;12406;12417;12418
514;24;12418;12406;
514;24;12412;;13146
514;24;13146;12412;13147
514;24;13147;13146;13148
514;24;13148;13147;12413
514;24;12413;13148;12414
514;24;12414;12413;12415
514;24;12415;12414;
514;24;6903;;6904
514;24;6904;6903;6444
514;24;6444;6904;6419
514;24;6419;6444;6445
514;24;6445;6419;6446
514;24;6446;6445;6447
514;24;6447;6446;7383
514;24;7383;6447;6448
514;24;6448;7383;6449
514;24;6449;6448;6450
514;24;6450;6449;6451
514;24;6451;6450;6906
514;24;6906;6451;6452
514;24;6452;6906;7384
514;24;7384;6452;6453
514;24;6453;7384;6454
514;24;6454;6453;6455
514;24;6455;6454;6456
514;24;6456;6455;6411
514;24;6411;6456;6457
514;24;6457;6411;7385
514;24;7385;6457;7386
514;24;7386;7385;7387
514;24;7387;7386;6458
514;24;6458;7387;7388
514;24;7388;6458;6459
514;24;6459;7388;6460
514;24;6460;6459;6461
514;24;6461;6460;
514;24;6902;;7434
514;24;7434;6902;
514;24;1338;;1337
514;24;1337;1338;1336
514;24;1336;1337;1334
514;24;1334;1336;1333
514;24;1333;1334;2709
514;24;2709;1333;2710
514;24;2710;2709;
514;24;2041;;27
514;24;27;2041;2845
514;24;2845;27;
514;24;2844;;2712
514;24;2712;2844;2952
514;24;2952;2712;24
514;24;24;2952;22
514;24;22;24;20
514;24;20;22;19
514;24;19;20;18
514;24;18;19;1633
514;24;1633;18;16
514;24;16;1633;14
514;24;14;16;2932
514;24;2932;14;
514;24;7391;;6475
514;24;6475;7391;6476
514;24;6476;6475;
514;24;6910;;6911
514;24;6911;6910;
514;24;7436;;6464
514;24;6464;7436;6465
514;24;6465;6464;
514;24;6568;;6569
514;24;6569;6568;
514;24;6558;;6412
514;24;6412;6558;6559
514;24;6559;6412;6560
514;24;6560;6559;6561
514;24;6561;6560;6562
514;24;6562;6561;6912
514;24;6912;6562;6913
514;24;6913;6912;6914
514;24;6914;6913;6413
514;24;6413;6914;6915
514;24;6915;6413;
514;24;6542;;6543
514;24;6543;6542;
514;24;21546;;21946
514;24;21946;21546;21547
514;24;21547;21946;21548
514;24;21548;21547;21549
514;24;21549;21548;21550
514;24;21550;21549;21551
514;24;21551;21550;
514;24;240;;239
514;24;239;240;238
514;24;238;239;
514;24;254;;251
514;24;251;254;248
514;24;248;251;245
514;24;245;248;242
514;24;242;245;
514;24;348;;349
514;24;349;348;350
514;24;350;349;351
514;24;351;350;1380
514;24;1380;351;1379
514;24;1379;1380;
514;24;387;;385
514;24;385;387;384
514;24;384;385;383
514;24;383;384;382
514;24;382;383;380
514;24;380;382;379
514;24;379;380;378
514;24;378;379;377
514;24;377;378;376
514;24;376;377;375
514;24;375;376;
514;24;2791;;372
514;24;372;2791;371
514;24;371;372;368
514;24;368;371;366
514;24;366;368;362
514;24;362;366;357
514;24;357;362;356
514;24;356;357;355
514;24;355;356;353
514;24;353;355;
514;24;21595;;21601
514;24;21601;21595;21600
514;24;21600;21601;
514;24;21563;;21564
514;24;21564;21563;
514;24;21566;;21567
514;24;21567;21566;21568
514;24;21568;21567;21569
514;24;21569;21568;
514;24;12448;;12449
514;24;12449;12448;
514;24;12444;;12445
514;24;12445;12444;
514;24;13190;;12649
514;24;12649;13190;12650
514;24;12650;12649;12651
514;24;12651;12650;12652
514;24;12652;12651;12653
514;24;12653;12652;12654
514;24;12654;12653;
514;24;1359;;1360
514;24;1360;1359;1361
514;24;1361;1360;
514;24;1435;;1362
514;24;1362;1435;1363
514;24;1363;1362;
514;24;12438;;12439
514;24;12439;12438;
514;24;12501;;12502
514;24;12502;12501;12503
514;24;12503;12502;
514;24;288;;289
514;24;289;288;290
514;24;290;289;291
514;24;291;290;292
514;24;292;291;293
514;24;293;292;1496
514;24;1496;293;
514;24;12052;;12053
514;24;12053;12052;12054
514;24;12054;12053;12055
514;24;12055;12054;12056
514;24;12056;12055;12112
514;24;12112;12056;12057
514;24;12057;12112;12058
514;24;12058;12057;12059
514;24;12059;12058;12060
514;24;12060;12059;12061
514;24;12061;12060;12062
514;24;12062;12061;12063
514;24;12063;12062;12064
514;24;12064;12063;12065
514;24;12065;12064;12086
514;24;12086;12065;12087
514;24;12087;12086;12088
514;24;12088;12087;12089
514;24;12089;12088;12090
514;24;12090;12089;12091
514;24;12091;12090;12092
514;24;12092;12091;12068
514;24;12068;12092;12069
514;24;12069;12068;12070
514;24;12070;12069;12071
514;24;12071;12070;12072
514;24;12072;12071;
514;24;12475;;12476
514;24;12476;12475;12477
514;24;12477;12476;
514;24;12435;;12497
514;24;12497;12435;12498
514;24;12498;12497;12499
514;24;12499;12498;
514;24;2042;;2043
514;24;2043;2042;2007
514;24;2007;2043;2008
514;24;2008;2007;2009
514;24;2009;2008;2010
514;24;2010;2009;
514;24;1636;;1637
514;24;1637;1636;1638
514;24;1638;1637;1639
514;24;1639;1638;1640
514;24;1640;1639;2006
514;24;2006;1640;2882
514;24;2882;2006;
514;24;98;;100
514;24;100;98;102
514;24;102;100;103
514;24;103;102;104
514;24;104;103;105
514;24;105;104;106
514;24;106;105;107
514;24;107;106;108
514;24;108;107;109
514;24;109;108;110
514;24;110;109;2715
514;24;2715;110;
514;24;12567;;12568
514;24;12568;12567;12569
514;24;12569;12568;12570
514;24;12570;12569;12571
514;24;12571;12570;12572
514;24;12572;12571;12573
514;24;12573;12572;12574
514;24;12574;12573;12575
514;24;12575;12574;
514;24;2002;;2003
514;24;2003;2002;
514;24;273;;267
514;24;267;273;264
514;24;264;267;260
514;24;260;264;
514;24;2189;;2190
514;24;2190;2189;2194
514;24;2194;2190;2195
514;24;2195;2194;
514;24;2057;;2058
514;24;2058;2057;2059
514;24;2059;2058;1598
514;24;1598;2059;1599
514;24;1599;1598;1600
514;24;1600;1599;1601
514;24;1601;1600;
514;24;2447;;2448
514;24;2448;2447;2449
514;24;2449;2448;
514;24;12517;;12518
514;24;12518;12517;12519
514;24;12519;12518;12520
514;24;12520;12519;12521
514;24;12521;12520;12522
514;24;12522;12521;12523
514;24;12523;12522;12524
514;24;12524;12523;12525
514;24;12525;12524;
514;24;21616;;21617
514;24;21617;21616;21618
514;24;21618;21617;21621
514;24;21621;21618;
514;24;21603;;21605
514;24;21605;21603;21604
514;24;21604;21605;21606
514;24;21606;21604;21607
514;24;21607;21606;
514;24;2717;;2718
514;24;2718;2717;2719
514;24;2719;2718;
514;24;21967;;21966
514;24;21966;21967;21931
514;24;21931;21966;21932
514;24;21932;21931;21933
514;24;21933;21932;21934
514;24;21934;21933;21947
514;24;21947;21934;
514;24;841;;843
514;24;843;841;844
514;24;844;843;845
514;24;845;844;846
514;24;846;845;2012
514;24;2012;846;2013
514;24;2013;2012;2014
514;24;2014;2013;2015
514;24;2015;2014;2624
514;24;2624;2015;2625
514;24;2625;2624;2626
514;24;2626;2625;
514;24;2536;;2109
514;24;2109;2536;2110
514;24;2110;2109;2111
514;24;2111;2110;
514;24;2409;;2410
514;24;2410;2409;2411
514;24;2411;2410;
514;24;1558;;1559
514;24;1559;1558;1560
514;24;1560;1559;
514;24;1553;;1554
514;24;1554;1553;1555
514;24;1555;1554;1556
514;24;1556;1555;
514;24;1548;;1549
514;24;1549;1548;1550
514;24;1550;1549;1551
514;24;1551;1550;
514;24;2568;;1410
514;24;1410;2568;1536
514;24;1536;1410;
514;24;1539;;1540
514;24;1540;1539;1541
514;24;1541;1540;
514;24;1543;;1544
514;24;1544;1543;1545
514;24;1545;1544;1546
514;24;1546;1545;
514;24;21553;;21554
514;24;21554;21553;
514;24;21449;;21450
514;24;21450;21449;21451
514;24;21451;21450;21452
514;24;21452;21451;21453
514;24;21453;21452;21454
514;24;21454;21453;21455
514;24;21455;21454;21456
514;24;21456;21455;21457
514;24;21457;21456;21458
514;24;21458;21457;21459
514;24;21459;21458;21460
514;24;21460;21459;21461
514;24;21461;21460;
514;24;13281;;12467
514;24;12467;13281;12468
514;24;12468;12467;
514;24;21402;;21403
514;24;21403;21402;
514;24;21406;;21407
514;24;21407;21406;21408
514;24;21408;21407;21409
514;24;21409;21408;21410
514;24;21410;21409;
514;24;21543;;21544
514;24;21544;21543;
514;24;12423;;13133
514;24;13133;12423;12424
514;24;12424;13133;12453
514;24;12453;12424;12454
514;24;12454;12453;12455
514;24;12455;12454;12456
514;24;12456;12455;12457
514;24;12457;12456;12458
514;24;12458;12457;12459
514;24;12459;12458;12460
514;24;12460;12459;12428
514;24;12428;12460;
514;24;21418;;21419
514;24;21419;21418;21420
514;24;21420;21419;21421
514;24;21421;21420;
514;24;12462;;12463
514;24;12463;12462;12464
514;24;12464;12463;12465
514;24;12465;12464;
514;24;12470;;12471
514;24;12471;12470;12472
514;24;12472;12471;12473
514;24;12473;12472;
514;24;12585;;13275
514;24;13275;12585;12586
514;24;12586;13275;12587
514;24;12587;12586;
514;24;21412;;21413
514;24;21413;21412;21414
514;24;21414;21413;21415
514;24;21415;21414;21416
514;24;21416;21415;21990
514;24;21990;21416;
514;24;21502;;21503
514;24;21503;21502;21504
514;24;21504;21503;21505
514;24;21505;21504;
514;24;21874;;21875
514;24;21875;21874;
514;24;2732;;202
514;24;202;2732;203
514;24;203;202;204
514;24;204;203;206
514;24;206;204;
514;24;2831;;2628
514;24;2628;2831;
514;24;2731;;1407
514;24;1407;2731;1634
514;24;1634;1407;
514;24;2726;;1405
514;24;1405;2726;2727
514;24;2727;1405;
514;24;2202;;2862
514;24;2862;2202;2723
514;24;2723;2862;2724
514;24;2724;2723;
514;24;2729;;1406
514;24;1406;2729;
514;24;208;;210
514;24;210;208;216
514;24;216;210;222
514;24;222;216;225
514;24;225;222;227
514;24;227;225;2450
514;24;2450;227;
514;24;1504;;1505
514;24;1505;1504;1506
514;24;1506;1505;1507
514;24;1507;1506;1508
514;24;1508;1507;2864
514;24;2864;1508;
514;24;1511;;1512
514;24;1512;1511;2832
514;24;2832;1512;
514;24;2567;;2096
514;24;2096;2567;2097
514;24;2097;2096;2098
514;24;2098;2097;2099
514;24;2099;2098;
514;24;2519;;2520
514;24;2520;2519;
514;24;2183;;2184
514;24;2184;2183;2185
514;24;2185;2184;2186
514;24;2186;2185;2834
514;24;2834;2186;
514;24;1501;;1502
514;24;1502;1501;
514;24;286;;1498
514;24;1498;286;2493
514;24;2493;1498;
514;24;2837;;2187
514;24;2187;2837;1500
514;24;1500;2187;2838
514;24;2838;1500;
514;24;2910;;2976
514;24;2976;2910;2911
514;24;2911;2976;2912
514;24;2912;2911;
514;24;2907;;2908
514;24;2908;2907;
514;24;2662;;1377
514;24;1377;2662;1374
514;24;1374;1377;
514;24;625;;629
514;24;629;625;631
514;24;631;629;2023
514;24;2023;631;635
514;24;635;2023;
514;24;258;;257
514;24;257;258;256
514;24;256;257;
514;24;21576;;21577
514;24;21577;21576;
514;24;21579;;21580
514;24;21580;21579;
514;24;21748;;21749
514;24;21749;21748;21750
514;24;21750;21749;21751
514;24;21751;21750;21752
514;24;21752;21751;21754
514;24;21754;21752;21481
514;24;21481;21754;
514;24;21483;;21484
514;24;21484;21483;22036
514;24;22036;21484;22037
514;24;22037;22036;21485
514;24;21485;22037;
514;24;21891;;21892
514;24;21892;21891;21893
514;24;21893;21892;21894
514;24;21894;21893;21895
514;24;21895;21894;
514;24;22014;;21496
514;24;21496;22014;21497
514;24;21497;21496;21528
514;24;21528;21497;
514;24;21963;;21646
514;24;21646;21963;21647
514;24;21647;21646;21648
514;24;21648;21647;21649
514;24;21649;21648;21650
514;24;21650;21649;
514;24;21918;;21917
514;24;21917;21918;21638
514;24;21638;21917;21639
514;24;21639;21638;21640
514;24;21640;21639;21641
514;24;21641;21640;21642
514;24;21642;21641;21643
514;24;21643;21642;21961
514;24;21961;21643;
514;24;21962;;21644
514;24;21644;21962;21645
514;24;21645;21644;
514;24;21487;;21488
514;24;21488;21487;
514;24;21491;;21492
514;24;21492;21491;21493
514;24;21493;21492;
514;24;21475;;21476
514;24;21476;21475;21477
514;24;21477;21476;22012
514;24;22012;21477;21969
514;24;21969;22012;21970
514;24;21970;21969;21971
514;24;21971;21970;21972
514;24;21972;21971;21973
514;24;21973;21972;21974
514;24;21974;21973;
514;24;12084;;12085
514;24;12085;12084;
514;24;1420;;1421
514;24;1421;1420;1422
514;24;1422;1421;
514;24;1450;;1451
514;24;1451;1450;1452
514;24;1452;1451;1453
514;24;1453;1452;1454
514;24;1454;1453;
514;24;2507;;2508
514;24;2508;2507;
514;24;12430;;12431
514;24;12431;12430;12432
514;24;12432;12431;12480
514;24;12480;12432;12488
514;24;12488;12480;12489
514;24;12489;12488;12490
514;24;12490;12489;12491
514;24;12491;12490;12492
514;24;12492;12491;12493
514;24;12493;12492;12494
514;24;12494;12493;12495
514;24;12495;12494;
514;24;200;;199
514;24;199;200;198
514;24;198;199;197
514;24;197;198;196
514;24;196;197;195
514;24;195;196;194
514;24;194;195;193
514;24;193;194;192
514;24;192;193;191
514;24;191;192;
514;24;21556;;21557
514;24;21557;21556;
514;24;21559;;21560
514;24;21560;21559;21561
514;24;21561;21560;
514;24;6605;;6606
514;24;6606;6605;6916
514;24;6916;6606;6607
514;24;6607;6916;6608
514;24;6608;6607;
514;24;21987;;21988
514;24;21988;21987;21989
514;24;21989;21988;
514;24;12589;;12590
514;24;12590;12589;
514;24;7209;;7210
514;24;7210;7209;7211
514;24;7211;7210;7212
514;24;7212;7211;7213
514;24;7213;7212;7214
514;24;7214;7213;7542
514;24;7542;7214;7215
514;24;7215;7542;7543
514;24;7543;7215;7217
514;24;7217;7543;7218
514;24;7218;7217;7220
514;24;7220;7218;7221
514;24;7221;7220;
514;24;6660;;6661
514;24;6661;6660;6666
514;24;6666;6661;6667
514;24;6667;6666;
514;24;2204;;2205
514;24;2205;2204;
514;24;13214;;13215
514;24;13215;13214;13216
514;24;13216;13215;13217
514;24;13217;13216;
514;24;12592;;12593
514;24;12593;12592;
514;24;12875;;12876
514;24;12876;12875;12877
514;24;12877;12876;12878
514;24;12878;12877;
514;24;2417;;2418
514;24;2418;2417;2419
514;24;2419;2418;2420
514;24;2420;2419;
514;24;22016;;22017
514;24;22017;22016;22018
514;24;22018;22017;22019
514;24;22019;22018;22020
514;24;22020;22019;
514;24;2563;;2564
514;24;2564;2563;2243
514;24;2243;2564;2244
514;24;2244;2243;
514;24;2573;;2574
514;24;2574;2573;
514;24;2397;;2398
514;24;2398;2397;2399
514;24;2399;2398;
514;24;2627;;2394
514;24;2394;2627;2395
514;24;2395;2394;
514;24;1314;;1316
514;24;1316;1314;1317
514;24;1317;1316;1318
514;24;1318;1317;1319
514;24;1319;1318;
514;24;650;;649
514;24;649;650;647
514;24;647;649;
514;24;21743;;21744
514;24;21744;21743;21745
514;24;21745;21744;21746
514;24;21746;21745;
514;24;2939;;2940
514;24;2940;2939;2941
514;24;2941;2940;2942
514;24;2942;2941;2943
514;24;2943;2942;
514;24;2338;;2339
514;24;2339;2338;2340
514;24;2340;2339;
514;24;7439;;7076
514;24;7076;7439;7077
514;24;7077;7076;
514;24;7089;;7090
514;24;7090;7089;7093
514;24;7093;7090;7094
514;24;7094;7093;7392
514;24;7392;7094;
514;24;7293;;7294
514;24;7294;7293;7295
514;24;7295;7294;7296
514;24;7296;7295;7395
514;24;7395;7296;7396
514;24;7396;7395;
514;24;1907;;1908
514;24;1908;1907;1909
514;24;1909;1908;1910
514;24;1910;1909;2314
514;24;2314;1910;2315
514;24;2315;2314;
514;24;801;;805
514;24;805;801;804
514;24;804;805;
514;24;7082;;7083
514;24;7083;7082;
514;24;2443;;2444
514;24;2444;2443;2445
514;24;2445;2444;
514;24;12673;;12674
514;24;12674;12673;12675
514;24;12675;12674;
514;24;7075;;7438
514;24;7438;7075;
514;24;22023;;22024
514;24;22024;22023;
514;24;2800;;2801
514;24;2801;2800;
514;24;480;;483
514;24;483;480;486
514;24;486;483;
514;24;1724;;1725
514;24;1725;1724;
514;24;6803;;6804
514;24;6804;6803;6805
514;24;6805;6804;7322
514;24;7322;6805;
514;24;6807;;6808
514;24;6808;6807;6809
514;24;6809;6808;
514;24;12880;;12881
514;24;12881;12880;12882
514;24;12882;12881;
514;24;2240;;2241
514;24;2241;2240;
514;24;7079;;7080
514;24;7080;7079;
514;24;12945;;12946
514;24;12946;12945;12947
514;24;12947;12946;12948
514;24;12948;12947;12949
514;24;12949;12948;12950
514;24;12950;12949;
514;24;7610;;7611
514;24;7611;7610;
514;24;6671;;6551
514;24;6551;6671;6926
514;24;6926;6551;6552
514;24;6552;6926;7372
514;24;7372;6552;6672
514;24;6672;7372;6555
514;24;6555;6672;6556
514;24;6556;6555;
514;24;6315;;
514;24;6327;;
514;24;6329;;
514;24;6339;;
514;24;6337;;
514;24;7652;;
514;24;7666;;
514;24;7654;;
514;24;7662;;
514;24;6239;;
514;24;6269;;
514;24;6331;;
514;24;6279;;
514;24;6275;;
514;24;6277;;
514;24;6289;;
514;24;6231;;
514;24;6233;;
514;24;6211;;6212
514;24;6212;6211;6345
514;24;6345;6212;6215
514;24;6215;6345;6216
514;24;6216;6215;6213
514;24;6213;6216;6218
514;24;6218;6213;6219
514;24;6219;6218;
514;24;6293;;
514;24;6317;;
514;24;6311;;
514;24;6309;;
514;24;6335;;
514;24;6323;;
514;24;6273;;
514;24;6319;;
514;24;7664;;
514;24;6285;;
514;24;6291;;
514;24;6287;;
514;24;2296;;2297
514;24;2297;2296;
514;24;7569;;7570
514;24;7570;7569;7571
514;24;7571;7570;
514;24;7328;;7329
514;24;7329;7328;
514;24;12737;;12738
514;24;12738;12737;12739
514;24;12739;12738;
514;24;13262;;13263
514;24;13263;13262;13264
514;24;13264;13263;13265
514;24;13265;13264;12996
514;24;12996;13265;12997
514;24;12997;12996;
514;24;12987;;12988
514;24;12988;12987;12989
514;24;12989;12988;12990
514;24;12990;12989;12991
514;24;12991;12990;12992
514;24;12992;12991;13261
514;24;13261;12992;
514;24;7451;;7030
514;24;7030;7451;7452
514;24;7452;7030;7453
514;24;7453;7452;
514;24;13240;;13241
514;24;13241;13240;13242
514;24;13242;13241;
514;24;48063;;48064
514;24;48064;48063;48065
514;24;48065;48064;
514;24;54052;;54053
514;24;54053;54052;54054
514;24;54054;54053;54055
514;24;54055;54054;54056
514;24;54056;54055;54057
514;24;54057;54056;54058
514;24;54058;54057;54059
514;24;54059;54058;54060
514;24;54060;54059;54061
514;24;54061;54060;
514;24;21999;;22000
514;24;22000;21999;
514;24;2852;;510
514;24;510;2852;
514;24;21862;;21863
514;24;21863;21862;21864
514;24;21864;21863;
514;24;2299;;2300
514;24;2300;2299;2301
514;24;2301;2300;2302
514;24;2302;2301;
514;24;7340;;7341
514;24;7341;7340;
514;24;21674;;21675
514;24;21675;21674;21676
514;24;21676;21675;21677
514;24;21677;21676;
514;24;2630;;2631
514;24;2631;2630;
514;24;13050;;13051
514;24;13051;13050;
514;24;12829;;12830
514;24;12830;12829;
514;24;2714;;332
514;24;332;2714;327
514;24;327;332;324
514;24;324;327;321
514;24;321;324;
514;24;2927;;2928
514;24;2928;2927;
514;24;1998;;1999
514;24;1999;1998;2000
514;24;2000;1999;2713
514;24;2713;2000;
514;24;22004;;22002
514;24;22002;22004;22003
514;24;22003;22002;
514;24;140;;145
514;24;145;140;147
514;24;147;145;150
514;24;150;147;2735
514;24;2735;150;
514;24;2105;;2106
514;24;2106;2105;2107
514;24;2107;2106;
514;24;2918;;2919
514;24;2919;2918;2920
514;24;2920;2919;
514;24;300;;301
514;24;301;300;
514;24;21679;;21680
514;24;21680;21679;21681
514;24;21681;21680;21682
514;24;21682;21681;21683
514;24;21683;21682;
514;24;12621;;12622
514;24;12622;12621;12623
514;24;12623;12622;12624
514;24;12624;12623;12625
514;24;12625;12624;12626
514;24;12626;12625;12627
514;24;12627;12626;12628
514;24;12628;12627;12629
514;24;12629;12628;12630
514;24;12630;12629;12631
514;24;12631;12630;
514;24;2101;;2102
514;24;2102;2101;2103
514;24;2103;2102;
514;24;13047;;13048
514;24;13048;13047;
514;24;926;;924
514;24;924;926;923
514;24;923;924;922
514;24;922;923;2021
514;24;2021;922;2022
514;24;2022;2021;
514;24;1812;;1827
514;24;1827;1812;1828
514;24;1828;1827;1813
514;24;1813;1828;
514;24;60065;;60052
514;24;60052;60065;60053
514;24;60053;60052;60054
514;24;60054;60053;60055
514;24;60055;60054;60056
514;24;60056;60055;60057
514;24;60057;60056;60058
514;24;60058;60057;60064
514;24;60064;60058;
514;24;2924;;2923
514;24;2923;2924;2499
514;24;2499;2923;2840
514;24;2840;2499;2841
514;24;2841;2840;
514;24;2930;;2931
514;24;2931;2930;
514;24;1841;;1842
514;24;1842;1841;
514;24;7473;;7474
514;24;7474;7473;
514;24;7343;;7344
514;24;7344;7343;7347
514;24;7347;7344;
514;24;2207;;2208
514;24;2208;2207;2209
514;24;2209;2208;2210
514;24;2210;2209;
514;24;2898;;2899
514;24;2899;2898;2900
514;24;2900;2899;2901
514;24;2901;2900;
514;24;7506;;7507
514;24;7507;7506;7508
514;24;7508;7507;7509
514;24;7509;7508;7510
514;24;7510;7509;
514;24;13079;;13080
514;24;13080;13079;13081
514;24;13081;13080;13082
514;24;13082;13081;
514;24;2428;;2429
514;24;2429;2428;2430
514;24;2430;2429;2431
514;24;2431;2430;2432
514;24;2432;2431;2433
514;24;2433;2432;2434
514;24;2434;2433;
514;24;421;;417
514;24;417;421;2532
514;24;2532;417;
514;24;438;;440
514;24;440;438;443
514;24;443;440;
514;24;1090;;1094
514;24;1094;1090;1097
514;24;1097;1094;
514;24;13249;;13250
514;24;13250;13249;13251
514;24;13251;13250;13252
514;24;13252;13251;13253
514;24;13253;13252;
514;24;2633;;2634
514;24;2634;2633;
514;24;1721;;1722
514;24;1722;1721;
514;24;12546;;12547
514;24;12547;12546;12548
514;24;12548;12547;12549
514;24;12549;12548;
514;24;2383;;2384
514;24;2384;2383;
514;24;21715;;21716
514;24;21716;21715;21717
514;24;21717;21716;21718
514;24;21718;21717;21719
514;24;21719;21718;21720
514;24;21720;21719;21721
514;24;21721;21720;
514;24;12741;;12742
514;24;12742;12741;
514;24;12745;;12746
514;24;12746;12745;
514;24;7373;;6786
514;24;6786;7373;7062
514;24;7062;6786;6787
514;24;6787;7062;
514;24;2349;;2350
514;24;2350;2349;
514;24;7270;;7271
514;24;7271;7270;
514;24;1255;;1256
514;24;1256;1255;1258
514;24;1258;1256;2740
514;24;2740;1258;
514;24;1960;;1961
514;24;1961;1960;1964
514;24;1964;1961;
514;24;1972;;1974
514;24;1974;1972;
514;24;21948;;21774
514;24;21774;21948;21775
514;24;21775;21774;21776
514;24;21776;21775;21777
514;24;21777;21776;
514;24;21723;;21724
514;24;21724;21723;21725
514;24;21725;21724;21726
514;24;21726;21725;21727
514;24;21727;21726;
514;24;1099;;1100
514;24;1100;1099;1102
514;24;1102;1100;1106
514;24;1106;1102;
514;24;2644;;2645
514;24;2645;2644;
514;24;1834;;1835
514;24;1835;1834;1836
514;24;1836;1835;
514;24;1727;;1728
514;24;1728;1727;1729
514;24;1729;1728;1730
514;24;1730;1729;1731
514;24;1731;1730;
514;24;2741;;1268
514;24;1268;2741;1267
514;24;1267;1268;1266
514;24;1266;1267;1265
514;24;1265;1266;1264
514;24;1264;1265;1263
514;24;1263;1264;1260
514;24;1260;1263;
514;24;6618;;6619
514;24;6619;6618;6620
514;24;6620;6619;6621
514;24;6621;6620;
514;24;12680;;12682
514;24;12682;12680;12681
514;24;12681;12682;
514;24;21956;;21957
514;24;21957;21956;
514;24;7564;;7565
514;24;7565;7564;7566
514;24;7566;7565;7567
514;24;7567;7566;
514;24;6789;;6790
514;24;6790;6789;6791
514;24;6791;6790;
514;24;13189;;12577
514;24;12577;13189;12578
514;24;12578;12577;12579
514;24;12579;12578;12580
514;24;12580;12579;12581
514;24;12581;12580;12582
514;24;12582;12581;12583
514;24;12583;12582;13260
514;24;13260;12583;
514;24;12891;;12892
514;24;12892;12891;
514;24;816;;817
514;24;817;816;818
514;24;818;817;821
514;24;821;818;823
514;24;823;821;825
514;24;825;823;
514;24;1904;;1905
514;24;1905;1904;
514;24;21943;;21944
514;24;21944;21943;21945
514;24;21945;21944;
514;24;897;;896
514;24;896;897;895
514;24;895;896;1564
514;24;1564;895;894
514;24;894;1564;893
514;24;893;894;892
514;24;892;893;891
514;24;891;892;
514;24;2866;;1048
514;24;1048;2866;1047
514;24;1047;1048;2790
514;24;2790;1047;
514;24;814;;813
514;24;813;814;812
514;24;812;813;811
514;24;811;812;809
514;24;809;811;808
514;24;808;809;807
514;24;807;808;
514;24;7422;;7423
514;24;7423;7422;
514;24;7427;;7428
514;24;7428;7427;
514;24;2227;;2228
514;24;2228;2227;2229
514;24;2229;2228;2230
514;24;2230;2229;2231
514;24;2231;2230;2232
514;24;2232;2231;
514;24;7097;;7098
514;24;7098;7097;7100
514;24;7100;7098;7101
514;24;7101;7100;
514;24;21655;;21656
514;24;21656;21655;21657
514;24;21657;21656;
514;24;6922;;6923
514;24;6923;6922;6925
514;24;6925;6923;
514;24;7407;;7408
514;24;7408;7407;7409
514;24;7409;7408;
514;24;7417;;7418
514;24;7418;7417;7419
514;24;7419;7418;
514;24;2744;;1881
514;24;1881;2744;1882
514;24;1882;1881;1883
514;24;1883;1882;1884
514;24;1884;1883;1885
514;24;1885;1884;1886
514;24;1886;1885;
514;24;12794;;12795
514;24;12795;12794;12796
514;24;12796;12795;
514;24;1803;;1804
514;24;1804;1803;
514;24;6488;;6664
514;24;6664;6488;6489
514;24;6489;6664;6490
514;24;6490;6489;6491
514;24;6491;6490;6492
514;24;6492;6491;6493
514;24;6493;6492;
514;24;7648;;
514;24;7668;;
514;24;7638;;
514;24;7670;;
514;24;7626;;
514;24;6346;;6096
514;24;6096;6346;6097
514;24;6097;6096;6125
514;24;6125;6097;7429
514;24;7429;6125;6100
514;24;6100;7429;6101
514;24;6101;6100;
514;24;7650;;
514;24;7640;;
514;24;7632;;
514;24;7656;;
514;24;7658;;
514;24;7660;;
514;24;7646;;
514;24;7628;;
514;24;7630;;
514;24;7636;;
514;24;7644;;
514;24;7642;;
514;24;6495;;6505
514;24;6505;6495;6506
514;24;6506;6505;6440
514;24;6440;6506;6507
514;24;6507;6440;7380
514;24;7380;6507;6508
514;24;6508;7380;6439
514;24;6439;6508;6438
514;24;6438;6439;6509
514;24;6509;6438;6510
514;24;6510;6509;6894
514;24;6894;6510;
514;24;6497;;6498
514;24;6498;6497;6499
514;24;6499;6498;6500
514;24;6500;6499;6501
514;24;6501;6500;6502
514;24;6502;6501;6907
514;24;6907;6502;6503
514;24;6503;6907;
514;24;6478;;6479
514;24;6479;6478;6480
514;24;6480;6479;6481
514;24;6481;6480;6482
514;24;6482;6481;6521
514;24;6521;6482;6483
514;24;6483;6521;6484
514;24;6484;6483;7374
514;24;7374;6484;6892
514;24;6892;7374;7375
514;24;7375;6892;6485
514;24;6485;7375;6486
514;24;6486;6485;
514;24;12527;;12528
514;24;12528;12527;12529
514;24;12529;12528;12530
514;24;12530;12529;12531
514;24;12531;12530;
514;24;7103;;7104
514;24;7104;7103;
514;24;6928;;6930
514;24;6930;6928;
514;24;7106;;7107
514;24;7107;7106;
514;24;1128;;1130
514;24;1130;1128;1565
514;24;1565;1130;1135
514;24;1135;1565;
514;24;2757;;2135
514;24;2135;2757;2136
514;24;2136;2135;
514;24;2138;;2139
514;24;2139;2138;2140
514;24;2140;2139;
514;24;2842;;1404
514;24;1404;2842;
514;24;2311;;2312
514;24;2312;2311;
514;24;2597;;2598
514;24;2598;2597;2599
514;24;2599;2598;
514;24;7109;;7110
514;24;7110;7109;7111
514;24;7111;7110;7112
514;24;7112;7111;7113
514;24;7113;7112;
514;24;7115;;7116
514;24;7116;7115;7117
514;24;7117;7116;
514;24;12856;;12857
514;24;12857;12856;
514;24;12677;;12678
514;24;12678;12677;
514;24;7119;;7120
514;24;7120;7119;7121
514;24;7121;7120;7608
514;24;7608;7121;
514;24;13168;;13169
514;24;13169;13168;13170
514;24;13170;13169;
514;24;6932;;6933
514;24;6933;6932;
514;24;2648;;1057
514;24;1057;2648;
514;24;12558;;12559
514;24;12559;12558;12560
514;24;12560;12559;12561
514;24;12561;12560;12562
514;24;12562;12561;12563
514;24;12563;12562;12564
514;24;12564;12563;12565
514;24;12565;12564;
514;24;12887;;12888
514;24;12888;12887;12889
514;24;12889;12888;
514;24;21571;;21572
514;24;21572;21571;21573
514;24;21573;21572;21574
514;24;21574;21573;21755
514;24;21755;21574;
514;24;2249;;2250
514;24;2250;2249;
514;24;13198;;13199
514;24;13199;13198;13200
514;24;13200;13199;
514;24;112;;113
514;24;113;112;114
514;24;114;113;115
514;24;115;114;116
514;24;116;115;117
514;24;117;116;118
514;24;118;117;
514;24;127;;122
514;24;122;127;121
514;24;121;122;120
514;24;120;121;
514;24;2959;;2960
514;24;2960;2959;2961
514;24;2961;2960;
514;24;1321;;1322
514;24;1322;1321;1325
514;24;1325;1322;1327
514;24;1327;1325;1329
514;24;1329;1327;1330
514;24;1330;1329;
514;24;1806;;1807
514;24;1807;1806;
514;24;12928;;12929
514;24;12929;12928;12930
514;24;12930;12929;12931
514;24;12931;12930;12932
514;24;12932;12931;12933
514;24;12933;12932;12934
514;24;12934;12933;13276
514;24;13276;12934;13227
514;24;13227;13276;
514;24;6668;;6669
514;24;6669;6668;
514;24;12595;;12596
514;24;12596;12595;
514;24;7352;;7353
514;24;7353;7352;
514;24;1355;;1356
514;24;1356;1355;1357
514;24;1357;1356;
514;24;2359;;2360
514;24;2360;2359;2361
514;24;2361;2360;
514;24;2322;;2323
514;24;2323;2322;
514;24;6646;;6647
514;24;6647;6646;6648
514;24;6648;6647;6649
514;24;6649;6648;6919
514;24;6919;6649;6650
514;24;6650;6919;6437
514;24;6437;6650;6651
514;24;6651;6437;6436
514;24;6436;6651;6652
514;24;6652;6436;6653
514;24;6653;6652;6654
514;24;6654;6653;6655
514;24;6655;6654;6656
514;24;6656;6655;
514;24;21841;;21853
514;24;21853;21841;
514;24;21796;;21797
514;24;21797;21796;
514;24;6247;;
514;24;6744;;6745
514;24;6745;6744;6746
514;24;6746;6745;
514;24;22025;;21838
514;24;21838;22025;22026
514;24;22026;21838;
514;24;2872;;2873
514;24;2873;2872;2874
514;24;2874;2873;2875
514;24;2875;2874;
514;24;21819;;21820
514;24;21820;21819;21821
514;24;21821;21820;21822
514;24;21822;21821;21823
514;24;21823;21822;
514;24;21761;;21762
514;24;21762;21761;21763
514;24;21763;21762;21764
514;24;21764;21763;
514;24;21968;;21813
514;24;21813;21968;21814
514;24;21814;21813;21815
514;24;21815;21814;21816
514;24;21816;21815;21817
514;24;21817;21816;
514;24;1143;;1144
514;24;1144;1143;
514;24;2747;;1145
514;24;1145;2747;
514;24;1146;;1147
514;24;1147;1146;
514;24;12533;;12534
514;24;12534;12533;12535
514;24;12535;12534;12536
514;24;12536;12535;12537
514;24;12537;12536;12538
514;24;12538;12537;12540
514;24;12540;12538;12541
514;24;12541;12540;12542
514;24;12542;12541;12543
514;24;12543;12542;12544
514;24;12544;12543;
514;24;502;;506
514;24;506;502;
514;24;1798;;1799
514;24;1799;1798;1800
514;24;1800;1799;1801
514;24;1801;1800;
514;24;7577;;7578
514;24;7578;7577;7579
514;24;7579;7578;
514;24;1751;;1752
514;24;1752;1751;1754
514;24;1754;1752;1755
514;24;1755;1754;1756
514;24;1756;1755;
514;24;2234;;2236
514;24;2236;2234;2237
514;24;2237;2236;2238
514;24;2238;2237;
514;24;13223;;13224
514;24;13224;13223;13225
514;24;13225;13224;
514;24;1072;;1077
514;24;1077;1072;1080
514;24;1080;1077;1082
514;24;1082;1080;1083
514;24;1083;1082;
514;24;424;;427
514;24;427;424;
514;24;21757;;21758
514;24;21758;21757;21759
514;24;21759;21758;
514;24;1990;;1991
514;24;1991;1990;2794
514;24;2794;1991;
514;24;12777;;12778
514;24;12778;12777;12779
514;24;12779;12778;12780
514;24;12780;12779;12781
514;24;12781;12780;12782
514;24;12782;12781;12783
514;24;12783;12782;
514;24;2860;;2861
514;24;2861;2860;
514;24;21633;;21634
514;24;21634;21633;21635
514;24;21635;21634;21636
514;24;21636;21635;
514;24;21629;;21630
514;24;21630;21629;22035
514;24;22035;21630;21631
514;24;21631;22035;
514;24;21904;;21905
514;24;21905;21904;21906
514;24;21906;21905;21907
514;24;21907;21906;21908
514;24;21908;21907;
514;24;12598;;12599
514;24;12599;12598;
514;24;12601;;12602
514;24;12602;12601;12603
514;24;12603;12602;
514;24;1985;;1986
514;24;1986;1985;1987
514;24;1987;1986;
514;24;2826;;2827
514;24;2827;2826;827
514;24;827;2827;830
514;24;830;827;833
514;24;833;830;834
514;24;834;833;835
514;24;835;834;836
514;24;836;835;
514;24;13244;;13245
514;24;13245;13244;13246
514;24;13246;13245;
514;24;7600;;7601
514;24;7601;7600;
514;24;900;;901
514;24;901;900;902
514;24;902;901;903
514;24;903;902;
514;24;21877;;21878
514;24;21878;21877;
514;24;2526;;2527
514;24;2527;2526;2528
514;24;2528;2527;
514;24;13228;;13229
514;24;13229;13228;13230
514;24;13230;13229;12935
514;24;12935;13230;
514;24;12903;;12904
514;24;12904;12903;
514;24;1880;;2743
514;24;2743;1880;
514;24;2751;;676
514;24;676;2751;674
514;24;674;676;671
514;24;671;674;670
514;24;670;671;669
514;24;669;670;
514;24;163;;164
514;24;164;163;
514;24;7486;;7487
514;24;7487;7486;
514;24;2798;;2025
514;24;2025;2798;
514;24;2967;;2026
514;24;2026;2967;2365
514;24;2365;2026;2752
514;24;2752;2365;
514;24;6850;;6851
514;24;6851;6850;7070
514;24;7070;6851;6852
514;24;6852;7070;6853
514;24;6853;6852;6854
514;24;6854;6853;
514;24;21766;;21767
514;24;21767;21766;21768
514;24;21768;21767;21769
514;24;21769;21768;
514;24;2304;;2305
514;24;2305;2304;
514;24;21984;;21985
514;24;21985;21984;
514;24;2607;;2608
514;24;2608;2607;2609
514;24;2609;2608;2610
514;24;2610;2609;2613
514;24;2613;2610;
514;24;12766;;12767
514;24;12767;12766;12768
514;24;12768;12767;12769
514;24;12769;12768;12770
514;24;12770;12769;12771
514;24;12771;12770;12772
514;24;12772;12771;
514;24;12773;;12774
514;24;12774;12773;12775
514;24;12775;12774;
514;24;12666;;12667
514;24;12667;12666;12668
514;24;12668;12667;
514;24;13061;;13062
514;24;13062;13061;13063
514;24;13063;13062;
514;24;539;;535
514;24;535;539;532
514;24;532;535;529
514;24;529;532;
514;24;7123;;7124
514;24;7124;7123;7125
514;24;7125;7124;7126
514;24;7126;7125;7127
514;24;7127;7126;
514;24;7129;;7130
514;24;7130;7129;7132
514;24;7132;7130;
514;24;2657;;2658
514;24;2658;2657;2664
514;24;2664;2658;2665
514;24;2665;2664;2659
514;24;2659;2665;2863
514;24;2863;2659;
514;24;13065;;13066
514;24;13066;13065;
514;24;2896;;
514;24;2704;;
514;24;2954;;2955
514;24;2955;2954;2956
514;24;2956;2955;2957
514;24;2957;2956;
514;24;13100;;13101
514;24;13101;13100;13102
514;24;13102;13101;13103
514;24;13103;13102;
514;24;2258;;2259
514;24;2259;2258;
514;24;12924;;12925
514;24;12925;12924;12926
514;24;12926;12925;
514;24;12913;;12914
514;24;12914;12913;12915
514;24;12915;12914;12916
514;24;12916;12915;12917
514;24;12917;12916;
514;24;12919;;13272
514;24;13272;12919;12920
514;24;12920;13272;12922
514;24;12922;12920;
514;24;462;;464
514;24;464;462;
514;24;7134;;7135
514;24;7135;7134;
514;24;7137;;7138
514;24;7138;7137;7139
514;24;7139;7138;
514;24;7531;;7532
514;24;7532;7531;
514;24;12748;;12749
514;24;12749;12748;12750
514;24;12750;12749;
514;24;1707;;1708
514;24;1708;1707;1710
514;24;1710;1708;1711
514;24;1711;1710;
514;24;1701;;1702
514;24;1702;1701;1704
514;24;1704;1702;1705
514;24;1705;1704;1770
514;24;1770;1705;
514;24;2560;;2561
514;24;2561;2560;
514;24;7584;;7585
514;24;7585;7584;
514;24;22006;;22007
514;24;22007;22006;
514;24;7399;;7400
514;24;7400;7399;7401
514;24;7401;7400;7402
514;24;7402;7401;7444
514;24;7444;7402;7445
514;24;7445;7444;7446
514;24;7446;7445;7447
514;24;7447;7446;
514;24;6793;;6794
514;24;6794;6793;6795
514;24;6795;6794;7131
514;24;7131;6795;6796
514;24;6796;7131;6797
514;24;6797;6796;6798
514;24;6798;6797;
514;24;22028;;21835
514;24;21835;22028;21836
514;24;21836;21835;21791
514;24;21791;21836;
514;24;404;;400
514;24;400;404;396
514;24;396;400;
514;24;6935;;6937
514;24;6937;6935;6939
514;24;6939;6937;
514;24;12710;;12711
514;24;12711;12710;
514;24;7597;;7598
514;24;7598;7597;
514;24;13172;;13173
514;24;13173;13172;13174
514;24;13174;13173;13175
514;24;13175;13174;
514;24;298;;297
514;24;297;298;296
514;24;296;297;
514;24;21897;;21898
514;24;21898;21897;21899
514;24;21899;21898;21900
514;24;21900;21899;21901
514;24;21901;21900;
514;24;2413;;2414
514;24;2414;2413;2415
514;24;2415;2414;
514;24;7141;;7142
514;24;7142;7141;7143
514;24;7143;7142;
514;24;1894;;1895
514;24;1895;1894;
514;24;1854;;1855
514;24;1855;1854;1856
514;24;1856;1855;1857
514;24;1857;1856;2638
514;24;2638;1857;
514;24;12633;;12634
514;24;12634;12633;12635
514;24;12635;12634;12636
514;24;12636;12635;12637
514;24;12637;12636;13186
514;24;13186;12637;
514;24;7145;;7146
514;24;7146;7145;7147
514;24;7147;7146;7148
514;24;7148;7147;
514;24;1958;;1957
514;24;1957;1958;2600
514;24;2600;1957;
514;24;1518;;1519
514;24;1519;1518;1520
514;24;1520;1519;1521
514;24;1521;1520;
514;24;13268;;13180
514;24;13180;13268;13181
514;24;13181;13180;13182
514;24;13182;13181;
514;24;1514;;1515
514;24;1515;1514;1516
514;24;1516;1515;
514;24;6728;;6729
514;24;6729;6728;
514;24;7593;;7594
514;24;7594;7593;7595
514;24;7595;7594;
514;24;21662;;21663
514;24;21663;21662;21664
514;24;21664;21663;21665
514;24;21665;21664;21666
514;24;21666;21665;21667
514;24;21667;21666;
514;24;12605;;12606
514;24;12606;12605;12607
514;24;12607;12606;12608
514;24;12608;12607;12609
514;24;12609;12608;
514;24;7540;;7541
514;24;7541;7540;
514;24;7364;;6941
514;24;6941;7364;6942
514;24;6942;6941;
514;24;12694;;12695
514;24;12695;12694;12696
514;24;12696;12695;12697
514;24;12697;12696;13188
514;24;13188;12697;
514;24;2688;;2689
514;24;2689;2688;49
514;24;49;2689;50
514;24;50;49;
514;24;12730;;12731
514;24;12731;12730;
514;24;6859;;6960
514;24;6960;6859;7071
514;24;7071;6960;6860
514;24;6860;7071;6861
514;24;6861;6860;
514;24;21925;;21926
514;24;21926;21925;21927
514;24;21927;21926;21928
514;24;21928;21927;21929
514;24;21929;21928;
514;24;1234;;1237
514;24;1237;1234;
514;24;21685;;21686
514;24;21686;21685;21687
514;24;21687;21686;21688
514;24;21688;21687;21689
514;24;21689;21688;
514;24;12798;;12799
514;24;12799;12798;12800
514;24;12800;12799;12801
514;24;12801;12800;12802
514;24;12802;12801;12803
514;24;12803;12802;12804
514;24;12804;12803;12805
514;24;12805;12804;
514;24;2570;;2571
514;24;2571;2570;
514;24;13154;;13155
514;24;13155;13154;13156
514;24;13156;13155;13157
514;24;13157;13156;13158
514;24;13158;13157;13159
514;24;13159;13158;
514;24;1838;;1839
514;24;1839;1838;1840
514;24;1840;1839;2755
514;24;2755;1840;
514;24;7604;;7605
514;24;7605;7604;
514;24;6834;;6835
514;24;6835;6834;6840
514;24;6840;6835;
514;24;2170;;2171
514;24;2171;2170;2172
514;24;2172;2171;2173
514;24;2173;2172;
514;24;13161;;13162
514;24;13162;13161;13163
514;24;13163;13162;13164
514;24;13164;13163;13165
514;24;13165;13164;13166
514;24;13166;13165;
514;24;1228;;1227
514;24;1227;1228;
514;24;7527;;7528
514;24;7528;7527;7529
514;24;7529;7528;
514;24;7523;;7524
514;24;7524;7523;7525
514;24;7525;7524;
514;24;1912;;1913
514;24;1913;1912;
514;24;21729;;21730
514;24;21730;21729;21731
514;24;21731;21730;21732
514;24;21732;21731;21733
514;24;21733;21732;21734
514;24;21734;21733;21735
514;24;21735;21734;21736
514;24;21736;21735;
514;24;21696;;21697
514;24;21697;21696;21698
514;24;21698;21697;21699
514;24;21699;21698;
514;24;2364;;2363
514;24;2363;2364;
514;24;21583;;21584
514;24;21584;21583;21585
514;24;21585;21584;21586
514;24;21586;21585;
514;24;2342;;2343
514;24;2343;2342;
514;24;1577;;1578
514;24;1578;1577;
514;24;1581;;1588
514;24;1588;1581;
514;24;7154;;7155
514;24;7155;7154;7156
514;24;7156;7155;
514;24;7158;;7159
514;24;7159;7158;
514;24;18053;;18054
514;24;18054;18053;18055
514;24;18055;18054;18056
514;24;18056;18055;18057
514;24;18057;18056;18058
514;24;18058;18057;18059
514;24;18059;18058;18060
514;24;18060;18059;
514;24;18062;;18063
514;24;18063;18062;
514;24;6081;;6082
514;24;6082;6081;6123
514;24;6123;6082;6083
514;24;6083;6123;6084
514;24;6084;6083;6117
514;24;6117;6084;6085
514;24;6085;6117;6086
514;24;6086;6085;
514;24;6061;;6062
514;24;6062;6061;6063
514;24;6063;6062;6124
514;24;6124;6063;6064
514;24;6064;6124;6065
514;24;6065;6064;6066
514;24;6066;6065;6067
514;24;6067;6066;6110
514;24;6110;6067;
514;24;24052;;24053
514;24;24053;24052;24054
514;24;24054;24053;24055
514;24;24055;24054;
514;24;36052;;36053
514;24;36053;36052;36054
514;24;36054;36053;
514;24;6237;;
514;24;6523;;7376
514;24;7376;6523;6524
514;24;6524;7376;6525
514;24;6525;6524;6526
514;24;6526;6525;7377
514;24;7377;6526;6527
514;24;6527;7377;6528
514;24;6528;6527;6529
514;24;6529;6528;
514;24;1746;;1748
514;24;1748;1746;1747
514;24;1747;1748;1749
514;24;1749;1747;
514;24;1784;;1785
514;24;1785;1784;
514;24;2887;;1786
514;24;1786;2887;1792
514;24;1792;1786;
514;24;685;;688
514;24;688;685;691
514;24;691;688;693
514;24;693;691;
514;24;2905;;2125
514;24;2125;2905;2126
514;24;2126;2125;2127
514;24;2127;2126;
514;24;12846;;12847
514;24;12847;12846;12848
514;24;12848;12847;12849
514;24;12849;12848;12850
514;24;12850;12849;
514;24;2129;;2130
514;24;2130;2129;2131
514;24;2131;2130;2132
514;24;2132;2131;2756
514;24;2756;2132;
514;24;1620;;1623
514;24;1623;1620;1624
514;24;1624;1623;1625
514;24;1625;1624;
514;24;2223;;2224
514;24;2224;2223;2225
514;24;2225;2224;
514;24;2332;;2333
514;24;2333;2332;2334
514;24;2334;2333;2335
514;24;2335;2334;2336
514;24;2336;2335;
514;24;12973;;12974
514;24;12974;12973;
514;24;6944;;6946
514;24;6946;6944;
514;24;7457;;7458
514;24;7458;7457;7459
514;24;7459;7458;
514;24;12702;;12703
514;24;12703;12702;12705
514;24;12705;12703;12704
514;24;12704;12705;
514;24;6770;;6772
514;24;6772;6770;6773
514;24;6773;6772;6774
514;24;6774;6773;6775
514;24;6775;6774;
514;24;1585;;1586
514;24;1586;1585;1587
514;24;1587;1586;
514;24;2091;;2092
514;24;2092;2091;2093
514;24;2093;2092;2094
514;24;2094;2093;
514;24;2089;;1582
514;24;1582;2089;1583
514;24;1583;1582;
514;24;1018;;1017
514;24;1017;1018;1016
514;24;1016;1017;1015
514;24;1015;1016;1014
514;24;1014;1015;1012
514;24;1012;1014;
514;24;994;;995
514;24;995;994;997
514;24;997;995;998
514;24;998;997;999
514;24;999;998;1003
514;24;1003;999;1007
514;24;1007;1003;1010
514;24;1010;1007;
514;24;7443;;6511
514;24;6511;7443;6908
514;24;6908;6511;
514;24;7161;;7162
514;24;7162;7161;7163
514;24;7163;7162;7164
514;24;7164;7163;
514;24;52;;1776
514;24;1776;52;55
514;24;55;1776;
514;24;7166;;7167
514;24;7167;7166;7671
514;24;7671;7167;7171
514;24;7171;7671;7172
514;24;7172;7171;
514;24;12642;;12643
514;24;12643;12642;12644
514;24;12644;12643;12645
514;24;12645;12644;12646
514;24;12646;12645;12647
514;24;12647;12646;
514;24;6639;;6640
514;24;6640;6639;6641
514;24;6641;6640;6642
514;24;6642;6641;6643
514;24;6643;6642;6644
514;24;6644;6643;
514;24;2854;;699
514;24;699;2854;698
514;24;698;699;697
514;24;697;698;696
514;24;696;697;695
514;24;695;696;
514;24;12785;;12786
514;24;12786;12785;12787
514;24;12787;12786;12788
514;24;12788;12787;12789
514;24;12789;12788;12790
514;24;12790;12789;12791
514;24;12791;12790;12792
514;24;12792;12791;
514;24;1384;;1387
514;24;1387;1384;1426
514;24;1426;1387;1428
514;24;1428;1426;1429
514;24;1429;1428;
514;24;2535;;2436
514;24;2436;2535;2437
514;24;2437;2436;
514;24;21738;;21739
514;24;21739;21738;21740
514;24;21740;21739;21741
514;24;21741;21740;
514;24;2805;;2806
514;24;2806;2805;2807
514;24;2807;2806;
514;24;2372;;2373
514;24;2373;2372;
514;24;879;;876
514;24;876;879;875
514;24;875;876;2803
514;24;2803;875;
514;24;2588;;2589
514;24;2589;2588;
514;24;2867;;2576
514;24;2576;2867;2937
514;24;2937;2576;
514;24;6119;;6088
514;24;6088;6119;6089
514;24;6089;6088;6090
514;24;6090;6089;6091
514;24;6091;6090;6092
514;24;6092;6091;6093
514;24;6093;6092;6094
514;24;6094;6093;
514;24;48052;;48053
514;24;48053;48052;48054
514;24;48054;48053;48055
514;24;48055;48054;48056
514;24;48056;48055;48057
514;24;48057;48056;48058
514;24;48058;48057;48059
514;24;48059;48058;48060
514;24;48060;48059;48061
514;24;48061;48060;
514;24;42052;;42053
514;24;42053;42052;42054
514;24;42054;42053;42055
514;24;42055;42054;42056
514;24;42056;42055;42057
514;24;42057;42056;42058
514;24;42058;42057;42059
514;24;42059;42058;42060
514;24;42060;42059;42061
514;24;42061;42060;42062
514;24;42062;42061;42063
514;24;42063;42062;42064
514;24;42064;42063;42065
514;24;42065;42064;
514;24;36063;;36064
514;24;36064;36063;36065
514;24;36065;36064;36066
514;24;36066;36065;
514;24;610;;611
514;24;611;610;616
514;24;616;611;618
514;24;618;616;
514;24;2261;;2262
514;24;2262;2261;
514;24;27052;;27053
514;24;27053;27052;27054
514;24;27054;27053;27055
514;24;27055;27054;27056
514;24;27056;27055;27057
514;24;27057;27056;27058
514;24;27058;27057;27059
514;24;27059;27058;27060
514;24;27060;27059;27061
514;24;27061;27060;27062
514;24;27062;27061;27063
514;24;27063;27062;
514;24;6099;;6053
514;24;6053;6099;6054
514;24;6054;6053;6055
514;24;6055;6054;6056
514;24;6056;6055;6057
514;24;6057;6056;6058
514;24;6058;6057;7362
514;24;7362;6058;
514;24;24057;;24058
514;24;24058;24057;24059
514;24;24059;24058;24060
514;24;24060;24059;24061
514;24;24061;24060;24062
514;24;24062;24061;24063
514;24;24063;24062;24064
514;24;24064;24063;
514;24;36056;;36057
514;24;36057;36056;36058
514;24;36058;36057;36059
514;24;36059;36058;36060
514;24;36060;36059;36061
514;24;36061;36060;
514;24;30052;;30053
514;24;30053;30052;30054
514;24;30054;30053;30055
514;24;30055;30054;30056
514;24;30056;30055;30057
514;24;30057;30056;30058
514;24;30058;30057;30059
514;24;30059;30058;
514;24;6825;;6826
514;24;6826;6825;6827
514;24;6827;6826;6828
514;24;6828;6827;
514;24;2145;;2146
514;24;2146;2145;
514;24;7448;;6732
514;24;6732;7448;6733
514;24;6733;6732;7051
514;24;7051;6733;6735
514;24;6735;7051;6435
514;24;6435;6735;6737
514;24;6737;6435;6738
514;24;6738;6737;6739
514;24;6739;6738;
514;24;7174;;7175
514;24;7175;7174;6420
514;24;6420;7175;7176
514;24;7176;6420;7151
514;24;7151;7176;7152
514;24;7152;7151;7331
514;24;7331;7152;7332
514;24;7332;7331;7333
514;24;7333;7332;7334
514;24;7334;7333;7335
514;24;7335;7334;7336
514;24;7336;7335;7337
514;24;7337;7336;
514;24;6253;;
514;24;6627;;6628
514;24;6628;6627;7381
514;24;7381;6628;7382
514;24;7382;7381;6629
514;24;6629;7382;6891
514;24;6891;6629;6630
514;24;6630;6891;6631
514;24;6631;6630;6632
514;24;6632;6631;
514;24;2151;;2152
514;24;2152;2151;
514;24;7622;;
514;24;7634;;
514;24;6261;;
514;24;6263;;
514;24;7371;;6432
514;24;6432;7371;6431
514;24;6431;6432;6430
514;24;6430;6431;6429
514;24;6429;6430;6428
514;24;6428;6429;6427
514;24;6427;6428;6426
514;24;6426;6427;6425
514;24;6425;6426;6424
514;24;6424;6425;
514;24;6265;;
514;24;6949;;6950
514;24;6950;6949;6951
514;24;6951;6950;6952
514;24;6952;6951;7544
514;24;7544;6952;
514;24;6954;;6955
514;24;6955;6954;6956
514;24;6956;6955;6957
514;24;6957;6956;
514;24;6249;;
514;24;6697;;6698
514;24;6698;6697;6699
514;24;6699;6698;6700
514;24;6700;6699;7056
514;24;7056;6700;6702
514;24;6702;7056;7057
514;24;7057;6702;7058
514;24;7058;7057;6703
514;24;6703;7058;
514;24;7178;;7179
514;24;7179;7178;7180
514;24;7180;7179;7181
514;24;7181;7180;7182
514;24;7182;7181;7183
514;24;7183;7182;
514;24;6690;;6691
514;24;6691;6690;6604
514;24;6604;6691;6692
514;24;6692;6604;6693
514;24;6693;6692;6421
514;24;6421;6693;6694
514;24;6694;6421;6695
514;24;6695;6694;
514;24;2114;;2115
514;24;2115;2114;2116
514;24;2116;2115;2117
514;24;2117;2116;
514;24;21975;;21691
514;24;21691;21975;21692
514;24;21692;21691;21693
514;24;21693;21692;21694
514;24;21694;21693;
514;24;1347;;1343
514;24;1343;1347;1340
514;24;1340;1343;
514;24;848;;850
514;24;850;848;852
514;24;852;850;855
514;24;855;852;
514;24;1430;;778
514;24;778;1430;779
514;24;779;778;780
514;24;780;779;781
514;24;781;780;
514;24;2557;;2558
514;24;2558;2557;
514;24;21799;;21800
514;24;21800;21799;22021
514;24;22021;21800;21801
514;24;21801;22021;
514;24;21855;;21856
514;24;21856;21855;
514;24;13114;;13115
514;24;13115;13114;13111
514;24;13111;13115;13112
514;24;13112;13111;
514;24;7587;;7588
514;24;7588;7587;
514;24;1673;;1757
514;24;1757;1673;1674
514;24;1674;1757;1675
514;24;1675;1674;1676
514;24;1676;1675;
514;24;1646;;1647
514;24;1647;1646;1648
514;24;1648;1647;
514;24;2352;;2353
514;24;2353;2352;2758
514;24;2758;2353;
514;24;2903;;2904
514;24;2904;2903;
514;24;2354;;1615
514;24;1615;2354;1616
514;24;1616;1615;1617
514;24;1617;1616;1618
514;24;1618;1617;
514;24;2053;;2054
514;24;2054;2053;2055
514;24;2055;2054;2056
514;24;2056;2055;
514;24;7185;;7186
514;24;7186;7185;7187
514;24;7187;7186;7188
514;24;7188;7187;
514;24;2328;;2329
514;24;2329;2328;2330
514;24;2330;2329;
514;24;7500;;7501
514;24;7501;7500;7502
514;24;7502;7501;7503
514;24;7503;7502;7504
514;24;7504;7503;
514;24;2821;;2822
514;24;2822;2821;
514;24;13235;;13236
514;24;13236;13235;13237
514;24;13237;13236;13238
514;24;13238;13237;
514;24;21463;;21464
514;24;21464;21463;21465
514;24;21465;21464;21466
514;24;21466;21465;21467
514;24;21467;21466;21468
514;24;21468;21467;21469
514;24;21469;21468;21470
514;24;21470;21469;21471
514;24;21471;21470;21472
514;24;21472;21471;21473
514;24;21473;21472;
514;24;21995;;21996
514;24;21996;21995;21997
514;24;21997;21996;
514;24;12957;;12958
514;24;12958;12957;
514;24;2892;;
514;24;2973;;
514;24;2708;;
514;24;2698;;
514;24;2700;;
514;24;2691;;2692
514;24;2692;2691;2693
514;24;2693;2692;2694
514;24;2694;2693;
514;24;2894;;
514;24;2706;;
514;24;2975;;
514;24;7470;;7471
514;24;7471;7470;
514;24;21981;;21982
514;24;21982;21981;
514;24;12839;;12840
514;24;12840;12839;12841
514;24;12841;12840;12842
514;24;12842;12841;12843
514;24;12843;12842;12844
514;24;12844;12843;
514;24;21779;;21780
514;24;21780;21779;21824
514;24;21824;21780;21781
514;24;21781;21824;21782
514;24;21782;21781;21783
514;24;21783;21782;21784
514;24;21784;21783;
514;24;13132;;13274
514;24;13274;13132;13134
514;24;13134;13274;13135
514;24;13135;13134;
514;24;13256;;13257
514;24;13257;13256;13258
514;24;13258;13257;
514;24;1818;;1820
514;24;1820;1818;1819
514;24;1819;1820;
514;24;1815;;1816
514;24;1816;1815;
514;24;1251;;1252
514;24;1252;1251;1253
514;24;1253;1252;
514;24;1286;;1287
514;24;1287;1286;1288
514;24;1288;1287;1289
514;24;1289;1288;
514;24;1137;;1138
514;24;1138;1137;1140
514;24;1140;1138;
514;24;6856;;6857
514;24;6857;6856;
514;24;7190;;7191
514;24;7191;7190;7192
514;24;7192;7191;
514;24;13149;;13123
514;24;13123;13149;13124
514;24;13124;13123;13125
514;24;13125;13124;13126
514;24;13126;13125;13127
514;24;13127;13126;
514;24;2914;;2915
514;24;2915;2914;2916
514;24;2916;2915;
514;24;567;;569
514;24;569;567;
514;24;1773;;1774
514;24;1774;1773;
514;24;6325;;
514;24;7194;;7195
514;24;7195;7194;
514;24;6587;;6603
514;24;6603;6587;6602
514;24;6602;6603;6588
514;24;6588;6602;6589
514;24;6589;6588;6590
514;24;6590;6589;
514;24;6959;;6961
514;24;6961;6959;6962
514;24;6962;6961;
514;24;6271;;
514;24;6579;;6601
514;24;6601;6579;6580
514;24;6580;6601;6581
514;24;6581;6580;6582
514;24;6582;6581;6583
514;24;6583;6582;6584
514;24;6584;6583;6600
514;24;6600;6584;6585
514;24;6585;6600;
514;24;7197;;7198
514;24;7198;7197;
514;24;1869;;1870
514;24;1870;1869;1871
514;24;1871;1870;1872
514;24;1872;1871;1873
514;24;1873;1872;
514;24;2537;;1938
514;24;1938;2537;1939
514;24;1939;1938;1940
514;24;1940;1939;
514;24;6964;;6965
514;24;6965;6964;
514;24;1610;;1611
514;24;1611;1610;
514;24;1186;;1185
514;24;1185;1186;1184
514;24;1184;1185;1183
514;24;1183;1184;1180
514;24;1180;1183;1179
514;24;1179;1180;1175
514;24;1175;1179;1174
514;24;1174;1175;
514;24;2847;;620
514;24;620;2847;621
514;24;621;620;622
514;24;622;621;623
514;24;623;622;
514;24;645;;644
514;24;644;645;642
514;24;642;644;641
514;24;641;642;2037
514;24;2037;641;640
514;24;640;2037;639
514;24;639;640;638
514;24;638;639;2846
514;24;2846;638;
514;24;1951;;1952
514;24;1952;1951;1953
514;24;1953;1952;1954
514;24;1954;1953;1955
514;24;1955;1954;
514;24;1283;;1282
514;24;1282;1283;2763
514;24;2763;1282;
514;24;7433;;7200
514;24;7200;7433;7201
514;24;7201;7200;
514;24;1279;;1276
514;24;1276;1279;1275
514;24;1275;1276;1274
514;24;1274;1275;
514;24;2849;;1273
514;24;1273;2849;1272
514;24;1272;1273;
514;24;6707;;6708
514;24;6708;6707;
514;24;1523;;1524
514;24;1524;1523;1525
514;24;1525;1524;
514;24;1088;;1087
514;24;1087;1088;1086
514;24;1086;1087;1085
514;24;1085;1086;
514;24;7203;;7204
514;24;7204;7203;
514;24;2071;;2072
514;24;2072;2071;
514;24;7489;;7490
514;24;7490;7489;7491
514;24;7491;7490;
514;24;7206;;7207
514;24;7207;7206;
514;24;2772;;2773
514;24;2773;2772;
514;24;2154;;2155
514;24;2155;2154;2156
514;24;2156;2155;2157
514;24;2157;2156;2158
514;24;2158;2157;
514;24;1767;;1771
514;24;1771;1767;1768
514;24;1768;1771;1769
514;24;1769;1768;
514;24;2246;;2921
514;24;2921;2246;2247
514;24;2247;2921;
514;24;2636;;2858
514;24;2858;2636;
514;24;2810;;2811
514;24;2811;2810;
514;24;2386;;2387
514;24;2387;2386;
514;24;2769;;2770
514;24;2770;2769;
514;24;7555;;7556
514;24;7556;7555;
514;24;6863;;6864
514;24;6864;6863;
514;24;6251;;
514;24;6634;;6635
514;24;6635;6634;6636
514;24;6636;6635;7216
514;24;7216;6636;6917
514;24;6917;7216;6918
514;24;6918;6917;6637
514;24;6637;6918;
514;24;908;;910
514;24;910;908;912
514;24;912;910;913
514;24;913;912;
514;24;7223;;7224
514;24;7224;7223;7225
514;24;7225;7224;7226
514;24;7226;7225;7227
514;24;7227;7226;7228
514;24;7228;7227;
514;24;73;;1562
514;24;1562;73;
514;24;1989;;2749
514;24;2749;1989;2750
514;24;2750;2749;
514;24;493;;492
514;24;492;493;491
514;24;491;492;490
514;24;490;491;
514;24;2180;;2181
514;24;2181;2180;2182
514;24;2182;2181;
514;24;2808;;766
514;24;766;2808;767
514;24;767;766;768
514;24;768;767;769
514;24;769;768;770
514;24;770;769;
514;24;2439;;2440
514;24;2440;2439;2441
514;24;2441;2440;
514;24;7230;;7231
514;24;7231;7230;7232
514;24;7232;7231;
514;24;7234;;7235
514;24;7235;7234;7236
514;24;7236;7235;
514;24;21977;;21978
514;24;21978;21977;21979
514;24;21979;21978;
514;24;1918;;1919
514;24;1919;1918;1920
514;24;1920;1919;1921
514;24;1921;1920;1922
514;24;1922;1921;1923
514;24;1923;1922;
514;24;6758;;6759
514;24;6759;6758;6760
514;24;6760;6759;
514;24;6762;;7219
514;24;7219;6762;6763
514;24;6763;7219;
514;24;6753;;6754
514;24;6754;6753;6920
514;24;6920;6754;6755
514;24;6755;6920;6889
514;24;6889;6755;6756
514;24;6756;6889;
514;24;445;;451
514;24;451;445;453
514;24;453;451;
514;24;2165;;2166
514;24;2166;2165;2167
514;24;2167;2166;2168
514;24;2168;2167;
514;24;13019;;13020
514;24;13020;13019;13021
514;24;13021;13020;13022
514;24;13022;13021;13023
514;24;13023;13022;13024
514;24;13024;13023;13025
514;24;13025;13024;
514;24;13027;;13028
514;24;13028;13027;13029
514;24;13029;13028;
514;24;1859;;1860
514;24;1860;1859;1861
514;24;1861;1860;
514;24;935;;936
514;24;936;935;937
514;24;937;936;940
514;24;940;937;
514;24;7613;;7614
514;24;7614;7613;
514;24;2562;;2356
514;24;2356;2562;2357
514;24;2357;2356;
514;24;1214;;1215
514;24;1215;1214;1216
514;24;1216;1215;
514;24;12713;;12714
514;24;12714;12713;
514;24;783;;784
514;24;784;783;785
514;24;785;784;786
514;24;786;785;787
514;24;787;786;790
514;24;790;787;791
514;24;791;790;792
514;24;792;791;793
514;24;793;792;794
514;24;794;793;796
514;24;796;794;798
514;24;798;796;
514;24;553;;1561
514;24;1561;553;552
514;24;552;1561;551
514;24;551;552;550
514;24;550;551;
514;24;6967;;6968
514;24;6968;6967;
514;24;12484;;12485
514;24;12485;12484;12486
514;24;12486;12485;
514;24;12479;;13151
514;24;13151;12479;
514;24;12884;;12885
514;24;12885;12884;
514;24;6623;;6624
514;24;6624;6623;6625
514;24;6625;6624;
514;24;12942;;12943
514;24;12943;12942;
514;24;1976;;1977
514;24;1977;1976;1978
514;24;1978;1977;1979
514;24;1979;1978;1980
514;24;1980;1979;
514;24;13040;;13041
514;24;13041;13040;13042
514;24;13042;13041;13043
514;24;13043;13042;13044
514;24;13044;13043;13045
514;24;13045;13044;
514;24;720;;719
514;24;719;720;718
514;24;718;719;710
514;24;710;718;
514;24;1794;;1795
514;24;1795;1794;1796
514;24;1796;1795;
514;24;61;;62
514;24;62;61;63
514;24;63;62;64
514;24;64;63;65
514;24;65;64;68
514;24;68;65;71
514;24;71;68;
514;24;2948;;2949
514;24;2949;2948;2950
514;24;2950;2949;2951
514;24;2951;2950;
514;24;2028;;2029
514;24;2029;2028;2030
514;24;2030;2029;
514;24;722;;723
514;24;723;722;724
514;24;724;723;726
514;24;726;724;
514;24;21910;;21911
514;24;21911;21910;21912
514;24;21912;21911;
514;24;1788;;1789
514;24;1789;1788;
514;24;1349;;1351
514;24;1351;1349;1352
514;24;1352;1351;1353
514;24;1353;1352;
514;24;12852;;12853
514;24;12853;12852;12854
514;24;12854;12853;
514;24;2880;;2881
514;24;2881;2880;
514;24;2307;;2308
514;24;2308;2307;
514;24;522;;521
514;24;521;522;
514;24;2255;;2256
514;24;2256;2255;2538
514;24;2538;2256;
514;24;6741;;6742
514;24;6742;6741;
514;24;21702;;21703
514;24;21703;21702;
514;24;6839;;6836
514;24;6836;6839;6837
514;24;6837;6836;
514;24;7241;;7242
514;24;7242;7241;
514;24;21858;;21860
514;24;21860;21858;
514;24;21803;;21804
514;24;21804;21803;
514;24;2077;;2078
514;24;2078;2077;2079
514;24;2079;2078;2080
514;24;2080;2079;
514;24;2267;;2268
514;24;2268;2267;
514;24;21534;;21535
514;24;21535;21534;21536
514;24;21536;21535;21537
514;24;21537;21536;21538
514;24;21538;21537;21539
514;24;21539;21538;21540
514;24;21540;21539;21541
514;24;21541;21540;
514;24;21921;;21922
514;24;21922;21921;21923
514;24;21923;21922;
514;24;6970;;6971
514;24;6971;6970;6972
514;24;6972;6971;
514;24;6974;;6975
514;24;6975;6974;6976
514;24;6976;6975;
514;24;7244;;7245
514;24;7245;7244;
514;24;12707;;12708
514;24;12708;12707;
514;24;2069;;1603
514;24;1603;2069;1604
514;24;1604;1603;1605
514;24;1605;1604;1606
514;24;1606;1605;1607
514;24;1607;1606;1608
514;24;1608;1607;2843
514;24;2843;1608;
514;24;2148;;2149
514;24;2149;2148;
514;24;21669;;21670
514;24;21670;21669;21671
514;24;21671;21670;21672
514;24;21672;21671;
514;24;21786;;21787
514;24;21787;21786;21788
514;24;21788;21787;21789
514;24;21789;21788;21790
514;24;21790;21789;
514;24;13177;;13178
514;24;13178;13177;13179
514;24;13179;13178;13267
514;24;13267;13179;
514;24;868;;870
514;24;870;868;872
514;24;872;870;873
514;24;873;872;
514;24;1982;;1983
514;24;1983;1982;
514;24;1527;;1528
514;24;1528;1527;
514;24;21609;;21610
514;24;21610;21609;21611
514;24;21611;21610;21612
514;24;21612;21611;21613
514;24;21613;21612;21614
514;24;21614;21613;
514;24;519;;516
514;24;516;519;512
514;24;512;516;
514;24;2649;;1443
514;24;1443;2649;1444
514;24;1444;1443;1445
514;24;1445;1444;1446
514;24;1446;1445;1447
514;24;1447;1446;1448
514;24;1448;1447;2683
514;24;2683;1448;2684
514;24;2684;2683;2829
514;24;2829;2684;
514;24;6866;;6867
514;24;6867;6866;
514;24;12968;;12969
514;24;12969;12968;12970
514;24;12970;12969;12971
514;24;12971;12970;
514;24;12661;;12662
514;24;12662;12661;12663
514;24;12663;12662;12664
514;24;12664;12663;
514;24;7247;;7248
514;24;7248;7247;7249
514;24;7249;7248;
514;24;2516;;2517
514;24;2517;2516;
514;24;1678;;1679
514;24;1679;1678;1680
514;24;1680;1679;
514;24;2216;;2217
514;24;2217;2216;
514;24;6108;;6109
514;24;6109;6108;6068
514;24;6068;6109;6120
514;24;6120;6068;
514;24;43;;42
514;24;42;43;41
514;24;41;42;
514;24;2888;;2534
514;24;2534;2888;1417
514;24;1417;2534;1418
514;24;1418;1417;1419
514;24;1419;1418;2481
514;24;2481;1419;2680
514;24;2680;2481;7
514;24;7;2680;
514;24;2066;;2067
514;24;2067;2066;2068
514;24;2068;2067;
514;24;7573;;7574
514;24;7574;7573;
514;24;21919;;21958
514;24;21958;21919;
514;24;942;;943
514;24;943;942;945
514;24;945;943;
514;24;12760;;12761
514;24;12761;12760;12762
514;24;12762;12761;
514;24;429;;431
514;24;431;429;
514;24;1432;;2766
514;24;2766;1432;
514;24;2934;;2935
514;24;2935;2934;
514;24;6748;;7055
514;24;7055;6748;6750
514;24;6750;7055;6751
514;24;6751;6750;
514;24;1925;;1926
514;24;1926;1925;
514;24;488;;525
514;24;525;488;527
514;24;527;525;
514;24;2779;;661
514;24;661;2779;660
514;24;660;661;659
514;24;659;660;658
514;24;658;659;655
514;24;655;658;653
514;24;653;655;652
514;24;652;653;
514;24;18065;;18066
514;24;18066;18065;18067
514;24;18067;18066;18068
514;24;18068;18067;
514;24;1477;;1478
514;24;1478;1477;1479
514;24;1479;1478;2484
514;24;2484;1479;1480
514;24;1480;2484;1481
514;24;1481;1480;1482
514;24;1482;1481;1483
514;24;1483;1482;1484
514;24;1484;1483;1485
514;24;1485;1484;1486
514;24;1486;1485;1487
514;24;1487;1486;1488
514;24;1488;1487;
514;24;60059;;60060
514;24;60060;60059;60061
514;24;60061;60060;60062
514;24;60062;60061;
514;24;2682;;2474
514;24;2474;2682;2475
514;24;2475;2474;2476
514;24;2476;2475;2539
514;24;2539;2476;
514;24;31;;180
514;24;180;31;182
514;24;182;180;183
514;24;183;182;184
514;24;184;183;186
514;24;186;184;187
514;24;187;186;189
514;24;189;187;
514;24;1436;;542
514;24;542;1436;541
514;24;541;542;
514;24;2425;;2426
514;24;2426;2425;
514;24;7251;;7252
514;24;7252;7251;
514;24;12733;;12734
514;24;12734;12733;12735
514;24;12735;12734;
514;24;12999;;13000
514;24;13000;12999;13001
514;24;13001;13000;13002
514;24;13002;13001;13259
514;24;13259;13002;
514;24;2640;;2641
514;24;2641;2640;
514;24;6978;;6980
514;24;6980;6978;6981
514;24;6981;6980;
514;24;21992;;21993
514;24;21993;21992;
514;24;6842;;6843
514;24;6843;6842;6844
514;24;6844;6843;6845
514;24;6845;6844;6846
514;24;6846;6845;6847
514;24;6847;6846;7069
514;24;7069;6847;6848
514;24;6848;7069;
514;24;7356;;7254
514;24;7254;7356;7255
514;24;7255;7254;7256
514;24;7256;7255;7257
514;24;7257;7256;7258
514;24;7258;7257;7393
514;24;7393;7258;
514;24;1230;;1231
514;24;1231;1230;1232
514;24;1232;1231;
514;24;12937;;12938
514;24;12938;12937;12939
514;24;12939;12938;12940
514;24;12940;12939;
514;24;13219;;13220
514;24;13220;13219;13221
514;24;13221;13220;
514;24;7260;;7261
514;24;7261;7260;7262
514;24;7262;7261;7263
514;24;7263;7262;7264
514;24;7264;7263;
514;24;1822;;1823
514;24;1823;1822;1825
514;24;1825;1823;1826
514;24;1826;1825;1824
514;24;1824;1826;
514;24;918;;917
514;24;917;918;915
514;24;915;917;
514;24;12441;;12442
514;24;12442;12441;
514;24;1291;;1529
514;24;1529;1291;1298
514;24;1298;1529;
514;24;21886;;21887
514;24;21887;21886;21888
514;24;21888;21887;21889
514;24;21889;21888;
514;24;2273;;2274
514;24;2274;2273;2275
514;24;2275;2274;2642
514;24;2642;2275;
514;24;7464;;7465
514;24;7465;7464;
514;24;21831;;21832
514;24;21832;21831;21833
514;24;21833;21832;21834
514;24;21834;21833;
514;24;6800;;6801
514;24;6801;6800;
514;24;2594;;2595
514;24;2595;2594;
514;24;13068;;13069
514;24;13069;13068;13070
514;24;13070;13069;
514;24;969;;966
514;24;966;969;965
514;24;965;966;964
514;24;964;965;963
514;24;963;964;960
514;24;960;963;
514;24;2774;;758
514;24;758;2774;759
514;24;759;758;760
514;24;760;759;762
514;24;762;760;764
514;24;764;762;
514;24;21880;;21881
514;24;21881;21880;21882
514;24;21882;21881;21883
514;24;21883;21882;21884
514;24;21884;21883;
514;24;13278;;13279
514;24;13279;13278;13280
514;24;13280;13279;
514;24;2044;;1457
514;24;1457;2044;1458
514;24;1458;1457;1459
514;24;1459;1458;1460
514;24;1460;1459;1461
514;24;1461;1460;1462
514;24;1462;1461;1463
514;24;1463;1462;1464
514;24;1464;1463;1465
514;24;1465;1464;1466
514;24;1466;1465;1467
514;24;1467;1466;1468
514;24;1468;1467;2482
514;24;2482;1468;1469
514;24;1469;2482;1470
514;24;1470;1469;1471
514;24;1471;1470;1472
514;24;1472;1471;1473
514;24;1473;1472;1474
514;24;1474;1473;
514;24;33052;;33053
514;24;33053;33052;33054
514;24;33054;33053;33057
514;24;33057;33054;33055
514;24;33055;33057;33056
514;24;33056;33055;
514;24;12094;;12095
514;24;12095;12094;12096
514;24;12096;12095;12097
514;24;12097;12096;12098
514;24;12098;12097;12099
514;24;12099;12098;12100
514;24;12100;12099;12101
514;24;12101;12100;12102
514;24;12102;12101;12103
514;24;12103;12102;12104
514;24;12104;12103;12110
514;24;12110;12104;12105
514;24;12105;12110;12111
514;24;12111;12105;12106
514;24;12106;12111;12107
514;24;12107;12106;12108
514;24;12108;12107;
514;24;138;;133
514;24;133;138;131
514;24;131;133;130
514;24;130;131;
514;24;21521;;21522
514;24;21522;21521;21523
514;24;21523;21522;21524
514;24;21524;21523;21525
514;24;21525;21524;21526
514;24;21526;21525;21527
514;24;21527;21526;
514;24;21507;;21508
514;24;21508;21507;21509
514;24;21509;21508;21510
514;24;21510;21509;21511
514;24;21511;21510;21512
514;24;21512;21511;21513
514;24;21513;21512;
514;24;21499;;21500
514;24;21500;21499;
514;24;21515;;21516
514;24;21516;21515;21517
514;24;21517;21516;21518
514;24;21518;21517;21519
514;24;21519;21518;
514;24;1631;;1632
514;24;1632;1631;
514;24;1627;;1628
514;24;1628;1627;1629
514;24;1629;1628;
514;24;6283;;
514;24;7288;;6877
514;24;6877;7288;
514;24;6281;;
514;24;12719;;12720
514;24;12720;12719;12721
514;24;12721;12720;12722
514;24;12722;12721;12723
514;24;12723;12722;12724
514;24;12724;12723;12725
514;24;12725;12724;
514;24;7266;;7267
514;24;7267;7266;7268
514;24;7268;7267;
514;24;751;;754
514;24;754;751;755
514;24;755;754;
514;24;2017;;2019
514;24;2019;2017;
514;24;6811;;6812
514;24;6812;6811;6813
514;24;6813;6812;6814
514;24;6814;6813;6815
514;24;6815;6814;6816
514;24;6816;6815;7063
514;24;7063;6816;
514;24;12716;;12717
514;24;12717;12716;
514;24;1642;;1643
514;24;1643;1642;1644
514;24;1644;1643;
514;24;36;;44
514;24;44;36;45
514;24;45;44;1372
514;24;1372;45;1373
514;24;1373;1372;
514;24;7273;;7274
514;24;7274;7273;7276
514;24;7276;7274;7277
514;24;7277;7276;
514;24;7359;;7360
514;24;7360;7359;
514;24;6983;;6984
514;24;6984;6983;6985
514;24;6985;6984;6986
514;24;6986;6985;
514;24;6297;;
514;24;6333;;
514;24;6321;;
514;24;6341;;
514;24;6243;;
514;24;6214;;6203
514;24;6203;6214;6342
514;24;6342;6203;6205
514;24;6205;6342;6206
514;24;6206;6205;6208
514;24;6208;6206;6343
514;24;6343;6208;6344
514;24;6344;6343;
514;24;6313;;
514;24;6301;;
514;24;6305;;
514;24;6307;;
514;24;6255;;
514;24;6223;;
514;24;6295;;
514;24;6299;;
514;24;6303;;
514;24;6259;;
514;24;6267;;
514;24;6245;;
514;24;6225;;
514;24;6257;;
514;24;6241;;
514;24;6896;;6897
514;24;6897;6896;6898
514;24;6898;6897;6470
514;24;6470;6898;6899
514;24;6899;6470;6900
514;24;6900;6899;
514;24;1875;;1876
514;24;1876;1875;1877
514;24;1877;1876;1878
514;24;1878;1877;
514;24;7349;;6869
514;24;6869;7349;7072
514;24;7072;6869;6870
514;24;6870;7072;6871
514;24;6871;6870;6872
514;24;6872;6871;6873
514;24;6873;6872;7073
514;24;7073;6873;6874
514;24;6874;7073;
514;24;7519;;7520
514;24;7520;7519;7521
514;24;7521;7520;
514;24;6989;;6988
514;24;6988;6989;7047
514;24;7047;6988;
514;24;7280;;7281
514;24;7281;7280;
514;24;7283;;7284
514;24;7284;7283;
514;24;6991;;6993
514;24;6993;6991;
514;24;7394;;6995
514;24;6995;7394;6996
514;24;6996;6995;
514;24;472;;474
514;24;474;472;477
514;24;477;474;478
514;24;478;477;
514;24;586;;582
514;24;582;586;
514;24;667;;666
514;24;666;667;665
514;24;665;666;664
514;24;664;665;663
514;24;663;664;177
514;24;177;663;176
514;24;176;177;174
514;24;174;176;173
514;24;173;174;
514;24;2696;;
514;24;601;;600
514;24;600;601;599
514;24;599;600;594
514;24;594;599;587
514;24;587;594;
514;24;2702;;
514;24;1851;;1852
514;24;1852;1851;
514;24;13084;;13085
514;24;13085;13084;13086
514;24;13086;13085;13087
514;24;13087;13086;13088
514;24;13088;13087;
514;24;303;;305
514;24;305;303;
514;24;21588;;21589
514;24;21589;21588;
514;24;12815;;12816
514;24;12816;12815;12817
514;24;12817;12816;12818
514;24;12818;12817;12819
514;24;12819;12818;
514;24;6998;;6999
514;24;6999;6998;7000
514;24;7000;6999;7001
514;24;7001;7000;
514;24;2175;;2176
514;24;2176;2175;2177
514;24;2177;2176;2178
514;24;2178;2177;
514;24;21953;;21964
514;24;21964;21953;21872
514;24;21872;21964;21954
514;24;21954;21872;
514;24;2292;;2293
514;24;2293;2292;2294
514;24;2294;2293;
514;24;2288;;2289
514;24;2289;2288;2290
514;24;2290;2289;
514;24;2793;;1866
514;24;1866;2793;1148
514;24;1148;1866;1154
514;24;1154;1148;
514;24;2802;;2554
514;24;2554;2802;2555
514;24;2555;2554;
514;24;1945;;1946
514;24;1946;1945;
514;24;1682;;1683
514;24;1683;1682;1684
514;24;1684;1683;
514;24;1686;;1687
514;24;1687;1686;
514;24;2220;;2221
514;24;2221;2220;
514;24;1901;;1902
514;24;1902;1901;
514;24;1205;;1202
514;24;1202;1205;1199
514;24;1199;1202;
514;24;2651;;1195
514;24;1195;2651;
514;24;2936;;1062
514;24;1062;2936;1061
514;24;1061;1062;
514;24;1239;;1240
514;24;1240;1239;1241
514;24;1241;1240;1242
514;24;1242;1241;1244
514;24;1244;1242;1247
514;24;1247;1244;1249
514;24;1249;1247;
514;24;2284;;2285
514;24;2285;2284;2286
514;24;2286;2285;
514;24;2119;;2120
514;24;2120;2119;2121
514;24;2121;2120;2122
514;24;2122;2121;2123
514;24;2123;2122;
514;24;728;;729
514;24;729;728;730
514;24;730;729;
514;24;1716;;1717
514;24;1717;1716;1718
514;24;1718;1717;1719
514;24;1719;1718;
514;24;1844;;1845
514;24;1845;1844;1846
514;24;1846;1845;1847
514;24;1847;1846;1848
514;24;1848;1847;2777
514;24;2777;1848;
514;24;12821;;12822
514;24;12822;12821;12823
514;24;12823;12822;12824
514;24;12824;12823;12825
514;24;12825;12824;12826
514;24;12826;12825;12827
514;24;12827;12826;
514;24;1713;;1714
514;24;1714;1713;
514;24;739;;740
514;24;740;739;
514;24;1285;;2760
514;24;2760;1285;
514;24;7493;;7494
514;24;7494;7493;7495
514;24;7495;7494;7496
514;24;7496;7495;7497
514;24;7497;7496;7498
514;24;7498;7497;
514;24;6531;;6532
514;24;6532;6531;
514;24;6929;;6938
514;24;6938;6929;
514;24;13097;;13098
514;24;13098;13097;
514;24;21705;;21706
514;24;21706;21705;21707
514;24;21707;21706;21708
514;24;21708;21707;21753
514;24;21753;21708;
514;24;1742;;1743
514;24;1743;1742;1744
514;24;1744;1743;
514;24;21659;;21660
514;24;21660;21659;
514;24;12832;;12833
514;24;12833;12832;12834
514;24;12834;12833;12835
514;24;12835;12834;12836
514;24;12836;12835;12837
514;24;12837;12836;
514;24;2074;;2075
514;24;2075;2074;
514;24;7286;;7287
514;24;7287;7286;
514;24;2160;;2161
514;24;2161;2160;2162
514;24;2162;2161;2163
514;24;2163;2162;
514;24;12691;;13273
514;24;13273;12691;12692
514;24;12692;13273;
514;24;13105;;13106
514;24;13106;13105;13107
514;24;13107;13106;13108
514;24;13108;13107;
514;24;2818;;2819
514;24;2819;2818;2579
514;24;2579;2819;2580
514;24;2580;2579;
514;24;2964;;2761
514;24;2761;2964;2368
514;24;2368;2761;2369
514;24;2369;2368;2370
514;24;2370;2369;
514;24;2585;;2586
514;24;2586;2585;
514;24;2582;;2583
514;24;2583;2582;
514;24;12756;;12757
514;24;12757;12756;12758
514;24;12758;12757;
514;24;7479;;7480
514;24;7480;7479;
514;24;7324;;7325
514;24;7325;7324;7326
514;24;7326;7325;
514;24;22030;;22031
514;24;22031;22030;21852
514;24;21852;22031;
514;24;21844;;21845
514;24;21845;21844;21846
514;24;21846;21845;21847
514;24;21847;21846;21848
514;24;21848;21847;21849
514;24;21849;21848;21850
514;24;21850;21849;21851
514;24;21851;21850;
514;24;21914;;21915
514;24;21915;21914;21916
514;24;21916;21915;
514;24;466;;467
514;24;467;466;471
514;24;471;467;
514;24;2087;;2088
514;24;2088;2087;1594
514;24;1594;2088;1595
514;24;1595;1594;1596
514;24;1596;1595;1575
514;24;1575;1596;
514;24;2277;;2278
514;24;2278;2277;
514;24;774;;775
514;24;775;774;776
514;24;776;775;
514;24;2270;;2271
514;24;2271;2270;
514;24;992;;991
514;24;991;992;987
514;24;987;991;984
514;24;984;987;2778
514;24;2778;984;
514;24;2452;;2453
514;24;2453;2452;2454
514;24;2454;2453;2455
514;24;2455;2454;2456
514;24;2456;2455;2457
514;24;2457;2456;2458
514;24;2458;2457;2459
514;24;2459;2458;
514;24;21053;;21054
514;24;21054;21053;21055
514;24;21055;21054;21056
514;24;21056;21055;21057
514;24;21057;21056;21058
514;24;21058;21057;21059
514;24;21059;21058;21060
514;24;21060;21059;21061
514;24;21061;21060;21062
514;24;21062;21061;21063
514;24;21063;21062;
514;24;12074;;12075
514;24;12075;12074;12076
514;24;12076;12075;12077
514;24;12077;12076;12078
514;24;12078;12077;12079
514;24;12079;12078;12080
514;24;12080;12079;12081
514;24;12081;12080;12082
514;24;12082;12081;
514;24;6945;;6979
514;24;6979;6945;6992
514;24;6992;6979;7002
514;24;7002;6992;7003
514;24;7003;7002;7004
514;24;7004;7003;
514;24;6534;;6535
514;24;6535;6534;7275
514;24;7275;6535;6536
514;24;6536;7275;7361
514;24;7361;6536;6598
514;24;6598;7361;6537
514;24;6537;6598;6538
514;24;6538;6537;6539
514;24;6539;6538;
514;24;6713;;6405
514;24;6405;6713;6404
514;24;6404;6405;6714
514;24;6714;6404;6715
514;24;6715;6714;6716
514;24;6716;6715;
514;24;7006;;7007
514;24;7007;7006;7008
514;24;7008;7007;7009
514;24;7009;7008;
514;24;7011;;7012
514;24;7012;7011;7013
514;24;7013;7012;7014
514;24;7014;7013;7015
514;24;7015;7014;
514;24;6592;;6593
514;24;6593;6592;6905
514;24;6905;6593;7370
514;24;7370;6905;6594
514;24;6594;7370;6595
514;24;6595;6594;6596
514;24;6596;6595;
514;24;2142;;2143
514;24;2143;2142;
514;24;6765;;6766
514;24;6766;6765;6769
514;24;6769;6766;
514;24;6883;;6884
514;24;6884;6883;6885
514;24;6885;6884;7065
514;24;7065;6885;7066
514;24;7066;7065;6886
514;24;6886;7066;6887
514;24;6887;6886;6888
514;24;6888;6887;
514;24;2753;;2062
514;24;2062;2753;2063
514;24;2063;2062;2064
514;24;2064;2063;
514;24;166;;167
514;24;167;166;168
514;24;168;167;
514;24;745;;746
514;24;746;745;747
514;24;747;746;748
514;24;748;747;749
514;24;749;748;
514;24;1028;;1029
514;24;1029;1028;1030
514;24;1030;1029;
514;24;6830;;7067
514;24;7067;6830;6831
514;24;6831;7067;7068
514;24;7068;6831;6832
514;24;6832;7068;
514;24;21442;;21443
514;24;21443;21442;21444
514;24;21444;21443;21445
514;24;21445;21444;21446
514;24;21446;21445;21447
514;24;21447;21446;
514;24;307;;309
514;24;309;307;315
514;24;315;309;319
514;24;319;315;
514;24;12688;;12689
514;24;12689;12688;
514;24;7064;;6423
514;24;6423;7064;6819
514;24;6819;6423;6820
514;24;6820;6819;6821
514;24;6821;6820;6822
514;24;6822;6821;6823
514;24;6823;6822;
514;24;21427;;21428
514;24;21428;21427;21429
514;24;21429;21428;21430
514;24;21430;21429;21431
514;24;21431;21430;21432
514;24;21432;21431;21433
514;24;21433;21432;21434
514;24;21434;21433;22038
514;24;22038;21434;21435
514;24;21435;22038;
514;24;22033;;22034
514;24;22034;22033;
514;24;21437;;21438
514;24;21438;21437;21439
514;24;21439;21438;21440
514;24;21440;21439;
514;24;335;;336
514;24;336;335;338
514;24;338;336;344
514;24;344;338;346
514;24;346;344;2780
514;24;2780;346;
514;24;1696;;1697
514;24;1697;1696;1698
514;24;1698;1697;1699
514;24;1699;1698;
514;24;1689;;1690
514;24;1690;1689;
514;24;7404;;7405
514;24;7405;7404;7368
514;24;7368;7405;
514;24;13117;;13118
514;24;13118;13117;
514;24;1064;;1065
514;24;1065;1064;1066
514;24;1066;1065;1068
514;24;1068;1066;1069
514;24;1069;1068;
514;24;6724;;7050
514;24;7050;6724;6725
514;24;6725;7050;6726
514;24;6726;6725;
514;24;7017;;7018
514;24;7018;7017;7019
514;24;7019;7018;7020
514;24;7020;7019;
514;24;6229;;
514;24;7545;;7049
514;24;7049;7545;6721
514;24;6721;7049;6722
514;24;6722;6721;
514;24;7054;;7021
514;24;7021;7054;7022
514;24;7022;7021;6890
514;24;6890;7022;7023
514;24;7023;6890;6546
514;24;6546;7023;6547
514;24;6547;6546;6548
514;24;6548;6547;7024
514;24;7024;6548;
514;24;1830;;1831
514;24;1831;1830;1832
514;24;1832;1831;
514;24;1888;;1889
514;24;1889;1888;
514;24;6221;;
514;24;7027;;7028
514;24;7028;7027;7029
514;24;7029;7028;7449
514;24;7449;7029;
514;24;13072;;13073
514;24;13073;13072;13074
514;24;13074;13073;
514;24;2487;;2490
514;24;2490;2487;2265
514;24;2265;2490;
514;24;2488;;2489
514;24;2489;2488;
514;24;1809;;1810
514;24;1810;1809;
514;24;12752;;12753
514;24;12753;12752;12754
514;24;12754;12753;
514;24;1612;;1613
514;24;1613;1612;
514;24;21826;;21827
514;24;21827;21826;21828
514;24;21828;21827;21829
514;24;21829;21828;21950
514;24;21950;21829;
514;24;1119;;1124
514;24;1124;1119;1126
514;24;1126;1124;
514;24;21771;;21772
514;24;21772;21771;
514;24;12964;;12965
514;24;12965;12964;12966
514;24;12966;12965;
514;24;6235;;
514;24;7548;;7551
514;24;7551;7548;7552
514;24;7552;7551;7553
514;24;7553;7552;
514;24;13150;;13032
514;24;13032;13150;13033
514;24;13033;13032;13034
514;24;13034;13033;13035
514;24;13035;13034;13036
514;24;13036;13035;13037
514;24;13037;13036;13038
514;24;13038;13037;13247
514;24;13247;13038;
514;24;455;;456
514;24;456;455;458
514;24;458;456;1499
514;24;1499;458;454
514;24;454;1499;460
514;24;460;454;
514;24;2782;;1070
514;24;1070;2782;2485
514;24;2485;1070;
514;24;1692;;1693
514;24;1693;1692;1694
514;24;1694;1693;
514;24;7482;;7483
514;24;7483;7482;7484
514;24;7484;7483;
514;24;12894;;12895
514;24;12895;12894;
514;24;12976;;12977
514;24;12977;12976;12978
514;24;12978;12977;12979
514;24;12979;12978;12980
514;24;12980;12979;12981
514;24;12981;12980;
514;24;13206;;13207
514;24;13207;13206;13208
514;24;13208;13207;13209
514;24;13209;13208;
514;24;12868;;12869
514;24;12869;12868;12870
514;24;12870;12869;12871
514;24;12871;12870;12872
514;24;12872;12871;12873
514;24;12873;12872;
514;24;7397;;7290
514;24;7290;7397;7291
514;24;7291;7290;7602
514;24;7602;7291;
514;24;2401;;2402
514;24;2402;2401;2403
514;24;2403;2402;2406
514;24;2406;2403;2407
514;24;2407;2406;
514;24;1665;;1666
514;24;1666;1665;1667
514;24;1667;1666;
514;24;2776;;1652
514;24;1652;2776;1653
514;24;1653;1652;1654
514;24;1654;1653;1655
514;24;1655;1654;
514;24;2884;;2505
514;24;2505;2884;
514;24;1650;;1651
514;24;1651;1650;
514;24;2376;;2377
514;24;2377;2376;2378
514;24;2378;2377;2379
514;24;2379;2378;
514;24;12863;;12864
514;24;12864;12863;12865
514;24;12865;12864;12866
514;24;12866;12865;
514;24;7032;;7033
514;24;7033;7032;
514;24;2824;;2825
514;24;2825;2824;
514;24;21936;;21937
514;24;21937;21936;21938
514;24;21938;21937;21939
514;24;21939;21938;21940
514;24;21940;21939;21941
514;24;21941;21940;
514;24;2198;;2199
514;24;2199;2198;2200
514;24;2200;2199;2201
514;24;2201;2200;
514;24;1032;;1035
514;24;1035;1032;1038
514;24;1038;1035;1566
514;24;1566;1038;1039
514;24;1039;1566;1040
514;24;1040;1039;1567
514;24;1567;1040;1568
514;24;1568;1567;1041
514;24;1041;1568;
514;24;96;;94
514;24;94;96;93
514;24;93;94;92
514;24;92;93;91
514;24;91;92;90
514;24;90;91;89
514;24;89;90;85
514;24;85;89;82
514;24;82;85;78
514;24;78;82;
514;24;2082;;2083
514;24;2083;2082;2084
514;24;2084;2083;2085
514;24;2085;2084;2086
514;24;2086;2085;
514;24;1915;;1916
514;24;1916;1915;
514;24;546;;547
514;24;547;546;548
514;24;548;547;
514;24;13284;;13285
514;24;13285;13284;13204
514;24;13204;13285;
514;24;2382;;2738
514;24;2738;2382;
514;24;1966;;1967
514;24;1967;1966;1968
514;24;1968;1967;1970
514;24;1970;1968;
514;24;1759;;1760
514;24;1760;1759;
514;24;6677;;6473
514;24;6473;6677;6678
514;24;6678;6473;6679
514;24;6679;6678;6680
514;24;6680;6679;6681
514;24;6681;6680;6682
514;24;6682;6681;6684
514;24;6684;6682;6685
514;24;6685;6684;6686
514;24;6686;6685;6687
514;24;6687;6686;
514;24;6227;;
514;24;7616;;7617
514;24;7617;7616;7618
514;24;7618;7617;7619
514;24;7619;7618;7620
514;24;7620;7619;
514;24;7298;;7299
514;24;7299;7298;7300
514;24;7300;7299;
514;24;12897;;12898
514;24;12898;12897;
514;24;495;;497
514;24;497;495;499
514;24;499;497;500
514;24;500;499;
514;24;13004;;13005
514;24;13005;13004;13006
514;24;13006;13005;13007
514;24;13007;13006;13008
514;24;13008;13007;13009
514;24;13009;13008;13010
514;24;13010;13009;
514;24;7561;;7562
514;24;7562;7561;
514;24;898;;1439
514;24;1439;898;
514;24;508;;509
514;24;509;508;2851
514;24;2851;509;
514;24;7035;;7036
514;24;7036;7035;7037
514;24;7037;7036;7038
514;24;7038;7037;7039
514;24;7039;7038;7040
514;24;7040;7039;
514;24;2309;;1928
514;24;1928;2309;1929
514;24;1929;1928;
514;24;13211;;13212
514;24;13212;13211;
514;24;12670;;12671
514;24;12671;12670;
514;24;6674;;6675
514;24;6675;6674;
514;24;21965;;21622
514;24;21622;21965;21623
514;24;21623;21622;21624
514;24;21624;21623;21625
514;24;21625;21624;21626
514;24;21626;21625;21627
514;24;21627;21626;
514;24;1490;;1491
514;24;1491;1490;2483
514;24;2483;1491;
514;24;12900;;12901
514;24;12901;12900;
514;24;7575;;7558
514;24;7558;7575;7559
514;24;7559;7558;
514;24;2389;;2390
514;24;2390;2389;
514;24;743;;742
514;24;742;743;
514;24;7411;;7412
514;24;7412;7411;
514;24;7414;;7415
514;24;7415;7414;
514;24;2345;;2346
514;24;2346;2345;2540
514;24;2540;2346;
514;24;2392;;2391
514;24;2391;2392;555
514;24;555;2391;558
514;24;558;555;560
514;24;560;558;
514;24;13184;;13271
514;24;13271;13184;13185
514;24;13185;13271;
514;24;13202;;13203
514;24;13203;13202;13282
514;24;13282;13203;
514;24;12960;;12961
514;24;12961;12960;12962
514;24;12962;12961;13152
514;24;13152;12962;
514;24;12614;;12615
514;24;12615;12614;12616
514;24;12616;12615;12617
514;24;12617;12616;12618
514;24;12618;12617;12619
514;24;12619;12618;
514;24;12656;;12657
514;24;12657;12656;12658
514;24;12658;12657;12659
514;24;12659;12658;
514;24;2615;;2616
514;24;2616;2615;
514;24;2325;;2326
514;24;2326;2325;
514;24;1931;;1932
514;24;1932;1931;1933
514;24;1933;1932;1934
514;24;1934;1933;
514;24;2785;;1935
514;24;1935;2785;1936
514;24;1936;1935;
514;24;708;;702
514;24;702;708;2853
514;24;2853;702;
514;24;13232;;13233
514;24;13233;13232;
514;24;13120;;13121
514;24;13121;13120;
514;24;12114;;12115
514;24;12115;12114;12116
514;24;12116;12115;
514;24;237;;236
514;24;236;237;232
514;24;232;236;229
514;24;229;232;
514;24;21423;;21424
514;24;21424;21423;21425
514;24;21425;21424;
514;24;2280;;2281
514;24;2281;2280;2282
514;24;2282;2281;
514;24;57;;1572
514;24;1572;57;58
514;24;58;1572;59
514;24;59;58;
514;24;394;;393
514;24;393;394;390
514;24;390;393;389
514;24;389;390;388
514;24;388;389;161
514;24;161;388;155
514;24;155;161;
514;24;1026;;2661
514;24;2661;1026;1024
514;24;1024;2661;1021
514;24;1021;1024;1020
514;24;1020;1021;
514;24;2736;;971
514;24;971;2736;974
514;24;974;971;976
514;24;976;974;977
514;24;977;976;978
514;24;978;977;980
514;24;980;978;981
514;24;981;980;
514;24;2591;;2592
514;24;2592;2591;
514;24;433;;436
514;24;436;433;
514;24;889;;888
514;24;888;889;885
514;24;885;888;884
514;24;884;885;1570
514;24;1570;884;882
514;24;882;1570;881
514;24;881;882;
514;24;7624;;
514;24;2491;;2032
514;24;2032;2491;2036
514;24;2036;2032;2033
514;24;2033;2036;2035
514;24;2035;2033;2034
514;24;2034;2035;
514;24;7302;;7303
514;24;7303;7302;7304
514;24;7304;7303;7305
514;24;7305;7304;
514;24;7307;;7308
514;24;7308;7307;
514;24;7059;;7060
514;24;7060;7059;6777
514;24;6777;7060;6778
514;24;6778;6777;
514;24;1891;;1892
514;24;1892;1891;
514;24;7534;;7535
514;24;7535;7534;
514;24;7310;;7311
514;24;7311;7310;
514;24;947;;949
514;24;949;947;951
514;24;951;949;955
514;24;955;951;958
514;24;958;955;
514;24;1733;;1734
514;24;1734;1733;
514;24;2510;;2511
514;24;2511;2510;
514;24;2945;;2946
514;24;2946;2945;
514;24;2796;;2797
514;24;2797;2796;
514;24;22009;;22010
514;24;22010;22009;22011
514;24;22011;22010;
514;24;863;;864
514;24;864;863;865
514;24;865;864;866
514;24;866;865;2374
514;24;2374;866;
514;24;1440;;857
514;24;857;1440;858
514;24;858;857;859
514;24;859;858;860
514;24;860;859;861
514;24;861;860;
514;24;13053;;13054
514;24;13054;13053;13055
514;24;13055;13054;13056
514;24;13056;13055;13057
514;24;13057;13056;13058
514;24;13058;13057;13059
514;24;13059;13058;
514;24;7467;;7468
514;24;7468;7467;
514;24;7581;;7582
514;24;7582;7581;
514;24;6572;;6573
514;24;6573;6572;6574
514;24;6574;6573;6575
514;24;6575;6574;6472
514;24;6472;6575;6576
514;24;6576;6472;6471
514;24;6471;6576;6577
514;24;6577;6471;
514;24;13187;;12700
514;24;12700;13187;
514;24;2495;;2496
514;24;2496;2495;
514;24;12505;;12506
514;24;12506;12505;12507
514;24;12507;12506;12508
514;24;12508;12507;
514;24;12639;;12640
514;24;12640;12639;
514;24;21710;;21711
514;24;21711;21710;21712
514;24;21712;21711;21713
514;24;21713;21712;
514;24;6710;;6711
514;24;6711;6710;
514;24;7512;;7513
514;24;7513;7512;7514
514;24;7514;7513;7515
514;24;7515;7514;7516
514;24;7516;7515;7517
514;24;7517;7516;
514;24;2545;;2546
514;24;2546;2545;2547
514;24;2547;2546;
514;24;12906;;12907
514;24;12907;12906;12908
514;24;12908;12907;12909
514;24;12909;12908;12910
514;24;12910;12909;12405
514;24;12405;12910;12911
514;24;12911;12405;
514;24;13076;;13077
514;24;13077;13076;
514;24;732;;733
514;24;733;732;734
514;24;734;733;737
514;24;737;734;
514;24;2549;;2550
514;24;2550;2549;2551
514;24;2551;2550;2552
514;24;2552;2551;
514;24;1762;;1763
514;24;1763;1762;1764
514;24;1764;1763;1765
514;24;1765;1764;
514;24;21809;;21810
514;24;21810;21809;21811
514;24;21811;21810;
514;24;1781;;1782
514;24;1782;1781;
514;24;7536;;6780
514;24;6780;7536;6781
514;24;6781;6780;6782
514;24;6782;6781;7061
514;24;7061;6782;6670
514;24;6670;7061;6783
514;24;6783;6670;
514;24;1670;;1671
514;24;1671;1670;
514;24;12727;;12728
514;24;12728;12727;
514;24;12983;;12984
514;24;12984;12983;12985
514;24;12985;12984;
514;24;12684;;12685
514;24;12685;12684;12686
514;24;12686;12685;
514;24;2602;;2603
514;24;2603;2602;
514;24;21793;;21794
514;24;21794;21793;
514;24;1210;;1212
514;24;1212;1210;
514;24;1993;;1994
514;24;1994;1993;1996
514;24;1996;1994;2380
514;24;2380;1996;
514;24;1108;;1110
514;24;1110;1108;1111
514;24;1111;1110;2478
514;24;2478;1111;1114
514;24;1114;2478;1117
514;24;1117;1114;
514;24;2318;;2319
514;24;2319;2318;2320
514;24;2320;2319;
514;24;1055;;1054
514;24;1054;1055;
514;24;2877;;2878
514;24;2878;2877;
514;24;2212;;2213
514;24;2213;2212;2214
514;24;2214;2213;
514;24;1662;;1663
514;24;1663;1662;
514;24;2922;;1658
514;24;1658;2922;1660
514;24;1660;1658;
514;24;7042;;7043
514;24;7043;7042;7044
514;24;7044;7043;
514;24;1897;;1898
514;24;1898;1897;1899
514;24;1899;1898;
514;24;1207;;1208
514;24;1208;1207;
514;24;6610;;6611
514;24;6611;6610;6612
514;24;6612;6611;6613
514;24;6613;6612;6614
514;24;6614;6613;6615
514;24;6615;6614;6616
514;24;6616;6615;
514;24;1948;;1949
514;24;1949;1948;
514;24;2869;;2870
514;24;2870;2869;
514;24;12859;;12860
514;24;12860;12859;12861
514;24;12861;12860;
514;24;170;;171
514;24;171;170;175
514;24;175;171;
514;24;1736;;1737
514;24;1737;1736;1738
514;24;1738;1737;1739
514;24;1739;1738;1740
514;24;1740;1739;
514;24;603;;605
514;24;605;603;608
514;24;608;605;
514;24;1309;;1310
514;24;1310;1309;1312
514;24;1312;1310;
514;24;1300;;1303
514;24;1303;1300;1306
514;24;1306;1303;1307
514;24;1307;1306;
514;24;1218;;1222
514;24;1222;1218;1225
514;24;1225;1222;
514;24;13012;;13013
514;24;13013;13012;13014
514;24;13014;13013;13015
514;24;13015;13014;13016
514;24;13016;13015;13017
514;24;13017;13016;
514;24;1497;;275
514;24;275;1497;276
514;24;276;275;277
514;24;277;276;278
514;24;278;277;282
514;24;282;278;285
514;24;285;282;2787
514;24;2787;285;2788
514;24;2788;2787;
514;24;772;;904
514;24;904;772;905
514;24;905;904;906
514;24;906;905;
514;24;13137;;13138
514;24;13138;13137;13141
514;24;13141;13138;13142
514;24;13142;13141;13143
514;24;13143;13142;13144
514;24;13144;13143;13145
514;24;13145;13144;12539
514;24;12539;13145;
514;24;12611;;12612
514;24;12612;12611;
514;24;12952;;12953
514;24;12953;12952;12954
514;24;12954;12953;12955
514;24;12955;12954;
514;24;1046;;1045
514;24;1045;1046;1044
514;24;1044;1045;1043
514;24;1043;1044;
514;24;7590;;7591
514;24;7591;7590;
514;24;12510;;12511
514;24;12511;12510;12512
514;24;12512;12511;12513
514;24;12513;12512;12514
514;24;12514;12513;12515
514;24;12515;12514;
514;24;7476;;7477
514;24;7477;7476;
514;24;415;;2652
514;24;2652;415;411
514;24;411;2652;2653
514;24;2653;411;2654
514;24;2654;2653;406
514;24;406;2654;
514;24;7461;;7462
514;24;7462;7461;
514;24;1171;;1167
514;24;1167;1171;1164
514;24;1164;1167;1160
514;24;1160;1164;1156
514;24;1156;1160;
514;24;565;;562
514;24;562;565;
514;24;2969;;2970
514;24;2970;2969;2971
514;24;2971;2970;
514;24;2890;;
514;24;933;;931
514;24;931;933;930
514;24;930;931;929
514;24;929;930;928
514;24;928;929;
514;24;1365;;1368
514;24;1368;1365;1534
514;24;1534;1368;1371
514;24;1371;1534;
514;24;1942;;1943
514;24;1943;1942;
514;24;13193;;13194
514;24;13194;13193;13195
514;24;13195;13194;13196
514;24;13196;13195;
514;24;2618;;294
514;24;294;2618;2619
514;24;2619;294;
514;24;21652;;21653
514;24;21653;21652;
514;24;12807;;12808
514;24;12808;12807;12809
514;24;12809;12808;12810
514;24;12810;12809;12811
514;24;12811;12810;12812
514;24;12812;12811;12813
514;24;12813;12812;
514;24;1863;;1864
514;24;1864;1863;1865
514;24;1865;1864;2792
514;24;2792;1865;
514;24;21866;;21869
514;24;21869;21866;21870
514;24;21870;21869;21871
514;24;21871;21870;
514;24;7316;;7317
514;24;7317;7316;
514;24;7319;;7320
514;24;7320;7319;7321
514;24;7321;7320;
514;24;683;;678
514;24;678;683;
514;24;576;;581
514;24;581;576;
