CID;TABCD;LCD;CLASS;TCD;STCD;ROADNUMBER;RNID;N1ID;N2ID;POL_LCD;PES_LEV
514;24;6414;L;1;2;G104;76378;76306;77382;5;
514;24;7431;L;1;2;G104;77382;76378;76332;5;
514;24;6401;L;1;2;;76298;76261;76282;5;
514;24;35;L;1;1;G2;62553;41871;41862;3;
514;24;6077;L;1;1;G2001;76270;77471;80046;5;
514;24;6111;L;1;1;G2001;79533;80112;80042;5;
514;24;2461;L;1;1;G2011;40394;77471;62901;3;
514;24;6;L;1;2;G204;63898;40048;48006;3;
514;24;12419;L;1;2;G204;63898;5984;5985;2667;
514;24;12550;L;1;2;G204;76896;5985;6039;2667;
514;24;2812;L;1;4;;41941;63898;38664;3;
514;24;12407;L;1;2;G206;63894;6122;41861;2667;
514;24;12401;L;1;2;G206;5955;5975;5976;2667;
514;24;12416;L;1;2;G206;5980;5982;6122;2667;
514;24;12411;L;1;2;G206;5976;5955;5982;2667;
514;24;6441;L;1;2;G220;76332;80082;80083;5;
514;24;6901;L;1;2;G220;76522;77433;80082;5;
514;24;1331;L;1;2;G308;39977;39962;39278;3;
514;24;21;L;1;2;G308;40565;39278;41878;3;
514;24;2711;L;1;2;G308;40554;41878;63898;3;
514;24;6474;L;1;2;;77102;80098;79530;5;
514;24;6909;L;1;2;G309;76217;76364;76734;5;
514;24;7435;L;1;2;G309;77385;80083;77386;5;
514;24;6563;L;1;3;S102;76276;76400;77434;5;
514;24;6557;L;1;3;S102;76400;76297;76276;5;
514;24;6540;L;1;3;S103;76273;80086;76306;5;
514;24;21545;L;1;3;S201;18962;22124;18964;2678;
514;24;235;L;1;3;S202;38883;38664;38884;3;
514;24;241;L;1;3;S202;38664;63898;38883;3;
514;24;347;L;1;3;S202;40030;40032;48007;3;
514;24;373;L;1;3;S202;39965;39371;39563;3;
514;24;352;L;1;3;S202;40032;39965;40030;3;
514;24;21594;L;1;3;S203;19093;40392;18897;2678;
514;24;21562;L;1;3;S204;18880;18893;22124;2678;
514;24;21565;L;1;3;S204;22124;18962;62901;2678;
514;24;12447;L;1;3;S206;21883;15842;6001;2667;
514;24;12443;L;1;3;S207;5996;15866;15867;2667;
514;24;12648;L;1;3;S207;6063;15867;6008;2667;
514;24;1433;L;1;3;S207;40006;40032;39493;3;
514;24;12437;L;1;3;S208;5994;5984;5961;2667;
514;24;12500;L;1;3;S208;5961;5994;6028;2667;
514;24;287;L;1;3;S209;38885;63898;40520;3;
514;24;12051;L;1;1;S21;6446;38681;22125;2667;
514;24;12474;L;1;3;S210;6018;6017;5972;2667;
514;24;12496;L;1;3;S210;6016;15871;6017;2667;
514;24;2004;L;1;3;S214;39492;39474;39486;3;
514;24;97;L;1;3;S214;39474;38761;39492;3;
514;24;12566;L;1;3;S215;5940;6001;6067;2667;
514;24;2001;L;1;3;S218;40088;38847;63898;3;
514;24;259;L;1;3;S218;38905;62553;41902;3;
514;24;2192;L;1;3;S219;40285;62553;63898;3;
514;24;1597;L;1;3;S219;48005;40291;40165;3;
514;24;2446;L;1;3;S249;41461;40390;40030;3;
514;24;12516;L;1;3;S259;6036;6035;76980;2667;
514;24;21615;L;1;3;S259;18978;18958;18981;2678;
514;24;21602;L;1;3;S259;18897;18962;18958;2678;
514;24;2716;L;1;3;S293;41760;40312;39660;3;
514;24;21930;L;1;3;S293;41760;18953;19122;2678;
514;24;840;L;1;3;S293;39486;39474;40151;3;
514;24;2108;L;1;3;S293;40447;41760;40312;3;
514;24;2408;L;1;3;S296;40376;40554;39492;3;
514;24;1557;L;1;3;S299;40171;40190;40170;3;
514;24;1552;L;1;3;S299;40187;40169;40190;3;
514;24;1547;L;1;3;S299;40184;40183;40169;3;
514;24;1533;L;1;3;S299;41496;40502;40178;3;
514;24;1538;L;1;3;S299;40178;41496;48005;3;
514;24;1542;L;1;3;S299;40181;48005;40183;3;
514;24;21552;L;1;3;S301;18965;18962;18961;2678;
514;24;21448;L;1;3;S301;18921;77194;18920;2678;
514;24;12466;L;1;3;S302;21854;5980;6012;2667;
514;24;21404;L;1;3;S302;21854;18887;18961;2678;
514;24;12422;L;1;3;S302;15840;5939;5941;2667;
514;24;21417;L;1;3;S302;77181;21854;18894;2678;
514;24;12461;L;1;3;S302;5990;6017;6012;2667;
514;24;12469;L;1;3;S302;6014;5990;6017;2667;
514;24;12584;L;1;3;S302;6028;6017;5939;2667;
514;24;21411;L;1;3;S302;18896;41666;19091;2678;
514;24;21501;L;1;4;;18894;77181;21854;2678;
514;24;21873;L;1;4;;19109;21854;62901;2678;
514;24;201;L;1;3;S309;38847;40088;38852;3;
514;24;2830;L;1;3;S309;38847;40391;48069;3;
514;24;2730;L;1;3;S309;41903;40444;40088;3;
514;24;2725;L;1;3;S309;41876;41900;41901;3;
514;24;2722;L;1;3;S309;41872;41985;41900;3;
514;24;2728;L;1;3;S309;41901;41876;40444;3;
514;24;207;L;1;3;S309;38682;38852;40391;3;
514;24;1503;L;1;3;S328;40054;41861;40163;3;
514;24;1510;L;1;3;S328;40163;40164;40054;3;
514;24;2095;L;1;3;S329;40291;40051;40303;3;
514;24;2518;L;1;3;S329;41495;48070;40288;3;
514;24;2835;L;1;3;S395;40062;40145;38905;3;
514;24;2786;L;1;3;S395;40535;63898;40382;3;
514;24;2833;L;1;3;S395;40444;41955;40479;3;
514;24;2909;L;1;3;S399;48056;48055;41760;3;
514;24;2906;L;1;3;S399;48055;48054;48056;3;
514;24;255;L;1;3;S602;38850;61439;40479;3;
514;24;624;L;1;3;S602;38676;39271;40554;3;
514;24;1409;L;1;3;S602;38676;40445;38847;3;
514;24;21581;L;1;3;S704;18932;41681;18950;2678;
514;24;21747;L;1;3;S704;18950;18904;18933;2678;
514;24;21482;L;1;3;S704;41706;18933;21954;2678;
514;24;21890;L;1;3;S704;18987;41728;18952;2678;
514;24;21494;L;1;3;S704;18938;19104;21954;2678;
514;24;21960;L;1;3;S704;18920;18980;18939;2678;
514;24;21637;L;1;3;S704;18898;18896;19040;2678;
514;24;21959;L;1;3;S704;19040;18898;18980;2678;
514;24;21486;L;1;3;S704;21954;41706;18938;2678;
514;24;21490;L;1;3;S704;18939;18920;18938;2678;
514;24;21474;L;1;3;S709;77221;18924;41666;2678;
514;24;12083;L;1;1;S7402;15846;5955;62901;2667;
514;24;2685;L;1;1;S7601;41871;40090;62553;3;
514;24;1449;L;1;1;S7602;41863;41861;41871;3;
514;24;2506;L;1;1;S7603;41870;62553;41863;3;
514;24;12487;L;1;3;S802;6017;15874;6028;2667;
514;24;190;L;1;3;S802;39540;38846;39967;3;
514;24;21555;L;1;3;S901;18966;18967;22128;2678;
514;24;21558;L;1;3;S901;22128;18966;22124;2678;
514;24;6597;L;1;4;X001;76361;76335;76334;5;
514;24;21986;L;1;4;;18893;18962;18894;2678;
514;24;12588;L;1;4;X049;5941;15840;62901;2667;
514;24;7208;L;1;4;X051;76534;76510;77406;5;
514;24;6665;L;1;4;X054;76444;76798;79548;5;
514;24;2203;L;1;4;X099;41908;62553;40444;3;
514;24;13213;L;1;4;XF12;15831;76896;5961;2667;
514;24;12591;L;1;4;XFG1;6049;22128;5939;2667;
514;24;12874;L;1;4;Y14;6060;6128;6020;2667;
514;24;2416;L;1;4;;48011;39492;40382;3;
514;24;22015;L;1;4;;19104;18939;41706;2678;
514;24;2242;L;1;4;;39893;39185;40246;3;
514;24;2572;L;1;4;;40506;38760;39525;3;
514;24;2396;L;1;4;;41924;40371;39200;3;
514;24;2393;L;1;4;;39188;39217;40371;3;
514;24;1313;L;1;4;;39961;39962;39967;3;
514;24;646;L;1;4;;39962;48015;39293;3;
514;24;21742;L;1;4;;39962;18924;18950;2678;
514;24;2938;L;1;4;;80103;39970;39625;3;
514;24;2337;L;1;4;;40356;39965;39325;3;
514;24;7074;L;1;4;;76585;77389;76332;5;
514;24;7087;L;1;4;;76590;76587;80090;5;
514;24;7292;L;1;4;;76793;76332;76400;5;
514;24;1906;L;1;4;;39450;39542;39448;3;
514;24;799;L;1;4;;39450;39536;39453;3;
514;24;7081;L;1;4;;76584;76409;76508;5;
514;24;2442;L;1;4;;40388;40030;40554;3;
514;24;12672;L;1;4;;6093;6094;38681;2667;
514;24;7437;L;1;4;;77390;76812;77389;5;
514;24;22022;L;1;4;;19105;18940;21954;2678;
514;24;2799;L;1;4;;39025;39965;39278;3;
514;24;479;L;1;4;;39125;39126;39132;3;
514;24;1723;L;1;4;;39178;39174;38701;3;
514;24;6802;L;1;4;;76476;76494;77208;5;
514;24;6806;L;1;4;;76430;77194;76494;5;
514;24;12879;L;1;4;;6043;6129;6036;2667;
514;24;2239;L;1;4;;40335;39179;38701;3;
514;24;7078;L;1;4;;76588;76583;76363;5;
514;24;12944;L;1;4;;6055;21954;76980;2667;
514;24;7609;L;1;4;;76792;76332;76380;5;
514;24;6549;L;1;4;;76297;76364;76798;5;
514;24;6314;L;7;0;;;76708;76695;5;
514;24;6326;L;7;0;;;76708;76268;5;
514;24;6328;L;7;0;;;76711;76530;5;
514;24;6338;L;7;0;;;76711;76736;5;
514;24;6336;L;7;0;;;76530;76711;5;
514;24;7651;L;7;0;;;76530;80053;5;
514;24;7665;L;7;0;;;76530;80053;5;
514;24;7653;L;7;0;;;76530;80059;5;
514;24;7661;L;7;0;;;76530;80056;5;
514;24;6238;L;7;0;;;76530;76364;5;
514;24;6268;L;7;0;;;76530;76737;5;
514;24;6330;L;7;0;;;76530;76341;5;
514;24;6278;L;7;0;;;76530;76559;5;
514;24;6274;L;7;0;;;76530;76531;5;
514;24;6276;L;7;0;;;76530;76398;5;
514;24;6288;L;7;0;;;76530;76638;5;
514;24;6230;L;7;0;;;76530;76395;5;
514;24;6232;L;7;0;;;76530;76383;5;
514;24;6210;L;1;1;;76530;76393;76400;5;
514;24;6292;L;7;0;;;76695;76297;5;
514;24;6316;L;7;0;;;76695;76708;5;
514;24;6310;L;7;0;;;76695;76268;5;
514;24;6308;L;7;0;;;76695;76633;5;
514;24;6334;L;7;0;;;76695;76726;5;
514;24;6322;L;7;0;;;76695;76638;5;
514;24;6272;L;7;0;;;76838;76531;5;
514;24;6318;L;7;0;;;76684;76711;5;
514;24;7663;L;7;0;;;76684;80056;5;
514;24;6284;L;7;0;;;76684;76268;5;
514;24;6290;L;7;0;;;76684;76633;5;
514;24;6286;L;7;0;;;76684;76638;5;
514;24;2295;L;1;4;;40344;38799;39643;3;
514;24;7568;L;1;4;;80024;76592;76376;5;
514;24;7327;L;1;4;;76385;76364;77181;5;
514;24;12736;L;1;4;;6100;6045;41461;2667;
514;24;12994;L;1;4;;6067;15869;5996;2667;
514;24;12986;L;1;4;;6114;6100;15869;2667;
514;24;7450;L;1;4;;77404;76542;76798;5;
514;24;13239;L;1;4;;15839;15840;6067;2667;
514;24;48062;L;1;1;;63189;79483;63165;2673;
514;24;54051;L;1;1;;63192;63165;63201;2674;
514;24;21998;L;1;4;;19102;41680;38788;2678;
514;24;2850;L;1;4;;41927;41976;39164;3;
514;24;21861;L;1;4;;18979;19014;19040;2678;
514;24;2298;L;1;4;;40345;39820;41679;3;
514;24;7339;L;1;4;;76484;76573;76337;5;
514;24;21673;L;1;4;;18948;18901;18892;2678;
514;24;2629;L;1;4;;39156;40475;38790;3;
514;24;13049;L;1;4;;6139;6030;6031;2667;
514;24;12828;L;1;4;;6121;41496;6082;2667;
514;24;320;L;1;4;;61439;40445;38885;3;
514;24;2926;L;1;4;;61439;40382;40535;3;
514;24;1997;L;1;4;;40226;41461;61439;3;
514;24;22001;L;1;4;;38788;19115;19102;2678;
514;24;139;L;1;4;;38788;38789;41912;3;
514;24;2104;L;1;3;;40311;40310;40313;3;
514;24;2917;L;1;3;;48062;40311;48056;3;
514;24;299;L;1;4;;38945;38946;38947;3;
514;24;21678;L;1;4;;18949;18901;18927;2678;
514;24;12620;L;1;4;;5982;15864;6020;2667;
514;24;2100;L;1;3;;40309;40303;40310;3;
514;24;13046;L;1;4;;6138;6030;6031;2667;
514;24;919;L;1;4;;39567;39574;38676;3;
514;24;1811;L;1;4;;40249;39129;39126;3;
514;24;60051;L;1;1;;64129;63201;62901;2675;
514;24;2497;L;1;4;;38918;41706;38905;3;
514;24;2929;L;1;4;;80100;38918;39186;3;
514;24;2754;L;1;4;;40605;39906;38704;3;
514;24;7472;L;1;4;;77418;77417;76612;5;
514;24;7342;L;1;4;;76578;76388;77388;5;
514;24;2206;L;1;4;;39725;39719;39750;3;
514;24;2897;L;1;4;;39135;39133;40222;3;
514;24;7505;L;1;4;;76438;76570;77424;5;
514;24;13078;L;1;4;;6061;5991;6020;2667;
514;24;2427;L;1;4;;40384;40385;63898;3;
514;24;416;L;1;4;;39062;40479;40460;3;
514;24;437;L;1;4;;38970;38937;38664;3;
514;24;1089;L;1;4;;39737;39738;40332;3;
514;24;13248;L;1;4;;15841;6460;15842;2667;
514;24;2632;L;1;4;;40475;39165;39156;3;
514;24;1720;L;1;4;;39813;39179;39178;3;
514;24;12545;L;1;2;;6039;76896;6055;2667;
514;24;2381;L;1;4;;38674;40229;40554;3;
514;24;21714;L;1;4;;18904;18950;41681;2678;
514;24;12743;L;1;4;;6109;6055;6100;2667;
514;24;6784;L;1;4;;76489;76476;76492;5;
514;24;2348;L;1;4;;39314;39574;40360;3;
514;24;7269;L;1;4;;76261;80091;79530;5;
514;24;1254;L;1;4;;76261;39903;39906;3;
514;24;1959;L;1;4;;38713;38770;38761;3;
514;24;1971;L;1;4;;40258;40238;38761;3;
514;24;21773;L;1;4;;18983;19034;18920;2678;
514;24;21722;L;1;4;;18923;18921;18906;2678;
514;24;1098;L;1;4;;39746;40332;48018;3;
514;24;2643;L;1;4;;39908;39820;38796;3;
514;24;1833;L;1;4;;40235;41728;39833;3;
514;24;1726;L;1;4;;40244;38701;40245;3;
514;24;1259;L;1;4;;39906;76261;39908;3;
514;24;6617;L;1;4;;76427;76334;76364;5;
514;24;12679;L;1;4;;6033;6032;6094;2667;
514;24;21955;L;1;4;;18926;18921;77217;2678;
514;24;7563;L;1;4;;76592;76591;80024;5;
514;24;6788;L;1;4;;76483;76492;76374;5;
514;24;12576;L;1;3;;6008;6001;5996;2667;
514;24;12890;L;1;4;;6130;6043;6024;2667;
514;24;815;L;1;4;;39464;39465;39474;3;
514;24;1903;L;1;4;;39542;39700;39536;3;
514;24;21942;L;1;4;;18959;41747;18987;2678;
514;24;890;L;1;4;;39536;39543;38768;3;
514;24;2789;L;1;4;;39697;39700;39705;3;
514;24;806;L;1;3;;39537;48019;39465;3;
514;24;7421;L;1;4;;77393;76297;76560;5;
514;24;7425;L;1;4;;77393;76560;76297;5;
514;24;2226;L;1;4;;39792;39775;39738;3;
514;24;7095;L;1;4;;76591;76364;76397;5;
514;24;21654;L;1;4;;18945;18892;18996;2678;
514;24;6921;L;1;4;;76544;76376;76267;5;
514;24;7406;L;1;4;;77410;76332;76334;5;
514;24;7416;L;1;4;;77384;76334;76332;5;
514;24;1879;L;1;4;;39440;39957;41396;3;
514;24;12793;L;1;4;;6075;5982;6118;2667;
514;24;1802;L;1;4;;40247;39934;40248;3;
514;24;6487;L;1;3;;76267;76335;80092;5;
514;24;7647;L;7;0;;;80053;76530;5;
514;24;7667;L;7;0;;;80053;76530;5;
514;24;7637;L;7;0;;;80053;76344;5;
514;24;7669;L;7;0;;;80053;76798;5;
514;24;7625;L;7;0;;;80053;76332;5;
514;24;6095;L;1;1;;80053;76344;79530;5;
514;24;7649;L;7;0;;;80059;76530;5;
514;24;7639;L;7;0;;;80059;76344;5;
514;24;7631;L;7;0;;;80059;76332;5;
514;24;7655;L;7;0;;;80056;76530;5;
514;24;7657;L;7;0;;;80056;76695;5;
514;24;7659;L;7;0;;;80056;76695;5;
514;24;7645;L;7;0;;;80056;76344;5;
514;24;7627;L;7;0;;;80056;76332;5;
514;24;7629;L;7;0;;;80056;76781;5;
514;24;7635;L;7;0;;;76344;80053;5;
514;24;7643;L;7;0;;;76344;80059;5;
514;24;7641;L;7;0;;;76344;80056;5;
514;24;6494;L;1;3;;76344;76306;76400;5;
514;24;6496;L;1;3;;76306;76335;76344;5;
514;24;6519;L;1;3;;76335;76306;76267;5;
514;24;12526;L;1;3;;6025;76980;5939;2667;
514;24;7102;L;1;4;;76580;76486;76410;5;
514;24;6927;L;1;4;;76548;76973;76369;5;
514;24;7105;L;1;4;;76443;76535;76348;5;
514;24;1127;L;1;4;;39775;39737;39783;3;
514;24;2925;L;1;4;;40573;40306;40165;3;
514;24;2764;L;1;4;;40573;40202;41928;3;
514;24;2310;L;1;4;;39539;39536;39450;3;
514;24;2596;L;1;4;;40512;40513;39255;3;
514;24;7108;L;1;4;;79712;76332;80081;5;
514;24;7114;L;1;4;;77181;76297;76560;5;
514;24;12855;L;1;4;;77181;6125;6011;2667;
514;24;12676;L;1;4;;6094;6033;6093;2667;
514;24;7118;L;1;4;;76348;76332;76400;5;
514;24;13167;L;1;4;;6470;6122;6119;2667;
514;24;6931;L;1;4;;76539;77194;76293;5;
514;24;2646;L;1;4;;39704;41914;39705;3;
514;24;12557;L;1;3;;21942;5992;15876;2667;
514;24;12886;L;1;4;;6132;6086;6129;2667;
514;24;21570;L;1;4;;41681;77221;77194;2678;
514;24;2248;L;1;4;;41681;39904;39672;3;
514;24;13197;L;1;4;;15826;15824;15827;2667;
514;24;111;L;1;4;;38760;38761;39977;3;
514;24;119;L;1;4;;38768;39536;38761;3;
514;24;2958;L;1;4;;80108;40238;40506;3;
514;24;1320;L;1;4;;39964;39969;39596;3;
514;24;1805;L;1;4;;40248;40247;39125;3;
514;24;12927;L;1;4;;6030;6028;15834;2667;
514;24;6466;L;1;4;;77401;79483;76534;5;
514;24;12594;L;1;4;;6069;21954;6071;2667;
514;24;7351;L;1;4;;77394;79483;76534;5;
514;24;1354;L;1;4;;40002;40003;40005;3;
514;24;2358;L;1;4;;38717;39658;38761;3;
514;24;2321;L;1;4;;40352;38770;40353;3;
514;24;6645;L;1;4;;76535;76344;76400;5;
514;24;21840;L;1;4;;19002;19008;19120;2678;
514;24;21795;L;1;4;;19002;18934;19004;2678;
514;24;6246;L;7;0;;;76464;76633;5;
514;24;6743;L;1;4;;76464;76391;76476;5;
514;24;21837;L;1;4;;19008;77207;19002;2678;
514;24;2871;L;1;4;;48001;39462;38761;3;
514;24;21818;L;1;4;;18913;18921;18998;2678;
514;24;21760;L;1;4;;18999;18904;19000;2678;
514;24;21812;L;1;4;;18912;77221;18998;2678;
514;24;2745;L;1;4;;39789;39738;39746;3;
514;24;12532;L;1;3;;5939;79533;77221;2667;
514;24;501;L;1;4;;39145;39146;39150;3;
514;24;1797;L;1;4;;39934;39932;39937;3;
514;24;7576;L;1;4;;80026;76339;80029;5;
514;24;1750;L;1;4;;39783;39775;40224;3;
514;24;2233;L;1;4;;40334;39746;39738;3;
514;24;13222;L;1;4;;15833;5939;6114;2667;
514;24;1071;L;1;4;;39719;39720;39731;3;
514;24;423;L;1;4;;39069;39070;39063;3;
514;24;21756;L;1;4;;39977;41681;18950;2678;
514;24;1988;L;1;4;;39471;41916;39464;3;
514;24;12776;L;1;4;;6118;41396;6020;2667;
514;24;2859;L;1;4;;39810;41701;39925;3;
514;24;21632;L;1;4;;18952;18954;18988;2678;
514;24;21628;L;1;3;;19091;19093;18952;2678;
514;24;21902;L;1;4;;18971;77221;41760;2678;
514;24;12597;L;1;4;;6071;6055;6069;2667;
514;24;12600;L;1;4;;6040;6036;6055;2667;
514;24;1984;L;1;4;;39467;39474;39464;3;
514;24;826;L;1;4;;39271;39458;39485;3;
514;24;13243;L;1;4;;15838;15840;6067;2667;
514;24;7599;L;1;4;;80032;76447;76444;5;
514;24;899;L;1;4;;39470;41916;39464;3;
514;24;21876;L;1;4;;18975;18897;40143;2678;
514;24;2525;L;1;4;;40288;40287;41728;3;
514;24;13226;L;1;4;;15834;15836;6114;2667;
514;24;12902;L;1;4;;6052;5939;6114;2667;
514;24;2742;L;1;4;;40347;38796;39957;3;
514;24;668;L;1;4;;39319;41679;39970;3;
514;24;162;L;1;4;;39296;48015;41679;3;
514;24;7485;L;1;4;;77409;76297;77404;5;
514;24;2965;L;1;4;;39278;39025;41920;3;
514;24;6849;L;1;4;;77217;76293;76344;5;
514;24;21765;L;1;4;;77217;18921;18918;2678;
514;24;2303;L;1;4;;40346;38788;40347;3;
514;24;21983;L;1;4;;40346;22124;18892;2678;
514;24;2606;L;1;4;;40516;38982;40519;3;
514;24;12763;L;1;4;;6020;6017;6118;2667;
514;24;12665;L;1;4;;6020;6026;6027;2667;
514;24;13060;L;1;4;;6015;6477;6020;2667;
514;24;528;L;1;4;;39174;39185;39175;3;
514;24;7122;L;1;4;;76492;76494;76482;5;
514;24;7128;L;1;4;;76494;76476;76492;5;
514;24;2656;L;1;4;;40445;61439;38885;3;
514;24;13064;L;1;4;;6082;5982;6121;2667;
514;24;2895;L;7;0;;;40565;48046;3;
514;24;2703;L;7;0;;;40554;41878;3;
514;24;2953;L;1;4;;80106;40010;80107;3;
514;24;13099;L;1;4;;5971;15876;6076;2667;
514;24;2257;L;1;4;;39918;39672;76261;3;
514;24;12923;L;1;4;;6053;6136;5939;2667;
514;24;12912;L;1;4;;6019;6020;6090;2667;
514;24;12918;L;1;4;;6090;6026;6136;2667;
514;24;461;L;1;4;;39107;39108;39110;3;
514;24;7133;L;1;4;;76505;76374;76375;5;
514;24;7136;L;1;4;;76564;76434;76374;5;
514;24;7530;L;1;4;;77428;76534;76332;5;
514;24;12747;L;1;4;;6045;6025;6100;2667;
514;24;1706;L;1;4;;39181;40221;40244;3;
514;24;1700;L;1;4;;39182;40221;40224;3;
514;24;2559;L;1;4;;40497;40032;40229;3;
514;24;7583;L;1;4;;77417;80028;77418;5;
514;24;22005;L;1;4;;19006;18914;77208;2678;
514;24;7398;L;1;4;;80090;76436;79712;5;
514;24;6792;L;1;4;;76374;76341;76436;5;
514;24;22027;L;1;4;;19007;18914;18917;2678;
514;24;395;L;1;4;;38937;40025;38885;3;
514;24;6934;L;1;4;;76518;76344;76436;5;
514;24;12709;L;1;4;;6102;6041;6042;2667;
514;24;7596;L;1;4;;76447;76444;80032;5;
514;24;13171;L;1;4;;6471;6119;41496;2667;
514;24;295;L;1;4;;38946;38945;38682;3;
514;24;21896;L;1;4;;18970;77221;41760;2678;
514;24;2412;L;1;4;;48021;40554;39492;3;
514;24;7140;L;1;4;;76435;76535;76374;5;
514;24;1893;L;1;4;;39695;39697;38799;3;
514;24;1853;L;1;4;;38790;39820;41679;3;
514;24;12632;L;1;4;;6032;6019;6142;2667;
514;24;7144;L;1;4;;76436;76535;76823;5;
514;24;1956;L;1;4;;40256;39293;40514;3;
514;24;1517;L;1;3;;40164;40090;40169;3;
514;24;13266;L;1;4;;15875;15880;6467;2667;
514;24;1513;L;1;3;;40165;48005;40090;3;
514;24;6727;L;1;4;;76461;76380;76391;5;
514;24;7592;L;1;4;;76401;80031;76447;5;
514;24;21661;L;1;4;;18901;19097;22125;2678;
514;24;12604;L;1;4;;21954;6055;15873;2667;
514;24;7539;L;1;4;;77221;80088;76332;5;
514;24;6940;L;1;4;;77221;76534;76553;5;
514;24;12693;L;1;4;;77221;6096;5939;2667;
514;24;2687;L;1;4;;48015;62553;39296;3;
514;24;12729;L;1;4;;6097;6095;6108;2667;
514;24;6858;L;1;4;;76424;76361;76455;5;
514;24;21924;L;1;4;;41670;18896;41760;2678;
514;24;1233;L;1;4;;41670;39882;39710;3;
514;24;21684;L;1;4;;18928;18901;18924;2678;
514;24;12797;L;1;4;;41496;41396;5982;2667;
514;24;2569;L;1;4;;41922;41496;41863;3;
514;24;13153;L;1;4;;6467;41861;41496;2667;
514;24;1837;L;1;4;;39915;39132;39906;3;
514;24;7603;L;1;4;;76504;80033;76793;5;
514;24;6833;L;1;4;;76504;76341;76375;5;
514;24;2169;L;1;4;;41926;40184;40164;3;
514;24;13160;L;1;4;;6010;5990;6020;2667;
514;24;1226;L;1;4;;39874;39876;39709;3;
514;24;7526;L;1;4;;77425;77396;76535;5;
514;24;7522;L;1;4;;77426;76535;77425;5;
514;24;1911;L;1;4;;40237;39536;39450;3;
514;24;21728;L;1;4;;18922;18921;41680;2678;
514;24;21695;L;1;4;;18994;18947;18928;2678;
514;24;2362;L;1;4;;40362;38761;38717;3;
514;24;21582;L;1;3;;41680;18924;18932;2678;
514;24;2341;L;1;4;;40357;39325;39967;3;
514;24;1576;L;1;4;;38766;38760;40232;3;
514;24;1579;L;1;4;;40232;38766;39606;3;
514;24;7153;L;1;4;;76543;76474;76397;5;
514;24;7157;L;1;4;;76488;76292;76508;5;
514;24;18051;L;1;1;;63109;77445;63124;2668;
514;24;6060;L;1;1;;76280;79796;77471;5;
514;24;24051;L;1;1;;63127;63124;64364;2669;
514;24;36051;L;1;1;;63150;64364;79796;2671;
514;24;6236;L;7;0;;;76364;76530;5;
514;24;6522;L;1;3;;76364;76383;76267;5;
514;24;1745;L;1;4;;39175;39179;38701;3;
514;24;1783;L;1;4;;40246;39929;39893;3;
514;24;684;L;1;4;;39325;39319;39967;3;
514;24;2124;L;1;3;;40312;48054;40306;3;
514;24;12845;L;1;4;;6122;5980;6120;2667;
514;24;2128;L;1;3;;40306;40312;40573;3;
514;24;1619;L;1;4;;39966;39337;39967;3;
514;24;2222;L;1;4;;40333;39737;39792;3;
514;24;2331;L;1;4;;39373;39319;39970;3;
514;24;12972;L;1;4;;6104;6041;6042;2667;
514;24;6943;L;1;4;;76554;76337;76338;5;
514;24;7456;L;1;4;;77412;76466;76973;5;
514;24;12701;L;1;4;;76973;6093;6092;2667;
514;24;6771;L;1;4;;76973;76486;76337;5;
514;24;1584;L;1;3;;40090;40183;41871;3;
514;24;2090;L;1;3;;40302;40447;40293;3;
514;24;1580;L;1;3;;40183;40293;40181;3;
514;24;1011;L;1;4;;39659;39185;39660;3;
514;24;993;L;1;4;;38770;39642;39658;3;
514;24;7442;L;1;3;;76798;76297;79530;5;
514;24;7160;L;1;4;;76597;76534;76521;5;
514;24;51;L;1;3;;39660;38701;39659;3;
514;24;7165;L;1;4;;76521;76344;76793;5;
514;24;12641;L;1;4;;76980;6085;6055;2667;
514;24;6638;L;1;4;;76980;76432;76344;5;
514;24;694;L;1;4;;39345;48022;39574;3;
514;24;12784;L;1;4;;6119;6075;6082;2667;
514;24;1383;L;1;4;;38672;40032;39486;3;
514;24;2435;L;1;4;;40386;39200;40384;3;
514;24;21737;L;1;4;;18906;77194;18924;2678;
514;24;2804;L;1;4;;40364;41878;39278;3;
514;24;2371;L;1;4;;40364;39525;39410;3;
514;24;874;L;1;4;;39520;39525;39567;3;
514;24;2587;L;1;4;;39284;39293;39278;3;
514;24;2575;L;1;4;;39286;39278;39410;3;
514;24;6087;L;1;1;;77400;77401;79663;5;
514;24;48051;L;1;1;;63176;63161;79663;2673;
514;24;42051;L;1;1;;63164;63165;63155;2672;
514;24;36062;L;1;1;;63158;63155;63161;2671;
514;24;609;L;1;4;;39255;40032;39264;3;
514;24;2260;L;1;4;;39672;41681;39911;3;
514;24;27051;L;1;1;;64134;79533;63222;2676;
514;24;6051;L;1;1;;77153;80022;79533;5;
514;24;24056;L;1;1;;63131;63132;63138;2669;
514;24;36055;L;1;1;;63153;63138;80022;2671;
514;24;30051;L;1;1;;63140;63141;63132;2670;
514;24;6824;L;1;4;;76389;76338;76502;5;
514;24;2144;L;1;4;;41595;76337;40202;3;
514;24;6731;L;1;4;;76294;76391;76474;5;
514;24;7173;L;1;4;;76380;76334;76339;5;
514;24;6252;L;7;0;;;76390;76638;5;
514;24;6626;L;1;4;;76390;80036;76474;5;
514;24;2150;L;1;4;;40322;76337;40573;3;
514;24;7621;L;7;0;;;80048;80053;5;
514;24;7633;L;7;0;;;76332;80056;5;
514;24;6260;L;7;0;;;76332;76633;5;
514;24;6262;L;7;0;;;76662;76633;5;
514;24;7354;L;1;4;;76767;80051;77385;5;
514;24;6264;L;7;0;;;76781;76633;5;
514;24;6947;L;1;4;;76412;76973;76342;5;
514;24;6248;L;7;0;;;76391;76638;5;
514;24;6696;L;1;4;;76391;76461;76474;5;
514;24;7177;L;1;4;;76572;76336;76339;5;
514;24;6689;L;1;4;;76388;76294;76339;5;
514;24;2113;L;1;4;;40304;40447;40306;3;
514;24;21690;L;1;4;;18993;19099;18928;2678;
514;24;1339;L;1;4;;39572;40002;39988;3;
514;24;847;L;1;3;;39493;40554;39492;3;
514;24;777;L;1;3;;39264;40008;40554;3;
514;24;2556;L;1;4;;40008;40496;39264;3;
514;24;21798;L;1;4;;19004;19002;18940;2678;
514;24;21854;L;1;4;;19004;77207;19118;2678;
514;24;13113;L;1;4;;6123;6010;41861;2667;
514;24;7586;L;1;4;;80027;80026;76480;5;
514;24;1672;L;1;4;;39734;39110;39716;3;
514;24;1645;L;1;4;;39257;40008;39255;3;
514;24;2351;L;1;4;;40360;39314;41923;3;
514;24;2902;L;1;4;;48053;39319;39339;3;
514;24;1614;L;1;4;;39566;40361;39571;3;
514;24;2052;L;1;4;;76576;40202;40165;3;
514;24;7184;L;1;4;;76576;80095;80090;5;
514;24;2327;L;1;4;;39969;39306;39371;3;
514;24;7499;L;1;4;;77424;76793;76576;5;
514;24;2820;L;1;4;;41942;39275;39486;3;
514;24;13234;L;1;4;;6461;15837;15839;2667;
514;24;21462;L;1;4;;18924;18927;41680;2678;
514;24;21994;L;1;4;;19101;18924;18912;2678;
514;24;12956;L;1;4;;5985;63898;6141;2667;
514;24;2891;L;7;0;;;41878;40565;3;
514;24;2972;L;7;0;;;41878;40565;3;
514;24;2707;L;7;0;;;41878;40364;3;
514;24;2697;L;7;0;;;41878;39309;3;
514;24;2699;L;7;0;;;41878;41881;3;
514;24;2690;L;1;1;;41878;41877;38676;3;
514;24;2893;L;7;0;;;48048;40565;3;
514;24;2705;L;7;0;;;48046;40565;3;
514;24;2974;L;7;0;;;48046;40554;3;
514;24;7469;L;1;4;;77416;76475;77417;5;
514;24;21980;L;1;4;;18996;18946;18945;2678;
514;24;12838;L;1;4;;48005;5980;6118;2667;
514;24;21778;L;1;4;;18984;18912;18920;2678;
514;24;13254;L;1;4;;15842;21883;6066;2667;
514;24;1817;L;1;4;;40239;40240;76261;3;
514;24;1814;L;1;4;;40240;40274;40239;3;
514;24;1250;L;1;4;;39903;76261;39901;3;
514;24;1284;L;1;4;;39932;39934;39937;3;
514;24;1136;L;1;4;;39784;39775;39788;3;
514;24;6855;L;1;4;;76362;76455;76267;5;
514;24;7189;L;1;4;;76486;76306;76580;5;
514;24;13122;L;1;4;;6001;6460;15842;2667;
514;24;2913;L;1;4;;48058;48059;48060;3;
514;24;566;L;1;4;;38978;61439;38664;3;
514;24;1772;L;1;4;;39929;38701;40246;3;
514;24;6324;L;7;0;;;76399;76268;5;
514;24;7193;L;1;4;;76399;76296;76297;5;
514;24;6586;L;1;4;;76365;76341;76267;5;
514;24;6958;L;1;4;;76433;77217;76415;5;
514;24;6270;L;7;0;;;76341;76530;5;
514;24;6578;L;1;4;;76341;76412;76297;5;
514;24;7196;L;1;4;;76510;76508;76534;5;
514;24;1868;L;1;4;;38793;39910;41679;3;
514;24;1937;L;1;4;;39625;38761;39964;3;
514;24;6963;L;1;4;;76559;76297;76560;5;
514;24;1609;L;1;4;;40162;40163;40206;3;
514;24;1172;L;1;4;;39820;39132;39795;3;
514;24;619;L;1;4;;39277;39293;39486;3;
514;24;636;L;1;4;;39293;39962;39277;3;
514;24;1950;L;1;4;;39442;39962;40256;3;
514;24;1277;L;1;4;;39925;39931;48025;3;
514;24;7199;L;1;4;;76579;76339;76391;5;
514;24;1271;L;1;4;;39937;48025;41931;3;
514;24;2848;L;1;4;;41931;39937;39150;3;
514;24;7420;L;1;4;;76313;76466;76973;5;
514;24;1522;L;1;3;;40170;40169;40173;3;
514;24;1084;L;1;4;;39728;39108;39719;3;
514;24;7202;L;1;4;;76410;76369;76488;5;
514;24;2070;L;1;4;;48029;41894;40178;3;
514;24;7488;L;1;4;;77422;76590;76568;5;
514;24;7205;L;1;4;;76587;76590;76585;5;
514;24;2771;L;1;4;;41933;41920;41747;3;
514;24;2153;L;1;4;;40185;40202;40164;3;
514;24;1766;L;1;4;;40224;39663;39904;3;
514;24;2245;L;1;4;;40274;48071;40240;3;
514;24;2635;L;1;4;;40274;40527;40528;3;
514;24;2809;L;1;4;;40259;38761;39527;3;
514;24;2385;L;1;4;;39003;39227;40032;3;
514;24;2768;L;1;4;;41920;39278;41933;3;
514;24;7554;L;1;4;;76473;76363;76364;5;
514;24;6862;L;1;4;;76431;77194;76293;5;
514;24;6250;L;7;0;;;76293;76633;5;
514;24;6633;L;1;4;;76293;76390;76341;5;
514;24;907;L;1;4;;39555;39574;39965;3;
514;24;7222;L;1;4;;76512;76332;76606;5;
514;24;72;L;1;4;;39465;39474;39464;3;
514;24;2748;L;1;4;;41916;39470;39416;3;
514;24;489;L;1;4;;39133;39137;39296;3;
514;24;2179;L;1;4;;40168;40325;40164;3;
514;24;765;L;1;4;;39416;39275;39486;3;
514;24;2438;L;1;4;;40227;40387;40030;3;
514;24;7229;L;1;4;;76501;76332;76293;5;
514;24;7233;L;1;4;;76434;76980;76564;5;
514;24;21976;L;1;4;;19099;18947;18901;2678;
514;24;1917;L;1;4;;38771;39540;39531;3;
514;24;6757;L;1;4;;76296;76481;76399;5;
514;24;6761;L;1;4;;76482;76399;76483;5;
514;24;6752;L;1;4;;76479;76339;76481;5;
514;24;444;L;1;4;;39070;38937;39069;3;
514;24;2164;L;1;4;;40326;40185;40168;3;
514;24;13018;L;1;4;;6006;6001;6066;2667;
514;24;13026;L;1;4;;6004;15840;6460;2667;
514;24;1858;L;1;4;;38789;39135;41679;3;
514;24;934;L;1;4;;40005;39967;39571;3;
514;24;7612;L;1;4;;80037;76792;76391;5;
514;24;2355;L;1;4;;39315;40498;39574;3;
514;24;1213;L;1;4;;39901;39862;39709;3;
514;24;12712;L;1;4;;6103;6054;6041;2667;
514;24;782;L;1;4;;39538;39536;39965;3;
514;24;549;L;1;4;;38820;40032;40388;3;
514;24;6966;L;1;4;;76561;76293;76494;5;
514;24;12483;L;1;4;;5992;6023;6025;2667;
514;24;12478;L;1;4;;5992;5991;21942;2667;
514;24;12883;L;1;4;;6131;6096;6041;2667;
514;24;6622;L;1;4;;80036;77382;76332;5;
514;24;12941;L;1;4;;6136;6090;77221;2667;
514;24;1975;L;1;4;;39527;39525;38749;3;
514;24;13039;L;1;4;;6064;6460;15842;2667;
514;24;717;L;1;4;;39339;39371;39319;3;
514;24;1793;L;1;4;;39879;39876;39700;3;
514;24;60;L;1;3;;38761;38704;39474;3;
514;24;2947;L;1;4;;80105;39538;38713;3;
514;24;2027;L;1;4;;40169;40184;40206;3;
514;24;721;L;1;4;;39370;39373;39970;3;
514;24;21909;L;1;4;;18977;19096;18898;2678;
514;24;1787;L;1;4;;39663;39893;39659;3;
514;24;1348;L;1;4;;40003;39574;39965;3;
514;24;12851;L;1;4;;6011;5990;6062;2667;
514;24;2879;L;1;4;;48003;39791;48004;3;
514;24;2306;L;1;4;;40348;41679;38796;3;
514;24;520;L;1;4;;39164;41927;39165;3;
514;24;2254;L;1;4;;39165;39126;41969;3;
514;24;6740;L;1;4;;76475;76294;76464;5;
514;24;21701;L;1;4;;18995;18949;18928;2678;
514;24;6838;L;1;4;;76375;76504;76344;5;
514;24;7240;L;1;4;;76409;76369;76292;5;
514;24;21857;L;1;4;;18940;18939;19004;2678;
514;24;21802;L;1;4;;18981;19001;18978;2678;
514;24;2076;L;1;4;;40293;48005;40183;3;
514;24;2266;L;1;4;;40337;39677;39672;3;
514;24;21532;L;1;3;;18954;77221;18952;2678;
514;24;21920;L;1;4;;19024;18954;18970;2678;
514;24;6969;L;1;4;;76562;76534;76342;5;
514;24;6973;L;1;4;;76500;76412;77194;5;
514;24;7243;L;1;4;;76511;76508;76534;5;
514;24;12706;L;1;4;;6101;76973;6038;2667;
514;24;1602;L;1;4;;40202;40298;40185;3;
514;24;2147;L;1;4;;41929;40202;41871;3;
514;24;21668;L;1;4;;18947;18901;18892;2678;
514;24;21785;L;1;4;;18998;39977;18914;2678;
514;24;13176;L;1;4;;6469;5982;15880;2667;
514;24;867;L;1;4;;39484;39275;39271;3;
514;24;1981;L;1;4;;38749;39527;39474;3;
514;24;1526;L;1;3;;40175;40176;40170;3;
514;24;21608;L;1;3;;18958;18954;18978;2678;
514;24;511;L;1;4;;39137;39165;39156;3;
514;24;1441;L;1;1;;40268;40145;41878;3;
514;24;6865;L;1;4;;76340;76332;77194;5;
514;24;12967;L;1;4;;6038;38681;6055;2667;
514;24;12660;L;1;4;;6026;6020;38681;2667;
514;24;7246;L;1;4;;76502;76332;77194;5;
514;24;2515;L;1;4;;40006;40167;40160;3;
514;24;2218;L;1;4;;39712;39108;39719;3;
514;24;6102;L;1;1;;77124;76270;76750;5;
514;24;37;L;1;1;;41602;39277;41862;3;
514;24;4;L;1;1;;41602;48041;63898;3;
514;24;2065;L;1;4;;48024;76576;40167;3;
514;24;7572;L;1;4;;80025;80024;76542;5;
514;24;21842;L;1;4;;19122;18898;41760;2678;
514;24;941;L;1;4;;39981;40005;39977;3;
514;24;12759;L;1;4;;6112;6031;6114;2667;
514;24;428;L;1;4;;39063;61439;39069;3;
514;24;1431;L;1;4;;39193;39217;48028;3;
514;24;2933;L;1;4;;80102;39193;39400;3;
514;24;6747;L;1;4;;76432;76476;76492;5;
514;24;1924;L;1;4;;39531;39658;39462;3;
514;24;487;L;1;4;;39132;39660;39125;3;
514;24;651;L;1;4;;39970;38796;39574;3;
514;24;18064;L;1;1;;63118;79548;63125;2668;
514;24;1476;L;1;1;;41867;41868;41869;3;
514;24;60063;L;1;1;;64127;64126;63212;2675;
514;24;2473;L;1;1;;41628;40156;40480;3;
514;24;17;L;1;3;;39967;48015;39540;3;
514;24;540;L;1;4;;39186;41970;40032;3;
514;24;2424;L;1;4;;40383;40479;63898;3;
514;24;7250;L;1;4;;76397;76591;76297;5;
514;24;12732;L;1;4;;6024;76980;6025;2667;
514;24;12998;L;1;4;;6066;6460;15842;2667;
514;24;2639;L;1;4;;40531;39908;38704;3;
514;24;6977;L;1;4;;76506;76343;76344;5;
514;24;21991;L;1;4;;76343;18922;77194;2678;
514;24;6841;L;1;4;;76343;76332;76504;5;
514;24;7253;L;1;4;;76415;76492;76535;5;
514;24;1229;L;1;4;;39876;39874;41670;3;
514;24;12936;L;1;4;;22128;6030;6136;2667;
514;24;13218;L;1;4;;15832;15831;22128;2667;
514;24;7259;L;1;4;;76342;76562;77217;5;
514;24;1821;L;1;4;;39126;41931;40249;3;
514;24;914;L;1;4;;39988;39566;39563;3;
514;24;12440;L;1;4;;5956;79533;5976;2667;
514;24;1290;L;1;4;;41728;39932;39660;3;
514;24;21885;L;1;4;;41728;19108;41760;2678;
514;24;2272;L;1;4;;40339;39911;38704;3;
514;24;7463;L;1;4;;77414;77194;76293;5;
514;24;21830;L;1;4;;77208;18984;19006;2678;
514;24;6799;L;1;4;;77208;76474;76490;5;
514;24;2593;L;1;4;;40511;39257;40512;3;
514;24;13067;L;1;4;;41396;5976;6118;2667;
514;24;959;L;1;4;;41396;38761;39984;3;
514;24;756;L;1;4;;41747;41933;39474;3;
514;24;21879;L;1;4;;41747;18897;18959;2678;
514;24;13277;L;1;3;;15884;41495;5972;2667;
514;24;1455;L;1;1;;40607;63898;40148;3;
514;24;33051;L;1;1;;63224;63225;63898;2677;
514;24;12093;L;1;1;;6160;40148;21954;2667;
514;24;128;L;1;4;;41679;38788;39296;3;
514;24;21520;L;1;4;;41679;18921;18950;2678;
514;24;21506;L;1;3;;18892;21854;18948;2678;
514;24;21498;L;1;4;;18942;18892;18894;2678;
514;24;21514;L;1;3;;18927;18948;41679;2678;
514;24;1630;L;1;4;;39012;39253;40032;3;
514;24;1626;L;1;4;;39240;39309;39253;3;
514;24;6282;L;7;0;;;76398;76268;5;
514;24;6875;L;1;4;;76398;76479;76297;5;
514;24;6280;L;7;0;;;76683;76268;5;
514;24;12718;L;1;4;;6042;6090;6055;2667;
514;24;7265;L;1;4;;76472;76363;76364;5;
514;24;750;L;1;4;;39401;40032;40554;3;
514;24;2016;L;1;4;;39496;40010;39493;3;
514;24;6810;L;1;4;;76440;76535;76582;5;
514;24;12715;L;1;4;;6087;6042;76980;2667;
514;24;1641;L;1;4;;39262;40032;39255;3;
514;24;34;L;1;1;;41862;62553;77471;3;
514;24;7272;L;1;4;;76560;77181;76365;5;
514;24;7358;L;1;4;;80097;76560;76542;5;
514;24;6982;L;1;4;;76458;76296;76376;5;
514;24;6296;L;7;0;;;76268;76530;5;
514;24;6332;L;7;0;;;76268;76695;5;
514;24;6320;L;7;0;;;76268;76684;5;
514;24;6340;L;7;0;;;76268;76296;5;
514;24;6242;L;7;0;;;76268;76474;5;
514;24;6201;L;1;1;;76268;76292;79548;5;
514;24;6312;L;7;0;;;76633;76530;5;
514;24;6300;L;7;0;;;76633;76695;5;
514;24;6304;L;7;0;;;76633;76684;5;
514;24;6306;L;7;0;;;76633;76847;5;
514;24;6254;L;7;0;;;76633;76293;5;
514;24;6222;L;7;0;;;76633;76542;5;
514;24;6294;L;7;0;;;76638;76530;5;
514;24;6298;L;7;0;;;76638;76695;5;
514;24;6302;L;7;0;;;76638;76684;5;
514;24;6258;L;7;0;;;76638;76662;5;
514;24;6266;L;7;0;;;76638;76781;5;
514;24;6244;L;7;0;;;76638;76391;5;
514;24;6224;L;7;0;;;76638;76639;5;
514;24;6256;L;7;0;;;76660;76332;5;
514;24;6240;L;7;0;;;76474;76268;5;
514;24;6895;L;1;4;;76474;76390;76479;5;
514;24;1874;L;1;4;;40222;39820;38788;3;
514;24;6868;L;1;4;;76508;76306;76332;5;
514;24;7518;L;1;4;;77396;77425;80090;5;
514;24;6987;L;1;4;;76565;76567;76346;5;
514;24;7278;L;1;4;;76346;76332;76535;5;
514;24;6990;L;1;4;;76568;76534;76332;5;
514;24;6994;L;1;4;;76570;76346;76567;5;
514;24;470;L;1;4;;39738;39720;40334;3;
514;24;573;L;1;4;;39227;39231;39217;3;
514;24;172;L;1;4;;39574;39970;39309;3;
514;24;2695;L;7;0;;;39309;41878;3;
514;24;584;L;1;4;;39309;39563;39227;3;
514;24;2701;L;7;0;;;41881;41878;3;
514;24;1849;L;1;4;;39827;41495;39820;3;
514;24;13083;L;1;4;;6133;6061;41861;2667;
514;24;302;L;1;4;;38947;38945;38682;3;
514;24;21587;L;1;3;;41666;18962;77221;2678;
514;24;12814;L;1;4;;41666;6119;6118;2667;
514;24;6997;L;1;4;;76455;76335;76376;5;
514;24;2174;L;1;4;;40186;40184;40164;3;
514;24;21952;L;1;4;;19001;18981;18921;2678;
514;24;2291;L;1;4;;40343;40222;38799;3;
514;24;2287;L;1;4;;40342;38799;40222;3;
514;24;1141;L;1;4;;39795;39821;38704;3;
514;24;2553;L;1;4;;40495;39278;40496;3;
514;24;1944;L;1;4;;39460;39537;39658;3;
514;24;1681;L;1;4;;39722;39115;39791;3;
514;24;1685;L;1;4;;39742;39719;39737;3;
514;24;2219;L;1;4;;39720;39719;39737;3;
514;24;1900;L;1;4;;39688;39700;39543;3;
514;24;2530;L;1;4;;39842;39853;39843;3;
514;24;1056;L;1;4;;39710;39853;39709;3;
514;24;1238;L;1;4;;39185;39719;39903;3;
514;24;2283;L;1;4;;39692;39642;38799;3;
514;24;2118;L;1;4;;40303;40447;40315;3;
514;24;727;L;1;4;;38697;48015;39309;3;
514;24;1715;L;1;4;;40221;39783;39179;3;
514;24;1843;L;1;4;;41495;40249;39906;3;
514;24;12820;L;1;4;;41495;41861;6118;2667;
514;24;1712;L;1;4;;39889;39185;39783;3;
514;24;738;L;1;4;;39389;39245;40032;3;
514;24;2759;L;1;4;;41925;38701;39934;3;
514;24;7492;L;1;4;;77423;76793;79712;5;
514;24;6530;L;1;3;;76387;76388;76383;5;
514;24;6924;L;1;4;;76571;76494;76432;5;
514;24;13096;L;1;4;;6062;21942;6133;2667;
514;24;21704;L;1;4;;41701;18922;19119;2678;
514;24;1741;L;1;4;;41701;39175;39810;3;
514;24;21658;L;1;4;;18946;18945;18892;2678;
514;24;12831;L;1;4;;41493;6122;6118;2667;
514;24;2073;L;1;4;;41493;41894;40178;3;
514;24;7285;L;1;4;;76583;76424;76588;5;
514;24;2159;L;1;4;;40325;40185;40168;3;
514;24;12690;L;1;4;;6096;6098;6095;2667;
514;24;13104;L;1;4;;6027;6020;6098;2667;
514;24;2962;L;1;4;;39410;38760;40365;3;
514;24;2584;L;1;4;;40509;39410;39284;3;
514;24;2581;L;1;4;;39506;39525;39410;3;
514;24;12755;L;1;4;;6048;6030;5939;2667;
514;24;7478;L;1;4;;77420;77419;77208;5;
514;24;7323;L;1;4;;76490;76612;76479;5;
514;24;22029;L;1;4;;18934;19002;41706;2678;
514;24;21843;L;1;4;;18917;19013;19002;2678;
514;24;21913;L;1;4;;19096;18970;18977;2678;
514;24;465;L;1;4;;39110;39107;39720;3;
514;24;1591;L;1;3;;40167;40306;40006;3;
514;24;2276;L;1;4;;40340;40339;39692;3;
514;24;773;L;1;3;;39427;40554;39264;3;
514;24;2269;L;1;4;;40338;39911;39677;3;
514;24;982;L;1;4;;38796;39906;39970;3;
514;24;2451;L;1;1;;41874;77471;39487;3;
514;24;21051;L;1;1;;19090;18871;19093;2678;
514;24;12073;L;1;1;;6457;39487;5954;2667;
514;24;6936;L;1;4;;76462;76390;76388;5;
514;24;6533;L;1;3;;76338;76332;76388;5;
514;24;6712;L;1;4;;76429;76390;76388;5;
514;24;7005;L;1;4;;76573;76332;76380;5;
514;24;7010;L;1;4;;76460;76380;76388;5;
514;24;6591;L;1;4;;76336;76332;76334;5;
514;24;2141;L;1;4;;76337;76389;40322;3;
514;24;6764;L;1;4;;76337;76332;76390;5;
514;24;6882;L;1;4;;76339;76332;76388;5;
514;24;2060;L;1;4;;41894;40203;76576;3;
514;24;165;L;1;4;;39371;39296;39965;3;
514;24;744;L;1;4;;39405;38672;39400;3;
514;24;1027;L;1;4;;39862;39903;39875;3;
514;24;6829;L;1;4;;77207;76341;76503;5;
514;24;21441;L;1;4;;77207;18914;18920;2678;
514;24;306;L;1;4;;38681;38946;63898;3;
514;24;12687;L;1;4;;38681;6026;6095;2667;
514;24;6818;L;1;4;;77194;76293;76341;5;
514;24;21426;L;1;4;;77194;22125;41681;2678;
514;24;22032;L;1;4;;19114;77194;18950;2678;
514;24;21436;L;1;4;;18911;41681;18914;2678;
514;24;334;L;1;4;;40025;38905;63898;3;
514;24;1695;L;1;4;;39750;39719;41938;3;
514;24;1688;L;1;4;;39748;39728;39746;3;
514;24;7403;L;1;4;;77405;76378;76486;5;
514;24;13116;L;1;4;;6057;76896;6027;2667;
514;24;1063;L;1;4;;39735;39712;39731;3;
514;24;6723;L;1;4;;76363;76472;76267;5;
514;24;7016;L;1;4;;76396;76427;76835;5;
514;24;6228;L;7;0;;;76395;76530;5;
514;24;6718;L;1;4;;76395;76388;76472;5;
514;24;6544;L;1;4;;76393;76335;76364;5;
514;24;1829;L;1;4;;48025;39934;41728;3;
514;24;1887;L;1;4;;40254;39440;38760;3;
514;24;6220;L;7;0;;;76542;76638;5;
514;24;7025;L;1;4;;76542;80025;77404;5;
514;24;13071;L;1;4;;6120;6150;6119;2667;
514;24;2263;L;1;4;;39875;39901;39862;3;
514;24;2486;L;1;4;;39875;39709;48030;3;
514;24;1808;L;1;4;;39129;41728;39125;3;
514;24;12751;L;1;4;;15867;6063;15840;2667;
514;24;1593;L;1;4;;39247;39309;39571;3;
514;24;21825;L;1;4;;18914;18984;19002;2678;
514;24;1118;L;1;4;;39120;39738;39775;3;
514;24;21770;L;1;4;;19000;77217;18999;2678;
514;24;12963;L;1;4;;6054;6038;6040;2667;
514;24;6234;L;7;0;;;76383;76530;5;
514;24;7550;L;1;4;;76383;76472;76364;5;
514;24;13030;L;1;4;;6460;6001;6067;2667;
514;24;449;L;1;4;;39108;40120;39735;3;
514;24;2781;L;1;4;;39108;39731;48031;3;
514;24;1691;L;1;4;;39716;39735;39750;3;
514;24;7481;L;1;4;;77421;76297;76542;5;
514;24;12893;L;1;4;;6105;6042;6132;2667;
514;24;12975;L;1;4;;6041;6104;6055;2667;
514;24;13205;L;1;4;;6035;15828;15830;2667;
514;24;12867;L;1;4;;5991;6017;6010;2667;
514;24;7289;L;1;4;;76607;80090;80033;5;
514;24;2400;L;1;4;;40374;40030;39492;3;
514;24;1664;L;1;4;;40229;39262;38672;3;
514;24;1649;L;1;4;;40371;40456;39492;3;
514;24;2883;L;1;4;;40456;48074;40371;3;
514;24;2775;L;1;4;;40456;38905;40371;3;
514;24;2375;L;1;4;;40367;38676;39485;3;
514;24;12862;L;1;4;;6059;6127;6020;2667;
514;24;7031;L;1;4;;76491;76432;76489;5;
514;24;2823;L;1;4;;48073;39474;39464;3;
514;24;21935;L;1;4;;40143;19025;18987;2678;
514;24;2197;L;1;4;;40143;41861;40062;3;
514;24;1031;L;1;4;;39700;48075;38799;3;
514;24;77;L;1;3;;39658;39700;39474;3;
514;24;2081;L;1;4;;40292;48005;40305;3;
514;24;1914;L;1;4;;38846;39540;39450;3;
514;24;545;L;1;4;;39400;40032;40554;3;
514;24;13283;L;1;4;;15878;6074;21954;2667;
514;24;2737;L;1;4;;41913;39255;40229;3;
514;24;1965;L;1;4;;40238;38768;39462;3;
514;24;1758;L;1;4;;39146;39145;38701;3;
514;24;6676;L;1;4;;76376;76454;76798;5;
514;24;6226;L;7;0;;;76639;76633;5;
514;24;7615;L;1;4;;80038;76484;76294;5;
514;24;7297;L;1;4;;76610;76374;76609;5;
514;24;12896;L;1;4;;6086;6132;76980;2667;
514;24;494;L;1;4;;39138;40334;39146;3;
514;24;13003;L;1;4;;6065;15883;6008;2667;
514;24;7560;L;1;4;;76416;80023;76365;5;
514;24;1438;L;1;4;;39454;39450;39537;3;
514;24;507;L;1;4;;39150;39145;41976;3;
514;24;7034;L;1;4;;76567;76793;79712;5;
514;24;1927;L;1;4;;38742;39539;38771;3;
514;24;13210;L;1;4;;15830;15829;6034;2667;
514;24;12669;L;1;4;;6034;5972;6092;2667;
514;24;6673;L;1;4;;76454;76335;76376;5;
514;24;21620;L;1;3;;18918;18978;77207;2678;
514;24;1489;L;1;1;;41866;41865;40394;3;
514;24;12899;L;1;4;;6050;5939;6114;2667;
514;24;7557;L;1;4;;80023;80025;76416;5;
514;24;2388;L;1;4;;40368;38905;41924;3;
514;24;741;L;1;4;;39231;39227;39245;3;
514;24;7410;L;1;4;;76425;76334;76361;5;
514;24;7413;L;1;4;;77411;76361;76334;5;
514;24;2344;L;1;4;;40358;39319;40359;3;
514;24;554;L;1;4;;39200;38905;38664;3;
514;24;13183;L;1;4;;6142;6032;6074;2667;
514;24;13201;L;1;4;;15827;6072;15878;2667;
514;24;12959;L;1;4;;6074;5973;6142;2667;
514;24;12613;L;1;4;;5973;6020;21954;2667;
514;24;12655;L;1;4;;6072;5973;21954;2667;
514;24;2614;L;1;4;;38982;40025;40479;3;
514;24;2324;L;1;4;;40354;39646;39962;3;
514;24;2783;L;1;4;;39646;39658;39440;3;
514;24;700;L;1;4;;48022;39966;39345;3;
514;24;13231;L;1;4;;15837;5939;6461;2667;
514;24;13119;L;1;4;;6113;5939;6112;2667;
514;24;12113;L;1;1;;80117;80118;5939;2667;
514;24;228;L;1;3;;38884;38883;38682;3;
514;24;21422;L;1;3;;22125;62901;77194;2678;
514;24;2279;L;1;4;;40341;40339;39906;3;
514;24;56;L;1;3;;38704;39660;38761;3;
514;24;154;L;1;4;;38799;39536;38788;3;
514;24;1019;L;1;4;;39911;39677;39906;3;
514;24;970;L;1;4;;38763;41912;38760;3;
514;24;2590;L;1;4;;40510;40032;39257;3;
514;24;432;L;1;4;;38891;61439;38664;3;
514;24;880;L;1;4;;39462;39537;39527;3;
514;24;7623;L;7;0;;;80051;80053;5;
514;24;2031;L;1;4;;40160;40054;40164;3;
514;24;7301;L;1;4;;76507;76332;76980;5;
514;24;7306;L;1;4;;76553;77221;76332;5;
514;24;6776;L;1;4;;76466;76486;76336;5;
514;24;1890;L;1;4;;39693;41977;38799;3;
514;24;7533;L;1;4;;77429;76332;76521;5;
514;24;7309;L;1;4;;76503;77207;76597;5;
514;24;946;L;1;4;;39984;39977;39606;3;
514;24;1732;L;1;4;;40245;40244;39663;3;
514;24;2509;L;1;4;;41906;38673;38672;3;
514;24;2944;L;1;4;;80104;38761;39525;3;
514;24;2795;L;1;4;;41940;40030;40554;3;
514;24;22008;L;1;4;;19103;18933;19104;2678;
514;24;862;L;1;4;;39275;39525;41942;3;
514;24;856;L;1;4;;39525;38761;39275;3;
514;24;13052;L;1;4;;6031;6048;6114;2667;
514;24;7466;L;1;4;;77415;76293;76475;5;
514;24;7580;L;1;4;;80028;80029;77417;5;
514;24;6571;L;1;4;;76369;76306;76332;5;
514;24;12698;L;1;4;;41461;5939;6100;2667;
514;24;2494;L;1;3;;40431;41461;40387;3;
514;24;12504;L;1;3;;6029;6028;5939;2667;
514;24;12638;L;1;4;;6083;77221;6085;2667;
514;24;21709;L;1;4;;18903;77194;18924;2678;
514;24;6709;L;1;4;;76468;76332;76380;5;
514;24;7511;L;1;4;;76439;76565;80090;5;
514;24;2544;L;1;4;;40492;39309;39253;3;
514;24;12905;L;1;4;;6012;6125;6019;2667;
514;24;13075;L;1;4;;6150;6012;6120;2667;
514;24;731;L;1;4;;39245;39309;39389;3;
514;24;2548;L;1;4;;39253;40032;40494;3;
514;24;1761;L;1;4;;39904;76261;39862;3;
514;24;21808;L;1;4;;18980;19005;19040;2678;
514;24;1780;L;1;4;;39931;40246;39925;3;
514;24;6779;L;1;4;;76292;76369;76332;5;
514;24;1668;L;1;4;;39429;40010;39264;3;
514;24;12726;L;1;4;;6106;6107;6040;2667;
514;24;12982;L;1;4;;6107;6108;6041;2667;
514;24;12683;L;1;4;;6095;6096;38681;2667;
514;24;2601;L;1;4;;40515;39255;40229;3;
514;24;21792;L;1;4;;18933;18998;18950;2678;
514;24;1209;L;1;4;;39843;39842;39697;3;
514;24;1992;L;1;4;;39485;39271;40367;3;
514;24;1107;L;1;4;;39791;39737;39142;3;
514;24;2317;L;1;4;;40351;39658;38770;3;
514;24;1053;L;1;4;;39705;39704;39642;3;
514;24;2876;L;1;4;;48002;39725;39791;3;
514;24;2211;L;1;4;;40332;39719;39725;3;
514;24;1661;L;1;4;;40231;40010;48010;3;
514;24;1656;L;1;4;;40010;40554;40231;3;
514;24;7041;L;1;4;;77388;76338;76578;5;
514;24;1896;L;1;4;;39543;39710;39536;3;
514;24;1206;L;1;4;;39853;39710;39842;3;
514;24;6609;L;1;4;;76334;76332;76336;5;
514;24;1947;L;1;4;;39458;39537;39658;3;
514;24;2868;L;1;4;;48000;38768;39462;3;
514;24;12858;L;1;4;;6125;77181;6126;2667;
514;24;169;L;1;4;;39197;40030;40554;3;
514;24;1735;L;1;4;;39788;39784;40585;3;
514;24;602;L;1;4;;39384;39309;40032;3;
514;24;1308;L;1;4;;39956;39957;39962;3;
514;24;1299;L;1;4;;39643;38770;39956;3;
514;24;1217;L;1;4;;39709;39875;39700;3;
514;24;13011;L;1;4;;6007;6001;6065;2667;
514;24;274;L;1;4;;40479;40062;40535;3;
514;24;771;L;1;4;;39563;39309;39965;3;
514;24;13139;L;1;4;;6005;15867;15842;2667;
514;24;12610;L;1;4;;5974;41861;6073;2667;
514;24;12951;L;1;4;;6092;6074;6055;2667;
514;24;1042;L;1;4;;39642;39705;38770;3;
514;24;7589;L;1;4;;80030;76480;76543;5;
514;24;12509;L;1;3;;5972;41861;6035;2667;
514;24;7475;L;1;4;;77419;76612;77420;5;
514;24;405;L;1;4;;38938;39200;38885;3;
514;24;7460;L;1;4;;77413;77412;76332;5;
514;24;1155;L;1;4;;38701;39185;41925;3;
514;24;561;L;1;4;;39207;40030;39200;3;
514;24;2968;L;1;1;;80120;39965;40510;3;
514;24;2889;L;7;0;;;39965;41878;3;
514;24;927;L;1;4;;39571;39567;39247;3;
514;24;1364;L;1;4;;48010;38676;39486;3;
514;24;1941;L;1;4;;39453;39450;39537;3;
514;24;13192;L;1;4;;15824;15825;6142;2667;
514;24;2617;L;1;4;;40520;40223;40521;3;
514;24;21651;L;1;4;;19097;18901;18892;2678;
514;24;12806;L;1;4;;6076;5982;41496;2667;
514;24;1862;L;1;4;;39821;38790;39795;3;
514;24;21868;L;1;4;;19005;18979;18981;2678;
514;24;7315;L;1;4;;76608;76610;76607;5;
514;24;7318;L;1;4;;76609;76344;76607;5;
514;24;677;L;1;4;;39337;39370;39319;3;
514;24;575;L;1;4;;39217;39219;40032;3;
