CID;TABCD;LCD;INT_CID;INT_TABCD;INT_LCD
496;6;1319;496;6;2995
496;6;2995;496;6;2997
496;6;2997;496;6;1319
496;6;822;496;6;1042
496;6;1042;496;6;1451
496;6;1451;496;6;2741
496;6;2741;496;6;822
496;6;2998;496;6;3000
496;6;3000;496;6;2998
496;6;815;496;6;817
496;6;817;496;6;815
496;6;821;496;6;2486
496;6;2486;496;6;821
496;6;825;496;6;3004
496;6;3004;496;6;825
496;6;6497;496;6;6499
496;6;6499;496;6;6645
496;6;6645;496;6;6497
496;6;6646;496;6;6865
496;6;6865;496;6;6867
496;6;6867;496;6;6646
496;6;7035;496;6;7372
496;6;7372;496;6;7035
496;6;6473;496;6;6671
496;6;6671;496;6;6672
496;6;6672;496;6;6473
496;6;6727;496;6;8687
496;6;8687;496;6;6727
496;6;6728;496;6;8693
496;6;8693;496;6;8695
496;6;8695;496;6;6728
496;6;8706;496;6;8828
496;6;8828;496;6;8706
496;6;6729;496;6;8772
496;6;8772;496;6;6729
496;6;8603;496;6;8616
496;6;8616;496;6;8618
496;6;8618;496;6;8603
496;6;6706;496;6;6730
496;6;6730;496;6;6810
496;6;6810;496;6;8961
496;6;8961;496;6;6706
496;6;6711;496;6;6731
496;6;6731;496;6;6812
496;6;6812;496;6;8800
496;6;8800;496;6;6711
496;6;6732;496;6;7165
496;6;7165;496;6;6732
496;6;6631;496;6;6734
496;6;6734;496;6;7044
496;6;7044;496;6;6631
496;6;6768;496;6;7697
496;6;7697;496;6;6768
496;6;2714;496;6;6736
496;6;6736;496;6;2714
496;6;326;496;6;827
496;6;827;496;6;326
496;6;2715;496;6;2717
496;6;2717;496;6;2715
496;6;2131;496;6;2132
496;6;2132;496;6;2131
496;6;1343;496;6;2119
496;6;2119;496;6;1343
496;6;196;496;6;928
496;6;928;496;6;1345
496;6;1345;496;6;196
496;6;1450;496;6;2670
496;6;2670;496;6;2740
496;6;2740;496;6;1450
496;6;321;496;6;1028
496;6;1028;496;6;321
496;6;1012;496;6;1029
496;6;1029;496;6;1012
496;6;1030;496;6;2023
496;6;2023;496;6;1030
496;6;152;496;6;1031
496;6;1031;496;6;1597
496;6;1597;496;6;152
496;6;1033;496;6;1443
496;6;1443;496;6;1033
496;6;1034;496;6;1435
496;6;1435;496;6;1034
496;6;1035;496;6;1392
496;6;1392;496;6;1035
496;6;8964;496;6;8965
496;6;8965;496;6;8964
496;6;2983;496;6;8953
496;6;8953;496;6;2983
496;6;2818;496;6;2819
496;6;2819;496;6;2818
496;6;2024;496;6;2038
496;6;2038;496;6;2024
496;6;121;496;6;1363
496;6;1363;496;6;2671
496;6;2671;496;6;121
496;6;136;496;6;2006
496;6;2006;496;6;3053
496;6;3053;496;6;136
496;6;138;496;6;2104
496;6;2104;496;6;138
496;6;141;496;6;1401
496;6;1401;496;6;141
496;6;2446;496;6;2449
496;6;2449;496;6;3003
496;6;3003;496;6;2446
496;6;117;496;6;119
496;6;119;496;6;1287
496;6;1287;496;6;2905
496;6;2905;496;6;117
496;6;122;496;6;1374
496;6;1374;496;6;122
496;6;188;496;6;3005
496;6;3005;496;6;188
496;6;189;496;6;1348
496;6;1348;496;6;1350
496;6;1350;496;6;189
496;6;190;496;6;1641
496;6;1641;496;6;190
496;6;192;496;6;2871
496;6;2871;496;6;192
496;6;182;496;6;184
496;6;184;496;6;2457
496;6;2457;496;6;182
496;6;185;496;6;1359
496;6;1359;496;6;185
496;6;46;496;6;133
496;6;133;496;6;2531
496;6;2531;496;6;46
496;6;47;496;6;146
496;6;146;496;6;47
496;6;48;496;6;227
496;6;227;496;6;835
496;6;835;496;6;48
496;6;51;496;6;1197
496;6;1197;496;6;51
496;6;31;496;6;421
496;6;421;496;6;31
496;6;36;496;6;56
496;6;56;496;6;36
496;6;2837;496;6;2971
496;6;2971;496;6;2837
496;6;38;496;6;2810
496;6;2810;496;6;38
496;6;44;496;6;1019
496;6;1019;496;6;44
496;6;2801;496;6;2804
496;6;2804;496;6;2801
496;6;2799;496;6;2940
496;6;2940;496;6;2799
496;6;2798;496;6;6115
496;6;6115;496;6;2798
496;6;6095;496;6;6105
496;6;6105;496;6;8875
496;6;8875;496;6;6095
496;6;6106;496;6;6113
496;6;6113;496;6;6106
496;6;2803;496;6;6118
496;6;6118;496;6;2803
496;6;6054;496;6;6090
496;6;6090;496;6;9018
496;6;9018;496;6;6054
496;6;2690;496;6;7704
496;6;7704;496;6;2690
496;6;63;496;6;1014
496;6;1014;496;6;1576
496;6;1576;496;6;63
496;6;3028;496;6;3035
496;6;3035;496;6;3028
496;6;1016;496;6;1585
496;6;1585;496;6;1016
496;6;1548;496;6;2416
496;6;2416;496;6;1548
496;6;1543;496;6;1545
496;6;1545;496;6;1555
496;6;1555;496;6;1543
496;6;2942;496;6;2980
496;6;2980;496;6;2942
496;6;98;496;6;3049
496;6;3049;496;6;98
496;6;99;496;6;1765
496;6;1765;496;6;99
496;6;100;496;6;287
496;6;287;496;6;100
496;6;103;496;6;1337
496;6;1337;496;6;103
496;6;12;496;6;104
496;6;104;496;6;12
496;6;105;496;6;107
496;6;107;496;6;208
496;6;208;496;6;274
496;6;274;496;6;3082
496;6;3082;496;6;105
496;6;6804;496;6;7134
496;6;7134;496;6;8492
496;6;8492;496;6;6804
496;6;6805;496;6;6807
496;6;6807;496;6;6805
496;6;6709;496;6;8674
496;6;8674;496;6;8957
496;6;8957;496;6;6709
496;6;6710;496;6;8817
496;6;8817;496;6;6710
496;6;2276;496;6;2278
496;6;2278;496;6;2276
496;6;1277;496;6;1519
496;6;1519;496;6;1277
496;6;28;496;6;240
496;6;240;496;6;1521
496;6;1521;496;6;2547
496;6;2547;496;6;3096
496;6;3096;496;6;28
496;6;1273;496;6;1275
496;6;1275;496;6;1273
496;6;1278;496;6;6417
496;6;6417;496;6;1278
496;6;6414;496;6;6787
496;6;6787;496;6;6789
496;6;6789;496;6;7023
496;6;7023;496;6;6414
496;6;6207;496;6;7097
496;6;7097;496;6;6207
496;6;6415;496;6;6430
496;6;6430;496;6;8597
496;6;8597;496;6;6415
496;6;6416;496;6;6652
496;6;6652;496;6;6416
496;6;6755;496;6;6766
496;6;6766;496;6;6798
496;6;6798;496;6;6755
496;6;6412;496;6;6756
496;6;6756;496;6;6412
496;6;6407;496;6;7178
496;6;7178;496;6;6407
496;6;6411;496;6;7058
496;6;7058;496;6;6411
496;6;2074;496;6;2076
496;6;2076;496;6;2106
496;6;2106;496;6;2074
496;6;1427;496;6;2077
496;6;2077;496;6;1427
496;6;1406;496;6;2078
496;6;2078;496;6;2080
496;6;2080;496;6;1406
496;6;6232;496;6;7059
496;6;7059;496;6;8507
496;6;8507;496;6;6232
496;6;6424;496;6;6802
496;6;6802;496;6;6424
496;6;6425;496;6;8508
496;6;8508;496;6;8913
496;6;8913;496;6;6425
496;6;6117;496;6;6119
496;6;6119;496;6;6117
496;6;6086;496;6;6816
496;6;6816;496;6;6086
496;6;6053;496;6;8904
496;6;8904;496;6;6053
496;6;158;496;6;160
496;6;160;496;6;279
496;6;279;496;6;281
496;6;281;496;6;3110
496;6;3110;496;6;158
496;6;161;496;6;288
496;6;288;496;6;290
496;6;290;496;6;161
496;6;162;496;6;164
496;6;164;496;6;162
496;6;6707;496;6;7003
496;6;7003;496;6;8626
496;6;8626;496;6;8959
496;6;8959;496;6;6707
496;6;6708;496;6;8803
496;6;8803;496;6;6708
496;6;8808;496;6;8956
496;6;8956;496;6;8808
496;6;8620;496;6;8625
496;6;8625;496;6;8790
496;6;8790;496;6;8863
496;6;8863;496;6;8620
496;6;155;496;6;389
496;6;389;496;6;3102
496;6;3102;496;6;155
496;6;157;496;6;806
496;6;806;496;6;808
496;6;808;496;6;157
496;6;345;496;6;3008
496;6;3008;496;6;345
496;6;3009;496;6;3010
496;6;3010;496;6;3009
496;6;324;496;6;351
496;6;351;496;6;1187
496;6;1187;496;6;324
496;6;352;496;6;2454
496;6;2454;496;6;352
496;6;1414;496;6;1416
496;6;1416;496;6;1428
496;6;1428;496;6;1414
496;6;1425;496;6;1429
496;6;1429;496;6;1425
496;6;1411;496;6;1430
496;6;1430;496;6;1432
496;6;1432;496;6;1411
496;6;304;496;6;308
496;6;308;496;6;341
496;6;341;496;6;304
496;6;7516;496;6;7518
496;6;7518;496;6;7516
496;6;6761;496;6;6763
496;6;6763;496;6;6893
496;6;6893;496;6;6895
496;6;6895;496;6;9048
496;6;9048;496;6;6761
496;6;6905;496;6;6907
496;6;6907;496;6;7041
496;6;7041;496;6;9049
496;6;9049;496;6;6905
496;6;6764;496;6;6972
496;6;6972;496;6;6974
496;6;6974;496;6;9051
496;6;9051;496;6;6764
496;6;6937;496;6;6942
496;6;6942;496;6;7104
496;6;7104;496;6;6937
496;6;6527;496;6;6647
496;6;6647;496;6;6527
496;6;6765;496;6;7096
496;6;7096;496;6;6765
496;6;6926;496;6;7105
496;6;7105;496;6;6926
496;6;7106;496;6;7264
496;6;7264;496;6;7106
496;6;7107;496;6;7195
496;6;7195;496;6;7107
496;6;6213;496;6;6754
496;6;6754;496;6;6758
496;6;6758;496;6;6213
496;6;6520;496;6;6759
496;6;6759;496;6;6520
496;6;6620;496;6;6622
496;6;6622;496;6;7098
496;6;7098;496;6;6620
496;6;6649;496;6;7391
496;6;7391;496;6;6649
496;6;7101;496;6;7103
496;6;7103;496;6;7101
496;6;7099;496;6;7340
496;6;7340;496;6;7099
496;6;6492;496;6;6494
496;6;6494;496;6;6760
496;6;6760;496;6;6492
496;6;6860;496;6;7100
496;6;7100;496;6;6860
496;6;6434;496;6;6464
496;6;6464;496;6;6468
496;6;6468;496;6;6434
496;6;6751;496;6;7143
496;6;7143;496;6;6751
496;6;1589;496;6;1594
496;6;1594;496;6;1589
496;6;1579;496;6;1601
496;6;1601;496;6;1579
496;6;6;496;6;144
496;6;144;496;6;230
496;6;230;496;6;3100
496;6;3100;496;6;6
496;6;147;496;6;399
496;6;399;496;6;1157
496;6;1157;496;6;147
496;6;149;496;6;404
496;6;404;496;6;149
496;6;153;496;6;2032
496;6;2032;496;6;2036
496;6;2036;496;6;2094
496;6;2094;496;6;153
496;6;3050;496;6;3051
496;6;3051;496;6;3050
496;6;1551;496;6;2440
496;6;2440;496;6;1551
496;6;1514;496;6;1515
496;6;1515;496;6;1514
496;6;1531;496;6;1539
496;6;1539;496;6;1531
496;6;2816;496;6;2817
496;6;2817;496;6;2816
496;6;2622;496;6;2661
496;6;2661;496;6;3039
496;6;3039;496;6;2622
496;6;3036;496;6;3037
496;6;3037;496;6;3036
496;6;2113;496;6;2445
496;6;2445;496;6;2113
496;6;53;496;6;2114
496;6;2114;496;6;53
496;6;6701;496;6;8498
496;6;8498;496;6;6701
496;6;6704;496;6;8962
496;6;8962;496;6;6704
496;6;8598;496;6;8601
496;6;8601;496;6;8696
496;6;8696;496;6;8598
496;6;6739;496;6;8783
496;6;8783;496;6;6739
496;6;6740;496;6;7005
496;6;7005;496;6;6740
496;6;6741;496;6;6743
496;6;6743;496;6;8478
496;6;8478;496;6;8480
496;6;8480;496;6;6741
496;6;6632;496;6;6744
496;6;6744;496;6;6632
496;6;6769;496;6;6774
496;6;6774;496;6;6769
496;6;6616;496;6;6770
496;6;6770;496;6;6616
496;6;6714;496;6;6771
496;6;6771;496;6;6714
496;6;7004;496;6;8722
496;6;8722;496;6;8724
496;6;8724;496;6;7004
496;6;8489;496;6;8642
496;6;8642;496;6;8489
496;6;8490;496;6;8629
496;6;8629;496;6;8490
496;6;8491;496;6;8794
496;6;8794;496;6;8491
496;6;8561;496;6;8563
496;6;8563;496;6;8561
496;6;6438;496;6;6440
496;6;6440;496;6;8824
496;6;8824;496;6;8826
496;6;8826;496;6;6438
496;6;8843;496;6;8847
496;6;8847;496;6;8843
496;6;6219;496;6;6441
496;6;6441;496;6;6219
496;6;7135;496;6;7214
496;6;7214;496;6;7216
496;6;7216;496;6;7135
496;6;7136;496;6;7222
496;6;7222;496;6;8949
496;6;8949;496;6;7136
496;6;6445;496;6;6447
496;6;6447;496;6;6696
496;6;6696;496;6;6445
496;6;6448;496;6;6680
496;6;6680;496;6;6448
496;6;6433;496;6;6449
496;6;6449;496;6;8967
496;6;8967;496;6;6433
496;6;8823;496;6;8909
496;6;8909;496;6;8823
496;6;2779;496;6;2781
496;6;2781;496;6;2779
496;6;416;496;6;2068
496;6;2068;496;6;416
496;6;418;496;6;2073
496;6;2073;496;6;418
496;6;420;496;6;1413
496;6;1413;496;6;2107
496;6;2107;496;6;420
496;6;407;496;6;3012
496;6;3012;496;6;407
496;6;409;496;6;2019
496;6;2019;496;6;409
496;6;401;496;6;403
496;6;403;496;6;1321
496;6;1321;496;6;1326
496;6;1326;496;6;401
496;6;1407;496;6;1418
496;6;1418;496;6;1407
496;6;1419;496;6;2086
496;6;2086;496;6;1419
496;6;319;496;6;329
496;6;329;496;6;319
496;6;332;496;6;2110
496;6;2110;496;6;332
496;6;335;496;6;339
496;6;339;496;6;335
496;6;330;496;6;336
496;6;336;496;6;330
496;6;1565;496;6;2450
496;6;2450;496;6;1565
496;6;423;496;6;2451
496;6;2451;496;6;423
496;6;2453;496;6;2894
496;6;2894;496;6;2453
496;6;2886;496;6;2887
496;6;2887;496;6;2886
496;6;2628;496;6;2633
496;6;2633;496;6;2851
496;6;2851;496;6;2628
496;6;2634;496;6;2636
496;6;2636;496;6;2634
496;6;8679;496;6;8681
496;6;8681;496;6;8688
496;6;8688;496;6;8679
496;6;8682;496;6;8691
496;6;8691;496;6;8682
496;6;8906;496;6;8907
496;6;8907;496;6;8906
496;6;936;496;6;957
496;6;957;496;6;959
496;6;959;496;6;1007
496;6;1007;496;6;2675
496;6;2675;496;6;936
496;6;937;496;6;1247
496;6;1247;496;6;937
496;6;938;496;6;1610
496;6;1610;496;6;938
496;6;200;496;6;939
496;6;939;496;6;941
496;6;941;496;6;200
496;6;378;496;6;634
496;6;634;496;6;378
496;6;429;496;6;636
496;6;636;496;6;429
496;6;631;496;6;637
496;6;637;496;6;631
496;6;615;496;6;640
496;6;640;496;6;615
496;6;1903;496;6;1905
496;6;1905;496;6;1913
496;6;1913;496;6;1903
496;6;26;496;6;1052
496;6;1052;496;6;2535
496;6;2535;496;6;2544
496;6;2544;496;6;26
496;6;597;496;6;2545
496;6;2545;496;6;597
496;6;548;496;6;2546
496;6;2546;496;6;548
496;6;8483;496;6;8487
496;6;8487;496;6;8483
496;6;7296;496;6;7298
496;6;7298;496;6;9050
496;6;9050;496;6;7296
496;6;7118;496;6;7299
496;6;7299;496;6;7301
496;6;7301;496;6;7118
496;6;2117;496;6;2121
496;6;2121;496;6;2117
496;6;975;496;6;2118
496;6;2118;496;6;975
496;6;540;496;6;960
496;6;960;496;6;2794
496;6;2794;496;6;3075
496;6;3075;496;6;540
496;6;541;496;6;2574
496;6;2574;496;6;541
496;6;542;496;6;1175
496;6;1175;496;6;542
496;6;6685;496;6;7343
496;6;7343;496;6;6685
496;6;7345;496;6;7476
496;6;7476;496;6;7345
496;6;7402;496;6;7407
496;6;7407;496;6;7402
496;6;6781;496;6;6783
496;6;6783;496;6;7408
496;6;7408;496;6;7410
496;6;7410;496;6;6781
496;6;93;496;6;1214
496;6;1214;496;6;3091
496;6;3091;496;6;93
496;6;96;496;6;801
496;6;801;496;6;803
496;6;803;496;6;96
496;6;2776;496;6;2778
496;6;2778;496;6;2776
496;6;2127;496;6;2129
496;6;2129;496;6;2608
496;6;2608;496;6;2127
496;6;2130;496;6;2443
496;6;2443;496;6;2130
496;6;680;496;6;682
496;6;682;496;6;687
496;6;687;496;6;680
496;6;462;496;6;683
496;6;683;496;6;462
496;6;257;496;6;684
496;6;684;496;6;257
496;6;7666;496;6;7668
496;6;7668;496;6;7666
496;6;6549;496;6;7054
496;6;7054;496;6;7112
496;6;7112;496;6;6549
496;6;7114;496;6;7434
496;6;7434;496;6;7114
496;6;6550;496;6;6552
496;6;6552;496;6;7091
496;6;7091;496;6;6550
496;6;6553;496;6;7424
496;6;7424;496;6;6553
496;6;6209;496;6;6554
496;6;6554;496;6;9043
496;6;9043;496;6;6209
496;6;8584;496;6;8586
496;6;8586;496;6;8951
496;6;8951;496;6;8952
496;6;8952;496;6;8584
496;6;6557;496;6;7442
496;6;7442;496;6;7444
496;6;7444;496;6;6557
496;6;7109;496;6;7449
496;6;7449;496;6;7451
496;6;7451;496;6;7109
496;6;6558;496;6;6560
496;6;6560;496;6;6722
496;6;6722;496;6;6558
496;6;6639;496;6;6791
496;6;6791;496;6;8852
496;6;8852;496;6;6639
496;6;6792;496;6;6794
496;6;6794;496;6;6792
496;6;2016;496;6;2018
496;6;2018;496;6;2016
496;6;6561;496;6;6824
496;6;6824;496;6;6827
496;6;6827;496;6;6561
496;6;990;496;6;6545
496;6;6545;496;6;6562
496;6;6562;496;6;6612
496;6;6612;496;6;990
496;6;6921;496;6;7053
496;6;7053;496;6;6921
496;6;6568;496;6;6784
496;6;6784;496;6;6568
496;6;6535;496;6;6785
496;6;6785;496;6;6535
496;6;6432;496;6;7009
496;6;7009;496;6;6432
496;6;6572;496;6;6786
496;6;6786;496;6;6572
496;6;7055;496;6;7196
496;6;7196;496;6;7055
496;6;6546;496;6;7464
496;6;7464;496;6;6546
496;6;2013;496;6;2015
496;6;2015;496;6;2013
496;6;7156;496;6;7158
496;6;7158;496;6;7156
496;6;7159;496;6;7161
496;6;7161;496;6;8652
496;6;8652;496;6;8654
496;6;8654;496;6;7159
496;6;269;496;6;271
496;6;271;496;6;1336
496;6;1336;496;6;1846
496;6;1846;496;6;2542
496;6;2542;496;6;2564
496;6;2564;496;6;269
496;6;272;496;6;846
496;6;846;496;6;272
496;6;13;496;6;273
496;6;273;496;6;13
496;6;7138;496;6;7141
496;6;7141;496;6;7138
496;6;7144;496;6;7146
496;6;7146;496;6;7144
496;6;8845;496;6;8848
496;6;8848;496;6;8845
496;6;6509;496;6;7139
496;6;7139;496;6;8567
496;6;8567;496;6;6509
496;6;8564;496;6;8566
496;6;8566;496;6;8564
496;6;6436;496;6;6814
496;6;6814;496;6;6436
496;6;2691;496;6;2722
496;6;2722;496;6;2691
496;6;7384;496;6;7387
496;6;7387;496;6;7384
496;6;6654;496;6;7389
496;6;7389;496;6;6654
496;6;18;496;6;1760
496;6;1760;496;6;2580
496;6;2580;496;6;18
496;6;7208;496;6;7225
496;6;7225;496;6;8499
496;6;8499;496;6;7208
496;6;7226;496;6;7230
496;6;7230;496;6;7226
496;6;7227;496;6;7235
496;6;7235;496;6;7227
496;6;7229;496;6;7232
496;6;7232;496;6;7229
496;6;667;496;6;669
496;6;669;496;6;667
496;6;670;496;6;1735
496;6;1735;496;6;670
496;6;534;496;6;671
496;6;671;496;6;534
496;6;672;496;6;677
496;6;677;496;6;672
496;6;673;496;6;1249
496;6;1249;496;6;673
496;6;674;496;6;1755
496;6;1755;496;6;674
496;6;734;496;6;1757
496;6;1757;496;6;734
496;6;265;496;6;267
496;6;267;496;6;732
496;6;732;496;6;265
496;6;260;496;6;262
496;6;262;496;6;1500
496;6;1500;496;6;1502
496;6;1502;496;6;260
496;6;263;496;6;1762
496;6;1762;496;6;263
496;6;264;496;6;840
496;6;840;496;6;264
496;6;254;496;6;256
496;6;256;496;6;254
496;6;258;496;6;799
496;6;799;496;6;258
496;6;259;496;6;1255
496;6;1255;496;6;1257
496;6;1257;496;6;259
496;6;250;496;6;252
496;6;252;496;6;384
496;6;384;496;6;660
496;6;660;496;6;250
496;6;253;496;6;792
496;6;792;496;6;1955
496;6;1955;496;6;253
496;6;459;496;6;461
496;6;461;496;6;538
496;6;538;496;6;459
496;6;463;496;6;1254
496;6;1254;496;6;463
496;6;464;496;6;716
496;6;716;496;6;464
496;6;465;496;6;467
496;6;467;496;6;1499
496;6;1499;496;6;465
496;6;8734;496;6;8786
496;6;8786;496;6;8734
496;6;8623;496;6;8787
496;6;8787;496;6;8793
496;6;8793;496;6;8623
496;6;2924;496;6;2926
496;6;2926;496;6;2924
496;6;2728;496;6;2736
496;6;2736;496;6;2728
496;6;2689;496;6;2729
496;6;2729;496;6;2689
496;6;307;496;6;310
496;6;310;496;6;307
496;6;57;496;6;948
496;6;948;496;6;57
496;6;58;496;6;112
496;6;112;496;6;114
496;6;114;496;6;58
496;6;59;496;6;173
496;6;173;496;6;59
496;6;2584;496;6;2744
496;6;2744;496;6;3027
496;6;3027;496;6;2584
496;6;7028;496;6;7302
496;6;7302;496;6;7028
496;6;6981;496;6;7303
496;6;7303;496;6;6981
496;6;7038;496;6;7244
496;6;7244;496;6;8518
496;6;8518;496;6;7038
496;6;6858;496;6;7039
496;6;7039;496;6;6858
496;6;6532;496;6;6534
496;6;6534;496;6;6677
496;6;6677;496;6;6532
496;6;650;496;6;653
496;6;653;496;6;650
496;6;526;496;6;655
496;6;655;496;6;526
496;6;502;496;6;656
496;6;656;496;6;658
496;6;658;496;6;502
496;6;451;496;6;659
496;6;659;496;6;451
496;6;813;496;6;2732
496;6;2732;496;6;813
496;6;2125;496;6;2853
496;6;2853;496;6;2125
496;6;2126;496;6;2134
496;6;2134;496;6;2126
496;6;6987;496;6;7417
496;6;7417;496;6;6987
496;6;8914;496;6;8950
496;6;8950;496;6;8914
496;6;6236;496;6;6264
496;6;6264;496;6;6236
496;6;6254;496;6;6262
496;6;6262;496;6;6254
496;6;6256;496;6;6260
496;6;6260;496;6;6256
496;6;6266;496;6;6274
496;6;6274;496;6;6266
496;6;8545;496;6;8547
496;6;8547;496;6;8545
496;6;6233;496;6;7132
496;6;7132;496;6;6233
496;6;6426;496;6;6795
496;6;6795;496;6;6426
496;6;8835;496;6;8837
496;6;8837;496;6;8835
496;6;8548;496;6;8550
496;6;8550;496;6;8548
496;6;6427;496;6;8981
496;6;8981;496;6;6427
496;6;8838;496;6;8840
496;6;8840;496;6;8838
496;6;6428;496;6;6640
496;6;6640;496;6;6428
496;6;6206;496;6;7133
496;6;7133;496;6;6206
496;6;8919;496;6;8920
496;6;8920;496;6;8919
496;6;2721;496;6;8481
496;6;8481;496;6;2721
496;6;7147;496;6;7149
496;6;7149;496;6;7147
496;6;2637;496;6;2639
496;6;2639;496;6;2637
496;6;2643;496;6;2653
496;6;2653;496;6;2643
496;6;2644;496;6;2649
496;6;2649;496;6;2644
496;6;2723;496;6;2735
496;6;2735;496;6;2723
496;6;6513;496;6;6515
496;6;6515;496;6;6513
496;6;6516;496;6;6518
496;6;6518;496;6;6516
496;6;6510;496;6;7167
496;6;7167;496;6;6510
496;6;6215;496;6;6511
496;6;6511;496;6;6215
496;6;6521;496;6;7379
496;6;7379;496;6;6521
496;6;6522;496;6;6624
496;6;6624;496;6;6522
496;6;6623;496;6;7380
496;6;7380;496;6;7382
496;6;7382;496;6;6623
496;6;535;496;6;1739
496;6;1739;496;6;1741
496;6;1741;496;6;535
496;6;532;496;6;537
496;6;537;496;6;686
496;6;686;496;6;532
496;6;7150;496;6;7152
496;6;7152;496;6;7150
496;6;2812;496;6;2855
496;6;2855;496;6;2812
496;6;992;496;6;2681
496;6;2681;496;6;992
496;6;6123;496;6;6126
496;6;6126;496;6;6123
496;6;6231;496;6;7182
496;6;7182;496;6;6231
496;6;6204;496;6;7700
496;6;7700;496;6;6204
496;6;6205;496;6;8987
496;6;8987;496;6;6205
496;6;1658;496;6;6208
496;6;6208;496;6;8968
496;6;8968;496;6;9040
496;6;9040;496;6;1658
496;6;6229;496;6;7083
496;6;7083;496;6;9041
496;6;9041;496;6;6229
496;6;6211;496;6;7115
496;6;7115;496;6;6211
496;6;7705;496;6;7708
496;6;7708;496;6;7705
496;6;6216;496;6;7048
496;6;7048;496;6;6216
496;6;6225;496;6;7175
496;6;7175;496;6;6225
496;6;6228;496;6;7188
496;6;7188;496;6;6228
496;6;6221;496;6;7181
496;6;7181;496;6;6221
496;6;246;496;6;248
496;6;248;496;6;614
496;6;614;496;6;2943
496;6;2943;496;6;246
496;6;381;496;6;607
496;6;607;496;6;381
496;6;608;496;6;1983
496;6;1983;496;6;608
496;6;7;496;6;605
496;6;605;496;6;609
496;6;609;496;6;3101
496;6;3101;496;6;7
496;6;618;496;6;664
496;6;664;496;6;618
496;6;520;496;6;521
496;6;521;496;6;620
496;6;620;496;6;520
496;6;497;496;6;499
496;6;499;496;6;611
496;6;611;496;6;621
496;6;621;496;6;497
496;6;485;496;6;612
496;6;612;496;6;485
496;6;445;496;6;447
496;6;447;496;6;613
496;6;613;496;6;445
496;6;85;496;6;2787
496;6;2787;496;6;3097
496;6;3097;496;6;3114
496;6;3114;496;6;3129
496;6;3129;496;6;85
496;6;1213;496;6;1267
496;6;1267;496;6;1213
496;6;8554;496;6;8556
496;6;8556;496;6;8554
496;6;7701;496;6;8557
496;6;8557;496;6;7701
496;6;128;496;6;130
496;6;130;496;6;128
496;6;131;496;6;3130
496;6;3130;496;6;131
496;6;2012;496;6;2103
496;6;2103;496;6;2012
496;6;212;496;6;299
496;6;299;496;6;301
496;6;301;496;6;2953
496;6;2953;496;6;212
496;6;215;496;6;1164
496;6;1164;496;6;215
496;6;216;496;6;306
496;6;306;496;6;216
496;6;218;496;6;1038
496;6;1038;496;6;218
496;6;219;496;6;318
496;6;318;496;6;219
496;6;2061;496;6;2070
496;6;2070;496;6;2061
496;6;2062;496;6;2067
496;6;2067;496;6;2062
496;6;7180;496;6;7187
496;6;7187;496;6;7180
496;6;7190;496;6;8998
496;6;8998;496;6;7190
496;6;2619;496;6;2621
496;6;2621;496;6;2619
496;6;2646;496;6;2660
496;6;2660;496;6;2646
496;6;2625;496;6;2647
496;6;2647;496;6;2625
496;6;2648;496;6;2656
496;6;2656;496;6;2648
496;6;2861;496;6;2865
496;6;2865;496;6;2861
496;6;2856;496;6;2862
496;6;2862;496;6;2856
496;6;781;496;6;1494
496;6;1494;496;6;781
496;6;688;496;6;1251
496;6;1251;496;6;1253
496;6;1253;496;6;688
496;6;690;496;6;717
496;6;717;496;6;690
496;6;455;496;6;1954
496;6;1954;496;6;455
496;6;7153;496;6;7155
496;6;7155;496;6;8648
496;6;8648;496;6;7153
496;6;8740;496;6;8742
496;6;8742;496;6;8795
496;6;8795;496;6;8797
496;6;8797;496;6;8740
496;6;8665;496;6;8667
496;6;8667;496;6;8798
496;6;8798;496;6;8911
496;6;8911;496;6;8665
496;6;8615;496;6;8630
496;6;8630;496;6;8615
496;6;8619;496;6;8715
496;6;8715;496;6;8717
496;6;8717;496;6;8619
496;6;8606;496;6;8608
496;6;8608;496;6;8690
496;6;8690;496;6;8606
496;6;8609;496;6;8611
496;6;8611;496;6;8609
496;6;8612;496;6;8684
496;6;8684;496;6;8612
496;6;8799;496;6;8813
496;6;8813;496;6;8799
496;6;8493;496;6;8509
496;6;8509;496;6;8553
496;6;8553;496;6;8493
496;6;8646;496;6;8656
496;6;8656;496;6;8658
496;6;8658;496;6;8646
496;6;8659;496;6;8661
496;6;8661;496;6;8659
496;6;8627;496;6;8662
496;6;8662;496;6;8664
496;6;8664;496;6;8627
496;6;8635;496;6;8637
496;6;8637;496;6;8766
496;6;8766;496;6;8635
496;6;8778;496;6;8929
496;6;8929;496;6;8778
496;6;8770;496;6;8779
496;6;8779;496;6;8770
496;6;7373;496;6;7399
496;6;7399;496;6;7373
496;6;7052;496;6;7374
496;6;7374;496;6;7376
496;6;7376;496;6;7052
496;6;8710;496;6;8775
496;6;8775;496;6;8710
496;6;8767;496;6;8776
496;6;8776;496;6;8767
496;6;1831;496;6;1833
496;6;1833;496;6;1831
496;6;6956;496;6;6958
496;6;6958;496;6;6956
496;6;6959;496;6;6961
496;6;6961;496;6;6959
496;6;7032;496;6;7033
496;6;7033;496;6;7032
496;6;6876;496;6;7034
496;6;7034;496;6;6876
496;6;6966;496;6;6968
496;6;6968;496;6;7262
496;6;7262;496;6;6966
496;6;6969;496;6;6971
496;6;6971;496;6;7316
496;6;7316;496;6;6969
496;6;7031;496;6;7247
496;6;7247;496;6;7031
496;6;6962;496;6;7255
496;6;7255;496;6;6962
496;6;6953;496;6;6955
496;6;6955;496;6;6953
496;6;6456;496;6;6458
496;6;6458;496;6;7131
496;6;7131;496;6;6456
496;6;6922;496;6;6992
496;6;6992;496;6;7090
496;6;7090;496;6;6922
496;6;7125;496;6;8832
496;6;8832;496;6;7125
496;6;6994;496;6;8582
496;6;8582;496;6;6994
496;6;6945;496;6;7475
496;6;7475;496;6;6945
496;6;6946;496;6;8974
496;6;8974;496;6;6946
496;6;6949;496;6;8975
496;6;8975;496;6;6949
496;6;7086;496;6;7328
496;6;7328;496;6;7086
496;6;6883;496;6;7074
496;6;7074;496;6;6883
496;6;6950;496;6;6952
496;6;6952;496;6;6950
496;6;7124;496;6;7239
496;6;7239;496;6;7241
496;6;7241;496;6;7124
496;6;8978;496;6;9001
496;6;9001;496;6;8978
496;6;7018;496;6;7020
496;6;7020;496;6;7018
496;6;6298;496;6;6300
496;6;6300;496;6;6298
496;6;6302;496;6;6304
496;6;6304;496;6;6302
496;6;7045;496;6;8495
496;6;8495;496;6;7045
496;6;8849;496;6;8850
496;6;8850;496;6;8849
496;6;1433;496;6;2089
496;6;2089;496;6;1433
496;6;1434;496;6;1441
496;6;1441;496;6;1434
496;6;7682;496;6;7684
496;6;7684;496;6;7682
496;6;6638;496;6;6642
496;6;6642;496;6;6638
496;6;8539;496;6;8540
496;6;8540;496;6;8539
496;6;124;496;6;8996
496;6;8996;496;6;124
496;6;663;496;6;1712
496;6;1712;496;6;663
496;6;6614;496;6;6776
496;6;6776;496;6;6614
496;6;6500;496;6;6777
496;6;6777;496;6;6779
496;6;6779;496;6;7070
496;6;7070;496;6;6500
496;6;7171;496;6;7173
496;6;7173;496;6;7171
496;6;6483;496;6;7174
496;6;7174;496;6;6483
496;6;7068;496;6;7397
496;6;7397;496;6;7068
496;6;6495;496;6;6686
496;6;6686;496;6;6495
496;6;7065;496;6;7353
496;6;7353;496;6;7355
496;6;7355;496;6;7065
496;6;6496;496;6;6665
496;6;6665;496;6;6496
496;6;7168;496;6;7170
496;6;7170;496;6;7168
496;6;442;496;6;443
496;6;443;496;6;629
496;6;629;496;6;442
496;6;368;496;6;373
496;6;373;496;6;552
496;6;552;496;6;368
496;6;365;496;6;369
496;6;369;496;6;365
496;6;370;496;6;563
496;6;563;496;6;370
496;6;371;496;6;426
496;6;426;496;6;438
496;6;438;496;6;2834
496;6;2834;496;6;371
496;6;7049;496;6;7050
496;6;7050;496;6;7049
496;6;6488;496;6;6490
496;6;6490;496;6;6488
496;6;7556;496;6;7558
496;6;7558;496;6;7556
496;6;7560;496;6;7562
496;6;7562;496;6;7560
496;6;6880;496;6;6911
496;6;6911;496;6;6913
496;6;6913;496;6;6880
496;6;6914;496;6;6916
496;6;6916;496;6;6982
496;6;6982;496;6;6984
496;6;6984;496;6;6914
496;6;900;496;6;1234
496;6;1234;496;6;3043
496;6;3043;496;6;900
496;6;8634;496;6;8709
496;6;8709;496;6;8634
496;6;8711;496;6;8781
496;6;8781;496;6;8711
496;6;8712;496;6;8714
496;6;8714;496;6;8712
496;6;6884;496;6;6886
496;6;6886;496;6;7334
496;6;7334;496;6;6884
496;6;238;496;6;390
496;6;390;496;6;392
496;6;392;496;6;238
496;6;225;496;6;393
496;6;393;496;6;225
496;6;396;496;6;1511
496;6;1511;496;6;396
496;6;397;496;6;2495
496;6;2495;496;6;397
496;6;8643;496;6;8645
496;6;8645;496;6;8643
496;6;2719;496;6;2847
496;6;2847;496;6;2719
496;6;6801;496;6;8517
496;6;8517;496;6;8972
496;6;8972;496;6;6801
496;6;6528;496;6;6695
496;6;6695;496;6;6528
496;6;7092;496;6;7436
496;6;7436;496;6;7092
496;6;7439;496;6;7445
496;6;7445;496;6;7452
496;6;7452;496;6;7439
496;6;2007;496;6;2009
496;6;2009;496;6;2007
496;6;1314;496;6;1324
496;6;1324;496;6;2010
496;6;2010;496;6;1314
496;6;6838;496;6;7120
496;6;7120;496;6;6838
496;6;6690;496;6;6896
496;6;6896;496;6;6908
496;6;6908;496;6;6910
496;6;6910;496;6;6690
496;6;6469;496;6;6687
496;6;6687;496;6;6689
496;6;6689;496;6;6469
496;6;6590;496;6;6592
496;6;6592;496;6;7116
496;6;7116;496;6;6590
496;6;7040;496;6;7042
496;6;7042;496;6;7117
496;6;7117;496;6;7040
496;6;6691;496;6;6975
496;6;6975;496;6;6691
496;6;6943;496;6;7119
496;6;7119;496;6;6943
496;6;6692;496;6;6694
496;6;6694;496;6;6692
496;6;7320;496;6;7329
496;6;7329;496;6;7320
496;6;6491;496;6;8501
496;6;8501;496;6;6491
496;6;6543;496;6;6852
496;6;6852;496;6;7278
496;6;7278;496;6;8944
496;6;8944;496;6;6543
496;6;6675;496;6;7110
496;6;7110;496;6;6675
496;6;7111;496;6;7404
496;6;7404;496;6;7111
496;6;2081;496;6;2085
496;6;2085;496;6;2081
496;6;1438;496;6;2082
496;6;2082;496;6;1438
496;6;1386;496;6;2083
496;6;2083;496;6;1386
496;6;6240;496;6;6242
496;6;6242;496;6;6240
496;6;6248;496;6;6272
496;6;6272;496;6;6248
496;6;6244;496;6;6278
496;6;6278;496;6;6244
496;6;6250;496;6;6268
496;6;6268;496;6;6250
496;6;6246;496;6;6276
496;6;6276;496;6;6246
496;6;7454;496;6;7460
496;6;7460;496;6;7454
496;6;7461;496;6;7463
496;6;7463;496;6;7461
496;6;7455;496;6;7457
496;6;7457;496;6;7455
496;6;7204;496;6;7207
496;6;7207;496;6;7210
496;6;7210;496;6;7204
496;6;2948;496;6;2950
496;6;2950;496;6;2948
496;6;2951;496;6;2952
496;6;2952;496;6;2951
496;6;7242;496;6;7267
496;6;7267;496;6;7284
496;6;7284;496;6;7242
496;6;1043;496;6;1304
496;6;1304;496;6;1043
496;6;458;496;6;775
496;6;775;496;6;458
496;6;7030;496;6;7128
496;6;7128;496;6;7030
496;6;6565;496;6;6836
496;6;6836;496;6;6565
496;6;6474;496;6;6832
496;6;6832;496;6;6474
496;6;8999;496;6;9000
496;6;9000;496;6;8999
496;6;6898;496;6;7261
496;6;7261;496;6;6898
496;6;7072;496;6;7257
496;6;7257;496;6;7072
496;6;6928;496;6;7248
496;6;7248;496;6;6928
496;6;6877;496;6;6932
496;6;6932;496;6;6877
496;6;6936;496;6;6939
496;6;6939;496;6;6936
496;6;6940;496;6;7064
496;6;7064;496;6;6940
496;6;738;496;6;965
496;6;965;496;6;967
496;6;967;496;6;738
496;6;14;496;6;971
496;6;971;496;6;2541
496;6;2541;496;6;2563
496;6;2563;496;6;14
496;6;1371;496;6;1941
496;6;1941;496;6;1371
496;6;357;496;6;2472
496;6;2472;496;6;357
496;6;1367;496;6;1369
496;6;1369;496;6;1367
496;6;1744;496;6;1746
496;6;1746;496;6;1744
496;6;725;496;6;1753
496;6;1753;496;6;1782
496;6;1782;496;6;725
496;6;723;496;6;726
496;6;726;496;6;723
496;6;727;496;6;730
496;6;730;496;6;1792
496;6;1792;496;6;727
496;6;2185;496;6;2304
496;6;2304;496;6;2306
496;6;2306;496;6;2185
496;6;1726;496;6;2954
496;6;2954;496;6;2956
496;6;2956;496;6;1726
496;6;695;496;6;899
496;6;899;496;6;695
496;6;901;496;6;1462
496;6;1462;496;6;901
496;6;902;496;6;2528
496;6;2528;496;6;902
496;6;904;496;6;1178
496;6;1178;496;6;1180
496;6;1180;496;6;904
496;6;905;496;6;1002
496;6;1002;496;6;905
496;6;906;496;6;1478
496;6;1478;496;6;906
496;6;909;496;6;972
496;6;972;496;6;909
496;6;376;496;6;432
496;6;432;496;6;376
496;6;434;496;6;555
496;6;555;496;6;434
496;6;433;496;6;478
496;6;478;496;6;433
496;6;425;496;6;436
496;6;436;496;6;425
496;6;1445;496;6;2087
496;6;2087;496;6;1445
496;6;915;496;6;1177
496;6;1177;496;6;915
496;6;561;496;6;594
496;6;594;496;6;561
496;6;1840;496;6;1842
496;6;1842;496;6;1840
496;6;844;496;6;848
496;6;848;496;6;1843
496;6;1843;496;6;844
496;6;7217;496;6;7220
496;6;7220;496;6;7217
496;6;805;496;6;3108
496;6;3108;496;6;805
496;6;1491;496;6;3109
496;6;3109;496;6;1491
496;6;6902;496;6;6904
496;6;6904;496;6;7312
496;6;7312;496;6;7314
496;6;7314;496;6;6902
496;6;1422;496;6;1424
496;6;1424;496;6;1422
496;6;706;496;6;708
496;6;708;496;6;706
496;6;709;496;6;1614
496;6;1614;496;6;709
496;6;711;496;6;713
496;6;713;496;6;711
496;6;697;496;6;699
496;6;699;496;6;697
496;6;701;496;6;2959
496;6;2959;496;6;701
496;6;702;496;6;2581
496;6;2581;496;6;702
496;6;705;496;6;962
496;6;962;496;6;964
496;6;964;496;6;705
496;6;6330;496;6;6332
496;6;6332;496;6;6330
496;6;800;496;6;2516
496;6;2516;496;6;800
496;6;2957;496;6;2984
496;6;2984;496;6;2957
496;6;1650;496;6;1652
496;6;1652;496;6;1650
496;6;1470;496;6;1653
496;6;1653;496;6;1655
496;6;1655;496;6;1470
496;6;760;496;6;762
496;6;762;496;6;1003
496;6;1003;496;6;1005
496;6;1005;496;6;760
496;6;996;496;6;998
496;6;998;496;6;1183
496;6;1183;496;6;1704
496;6;1704;496;6;996
496;6;916;496;6;918
496;6;918;496;6;999
496;6;999;496;6;1001
496;6;1001;496;6;916
496;6;176;496;6;178
496;6;178;496;6;1288
496;6;1288;496;6;176
496;6;72;496;6;1289
496;6;1289;496;6;72
496;6;356;496;6;1290
496;6;1290;496;6;356
496;6;3070;496;6;3071
496;6;3071;496;6;3070
496;6;943;496;6;1624
496;6;1624;496;6;2897
496;6;2897;496;6;943
496;6;715;496;6;2898
496;6;2898;496;6;2900
496;6;2900;496;6;715
496;6;1620;496;6;1623
496;6;1623;496;6;1620
496;6;1200;496;6;1719
496;6;1719;496;6;1200
496;6;375;496;6;1720
496;6;1720;496;6;375
496;6;842;496;6;1822
496;6;1822;496;6;842
496;6;2849;496;6;2852
496;6;2852;496;6;2849
496;6;500;496;6;1292
496;6;1292;496;6;500
496;6;501;496;6;1219
496;6;1219;496;6;1221
496;6;1221;496;6;501
496;6;503;496;6;774
496;6;774;496;6;503
496;6;180;496;6;355
496;6;355;496;6;180
496;6;358;496;6;360
496;6;360;496;6;1974
496;6;1974;496;6;358
496;6;361;496;6;1971
496;6;1971;496;6;361
496;6;1184;496;6;2464
496;6;2464;496;6;2890
496;6;2890;496;6;1184
496;6;7524;496;6;7526
496;6;7526;496;6;7524
496;6;7528;496;6;7530
496;6;7530;496;6;7528
496;6;736;496;6;1787
496;6;1787;496;6;736
496;6;1788;496;6;1795
496;6;1795;496;6;1788
496;6;1789;496;6;1791
496;6;1791;496;6;1789
496;6;739;496;6;741
496;6;741;496;6;739
496;6;743;496;6;1486
496;6;1486;496;6;743
496;6;746;496;6;1805
496;6;1805;496;6;746
496;6;202;496;6;747
496;6;747;496;6;202
496;6;1097;496;6;1121
496;6;1121;496;6;1097
496;6;1076;496;6;1122
496;6;1122;496;6;1076
496;6;1056;496;6;1123
496;6;1123;496;6;1056
496;6;1101;496;6;1133
496;6;1133;496;6;1101
496;6;1080;496;6;1134
496;6;1134;496;6;1080
496;6;1059;496;6;1135
496;6;1135;496;6;1059
496;6;1100;496;6;1129
496;6;1129;496;6;1100
496;6;1079;496;6;1130
496;6;1130;496;6;1079
496;6;1058;496;6;1131
496;6;1131;496;6;1058
496;6;1099;496;6;1125
496;6;1125;496;6;1099
496;6;1078;496;6;1126
496;6;1126;496;6;1078
496;6;1057;496;6;1127
496;6;1127;496;6;1057
496;6;1085;496;6;2708
496;6;2708;496;6;1085
496;6;2706;496;6;2709
496;6;2709;496;6;2706
496;6;1107;496;6;2710
496;6;2710;496;6;1107
496;6;1108;496;6;1145
496;6;1145;496;6;1108
496;6;1146;496;6;1150
496;6;1150;496;6;1146
496;6;1086;496;6;1147
496;6;1147;496;6;1086
496;6;1064;496;6;1148
496;6;1148;496;6;1064
496;6;1088;496;6;2500
496;6;2500;496;6;1088
496;6;1095;496;6;1111
496;6;1111;496;6;1095
496;6;1096;496;6;1117
496;6;1117;496;6;1096
496;6;1102;496;6;1137
496;6;1137;496;6;1102
496;6;1103;496;6;1105
496;6;1105;496;6;1103
496;6;1106;496;6;1141
496;6;1141;496;6;1106
496;6;1110;496;6;1113
496;6;1113;496;6;1110
496;6;1054;496;6;1071
496;6;1071;496;6;1054
496;6;1055;496;6;1119
496;6;1119;496;6;1055
496;6;1060;496;6;1062
496;6;1062;496;6;1139
496;6;1139;496;6;1060
496;6;1063;496;6;1143
496;6;1143;496;6;1063
496;6;1066;496;6;2704
496;6;2704;496;6;1066
496;6;1067;496;6;2705
496;6;2705;496;6;1067
496;6;1069;496;6;1153
496;6;1153;496;6;1069
496;6;1070;496;6;1115
496;6;1115;496;6;1070
496;6;1090;496;6;1152
496;6;1152;496;6;1090
496;6;1081;496;6;1138
496;6;1138;496;6;1081
496;6;1073;496;6;1093
496;6;1093;496;6;2911
496;6;2911;496;6;1073
496;6;1074;496;6;1118
496;6;1118;496;6;1074
496;6;1083;496;6;1522
496;6;1522;496;6;1083
496;6;1084;496;6;1142
496;6;1142;496;6;1084
496;6;1092;496;6;1114
496;6;1114;496;6;1092
496;6;8730;496;6;8820
496;6;8820;496;6;8730
496;6;8758;496;6;8821
496;6;8821;496;6;8758
496;6;1169;496;6;1313
496;6;1313;496;6;1316
496;6;1316;496;6;1169
496;6;1155;496;6;1317
496;6;1317;496;6;2494
496;6;2494;496;6;1155
496;6;8769;496;6;8782
496;6;8782;496;6;8769
496;6;8683;496;6;8704
496;6;8704;496;6;8683
496;6;8702;496;6;8705
496;6;8705;496;6;8702
496;6;8631;496;6;8633
496;6;8633;496;6;8631
496;6;642;496;6;1713
496;6;1713;496;6;642
496;6;1261;496;6;1264
496;6;1264;496;6;1261
496;6;7085;496;6;7271
496;6;7271;496;6;7085
496;6;7080;496;6;7272
496;6;7272;496;6;7080
496;6;471;496;6;473
496;6;473;496;6;731
496;6;731;496;6;471
496;6;1814;496;6;1816
496;6;1816;496;6;1814
496;6;1747;496;6;1749
496;6;1749;496;6;2782
496;6;2782;496;6;1747
496;6;1750;496;6;1752
496;6;1752;496;6;1750
496;6;2209;496;6;2213
496;6;2213;496;6;2215
496;6;2215;496;6;2217
496;6;2217;496;6;3118
496;6;3118;496;6;3120
496;6;3120;496;6;2209
496;6;2264;496;6;2266
496;6;2266;496;6;2748
496;6;2748;496;6;2264
496;6;2268;496;6;2270
496;6;2270;496;6;2268
496;6;1878;496;6;1880
496;6;1880;496;6;1878
496;6;1881;496;6;1883
496;6;1883;496;6;1881
496;6;2320;496;6;2322
496;6;2322;496;6;2324
496;6;2324;496;6;2326
496;6;2326;496;6;2328
496;6;2328;496;6;2330
496;6;2330;496;6;2320
496;6;17;496;6;276
496;6;276;496;6;17
496;6;2332;496;6;2334
496;6;2334;496;6;2332
496;6;2300;496;6;2302
496;6;2302;496;6;2300
496;6;2316;496;6;2318
496;6;2318;496;6;2316
496;6;2308;496;6;2310
496;6;2310;496;6;2312
496;6;2312;496;6;2314
496;6;2314;496;6;2308
496;6;2199;496;6;2201
496;6;2201;496;6;2199
496;6;2191;496;6;2193
496;6;2193;496;6;2191
496;6;2195;496;6;2197
496;6;2197;496;6;2195
496;6;2538;496;6;2562
496;6;2562;496;6;2567
496;6;2567;496;6;2570
496;6;2570;496;6;2538
496;6;1988;496;6;1990
496;6;1990;496;6;2539
496;6;2539;496;6;1988
496;6;474;496;6;2540
496;6;2540;496;6;474
496;6;476;496;6;1825
496;6;1825;496;6;1827
496;6;1827;496;6;476
496;6;2179;496;6;2181
496;6;2181;496;6;2179
496;6;15;496;6;2569
496;6;2569;496;6;15
496;6;470;496;6;839
496;6;839;496;6;470
496;6;1468;496;6;1676
496;6;1676;496;6;1468
496;6;1469;496;6;1524
496;6;1524;496;6;1469
496;6;1272;496;6;1471
496;6;1471;496;6;1272
496;6;3046;496;6;3047
496;6;3047;496;6;3046
496;6;8743;496;6;8802
496;6;8802;496;6;8743
496;6;8725;496;6;8856
496;6;8856;496;6;8725
496;6;8753;496;6;8805
496;6;8805;496;6;8753
496;6;8763;496;6;8806
496;6;8806;496;6;9005
496;6;9005;496;6;8763
496;6;7293;496;6;7295
496;6;7295;496;6;7315
496;6;7315;496;6;7293
496;6;1945;496;6;1948
496;6;1948;496;6;1945
496;6;179;496;6;1949
496;6;1949;496;6;1951
496;6;1951;496;6;179
496;6;1944;496;6;2521
496;6;2521;496;6;1944
496;6;1697;496;6;1699
496;6;1699;496;6;1697
496;6;1690;496;6;1700
496;6;1700;496;6;1690
496;6;1701;496;6;1703
496;6;1703;496;6;1701
496;6;1824;496;6;1992
496;6;1992;496;6;1824
496;6;1683;496;6;1685
496;6;1685;496;6;1683
496;6;2429;496;6;2431
496;6;2431;496;6;2435
496;6;2435;496;6;2429
496;6;491;496;6;961
496;6;961;496;6;3076
496;6;3076;496;6;491
496;6;2433;496;6;2437
496;6;2437;496;6;2433
496;6;927;496;6;955
496;6;955;496;6;927
496;6;1210;496;6;1242
496;6;1242;496;6;2674
496;6;2674;496;6;1210
496;6;2627;496;6;2688
496;6;2688;496;6;2627
496;6;550;496;6;554
496;6;554;496;6;550
496;6;553;496;6;560
496;6;560;496;6;553
496;6;374;496;6;599
496;6;599;496;6;374
496;6;1022;496;6;6104
496;6;6104;496;6;1022
496;6;1265;496;6;1507
496;6;1507;496;6;1265
496;6;1185;496;6;1657
496;6;1657;496;6;1185
496;6;2820;496;6;2821
496;6;2821;496;6;3079
496;6;3079;496;6;2820
496;6;1211;496;6;1271
496;6;1271;496;6;1211
496;6;7121;496;6;7341
496;6;7341;496;6;7121
496;6;7011;496;6;7122
496;6;7122;496;6;7011
496;6;1351;496;6;1353
496;6;1353;496;6;1351
496;6;193;496;6;1355
496;6;1355;496;6;193
496;6;1357;496;6;1643
496;6;1643;496;6;1357
496;6;1347;496;6;1375
496;6;1375;496;6;1347
496;6;8692;496;6;8698
496;6;8698;496;6;8692
496;6;8699;496;6;8701
496;6;8701;496;6;8699
496;6;1398;496;6;1400
496;6;1400;496;6;1398
496;6;2880;496;6;2885
496;6;2885;496;6;2880
496;6;1932;496;6;1934
496;6;1934;496;6;1932
496;6;1660;496;6;2678
496;6;2678;496;6;1660
496;6;1661;496;6;1663
496;6;1663;496;6;1661
496;6;1440;496;6;2090
496;6;2090;496;6;1440
496;6;1388;496;6;2091
496;6;2091;496;6;1388
496;6;2489;496;6;2491
496;6;2491;496;6;2489
496;6;8668;496;6;8670
496;6;8670;496;6;8744
496;6;8744;496;6;8746
496;6;8746;496;6;8668
496;6;8671;496;6;8673
496;6;8673;496;6;8671
496;6;7564;496;6;7566
496;6;7566;496;6;8899
496;6;8899;496;6;7564
496;6;7590;496;6;7592
496;6;7592;496;6;7590
496;6;6610;496;6;6718
496;6;6718;496;6;6720
496;6;6720;496;6;6610
496;6;6721;496;6;7013
496;6;7013;496;6;6721
496;6;7108;496;6;7448
496;6;7448;496;6;7108
496;6;7646;496;6;7718
496;6;7718;496;6;7722
496;6;7722;496;6;7724
496;6;7724;496;6;7726
496;6;7726;496;6;8893
496;6;8893;496;6;7646
496;6;7736;496;6;7742
496;6;7742;496;6;7736
496;6;7732;496;6;7740
496;6;7740;496;6;7732
496;6;7744;496;6;7754
496;6;7754;496;6;7744
496;6;7756;496;6;7760
496;6;7760;496;6;7756
496;6;7774;496;6;7776
496;6;7776;496;6;7778
496;6;7778;496;6;7774
496;6;7764;496;6;7766
496;6;7766;496;6;7768
496;6;7768;496;6;7764
496;6;7734;496;6;7738
496;6;7738;496;6;7734
496;6;7746;496;6;7750
496;6;7750;496;6;7746
496;6;7748;496;6;7752
496;6;7752;496;6;7748
496;6;7758;496;6;7762
496;6;7762;496;6;7758
496;6;7770;496;6;7772
496;6;7772;496;6;7770
496;6;9035;496;6;9037
496;6;9037;496;6;9035
496;6;9031;496;6;9033
496;6;9033;496;6;9031
496;6;7648;496;6;7652
496;6;7652;496;6;7648
496;6;7046;496;6;9039
496;6;9039;496;6;7046
496;6;7087;496;6;9044
496;6;9044;496;6;7087
496;6;6334;496;6;6336
496;6;6336;496;6;6340
496;6;6340;496;6;6334
496;6;7512;496;6;7514
496;6;7514;496;6;7512
496;6;7720;496;6;7728
496;6;7728;496;6;7720
496;6;6400;496;6;7690
496;6;7690;496;6;6400
496;6;7488;496;6;7490
496;6;7490;496;6;7488
496;6;6252;496;6;6258
496;6;6258;496;6;6252
496;6;7686;496;6;7688
496;6;7688;496;6;7686
496;6;7626;496;6;7628
496;6;7628;496;6;7626
496;6;6360;496;6;6362
496;6;6362;496;6;6366
496;6;6366;496;6;6360
496;6;6354;496;6;6364
496;6;6364;496;6;6354
496;6;6352;496;6;6356
496;6;6356;496;6;6358
496;6;6358;496;6;6352
496;6;7610;496;6;7612
496;6;7612;496;6;7610
496;6;7598;496;6;7600
496;6;7600;496;6;7598
496;6;6294;496;6;6296
496;6;6296;496;6;6294
496;6;7568;496;6;7572
496;6;7572;496;6;7574
496;6;7574;496;6;7576
496;6;7576;496;6;9025
496;6;9025;496;6;7568
496;6;7548;496;6;7550
496;6;7550;496;6;7548
496;6;7494;496;6;7496
496;6;7496;496;6;7494
496;6;7578;496;6;7580
496;6;7580;496;6;7582
496;6;7582;496;6;7584
496;6;7584;496;6;7578
496;6;6394;496;6;6396
496;6;6396;496;6;6394
496;6;7798;496;6;7802
496;6;7802;496;6;7798
496;6;6392;496;6;6398
496;6;6398;496;6;7800
496;6;7800;496;6;6392
496;6;6344;496;6;6346
496;6;6346;496;6;6344
496;6;6372;496;6;6374
496;6;6374;496;6;6372
496;6;7670;496;6;7672
496;6;7672;496;6;7670
496;6;7634;496;6;7636
496;6;7636;496;6;7790
496;6;7790;496;6;7634
496;6;7662;496;6;7664
496;6;7664;496;6;7662
496;6;7622;496;6;7624
496;6;7624;496;6;7622
496;6;7520;496;6;7522
496;6;7522;496;6;7520
496;6;7678;496;6;7680
496;6;7680;496;6;7678
496;6;7508;496;6;7510
496;6;7510;496;6;7508
496;6;7482;496;6;7485
496;6;7485;496;6;7482
496;6;7782;496;6;7784
496;6;7784;496;6;7782
496;6;7480;496;6;7487
496;6;7487;496;6;7780
496;6;7780;496;6;7480
496;6;7552;496;6;7554
496;6;7554;496;6;7552
496;6;6322;496;6;6324
496;6;6324;496;6;6326
496;6;6326;496;6;6328
496;6;6328;496;6;6322
496;6;7644;496;6;9023
496;6;9023;496;6;7644
496;6;6318;496;6;6320
496;6;6320;496;6;6318
496;6;6378;496;6;6382
496;6;6382;496;6;6378
496;6;7650;496;6;7656
496;6;7656;496;6;7650
496;6;6284;496;6;6290
496;6;6290;496;6;6292
496;6;6292;496;6;6284
496;6;8887;496;6;8897
496;6;8897;496;6;8887
496;6;6348;496;6;6350
496;6;6350;496;6;6348
496;6;7586;496;6;7588
496;6;7588;496;6;7586
496;6;7594;496;6;7596
496;6;7596;496;6;7594
496;6;7658;496;6;7660
496;6;7660;496;6;7730
496;6;7730;496;6;7658
496;6;6282;496;6;6286
496;6;6286;496;6;6282
496;6;6280;496;6;6288
496;6;6288;496;6;6280
496;6;6308;496;6;6310
496;6;6310;496;6;6308
496;6;7544;496;6;7546
496;6;7546;496;6;7544
496;6;7492;496;6;7498
496;6;7498;496;6;7492
496;6;6386;496;6;6388
496;6;6388;496;6;6386
496;6;6384;496;6;6390
496;6;6390;496;6;7792
496;6;7792;496;6;6384
496;6;7794;496;6;7796
496;6;7796;496;6;7794
496;6;7632;496;6;7804
496;6;7804;496;6;7632
496;6;7618;496;6;7620
496;6;7620;496;6;7618
496;6;7674;496;6;7676
496;6;7676;496;6;7674
496;6;7602;496;6;7604
496;6;7604;496;6;7602
496;6;7504;496;6;7506
496;6;7506;496;6;7504
496;6;7694;496;6;7696
496;6;7696;496;6;7694
496;6;7478;496;6;7692
496;6;7692;496;6;7478
496;6;7786;496;6;7788
496;6;7788;496;6;7786
496;6;7614;496;6;7616
496;6;7616;496;6;7614
496;6;7638;496;6;7640
496;6;7640;496;6;7638
496;6;6314;496;6;6316
496;6;6316;496;6;6314
496;6;6368;496;6;6370
496;6;6370;496;6;6368
496;6;6376;496;6;6380
496;6;6380;496;6;6376
496;6;6238;496;6;6270
496;6;6270;496;6;6238
496;6;8520;496;6;8587
496;6;8587;496;6;8520
496;6;7712;496;6;7714
496;6;7714;496;6;7712
496;6;7710;496;6;7716
496;6;7716;496;6;7710
496;6;8883;496;6;8895
496;6;8895;496;6;8883
496;6;8881;496;6;8885
496;6;8885;496;6;8881
496;6;7707;496;6;8510
496;6;8510;496;6;7707
496;6;8889;496;6;8891
496;6;8891;496;6;8901
496;6;8901;496;6;8903
496;6;8903;496;6;9027
496;6;9027;496;6;9029
496;6;9029;496;6;8889
496;6;6979;496;6;8936
496;6;8936;496;6;6979
496;6;2296;496;6;2298
496;6;2298;496;6;2296
496;6;913;496;6;3104
496;6;3104;496;6;913
496;6;24;496;6;914
496;6;914;496;6;2527
496;6;2527;496;6;24
496;6;920;496;6;922
496;6;922;496;6;920
496;6;923;496;6;1241
496;6;1241;496;6;923
496;6;924;496;6;926
496;6;926;496;6;924
496;6;908;496;6;919
496;6;919;496;6;908
496;6;2908;496;6;2910
496;6;2910;496;6;2908
496;6;2609;496;6;2613
496;6;2613;496;6;2848
496;6;2848;496;6;2609
496;6;976;496;6;2135
496;6;2135;496;6;976
496;6;2611;496;6;2615
496;6;2615;496;6;2611
496;6;1296;496;6;1298
496;6;1298;496;6;1296
496;6;1299;496;6;1723
496;6;1723;496;6;1299
496;6;8596;496;6;8938
496;6;8938;496;6;8596
496;6;6651;496;6;7200
496;6;7200;496;6;6651
496;6;9013;496;6;9014
496;6;9014;496;6;9013
496;6;720;496;6;722
496;6;722;496;6;720
496;6;135;496;6;2533
496;6;2533;496;6;135
496;6;221;496;6;228
496;6;228;496;6;285
496;6;285;496;6;221
496;6;66;496;6;222
496;6;222;496;6;1161
496;6;1161;496;6;66
496;6;302;496;6;1165
496;6;1165;496;6;302
496;6;10;496;6;65
496;6;65;496;6;1160
496;6;1160;496;6;2551
496;6;2551;496;6;10
496;6;67;496;6;303
496;6;303;496;6;3073
496;6;3073;496;6;67
496;6;68;496;6;897
496;6;897;496;6;1877
496;6;1877;496;6;68
496;6;69;496;6;1925
496;6;1925;496;6;69
496;6;71;496;6;1195
496;6;1195;496;6;71
496;6;74;496;6;1361
496;6;1361;496;6;74
496;6;194;496;6;2872
496;6;2872;496;6;194
496;6;232;496;6;237
496;6;237;496;6;232
496;6;224;496;6;233
496;6;233;496;6;2474
496;6;2474;496;6;224
496;6;2475;496;6;2477
496;6;2477;496;6;2912
496;6;2912;496;6;2475
496;6;198;496;6;932
496;6;932;496;6;1243
496;6;1243;496;6;198
496;6;201;496;6;1807
496;6;1807;496;6;2695
496;6;2695;496;6;201
496;6;203;496;6;749
496;6;749;496;6;203
496;6;206;496;6;851
496;6;851;496;6;856
496;6;856;496;6;206
496;6;165;496;6;209
496;6;209;496;6;3083
496;6;3083;496;6;3087
496;6;3087;496;6;165
496;6;210;496;6;1280
496;6;1280;496;6;210
496;6;211;496;6;1333
496;6;1333;496;6;211
496;6;528;496;6;530
496;6;530;496;6;771
496;6;771;496;6;773
496;6;773;496;6;528
496;6;452;496;6;454
496;6;454;496;6;776
496;6;776;496;6;452
496;6;1828;496;6;1834
496;6;1834;496;6;1836
496;6;1836;496;6;1828
496;6;8754;496;6;8810
496;6;8810;496;6;8754
496;6;8676;496;6;8755
496;6;8755;496;6;8757
496;6;8757;496;6;8676
496;6;6506;496;6;6820
496;6;6820;496;6;7082
496;6;7082;496;6;7095
496;6;7095;496;6;6506
496;6;6501;496;6;6503
496;6;6503;496;6;6501
496;6;7089;496;6;7377
496;6;7377;496;6;7089
496;6;6478;496;6;6480
496;6;6480;496;6;6504
496;6;6504;496;6;8858
496;6;8858;496;6;6478
496;6;6505;496;6;6570
496;6;6570;496;6;6599
496;6;6599;496;6;6505
496;6;6536;496;6;6538
496;6;6538;496;6;7093
496;6;7093;496;6;6536
496;6;8731;496;6;8759
496;6;8759;496;6;8731
496;6;6604;496;6;6608
496;6;6608;496;6;7441
496;6;7441;496;6;6604
496;6;6826;496;6;6830
496;6;6830;496;6;7015
496;6;7015;496;6;6826
496;6;6601;496;6;6603
496;6;6603;496;6;8583
496;6;8583;496;6;6601
496;6;7088;496;6;7419
496;6;7419;496;6;7088
496;6;6600;496;6;7423
496;6;7423;496;6;6600
496;6;249;496;6;1223
496;6;1223;496;6;1225
496;6;1225;496;6;249
496;6;1226;496;6;1724
496;6;1724;496;6;1226
496;6;1217;496;6;2822
496;6;2822;496;6;1217
496;6;524;496;6;1218
496;6;1218;496;6;524
496;6;768;496;6;770
496;6;770;496;6;1238
496;6;1238;496;6;768
496;6;449;496;6;1222
496;6;1222;496;6;449
496;6;2258;496;6;2260
496;6;2260;496;6;2746
496;6;2746;496;6;2922
496;6;2922;496;6;2936
496;6;2936;496;6;2258
496;6;2920;496;6;2928
496;6;2928;496;6;2934
496;6;2934;496;6;2938
496;6;2938;496;6;2920
496;6;2422;496;6;2857
496;6;2857;496;6;2422
496;6;2930;496;6;2932
496;6;2932;496;6;2930
496;6;1929;496;6;1931
496;6;1931;496;6;1938
496;6;1938;496;6;1929
496;6;8861;496;6;8862
496;6;8862;496;6;8861
496;6;513;496;6;515
496;6;515;496;6;1715
496;6;1715;496;6;513
496;6;581;496;6;1202
496;6;1202;496;6;581
496;6;511;496;6;587
496;6;587;496;6;2824
496;6;2824;496;6;511
496;6;512;496;6;625
496;6;625;496;6;512
496;6;7268;496;6;8570
496;6;8570;496;6;7268
496;6;1689;496;6;1694
496;6;1694;496;6;1689
496;6;993;496;6;995
496;6;995;496;6;1040
496;6;1040;496;6;993
496;6;2233;496;6;2235
496;6;2235;496;6;2233
496;6;2227;496;6;2229
496;6;2229;496;6;3124
496;6;3124;496;6;2227
496;6;283;496;6;2549
496;6;2549;496;6;283
496;6;2028;496;6;2051
496;6;2051;496;6;2028
496;6;2052;496;6;2687
496;6;2687;496;6;2052
496;6;2027;496;6;2048
496;6;2048;496;6;2027
496;6;2031;496;6;2049
496;6;2049;496;6;2031
496;6;2035;496;6;2057
496;6;2057;496;6;2035
496;6;2042;496;6;2058
496;6;2058;496;6;2042
496;6;2026;496;6;2045
496;6;2045;496;6;2026
496;6;2030;496;6;2046
496;6;2046;496;6;2030
496;6;2034;496;6;2054
496;6;2054;496;6;2034
496;6;2041;496;6;2055
496;6;2055;496;6;2041
496;6;8736;496;6;8738
496;6;8738;496;6;8736
496;6;6868;496;6;7398
496;6;7398;496;6;6868
496;6;7078;496;6;7400
496;6;7400;496;6;7078
496;6;857;496;6;865
496;6;865;496;6;857
496;6;859;496;6;876
496;6;876;496;6;859
496;6;860;496;6;886
496;6;886;496;6;860
496;6;861;496;6;1307
496;6;1307;496;6;861
496;6;862;496;6;1454
496;6;1454;496;6;2836
496;6;2836;496;6;862
496;6;1044;496;6;1046
496;6;1046;496;6;1525
496;6;1525;496;6;1044
496;6;1047;496;6;1656
496;6;1656;496;6;1047
496;6;2958;496;6;2982
496;6;2982;496;6;2958
496;6;7252;496;6;7254
496;6;7254;496;6;7252
496;6;7079;496;6;7251
496;6;7251;496;6;7079
496;6;7415;496;6;7421
496;6;7421;496;6;7415
496;6;2652;496;6;2655
496;6;2655;496;6;2652
496;6;750;496;6;864
496;6;864;496;6;1899
496;6;1899;496;6;750
496;6;866;496;6;1916
496;6;1916;496;6;866
496;6;1330;496;6;1917
496;6;1917;496;6;1330
496;6;108;496;6;869
496;6;869;496;6;1331
496;6;1331;496;6;108
496;6;1692;496;6;1696
496;6;1696;496;6;1692
496;6;2247;496;6;2249
496;6;2249;496;6;2247
496;6;1203;496;6;3099
496;6;3099;496;6;1203
496;6;2237;496;6;2239
496;6;2239;496;6;2241
496;6;2241;496;6;2237
496;6;181;496;6;1364
496;6;1364;496;6;1366
496;6;1366;496;6;181
496;6;878;496;6;880
496;6;880;496;6;3013
496;6;3013;496;6;878
496;6;111;496;6;1308
496;6;1308;496;6;1310
496;6;1310;496;6;111
496;6;2387;496;6;2389
496;6;2389;496;6;2387
496;6;2393;496;6;2395
496;6;2395;496;6;2399
496;6;2399;496;6;2401
496;6;2401;496;6;2393
496;6;2391;496;6;2397
496;6;2397;496;6;2391
496;6;115;496;6;1473
496;6;1473;496;6;1639
496;6;1639;496;6;115
496;6;116;496;6;1193
496;6;1193;496;6;116
496;6;2284;496;6;2286
496;6;2286;496;6;2284
496;6;2288;496;6;2290
496;6;2290;496;6;2288
496;6;1320;496;6;2479
496;6;2479;496;6;1320
496;6;2826;496;6;2827
496;6;2827;496;6;2826
496;6;531;496;6;1736
496;6;1736;496;6;531
496;6;2975;496;6;2977
496;6;2977;496;6;2975
496;6;1382;496;6;1633
496;6;1633;496;6;1382
496;6;949;496;6;1629
496;6;1629;496;6;949
496;6;1381;496;6;1630
496;6;1630;496;6;1381
496;6;448;496;6;1293
496;6;1293;496;6;1295
496;6;1295;496;6;448
496;6;7245;496;6;7472
496;6;7472;496;6;7245
496;6;7265;496;6;7473
496;6;7473;496;6;7265
496;6;787;496;6;797
496;6;797;496;6;787
496;6;8930;496;6;8931
496;6;8931;496;6;8930
496;6;6470;496;6;6472
496;6;6472;496;6;7062
496;6;7062;496;6;6470
496;6;6475;496;6;6477
496;6;6477;496;6;6475
496;6;6780;496;6;7077
496;6;7077;496;6;9007
496;6;9007;496;6;6780
496;6;6462;496;6;6465
496;6;6465;496;6;6887
496;6;6887;496;6;6889
496;6;6889;496;6;6462
496;6;6466;496;6;7323
496;6;7323;496;6;6466
496;6;7076;496;6;7308
496;6;7308;496;6;7076
496;6;6870;496;6;7075
496;6;7075;496;6;6870
496;6;6455;496;6;8933
496;6;8933;496;6;6455
496;6;1769;496;6;1773
496;6;1773;496;6;1769
496;6;8649;496;6;8651
496;6;8651;496;6;8649
496;6;2098;496;6;2100
496;6;2100;496;6;2098
496;6;974;496;6;978
496;6;978;496;6;974
496;6;933;496;6;979
496;6;979;496;6;933
496;6;982;496;6;1621
496;6;1621;496;6;982
496;6;983;496;6;1626
496;6;1626;496;6;983
496;6;944;496;6;984
496;6;984;496;6;2600
496;6;2600;496;6;944
496;6;765;496;6;767
496;6;767;496;6;1466
496;6;1466;496;6;765
496;6;758;496;6;911
496;6;911;496;6;2693
496;6;2693;496;6;758
496;6;763;496;6;1181
496;6;1181;496;6;1706
496;6;1706;496;6;763
496;6;764;496;6;2529
496;6;2529;496;6;2573
496;6;2573;496;6;764
496;6;1707;496;6;1709
496;6;1709;496;6;1707
496;6;6890;496;6;6892
496;6;6892;496;6;6890
496;6;2173;496;6;2177
496;6;2177;496;6;2173
496;6;2167;496;6;2169
496;6;2169;496;6;2167
496;6;20;496;6;492
496;6;492;496;6;2575
496;6;2575;496;6;20
496;6;910;496;6;1479
496;6;1479;496;6;910
496;6;1896;496;6;1901
496;6;1901;496;6;1896
496;6;1897;496;6;1908
496;6;1908;496;6;1897
496;6;2587;496;6;3090
496;6;3090;496;6;2587
496;6;2588;496;6;3094
496;6;3094;496;6;2588
496;6;382;496;6;388
496;6;388;496;6;382
496;6;785;496;6;3092
496;6;3092;496;6;785
496;6;1268;496;6;3093
496;6;3093;496;6;1268
496;6;7057;496;6;7356
496;6;7356;496;6;7057
496;6;7357;496;6;7369
496;6;7369;496;6;7357
496;6;7047;496;6;7362
496;6;7362;496;6;7047
496;6;9053;496;6;9055
496;6;9055;496;6;9053
496;6;2789;496;6;2791
496;6;2791;496;6;2789
496;6;2762;496;6;2764
496;6;2764;496;6;2762
496;6;2139;496;6;2141
496;6;2141;496;6;2139
496;6;2137;496;6;2143
496;6;2143;496;6;2137
496;6;2423;496;6;2444
496;6;2444;496;6;2423
496;6;2768;496;6;2770
496;6;2770;496;6;2768
496;6;877;496;6;1919
496;6;1919;496;6;877
496;6;7277;496;6;7281
496;6;7281;496;6;7283
496;6;7283;496;6;7277
496;6;525;496;6;2786
496;6;2786;496;6;525
496;6;8764;496;6;8811
496;6;8811;496;6;8764
496;6;1617;496;6;1619
496;6;1619;496;6;1617
496;6;2873;496;6;2875
496;6;2875;496;6;2873
496;6;2876;496;6;2893
496;6;2893;496;6;2876
496;6;2878;496;6;2881
496;6;2881;496;6;2878
496;6;2659;496;6;9009
496;6;9009;496;6;2659
496;6;245;496;6;630
496;6;630;496;6;2830
496;6;2830;496;6;245
496;6;624;496;6;2832
496;6;2832;496;6;624
496;6;480;496;6;628
496;6;628;496;6;3048
496;6;3048;496;6;480
496;6;2462;496;6;2465
496;6;2465;496;6;2462
496;6;2754;496;6;2756
496;6;2756;496;6;2754
496;6;2341;496;6;2343
496;6;2343;496;6;2442
496;6;2442;496;6;2341
496;6;2381;496;6;2383
496;6;2383;496;6;2381
496;6;3020;496;6;3022
496;6;3022;496;6;3059
496;6;3059;496;6;3020
496;6;2361;496;6;2365
496;6;2365;496;6;2369
496;6;2369;496;6;2361
496;6;2349;496;6;2351
496;6;2351;496;6;2353
496;6;2353;496;6;2355
496;6;2355;496;6;2357
496;6;2357;496;6;2359
496;6;2359;496;6;2385
496;6;2385;496;6;2349
496;6;2375;496;6;2377
496;6;2377;496;6;2379
496;6;2379;496;6;3057
496;6;3057;496;6;3061
496;6;3061;496;6;2375
496;6;1190;496;6;1484
496;6;1484;496;6;1190
496;6;951;496;6;1191
496;6;1191;496;6;951
496;6;175;496;6;1194
496;6;1194;496;6;2970
496;6;2970;496;6;175
496;6;2802;496;6;2889
496;6;2889;496;6;2802
496;6;2363;496;6;2367
496;6;2367;496;6;2363
496;6;2750;496;6;2752
496;6;2752;496;6;2758
496;6;2758;496;6;2750
496;6;2337;496;6;2339
496;6;2339;496;6;2345
496;6;2345;496;6;2337
496;6;2371;496;6;2373
496;6;2373;496;6;2371
496;6;2458;496;6;2460
496;6;2460;496;6;2458
496;6;7280;496;6;7287
496;6;7287;496;6;7280
496;6;7067;496;6;7322
496;6;7322;496;6;9012
496;6;9012;496;6;7067
496;6;8993;496;6;8997
496;6;8997;496;6;8993
496;6;8990;496;6;8994
496;6;8994;496;6;8990
496;6;6611;496;6;6829
496;6;6829;496;6;6611
496;6;242;496;6;244
496;6;244;496;6;427
496;6;427;496;6;242
496;6;786;496;6;790
496;6;790;496;6;786
496;6;6881;496;6;6976
496;6;6976;496;6;6978
496;6;6978;496;6;6881
496;6;7063;496;6;7286
496;6;7286;496;6;7063
496;6;298;496;6;1854
496;6;1854;496;6;298
496;6;2601;496;6;2967
496;6;2967;496;6;2601
496;6;888;496;6;890
496;6;890;496;6;888
496;6;883;496;6;1283
496;6;1283;496;6;1870
496;6;1870;496;6;883
496;6;1865;496;6;1871
496;6;1871;496;6;1865
496;6;1872;496;6;1874
496;6;1874;496;6;1872
496;6;1334;496;6;1858
496;6;1858;496;6;1334
496;6;1859;496;6;1867
496;6;1867;496;6;1859
496;6;1862;496;6;1868
496;6;1868;496;6;1862
496;6;1282;496;6;1861
496;6;1861;496;6;1282
496;6;753;496;6;1306
496;6;1306;496;6;753
496;6;754;496;6;1453
496;6;1453;496;6;754
496;6;1448;496;6;1638
496;6;1638;496;6;1448
496;6;6655;496;6;6664
496;6;6664;496;6;6655
496;6;6666;496;6;6864
496;6;6864;496;6;6666
496;6;7061;496;6;7370
496;6;7370;496;6;7061
496;6;6596;496;6;6667
496;6;6667;496;6;6596
496;6;6668;496;6;6843
496;6;6843;496;6;6845
496;6;6845;496;6;6668
496;6;7060;496;6;7395
496;6;7395;496;6;7060
496;6;379;496;6;601
496;6;601;496;6;379
496;6;585;496;6;2582
496;6;2582;496;6;585
496;6;25;496;6;623
496;6;623;496;6;641
496;6;641;496;6;1980
496;6;1980;496;6;2536
496;6;2536;496;6;3106
496;6;3106;496;6;25
496;6;440;496;6;568
496;6;568;496;6;440
496;6;7162;496;6;7164
496;6;7164;496;6;7162
496;6;7606;496;6;7608
496;6;7608;496;6;7606
496;6;3044;496;6;3045
496;6;3045;496;6;3044
496;6;1664;496;6;1666
496;6;1666;496;6;1664
496;6;1977;496;6;2509
496;6;2509;496;6;2511
496;6;2511;496;6;1977
496;6;9;496;6;2512
496;6;2512;496;6;9
496;6;812;496;6;2508
496;6;2508;496;6;812
496;6;934;496;6;1646
496;6;1646;496;6;934
496;6;6861;496;6;6863
496;6;6863;496;6;6861
496;6;2187;496;6;2189
496;6;2189;496;6;2187
496;6;1821;496;6;1994
496;6;1994;496;6;1821
496;6;1837;496;6;1839
496;6;1839;496;6;1837
496;6;2961;496;6;2988
496;6;2988;496;6;2961
496;6;2272;496;6;2274
496;6;2274;496;6;2272
496;6;8940;496;6;8941
496;6;8941;496;6;8940
496;6;6569;496;6;7428
496;6;7428;496;6;6569
496;6;6564;496;6;7043
496;6;7043;496;6;6564
496;6;7036;496;6;7056
496;6;7056;496;6;7036
496;6;8947;496;6;8948
496;6;8948;496;6;8947
496;6;1235;496;6;1237
496;6;1237;496;6;1235
496;6;6539;496;6;8572
496;6;8572;496;6;6539
496;6;8721;496;6;8791
496;6;8791;496;6;8721
496;6;2155;496;6;2157
496;6;2157;496;6;2155
496;6;6918;496;6;6920
496;6;6920;496;6;6918
496;6;7051;496;6;7427
496;6;7427;496;6;7051
496;6;7411;496;6;7426
496;6;7426;496;6;7411
496;6;7412;496;6;7414
496;6;7414;496;6;7412
496;6;2292;496;6;2294
496;6;2294;496;6;3024
496;6;3024;496;6;2292
496;6;2280;496;6;2282
496;6;2282;496;6;2280
496;6;2159;496;6;2161
496;6;2161;496;6;2159
496;6;2251;496;6;2253
496;6;2253;496;6;2251
496;6;2163;496;6;2165
496;6;2165;496;6;2163
496;6;2219;496;6;2221
496;6;2221;496;6;2223
496;6;2223;496;6;3122
496;6;3122;496;6;2219
496;6;2203;496;6;2205
496;6;2205;496;6;2203
496;6;2243;496;6;2245
496;6;2245;496;6;2243
496;6;1884;496;6;1887
496;6;1887;496;6;1884
496;6;1403;496;6;1405
496;6;1405;496;6;1403
496;6;241;496;6;366
496;6;366;496;6;241
496;6;8747;496;6;8749
496;6;8749;496;6;8747
496;6;8750;496;6;8814
496;6;8814;496;6;8816
496;6;8816;496;6;8750
496;6;7418;496;6;8592
496;6;8592;496;6;7418
496;6;6846;496;6;6848
496;6;6848;496;6;6846
496;6;6849;496;6;6851
496;6;6851;496;6;7029
496;6;7029;496;6;6849
496;6;6593;496;6;6595
496;6;6595;496;6;6871
496;6;6871;496;6;6873
496;6;6873;496;6;6593
496;6;6842;496;6;6874
496;6;6874;496;6;6842
496;6;1997;496;6;1999
496;6;1999;496;6;2478
496;6;2478;496;6;1997
496;6;7290;496;6;7292
496;6;7292;496;6;7290
496;6;7084;496;6;7446
496;6;7446;496;6;7084
496;6;6821;496;6;6823
496;6;6823;496;6;6821
496;6;6899;496;6;6901
496;6;6901;496;6;7289
496;6;7289;496;6;6899
496;6;2616;496;6;2618
496;6;2618;496;6;2616
496;6;6589;496;6;7306
496;6;7306;496;6;6589
496;6;1798;496;6;1800
496;6;1800;496;6;1798
496;6;1801;496;6;1804
496;6;1804;496;6;1801
496;6;1458;496;6;3105
496;6;3105;496;6;1458
496;6;2838;496;6;8864
496;6;8864;496;6;2838
496;6;1387;496;6;1447
496;6;1447;496;6;1387
496;6;311;496;6;313
496;6;313;496;6;311
496;6;1611;496;6;1613
496;6;1613;496;6;1611
496;6;495;496;6;1716
496;6;1716;496;6;495
496;6;2064;496;6;2071
496;6;2071;496;6;2064
496;6;1024;496;6;6067
496;6;6067;496;6;1024
496;6;588;496;6;590
496;6;590;496;6;588
496;6;564;496;6;591
496;6;591;496;6;564
496;6;172;496;6;1311
496;6;1311;496;6;1923
496;6;1923;496;6;2845
496;6;2845;496;6;172
496;6;171;496;6;2698
496;6;2698;496;6;171
496;6;8515;496;6;8516
496;6;8516;496;6;8515
496;6;850;496;6;1912
496;6;1912;496;6;850
496;6;849;496;6;1902
496;6;1902;496;6;849
496;6;6799;496;6;8970
496;6;8970;496;6;6799
496;6;6576;496;6;6578
496;6;6578;496;6;8595
496;6;8595;496;6;6576
496;6;8726;496;6;8809
496;6;8809;496;6;8726
496;6;8984;496;6;8986
496;6;8986;496;6;8984
496;6;8988;496;6;8991
496;6;8991;496;6;8988
496;6;881;496;6;2519
496;6;2519;496;6;881
496;6;167;496;6;882
496;6;882;496;6;167
496;6;6841;496;6;6879
496;6;6879;496;6;8525
496;6;8525;496;6;6841
496;6;873;496;6;1281
496;6;1281;496;6;873
496;6;174;496;6;1475
496;6;1475;496;6;174
496;6;1408;496;6;1444
496;6;1444;496;6;9015
496;6;9015;496;6;1408
496;6;1439;496;6;1446
496;6;1446;496;6;1439
496;6;893;496;6;895
496;6;895;496;6;1284
496;6;1284;496;6;893
496;6;1285;496;6;1924
496;6;1924;496;6;1285
496;6;168;496;6;892
496;6;892;496;6;168
496;6;649;496;6;1463
496;6;1463;496;6;1465
496;6;1465;496;6;649
496;6;1459;496;6;1461
496;6;1461;496;6;1459
496;6;6597;496;6;6673
496;6;6673;496;6;6597
496;6;8868;496;6;9010
496;6;9010;496;6;8868
496;6;809;496;6;811
496;6;811;496;6;2515
496;6;2515;496;6;809
496;6;479;496;6;565
496;6;565;496;6;567
496;6;567;496;6;479
496;6;6674;496;6;6917
496;6;6917;496;6;6674
496;6;2702;496;6;2974
496;6;2974;496;6;2702
496;6;1167;496;6;1174
496;6;1174;496;6;1167
496;6;1170;496;6;2532
496;6;2532;496;6;1170
496;6;293;496;6;295
496;6;295;496;6;293
496;6;292;496;6;1159
496;6;1159;496;6;1852
496;6;1852;496;6;292
496;6;804;496;6;1508
496;6;1508;496;6;804
496;6;1482;496;6;3015
496;6;3015;496;6;1482
496;6;945;496;6;947
496;6;947;496;6;945
496;6;942;496;6;2895
496;6;2895;496;6;942
496;6;2405;496;6;2411
496;6;2411;496;6;2405
496;6;2147;496;6;2153
496;6;2153;496;6;2262
496;6;2262;496;6;2147
496;6;2149;496;6;2225
496;6;2225;496;6;2407
496;6;2407;496;6;2415
496;6;2415;496;6;2149
496;6;3063;496;6;3065
496;6;3065;496;6;3067
496;6;3067;496;6;3069
496;6;3069;496;6;3063
496;6;2766;496;6;2772
496;6;2772;496;6;2766
496;6;2145;496;6;2151
496;6;2151;496;6;2413
496;6;2413;496;6;2145
496;6;2403;496;6;2409
496;6;2409;496;6;2403
496;6;8675;496;6;8727
496;6;8727;496;6;8729
496;6;8729;496;6;8675
496;6;8718;496;6;8720
496;6;8720;496;6;8718
496;6;2965;496;6;2966
496;6;2966;496;6;2965
496;6;8980;496;6;8983
496;6;8983;496;6;8980
496;6;2003;496;6;2005
496;6;2005;496;6;2003
496;6;2840;496;6;2841
496;6;2841;496;6;2840
496;6;1808;496;6;1810
496;6;1810;496;6;1808
496;6;1215;496;6;1811
496;6;1811;496;6;1215
496;6;2842;496;6;2844
496;6;2844;496;6;2842
496;6;1378;496;6;1380
496;6;1380;496;6;1378
496;6;1730;496;6;1732
496;6;1732;496;6;1730
496;6;2914;496;6;2916
496;6;2916;496;6;2914
496;6;1849;496;6;1851
496;6;1851;496;6;1849
496;6;604;496;6;1985
496;6;1985;496;6;604
496;6;1888;496;6;1890
496;6;1890;496;6;1888
496;6;481;496;6;483
496;6;483;496;6;481
496;6;1891;496;6;1893
496;6;1893;496;6;1891
