CID;LID;NID;NAME;NCOMMENT
496;1;1;亚洲;
496;1;2;中国;
496;1;1178;广东省;
496;1;7523;佛山市;
496;1;1179;广州市;
496;1;1223;白云大道北;
496;1;1186;白云大道南;
496;1;15236;陈太路;
496;1;391;同泰路;
496;1;858;东平大道;
496;1;397;下塘西路;
496;1;871;景云路;
496;1;15235;金钟横路;
496;1;15269;云城中一路;
496;1;15237;广从一路;
496;1;860;龙河西路;
496;1;859;龙兴中路;
496;1;7285;文华中路;
496;1;7300;魁奇二路;
496;1;7268;文华北路;
496;1;7373;绿景三路;
496;1;7563;彩虹路;
496;1;7550;Ｇ１０５佛山段;
496;1;14231;同安村;
496;1;15019;钟林收费站;
496;1;14361;南国西路;
496;1;7400;文海西路;
496;1;14746;桂洲大道东;
496;1;2167;桥东路;
496;1;7402;兴顺路;
496;1;14501;近良路;
496;1;14362;环市北路;
496;1;7525;龙洲公路;
496;1;7553;世纪大道;
496;1;7310;三乐西路;
496;1;14363;美的大道;
496;1;7360;陈村大道;
496;1;14277;广珠西线高速公路;
496;1;15119;Ｇ１０５广州段;
496;1;869;竹料大道东;
496;1;14716;广州绕城高速公路;
496;1;14230;北太路;
496;1;863;大沥路;
496;1;864;太和北路;
496;1;865;Ｘ２７２;
496;1;15161;罗窑路;
496;1;867;乌溪路;
496;1;15275;良沙一路;
496;1;966;南洲路;
496;1;14323;禺山西路;
496;1;15276;市广路;
496;1;15020;飘峰山庄;
496;1;15021;Ｓ２９６;
496;1;1268;大涌路;
496;1;15277;迎宾路;
496;1;14659;北环路;
496;1;177;Ｇ１０６;
496;1;1020;广花一路;
496;1;15023;平步大道东;
496;1;14767;华南快速;
496;1;1021;百花岭北街;
496;1;544;新石路;
496;1;1282;龙兴西路;
496;1;1022;Ｓ１１６;
496;1;15163;方华公路（人和大马路）;
496;1;1025;机场高速公路;
496;1;15278;赤坎地;
496;1;252;迎宾大道;
496;1;1028;商业大道;
496;1;14235;三东大道东;
496;1;8029;Ｓ２６７;
496;1;15281;桂和公路;
496;1;1330;Ｓ１１８;
496;1;1024;方华公路;
496;1;15039;西湖西街;
496;1;15249;云高生态公园;
496;1;14727;大广高速公路;
496;1;14263;人和大马路;
496;1;26;Ｇ１０７;
496;1;14236;汇彩路（黄埔大道东）;
496;1;25;中山大道东;
496;1;18;广清高速公路;
496;1;320;鸦岗大道;
496;1;14677;广清大道;
496;1;321;江石西路;
496;1;14757;Ｙ１４７;
496;1;324;神山大道西;
496;1;325;农新路;
496;1;326;平步大道中;
496;1;1409;狮岭服务区;
496;1;14758;山前旅游大道;
496;1;14274;广深大道西;
496;1;558;开创大道;
496;1;15015;沈海高速公路;
496;1;15;黄埔大道东;
496;1;270;车陂路;
496;1;14678;蟹山西路;
496;1;14739;广州环城高速公路;
496;1;308;汇彩路;
496;1;14674;黄埔东路;
496;1;15238;港湾路;
496;1;365;丰乐中路;
496;1;366;石化路;
496;1;15239;信华路;
496;1;370;开发大道;
496;1;2085;珠吉路;
496;1;363;茅岗路;
496;1;15211;广州环城高速公路东段;
496;1;234;黄村立交;
496;1;255;土华立交;
496;1;235;东圃立交;
496;1;236;新洲立交;
496;1;1161;南沙港快速路;
496;1;15212;广州环城高速公路南段;
496;1;241;海南立交;
496;1;982;新光快速路;
496;1;239;三滘立交;
496;1;14773;东新高速公路;
496;1;15213;广州环城高速公路西段;
496;1;245;沙贝立交;
496;1;243;黄岐立交;
496;1;244;浔峰洲立交;
496;1;14719;沈海高速广州支线;
496;1;15214;广州环城高速公路北段;
496;1;31;广园中路;
496;1;249;沙河立交;
496;1;250;岑村立交;
496;1;304;科韵路;
496;1;14720;广澳高速公路;
496;1;14726;榄核收费站;
496;1;14725;佛山一环南延线;
496;1;14724;南二环高速勒流服务区;
496;1;7386;百安公路;
496;1;14723;同兴路;
496;1;15122;九江收费站;
496;1;7913;Ｇ３２５;
496;1;7247;Ｓ１１３;
496;1;14310;广明高速公路;
496;1;7560;西二环南段丹灶服务区;
496;1;14721;桂丹西路;
496;1;14770;广昆高速公路;
496;1;14685;樵金北路;
496;1;14722;二广高速公路;
496;1;15333;新沙路;
496;1;7228;Ｘ４９７;
496;1;7229;炭步服务区;
496;1;15307;佛山一环北延线;
496;1;64;Ｓ１１４;
496;1;473;Ｇ１０５;
496;1;15270;广河高速公路;
496;1;15415;金坑大道;
496;1;14715;济广高速公路;
496;1;15416;金山大道东;
496;1;1314;草堂收费站;
496;1;15417;广深沿江高速公路;
496;1;488;广园快速路;
496;1;12;东风东路;
496;1;289;越秀北路;
496;1;295;广州大道中;
496;1;290;建设大马路;
496;1;292;先烈南路;
496;1;293;农林下路;
496;1;294;梅东路;
496;1;7422;三环东路;
496;1;7423;三环中路;
496;1;14530;云良路;
496;1;400;环市西路;
496;1;15244;新基三路;
496;1;233;Ｇ３２１;
496;1;1903;内环路内圈;
496;1;2075;内环路内圈Ｇ３２１入口匝道;
496;1;1212;芳村大道西;
496;1;1741;南岸路;
496;1;14660;桥中南路;
496;1;15027;桥梓大街;
496;1;1214;滘口大街;
496;1;1215;兴东路;
496;1;7237;广佛路;
496;1;7320;南海大道北;
496;1;14753;佛山一环高速公路;
496;1;7261;盐步大道;
496;1;7215;南海路;
496;1;14369;广云路;
496;1;7313;佛山大道北;
496;1;7541;Ｇ３２１佛山段;
496;1;7248;Ｘ５０３;
496;1;14370;桂和路;
496;1;14364;三水二桥;
496;1;14662;广肇高速公路（广海大道西）;
496;1;14663;健力宝北路（广海大道中）;
496;1;14664;涌南路（广海大道东）;
496;1;14665;三环西路（广海大道东）;
496;1;14666;官华路（广云路）;
496;1;15030;红星北路;
496;1;14741;二广高速广州支线;
496;1;7253;长虹路;
496;1;15284;松岗大道南;
496;1;1266;建设路;
496;1;555;环湖路;
496;1;1258;云山大道;
496;1;1261;新华路;
496;1;7257;永安大道;
496;1;15282;永安大道西;
496;1;8042;官里路;
496;1;14454;瑶平路;
496;1;54;Ｇ３２４;
496;1;7594;三水大道南;
496;1;7226;芹涌;
496;1;15481;三水大桥（新沙村）;
496;1;15482;三水大桥（广海大道西）;
496;1;21;环市东路;
496;1;1279;东濠涌高架;
496;1;344;梅花路;
496;1;7391;南国东路;
496;1;7392;东乐路;
496;1;14514;太艮路;
496;1;14508;南屏路;
496;1;439;环市中路;
496;1;61;解放北路;
496;1;15225;广州电视台;
496;1;339;童心路;
496;1;1957;天源路;
496;1;1507;长福路;
496;1;15285;广汕一路;
496;1;15242;长湴北路;
496;1;15243;粤华路;
496;1;15478;天源路（广汕一路）;
496;1;15479;高普路（广汕二路）;
496;1;15480;天鹿南路（广汕二路）;
496;1;15283;萝平路;
496;1;15164;田美路（商业大道）;
496;1;1262;花城南路;
496;1;1249;天贵路;
496;1;490;燕岭路;
496;1;15241;广州市殡仪馆;
496;1;14785;佛山一环高速公路外圈;
496;1;14784;佛山一环高速公路外圈Ｇ３２５上匝道;
496;1;7578;佛山大道中;
496;1;7382;城门头西路;
496;1;7383;亲仁路;
496;1;15286;塱沙路;
496;1;7314;文昌西路;
496;1;7210;桂丹路;
496;1;7520;机场路;
496;1;15034;谢边大道;
496;1;7604;广佛新干线;
496;1;7915;佛山大道南;
496;1;7458;东平路;
496;1;7307;乐从大道;
496;1;15287;广荷线;
496;1;7590;澜石一路;
496;1;7297;魁奇一路;
496;1;7438;绿景一路;
496;1;7282;季华五路;
496;1;7546;Ｇ３２５佛山段;
496;1;15288;龙高路;
496;1;15289;陈旺线;
496;1;7206;Ｓ２６９;
496;1;7415;生力大道;
496;1;7416;水藤大道;
496;1;1425;Ｓ２５６;
496;1;14271;新新大道中;
496;1;1426;沙埔服务区;
496;1;14714;荔新大道;
496;1;14717;珠三角环线高速公路;
496;1;14291;京港澳高速公路;
496;1;14730;城鳌大道中;
496;1;1414;瓦窑岗服务区;
496;1;15429;金谷南路;
496;1;14728;Ｓ３８１;
496;1;1420;内环路;
496;1;336;机场大道东;
496;1;32;广园西路;
496;1;331;汇侨南路;
496;1;332;鹤南中路;
496;1;14294;金三大道东;
496;1;1304;Ｓ１１１;
496;1;15418;东佛高速公路;
496;1;1365;Ｓ３５８;
496;1;14749;鱼黄支线;
496;1;15308;亚运大道;
496;1;1411;服务区;
496;1;7196;Ｘ４９５;
496;1;7250;健力宝北路;
496;1;7222;金利大道;
496;1;14748;莞佛高速公路;
496;1;1377;兴业路;
496;1;1309;海港大道;
496;1;15391;大学城南五路;
496;1;15430;金山大道中;
496;1;1301;市南路;
496;1;14689;番禺大道南;
496;1;1305;苏十顷收费站;
496;1;1306;Ｘ２９８;
496;1;1307;沥心收费站;
496;1;1308;万环西路;
496;1;14278;番禺大道北;
496;1;15483;草河二街;
496;1;1300;清河东路;
496;1;15290;富怡路;
496;1;15291;金山大道西;
496;1;7385;Ｓ１１２;
496;1;15246;河北路;
496;1;14704;建设南路;
496;1;7406;碧桂公路;
496;1;389;兴华路;
496;1;7410;Ｓ３６２;
496;1;7407;昌宝东路;
496;1;7409;德民路;
496;1;7368;碧桂路;
496;1;14416;三乐路;
496;1;7239;佛陈公路;
496;1;7359;文登路;
496;1;7487;新桂南路;
496;1;15251;齐新路;
496;1;14551;南国中路;
496;1;15292;龙冲线;
496;1;14372;连杜大道;
496;1;14373;德胜西路;
496;1;14374;鉴海南路;
496;1;14484;Ｓ３６３;
496;1;14486;樵高路;
496;1;15484;西樵互通;
496;1;14387;樵金中路;
496;1;15050;丹横路;
496;1;7266;海八西路;
496;1;14420;罗村大道中;
496;1;7639;北湖一路;
496;1;15293;禅西大道;
496;1;14709;下安大道;
496;1;15036;江府路;
496;1;548;元边北街;
496;1;1180;Ｘ２６５;
496;1;552;镜湖大道南;
496;1;553;Ｘ２６４;
496;1;554;雅瑶中路;
496;1;15108;广花二路;
496;1;1540;江人一路;
496;1;1225;黄石西路;
496;1;542;夏茅大道;
496;1;1259;花城路;
496;1;67;宝华路;
496;1;1263;秀全大道;
496;1;480;天鹿北路;
496;1;14251;柏塘一路（北太路）;
496;1;1403;Ｇ１０５（太营路）;
496;1;15297;鸿发街（太营路）;
496;1;1908;朝亮中路（太和中路）;
496;1;1910;太和南路（太和中路）;
496;1;15298;大源北路;
496;1;14253;龙陂口街;
496;1;14254;和库路;
496;1;15038;竹家庄;
496;1;497;天鹿南路;
496;1;1296;慕园;
496;1;14687;Ｓ３７８;
496;1;2080;富南路;
496;1;499;Ｘ２７４;
496;1;2081;水西路;
496;1;15168;映日路;
496;1;2166;东涌路;
496;1;2161;环城东路;
496;1;14506;振华路;
496;1;15055;凤祥南路;
496;1;15169;桂洲大道中;
496;1;159;新港西路;
496;1;1004;东晓南路;
496;1;27;广州大道南;
496;1;951;逸仙路;
496;1;1434;下渡路;
496;1;704;西华路;
496;1;10;东风西路;
496;1;282;人民北路;
496;1;66;荔湾路;
496;1;101;康王北路;
496;1;709;司马街;
496;1;710;光复北路;
496;1;1512;东兴南路;
496;1;882;寺右二马路;
496;1;645;黄沙大道;
496;1;181;珠江隧道;
496;1;561;中山八路;
496;1;516;蓬莱路;
496;1;567;多宝路;
496;1;14328;建设大道;
496;1;14740;大沙路;
496;1;15074;人民西路;
496;1;7283;汾江中路;
496;1;15202;沙溪村新沙路;
496;1;970;前进路;
496;1;765;东晓路;
496;1;1002;江南大道中;
496;1;813;江湾路;
496;1;7469;屈龙角;
496;1;7298;汾江南路;
496;1;7579;金澜南路;
496;1;7417;天佑南路;
496;1;7673;南新二路;
496;1;841;东风中路;
496;1;285;连新路;
496;1;286;吉祥路;
496;1;287;小北路;
496;1;288;德政北路;
496;1;1572;Ｓ２５７;
496;1;14358;新光快速路Ｓ２５７入口匝道;
496;1;1565;东环路;
496;1;15299;钟屏岔道;
496;1;110;文德路;
496;1;642;万福路;
496;1;38;中山四路;
496;1;73;文明路;
496;1;14787;佛山一环高速公路内圈;
496;1;14786;佛山一环高速公路内圈Ｓ２６７上匝道;
496;1;7328;佛平二路;
496;1;14303;桂澜中路;
496;1;7593;夏平西路;
496;1;7973;佛平三路;
496;1;7331;佛平四路;
496;1;7329;华翠南路;
496;1;7330;深海路;
496;1;7333;佛平五路;
496;1;7332;石龙南路;
496;1;7605;公园路;
496;1;7418;西线路;
496;1;15041;联江路;
496;1;1539;夏花三路;
496;1;7334;南港路;
496;1;7326;永安路;
496;1;7335;明德路;
496;1;15486;江夏立交;
496;1;7457;南新三路;
496;1;7339;南桂东路;
496;1;7319;海三路;
496;1;7303;海五路;
496;1;15485;桂江立交;
496;1;15301;穗盐西路;
496;1;14276;三山大道;
496;1;7327;港口路;
496;1;14423;三山港小学;
496;1;1537;环镇东路;
496;1;14413;均荷路;
496;1;7621;Ｘ４９４;
496;1;7620;政和中路;
496;1;879;中山一路;
496;1;140;达道路;
496;1;7611;环山大道;
496;1;7612;丰华北路;
496;1;15051;西安路;
496;1;14485;樵丹北路;
496;1;14440;锦湖路;
496;1;7207;吉利大道西;
496;1;14487;江浦东路;
496;1;7610;汇金路;
496;1;7262;工业大道;
496;1;2154;西环路;
496;1;14312;市良路;
496;1;14313;新村;
496;1;7376;富华路;
496;1;15302;三荷线;
496;1;8058;华章道;
496;1;7672;华康道;
496;1;7375;岭南大道南;
496;1;223;纺织路;
496;1;762;草芳围;
496;1;7633;沿江南路;
496;1;15303;兴朗大桥;
496;1;7312;佛罗路;
496;1;639;沿江中路;
496;1;7642;外滩中路;
496;1;723;沿江西路;
496;1;794;沿江东路;
496;1;637;回龙路;
496;1;85;北京路;
496;1;750;文德南路;
496;1;739;德政南路;
496;1;740;挹翠路;
496;1;787;中山二路;
496;1;783;东川路;
496;1;430;菜园西;
496;1;874;中山三路;
496;1;426;陵园西路;
496;1;596;较场西路;
496;1;824;中山五路;
496;1;133;仓边路;
496;1;423;德政中路;
496;1;643;大南路;
496;1;593;越秀中路;
496;1;753;越秀南路;
496;1;14550;环市南路;
496;1;14548;延年路;
496;1;15145;新光快速路Ｓ２９６上匝道;
496;1;14306;工业路;
496;1;14326;桥南路;
496;1;2160;清河中路;
496;1;464;沙太南路;
496;1;1137;禺东西路;
496;1;14279;番禺大桥收费站;
496;1;1274;瀛洲路;
496;1;14334;土华收费站;
496;1;1163;新港东路;
496;1;14;黄埔大道中;
496;1;23;中山大道西;
496;1;14332;春岗立交;
496;1;1136;广州大道北;
496;1;14331;沙太北路;
496;1;7481;人民路;
496;1;7482;福贤路;
496;1;7432;祖庙路;
496;1;7316;文昌路;
496;1;7564;货站路;
496;1;7317;叠滘新路;
496;1;7437;文庆路;
496;1;105;解放南路;
496;1;921;南华中路;
496;1;80;大德路;
496;1;83;一德路;
496;1;618;解放中路;
496;1;36;中山六路;
496;1;822;惠福西路;
496;1;850;政通路;
496;1;1571;黄编村松柏路;
496;1;1573;大北路;
496;1;981;光明北路;
496;1;7591;平西大道;
496;1;7727;Ｓ３６１;
496;1;14788;佛山一环高速公路Ｓ３６１入口匝道;
496;1;14789;佛山一环高速公路内圈Ｓ３６１入口匝道;
496;1;14790;佛山一环高速公路外圈Ｓ３６１入口匝道;
496;1;14792;佛山一环高速公路匝道南侧;
496;1;14791;佛山一环高速公路匝道南侧Ｓ３６１入口匝道;
496;1;14479;科勒大道;
496;1;15044;里水大道北;
496;1;15048;康福路;
496;1;14480;西乐大道东;
496;1;14481;乐平大道;
496;1;15046;里水大道中;
496;1;7259;里和路;
496;1;14412;里水大道南;
496;1;15047;大甘路;
496;1;15304;广佛路（北村公路）;
496;1;114;滨江东路;
496;1;15176;润景路;
496;1;7615;建设西路;
496;1;2170;市莲路;
496;1;2168;平康路;
496;1;2164;石清公路;
496;1;2171;城区大道;
496;1;2172;长沙路;
496;1;15305;海涌路;
496;1;2174;华山路;
496;1;14325;福景路;
496;1;7306;吉利大道东;
496;1;7305;杏吉路;
496;1;7304;龙津东路;
496;1;7308;乐德路;
496;1;7309;新桂路;
496;1;15306;创业一路;
496;1;7365;马龙大道;
496;1;14462;龙涌北路;
496;1;7367;黄涌大道;
496;1;743;八旗二马路;
496;1;641;珠光路;
496;1;7616;城西路;
496;1;7617;海城路;
496;1;15431;南浦大道;
496;1;15311;汉溪大道中;
496;1;14519;Ｘ５０１;
496;1;995;花地大道南;
496;1;14295;升辉北路;
496;1;989;疏港路;
496;1;15120;顺德服务区;
496;1;14562;Ｓ２７２;
496;1;14777;珠三角环线高速公路佛山段;
496;1;14563;Ｘ４９８;
496;1;14564;荷城服务区（北）;
496;1;14780;佛山一环高速公路北段;
496;1;7730;Ｙ１０５;
496;1;7236;太行路;
496;1;7784;Ｘ５１２;
496;1;14695;禅炭路;
496;1;7602;里官路;
496;1;7235;雅岗南大道;
496;1;14781;佛山一环高速公路东段;
496;1;7601;马村西街;
496;1;1035;龙溪大道;
496;1;14461;清风东路;
496;1;7240;花卉大道;
496;1;7945;Ｘ５１９;
496;1;14782;佛山一环高速公路南段;
496;1;7243;东北大街;
496;1;14783;佛山一环高速公路西段;
496;1;7244;南庄大道中;
496;1;7272;季华一路;
496;1;7245;罗务公路;
496;1;7246;下柏工业大道中;
496;1;7598;科技大道东;
496;1;7809;博爱东路;
496;1;7600;桃园东路;
496;1;703;中山七路;
496;1;15207;国际银行中心;
496;1;527;流花路;
496;1;685;站南路;
496;1;99;人民南路;
496;1;694;十三行路;
496;1;615;人民中路;
496;1;77;长寿东路;
496;1;526;盘福路;
496;1;14483;花园大道;
496;1;14482;和顺大道;
496;1;17;松南路;
496;1;16;金沙洲路;
496;1;316;增槎路;
496;1;1538;金沙北路;
496;1;386;先烈东路;
496;1;1950;大源中路;
496;1;264;广园东路;
496;1;390;京溪路;
496;1;1032;永康路;
496;1;1554;Ｘ２８０;
496;1;15279;神山大道东;
496;1;1555;Ｙ１４３;
496;1;7421;桃园西路;
496;1;14366;三环西路;
496;1;15077;松岗工业大道北;
496;1;7770;虹岭路;
496;1;15183;石塘路;
496;1;2190;德兴南路;
496;1;15309;亚运南路;
496;1;15310;长江路;
496;1;15090;Ｘ３０４;
496;1;15092;万宝南街;
496;1;15091;Ｘ９３９;
496;1;826;府前路;
496;1;752;湛塘路;
496;1;584;教育路;
496;1;644;惠福东路;
496;1;7618;城中路;
496;1;7619;银城路;
496;1;14441;鉴海北路;
496;1;14528;清晖路;
496;1;14527;凤山中路;
496;1;7265;金沙大道;
496;1;14509;宝林路;
496;1;15312;广源路;
496;1;14505;容桂大道北;
496;1;14500;容奇大道中;
496;1;14503;容桂大道中;
496;1;14502;红旗东路;
496;1;14507;桥西路;
496;1;15049;凤祥北路;
496;1;15172;新宁路;
496;1;14559;新基一路;
496;1;14393;官和路;
496;1;15173;永安大道东;
496;1;14525;建设中路;
496;1;14524;顺翔路;
496;1;7623;Ｘ７８３;
496;1;14442;凤翔路;
496;1;14523;西连路;
496;1;14516;德胜中路;
496;1;15315;新悦路;
496;1;14520;逢沙大道;
496;1;15314;顺番公路;
496;1;14558;碧水路;
496;1;14518;观绿路;
496;1;14517;祥和路;
496;1;15316;南海大道南;
496;1;7440;湖景路;
496;1;1488;均益路;
496;1;75;东华东路;
496;1;1489;庙前西街;
496;1;7474;Ｘ５０６;
496;1;7473;Ｘ５０７;
496;1;7475;宝丽路;
496;1;7209;张槎二路;
496;1;7476;张槎一路;
496;1;15317;风林路;
496;1;7442;玉带路;
496;1;7477;张槎三路;
496;1;7478;东鄱南路;
496;1;7479;张槎四路;
496;1;7558;始平大道;
496;1;7559;华宝北路;
496;1;7275;莲大南路;
496;1;15318;季华大桥;
496;1;7470;建国路;
496;1;7459;简平路;
496;1;15113;北约总部大厦;
496;1;7684;稻城农庄;
496;1;7509;朝阳;
496;1;15319;澜石大桥;
496;1;7468;海滨东路;
496;1;7296;镇中路;
496;1;7446;江滨路;
496;1;7471;凤凰路;
496;1;7294;魁奇西路;
496;1;7445;和平路;
496;1;7472;忠信路;
496;1;15320;围垟新一村南路;
496;1;7609;中山路;
496;1;7274;季华二路;
496;1;14793;佛山一环高速公路内圈Ｘ５１２上匝道;
496;1;14794;佛山一环高速公路外圈Ｘ５１２入口匝道;
496;1;14699;中心公路;
496;1;14408;长安北路;
496;1;15052;坑田肖家;
496;1;14409;展业路;
496;1;7597;广海大道东;
496;1;1260;田美路;
496;1;1250;凤凰北路;
496;1;14625;Ｘ５１２东侧;
496;1;14795;佛山一环高速公路内圈Ｘ５１２东侧上匝道;
496;1;15331;联江东路;
496;1;15330;沥雅路;
496;1;15328;岭南路;
496;1;7372;香基路;
496;1;15329;东约村中环街;
496;1;15053;浔峰山东路;
496;1;1192;环洲三路;
496;1;14693;横沙路;
496;1;819;海珠桥;
496;1;730;德兴路;
496;1;732;长堤大马路;
496;1;7291;吉利大道;
496;1;7208;南庄大道东;
496;1;7354;岭南大道北;
496;1;7626;南庄二马路;
496;1;1194;康王中路;
496;1;575;光复中路;
496;1;673;龙津西路;
496;1;512;泮塘路;
496;1;674;逢源路;
496;1;7567;新涌路;
496;1;7293;溶洲东路;
496;1;14796;佛山一环高速公路内圈Ｘ５１９上匝道;
496;1;14797;佛山一环高速公路外圈Ｘ５１９上匝道;
496;1;7444;建新路;
496;1;7434;福宁路;
496;1;7670;荷村大道;
496;1;15178;南丰大道;
496;1;15230;南华西路;
496;1;756;洪德路;
496;1;152;宝岗大道;
496;1;14542;沿江大道;
496;1;14543;龙盘西路;
496;1;14539;碧桂南路;
496;1;7311;机场南路;
496;1;7521;联和大道;
496;1;539;黄石东路;
496;1;532;文昌西街;
496;1;533;乐嘉路;
496;1;534;远景路;
496;1;535;岗贝路;
496;1;33;三元里大道;
496;1;14522;良勒路;
496;1;15313;松岗大道;
496;1;7267;汾江北路;
496;1;15334;鹭杏线;
496;1;7362;三大公路;
496;1;14681;跃进路商业街;
496;1;7589;石龙北路;
496;1;15433;南海活水公园;
496;1;7322;工业区大街;
496;1;14465;夏南路;
496;1;1222;石沙路;
496;1;1140;石槎路;
496;1;7431;汾江西路;
496;1;7456;城门头路;
496;1;7430;卫国西路;
496;1;7511;南堤路;
496;1;7351;同济路;
496;1;7467;丝织路;
496;1;15335;新岗路;
496;1;7661;紫薇路;
496;1;7323;佛平路;
496;1;7324;市东上路;
496;1;7325;平桂街;
496;1;7607;天佑一路;
496;1;1248;建设北路;
496;1;15177;怡华花园;
496;1;1246;三东大道西;
496;1;14798;佛山一环高速公路Ｙ１０５入口匝道;
496;1;14799;佛山一环高速公路匝道东;
496;1;14800;佛山一环高速公路匝道东Ｙ１０５入口匝道;
496;1;14801;佛山一环高速公路匝道西;
496;1;14802;佛山一环高速公路匝道西Ｙ１０５入口匝道;
496;1;14803;佛山一环高速公路匝道西侧;
496;1;14804;佛山一环高速公路匝道西侧Ｙ１０５入口匝道;
496;1;14806;佛山一环高速公路匝道中;
496;1;14805;佛山一环高速公路匝道中Ｙ１０５入口匝道;
496;1;7680;环岛南路;
496;1;7608;环岛西路;
496;1;7632;城南路;
496;1;15180;五丰沙田路;
496;1;15181;金沙南路;
496;1;15336;汾江桥;
496;1;7643;升平路;
496;1;179;花地大道中;
496;1;1219;缤纷大道;
496;1;1220;增南路;
496;1;14327;南兴路;
496;1;619;广州起义路;
496;1;7338;朝安北路;
496;1;7374;兆祥路;
496;1;7336;南桂西路;
496;1;7286;朝安南路;
496;1;7284;季华六路;
496;1;15337;江沙路;
496;1;7450;五峰二路;
496;1;7583;青柯街;
496;1;7447;江湾二路;
496;1;7461;塱宝西路;
496;1;15338;莱福楼;
496;1;14445;张槎工商局;
496;1;14446;玉带大厦;
496;1;165;东湖路;
496;1;977;东华北路;
496;1;1187;合群一马路;
496;1;503;奥体路;
496;1;55;大观南路;
496;1;14255;奥体南路;
496;1;1240;大灵山;
496;1;1465;东园路;
496;1;118;白云路;
496;1;1468;东铁桥二马路;
496;1;117;广九大马路;
496;1;2056;白云路南侧;
496;1;2057;内环路内圈白云路南侧上匝道;
496;1;1463;百灵路;
496;1;415;海珠北路;
496;1;14490;宝翠南路;
496;1;7970;桂平西路;
496;1;15115;南海区妇幼保健院;
496;1;920;滨江西路;
496;1;978;江燕路;
496;1;922;同福中路;
496;1;923;南田路;
496;1;924;杏坛大街;
496;1;925;江南西路;
496;1;926;昌岗中路;
496;1;927;南泰路;
496;1;565;第十甫路;
496;1;1183;华贵路;
496;1;566;长寿西路;
496;1;203;宝业路;
496;1;1151;工业大道北;
496;1;568;宝源路;
496;1;877;保安前街;
496;1;1491;烟墩路;
496;1;14414;和贵路;
496;1;844;北较场路;
496;1;1277;黄华路;
496;1;7454;弼塘路;
496;1;14415;江湾一路;
496;1;7453;五峰三路;
496;1;1264;滨湖路;
496;1;15344;新雅大桥;
496;1;1265;湖畔路;
496;1;767;怡乐路;
496;1;771;艺洲路;
496;1;768;怡趣街;
496;1;769;上渡路;
496;1;770;翠竹路;
496;1;754;洲咀路;
496;1;759;滨江中路;
496;1;755;洲咀大街;
496;1;758;解放大桥;
496;1;761;滨江横路;
496;1;764;远安路;
496;1;14807;佛山一环高速公路内圈博爱东路上匝道;
496;1;840;越华路;
496;1;817;南华东路;
496;1;1439;茶滘路;
496;1;15345;穗盐东路;
496;1;1213;东漖北路;
496;1;174;昌岗东路;
496;1;1003;晓港中马路;
496;1;172;昌岗西路;
496;1;171;鹤洞路;
496;1;155;工业大道中;
496;1;1506;能源路;
496;1;1508;长源路;
496;1;623;长乐路;
496;1;82;和平东路;
496;1;15346;桨栏路;
496;1;606;德星路;
496;1;572;文昌北路;
496;1;491;长兴路;
496;1;2097;车陂北路;
496;1;15054;沐陂路;
496;1;15380;车陂南路;
496;1;893;临江大道;
496;1;956;赤岗北路;
496;1;987;新港中路;
496;1;15100;双塔路;
496;1;1437;赤岗路;
496;1;985;聚德北路;
496;1;1171;丛桂路;
496;1;609;恩宁路;
496;1;1170;和平西路;
496;1;875;美华北路;
496;1;876;达道西路;
496;1;878;西元岗;
496;1;2156;禺山大道;
496;1;616;天成路;
496;1;617;海珠中路;
496;1;24;中山大道中;
496;1;1528;新塘大街;
496;1;504;大观中路;
496;1;15350;广汕二路;
496;1;15184;合景路;
496;1;507;光谱西路;
496;1;15348;新塘新园大街南街;
496;1;15349;科学大道大观路隧道;
496;1;138;大金钟路;
496;1;7922;大罗;
496;1;14810;佛山一环高速公路内圈大罗上匝道;
496;1;14811;佛山一环高速公路外圈大罗上匝道;
496;1;221;大沙头二马路;
496;1;1919;内环路外圈;
496;1;1922;内环路外圈大沙头二马路上匝道;
496;1;789;大沙头路;
496;1;790;大沙头三马路;
496;1;1472;东湖西路;
496;1;1473;绿荫路;
496;1;121;大通路;
496;1;795;砥柱街;
496;1;796;烟雨路;
496;1;797;松涛街;
496;1;798;琶洲街;
496;1;799;玉宇街;
496;1;15342;大学城北三路;
496;1;15339;大学城内环东路;
496;1;15341;大学城外环东路;
496;1;15340;大学城中环东路;
496;1;15352;大学城东二路;
496;1;15354;大学城东三路;
496;1;15355;大学城东四路;
496;1;15384;大学城中心大街北;
496;1;15363;大学城中心大街南;
496;1;15359;大学城中四路;
496;1;15361;大学城北四路;
496;1;15362;大学城中八路;
496;1;15390;大学城内环西路;
496;1;15385;大学城中五路;
496;1;15386;大学城南二路;
496;1;15387;大学城南三路;
496;1;15388;大学城西四路;
496;1;15389;大学城中一路;
496;1;15358;大学城中环西路;
496;1;15268;大学城外环西路;
496;1;15393;大学城西五路;
496;1;15394;大学城星光下道;
496;1;15403;大学城中三路;
496;1;15078;广州大学;
496;1;15402;大学城西六路;
496;1;15080;广东科学中心南门;
496;1;15360;大学城北一路;
496;1;14547;丹桂路;
496;1;14546;桂畔路;
496;1;14545;新桂北路;
496;1;1221;德康路;
496;1;14536;德胜路;
496;1;14471;体育路;
496;1;683;人民高架路;
496;1;438;法政路;
496;1;15231;东建大厦;
496;1;7587;灯湖东路;
496;1;7990;海八路;
496;1;786;东华西路;
496;1;15351;东川路至东华南路;
496;1;784;东华南路;
496;1;1467;东堤二马路;
496;1;741;东沙角路;
496;1;1924;内环路外圈东风东路入口匝道;
496;1;1925;内环路内圈东风西路入口匝道;
496;1;1926;内环路外圈东风西路入口匝道;
496;1;14337;东风西路西侧;
496;1;14338;内环路内圈东风西路西侧入口匝道;
496;1;1927;东濠涌高架东风东路出口匝道;
496;1;1930;东濠涌高架东风中路出口匝道;
496;1;1929;东濠涌高架越秀北路出口匝道;
496;1;43;麓湖路;
496;1;1797;东濠涌高架北侧;
496;1;1931;东濠涌高架北侧环市中路出口匝道;
496;1;1796;东濠涌高架南侧;
496;1;1933;东濠涌高架南侧环市东路出口匝道;
496;1;1767;东濠涌高架西侧;
496;1;1934;东濠涌高架西侧东堤二马路出口匝道;
496;1;1932;东濠涌高架西侧东风中路出口匝道;
496;1;1935;东濠涌高架西侧法政路下匝道;
496;1;437;豪贤路;
496;1;1936;东濠涌高架西侧豪贤路下匝道;
496;1;1937;东濠涌高架西侧越秀北路出口匝道;
496;1;1938;内环路外圈东湖路入口匝道;
496;1;1939;内环路内圈东湖西路上匝道;
496;1;1940;内环路外圈东华北路上匝道;
496;1;2127;东华北路辅路;
496;1;1484;新河浦路;
496;1;1293;东山大街;
496;1;1941;内环路外圈东华南路入口匝道;
496;1;2128;东华南路辅路;
496;1;14258;永胜街;
496;1;14259;安怀社;
496;1;1272;东漖南路;
496;1;1211;芳村大道中;
496;1;1037;浣花路;
496;1;1038;花蕾路;
496;1;1451;东漖街;
496;1;1450;龙溪东路;
496;1;15264;驹荣北路;
496;1;14532;新桂中路;
496;1;14533;桂峰路;
496;1;15368;东平路至前进路;
496;1;7653;轻工二路;
496;1;1520;东圃大马路;
496;1;1519;东圃二马路;
496;1;1942;陂东路;
496;1;1521;宦溪西路;
496;1;1456;东沙大道;
496;1;1457;环翠南路;
496;1;1458;环翠北路;
496;1;1455;荷景路;
496;1;1505;东莞庄路;
496;1;1503;粤垦路;
496;1;1454;东西路;
496;1;1453;环翠西路;
496;1;2066;内环路东晓路入口匝道;
496;1;971;仲恺路;
496;1;2072;东晓路东侧;
496;1;2074;内环路东晓路东侧入口匝道;
496;1;2070;东晓路西侧;
496;1;2071;内环路东晓路西侧入口匝道;
496;1;1188;新滘西路;
496;1;14260;东晓南路辅路;
496;1;15300;东艺路;
496;1;646;荔枝湾路;
496;1;647;昌华横街;
496;1;15422;坑口;
496;1;15424;华涌服务区;
496;1;15426;狮山收费站;
496;1;1943;东濠涌高架西侧法政路上匝道;
496;1;14322;繁华路;
496;1;15356;北桥路;
496;1;1552;方华公路至横一路;
496;1;1549;横一路;
496;1;205;芳村大道东;
496;1;15468;芳村大道东桥;
496;1;15469;信联路;
496;1;15470;下涌直街;
496;1;1459;芳村大道南;
496;1;180;花地大道北;
496;1;7384;上沙街;
496;1;7573;影荫路;
496;1;369;丰乐北路;
496;1;1235;大沙地东;
496;1;1236;护林路;
496;1;1237;鱼茅路;
496;1;1233;丰乐南路;
496;1;1234;港前路;
496;1;14538;风华路;
496;1;14540;容新路;
496;1;1251;风神大道;
496;1;1255;荔红北路;
496;1;1252;赤坭大道南;
496;1;1253;平步大道西;
496;1;1254;红棉大道北;
496;1;15099;风信路;
496;1;1158;科学大道;
496;1;15098;科翔路;
496;1;1518;枫叶路;
496;1;1517;华景北路;
496;1;1444;凤池路;
496;1;14269;龙溪蟠龙村;
496;1;1446;龙溪西路;
496;1;2094;凤鸣路;
496;1;2093;凰岗凤凰大道;
496;1;14286;庆槎路;
496;1;7393;凤山东路;
496;1;14529;环城路;
496;1;14515;凤山西路;
496;1;15143;佛山一环高速公路佛陈公路入口匝道;
496;1;14812;佛山一环高速公路内圈佛陈公路上匝道;
496;1;14813;佛山一环高速公路外圈佛平三路上匝道;
496;1;7356;桂平东路;
496;1;15472;佛山大道北辅路;
496;1;14814;佛山一环高速公路内圈佛山大道南上匝道;
496;1;14311;佛山一环东线北延线;
496;1;14876;佛山一环高速公路外圈佛山一环东线北延线入口匝道;
496;1;14595;佛山一环东线北延线花园大道出口匝道;
496;1;14589;花园大道北侧;
496;1;14594;佛山一环东线北延线花园大道北侧出口匝道;
496;1;14596;花园大道南侧;
496;1;14600;佛山一环东线北延线花园大道南侧出口匝道;
496;1;14496;金贤路;
496;1;14601;佛山一环东线北延线金贤路出口匝道;
496;1;14612;料美;
496;1;14613;佛山一环东线北延线料美下匝道;
496;1;14497;中信大道;
496;1;14606;佛山一环东线北延线中信大道下匝道;
496;1;14574;佛山一环东线北延线东侧;
496;1;14593;佛山一环东线北延线东侧花园大道出口匝道;
496;1;14572;佛山一环东线北延线西侧;
496;1;14599;佛山一环东线北延线西侧花园大道出口匝道;
496;1;14618;佛山一环东线北延线西侧花园大道南侧出口匝道;
496;1;14604;佛山一环东线北延线西侧金贤路出口匝道;
496;1;14611;佛山一环东线北延线西侧中信大道下匝道;
496;1;14815;佛山一环高速公路Ｓ３６１出口匝道;
496;1;15444;佛山一环南延线佛山一环高速公路入口匝道;
496;1;15441;佛山一环高速公路三乐西路出口匝道;
496;1;14816;佛山一环高速公路雅岗南大道出口匝道;
496;1;15471;佛山一环高速公路辅路;
496;1;7484;怡海路;
496;1;14817;佛山一环高速公路内圈Ｓ３６１出口匝道;
496;1;14818;佛山一环高速公路内圈Ｘ５１２出口匝道;
496;1;14819;佛山一环高速公路内圈Ｘ５１９下匝道;
496;1;14820;佛山一环高速公路内圈Ｙ１０５出口匝道;
496;1;14821;佛山一环高速公路内圈博爱东路下匝道;
496;1;14822;佛山一环高速公路内圈大罗下匝道;
496;1;14823;佛山一环高速公路内圈佛平三路下匝道;
496;1;14824;佛山一环高速公路内圈佛山大道南下匝道;
496;1;14825;佛山一环高速公路内圈佛山一环东线北延线东侧出口匝道;
496;1;14828;佛山一环高速公路外圈（临季华西路）;
496;1;14826;佛山一环高速公路由内圈至外圈临季华西路附近掉头匝道;
496;1;14827;佛山一环高速公路外圈（临南庄大道中）;
496;1;7895;佛山一环由内圈至外圈临南庄大道中附近掉头匝道;
496;1;14829;佛山一环高速公路匝道;
496;1;14830;佛山一环高速公路内圈佛山一环高速公路匝道出口匝道;
496;1;14831;佛山一环高速公路内圈官里路下匝道;
496;1;14833;佛山一环高速公路内圈广佛路下匝道;
496;1;7838;桂丹路北;
496;1;14834;佛山一环高速公路内圈桂丹路北出口匝道;
496;1;7829;桂丹路北侧;
496;1;14835;佛山一环高速公路内圈桂丹路北侧出口匝道;
496;1;7834;桂丹路南;
496;1;14836;佛山一环高速公路内圈桂丹路南出口匝道;
496;1;7827;桂丹路南侧;
496;1;14837;佛山一环高速公路内圈桂丹路南侧出口匝道;
496;1;14838;佛山一环高速公路内圈海八路下匝道;
496;1;14840;佛山一环高速公路内圈海五路下匝道;
496;1;14841;佛山一环高速公路内圈虹岭路下匝道;
496;1;14842;佛山一环高速公路内圈花卉大道下匝道;
496;1;7937;黄龙;
496;1;14843;佛山一环高速公路内圈黄龙下匝道;
496;1;14844;佛山一环高速公路内圈吉利大道西出口匝道;
496;1;7959;季华东路;
496;1;14845;佛山一环高速公路内圈季华东路下匝道;
496;1;7856;季华路;
496;1;14846;佛山一环高速公路内圈季华路下匝道;
496;1;7853;季华西路;
496;1;14847;佛山一环高速公路内圈季华西路出口匝道;
496;1;7855;季华西路北侧;
496;1;14848;佛山一环高速公路内圈季华西路北侧出口匝道;
496;1;7866;季华西路南侧;
496;1;14849;佛山一环高速公路内圈季华西路南侧出口匝道;
496;1;7963;简平百货;
496;1;14850;佛山一环高速公路内圈简平百货下匝道;
496;1;14851;佛山一环高速公路内圈科技大道东下匝道;
496;1;7844;科技路;
496;1;14852;佛山一环高速公路内圈科技路出口匝道;
496;1;14853;佛山一环高速公路内圈里官路下匝道;
496;1;8004;里广路;
496;1;14854;佛山一环高速公路内圈里广路下匝道;
496;1;14855;佛山一环高速公路内圈里和路下匝道;
496;1;7996;联桂路;
496;1;14856;佛山一环高速公路内圈联桂路下匝道;
496;1;7919;临水路;
496;1;14858;佛山一环高速公路内圈临水路下匝道;
496;1;8036;龙达路;
496;1;14859;佛山一环高速公路内圈龙达路下匝道;
496;1;7909;罗沙北上工业区工业二路;
496;1;14861;佛山一环高速公路内圈罗沙北上工业区工业二路下匝道;
496;1;14862;佛山一环高速公路内圈南庄大道中出口匝道;
496;1;7879;南庄大道中北侧;
496;1;14863;佛山一环高速公路内圈南庄大道中北侧出口匝道;
496;1;7885;南庄大道中南侧;
496;1;14864;佛山一环高速公路内圈南庄大道中南侧出口匝道;
496;1;14865;佛山一环高速公路内圈三乐西路下匝道;
496;1;7802;狮城中学;
496;1;14866;佛山一环高速公路内圈狮城中学出口匝道;
496;1;14867;佛山一环高速公路内圈太行路下匝道;
496;1;14868;佛山一环高速公路内圈桃园东路出口匝道;
496;1;7848;小塘工业大道;
496;1;14869;佛山一环高速公路内圈小塘工业大道出口匝道;
496;1;14870;佛山一环高速公路内圈雅岗南大道出口匝道;
496;1;14871;佛山一环高速公路内圈东侧;
496;1;14872;佛山一环高速公路内圈东侧南庄大道中南侧出口匝道;
496;1;14873;佛山一环高速公路内圈西侧;
496;1;14874;佛山一环高速公路内圈西侧雅岗南大道出口匝道;
496;1;14877;佛山一环高速公路外圈Ｇ３２５下匝道;
496;1;14878;佛山一环高速公路外圈Ｓ２６７下匝道;
496;1;14879;佛山一环高速公路外圈Ｓ３６１出口匝道;
496;1;14880;佛山一环高速公路外圈Ｘ５１２下匝道;
496;1;14881;佛山一环高速公路外圈Ｘ５１９下匝道;
496;1;7811;博爱中路;
496;1;14882;佛山一环高速公路外圈博爱中路下匝道;
496;1;14883;佛山一环高速公路外圈大罗下匝道;
496;1;14884;佛山一环高速公路外圈佛陈公路下匝道;
496;1;14885;佛山一环高速公路外圈佛山一环东线北延线出口匝道;
496;1;14886;佛山一环高速公路外圈佛山一环东线北延线东侧出口匝道;
496;1;14887;佛山一环高速公路内圈（虹岭路）;
496;1;14888;佛山一环高速公路由外圈至内圈虹岭路附近掉头匝道;
496;1;14890;佛山一环高速公路内圈（季华路）;
496;1;14889;佛山一环高速公路由外圈至内圈季华路附近掉头匝道;
496;1;14891;佛山一环高速公路内圈（南庄大道中）;
496;1;14892;佛山一环高速公路由外圈至内圈南庄大道中附近掉头匝道;
496;1;14893;佛山一环高速公路外圈佛山一环高速公路匝道出口匝道;
496;1;15130;佛山一环高速公路外圈佛山一环南延线出口匝道;
496;1;14894;佛山一环高速公路外圈官里路下匝道;
496;1;14895;佛山一环高速公路外圈桂丹路下匝道;
496;1;14896;佛山一环高速公路外圈桂平西路下匝道;
496;1;14897;佛山一环高速公路外圈海五路下匝道;
496;1;14898;佛山一环高速公路外圈和顺大道入口匝道;
496;1;14899;佛山一环高速公路外圈虹岭路出口匝道;
496;1;7774;虹岭路内侧;
496;1;14900;佛山一环高速公路外圈虹岭路内侧出口匝道;
496;1;7771;虹岭路外侧;
496;1;14901;佛山一环高速公路外圈虹岭路外侧出口匝道;
496;1;14902;佛山一环高速公路外圈花卉大道下匝道;
496;1;7793;黄洞村;
496;1;14903;佛山一环高速公路外圈黄洞村下匝道;
496;1;14904;佛山一环高速公路外圈黄龙下匝道;
496;1;14905;佛山一环高速公路外圈吉利大道西出口匝道;
496;1;14906;佛山一环高速公路外圈季华路下匝道;
496;1;7858;季华路北侧;
496;1;14907;佛山一环高速公路外圈季华路北侧出口匝道;
496;1;14908;佛山一环高速公路外圈季华西路出口匝道;
496;1;14909;佛山一环高速公路外圈科技大道东下匝道;
496;1;14910;佛山一环高速公路外圈里广路下匝道;
496;1;14911;佛山一环高速公路外圈里和路下匝道;
496;1;14912;佛山一环高速公路外圈里水大道南下匝道;
496;1;14913;佛山一环高速公路外圈联桂路出口匝道;
496;1;14914;佛山一环高速公路外圈龙达路下匝道;
496;1;14915;佛山一环高速公路外圈龙溪大道下匝道;
496;1;7907;罗沙北上工业区沿河路;
496;1;14916;佛山一环高速公路外圈罗沙北上工业区沿河路下匝道;
496;1;14917;佛山一环高速公路外圈南庄大道中出口匝道;
496;1;14918;佛山一环高速公路外圈南庄大道中北侧出口匝道;
496;1;14919;佛山一环高速公路外圈南庄大道中南侧出口匝道;
496;1;7993;三河西路;
496;1;14920;佛山一环高速公路外圈三河西路下匝道;
496;1;14921;佛山一环高速公路外圈狮城中学出口匝道;
496;1;14922;佛山一环高速公路外圈太行路下匝道;
496;1;14923;佛山一环高速公路外圈桃园东路下匝道;
496;1;14924;佛山一环高速公路外圈下柏工业大道中出口匝道;
496;1;14925;佛山一环高速公路外圈小塘工业大道出口匝道;
496;1;14926;佛山一环高速公路外圈雅岗南大道出口匝道;
496;1;14928;佛山一环高速公路外圈北侧;
496;1;14927;佛山一环高速公路外圈北侧佛山一环东线北延线东侧出口匝道;
496;1;14929;佛山一环高速公路外圈佛山一环高速公路匝道入口匝道;
496;1;14931;佛山一环高速公路匝道北侧;
496;1;14930;佛山一环高速公路匝道北侧Ｙ１０５出口匝道;
496;1;14932;佛山一环高速公路匝道东Ｙ１０５出口匝道;
496;1;14934;佛山一环高速公路匝道东侧;
496;1;14933;佛山一环高速公路匝道东侧Ｙ１０５出口匝道;
496;1;14935;佛山一环高速公路匝道南侧Ｓ３６１出口匝道;
496;1;14936;佛山一环高速公路匝道西Ｙ１０５出口匝道;
496;1;14937;佛山一环高速公路匝道西侧Ｙ１０５出口匝道;
496;1;14938;佛山一环高速公路至夏南路;
496;1;15142;佛山一环南延线佛山一环高速公路出口匝道;
496;1;14567;龙洲公路北侧;
496;1;14939;佛山一环南延线龙洲公路北侧出口匝道;
496;1;14565;龙洲公路南侧;
496;1;14940;佛山一环南延线龙洲公路南侧出口匝道;
496;1;15126;佛山一环南延线三乐西路出口匝道;
496;1;15146;三乐西路南侧;
496;1;15443;佛山一环南延线三乐西路南侧出口匝道;
496;1;15128;三乐西路西侧;
496;1;15129;佛山一环南延线三乐西路西侧出口匝道;
496;1;14752;Ｙ５３０;
496;1;15139;佛山一环南延线东侧;
496;1;15132;佛山一环南延线东侧三乐西路出口匝道;
496;1;15147;佛山一环南延线东侧三乐西路南侧出口匝道;
496;1;7433;卫国路;
496;1;7480;莲花路;
496;1;1944;内环路内圈工业大道北入口匝道;
496;1;1189;厚德路;
496;1;156;工业大道南;
496;1;939;石岗路;
496;1;14367;官华路;
496;1;14941;佛山一环高速公路外圈官华路上匝道;
496;1;15326;官华立交;
496;1;15327;官抱路立交;
496;1;15104;官洲隧道;
496;1;15357;螺旋大道;
496;1;2157;光明南路;
496;1;2158;清河西路;
496;1;2159;大西路;
496;1;1218;光孝路;
496;1;1206;净慧路;
496;1;7789;广东数字媒体技术研究开发院;
496;1;14942;佛山一环高速公路内圈广东数字媒体技术研究开发院上匝道;
496;1;14943;佛山一环高速公路外圈广佛路上匝道;
496;1;15271;九龙大道;
496;1;15272;山美村;
496;1;15489;沙岗;
496;1;15274;增派公路;
496;1;15273;Ｓ３８０;
496;1;7526;小布村村工商业大道;
496;1;1765;东濠涌高架东侧;
496;1;1781;东濠涌高架东侧广九大马路入口匝道;
496;1;15413;广清高速连接线;
496;1;15428;潭村北约牌坊路;
496;1;15325;石丰路;
496;1;1466;广舞台二马路;
496;1;1336;仙村收费站;
496;1;266;天寿路;
496;1;267;五山路;
496;1;1238;黄村大道;
496;1;1949;吉山新路街;
496;1;1328;新塘收费站;
496;1;1329;新新收费站;
496;1;1332;Ｘ２９１;
496;1;1333;新沙大道北;
496;1;1334;沙埔收费站;
496;1;1335;仙村服务区;
496;1;2090;广园西路至云城西路;
496;1;1533;云城西路;
496;1;1476;艺景路;
496;1;372;后滘西大街;
496;1;15057;新滘中路广州大道隧道;
496;1;374;逸景路;
496;1;376;金菊路;
496;1;380;花城大道;
496;1;381;东兴北路;
496;1;383;天河路;
496;1;384;天河北路;
496;1;385;林和西横路;
496;1;2139;广州大道中辅路;
496;1;1510;明月二路;
496;1;15473;水荫南路;
496;1;887;华穗路;
496;1;895;金穗路;
496;1;823;西湖路;
496;1;15250;广珠西线高速公路至兴华路;
496;1;1486;龟岗大马路;
496;1;1487;庙前直街;
496;1;14944;佛山一环高速公路内圈桂丹路上匝道;
496;1;14945;佛山一环高速公路外圈桂丹路入口匝道;
496;1;14946;佛山一环高速公路外圈桂丹路北侧入口匝道;
496;1;14947;佛山一环高速公路外圈桂丹路南侧入口匝道;
496;1;15364;云南线;
496;1;15280;联安市;
496;1;14477;逢涌大桥;
496;1;7570;桂澜北路;
496;1;7269;桂澜路;
496;1;15365;魁奇东路;
496;1;7288;季华七路;
496;1;15366;华龙路;
496;1;14433;桂城中学;
496;1;7357;立新路;
496;1;15252;桂平路;
496;1;14948;佛山一环高速公路内圈桂平西路上匝道;
496;1;14949;佛山一环高速公路外圈海八路上匝道;
496;1;7270;南一路;
496;1;7427;灯湖西路;
496;1;972;海印大桥;
496;1;631;海珠南路;
496;1;818;泰康路;
496;1;14766;汉溪大道;
496;1;1722;新光快速路东侧;
496;1;14809;新光快速路东侧汉溪大道入口匝道;
496;1;1730;新光快速路西侧;
496;1;15149;新光快速路西侧汉溪大道入口匝道;
496;1;15369;汉溪大道东;
496;1;15150;汉溪大道南侧;
496;1;15151;新光快速路西侧汉溪大道南侧入口匝道;
496;1;1515;翰景路;
496;1;1516;华景路;
496;1;15370;沐陂东路;
496;1;1482;合群中路;
496;1;1483;合群西路;
496;1;14426;罗村大道北;
496;1;624;兴隆北路;
496;1;625;装帽街;
496;1;620;十八甫南路;
496;1;1172;大同路;
496;1;1174;珠玑路;
496;1;81;和平中路;
496;1;621;康王南路;
496;1;7644;河滨路;
496;1;7648;扶西村;
496;1;7647;货站东路;
496;1;1292;玉兰路;
496;1;15372;鹤洞大桥;
496;1;214;恒安路;
496;1;1955;内环路外圈恒安路入口匝道;
496;1;441;恒福路;
496;1;1956;内环路内圈恒福路上匝道;
496;1;1135;永福路;
496;1;1544;横八路;
496;1;1542;空港七路;
496;1;1553;空港一路;
496;1;1545;横七路;
496;1;1546;空港五路;
496;1;1550;横三路;
496;1;1548;空港四路;
496;1;1543;横五路;
496;1;7426;红岗路;
496;1;14553;石洛路;
496;1;14950;佛山一环高速公路内圈虹岭路入口匝道;
496;1;14951;佛山一环高速公路外圈虹岭路上匝道;
496;1;14952;佛山一环高速公路内圈虹岭路内侧入口匝道;
496;1;14953;佛山一环高速公路内圈虹岭路外侧入口匝道;
496;1;892;平江路;
496;1;888;珠江西路;
496;1;889;冼村路;
496;1;890;猎德大道;
496;1;891;马场路;
496;1;1039;荣兴路;
496;1;15186;上涌直街;
496;1;15435;佛山一环高速公路内圈花卉大道上匝道;
496;1;14954;佛山一环高速公路外圈花卉大道上匝道;
496;1;14592;佛山一环东线北延线花园大道入口匝道;
496;1;14591;佛山一环东线北延线东侧花园大道入口匝道;
496;1;14598;佛山一环东线北延线西侧花园大道入口匝道;
496;1;14590;佛山一环东线北延线花园大道北侧入口匝道;
496;1;14617;佛山一环东线北延线东侧花园大道北侧入口匝道;
496;1;14597;佛山一环东线北延线花园大道南侧入口匝道;
496;1;7586;华宝南路;
496;1;15373;合裕工业园;
496;1;2180;华山路至石清公路;
496;1;896;黄埔大道西;
496;1;297;华夏路;
496;1;14285;环岛西路至三山大道;
496;1;1958;内环路外圈环市西路上匝道;
496;1;1138;西湾路;
496;1;520;站前路;
496;1;1959;内环路外圈环市中路上匝道;
496;1;1290;花湾路;
496;1;357;黄村西路;
496;1;14956;佛山一环高速公路内圈黄龙上匝道;
496;1;14957;佛山一环高速公路外圈黄龙上匝道;
496;1;296;中山一路立交桥;
496;1;148;体育东路;
496;1;1847;科韵路黄埔大道中入口匝道;
496;1;1800;科韵路东侧;
496;1;1881;科韵路东侧黄埔大道中上匝道;
496;1;1802;科韵路西侧;
496;1;1882;科韵路西侧黄埔大道中上匝道;
496;1;303;天府路;
496;1;1960;内环路内圈黄沙大道上匝道;
496;1;1961;内环路外圈黄沙大道入口匝道;
496;1;1224;江夏东二路北;
496;1;15061;石桂路;
496;1;1226;小坪东路;
496;1;15217;汇景北路;
496;1;15216;茶山路;
496;1;15218;汇景路;
496;1;15396;会展东路;
496;1;1244;阅江中路;
496;1;961;会展西路;
496;1;578;诗书路;
496;1;580;米市路;
496;1;15062;货站路至谢边大道;
496;1;1557;机场大道;
496;1;1558;横十二路;
496;1;14958;佛山一环高速公路内圈吉利大道西入口匝道;
496;1;14959;佛山一环高速公路外圈吉利大道西入口匝道;
496;1;838;应元路;
496;1;835;广卫路;
496;1;15232;广东省政府;
496;1;14960;佛山一环高速公路内圈季华东路上匝道;
496;1;15188;海口大道;
496;1;7585;古新路;
496;1;7287;镇安东路;
496;1;14961;佛山一环高速公路内圈季华路入口匝道;
496;1;14962;佛山一环高速公路外圈季华路入口匝道;
496;1;7860;季华路南侧;
496;1;14963;佛山一环高速公路外圈季华路南侧入口匝道;
496;1;14417;南海大道中;
496;1;7277;季华三路;
496;1;7278;江湾三路;
496;1;7279;季华四路;
496;1;7584;雾岗路;
496;1;15343;帽岗东路;
496;1;7441;普澜二路;
496;1;14964;佛山一环高速公路内圈东侧季华西路入口匝道;
496;1;14965;佛山一环高速公路外圈季华西路入口匝道;
496;1;14966;佛山一环高速公路内圈季华西路入口匝道;
496;1;14967;佛山一环高速公路外圈季华西路北侧入口匝道;
496;1;14968;佛山一环高速公路内圈季华西路南侧入口匝道;
496;1;857;尖彭路;
496;1;1470;建设横马路;
496;1;1469;建设六马路;
496;1;1559;江城路;
496;1;168;江海大道;
496;1;14692;新滘中路;
496;1;986;石榴岗路;
496;1;125;江南大道北;
496;1;815;小港路;
496;1;123;江南大道南;
496;1;807;江泰路;
496;1;1191;晓园北路;
496;1;719;同福东路;
496;1;812;江南东路;
496;1;1460;前桂大街;
496;1;1964;内环路内圈江湾路上匝道;
496;1;1963;内环路外圈江湾路上匝道;
496;1;15116;一棉大院;
496;1;7716;弼塘东一街;
496;1;931;礼岗路;
496;1;929;燕子岗路;
496;1;1509;江月路;
496;1;15196;寺右南路;
496;1;15064;汉苑;
496;1;15488;迎宾路商业街;
496;1;15190;西汉南越王博物馆;
496;1;15477;解放北路辅路;
496;1;7566;金澜北路;
496;1;7377;绿景二路;
496;1;15117;建行新城支行;
496;1;14444;永朝路;
496;1;14703;增槎路金沙洲路入口匝道;
496;1;15459;新光快速路金山大道西入口匝道;
496;1;1720;新光快速路北侧;
496;1;15458;新光快速路北侧金山大道西入口匝道;
496;1;1585;新光快速路南侧;
496;1;15461;新光快速路南侧金山大道西入口匝道;
496;1;15456;金山大道西南侧;
496;1;15460;新光快速路西侧金山大道西南侧出口匝道;
496;1;1513;金穗路隧道;
496;1;14602;佛山一环东线北延线金贤路入口匝道;
496;1;14603;佛山一环东线北延线西侧金贤路入口匝道;
496;1;14607;金贤路北侧;
496;1;14608;佛山一环东线北延线金贤路北侧上匝道;
496;1;7650;锦华路;
496;1;632;靖海路;
496;1;15392;驹荣南路;
496;1;1436;赤岗西路;
496;1;1435;聚德西路;
496;1;14494;聚元北路;
496;1;15095;东明一路;
496;1;15096;开泰大道;
496;1;15206;瑞和路;
496;1;15097;科丰路;
496;1;15397;康体路;
496;1;2183;海傍站Ａ口;
496;1;698;杉木栏路;
496;1;68;龙津中路;
496;1;14969;佛山一环高速公路内圈科技大道东上匝道;
496;1;14970;佛山一环高速公路外圈科技大道东上匝道;
496;1;2087;科珠路;
496;1;14296;揽月路;
496;1;14345;赤沙路;
496;1;14346;科韵路赤沙路出口匝道;
496;1;1966;科韵路黄埔大道中出口匝道;
496;1;2079;科韵路至科韵路东侧掉头匝道;
496;1;1967;科韵路临江大道下匝道;
496;1;15382;仑头环村北路;
496;1;15445;科韵路仑头环村北路下匝道;
496;1;15103;仑头隧道;
496;1;15257;科韵路仑头隧道下匝道;
496;1;1833;新港东路北侧;
496;1;2108;科韵路新港东路北侧出口匝道;
496;1;1809;新滘东路东侧;
496;1;1971;科韵路新滘东路东侧出口匝道;
496;1;1972;科韵路阅江中路出口匝道;
496;1;1973;科韵路中山大道西下匝道;
496;1;1856;珠江新城;
496;1;1884;科韵路珠江新城方向下匝道;
496;1;1418;仑头路;
496;1;1162;新滘东路;
496;1;15377;华观路;
496;1;1974;科韵路东侧黄埔大道中出口匝道;
496;1;1819;科韵路东侧至科韵路西侧掉头匝道;
496;1;2131;科韵路东侧新港东路出口匝道;
496;1;2106;新港东路南侧;
496;1;2130;科韵路东侧新港东路南侧出口匝道;
496;1;2121;科韵路东侧新滘东路东侧出口匝道;
496;1;2035;新滘东路南侧;
496;1;14656;科韵路东侧新滘东路南侧入口匝道;
496;1;1815;新滘东路西侧;
496;1;2122;科韵路东侧新滘东路西侧出口匝道;
496;1;15446;科韵路南侧;
496;1;15447;科韵路南侧仑头环村北路下匝道;
496;1;1977;科韵路西侧黄埔大道中出口匝道;
496;1;1820;科韵路西侧至科韵路东侧掉头匝道;
496;1;1978;科韵路西侧仑头路出口匝道;
496;1;2132;仑头路北侧;
496;1;2133;科韵路西侧仑头路北侧出口匝道;
496;1;1979;科韵路西侧新港东路出口匝道;
496;1;1980;科韵路西侧新港东路北侧下匝道;
496;1;14342;新滘东路北侧;
496;1;14341;科韵路西侧新滘东路北侧出口匝道;
496;1;1844;科韵路沿新港东路方向;
496;1;1845;科韵路沿新港东路方向至科韵路掉头匝道;
496;1;2086;科林路;
496;1;2088;南翔二路;
496;1;1547;机场大道西;
496;1;15378;横四路;
496;1;7651;筷子路;
496;1;7574;松风路;
496;1;14495;跃进路;
496;1;7645;江堤路;
496;1;7464;塱沙三路;
496;1;7512;聚边工业路;
496;1;14971;佛山一环高速公路外圈里官路上匝道;
496;1;14972;佛山一环高速公路内圈里广路上匝道;
496;1;14973;佛山一环高速公路外圈里广路上匝道;
496;1;14974;佛山一环高速公路内圈里和路上匝道;
496;1;14975;佛山一环高速公路外圈里和路上匝道;
496;1;15324;里横路;
496;1;15323;洲村路;
496;1;562;周门路;
496;1;652;涌边一马路;
496;1;15233;广东国际科技中心;
496;1;14976;佛山一环高速公路内圈联桂路上匝道;
496;1;14977;佛山一环高速公路外圈联桂路上匝道;
496;1;15367;联河路;
496;1;453;濂泉路;
496;1;14614;佛山一环东线北延线料美上匝道;
496;1;1241;阅江西路;
496;1;1499;林和东路;
496;1;1502;沾益直街;
496;1;1216;林和中路;
496;1;1227;林和西路;
496;1;15379;东站路;
496;1;1501;林和西路至林和中路;
496;1;1498;东站广场;
496;1;1496;广州东站;
496;1;2123;科韵路东侧临江大道上匝道;
496;1;2145;南雅中和广场;
496;1;1270;员村二横路;
496;1;14981;佛山一环高速公路外圈临水路上匝道;
496;1;7378;普君西路;
496;1;15381;季华隧道;
496;1;7353;同济东路;
496;1;7572;裕和路;
496;1;521;站前横路;
496;1;667;六二三路;
496;1;1981;内环路外圈六二三路出口匝道;
496;1;230;人民桥;
496;1;14982;佛山一环高速公路内圈龙达路上匝道;
496;1;14983;佛山一环高速公路外圈龙达路上匝道;
496;1;1193;土兴巷;
496;1;14319;龙口西路;
496;1;7622;龙湾公路;
496;1;14984;佛山一环高速公路内圈龙溪大道上匝道;
496;1;14985;佛山一环高速公路外圈龙溪大道入口匝道;
496;1;7988;龙溪大道北侧;
496;1;14986;佛山一环高速公路内圈龙溪大道北侧入口匝道;
496;1;14270;龙溪大道至凤池路;
496;1;1449;龙溪中路;
496;1;15353;省立１号绿道;
496;1;14455;高速公路;
496;1;14568;高速公路龙洲公路北侧入口匝道;
496;1;14570;高速公路龙洲公路南侧入口匝道;
496;1;14690;绿湖体育运动中心;
496;1;2099;麓景东路;
496;1;849;麓景西路;
496;1;442;麓景路;
496;1;7439;华远东路;
496;1;1982;内环路外圈绿荫路上匝道;
496;1;1801;科韵路东侧仑头路入口匝道;
496;1;1803;科韵路西侧仑头路上匝道;
496;1;2134;科韵路东侧仑头路北侧入口匝道;
496;1;14429;罗村大道南;
496;1;14987;佛山一环高速公路内圈罗沙北上工业区工业二路上匝道;
496;1;14988;佛山一环高速公路内圈罗沙北上工业区沿河路上匝道;
496;1;15383;黄埔大道;
496;1;1983;内环路内圈梅东路上匝道;
496;1;1490;寺贝通津;
496;1;15197;明月路;
496;1;212;广州火车站;
496;1;14229;西场立交桥;
496;1;2013;内环路东风西路出口匝道;
496;1;15263;内环路人民高架路上匝道;
496;1;1751;中山八路东侧;
496;1;1991;内环路中山八路东侧出口匝道;
496;1;2067;内环路仲恺路下匝道;
496;1;1915;内环路内圈白云路下匝道;
496;1;2058;内环路内圈宝岗大道下匝道;
496;1;1989;内环路内圈东风西路出口匝道;
496;1;2012;内环路内圈东湖路出口匝道;
496;1;2010;内环路内圈东华北路下匝道;
496;1;2009;内环路内圈东华南路出口匝道;
496;1;2008;内环路内圈纺织路出口匝道;
496;1;1699;黑山三街;
496;1;2006;内环路内圈黑山三街出口匝道;
496;1;2004;内环路内圈环市东路出口匝道;
496;1;2003;内环路内圈环市中路下匝道;
496;1;2002;内环路内圈江南大道中出口匝道;
496;1;2001;内环路内圈江湾路下匝道;
496;1;1999;内环路内圈麓湖路出口匝道;
496;1;1994;内环路内圈人民高架路出口匝道;
496;1;1714;淘金北路;
496;1;2024;内环路内圈淘金北路下匝道;
496;1;15493;内环路内圈永福路出口;
496;1;2105;内环路内圈中山一路出口匝道;
496;1;15492;内环路内圈中山一路入口匝道;
496;1;1987;内环路外圈Ｇ３２１出口匝道;
496;1;1984;内环路外圈达道路出口匝道;
496;1;2011;内环路外圈东湖西路下匝道;
496;1;1986;内环路外圈工业大道北出口匝道;
496;1;2005;内环路外圈恒福路出口匝道;
496;1;2000;内环路外圈解放北路下匝道;
496;1;1998;内环路外圈绿荫路下匝道;
496;1;1997;内环路外圈南田路下匝道;
496;1;1697;彭城路;
496;1;1996;内环路外圈彭城路下匝道;
496;1;1995;内环路外圈前进路出口匝道;
496;1;1643;先烈东横路;
496;1;1993;内环路外圈先烈东横路出口匝道;
496;1;1992;内环路外圈站前路下匝道;
496;1;15490;内环路外圈中山一路出口匝道;
496;1;2015;内环路外圈珠江隧道出口匝道;
496;1;2017;内环路外圈南岸路入口匝道;
496;1;640;南堤二马路;
496;1;7340;天佑六路;
496;1;7337;市东下路;
496;1;15200;南湖一路;
496;1;15199;甘桥路;
496;1;104;同庆路;
496;1;7321;南平西路;
496;1;15192;中华联合财产保险公司;
496;1;14489;南平西路至清风东路;
496;1;2018;内环路内圈南田路上匝道;
496;1;2019;内环路外圈南田路上匝道;
496;1;15193;天佑三路;
496;1;7674;南新一路;
496;1;945;沥滘大道;
496;1;14989;佛山一环高速公路内圈南庄大道中入口匝道;
496;1;14990;佛山一环高速公路外圈南庄大道中入口匝道;
496;1;14991;佛山一环高速公路内圈南庄大道中北侧入口匝道;
496;1;14992;佛山一环高速公路外圈西侧;
496;1;14993;佛山一环高速公路外圈西侧南庄大道中北侧入口匝道;
496;1;14994;佛山一环高速公路内圈南庄大道中南侧入口匝道;
496;1;14995;佛山一环高速公路外圈南庄大道中南侧入口匝道;
496;1;1531;牛乳基;
496;1;1705;农林东路;
496;1;2020;内环路内圈农林东路上匝道;
496;1;15395;荔红北路（风神大道）;
496;1;1257;新街大道;
496;1;1164;琶洲大道东;
496;1;1836;科韵路琶洲大道东上匝道;
496;1;15448;琶洲大道东南侧;
496;1;15449;科韵路琶洲大道东南侧入口匝道;
496;1;1269;盘福大街;
496;1;14555;新基二路;
496;1;677;黄沙后道;
496;1;14996;佛山一环高速公路外圈平西大道上匝道;
496;1;7675;碧海湾;
496;1;7436;普君北路;
496;1;7435;普君南路;
496;1;7352;普澜一路;
496;1;15087;齐乐路;
496;1;2100;侨光路;
496;1;7652;清峰路;
496;1;7654;轻工三路;
496;1;15158;佛山一环高速公路内圈清风东路上匝道;
496;1;14998;佛山一环高速公路外圈清风东路上匝道;
496;1;7429;新胜路;
496;1;7582;清水路;
496;1;7656;弼塘东二街;
496;1;1475;晴波路;
496;1;1474;潭月街;
496;1;2022;内环路内圈人民北路上匝道;
496;1;1195;镇安路;
496;1;714;大新路;
496;1;716;光塔路;
496;1;15194;市一大道;
496;1;1271;同福西路;
496;1;2023;瑞康路;
496;1;1208;凤景路;
496;1;15075;百寿路;
496;1;1247;河畔东路;
496;1;14999;佛山一环高速公路内圈三河西路上匝道;
496;1;15440;佛山一环高速公路三乐西路入口匝道;
496;1;15131;佛山一环高速公路内圈三乐西路入口匝道;
496;1;15000;佛山一环高速公路外圈三乐西路上匝道;
496;1;15436;佛山一环南延线三乐西路入口匝道;
496;1;15140;佛山一环南延线东侧三乐西路入口匝道;
496;1;15133;佛山一环南延线西侧;
496;1;15134;佛山一环南延线西侧三乐西路入口匝道;
496;1;15437;三乐西路北侧;
496;1;15438;佛山一环南延线三乐西路北侧入口匝道;
496;1;15148;佛山一环南延线东侧三乐西路南侧入口匝道;
496;1;405;瑶华街;
496;1;1128;合益街;
496;1;1130;棠安路;
496;1;15221;沙太中路;
496;1;1402;Ｓ１１６（太和南路）;
496;1;15294;怡新路;
496;1;15296;中成路（沙太北路）;
496;1;15295;犀牛路（沙太北路）;
496;1;1399;同宝路（沙太北路）;
496;1;14248;广州大道北（大源中路）;
496;1;14249;岭背窿（大源北路）;
496;1;15408;沙溪大道;
496;1;79;上九路;
496;1;612;下九路;
496;1;15398;深华路;
496;1;15179;石南路;
496;1;15110;沈海高速公路佛山段;
496;1;7204;大雁山出口;
496;1;15111;沈海高速广州支线佛山段;
496;1;15001;佛山一环高速公路内圈狮城中学入口匝道;
496;1;15002;佛山一环高速公路外圈狮城中学入口匝道;
496;1;7832;狮山创业路;
496;1;15003;佛山一环高速公路外圈狮山创业路上匝道;
496;1;93;十八甫北路;
496;1;671;十八甫西路;
496;1;668;梯云东路;
496;1;351;石牌东路;
496;1;349;石牌西路;
496;1;15399;庆宁路;
496;1;457;瘦狗岭路;
496;1;15494;侨园商场;
496;1;15195;署前路;
496;1;2102;双桥路南侧;
496;1;2129;内环路外圈双桥路南侧上匝道;
496;1;7592;四村华龙路;
496;1;141;寺右新马路;
496;1;881;寺右一马路;
496;1;7420;松石路;
496;1;7345;河东中心路;
496;1;7346;达令大道;
496;1;1441;凤溪村;
496;1;1442;葵蓬路;
496;1;15371;河西大道;
496;1;15004;佛山一环高速公路内圈太行路上匝道;
496;1;15005;佛山一环高速公路外圈太行路上匝道;
496;1;15322;草场大道;
496;1;15073;潭村路;
496;1;14615;汤村北;
496;1;14616;佛山一环东线北延线汤村北上匝道;
496;1;15006;佛山一环高速公路内圈桃园东路上匝道;
496;1;15007;佛山一环高速公路外圈桃园东路入口匝道;
496;1;906;天河南一路;
496;1;346;体育西路;
496;1;15234;天河体育馆;
496;1;1273;东方三路;
496;1;299;天河东路;
496;1;914;天河南二路;
496;1;15474;天河路辅路;
496;1;15475;润粤大厦;
496;1;15476;悦新街;
496;1;483;康平路;
496;1;14459;联和路;
496;1;918;林乐路;
496;1;15400;曙光大道;
496;1;7350;同济西路;
496;1;847;西胜街;
496;1;660;文昌南路;
496;1;14537;德龙路;
496;1;7379;文沙南路;
496;1;14534;文华路;
496;1;14535;红旗路;
496;1;14554;文秀路;
496;1;7455;五峰四路;
496;1;14320;粤汉路;
496;1;1514;五山科技广场;
496;1;200;西槎路;
496;1;1461;西堤二马路;
496;1;15081;广州青少年科技馆;
496;1;15008;佛山一环高速公路内圈下柏工业大道中入口匝道;
496;1;15009;佛山一环高速公路外圈下柏工业大道中入口匝道;
496;1;2144;城市职业学院;
496;1;14493;夏南小学;
496;1;7679;夏平东路;
496;1;2027;内环路外圈先烈东路入口匝道;
496;1;451;水荫路;
496;1;15404;沙河大街;
496;1;45;先烈中路;
496;1;447;太和岗路;
496;1;448;云鹤北街;
496;1;843;镇海路;
496;1;15010;佛山一环高速公路内圈小塘工业大道入口匝道;
496;1;15011;佛山一环高速公路外圈小塘工业大道入口匝道;
496;1;15266;小洲东路;
496;1;15267;小洲南路;
496;1;15265;小洲路;
496;1;7646;上西;
496;1;15185;新堤三横路;
496;1;7660;新村南街;
496;1;1830;科韵路东侧新港东路入口匝道;
496;1;15406;新洲西直街;
496;1;962;展场中路;
496;1;2062;科韵路东侧新港东路北侧入口匝道;
496;1;1824;新港东路西侧;
496;1;2029;科韵路新港东路西侧入口匝道;
496;1;955;艺苑路;
496;1;2030;新光快速路Ｓ２５７出口匝道;
496;1;15144;新光快速路Ｓ２９６下匝道;
496;1;15153;新光快速路汉溪大道出口匝道;
496;1;15155;新光快速路北侧汉溪大道出口匝道;
496;1;15457;新光快速路金山大道西出口匝道;
496;1;15454;金山大道西东侧;
496;1;15453;新光快速路金山大道西东侧入口匝道;
496;1;15455;新光快速路金山大道西南侧出口匝道;
496;1;15452;金山大道西西侧;
496;1;15451;新光快速路金山大道西西侧出口匝道;
496;1;1862;迎宾大道北侧;
496;1;2033;新光快速路迎宾大道北侧出口匝道;
496;1;1593;迎宾大道东侧;
496;1;1588;新光快速路迎宾大道东侧出口匝道;
496;1;1859;迎宾大道西侧;
496;1;1592;新光快速路迎宾大道西侧出口匝道;
496;1;167;聚德东路;
496;1;15210;平安二路;
496;1;15209;礼绿路;
496;1;1286;纬线;
496;1;15156;新光快速路北侧新光快速路南侧入口匝道;
496;1;15462;兴业大道;
496;1;15463;新光快速路北侧兴业大道下匝道;
496;1;15138;新光快速路东侧汉溪大道出口匝道;
496;1;15152;新光快速路东侧汉溪大道南侧出口匝道;
496;1;14658;新光快速路番禺农业生物科技园方向掉头匝道;
496;1;2124;新光快速路东侧迎宾大道出口匝道;
496;1;15467;新光快速路南侧兴业大道下匝道;
496;1;14357;新光快速路西侧Ｓ２５７出口匝道;
496;1;15137;新光快速路西侧汉溪大道出口匝道;
496;1;1732;新光快速路掉头匝道;
496;1;14359;新光快速路东侧大坪岗方向;
496;1;14360;新光快速路大坪岗方向掉头匝道;
496;1;1861;新光快速路西侧迎宾大道出口匝道;
496;1;1864;迎宾大道南侧;
496;1;2046;新光快速路西侧迎宾大道南侧出口匝道;
496;1;14544;银峰路;
496;1;14339;科韵路新滘东路入口匝道;
496;1;14347;科韵路东侧新滘东路入口匝道;
496;1;2036;科韵路新滘东路南侧入口匝道;
496;1;15321;新兴路;
496;1;15487;兴安路;
496;1;15465;新光快速路北侧兴业大道上匝道;
496;1;15466;新光快速路南侧兴业大道上匝道;
496;1;15201;联滘路;
496;1;15012;佛山一环高速公路雅岗南大道入口匝道;
496;1;15136;佛山一环高速公路内圈西侧雅岗南大道;
496;1;15014;佛山一环高速公路外圈雅岗南大道入口匝道;
496;1;2189;金海岸大道;
496;1;2188;前锋南路;
496;1;1276;海山街;
496;1;14549;滨河路;
496;1;15332;大沙头四马路;
496;1;1462;杨巷路;
496;1;629;仁济路;
496;1;634;侨光西路;
496;1;15407;石肯桥;
496;1;1477;锦安苑;
496;1;1479;艺景路至艺洲路;
496;1;14680;赤岗塔;
496;1;14336;新光快速路迎宾大道入口匝道;
496;1;2041;新光快速路东侧迎宾大道入口匝道;
496;1;1868;新光快速路西侧迎宾大道入口匝道;
496;1;15253;花都区新华清布中学;
496;1;1860;新光快速路迎宾大道北侧入口匝道;
496;1;2126;新光快速路东侧迎宾大道北侧入口匝道;
496;1;1866;新光快速路迎宾大道南侧入口匝道;
496;1;2045;新光快速路东侧迎宾大道南侧入口匝道;
496;1;2043;新光快速路西侧迎宾大道南侧入口匝道;
496;1;15118;佛山市供电局;
496;1;7358;永安南路;
496;1;15226;五斗大道西（Ｓ１１２）;
496;1;2048;内环路内圈永福路上匝道;
496;1;15409;百顺道;
496;1;15215;岳洲路;
496;1;15410;艺苑东路;
496;1;1242;广州珠江啤酒公司;
496;1;15450;科韵路阅江中路入口匝道;
496;1;1504;广园快速路辅路;
496;1;1464;正南路;
496;1;2049;东濠涌高架越秀北路入口匝道;
496;1;1773;越秀北路东侧;
496;1;1778;东濠涌高架越秀北路东侧入口匝道;
496;1;2051;东濠涌高架西侧越秀北路东侧上匝道;
496;1;1775;越秀北路西侧;
496;1;1872;东濠涌高架东侧越秀北路西侧入口匝道;
496;1;15086;广州越秀南汽车站;
496;1;2091;云城东路;
496;1;15088;云城南一路;
496;1;15405;云城南四路;
496;1;15411;齐心路;
496;1;15412;齐富路;
496;1;15109;向云东街;
496;1;1493;云鹤南街;
496;1;14772;云溪路;
496;1;1532;云霄路;
496;1;14702;增槎路金沙洲路出口匝道;
496;1;2052;内环路内圈站南路入口匝道;
496;1;15262;内环路内圈镇安路下匝道;
496;1;1471;执信南路;
496;1;1529;竹丝新村;
496;1;1217;纸行路;
496;1;2054;内环路内圈中山八路上匝道;
496;1;14605;佛山一环东线北延线中信大道上匝道;
496;1;14609;中信大道南侧;
496;1;14610;佛山一环东线北延线中信大道南侧上匝道;
496;1;2068;仲恺路北侧;
496;1;2069;内环路仲恺路北侧上匝道;
496;1;665;十三甫路;
496;1;14779;江肇高速龙口服务区;
496;1;15432;江肇高速明城停车区;
496;1;14778;合和大道;
496;1;14776;珠三角环线高速公路广州段;
496;1;14679;Ｓ３７９;
496;1;1331;荔新公路;
496;1;15107;竹基南路;
