CID;TABCD;LCD;NEG_OFF_LCD;POS_OFF_LCD
496;6;2997;;822
496;6;822;2997;823
496;6;823;822;2998
496;6;2998;823;
496;6;817;;818
496;6;818;817;819
496;6;819;818;821
496;6;821;819;2995
496;6;2995;821;
496;6;3000;;824
496;6;824;3000;825
496;6;825;824;
496;6;6645;;6646
496;6;6646;6645;7035
496;6;7035;6646;6672
496;6;6672;7035;
496;6;6726;;6727
496;6;6727;6726;6728
496;6;6728;6727;8828
496;6;8828;6728;6729
496;6;6729;8828;8603
496;6;8603;6729;6730
496;6;6730;8603;
496;6;6731;;6732
496;6;6732;6731;6733
496;6;6733;6732;6734
496;6;6734;6733;6431
496;6;6431;6734;7697
496;6;7697;6431;6735
496;6;6735;7697;6736
496;6;6736;6735;
496;6;3004;;826
496;6;826;3004;827
496;6;827;826;828
496;6;828;827;829
496;6;829;828;830
496;6;830;829;831
496;6;831;830;832
496;6;832;831;833
496;6;833;832;834
496;6;834;833;
496;6;2714;;2715
496;6;2715;2714;2132
496;6;2132;2715;1340
496;6;1340;2132;1341
496;6;1341;1340;1342
496;6;1342;1341;1343
496;6;1343;1342;1344
496;6;1344;1343;1345
496;6;1345;1344;
496;6;1026;;2670
496;6;2670;1026;1027
496;6;1027;2670;1232
496;6;1232;1027;1322
496;6;1322;1232;1028
496;6;1028;1322;1029
496;6;1029;1028;1030
496;6;1030;1029;1031
496;6;1031;1030;1032
496;6;1032;1031;1033
496;6;1033;1032;1034
496;6;1034;1033;1035
496;6;1035;1034;1036
496;6;1036;1035;
496;6;8965;;8541
496;6;8541;8965;8953
496;6;8953;8541;
496;6;2819;;2022
496;6;2022;2819;2023
496;6;2023;2022;2024
496;6;2024;2023;
496;6;2671;;2604
496;6;2604;2671;
496;6;136;;137
496;6;137;136;138
496;6;138;137;139
496;6;139;138;140
496;6;140;139;141
496;6;141;140;142
496;6;142;141;1571
496;6;1571;142;1572
496;6;1572;1571;1573
496;6;1573;1572;
496;6;2446;;2447
496;6;2447;2446;
496;6;119;;120
496;6;120;119;121
496;6;121;120;122
496;6;122;121;
496;6;188;;189
496;6;189;188;190
496;6;190;189;191
496;6;191;190;192
496;6;192;191;3003
496;6;3003;192;
496;6;184;;185
496;6;185;184;2605
496;6;2605;185;3005
496;6;3005;2605;
496;6;31;51;2679
496;6;2679;31;32
496;6;32;2679;33
496;6;33;32;34
496;6;34;33;36
496;6;36;34;2837
496;6;2837;36;37
496;6;37;2837;38
496;6;38;37;39
496;6;39;38;41
496;6;41;39;42
496;6;42;41;43
496;6;43;42;44
496;6;44;43;46
496;6;46;44;47
496;6;47;46;48
496;6;48;47;49
496;6;49;48;50
496;6;50;49;51
496;6;51;50;31
496;6;2801;;2800
496;6;2800;2801;2799
496;6;2799;2800;2798
496;6;2798;2799;2797
496;6;2797;2798;2796
496;6;2796;2797;2795
496;6;2795;2796;2941
496;6;2941;2795;6095
496;6;6095;2941;6096
496;6;6096;6095;6106
496;6;6106;6096;6097
496;6;6097;6106;6098
496;6;6098;6097;2803
496;6;2803;6098;6099
496;6;6099;2803;6090
496;6;6090;6099;6091
496;6;6091;6090;6092
496;6;6092;6091;6093
496;6;6093;6092;1607
496;6;1607;6093;2690
496;6;2690;1607;1009
496;6;1009;2690;1010
496;6;1010;1009;1011
496;6;1011;1010;1012
496;6;1012;1011;1013
496;6;1013;1012;1014
496;6;1014;1013;3035
496;6;3035;1014;1015
496;6;1015;3035;1016
496;6;1016;1015;2416
496;6;2416;1016;
496;6;1545;;1546
496;6;1546;1545;2942
496;6;2942;1546;1547
496;6;1547;2942;1548
496;6;1548;1547;
496;6;98;;99
496;6;99;98;100
496;6;100;99;103
496;6;103;100;104
496;6;104;103;105
496;6;105;104;
496;6;6804;;6805
496;6;6805;6804;
496;6;6709;;6710
496;6;6710;6709;6711
496;6;6711;6710;
496;6;2278;;
496;6;1519;;1520
496;6;1520;1519;1521
496;6;1521;1520;
496;6;1275;;1276
496;6;1276;1275;1277
496;6;1277;1276;1278
496;6;1278;1277;
496;6;7023;;7097
496;6;7097;7023;6415
496;6;6415;7097;6416
496;6;6416;6415;6417
496;6;6417;6416;
496;6;6755;;6756
496;6;6756;6755;
496;6;6402;;6403
496;6;6403;6402;6404
496;6;6404;6403;6405
496;6;6405;6404;6406
496;6;6406;6405;6407
496;6;6407;6406;6408
496;6;6408;6407;8488
496;6;8488;6408;6409
496;6;6409;8488;6410
496;6;6410;6409;6411
496;6;6411;6410;6412
496;6;6412;6411;6413
496;6;6413;6412;6414
496;6;6414;6413;
496;6;2076;;2077
496;6;2077;2076;2078
496;6;2078;2077;
496;6;8507;;6802
496;6;6802;8507;8508
496;6;8508;6802;
496;6;6119;;6086
496;6;6086;6119;9016
496;6;9016;6086;6102
496;6;6102;9016;6088
496;6;6088;6102;8904
496;6;8904;6088;
496;6;160;;161
496;6;161;160;162
496;6;162;161;
496;6;6707;;6708
496;6;6708;6707;8956
496;6;8956;6708;8957
496;6;8957;8956;
496;6;8625;;8626
496;6;8626;8625;
496;6;155;;156
496;6;156;155;157
496;6;157;156;158
496;6;158;157;
496;6;3008;;346
496;6;346;3008;347
496;6;347;346;348
496;6;348;347;3009
496;6;3009;348;
496;6;3010;;350
496;6;350;3010;351
496;6;351;350;352
496;6;352;351;353
496;6;353;352;354
496;6;354;353;
496;6;1427;;1428
496;6;1428;1427;1429
496;6;1429;1428;1430
496;6;1430;1429;
496;6;341;;342
496;6;342;341;343
496;6;343;342;345
496;6;345;343;
496;6;7516;;
496;6;6763;;7041
496;6;7041;6763;6764
496;6;6764;7041;7104
496;6;7104;6764;6647
496;6;6647;7104;6765
496;6;6765;6647;7105
496;6;7105;6765;7106
496;6;7106;7105;7107
496;6;7107;7106;6766
496;6;6766;7107;
496;6;6758;;6759
496;6;6759;6758;7098
496;6;7098;6759;6649
496;6;6649;7098;7101
496;6;7101;6649;
496;6;7103;;7099
496;6;7099;7103;6760
496;6;6760;7099;7100
496;6;7100;6760;6434
496;6;6434;7100;6761
496;6;6761;6434;
496;6;8833;;6749
496;6;6749;8833;6750
496;6;6750;6749;6751
496;6;6751;6750;6752
496;6;6752;6751;6753
496;6;6753;6752;6754
496;6;6754;6753;
496;6;1585;;1586
496;6;1586;1585;1587
496;6;1587;1586;1588
496;6;1588;1587;1589
496;6;1589;1588;1590
496;6;1590;1589;
496;6;1576;;1577
496;6;1577;1576;1578
496;6;1578;1577;1579
496;6;1579;1578;1580
496;6;1580;1579;1581
496;6;1581;1580;1582
496;6;1582;1581;
496;6;1597;;1598
496;6;1598;1597;1599
496;6;1599;1598;3054
496;6;3054;1599;1600
496;6;1600;3054;1601
496;6;1601;1600;1604
496;6;1604;1601;
496;6;144;;145
496;6;145;144;146
496;6;146;145;147
496;6;147;146;148
496;6;148;147;149
496;6;149;148;150
496;6;150;149;151
496;6;151;150;152
496;6;152;151;153
496;6;153;152;
496;6;2680;;3050
496;6;3050;2680;2439
496;6;2439;3050;1551
496;6;1551;2439;1552
496;6;1552;1551;1553
496;6;1553;1552;2804
496;6;2804;1553;1554
496;6;1554;2804;2589
496;6;2589;1554;1555
496;6;1555;2589;
496;6;6120;;6121
496;6;6121;6120;6053
496;6;6053;6121;6101
496;6;6101;6053;6054
496;6;6054;6101;
496;6;6085;;6117
496;6;6117;6085;6118
496;6;6118;6117;
496;6;2440;;1570
496;6;1570;2440;
496;6;1514;;76
496;6;76;1514;77
496;6;77;76;78
496;6;78;77;1528
496;6;1528;78;1529
496;6;1529;1528;1530
496;6;1530;1529;1531
496;6;1531;1530;1532
496;6;1532;1531;2817
496;6;2817;1532;3051
496;6;3051;2817;1533
496;6;1533;3051;1534
496;6;1534;1533;1535
496;6;1535;1534;1536
496;6;1536;1535;1537
496;6;1537;1536;
496;6;2780;;2661
496;6;2661;2780;3036
496;6;3036;2661;2113
496;6;2113;3036;2114
496;6;2114;2113;
496;6;6701;;8829
496;6;8829;6701;8962
496;6;8962;8829;
496;6;8598;;6738
496;6;6738;8598;6739
496;6;6739;6738;6740
496;6;6740;6739;6741
496;6;6741;6740;
496;6;6743;;6744
496;6;6744;6743;
496;6;6768;;6769
496;6;6769;6768;6770
496;6;6770;6769;6771
496;6;6771;6770;
496;6;7003;;7004
496;6;7004;7003;7005
496;6;7005;7004;
496;6;6704;;6705
496;6;6705;6704;8489
496;6;8489;6705;8490
496;6;8490;8489;8961
496;6;8961;8490;
496;6;6706;;8491
496;6;8491;6706;8959
496;6;8959;8491;
496;6;8559;;8560
496;6;8560;8559;8561
496;6;8561;8560;
496;6;6440;;7134
496;6;7134;6440;
496;6;8843;;6438
496;6;6438;8843;
496;6;8492;;6441
496;6;6441;8492;7135
496;6;7135;6441;7136
496;6;7136;7135;6444
496;6;6444;7136;7096
496;6;7096;6444;6445
496;6;6445;7096;
496;6;6447;;6448
496;6;6448;6447;6449
496;6;6449;6448;
496;6;8823;;8602
496;6;8602;8823;8824
496;6;8824;8602;
496;6;2779;;412
496;6;412;2779;414
496;6;414;412;415
496;6;415;414;416
496;6;416;415;417
496;6;417;416;418
496;6;418;417;419
496;6;419;418;420
496;6;420;419;
496;6;3012;;409
496;6;409;3012;2781
496;6;2781;409;
496;6;403;;404
496;6;404;403;405
496;6;405;404;406
496;6;406;405;407
496;6;407;406;
496;6;1416;;1417
496;6;1417;1416;1418
496;6;1418;1417;1419
496;6;1419;1418;
496;6;1413;;1414
496;6;1414;1413;
496;6;321;;322
496;6;322;321;326
496;6;326;322;327
496;6;327;326;328
496;6;328;327;329
496;6;329;328;1516
496;6;1516;329;331
496;6;331;1516;332
496;6;332;331;333
496;6;333;332;335
496;6;335;333;
496;6;336;;337
496;6;337;336;338
496;6;338;337;339
496;6;339;338;
496;6;2449;;2450
496;6;2450;2449;2451
496;6;2451;2450;2496
496;6;2496;2451;2453
496;6;2453;2496;2887
496;6;2887;2453;2454
496;6;2454;2887;
496;6;2633;;2634
496;6;2634;2633;
496;6;8681;;8682
496;6;8682;8681;8907
496;6;8907;8682;
496;6;936;;937
496;6;937;936;938
496;6;938;937;939
496;6;939;938;
496;6;634;;636
496;6;636;634;637
496;6;637;636;638
496;6;638;637;639
496;6;639;638;640
496;6;640;639;
496;6;1905;;1906
496;6;1906;1905;
496;6;2544;;2545
496;6;2545;2544;2546
496;6;2546;2545;2547
496;6;2547;2546;
496;6;8483;;8484
496;6;8484;8483;
496;6;7298;;7299
496;6;7299;7298;
496;6;2116;;2117
496;6;2117;2116;2118
496;6;2118;2117;2119
496;6;2119;2118;
496;6;540;;541
496;6;541;540;542
496;6;542;541;
496;6;8514;;7343
496;6;7343;8514;7344
496;6;7344;7343;7345
496;6;7345;7344;
496;6;2793;;2794
496;6;2794;2793;
496;6;7407;;7408
496;6;7408;7407;
496;6;93;;94
496;6;94;93;95
496;6;95;94;96
496;6;96;95;97
496;6;97;96;3049
496;6;3049;97;
496;6;2778;;
496;6;2129;;2130
496;6;2130;2129;2131
496;6;2131;2130;
496;6;682;;683
496;6;683;682;684
496;6;684;683;
496;6;7668;;
496;6;6549;;7114
496;6;7114;6549;6550
496;6;6550;7114;
496;6;6552;;6553
496;6;6553;6552;6554
496;6;6554;6553;8951
496;6;8951;6554;
496;6;8952;;6557
496;6;6557;8952;7109
496;6;7109;6557;6558
496;6;6558;7109;
496;6;6789;;6790
496;6;6790;6789;6791
496;6;6791;6790;6792
496;6;6792;6791;
496;6;2018;;2019
496;6;2019;2018;2818
496;6;2818;2019;
496;6;6560;;6561
496;6;6561;6560;6562
496;6;6562;6561;
496;6;6783;;7053
496;6;7053;6783;6784
496;6;6784;7053;7054
496;6;7054;6784;6785
496;6;6785;7054;6432
496;6;6432;6785;6433
496;6;6433;6432;6786
496;6;6786;6433;7055
496;6;7055;6786;6787
496;6;6787;7055;
496;6;6545;;7113
496;6;7113;6545;6546
496;6;6546;7113;
496;6;2015;;2016
496;6;2016;2015;
496;6;8497;;8498
496;6;8498;8497;7158
496;6;7158;8498;7159
496;6;7159;7158;
496;6;271;;272
496;6;272;271;273
496;6;273;272;274
496;6;274;273;
496;6;7141;;7142
496;6;7142;7141;7143
496;6;7143;7142;7144
496;6;7144;7143;
496;6;8845;;8846
496;6;8846;8845;8847
496;6;8847;8846;
496;6;8502;;7138
496;6;7138;8502;7139
496;6;7139;7138;
496;6;8563;;8909
496;6;8909;8563;8564
496;6;8564;8909;
496;6;6814;;6815
496;6;6815;6814;6816
496;6;6816;6815;
496;6;2691;;2607
496;6;2607;2691;2608
496;6;2608;2607;
496;6;7387;;7388
496;6;7388;7387;7389
496;6;7389;7388;7698
496;6;7698;7389;
496;6;1759;;1760
496;6;1760;1759;
496;6;7225;;7226
496;6;7226;7225;7227
496;6;7227;7226;
496;6;7229;;7230
496;6;7230;7229;
496;6;669;;670
496;6;670;669;671
496;6;671;670;672
496;6;672;671;673
496;6;673;672;674
496;6;674;673;1757
496;6;1757;674;
496;6;267;;268
496;6;268;267;269
496;6;269;268;
496;6;262;;263
496;6;263;262;264
496;6;264;263;265
496;6;265;264;
496;6;256;;257
496;6;257;256;258
496;6;258;257;259
496;6;259;258;260
496;6;260;259;
496;6;252;;253
496;6;253;252;254
496;6;254;253;
496;6;461;;462
496;6;462;461;463
496;6;463;462;464
496;6;464;463;465
496;6;465;464;
496;6;8785;;8786
496;6;8786;8785;8787
496;6;8787;8786;
496;6;2926;;
496;6;2728;;2729
496;6;2729;2728;2730
496;6;2730;2729;
496;6;307;;308
496;6;308;307;
496;6;1539;;1540
496;6;1540;1539;
496;6;53;;54
496;6;54;53;55
496;6;55;54;56
496;6;56;55;1574
496;6;1574;56;57
496;6;57;1574;58
496;6;58;57;59
496;6;59;58;60
496;6;60;59;61
496;6;61;60;62
496;6;62;61;2584
496;6;2584;62;63
496;6;63;2584;
496;6;2738;;2739
496;6;2739;2738;2740
496;6;2740;2739;2741
496;6;2741;2740;2742
496;6;2742;2741;2743
496;6;2743;2742;2744
496;6;2744;2743;
496;6;7301;;7302
496;6;7302;7301;7303
496;6;7303;7302;
496;6;8518;;7039
496;6;7039;8518;6532
496;6;6532;7039;
496;6;653;;655
496;6;655;653;656
496;6;656;655;
496;6;658;;659
496;6;659;658;660
496;6;660;659;
496;6;2732;;2733
496;6;2733;2732;
496;6;3037;;2124
496;6;2124;3037;2125
496;6;2125;2124;2126
496;6;2126;2125;2127
496;6;2127;2126;
496;6;6987;;8950
496;6;8950;6987;
496;6;6236;;
496;6;6254;;
496;6;6256;;
496;6;6266;;
496;6;8544;;8545
496;6;8545;8544;
496;6;6425;;7132
496;6;7132;6425;6426
496;6;6426;7132;8835
496;6;8835;6426;
496;6;8547;;8548
496;6;8548;8547;
496;6;8550;;8551
496;6;8551;8550;
496;6;8837;;6427
496;6;6427;8837;8838
496;6;8838;6427;
496;6;6428;;7133
496;6;7133;6428;6429
496;6;6429;7133;6430
496;6;6430;6429;
496;6;8840;;8935
496;6;8935;8840;
496;6;8920;;6424
496;6;6424;8920;
496;6;8480;;8481
496;6;8481;8480;
496;6;7146;;7147
496;6;7147;7146;
496;6;2639;;2640
496;6;2640;2639;2641
496;6;2641;2640;2642
496;6;2642;2641;2643
496;6;2643;2642;2644
496;6;2644;2643;
496;6;2721;;2722
496;6;2722;2721;2723
496;6;2723;2722;
496;6;6515;;6516
496;6;6516;6515;
496;6;6509;;6510
496;6;6510;6509;6511
496;6;6511;6510;6512
496;6;6512;6511;6513
496;6;6513;6512;
496;6;8566;;8567
496;6;8567;8566;
496;6;6518;;6519
496;6;6519;6518;6520
496;6;6520;6519;6521
496;6;6521;6520;6522
496;6;6522;6521;
496;6;6631;;6632
496;6;6632;6631;
496;6;6622;;6623
496;6;6623;6622;6624
496;6;6624;6623;6625
496;6;6625;6624;6626
496;6;6626;6625;6627
496;6;6627;6626;6630
496;6;6630;6627;7044
496;6;7044;6630;
496;6;534;;535
496;6;535;534;536
496;6;536;535;537
496;6;537;536;538
496;6;538;537;
496;6;7149;;7150
496;6;7150;7149;
496;6;2810;;2811
496;6;2811;2810;2812
496;6;2812;2811;2813
496;6;2813;2812;2814
496;6;2814;2813;2815
496;6;2815;2814;2816
496;6;2816;2815;
496;6;2681;;986
496;6;986;2681;987
496;6;987;986;988
496;6;988;987;2939
496;6;2939;988;2940
496;6;2940;2939;2668
496;6;2668;2940;2682
496;6;2682;2668;2683
496;6;2683;2682;
496;6;6108;;6109
496;6;6109;6108;6126
496;6;6126;6109;6110
496;6;6110;6126;6111
496;6;6111;6110;6112
496;6;6112;6111;6113
496;6;6113;6112;
496;6;6203;6221;6231
496;6;6231;6203;6232
496;6;6232;6231;6233
496;6;6233;6232;6234
496;6;6234;6233;6204
496;6;6204;6234;6205
496;6;6205;6204;6206
496;6;6206;6205;6207
496;6;6207;6206;6208
496;6;6208;6207;6229
496;6;6229;6208;6209
496;6;6209;6229;6210
496;6;6210;6209;6211
496;6;6211;6210;6212
496;6;6212;6211;7705
496;6;7705;6212;6230
496;6;6230;7705;6213
496;6;6213;6230;6214
496;6;6214;6213;6215
496;6;6215;6214;6216
496;6;6216;6215;6225
496;6;6225;6216;6217
496;6;6217;6225;6218
496;6;6218;6217;6219
496;6;6219;6218;6226
496;6;6226;6219;6227
496;6;6227;6226;6220
496;6;6220;6227;6228
496;6;6228;6220;6221
496;6;6221;6228;6203
496;6;2943;;615
496;6;615;2943;2946
496;6;2946;615;
496;6;606;;607
496;6;607;606;608
496;6;608;607;609
496;6;609;608;
496;6;618;;619
496;6;619;618;620
496;6;620;619;621
496;6;621;620;
496;6;611;;612
496;6;612;611;613
496;6;613;612;614
496;6;614;613;
496;6;85;;89
496;6;89;85;1213
496;6;1213;89;1214
496;6;1214;1213;
496;6;8556;;8557
496;6;8557;8556;
496;6;130;;131
496;6;131;130;
496;6;2073;;2074
496;6;2074;2073;
496;6;2012;;2013
496;6;2013;2012;
496;6;2953;;215
496;6;215;2953;216
496;6;216;215;217
496;6;217;216;218
496;6;218;217;219
496;6;219;218;
496;6;1038;;1041
496;6;1041;1038;1042
496;6;1042;1041;
496;6;2060;;2061
496;6;2061;2060;2062
496;6;2062;2061;
496;6;7187;;7188
496;6;7188;7187;7189
496;6;7189;7188;8926
496;6;8926;7189;8998
496;6;8998;8926;
496;6;2621;;2629
496;6;2629;2621;2622
496;6;2622;2629;
496;6;2646;;2647
496;6;2647;2646;2648
496;6;2648;2647;2649
496;6;2649;2648;
496;6;2860;;2861
496;6;2861;2860;2862
496;6;2862;2861;2863
496;6;2863;2862;
496;6;1493;;1494
496;6;1494;1493;
496;6;686;;687
496;6;687;686;688
496;6;688;687;689
496;6;689;688;690
496;6;690;689;
496;6;1954;;1955
496;6;1955;1954;
496;6;7152;;7153
496;6;7153;7152;
496;6;8797;;8798
496;6;8798;8797;
496;6;8863;;8793
496;6;8793;8863;8794
496;6;8794;8793;8795
496;6;8795;8794;
496;6;8615;;8616
496;6;8616;8615;
496;6;8618;;8619
496;6;8619;8618;8620
496;6;8620;8619;
496;6;8622;;8623
496;6;8623;8622;
496;6;8608;;8609
496;6;8609;8608;
496;6;8605;;8606
496;6;8606;8605;
496;6;8611;;8612
496;6;8612;8611;8613
496;6;8613;8612;
496;6;8911;;8799
496;6;8799;8911;8800
496;6;8800;8799;
496;6;8553;;8554
496;6;8554;8553;
496;6;8913;;8509
496;6;8509;8913;
496;6;8654;;8655
496;6;8655;8654;8656
496;6;8656;8655;
496;6;8661;;8662
496;6;8662;8661;
496;6;8658;;8659
496;6;8659;8658;
496;6;8637;;8638
496;6;8638;8637;8639
496;6;8639;8638;8640
496;6;8640;8639;8870
496;6;8870;8640;
496;6;8778;;8779
496;6;8779;8778;
496;6;7372;;7373
496;6;7373;7372;7374
496;6;7374;7373;
496;6;8775;;8776
496;6;8776;8775;
496;6;8772;;8773
496;6;8773;8772;
496;6;1830;;1831
496;6;1831;1830;
496;6;6958;;6959
496;6;6959;6958;
496;6;7033;;7034
496;6;7034;7033;6966
496;6;6966;7034;
496;6;6968;;6969
496;6;6969;6968;
496;6;6971;;6972
496;6;6972;6971;
496;6;6961;;7031
496;6;7031;6961;6962
496;6;6962;7031;6965
496;6;6965;6962;7032
496;6;7032;6965;
496;6;6955;;7131
496;6;7131;6955;6956
496;6;6956;7131;
496;6;6992;;7125
496;6;7125;6992;6993
496;6;6993;7125;7126
496;6;7126;6993;
496;6;7127;;7465
496;6;7465;7127;6994
496;6;6994;7465;
496;6;8914;;7008
496;6;7008;8914;6997
496;6;6997;7008;7001
496;6;7001;6997;7469
496;6;7469;7001;
496;6;6945;;6946
496;6;6946;6945;6949
496;6;6949;6946;
496;6;8974;;7086
496;6;7086;8974;
496;6;8975;;7073
496;6;7073;8975;7074
496;6;7074;7073;6950
496;6;6950;7074;
496;6;6953;;8917
496;6;8917;6953;6952
496;6;6952;8917;
496;6;7235;;7238
496;6;7238;7235;7239
496;6;7239;7238;
496;6;8976;;8977
496;6;8977;8976;8978
496;6;8978;8977;7017
496;6;7017;8978;7018
496;6;7018;7017;
496;6;6298;;
496;6;6304;;
496;6;8826;;8827
496;6;8827;8826;
496;6;8495;;7184
496;6;7184;8495;7185
496;6;7185;7184;7178
496;6;7178;7185;7179
496;6;7179;7178;7180
496;6;7180;7179;8850
496;6;8850;7180;
496;6;1432;;1433
496;6;1433;1432;1434
496;6;1434;1433;1435
496;6;1435;1434;
496;6;7684;;
496;6;8852;;6640
496;6;6640;8852;
496;6;6642;;6636
496;6;6636;6642;8540
496;6;8540;6636;
496;6;6638;;6639
496;6;6639;6638;
496;6;8538;;8539
496;6;8539;8538;
496;6;6807;;7045
496;6;7045;6807;
496;6;124;;126
496;6;126;124;127
496;6;127;126;128
496;6;128;127;
496;6;662;;663
496;6;663;662;664
496;6;664;663;665
496;6;665;664;666
496;6;666;665;667
496;6;667;666;
496;6;6773;;6774
496;6;6774;6773;6775
496;6;6775;6774;7115
496;6;7115;6775;6776
496;6;6776;7115;6777
496;6;6777;6776;
496;6;7173;;7174
496;6;7174;7173;
496;6;6499;;7068
496;6;7068;6499;6500
496;6;6500;7068;
496;6;6494;;6495
496;6;6495;6494;7065
496;6;7065;6495;6496
496;6;6496;7065;6497
496;6;6497;6496;
496;6;7167;;7168
496;6;7168;7167;
496;6;443;;444
496;6;444;443;445
496;6;445;444;
496;6;368;;369
496;6;369;368;370
496;6;370;369;371
496;6;371;370;
496;6;7050;;6487
496;6;6487;7050;6488
496;6;6488;6487;
496;6;6483;;7048
496;6;7048;6483;6484
496;6;6484;7048;7049
496;6;7049;6484;
496;6;7170;;7171
496;6;7171;7170;
496;6;7558;;
496;6;7560;;
496;6;6913;;6914
496;6;6914;6913;
496;6;7382;;7383
496;6;7383;7382;7384
496;6;7384;7383;7385
496;6;7385;7384;
496;6;6419;;6420
496;6;6420;6419;6421
496;6;6421;6420;
496;6;1229;;3043
496;6;3043;1229;
496;6;8708;;8709
496;6;8709;8708;8710
496;6;8710;8709;8770
496;6;8770;8710;8711
496;6;8711;8770;8712
496;6;8712;8711;
496;6;8695;;8696
496;6;8696;8695;
496;6;6883;;6884
496;6;6884;6883;
496;6;7020;;7021
496;6;7021;7020;6926
496;6;6926;7021;
496;6;392;;393
496;6;393;392;394
496;6;394;393;395
496;6;395;394;396
496;6;396;395;397
496;6;397;396;399
496;6;399;397;400
496;6;400;399;401
496;6;401;400;
496;6;8642;;8643
496;6;8643;8642;
496;6;8645;;8646
496;6;8646;8645;
496;6;6614;;7037
496;6;7037;6614;6615
496;6;6615;7037;6616
496;6;6616;6615;
496;6;2717;;2718
496;6;2718;2717;2719
496;6;2719;2718;
496;6;2865;;2866
496;6;2866;2865;
496;6;7190;;8517
496;6;8517;7190;
496;6;6527;;6528
496;6;6528;6527;7038
496;6;7038;6528;
496;6;6618;;6619
496;6;6619;6618;6620
496;6;6620;6619;
496;6;7434;;9021
496;6;9021;7434;
496;6;7436;;7466
496;6;7466;7436;7437
496;6;7437;7466;
496;6;8521;;7439
496;6;7439;8521;
496;6;2009;;2010
496;6;2010;2009;
496;6;6895;;7120
496;6;7120;6895;6896
496;6;6896;7120;
496;6;6689;;7116
496;6;7116;6689;7117
496;6;7117;7116;6690
496;6;6690;7117;7118
496;6;7118;6690;6691
496;6;6691;7118;7119
496;6;7119;6691;6692
496;6;6692;7119;
496;6;8500;;7328
496;6;7328;8500;7329
496;6;7329;7328;7330
496;6;7330;7329;8501
496;6;8501;7330;7334
496;6;7334;8501;
496;6;6543;;7110
496;6;7110;6543;6544
496;6;6544;7110;7111
496;6;7111;6544;7112
496;6;7112;7111;
496;6;2080;;2081
496;6;2081;2080;2082
496;6;2082;2081;2083
496;6;2083;2082;2092
496;6;2092;2083;
496;6;6242;;
496;6;6248;;
496;6;6244;;
496;6;6250;;
496;6;6246;;
496;6;7460;;7461
496;6;7461;7460;
496;6;7454;;7455
496;6;7455;7454;
496;6;7203;;7204
496;6;7204;7203;7205
496;6;7205;7204;
496;6;2070;;2948
496;6;2948;2070;
496;6;2952;;2103
496;6;2103;2952;2104
496;6;2104;2103;
496;6;7241;;7242
496;6;7242;7241;
496;6;1658;;1301
496;6;1301;1658;1302
496;6;1302;1301;1303
496;6;1303;1302;1304
496;6;1304;1303;
496;6;2735;;2736
496;6;2736;2735;
496;6;458;;459
496;6;459;458;
496;6;7128;;6836
496;6;6836;7128;
496;6;6832;;6833
496;6;6833;6832;
496;6;8999;;7261
496;6;7261;8999;7262
496;6;7262;7261;
496;6;7257;;9000
496;6;9000;7257;
496;6;8499;;6928
496;6;6928;8499;9001
496;6;9001;6928;6932
496;6;6932;9001;8923
496;6;8923;6932;6936
496;6;6936;8923;7064
496;6;7064;6936;6937
496;6;6937;7064;
496;6;6942;;6943
496;6;6943;6942;
496;6;967;;968
496;6;968;967;1209
496;6;1209;968;971
496;6;971;1209;
496;6;1940;;1941
496;6;1941;1940;2472
496;6;2472;1941;
496;6;1369;;1370
496;6;1370;1369;1371
496;6;1371;1370;1372
496;6;1372;1371;
496;6;1741;;1742
496;6;1742;1741;1744
496;6;1744;1742;
496;6;725;;726
496;6;726;725;727
496;6;727;726;
496;6;2304;;
496;6;1726;;1727
496;6;1727;1726;
496;6;8576;;8577
496;6;8577;8576;
496;6;8579;;8580
496;6;8580;8579;
496;6;899;;900
496;6;900;899;901
496;6;901;900;902
496;6;902;901;903
496;6;903;902;904
496;6;904;903;905
496;6;905;904;906
496;6;906;905;972
496;6;972;906;
496;6;432;;434
496;6;434;432;433
496;6;433;434;436
496;6;436;433;
496;6;2085;;2086
496;6;2086;2085;2087
496;6;2087;2086;
496;6;8714;;8715
496;6;8715;8714;
496;6;1177;;1178
496;6;1178;1177;
496;6;593;;594
496;6;594;593;595
496;6;595;594;
496;6;1842;;1843
496;6;1843;1842;
496;6;7222;;7220
496;6;7220;7222;
496;6;3108;;3109
496;6;3109;3108;3110
496;6;3110;3109;
496;6;7311;;7312
496;6;7312;7311;
496;6;1421;;1422
496;6;1422;1421;
496;6;706;;707
496;6;707;706;709
496;6;709;707;710
496;6;710;709;711
496;6;711;710;
496;6;692;;693
496;6;693;692;694
496;6;694;693;695
496;6;695;694;696
496;6;696;695;697
496;6;697;696;
496;6;699;;700
496;6;700;699;701
496;6;701;700;702
496;6;702;701;704
496;6;704;702;705
496;6;705;704;708
496;6;708;705;
496;6;6330;;
496;6;799;;800
496;6;800;799;801
496;6;801;800;
496;6;2957;;2959
496;6;2959;2957;
496;6;1652;;1653
496;6;1653;1652;
496;6;1005;;1006
496;6;1006;1005;1007
496;6;1007;1006;
496;6;998;;999
496;6;999;998;
496;6;1001;;1002
496;6;1002;1001;1003
496;6;1003;1002;
496;6;1887;;1888
496;6;1888;1887;1886
496;6;1886;1888;
496;6;1715;;2840
496;6;2840;1715;
496;6;483;;484
496;6;484;483;485
496;6;485;484;
496;6;478;;479
496;6;479;478;480
496;6;480;479;481
496;6;481;480;
496;6;1893;;1894
496;6;1894;1893;
496;6;1890;;1891
496;6;1891;1890;
496;6;2505;;2506
496;6;2506;2505;
496;6;1287;;1288
496;6;1288;1287;1289
496;6;1289;1288;1290
496;6;1290;1289;
496;6;3071;;2905
496;6;2905;3071;
496;6;6910;;6911
496;6;6911;6910;
496;6;6907;;6908
496;6;6908;6907;
496;6;2897;;2898
496;6;2898;2897;
496;6;1623;;1624
496;6;1624;1623;
496;6;1718;;1719
496;6;1719;1718;1720
496;6;1720;1719;
496;6;842;;843
496;6;843;842;844
496;6;844;843;845
496;6;845;844;846
496;6;846;845;
496;6;2851;;2852
496;6;2852;2851;2853
496;6;2853;2852;3025
496;6;3025;2853;
496;6;499;;500
496;6;500;499;501
496;6;501;500;502
496;6;502;501;503
496;6;503;502;
496;6;355;;356
496;6;356;355;357
496;6;357;356;358
496;6;358;357;
496;6;360;;361
496;6;361;360;362
496;6;362;361;363
496;6;363;362;1184
496;6;1184;363;1187
496;6;1187;1184;
496;6;835;;836
496;6;836;835;837
496;6;837;836;
496;6;7526;;
496;6;7528;;
496;6;8486;;8487
496;6;8487;8486;
496;6;2185;;
496;6;1782;;1783
496;6;1783;1782;1784
496;6;1784;1783;1785
496;6;1785;1784;
496;6;1787;;1788
496;6;1788;1787;1789
496;6;1789;1788;
496;6;741;;742
496;6;742;741;743
496;6;743;742;744
496;6;744;743;745
496;6;745;744;746
496;6;746;745;747
496;6;747;746;
496;6;1121;;1122
496;6;1122;1121;1123
496;6;1123;1122;
496;6;1133;;1134
496;6;1134;1133;1135
496;6;1135;1134;
496;6;1129;;3133
496;6;3133;1129;
496;6;1130;;1131
496;6;1131;1130;
496;6;1125;;1126
496;6;1126;1125;1127
496;6;1127;1126;
496;6;1095;;1096
496;6;1096;1095;1097
496;6;1097;1096;1098
496;6;1098;1097;1099
496;6;1099;1098;1100
496;6;1100;1099;1101
496;6;1101;1100;1102
496;6;1102;1101;1103
496;6;1103;1102;
496;6;1105;;1106
496;6;1106;1105;1107
496;6;1107;1106;1108
496;6;1108;1107;1109
496;6;1109;1108;1110
496;6;1110;1109;1111
496;6;1111;1110;
496;6;2708;;2709
496;6;2709;2708;2710
496;6;2710;2709;
496;6;1145;;1146
496;6;1146;1145;1147
496;6;1147;1146;1148
496;6;1148;1147;
496;6;2502;;2503
496;6;2503;2502;2706
496;6;2706;2503;
496;6;2500;;2501
496;6;2501;2500;
496;6;1054;;1055
496;6;1055;1054;1056
496;6;1056;1055;1057
496;6;1057;1056;1058
496;6;1058;1057;1059
496;6;1059;1058;1060
496;6;1060;1059;
496;6;1062;;1063
496;6;1063;1062;1064
496;6;1064;1063;1065
496;6;1065;1064;1066
496;6;1066;1065;1067
496;6;1067;1066;1068
496;6;1068;1067;1069
496;6;1069;1068;1070
496;6;1070;1069;1071
496;6;1071;1070;
496;6;2704;;2705
496;6;2705;2704;
496;6;1150;;1151
496;6;1151;1150;1152
496;6;1152;1151;1153
496;6;1153;1152;
496;6;1137;;1138
496;6;1138;1137;1139
496;6;1139;1138;
496;6;1073;;1074
496;6;1074;1073;1075
496;6;1075;1074;1076
496;6;1076;1075;1077
496;6;1077;1076;1078
496;6;1078;1077;1079
496;6;1079;1078;1080
496;6;1080;1079;1081
496;6;1081;1080;1522
496;6;1522;1081;
496;6;1083;;1084
496;6;1084;1083;1085
496;6;1085;1084;1086
496;6;1086;1085;1087
496;6;1087;1086;1088
496;6;1088;1087;1089
496;6;1089;1088;1090
496;6;1090;1089;1091
496;6;1091;1090;1092
496;6;1092;1091;1093
496;6;1093;1092;
496;6;1117;;1118
496;6;1118;1117;1119
496;6;1119;1118;
496;6;1141;;1142
496;6;1142;1141;1143
496;6;1143;1142;
496;6;1113;;1114
496;6;1114;1113;1115
496;6;1115;1114;
496;6;8819;;8820
496;6;8820;8819;8821
496;6;8821;8820;
496;6;1316;;1317
496;6;1317;1316;
496;6;8781;;8782
496;6;8782;8781;8783
496;6;8783;8782;
496;6;8704;;8705
496;6;8705;8704;
496;6;8629;;8630
496;6;8630;8629;8631
496;6;8631;8630;
496;6;8633;;8634
496;6;8634;8633;8635
496;6;8635;8634;
496;6;1712;;1713
496;6;1713;1712;
496;6;1257;;1258
496;6;1258;1257;
496;6;1260;;1261
496;6;1261;1260;
496;6;1249;;1250
496;6;1250;1249;1251
496;6;1251;1250;
496;6;1253;;1254
496;6;1254;1253;1255
496;6;1255;1254;
496;6;7271;;7272
496;6;7272;7271;7275
496;6;7275;7272;
496;6;730;;731
496;6;731;730;732
496;6;732;731;
496;6;1813;;1814
496;6;1814;1813;
496;6;1749;;1750
496;6;1750;1749;
496;6;2213;;
496;6;2264;;
496;6;2268;;
496;6;2748;;
496;6;2320;;
496;6;2322;;
496;6;2326;;
496;6;276;;277
496;6;277;276;278
496;6;278;277;279
496;6;279;278;2335
496;6;2335;279;
496;6;2334;;
496;6;2332;;
496;6;2302;;
496;6;2324;;
496;6;2328;;
496;6;2316;;
496;6;2308;;
496;6;2199;;
496;6;2193;;
496;6;1791;;1792
496;6;1792;1791;
496;6;2195;;
496;6;2562;;2563
496;6;2563;2562;2564
496;6;2564;2563;
496;6;2538;;2539
496;6;2539;2538;2540
496;6;2540;2539;2541
496;6;2541;2540;2542
496;6;2542;2541;
496;6;473;;474
496;6;474;473;475
496;6;475;474;476
496;6;476;475;
496;6;2179;;
496;6;2566;;2567
496;6;2567;2566;
496;6;2569;;2570
496;6;2570;2569;
496;6;467;;468
496;6;468;467;469
496;6;469;468;470
496;6;470;469;471
496;6;471;470;
496;6;1468;;1469
496;6;1469;1468;1470
496;6;1470;1469;1471
496;6;1471;1470;
496;6;3047;;1673
496;6;1673;3047;
496;6;1675;;1676
496;6;1676;1675;1677
496;6;1677;1676;
496;6;8802;;8803
496;6;8803;8802;8856
496;6;8856;8803;8805
496;6;8805;8856;8806
496;6;8806;8805;
496;6;7475;;7476
496;6;7476;7475;
496;6;7314;;7315
496;6;7315;7314;7316
496;6;7316;7315;
496;6;1947;;1948
496;6;1948;1947;1949
496;6;1949;1948;
496;6;1943;;1944
496;6;1944;1943;1945
496;6;1945;1944;
496;6;1699;;1700
496;6;1700;1699;1701
496;6;1701;1700;
496;6;1824;;1825
496;6;1825;1824;
496;6;1752;;1753
496;6;1753;1752;
496;6;1880;;1881
496;6;1881;1880;
496;6;1685;;1686
496;6;1686;1685;
496;6;2429;;
496;6;959;;960
496;6;960;959;961
496;6;961;960;962
496;6;962;961;
496;6;2437;;
496;6;2435;;
496;6;955;;1210
496;6;1210;955;957
496;6;957;1210;
496;6;2673;;2674
496;6;2674;2673;2675
496;6;2675;2674;3075
496;6;3075;2675;3076
496;6;3076;3075;
496;6;2868;;2869
496;6;2869;2868;
496;6;2627;;2628
496;6;2628;2627;
496;6;548;;550
496;6;550;548;551
496;6;551;550;552
496;6;552;551;553
496;6;553;552;555
496;6;555;553;
496;6;373;;374
496;6;374;373;375
496;6;375;374;376
496;6;376;375;
496;6;9018;;6103
496;6;6103;9018;6055
496;6;6055;6103;6056
496;6;6056;6055;6057
496;6;6057;6056;6058
496;6;6058;6057;6059
496;6;6059;6058;6104
496;6;6104;6059;
496;6;2330;;
496;6;1263;;1264
496;6;1264;1263;1265
496;6;1265;1264;
496;6;2712;;2713
496;6;2713;2712;
496;6;2038;;2039
496;6;2039;2038;
496;6;1183;;1185
496;6;1185;1183;2820
496;6;2820;1185;
496;6;3078;;3079
496;6;3079;3078;
496;6;1703;;1704
496;6;1704;1703;
496;6;2821;;1271
496;6;1271;2821;1272
496;6;1272;1271;1273
496;6;1273;1272;
496;6;6694;;7124
496;6;7124;6694;6695
496;6;6695;7124;6696
496;6;6696;6695;
496;6;6685;;7121
496;6;7121;6685;6686
496;6;6686;7121;7122
496;6;7122;6686;7123
496;6;7123;7122;6687
496;6;6687;7123;
496;6;1353;;1354
496;6;1354;1353;1355
496;6;1355;1354;1356
496;6;1356;1355;1357
496;6;1357;1356;
496;6;1347;;1348
496;6;1348;1347;
496;6;1350;;1351
496;6;1351;1350;
496;6;8698;;8699
496;6;8699;8698;
496;6;2983;;1395
496;6;1395;2983;1396
496;6;1396;1395;1397
496;6;1397;1396;1398
496;6;1398;1397;
496;6;2884;;2885
496;6;2885;2884;
496;6;1934;;1935
496;6;1935;1934;
496;6;560;;561
496;6;561;560;563
496;6;563;561;
496;6;1660;;1661
496;6;1661;1660;
496;6;2089;;2090
496;6;2090;2089;2091
496;6;2091;2090;
496;6;2491;;2492
496;6;2492;2491;
496;6;8670;;8671
496;6;8671;8670;
496;6;8664;;8665
496;6;8665;8664;
496;6;8667;;8668
496;6;8668;8667;
496;6;8906;;8683
496;6;8683;8906;8684
496;6;8684;8683;
496;6;8899;;
496;6;7566;;
496;6;7590;;
496;6;6720;;6721
496;6;6721;6720;7108
496;6;7108;6721;6722
496;6;6722;7108;
496;6;9048;;9049
496;6;9049;9048;9050
496;6;9050;9049;9051
496;6;9051;9050;9052
496;6;9052;9051;
496;6;7518;;
496;6;7718;;
496;6;7742;;
496;6;7740;;
496;6;7754;;
496;6;7756;;
496;6;7774;;
496;6;7766;;
496;6;7700;;7701
496;6;7701;7700;7702
496;6;7702;7701;7703
496;6;7703;7702;7704
496;6;7704;7703;
496;6;7738;;
496;6;7750;;
496;6;7752;;
496;6;7762;;
496;6;7772;;
496;6;6264;;
496;6;9037;;
496;6;9033;;
496;6;7648;;
496;6;9039;;9040
496;6;9040;9039;9041
496;6;9041;9040;9042
496;6;9042;9041;9043
496;6;9043;9042;9044
496;6;9044;9043;9045
496;6;9045;9044;9046
496;6;9046;9045;
496;6;6262;;
496;6;6302;;
496;6;7562;;
496;6;6260;;
496;6;6336;;
496;6;7530;;
496;6;7592;;
496;6;7514;;
496;6;7728;;
496;6;7690;;
496;6;7490;;
496;6;6258;;
496;6;7688;;
496;6;7628;;
496;6;6366;;
496;6;6364;;
496;6;6362;;
496;6;6352;;
496;6;7612;;
496;6;7600;;
496;6;6294;;
496;6;7574;;
496;6;7550;;
496;6;7496;;
496;6;7584;;
496;6;7582;;
496;6;6396;;
496;6;7802;;
496;6;6398;;
496;6;7580;;
496;6;6344;;
496;6;6374;;
496;6;7672;;
496;6;7636;;
496;6;7664;;
496;6;7624;;
496;6;7522;;
496;6;7678;;
496;6;7510;;
496;6;7485;;
496;6;7784;;
496;6;7487;;
496;6;7554;;
496;6;6324;;
496;6;7644;;
496;6;6318;;
496;6;6378;;
496;6;7650;;
496;6;7780;;
496;6;7720;;
496;6;7512;;
496;6;7666;;
496;6;6274;;
496;6;6300;;
496;6;7556;;
496;6;6332;;
496;6;7524;;
496;6;7564;;
496;6;7724;;
496;6;7726;;
496;6;6292;;
496;6;6400;;
496;6;7488;;
496;6;6272;;
496;6;8887;;
496;6;7682;;
496;6;6350;;
496;6;7586;;
496;6;7594;;
496;6;7730;;
496;6;6286;;
496;6;6290;;
496;6;6288;;
496;6;7568;;
496;6;6310;;
496;6;7544;;
496;6;7492;;
496;6;6388;;
496;6;6390;;
496;6;7796;;
496;6;6340;;
496;6;7804;;
496;6;7660;;
496;6;7790;;
496;6;7618;;
496;6;7676;;
496;6;7602;;
496;6;7504;;
496;6;7696;;
496;6;7478;;
496;6;7788;;
496;6;7614;;
496;6;6326;;
496;6;7638;;
496;6;6316;;
496;6;6370;;
496;6;6380;;
496;6;7646;;
496;6;7722;;
496;6;6252;;
496;6;6240;;
496;6;6276;;
496;6;6268;;
496;6;6270;;
496;6;6278;;
496;6;6238;;
496;6;7438;;8520
496;6;8520;7438;
496;6;8897;;
496;6;7714;;
496;6;7710;;
496;6;8883;;
496;6;9035;;
496;6;8885;;
496;6;6114;;6115
496;6;6115;6114;7707
496;6;7707;6115;7708
496;6;7708;7707;
496;6;8889;;
496;6;8901;;
496;6;6985;;6984
496;6;6984;6985;
496;6;6982;;6981
496;6;6981;6982;8936
496;6;8936;6981;
496;6;2494;;2495
496;6;2495;2494;
496;6;7463;;7464
496;6;7464;7463;
496;6;1374;;1375
496;6;1375;1374;
496;6;2298;;
496;6;913;;914
496;6;914;913;915
496;6;915;914;916
496;6;916;915;
496;6;922;;923
496;6;923;922;924
496;6;924;923;
496;6;918;;919
496;6;919;918;920
496;6;920;919;
496;6;7448;;7449
496;6;7449;7448;
496;6;8766;;8767
496;6;8767;8766;8929
496;6;8929;8767;8769
496;6;8769;8929;
496;6;7686;;
496;6;8849;;7181
496;6;7181;8849;7182
496;6;7182;7181;8919
496;6;8919;7182;
496;6;2910;;2911
496;6;2911;2910;
496;6;2609;;2134
496;6;2134;2609;2135
496;6;2135;2134;
496;6;2611;;2612
496;6;2612;2611;2613
496;6;2613;2612;
496;6;1298;;1299
496;6;1299;1298;
496;6;6308;;
496;6;7626;;
496;6;7195;;7196
496;6;7196;7195;7199
496;6;7199;7196;8938
496;6;8938;7199;7200
496;6;7200;8938;9002
496;6;9002;7200;
496;6;3027;;3028
496;6;3028;3027;3029
496;6;3029;3028;3030
496;6;3030;3029;3031
496;6;3031;3030;3032
496;6;3032;3031;3033
496;6;3033;3032;3055
496;6;3055;3033;3115
496;6;3115;3055;3116
496;6;3116;3115;
496;6;7391;;7392
496;6;7392;7391;9014
496;6;9014;7392;
496;6;2300;;
496;6;722;;723
496;6;723;722;
496;6;133;;134
496;6;134;133;135
496;6;135;134;3053
496;6;3053;135;
496;6;2980;;2981
496;6;2981;2980;
496;6;1746;;1747
496;6;1747;1746;
496;6;221;;222
496;6;222;221;1164
496;6;1164;222;1165
496;6;1165;1164;
496;6;65;;66
496;6;66;65;67
496;6;67;66;68
496;6;68;67;69
496;6;69;68;70
496;6;70;69;71
496;6;71;70;72
496;6;72;71;73
496;6;73;72;2420
496;6;2420;73;74
496;6;74;2420;193
496;6;193;74;2419
496;6;2419;193;194
496;6;194;2419;1565
496;6;1565;194;1567
496;6;1567;1565;1564
496;6;1564;1567;1563
496;6;1563;1564;1562
496;6;1562;1563;1561
496;6;1561;1562;1560
496;6;1560;1561;1559
496;6;1559;1560;1558
496;6;1558;1559;1557
496;6;1557;1558;
496;6;230;;231
496;6;231;230;232
496;6;232;231;233
496;6;233;232;
496;6;2474;;2475
496;6;2475;2474;
496;6;224;;225
496;6;225;224;226
496;6;226;225;227
496;6;227;226;228
496;6;228;227;
496;6;196;;197
496;6;197;196;198
496;6;198;197;199
496;6;199;198;200
496;6;200;199;2695
496;6;2695;200;
496;6;201;;202
496;6;202;201;203
496;6;203;202;206
496;6;206;203;207
496;6;207;206;208
496;6;208;207;209
496;6;209;208;210
496;6;210;209;211
496;6;211;210;212
496;6;212;211;
496;6;853;;854
496;6;854;853;
496;6;3081;;3082
496;6;3082;3081;3083
496;6;3083;3082;3084
496;6;3084;3083;
496;6;773;;774
496;6;774;773;775
496;6;775;774;776
496;6;776;775;777
496;6;777;776;778
496;6;778;777;
496;6;8600;;8601
496;6;8601;8600;
496;6;1827;;1828
496;6;1828;1827;
496;6;6348;;
496;6;6358;;
496;6;6356;;
496;6;6354;;
496;6;8752;;8753
496;6;8753;8752;8754
496;6;8754;8753;8755
496;6;8755;8754;
496;6;6794;;6795
496;6;6795;6794;8908
496;6;8908;6795;8493
496;6;8493;8908;8494
496;6;8494;8493;8964
496;6;8964;8494;
496;6;7095;;6507
496;6;6507;7095;
496;6;6503;;7089
496;6;7089;6503;8858
496;6;8858;7089;
496;6;6504;;7090
496;6;7090;6504;6505
496;6;6505;7090;7091
496;6;7091;6505;7092
496;6;7092;7091;7093
496;6;7093;7092;6506
496;6;6506;7093;
496;6;8757;;8758
496;6;8758;8757;8759
496;6;8759;8758;8760
496;6;8760;8759;
496;6;6608;;7013
496;6;7013;6608;7015
496;6;7015;7013;
496;6;6603;;7088
496;6;7088;6603;6604
496;6;6604;7088;
496;6;7588;;
496;6;6599;;6600
496;6;6600;6599;7087
496;6;7087;6600;6601
496;6;6601;7087;
496;6;8690;;8691
496;6;8691;8690;8692
496;6;8692;8691;8693
496;6;8693;8692;
496;6;7610;;
496;6;8967;;6450
496;6;6450;8967;8968
496;6;8968;6450;
496;6;6534;;6535
496;6;6535;6534;7085
496;6;7085;6535;6536
496;6;6536;7085;
496;6;6818;;7009
496;6;7009;6818;6819
496;6;6819;7009;7080
496;6;7080;6819;6820
496;6;6820;7080;
496;6;964;;965
496;6;965;964;
496;6;1225;;1226
496;6;1226;1225;2956
496;6;2956;1226;
496;6;1217;;1218
496;6;1218;1217;1219
496;6;1219;1218;
496;6;770;;771
496;6;771;770;
496;6;1221;;1222
496;6;1222;1221;1223
496;6;1223;1222;
496;6;2258;;
496;6;2928;;
496;6;2855;;2856
496;6;2856;2855;2857
496;6;2857;2856;2858
496;6;2858;2857;
496;6;2930;;
496;6;1928;;1929
496;6;1929;1928;
496;6;1970;;1971
496;6;1971;1970;
496;6;1816;;1817
496;6;1817;1816;1818
496;6;1818;1817;1819
496;6;1819;1818;
496;6;8862;;7217
496;6;7217;8862;
496;6;2109;;2110
496;6;2110;2109;
496;6;515;;516
496;6;516;515;517
496;6;517;516;520
496;6;520;517;
496;6;1200;;1201
496;6;1201;1200;1202
496;6;1202;1201;2824
496;6;2824;1202;
496;6;511;;512
496;6;512;511;513
496;6;513;512;
496;6;7267;;7268
496;6;7268;7267;7269
496;6;7269;7268;
496;6;1688;;1689
496;6;1689;1688;1690
496;6;1690;1689;
496;6;995;;996
496;6;996;995;
496;6;2233;;
496;6;2227;;
496;6;2549;;2550
496;6;2550;2549;2551
496;6;2551;2550;
496;6;2051;;2052
496;6;2052;2051;
496;6;2048;;2049
496;6;2049;2048;
496;6;2057;;2058
496;6;2058;2057;
496;6;2045;;2046
496;6;2046;2045;
496;6;2054;;2055
496;6;2055;2054;
496;6;8738;;8739
496;6;8739;8738;8740
496;6;8740;8739;
496;6;6282;;
496;6;6296;;
496;6;6284;;
496;6;6280;;
496;6;7397;;7398
496;6;7398;7397;7399
496;6;7399;7398;7400
496;6;7400;7399;
496;6;856;;857
496;6;857;856;858
496;6;858;857;859
496;6;859;858;860
496;6;860;859;861
496;6;861;860;862
496;6;862;861;
496;6;1046;;1047
496;6;1047;1046;1048
496;6;1048;1047;1211
496;6;1211;1048;1049
496;6;1049;1211;2958
496;6;2958;1049;
496;6;990;;991
496;6;991;990;992
496;6;992;991;993
496;6;993;992;
496;6;1040;;1043
496;6;1043;1040;1044
496;6;1044;1043;
496;6;9025;;
496;6;7572;;
496;6;1655;;1656
496;6;1656;1655;1657
496;6;1657;1656;
496;6;7748;;
496;6;7734;;
496;6;7746;;
496;6;7732;;
496;6;7736;;
496;6;7744;;
496;6;7254;;7255
496;6;7255;7254;
496;6;7251;;7252
496;6;7252;7251;
496;6;7421;;8832
496;6;8832;7421;7423
496;6;7423;8832;7424
496;6;7424;7423;
496;6;425;;2834
496;6;2834;425;
496;6;1931;;1932
496;6;1932;1931;
496;6;1937;;1938
496;6;1938;1937;
496;6;2651;;2652
496;6;2652;2651;2653
496;6;2653;2652;
496;6;2655;;2656
496;6;2656;2655;
496;6;864;;865
496;6;865;864;866
496;6;866;865;867
496;6;867;866;
496;6;2598;;1329
496;6;1329;2598;1330
496;6;1330;1329;1331
496;6;1331;1330;
496;6;1696;;1697
496;6;1697;1696;
496;6;1682;;1683
496;6;1683;1682;
496;6;7457;;7458
496;6;7458;7457;
496;6;2106;;2107
496;6;2107;2106;
496;6;2249;;
496;6;6810;;6811
496;6;6811;6810;8627
496;6;8627;6811;6812
496;6;6812;8627;
496;6;3114;;3099
496;6;3099;3114;3100
496;6;3100;3099;3101
496;6;3101;3100;3102
496;6;3102;3101;
496;6;2239;;
496;6;2521;;2522
496;6;2522;2521;
496;6;1524;;1525
496;6;1525;1524;1526
496;6;1526;1525;1527
496;6;1527;1526;
496;6;2488;;2489
496;6;2489;2488;
496;6;1366;;1367
496;6;1367;1366;
496;6;1951;;1952
496;6;1952;1951;
496;6;1490;;1491
496;6;1491;1490;
496;6;7546;;
496;6;7548;;
496;6;107;;108
496;6;108;107;3013
496;6;3013;108;111
496;6;111;3013;112
496;6;112;111;
496;6;2389;;
496;6;2395;;
496;6;2397;;
496;6;114;;115
496;6;115;114;116
496;6;116;115;117
496;6;117;116;
496;6;2286;;
496;6;2290;;
496;6;1321;;1320
496;6;1320;1321;1319
496;6;1319;1320;
496;6;2827;;1325
496;6;1325;2827;1326
496;6;1326;1325;
496;6;1735;;1736
496;6;1736;1735;
496;6;1363;;1364
496;6;1364;1363;
496;6;6436;;8848
496;6;8848;6436;
496;6;2977;;2978
496;6;2978;2977;
496;6;1632;;1633
496;6;1633;1632;
496;6;1629;;1630
496;6;1630;1629;
496;6;454;;455
496;6;455;454;
496;6;447;;448
496;6;448;447;449
496;6;449;448;450
496;6;450;449;451
496;6;451;450;452
496;6;452;451;
496;6;8569;;8570
496;6;8570;8569;
496;6;7244;;7245
496;6;7245;7244;
496;6;7472;;7473
496;6;7473;7472;
496;6;2094;;2095
496;6;2095;2094;
496;6;7498;;
496;6;7494;;
496;6;792;;793
496;6;793;792;794
496;6;794;793;
496;6;796;;797
496;6;797;796;
496;6;7576;;
496;6;6480;;6481
496;6;6481;6480;
496;6;6458;;7079
496;6;7079;6458;6459
496;6;6459;7079;8930
496;6;8930;6459;
496;6;6472;;6473
496;6;6473;6472;6474
496;6;6474;6473;7078
496;6;7078;6474;6475
496;6;6475;7078;
496;6;6386;;
496;6;6394;;
496;6;6392;;
496;6;6477;;7077
496;6;7077;6477;6478
496;6;6478;7077;
496;6;8931;;6462
496;6;6462;8931;
496;6;6465;;6466
496;6;6466;6465;7076
496;6;7076;6466;6464
496;6;6464;7076;
496;6;6468;;6469
496;6;6469;6468;7075
496;6;7075;6469;6470
496;6;6470;7075;
496;6;7792;;
496;6;7798;;
496;6;7175;;8933
496;6;8933;7175;
496;6;6384;;
496;6;7800;;
496;6;7794;;
496;6;6455;;6456
496;6;6456;6455;
496;6;1450;;1451
496;6;1451;1450;
496;6;1765;;1766
496;6;1766;1765;
496;6;1772;;1773
496;6;1773;1772;
496;6;1768;;1769
496;6;1769;1768;1770
496;6;1770;1769;
496;6;8651;;8652
496;6;8652;8651;
496;6;2100;;2951
496;6;2951;2100;
496;6;978;;979
496;6;979;978;982
496;6;982;979;983
496;6;983;982;984
496;6;984;983;
496;6;767;;768
496;6;768;767;
496;6;757;;758
496;6;758;757;759
496;6;759;758;760
496;6;760;759;
496;6;762;;763
496;6;763;762;764
496;6;764;763;1175
496;6;1175;764;765
496;6;765;1175;
496;6;1706;;1707
496;6;1707;1706;
496;6;1180;;1181
496;6;1181;1180;
496;6;2097;;2098
496;6;2098;2097;
496;6;6889;;7072
496;6;7072;6889;6890
496;6;6890;7072;
496;6;2173;;
496;6;2167;;
496;6;2573;;2574
496;6;2574;2573;2575
496;6;2575;2574;2576
496;6;2576;2575;
496;6;2579;;2580
496;6;2580;2579;2581
496;6;2581;2580;
496;6;6886;;6887
496;6;6887;6886;
496;6;6892;;7071
496;6;7071;6892;6893
496;6;6893;7071;
496;6;908;;909
496;6;909;908;910
496;6;910;909;911
496;6;911;910;
496;6;1896;;1897
496;6;1897;1896;1898
496;6;1898;1897;1899
496;6;1899;1898;
496;6;839;;840
496;6;840;839;
496;6;384;;2587
496;6;2587;384;2588
496;6;2588;2587;388
496;6;388;2588;389
496;6;389;388;390
496;6;390;389;
496;6;3090;;3091
496;6;3091;3090;3092
496;6;3092;3091;3093
496;6;3093;3092;3094
496;6;3094;3093;
496;6;7355;;7356
496;6;7356;7355;7357
496;6;7357;7356;7358
496;6;7358;7357;
496;6;7361;;7362
496;6;7362;7361;
496;6;9053;;7353
496;6;7353;9053;
496;6;2791;;
496;6;2762;;
496;6;2139;;
496;6;2143;;
496;6;2443;;2444
496;6;2444;2443;2445
496;6;2445;2444;1542
496;6;1542;2445;1543
496;6;1543;1542;
496;6;2768;;
496;6;1915;;1916
496;6;1916;1915;1917
496;6;1917;1916;1918
496;6;1918;1917;1919
496;6;1919;1918;1920
496;6;1920;1919;1921
496;6;1921;1920;
496;6;7758;;
496;6;7760;;
496;6;7768;;
496;6;7277;;7278
496;6;7278;7277;
496;6;1722;;1723
496;6;1723;1722;1724
496;6;1724;1723;
496;6;2785;;2786
496;6;2786;2785;
496;6;8763;;8764
496;6;8764;8763;
496;6;8762;;9005
496;6;9005;8762;
496;6;1619;;1620
496;6;1620;1619;1621
496;6;1621;1620;
496;6;1616;;1617
496;6;1617;1616;
496;6;8589;;8590
496;6;8590;8589;8591
496;6;8591;8590;
496;6;2871;;2872
496;6;2872;2871;2873
496;6;2873;2872;
496;6;2875;;2968
496;6;2968;2875;2876
496;6;2876;2968;2877
496;6;2877;2876;2878
496;6;2878;2877;
496;6;2658;;2659
496;6;2659;2658;
496;6;630;;631
496;6;631;630;632
496;6;632;631;
496;6;624;;625
496;6;625;624;3048
496;6;3048;625;
496;6;628;;629
496;6;629;628;2830
496;6;2830;629;
496;6;2892;;2893
496;6;2893;2892;2894
496;6;2894;2893;
496;6;6334;;
496;6;6346;;
496;6;2880;;2881
496;6;2881;2880;2882
496;6;2882;2881;
496;6;2464;;2465
496;6;2465;2464;2684
496;6;2684;2465;2886
496;6;2886;2684;
496;6;2754;;
496;6;2387;;
496;6;2442;;
496;6;2383;;
496;6;3022;;
496;6;3020;;
496;6;2365;;
496;6;2351;;
496;6;2375;;
496;6;2393;;
496;6;2401;;
496;6;1515;;1189
496;6;1189;1515;1190
496;6;1190;1189;1191
496;6;1191;1190;1193
496;6;1193;1191;1194
496;6;1194;1193;
496;6;2970;;1195
496;6;1195;2970;1197
496;6;1197;1195;2802
496;6;2802;1197;
496;6;2391;;
496;6;2353;;
496;6;2361;;
496;6;2363;;
496;6;2349;;
496;6;2750;;
496;6;2357;;
496;6;3059;;
496;6;2399;;
496;6;2359;;
496;6;2343;;
496;6;2345;;
496;6;2373;;
496;6;2377;;
496;6;2752;;
496;6;2385;;
496;6;2460;;2461
496;6;2461;2460;2462
496;6;2462;2461;9054
496;6;9054;2462;
496;6;2026;;2027
496;6;2027;2026;2028
496;6;2028;2027;
496;6;2034;;2035
496;6;2035;2034;2036
496;6;2036;2035;
496;6;2030;;2031
496;6;2031;2030;2032
496;6;2032;2031;
496;6;2041;;2042
496;6;2042;2041;
496;6;2686;;2687
496;6;2687;2686;
496;6;7280;;7281
496;6;7281;7280;
496;6;7070;;6501
496;6;6501;7070;
496;6;6490;;7066
496;6;7066;6490;6491
496;6;6491;7066;7067
496;6;7067;6491;6492
496;6;6492;7067;
496;6;7340;;7341
496;6;7341;7340;9055
496;6;9055;7341;
496;6;7247;;7248
496;6;7248;7247;7249
496;6;7249;7248;
496;6;6939;;7010
496;6;7010;6939;6940
496;6;6940;7010;
496;6;2693;;2694
496;6;2694;2693;
496;6;7670;;
496;6;7632;;
496;6;7634;;
496;6;7658;;
496;6;7662;;
496;6;8993;;8994
496;6;8994;8993;
496;6;6829;;6830
496;6;6830;6829;
496;6;426;;427
496;6;427;426;428
496;6;428;427;429
496;6;429;428;430
496;6;430;429;
496;6;554;;556
496;6;556;554;
496;6;780;;781
496;6;781;780;782
496;6;782;781;
496;6;788;;790
496;6;790;788;
496;6;6978;;7063
496;6;7063;6978;6979
496;6;6979;7063;
496;6;7620;;
496;6;7622;;
496;6;8531;;8532
496;6;8532;8531;8533
496;6;8533;8532;8536
496;6;8536;8533;
496;6;1854;;1855
496;6;1855;1854;
496;6;7776;;
496;6;2600;;2601
496;6;2601;2600;2596
496;6;2596;2601;886
496;6;886;2596;887
496;6;887;886;888
496;6;888;887;
496;6;1870;;1871
496;6;1871;1870;1872
496;6;1872;1871;
496;6;1333;;1334
496;6;1334;1333;
496;6;1857;;1858
496;6;1858;1857;1859
496;6;1859;1858;
496;6;1867;;1868
496;6;1868;1867;
496;6;1864;;1865
496;6;1865;1864;
496;6;1861;;1862
496;6;1862;1861;
496;6;2381;;
496;6;749;;750
496;6;750;749;2591
496;6;2591;750;753
496;6;753;2591;754
496;6;754;753;1448
496;6;1448;754;755
496;6;755;1448;3070
496;6;3070;755;
496;6;7520;;
496;6;6664;;6665
496;6;6665;6664;6666
496;6;6666;6665;7061
496;6;7061;6666;7062
496;6;7062;7061;6667
496;6;6667;7062;6668
496;6;6668;6667;
496;6;6654;;7060
496;6;7060;6654;6655
496;6;6655;7060;
496;6;1762;;1763
496;6;1763;1762;
496;6;378;;379
496;6;379;378;380
496;6;380;379;381
496;6;381;380;382
496;6;382;381;
496;6;2288;;
496;6;2535;;2582
496;6;2582;2535;2536
496;6;2536;2582;
496;6;7674;;
496;6;7680;;
496;6;438;;439
496;6;439;438;440
496;6;440;439;442
496;6;442;440;
496;6;2700;;2701
496;6;2701;2700;
496;6;7161;;7162
496;6;7162;7161;
496;6;7604;;
496;6;7606;;
496;6;7608;;
496;6;2677;;2678
496;6;2678;2677;
496;6;3045;;3046
496;6;3046;3045;
496;6;1663;;1664
496;6;1664;1663;
496;6;1666;;1667
496;6;1667;1666;3044
496;6;3044;1667;
496;6;7164;;8510
496;6;8510;7164;7165
496;6;7165;8510;8478
496;6;8478;7165;
496;6;7712;;
496;6;7716;;
496;6;281;;283
496;6;283;281;284
496;6;284;283;285
496;6;285;284;
496;6;2511;;2512
496;6;2512;2511;
496;6;1976;;1977
496;6;1977;1976;1978
496;6;1978;1977;
496;6;2508;;2509
496;6;2509;2508;
496;6;6863;;7057
496;6;7057;6863;6864
496;6;6864;7057;6865
496;6;6865;6864;
496;6;6867;;6868
496;6;6868;6867;
496;6;6860;;7011
496;6;7011;6860;6861
496;6;6861;7011;
496;6;2189;;
496;6;1794;;1795
496;6;1795;1794;
496;6;2341;;
496;6;2337;;
496;6;1645;;1646
496;6;1646;1645;
496;6;2339;;
496;6;2907;;2908
496;6;2908;2907;
496;6;7216;;8861
496;6;8861;7216;
496;6;7207;;7208
496;6;7208;7207;
496;6;7210;;7211
496;6;7211;7210;7214
496;6;7214;7211;
496;6;7506;;
496;6;7508;;
496;6;1306;;1307
496;6;1307;1306;1308
496;6;1308;1307;
496;6;1359;;1360
496;6;1360;1359;1361
496;6;1361;1360;
496;6;7308;;7309
496;6;7309;7308;
496;6;2215;;
496;6;1821;;1822
496;6;1822;1821;
496;6;1833;;1834
496;6;1834;1833;
496;6;1836;;1837
496;6;1837;1836;
496;6;6826;;6827
496;6;6827;6826;
496;6;1908;;1909
496;6;1909;1908;
496;6;1911;;2988
496;6;2988;1911;
496;6;6;2787;7
496;6;7;6;8
496;6;8;7;9
496;6;9;8;10
496;6;10;9;11
496;6;11;10;12
496;6;12;11;13
496;6;13;12;14
496;6;14;13;15
496;6;15;14;16
496;6;16;15;17
496;6;17;16;18
496;6;18;17;19
496;6;19;18;20
496;6;20;19;21
496;6;21;20;22
496;6;22;21;23
496;6;23;22;24
496;6;24;23;25
496;6;25;24;26
496;6;26;25;27
496;6;27;26;28
496;6;28;27;2787
496;6;2787;28;6
496;6;2266;;
496;6;3024;;
496;6;2282;;
496;6;2431;;
496;6;2306;;
496;6;2159;;
496;6;2270;;
496;6;2201;;
496;6;2197;;
496;6;2181;;
496;6;2177;;
496;6;2251;;
496;6;2217;;
496;6;2237;;
496;6;2163;;
496;6;2169;;
496;6;2235;;
496;6;2294;;
496;6;3124;;
496;6;3122;;
496;6;2209;;
496;6;3118;;
496;6;2276;;
496;6;2205;;
496;6;2191;;
496;6;2296;;
496;6;2229;;
496;6;2241;;
496;6;2187;;
496;6;2161;;
496;6;2253;;
496;6;2165;;
496;6;2221;;
496;6;2245;;
496;6;3120;;
496;6;2284;;
496;6;2272;;
496;6;3096;;3097
496;6;3097;3096;
496;6;1738;;1739
496;6;1739;1738;
496;6;8941;;6568
496;6;6568;8941;6569
496;6;6569;6568;6570
496;6;6570;6569;
496;6;6564;;7056
496;6;7056;6564;6565
496;6;6565;7056;8940
496;6;8940;6565;
496;6;6779;;7052
496;6;7052;6779;9007
496;6;9007;7052;
496;6;6780;;6781
496;6;6781;6780;
496;6;6651;;6652
496;6;6652;6651;
496;6;8948;;8949
496;6;8949;8948;
496;6;1237;;1238
496;6;1238;1237;
496;6;2256;;2984
496;6;2984;2256;
496;6;1234;;1235
496;6;1235;1234;
496;6;6538;;6539
496;6;6539;6538;
496;6;8572;;8573
496;6;8573;8572;
496;6;8790;;8791
496;6;8791;8790;
496;6;1477;;1478
496;6;1478;1477;1479
496;6;1479;1478;
496;6;2157;;
496;6;2155;;
496;6;2527;;2528
496;6;2528;2527;2529
496;6;2529;2528;
496;6;6920;;7405
496;6;7405;6920;6921
496;6;6921;7405;7051
496;6;7051;6921;6922
496;6;6922;7051;
496;6;7410;;7411
496;6;7411;7410;7412
496;6;7412;7411;
496;6;926;;927
496;6;927;926;928
496;6;928;927;929
496;6;929;928;930
496;6;930;929;
496;6;7694;;
496;6;7482;;
496;6;7692;;
496;6;7782;;
496;6;7786;;
496;6;7480;;
496;6;1883;;1884
496;6;1884;1883;
496;6;1987;;1988
496;6;1988;1987;
496;6;2203;;
496;6;1336;;1337
496;6;1337;1336;1338
496;6;1338;1337;
496;6;1400;;1401
496;6;1401;1400;1402
496;6;1402;1401;1403
496;6;1403;1402;
496;6;2379;;
496;6;2467;;2468
496;6;2468;2467;
496;6;1635;;1636
496;6;1636;1635;
496;6;3057;;
496;6;2954;;1267
496;6;1267;2954;1269
496;6;1269;1267;1268
496;6;1268;1269;
496;6;365;;366
496;6;366;365;
496;6;8749;;8750
496;6;8750;8749;
496;6;597;;598
496;6;598;597;599
496;6;599;598;
496;6;1453;;1454
496;6;1454;1453;
496;6;2636;;2631
496;6;2631;2636;2637
496;6;2637;2631;
496;6;7578;;
496;6;7417;;7418
496;6;7418;7417;7419
496;6;7419;7418;
496;6;6848;;6849
496;6;6849;6848;
496;6;6845;;6846
496;6;6846;6845;
496;6;6870;;7047
496;6;7047;6870;6871
496;6;6871;7047;
496;6;6873;;6874
496;6;6874;6873;
496;6;1999;;2000
496;6;2000;1999;
496;6;1709;;1710
496;6;1710;1709;
496;6;2524;;2525
496;6;2525;2524;
496;6;6974;;6975
496;6;6975;6974;6976
496;6;6976;6975;
496;6;7292;;7293
496;6;7293;7292;
496;6;7295;;7296
496;6;7296;7295;
496;6;7596;;
496;6;7598;;
496;6;7082;;7083
496;6;7083;7082;7084
496;6;7084;7083;6821
496;6;6821;7084;
496;6;7289;;7290
496;6;7290;7289;
496;6;2615;;2616
496;6;2616;2615;
496;6;2618;;2688
496;6;2688;2618;2689
496;6;2689;2688;2619
496;6;2619;2689;
496;6;8742;;8743
496;6;8743;8742;8744
496;6;8744;8743;
496;6;7305;;7306
496;6;7306;7305;
496;6;1800;;1801
496;6;1801;1800;1802
496;6;1802;1801;
496;6;2243;;
496;6;641;;642
496;6;642;641;643
496;6;643;642;644
496;6;644;643;645
496;6;645;644;646
496;6;646;645;2603
496;6;2603;646;
496;6;3104;;3105
496;6;3105;3104;3106
496;6;3106;3105;
496;6;1245;;1246
496;6;1246;1245;1247
496;6;1247;1246;
496;6;8864;;1391
496;6;1391;8864;1392
496;6;1392;1391;1393
496;6;1393;1392;
496;6;1385;;1386
496;6;1386;1385;1387
496;6;1387;1386;1388
496;6;1388;1387;2838
496;6;2838;1388;
496;6;7616;;
496;6;9031;;
496;6;8881;;
496;6;7552;;
496;6;9027;;
496;6;8895;;
496;6;8891;;
496;6;9029;;
496;6;8903;;
496;6;238;;237
496;6;237;238;236
496;6;236;237;235
496;6;235;236;1154
496;6;1154;235;1155
496;6;1155;1154;1156
496;6;1156;1155;1157
496;6;1157;1156;
496;6;306;;310
496;6;310;306;311
496;6;311;310;
496;6;313;;314
496;6;314;313;315
496;6;315;314;316
496;6;316;315;317
496;6;317;316;1512
496;6;1512;317;318
496;6;318;1512;1513
496;6;1513;318;319
496;6;319;1513;
496;6;2121;;2122
496;6;2122;2121;
496;6;1613;;1614
496;6;1614;1613;
496;6;495;;496
496;6;496;495;497
496;6;497;496;
496;6;8582;;9058
496;6;9058;8582;
496;6;8583;;8584
496;6;8584;8583;
496;6;8527;;8528
496;6;8528;8527;8529
496;6;8529;8528;
496;6;2064;;2067
496;6;2067;2064;2068
496;6;2068;2067;
496;6;421;;2418
496;6;2418;421;422
496;6;422;2418;423
496;6;423;422;1549
496;6;1549;423;
496;6;6061;;8875
496;6;8875;6061;
496;6;1019;;1020
496;6;1020;1019;1021
496;6;1021;1020;1022
496;6;1022;1021;1023
496;6;1023;1022;1024
496;6;1024;1023;
496;6;6105;;6062
496;6;6062;6105;6063
496;6;6063;6062;6064
496;6;6064;6063;6065
496;6;6065;6064;6066
496;6;6066;6065;6067
496;6;6067;6066;
496;6;7283;;7284
496;6;7284;7283;
496;6;1292;;1293
496;6;1293;1292;
496;6;6322;;
496;6;6328;;
496;6;6360;;
496;6;590;;591
496;6;591;590;
496;6;585;;586
496;6;586;585;587
496;6;587;586;588
496;6;588;587;
496;6;1313;;1314
496;6;1314;1313;
496;6;3041;;3042
496;6;3042;3041;
496;6;1324;;2826
496;6;2826;1324;
496;6;1641;;1642
496;6;1642;1641;1643
496;6;1643;1642;
496;6;1626;;1627
496;6;1627;1626;
496;6;7444;;7445
496;6;7445;7444;7446
496;6;7446;7445;
496;6;7441;;7442
496;6;7442;7441;
496;6;2950;;2071
496;6;2071;2950;
496;6;1310;;1311
496;6;1311;1310;
496;6;2697;;2698
496;6;2698;2697;
496;6;8944;;8515
496;6;8515;8944;
496;6;6851;;7043
496;6;7043;6851;6852
496;6;6852;7043;
496;6;3073;;3074
496;6;3074;3073;
496;6;1845;;1846
496;6;1846;1845;
496;6;2280;;
496;6;2900;;2902
496;6;2902;2900;
496;6;7376;;7377
496;6;7377;7376;
496;6;2961;;1912
496;6;1912;2961;1913
496;6;1913;1912;
496;6;848;;849
496;6;849;848;850
496;6;850;849;851
496;6;851;850;
496;6;1901;;1902
496;6;1902;1901;1903
496;6;1903;1902;
496;6;7286;;7287
496;6;7287;7286;
496;6;6799;;6800
496;6;6800;6799;6801
496;6;6801;6800;
496;6;6798;;7058
496;6;7058;6798;8970
496;6;8970;7058;
496;6;6578;;6582
496;6;6582;6578;6585
496;6;6585;6582;2421
496;6;2421;6585;1648
496;6;1648;2421;1649
496;6;1649;1648;1650
496;6;1650;1649;
496;6;6572;;6575
496;6;6575;6572;7046
496;6;7046;6575;6576
496;6;6576;7046;
496;6;8808;;8809
496;6;8809;8808;8810
496;6;8810;8809;8811
496;6;8811;8810;
496;6;7640;;
496;6;9023;;
496;6;8986;;8987
496;6;8987;8986;8988
496;6;8988;8987;
496;6;530;;531
496;6;531;530;532
496;6;532;531;
496;6;2836;;1455
496;6;1455;2836;
496;6;1797;;1798
496;6;1798;1797;
496;6;7778;;
496;6;6314;;
496;6;6320;;
496;6;880;;881
496;6;881;880;882
496;6;882;881;883
496;6;883;882;
496;6;8701;;8702
496;6;8702;8701;8706
496;6;8706;8702;
496;6;8524;;8525
496;6;8525;8524;
496;6;869;;870
496;6;870;869;
496;6;872;;873
496;6;873;872;
496;6;1473;;1474
496;6;1474;1473;1475
496;6;1475;1474;
496;6;1424;;1425
496;6;1425;1424;1444
496;6;1444;1425;1445
496;6;1445;1444;1446
496;6;1446;1445;1447
496;6;1447;1446;
496;6;1280;;1281
496;6;1281;1280;1282
496;6;1282;1281;1283
496;6;1283;1282;1284
496;6;1284;1283;1285
496;6;1285;1284;
496;6;890;;891
496;6;891;890;892
496;6;892;891;893
496;6;893;892;
496;6;164;;165
496;6;165;164;166
496;6;166;165;167
496;6;167;166;168
496;6;168;167;171
496;6;171;168;172
496;6;172;171;
496;6;3086;;3087
496;6;3087;3086;3088
496;6;3088;3087;
496;6;2518;;2519
496;6;2519;2518;
496;6;324;;325
496;6;325;324;330
496;6;330;325;
496;6;895;;896
496;6;896;895;897
496;6;897;896;
496;6;7426;;7427
496;6;7427;7426;7428
496;6;7428;7427;7429
496;6;7429;7428;
496;6;7402;;7403
496;6;7403;7402;7404
496;6;7404;7403;
496;6;9015;;2962
496;6;2962;9015;1411
496;6;1411;2962;
496;6;1465;;1466
496;6;1466;1465;
496;6;1457;;1458
496;6;1458;1457;1459
496;6;1459;1458;
496;6;1461;;1462
496;6;1462;1461;1463
496;6;1463;1462;
496;6;6595;;6596
496;6;6596;6595;6597
496;6;6597;6596;8867
496;6;8867;6597;9010
496;6;9010;8867;
496;6;6592;;6593
496;6;6593;6592;
496;6;6589;;6590
496;6;6590;6589;
496;6;649;;650
496;6;650;649;
496;6;8868;;8869
496;6;8869;8868;
496;6;808;;809
496;6;809;808;
496;6;7232;;8947
496;6;8947;7232;
496;6;7042;;6841
496;6;6841;7042;6842
496;6;6842;6841;6843
496;6;6843;6842;
496;6;6838;;7040
496;6;7040;6838;
496;6;567;;568
496;6;568;567;
496;6;564;;565
496;6;565;564;
496;6;677;;679
496;6;679;677;680
496;6;680;679;
496;6;8686;;8687
496;6;8687;8686;8688
496;6;8688;8687;
496;6;6671;;6673
496;6;6673;6671;6674
496;6;6674;6673;7036
496;6;7036;6674;6675
496;6;6675;7036;6676
496;6;6676;6675;6677
496;6;6677;6676;6679
496;6;6679;6677;6680
496;6;6680;6679;
496;6;8678;;8679
496;6;8679;8678;
496;6;8516;;6857
496;6;6857;8516;6858
496;6;6858;6857;
496;6;8746;;8747
496;6;8747;8746;
496;6;6898;;6899
496;6;6899;6898;
496;6;6901;;6902
496;6;6902;6901;
496;6;6904;;6905
496;6;6905;6904;
496;6;1923;;1924
496;6;1924;1923;1925
496;6;1925;1924;1926
496;6;1926;1925;2702
496;6;2702;1926;
496;6;7322;;7323
496;6;7323;7322;
496;6;1167;;1169
496;6;1169;1167;1170
496;6;1170;1169;
496;6;1980;;1981
496;6;1981;1980;
496;6;2514;;2515
496;6;2515;2514;
496;6;1172;;1203
496;6;1203;1172;1174
496;6;1174;1203;
496;6;6368;;
496;6;6372;;
496;6;1610;;1611
496;6;1611;1610;
496;6;811;;812
496;6;812;811;813
496;6;813;812;2590
496;6;2590;813;815
496;6;815;2590;
496;6;8586;;8587
496;6;8587;8586;
496;6;7451;;7452
496;6;7452;7451;
496;6;2219;;
496;6;295;;296
496;6;296;295;297
496;6;297;296;298
496;6;298;297;299
496;6;299;298;
496;6;287;;288
496;6;288;287;
496;6;290;;291
496;6;291;290;292
496;6;292;291;293
496;6;293;292;
496;6;875;;876
496;6;876;875;877
496;6;877;876;878
496;6;878;877;
496;6;803;;804
496;6;804;803;805
496;6;805;804;806
496;6;806;805;
496;6;6376;;
496;6;6382;;
496;6;1481;;1482
496;6;1482;1481;
496;6;3015;;3017
496;6;3017;3015;1483
496;6;1483;3017;
496;6;7264;;7265
496;6;7265;7264;
496;6;2783;;2822
496;6;2822;2783;
496;6;7320;;7321
496;6;7321;7320;9012
496;6;9012;7321;
496;6;2371;;
496;6;947;;948
496;6;948;947;949
496;6;949;948;950
496;6;950;949;951
496;6;951;950;952
496;6;952;951;953
496;6;953;952;
496;6;2367;;
496;6;2369;;
496;6;941;;942
496;6;942;941;943
496;6;943;942;944
496;6;944;943;945
496;6;945;944;
496;6;2260;;
496;6;2924;;
496;6;2934;;
496;6;2936;;
496;6;2764;;
496;6;2137;;
496;6;2770;;
496;6;2141;;
496;6;2405;;
496;6;2147;;
496;6;2149;;
496;6;974;;2971
496;6;2971;974;975
496;6;975;2971;2972
496;6;2972;975;2422
496;6;2422;2972;2423
496;6;2423;2422;976
496;6;976;2423;
496;6;2938;;
496;6;3063;;
496;6;2920;;
496;6;2932;;
496;6;2772;;
496;6;2145;;
496;6;3069;;
496;6;2776;;
496;6;2922;;
496;6;2262;;
496;6;2766;;
496;6;2403;;
496;6;2407;;
496;6;8729;;8730
496;6;8730;8729;8731
496;6;8731;8730;
496;6;7379;;7380
496;6;7380;7379;
496;6;8720;;8721
496;6;8721;8720;8722
496;6;8722;8721;
496;6;8724;;8725
496;6;8725;8724;8726
496;6;8726;8725;8727
496;6;8727;8726;
496;6;1990;;1991
496;6;1991;1990;1992
496;6;1992;1991;1993
496;6;1993;1992;1994
496;6;1994;1993;
496;6;8816;;8817
496;6;8817;8816;
496;6;8813;;8814
496;6;8814;8813;
496;6;2756;;
496;6;2758;;
496;6;2965;;934
496;6;934;2965;1484
496;6;1484;934;
496;6;2355;;
496;6;1241;;1242
496;6;1242;1241;1243
496;6;1243;1242;
496;6;932;;933
496;6;933;932;2966
496;6;2966;933;
496;6;6823;;6824
496;6;6824;6823;
496;6;1973;;1974
496;6;1974;1973;
496;6;8980;;8981
496;6;8981;8980;
496;6;3112;;3113
496;6;3113;3112;
496;6;3065;;
496;6;3067;;
496;6;8996;;8997
496;6;8997;8996;
496;6;2005;;2006
496;6;2006;2005;2007
496;6;2007;2006;
496;6;7652;;
496;6;8893;;
496;6;7656;;
496;6;2002;;2003
496;6;2003;2002;
496;6;3039;;2630
496;6;2630;3039;2623
496;6;2623;2630;2669
496;6;2669;2623;2624
496;6;2624;2669;2625
496;6;2625;2624;
496;6;9009;;2660
496;6;2660;9009;
496;6;1839;;1840
496;6;1840;1839;
496;6;1486;;1487
496;6;1487;1486;1488
496;6;1488;1487;
496;6;8733;;8734
496;6;8734;8733;8735
496;6;8735;8734;8736
496;6;8736;8735;
496;6;8983;;8984
496;6;8984;8983;
496;6;734;;735
496;6;735;734;736
496;6;736;735;737
496;6;737;736;738
496;6;738;737;739
496;6;739;738;
496;6;8594;;8595
496;6;8595;8594;8596
496;6;8596;8595;8597
496;6;8597;8596;
496;6;2841;;1716
496;6;1716;2841;
496;6;521;;522
496;6;522;521;523
496;6;523;522;524
496;6;524;523;525
496;6;525;524;526
496;6;526;525;527
496;6;527;526;528
496;6;528;527;
496;6;7414;;7415
496;6;7415;7414;8592
496;6;8592;7415;
496;6;1807;;1808
496;6;1808;1807;
496;6;1810;;1811
496;6;1811;1810;
496;6;2895;;1583
496;6;1583;2895;2844
496;6;2844;1583;
496;6;713;;1215
496;6;1215;713;715
496;6;715;1215;
496;6;1755;;2782
496;6;2782;1755;
496;6;8648;;8649
496;6;8649;8648;
496;6;8717;;8718
496;6;8718;8717;
496;6;785;;786
496;6;786;785;787
496;6;787;786;789
496;6;789;787;
496;6;2746;;
496;6;2151;;
496;6;2413;;
496;6;1437;;1438
496;6;1438;1437;1439
496;6;1439;1438;1440
496;6;1440;1439;
496;6;3136;;1441
496;6;1441;3136;1442
496;6;1442;1441;1443
496;6;1443;1442;
496;6;2153;;
496;6;2225;;
496;6;2409;;
496;6;2415;;
496;6;2411;;
496;6;7366;;7367
496;6;7367;7366;
496;6;7368;;7369
496;6;7369;7368;7370
496;6;7370;7369;
496;6;8972;;7059
496;6;7059;8972;
496;6;6610;;6611
496;6;6611;6610;6612
496;6;6612;6611;
496;6;6714;;6717
496;6;6717;6714;6718
496;6;6718;6717;
496;6;2223;;
496;6;1159;;1160
496;6;1160;1159;1161
496;6;1161;1160;
496;6;301;;302
496;6;302;301;303
496;6;303;302;304
496;6;304;303;
496;6;2847;;2848
496;6;2848;2847;2849
496;6;2849;2848;
496;6;6876;;6877
496;6;6877;6876;
496;6;1692;;1694
496;6;1694;1692;
496;6;1804;;1805
496;6;1805;1804;
496;6;9013;;7395
496;6;7395;9013;8522
496;6;8522;7395;
496;6;1638;;1639
496;6;1639;1638;
496;6;1510;;1511
496;6;1511;1510;
496;6;2974;;2975
496;6;2975;2974;
496;6;2842;;2967
496;6;2967;2842;1377
496;6;1377;2967;1378
496;6;1378;1377;
496;6;3061;;
496;6;1380;;1381
496;6;1381;1380;1382
496;6;1382;1381;1383
496;6;1383;1382;
496;6;1877;;1878
496;6;1878;1877;
496;6;1729;;1730
496;6;1730;1729;2516
496;6;2516;1730;
496;6;2314;;
496;6;1502;;1503
496;6;1503;1502;1504
496;6;1504;1503;
496;6;1506;;1507
496;6;1507;1506;1508
496;6;1508;1507;
496;6;2310;;
496;6;2318;;
496;6;2312;;
496;6;716;;717
496;6;717;716;718
496;6;718;717;719
496;6;719;718;720
496;6;720;719;
496;6;1499;;1500
496;6;1500;1499;
496;6;2916;;2918
496;6;2918;2916;2481
496;6;2481;2918;2482
496;6;2482;2481;2483
496;6;2483;2482;
496;6;2912;;2914
496;6;2914;2912;
496;6;2477;;2478
496;6;2478;2477;2479
496;6;2479;2478;
496;6;2485;;2486
496;6;2486;2485;
496;6;1851;;1852
496;6;1852;1851;
496;6;1848;;1849
496;6;1849;1848;
496;6;8673;;8674
496;6;8674;8673;8675
496;6;8675;8674;8676
496;6;8676;8675;
496;6;1405;;1406
496;6;1406;1405;1407
496;6;1407;1406;1408
496;6;1408;1407;
496;6;2889;;2890
496;6;2890;2889;
496;6;1996;;1997
496;6;1997;1996;
496;6;2789;;
496;6;3129;;3130
496;6;3130;3129;2531
496;6;2531;3130;2532
496;6;2532;2531;2533
496;6;2533;2532;
496;6;1874;;1875
496;6;1875;1874;
496;6;2247;;
496;6;1984;;1985
496;6;1985;1984;1983
496;6;1983;1985;
496;6;601;;603
496;6;603;601;604
496;6;604;603;605
496;6;605;604;
496;6;6916;;7029
496;6;7029;6916;6917
496;6;6917;7029;7030
496;6;7030;6917;6918
496;6;6918;7030;
496;6;2292;;
496;6;623;;2832
496;6;2832;623;
496;6;1732;;1733
496;6;1733;1732;
496;6;7155;;7156
496;6;7156;7155;
496;6;1776;;1777
496;6;1777;1776;
496;6;1779;;1780
496;6;1780;1779;
496;6;1295;;1296
496;6;1296;1295;
496;6;2274;;
496;6;240;;241
496;6;241;240;242
496;6;242;241;
496;6;2845;;173
496;6;173;2845;174
496;6;174;173;175
496;6;175;174;176
496;6;176;175;
496;6;178;;179
496;6;179;178;180
496;6;180;179;181
496;6;181;180;182
496;6;182;181;
496;6;248;;249
496;6;249;248;250
496;6;250;249;
496;6;244;;245
496;6;245;244;246
496;6;246;245;
496;6;7764;;
496;6;7770;;
496;6;491;;492
496;6;492;491;
496;6;2433;;
496;6;8990;;8991
496;6;8991;8990;
496;6;579;;580
496;6;580;579;581
496;6;581;580;582
496;6;582;581;583
496;6;583;582;
496;6;2457;;2458
496;6;2458;2457;
496;6;2982;;1052
496;6;1052;2982;
496;6;9019;;9020
496;6;9020;9019;6123
496;6;6123;9020;6124
496;6;6124;6123;6125
496;6;6125;6124;
496;6;1593;;1594
496;6;1594;1593;1595
496;6;1595;1594;
496;6;8872;;8873
496;6;8873;8872;
496;6;6879;;6880
496;6;6880;6879;7028
496;6;7028;6880;6881
496;6;6881;7028;
