CID;TABCD;LCD;CLASS;TCD;STCD;ROADNUMBER;RNID;N1ID;N2ID;POL_LCD;PES_LEV
496;6;2996;L;1;2;G105;1223;1186;15236;3;
496;6;2994;L;1;2;G105;1186;397;1223;3;
496;6;2999;L;1;2;G105;15237;15236;860;3;
496;6;6644;L;1;4;;7285;7300;7268;8477;
496;6;6723;L;1;2;G105;7550;14231;15019;8477;
496;6;816;L;1;2;;15119;860;869;3;
496;6;1339;L;1;2;;15119;15019;966;3;
496;6;1025;L;1;2;G106;177;1020;15023;3;
496;6;6793;L;1;3;S267;8029;15281;1330;8477;
496;6;2020;L;1;3;S267;1024;15039;15249;3;
496;6;186;L;1;2;G107;26;14236;25;3;
496;6;132;L;1;1;G107;18;320;14677;3;
496;6;3001;L;1;2;G107;14274;558;15015;3;
496;6;118;L;1;2;G107;15;270;14678;3;
496;6;3002;L;1;2;G107;14674;15238;558;3;
496;6;183;L;1;3;;25;2085;15238;3;
496;6;29;L;2;1;G15;14739;;;3;
496;6;1008;L;1;1;G15;14716;14720;15015;3;
496;6;1544;L;1;1;G15;14716;15416;15015;3;
496;6;101;L;1;3;;12;289;295;3;
496;6;6803;L;1;4;X514;7422;7247;7423;8477;
496;6;8954;L;1;4;;14362;14530;400;8477;
496;6;2277;L;7;0;;;233;1903;3;
496;6;1518;L;1;2;G321;233;1212;1741;3;
496;6;1274;L;1;4;;1212;15027;1214;3;
496;6;7022;L;1;2;G321;7237;7320;1214;8477;
496;6;6747;L;1;2;G321;14369;7313;233;8477;
496;6;6401;L;1;2;;7541;7248;14370;8477;
496;6;2075;L;1;4;;1266;555;1258;3;
496;6;8506;L;1;4;;7257;15282;8042;8477;
496;6;6084;L;1;2;G324;54;14770;14722;8477;
496;6;159;L;1;4;;21;1279;344;3;
496;6;8955;L;1;4;;21;7391;14530;8477;
496;6;8624;L;1;4;;21;14508;7391;8477;
496;6;154;L;1;3;;439;61;1279;3;
496;6;3007;L;1;2;G324;1957;1507;15285;3;
496;6;340;L;1;2;G324;54;15478;14716;3;
496;6;1426;L;1;3;;1261;1266;15164;3;
496;6;3006;L;1;2;G324;490;488;1957;3;
496;6;7515;L;7;0;;;7913;14785;8477;
496;6;6762;L;1;2;G325;7313;7578;14369;8477;
496;6;6757;L;1;2;G325;7915;14753;7458;8477;
496;6;7102;L;1;2;G325;7578;7458;7313;8477;
496;6;6746;L;1;2;;7546;15015;14753;8477;
496;6;1584;L;1;1;G35;14715;14716;1425;3;
496;6;1575;L;1;1;G4;14291;14716;177;3;
496;6;1596;L;1;1;G45;14727;1025;473;3;
496;6;143;L;1;1;G45;1025;1420;336;3;
496;6;1556;L;1;1;G4W;14720;14294;15416;3;
496;6;6051;L;1;1;G55;14722;252;14716;8477;
496;6;6116;L;1;1;G80;14770;7222;14716;8477;
496;6;1568;L;1;1;G4W;14748;14720;1377;3;
496;6;75;L;1;1;S105;1161;304;1309;3;
496;6;2111;L;1;3;S111;14278;15483;14767;3;
496;6;6698;L;1;3;S112;7385;7386;15246;8477;
496;6;6737;L;1;4;X520;7406;389;7410;8477;
496;6;6742;L;1;4;;7368;7410;14416;8477;
496;6;6767;L;1;3;S112;7360;473;7385;8477;
496;6;7002;L;1;3;S112;7391;21;7406;8477;
496;6;8960;L;1;3;S112;14361;15251;14551;8477;
496;6;8958;L;1;3;S112;14551;473;7391;8477;
496;6;8558;L;1;3;S113;7247;14484;14486;8477;
496;6;6439;L;1;3;S113;7247;14387;7422;8477;
496;6;7467;L;1;3;S113;7210;15050;7266;8477;
496;6;6446;L;1;3;S113;7266;7210;7320;8477;
496;6;8822;L;1;3;S113;14387;14486;7210;8477;
496;6;408;L;1;3;S114;64;15036;555;3;
496;6;3011;L;1;3;S114;15108;544;64;3;
496;6;402;L;1;3;S114;1020;1225;544;3;
496;6;1415;L;1;3;S114;1259;1261;67;3;
496;6;1412;L;1;3;S114;1262;555;1261;3;
496;6;320;L;1;3;S116;1022;177;480;3;
496;6;334;L;1;3;S116;480;497;1022;3;
496;6;2448;L;1;3;S117;558;2080;54;3;
496;6;2632;L;1;3;S120;2167;2166;2161;3;
496;6;8680;L;1;4;;14506;7400;15055;8477;
496;6;935;L;1;4;;159;1004;27;3;
496;6;633;L;1;4;;704;10;282;3;
496;6;1904;L;1;4;;1512;882;295;3;
496;6;2543;L;1;3;S242;645;181;561;3;
496;6;8482;L;1;4;;14328;14740;14739;8477;
496;6;7297;L;1;4;;15074;7313;7283;8477;
496;6;2115;L;1;4;;15277;14278;473;3;
496;6;493;L;1;4;;970;765;1002;3;
496;6;7342;L;1;4;;970;7578;7469;8477;
496;6;2792;L;1;4;;970;1420;765;3;
496;6;7406;L;1;4;;7417;7673;7320;8477;
496;6;90;L;1;3;S256;841;61;289;3;
496;6;2777;L;7;0;;;1572;982;3;
496;6;2128;L;1;3;S257;15276;1565;473;3;
496;6;681;L;1;4;;110;642;38;3;
496;6;7667;L;7;0;;;8029;14787;8477;
496;6;6547;L;1;3;S267;7328;7320;14303;8477;
496;6;6551;L;1;3;S267;7973;14303;7331;8477;
496;6;6555;L;1;3;S267;7331;7330;7333;8477;
496;6;6788;L;1;3;S267;14370;233;7418;8477;
496;6;2017;L;1;3;S267;1540;1539;15039;3;
496;6;6559;L;1;3;S267;7334;7333;7326;8477;
496;6;8513;L;1;4;;7320;7417;15486;8477;
496;6;6542;L;1;4;;14276;7326;7327;8477;
496;6;2014;L;1;3;S267;1539;1537;1540;3;
496;6;7157;L;1;3;S268;7386;14413;7621;8477;
496;6;270;L;1;3;S268;879;293;295;3;
496;6;7140;L;1;3;S269;7206;7611;7612;8477;
496;6;8844;L;1;3;S269;14721;15051;15050;8477;
496;6;7137;L;1;3;S269;7611;14440;7207;8477;
496;6;8562;L;1;3;S269;14486;7247;14487;8477;
496;6;6813;L;1;3;S269;7594;7610;54;8477;
496;6;2606;L;1;4;;2154;14312;1565;3;
496;6;7386;L;1;4;;7376;15302;8058;8477;
496;6;1758;L;1;4;;223;762;1420;3;
496;6;7224;L;1;4;;7633;15303;7312;8477;
496;6;7228;L;1;4;;639;7642;7633;8477;
496;6;668;L;1;4;;639;723;794;3;
496;6;266;L;1;3;S286;787;783;293;3;
496;6;261;L;1;3;S286;874;289;787;3;
496;6;255;L;1;3;S286;38;824;874;3;
496;6;251;L;1;3;S286;824;61;85;3;
496;6;460;L;1;4;;73;643;593;3;
496;6;8784;L;1;4;;14550;473;14374;8477;
496;6;2925;L;7;0;;;15021;982;3;
496;6;2727;L;1;3;S296;14306;14326;2167;3;
496;6;305;L;1;4;;389;464;1137;3;
496;6;1538;L;1;1;S302;14749;1161;14720;3;
496;6;52;L;1;1;S303;14767;14278;14716;3;
496;6;2737;L;1;1;S303;14767;320;14332;3;
496;6;7300;L;1;4;;7481;7283;7482;8477;
496;6;6530;L;1;4;;7316;7564;7317;8477;
496;6;652;L;1;4;;105;921;80;3;
496;6;657;L;1;4;;618;80;36;3;
496;6;2731;L;1;4;;850;397;31;3;
496;6;2123;L;1;3;S358;1565;14278;15276;3;
496;6;6986;L;1;4;;1565;7591;7458;8477;
496;6;6235;L;7;0;;;7727;14753;8477;
496;6;6253;L;7;0;;;7727;14787;8477;
496;6;6255;L;7;0;;;7727;14785;8477;
496;6;6265;L;7;0;;;7727;14792;8477;
496;6;8543;L;1;3;S361;7727;14753;14479;8477;
496;6;6422;L;1;3;S361;8042;7257;15044;8477;
496;6;8546;L;1;3;S361;14479;15048;14480;8477;
496;6;8549;L;1;3;S361;14481;14480;7727;8477;
496;6;8836;L;1;4;;15044;8042;15046;8477;
496;6;8842;L;1;4;;14412;15047;15304;8477;
496;6;8839;L;1;4;;15046;114;15041;8477;
496;6;8918;L;1;4;;14454;15176;7257;8477;
496;6;8479;L;1;3;S362;7410;7406;14312;3;
496;6;7145;L;1;3;S362;7410;7612;7615;8477;
496;6;2638;L;1;3;S362;2170;2168;2164;3;
496;6;2720;L;1;3;S362;14312;7410;14325;3;
496;6;6514;L;1;3;S363;7306;7305;7307;8477;
496;6;6508;L;1;3;S363;7207;7611;7305;8477;
496;6;8565;L;1;3;S363;14487;14486;7611;8477;
496;6;6517;L;1;3;S363;7307;7306;7310;8477;
496;6;6628;L;1;3;S363;14416;473;7368;8477;
496;6;6621;L;1;3;S363;7310;7915;473;8477;
496;6;533;L;1;4;S372;85;639;643;3;
496;6;7148;L;1;3;S373;7616;7615;7617;8477;
496;6;2809;L;1;1;S39;14773;14739;1161;3;
496;6;985;L;1;1;S43;14277;995;14295;3;
496;6;6107;L;1;1;S5;14310;7262;14716;8477;
496;6;6201;L;2;1;S82;14753;;;8477;
496;6;2947;L;1;4;;282;703;400;3;
496;6;617;L;1;4;;99;723;80;3;
496;6;610;L;1;4;X004;615;80;703;3;
496;6;84;L;1;3;;10;1420;61;3;
496;6;8555;L;1;4;X239;14483;14482;15307;8477;
496;6;129;L;1;4;X242;17;16;316;3;
496;6;2072;L;1;4;X264;553;64;555;3;
496;6;2011;L;1;4;X117;1537;1538;1539;3;
496;6;214;L;1;3;;1136;386;1950;3;
496;6;1037;L;1;4;X271;391;1136;1223;3;
496;6;2059;L;1;4;X280;1554;18;15279;3;
496;6;7186;L;1;4;X301;7421;14366;15077;8477;
496;6;2620;L;1;3;;1300;2161;14278;3;
496;6;2645;L;1;4;X302;2164;15309;2170;3;
496;6;2859;L;1;4;X304;15090;473;15092;3;
496;6;1492;L;1;4;;826;61;285;3;
496;6;685;L;1;4;X466;642;85;753;3;
496;6;1953;L;1;4;X471;584;644;824;3;
496;6;7151;L;1;3;;7618;7617;7619;8477;
496;6;8796;L;1;4;X491;14441;14528;14527;8477;
496;6;8792;L;1;4;X491;14374;14508;14528;8477;
496;6;8614;L;1;4;X491;7265;14373;473;8477;
496;6;8617;L;1;4;X491;14501;473;14508;8477;
496;6;8621;L;1;4;X491;14501;15312;14374;8477;
496;6;8607;L;1;4;X491;14505;15169;14500;8477;
496;6;8604;L;1;4;X491;14503;14502;15169;8477;
496;6;8610;L;1;4;X491;14500;14505;14507;8477;
496;6;8910;L;1;4;X491;15172;14527;14362;8477;
496;6;8552;L;1;4;X493;14393;15281;14482;8477;
496;6;8912;L;1;4;X493;15173;7257;15281;8477;
496;6;8653;L;1;4;X494;7621;14525;14524;8477;
496;6;8660;L;1;4;X494;14442;14524;400;8477;
496;6;8657;L;1;4;X494;14524;14523;14442;8477;
496;6;8636;L;1;4;X501;14519;14516;15315;8477;
496;6;8777;L;1;4;X501;14558;14518;14517;8477;
496;6;7371;L;1;4;X501;7563;7285;15316;8477;
496;6;8774;L;1;4;X501;7563;14517;14518;8477;
496;6;8771;L;1;4;X501;7402;473;14517;8477;
496;6;1829;L;1;4;X502;1488;75;1489;3;
496;6;6957;L;1;4;X506;7474;7473;7475;8477;
496;6;6963;L;1;4;X506;7209;7476;15317;8477;
496;6;6967;L;1;4;X506;7477;15317;7478;8477;
496;6;6970;L;1;4;X506;7479;7478;7383;8477;
496;6;6960;L;1;4;X506;7476;7475;7209;8477;
496;6;6954;L;1;4;X507;7473;7275;7474;8477;
496;6;6923;L;1;4;X507;7458;14303;7470;8477;
496;6;6944;L;1;4;X507;7468;7458;7296;8477;
496;6;6947;L;1;4;X507;7446;7470;7471;8477;
496;6;6951;L;1;4;X507;7472;7275;7471;8477;
496;6;7237;L;1;4;X508;7312;7633;7609;8477;
496;6;6525;L;1;4;X511;15293;7274;7520;8477;
496;6;6297;L;7;0;;;7784;14787;8477;
496;6;6303;L;7;0;;;7784;14785;8477;
496;6;8825;L;1;4;X512;14685;14387;14699;8477;
496;6;7183;L;1;4;X512;14366;14408;15052;8477;
496;6;1431;L;1;3;S118;1028;1260;177;3;
496;6;7683;L;7;0;;;14625;14787;8477;
496;6;8851;L;1;4;X513;15047;15041;14412;8477;
496;6;6641;L;1;4;X513;15331;15330;15328;8477;
496;6;6633;L;1;4;X513;15041;7372;14370;8477;
496;6;8537;L;1;4;X513;15328;7237;15329;8477;
496;6;6806;L;1;4;X514;7423;7422;14408;8477;
496;6;123;L;1;4;X516;16;15053;17;3;
496;6;661;L;1;4;X516;723;1420;819;3;
496;6;6772;L;1;4;X518;7239;473;7300;8477;
496;6;7172;L;1;4;X518;7291;7305;7208;8477;
496;6;6498;L;1;4;X518;7300;7285;7239;8477;
496;6;6493;L;1;4;X518;7297;7578;7285;8477;
496;6;7166;L;1;4;X518;7304;7207;7626;8477;
496;6;441;L;1;4;X518;7304;1194;822;3;
496;6;367;L;1;4;X518;673;567;66;3;
496;6;6485;L;1;4;X515;7208;7567;7294;8477;
496;6;6482;L;1;4;X518;7244;7291;7567;8477;
496;6;7169;L;1;4;X518;7626;7304;7305;8477;
496;6;7557;L;7;0;;;7945;14787;8477;
496;6;7559;L;7;0;;;7945;14785;8477;
496;6;6912;L;1;4;X519;7444;7432;7434;8477;
496;6;7381;L;1;4;X519;15302;7309;7945;8477;
496;6;6418;L;1;4;X522;15333;15178;14753;8477;
496;6;2985;L;1;4;X532;15230;756;152;3;
496;6;8707;L;1;4;X561;14517;14542;14543;8477;
496;6;8694;L;1;4;X577;14746;473;14539;8477;
496;6;6882;L;1;4;X605;7445;7446;7296;8477;
496;6;7019;L;1;4;X669;7520;7311;7313;8477;
496;6;391;L;1;3;;7520;61;539;3;
496;6;8641;L;1;4;X783;14372;14361;14522;8477;
496;6;8644;L;1;4;X783;14523;14522;14524;8477;
496;6;6613;L;1;4;X784;7359;7239;7360;8477;
496;6;2716;L;1;4;X933;14323;473;2154;3;
496;6;2864;L;1;4;X939;15091;15090;15276;3;
496;6;8925;L;1;4;X867;7600;15077;15313;8477;
496;6;6526;L;1;4;Y001;7314;7313;7564;8477;
496;6;6617;L;1;4;Y005;15334;7362;7915;8477;
496;6;7430;L;1;4;Y005;7593;7328;7589;8477;
496;6;2008;L;1;4;Y009;1222;320;1140;3;
496;6;6894;L;1;4;Y013;7431;7313;7456;8477;
496;6;6688;L;1;4;Y013;7283;7282;7511;8477;
496;6;7327;L;1;4;Y013;7296;7578;7445;8477;
496;6;6541;L;1;4;Y015;7323;7324;7320;8477;
496;6;2079;L;1;4;X264;1248;1258;15177;3;
496;6;6241;L;7;0;;;7730;14753;8477;
496;6;6247;L;7;0;;;7730;14799;8477;
496;6;6243;L;7;0;;;7730;14801;8477;
496;6;6249;L;7;0;;;7730;14803;8477;
496;6;6245;L;7;0;;;7730;14806;8477;
496;6;7459;L;1;4;Y108;7680;7608;7327;8477;
496;6;7453;L;1;4;Y108;7608;7680;14276;8477;
496;6;7202;L;1;4;Y109;7245;14753;7632;8477;
496;6;2069;L;1;4;Y143;1555;1554;15180;3;
496;6;2102;L;1;4;Y147;1538;15181;18;3;
496;6;7240;L;1;4;Y266;7609;15336;7643;8477;
496;6;1300;L;1;4;Y527;1035;14753;179;3;
496;6;2734;L;1;3;;14326;1301;14327;3;
496;6;456;L;1;4;Y925;643;619;85;3;
496;6;6834;L;1;4;Y932;7338;7374;7336;8477;
496;6;6831;L;1;4;Y932;7286;7284;7338;8477;
496;6;7259;L;1;4;Y948;15317;15337;7209;8477;
496;6;7256;L;1;4;Y948;7583;7447;15337;8477;
496;6;6934;L;1;4;Y954;15286;7633;7313;8477;
496;6;6941;L;1;4;Y954;7467;7313;7283;8477;
496;6;966;L;1;3;;165;794;977;3;
496;6;1939;L;1;4;;503;488;55;3;
496;6;1368;L;1;4;;14255;488;55;3;
496;6;1740;L;1;4;;743;85;1465;3;
496;6;724;L;1;4;;118;1468;783;3;
496;6;2303;L;7;0;;;2056;1903;3;
496;6;1725;L;1;4;;1463;415;61;3;
496;6;8574;L;1;4;;14490;7458;7973;8477;
496;6;898;L;1;4;;152;920;978;3;
496;6;431;L;1;4;;67;565;1183;3;
496;6;2084;L;1;4;;67;1248;1249;3;
496;6;8713;L;1;4;;14509;14543;14501;8477;
496;6;1176;L;1;4;;203;1151;152;3;
496;6;592;L;1;4;;568;673;67;3;
496;6;1841;L;1;4;;877;1491;140;3;
496;6;7221;L;1;4;;7639;7210;14414;8477;
496;6;3107;L;1;4;;844;287;1279;3;
496;6;7310;L;1;4;;7454;14415;7453;8477;
496;6;1420;L;1;3;;1264;15344;1265;3;
496;6;703;L;1;4;;114;767;771;3;
496;6;691;L;1;4;;920;754;759;3;
496;6;698;L;1;4;;759;920;767;3;
496;6;6329;L;7;0;;;7809;14787;8477;
496;6;798;L;1;4;;133;38;841;3;
496;6;2955;L;1;4;;762;817;759;3;
496;6;1651;L;1;4;;1439;15345;1213;3;
496;6;1004;L;1;4;;174;1002;1004;3;
496;6;997;L;1;4;;172;171;926;3;
496;6;1000;L;1;4;;926;155;1002;3;
496;6;1885;L;1;4;;1507;1506;490;3;
496;6;2839;L;1;4;;623;82;15346;3;
496;6;482;L;1;4;;77;606;615;3;
496;6;477;L;1;4;;566;67;606;3;
496;6;1892;L;1;4;;491;1508;1957;3;
496;6;1889;L;1;4;;1508;1507;491;3;
496;6;2504;L;1;4;;2097;270;15054;3;
496;6;1286;L;1;4;;270;14;55;3;
496;6;2903;L;1;4;;15380;893;270;3;
496;6;6909;L;1;4;;7456;7283;7432;8477;
496;6;6906;L;1;4;;7382;7313;7283;8477;
496;6;2896;L;1;4;;956;987;15100;3;
496;6;1622;L;1;4;;1437;985;987;3;
496;6;1717;L;1;4;;1171;645;609;3;
496;6;841;L;1;4;;140;875;879;3;
496;6;2850;L;1;3;S111;1573;2166;14278;3;
496;6;498;L;1;4;;80;615;619;3;
496;6;344;L;1;3;;55;24;1528;3;
496;6;359;L;1;3;;504;1528;15350;3;
496;6;820;L;1;4;;138;31;1186;3;
496;6;7525;L;7;0;;;7922;14787;8477;
496;6;7527;L;7;0;;;7922;14785;8477;
496;6;8485;L;1;4;;14740;14719;14328;8477;
496;6;2184;L;7;0;;;221;1919;3;
496;6;1781;L;1;4;;789;1468;165;3;
496;6;1786;L;1;4;;790;794;1472;3;
496;6;740;L;1;4;;121;794;295;3;
496;6;1120;L;1;4;;15342;15339;15341;3;
496;6;1132;L;1;4;;15352;15339;15341;3;
496;6;3131;L;1;4;;15354;15339;15341;3;
496;6;1124;L;1;4;;15355;15339;15341;3;
496;6;1094;L;1;4;;15339;15384;15363;3;
496;6;1104;L;1;4;;15390;15363;15384;3;
496;6;2707;L;1;4;;15386;15358;15390;3;
496;6;1144;L;1;4;;15387;15390;15268;3;
496;6;2497;L;1;4;;15391;1161;15394;3;
496;6;1053;L;1;4;;15341;15268;15362;3;
496;6;1061;L;1;4;;15268;15341;15403;3;
496;6;2703;L;1;4;;15402;15080;15268;3;
496;6;1149;L;1;4;;15393;15387;15268;3;
496;6;1136;L;1;4;;15362;15339;15341;3;
496;6;1072;L;1;4;;15340;15358;15363;3;
496;6;1082;L;1;4;;15358;15363;15340;3;
496;6;1116;L;1;4;;15359;15339;15341;3;
496;6;1140;L;1;4;;15385;15390;15268;3;
496;6;1112;L;1;4;;15389;15390;15268;3;
496;6;8818;L;1;4;;14547;14362;14546;8477;
496;6;1315;L;1;4;;1221;1140;33;3;
496;6;8780;L;1;4;;7409;14517;7406;8477;
496;6;8703;L;1;4;;14536;15055;14471;8477;
496;6;8628;L;1;3;;14373;14361;14542;8477;
496;6;8632;L;1;4;;14516;14542;14518;8477;
496;6;1711;L;1;4;;730;723;683;3;
496;6;2990;L;1;4;;288;38;438;3;
496;6;1248;L;1;4;;739;639;642;3;
496;6;1252;L;1;4;;423;642;38;3;
496;6;7270;L;1;4;;7587;7319;7990;8477;
496;6;728;L;1;4;;783;118;787;3;
496;6;1812;L;1;4;;15351;783;784;3;
496;6;1748;L;1;4;;1467;740;741;3;
496;6;2212;L;7;0;;;12;1919;3;
496;6;2263;L;7;0;;;10;1903;3;
496;6;2267;L;7;0;;;10;1919;3;
496;6;2747;L;7;0;;;14337;1903;3;
496;6;2319;L;7;0;;;1279;12;3;
496;6;2321;L;7;0;;;1279;841;3;
496;6;2325;L;7;0;;;1279;289;3;
496;6;275;L;1;1;;1279;1420;43;3;
496;6;2333;L;7;0;;;1797;439;3;
496;6;2331;L;7;0;;;1796;21;3;
496;6;2301;L;7;0;;;1767;1467;3;
496;6;2323;L;7;0;;;1767;841;3;
496;6;2327;L;7;0;;;1767;438;3;
496;6;2315;L;7;0;;;1767;437;3;
496;6;2307;L;7;0;;;1767;289;3;
496;6;2198;L;7;0;;;165;1919;3;
496;6;2192;L;7;0;;;1472;1903;3;
496;6;1790;L;1;4;;1472;790;118;3;
496;6;2194;L;7;0;;;977;1919;3;
496;6;2561;L;1;3;;977;1472;293;3;
496;6;2537;L;1;3;;2127;1472;787;3;
496;6;472;L;1;4;;75;783;1293;3;
496;6;2178;L;7;0;;;784;1919;3;
496;6;2565;L;1;3;;784;1420;1472;3;
496;6;2568;L;1;3;;2128;1420;1472;3;
496;6;466;L;1;4;;786;593;783;3;
496;6;1467;L;1;4;;1213;1272;1211;3;
496;6;1671;L;1;4;;1451;1450;1213;3;
496;6;1674;L;1;4;;1272;1450;1035;3;
496;6;8801;L;1;4;;7392;14528;15264;8477;
496;6;7474;L;1;4;;15368;7458;970;8477;
496;6;7313;L;1;4;;7478;7454;7477;8477;
496;6;1946;L;1;4;;1520;1519;24;3;
496;6;1942;L;1;4;;1519;15;1520;3;
496;6;1698;L;1;4;;1456;1457;1458;3;
496;6;1823;L;1;4;;1293;1484;75;3;
496;6;1751;L;1;4;;1468;741;118;3;
496;6;1879;L;1;4;;1505;1503;1506;3;
496;6;1684;L;1;4;;1454;1453;1455;3;
496;6;2428;L;7;0;;;765;1420;3;
496;6;958;L;1;3;;765;1004;759;3;
496;6;2436;L;7;0;;;2072;1420;3;
496;6;2434;L;7;0;;;2070;1420;3;
496;6;954;L;1;3;;1004;966;765;3;
496;6;2672;L;1;4;;14260;966;971;3;
496;6;2867;L;1;4;;15300;15276;982;3;
496;6;2626;L;1;4;;2166;2160;2167;3;
496;6;545;L;1;4;;567;645;67;3;
496;6;372;L;1;4;;609;567;67;3;
496;6;9017;L;1;1;S55;14741;14716;14719;8477;
496;6;2329;L;7;0;;;438;1767;3;
496;6;1262;L;1;4;;438;287;289;3;
496;6;2711;L;1;4;;14322;15356;981;3;
496;6;2037;L;1;4;;1552;1024;1549;3;
496;6;1182;L;1;4;;205;171;1211;3;
496;6;3077;L;1;4;;15468;15469;15470;3;
496;6;1702;L;1;4;;1459;1458;171;3;
496;6;1270;L;1;4;;1211;205;15027;3;
496;6;6693;L;1;4;;7267;7384;7266;8477;
496;6;6684;L;1;4;;7298;970;7282;8477;
496;6;1352;L;1;4;;369;1235;366;3;
496;6;1346;L;1;4;;1233;1234;14674;3;
496;6;1349;L;1;4;;365;14674;1235;3;
496;6;8697;L;1;4;;14538;15169;14540;8477;
496;6;1394;L;1;3;S114;1251;8029;1255;3;
496;6;2883;L;1;3;;15099;1158;15098;3;
496;6;1933;L;1;4;;1518;1517;23;3;
496;6;557;L;1;4;;674;567;673;3;
496;6;1659;L;1;4;;1444;14269;1446;3;
496;6;2088;L;1;4;;1250;1028;1246;3;
496;6;2490;L;1;4;;2094;2093;14286;3;
496;6;8669;L;1;4;;7393;14528;14529;8477;
496;6;8663;L;1;4;;14515;400;14441;8477;
496;6;8666;L;1;4;;14527;14441;14528;8477;
496;6;8905;L;1;4;;15055;14506;14500;8477;
496;6;8898;L;7;0;;;7239;14753;8477;
496;6;7565;L;7;0;;;7239;14787;8477;
496;6;7589;L;7;0;;;7973;14785;8477;
496;6;6719;L;1;3;;7333;7326;7331;8477;
496;6;9047;L;1;4;;15472;7431;7467;8477;
496;6;7517;L;7;0;;;7915;14787;8477;
496;6;7717;L;7;0;;;14311;14785;8477;
496;6;7741;L;7;0;;;14311;14483;8477;
496;6;7739;L;7;0;;;14311;14589;8477;
496;6;7753;L;7;0;;;14311;14596;8477;
496;6;7755;L;7;0;;;14311;14496;8477;
496;6;7773;L;7;0;;;14311;14612;8477;
496;6;7765;L;7;0;;;14311;14497;8477;
496;6;7699;L;1;1;;14311;7235;14716;8477;
496;6;7737;L;7;0;;;14574;14483;8477;
496;6;7749;L;7;0;;;14572;14483;8477;
496;6;7751;L;7;0;;;14572;14596;8477;
496;6;7761;L;7;0;;;14572;14496;8477;
496;6;7771;L;7;0;;;14572;14497;8477;
496;6;6263;L;7;0;;;14753;7727;8477;
496;6;9036;L;7;0;;;14753;14725;8477;
496;6;9032;L;7;0;;;14753;7310;8477;
496;6;7647;L;7;0;;;14753;7235;8477;
496;6;9038;L;1;4;;15471;15301;7484;8477;
496;6;6261;L;7;0;;;14787;7727;8477;
496;6;6301;L;7;0;;;14787;7784;8477;
496;6;7561;L;7;0;;;14787;7945;8477;
496;6;6259;L;7;0;;;14787;7730;8477;
496;6;6335;L;7;0;;;14787;7809;8477;
496;6;7529;L;7;0;;;14787;7922;8477;
496;6;7591;L;7;0;;;14787;7973;8477;
496;6;7513;L;7;0;;;14787;7915;8477;
496;6;7727;L;7;0;;;14787;14574;8477;
496;6;7689;L;7;0;;;14787;14828;8477;
496;6;7489;L;7;0;;;14787;14827;8477;
496;6;6257;L;7;0;;;14787;14829;8477;
496;6;7687;L;7;0;;;14787;8042;8477;
496;6;7627;L;7;0;;;14787;7237;8477;
496;6;6365;L;7;0;;;14787;7838;8477;
496;6;6363;L;7;0;;;14787;7829;8477;
496;6;6361;L;7;0;;;14787;7834;8477;
496;6;6351;L;7;0;;;14787;7827;8477;
496;6;7611;L;7;0;;;14787;7990;8477;
496;6;7599;L;7;0;;;14787;7303;8477;
496;6;6293;L;7;0;;;14787;7770;8477;
496;6;7573;L;7;0;;;14787;7240;8477;
496;6;7549;L;7;0;;;14787;7937;8477;
496;6;7495;L;7;0;;;14787;7207;8477;
496;6;7583;L;7;0;;;14787;7959;8477;
496;6;7581;L;7;0;;;14787;7856;8477;
496;6;6395;L;7;0;;;14787;7853;8477;
496;6;7801;L;7;0;;;14787;7855;8477;
496;6;6397;L;7;0;;;14787;7866;8477;
496;6;7579;L;7;0;;;14787;7963;8477;
496;6;6343;L;7;0;;;14787;7598;8477;
496;6;6373;L;7;0;;;14787;7844;8477;
496;6;7671;L;7;0;;;14787;7602;8477;
496;6;7635;L;7;0;;;14787;8004;8477;
496;6;7663;L;7;0;;;14787;7259;8477;
496;6;7623;L;7;0;;;14787;7996;8477;
496;6;7521;L;7;0;;;14787;7919;8477;
496;6;7677;L;7;0;;;14787;8036;8477;
496;6;7509;L;7;0;;;14787;7909;8477;
496;6;7483;L;7;0;;;14787;7244;8477;
496;6;7783;L;7;0;;;14787;7879;8477;
496;6;7486;L;7;0;;;14787;7885;8477;
496;6;7553;L;7;0;;;14787;7310;8477;
496;6;6323;L;7;0;;;14787;7802;8477;
496;6;7643;L;7;0;;;14787;7236;8477;
496;6;6317;L;7;0;;;14787;7600;8477;
496;6;6377;L;7;0;;;14787;7848;8477;
496;6;7649;L;7;0;;;14787;7235;8477;
496;6;7779;L;7;0;;;14871;7885;8477;
496;6;7719;L;7;0;;;14873;7235;8477;
496;6;7511;L;7;0;;;14785;7913;8477;
496;6;7665;L;7;0;;;14785;8029;8477;
496;6;6273;L;7;0;;;14785;7727;8477;
496;6;6299;L;7;0;;;14785;7784;8477;
496;6;7555;L;7;0;;;14785;7945;8477;
496;6;6331;L;7;0;;;14785;7811;8477;
496;6;7523;L;7;0;;;14785;7922;8477;
496;6;7563;L;7;0;;;14785;7239;8477;
496;6;7723;L;7;0;;;14785;14311;8477;
496;6;7725;L;7;0;;;14785;14574;8477;
496;6;6291;L;7;0;;;14785;14887;8477;
496;6;6399;L;7;0;;;14785;14890;8477;
496;6;7484;L;7;0;;;14785;14891;8477;
496;6;6271;L;7;0;;;14785;14829;8477;
496;6;8886;L;7;0;;;14785;14725;8477;
496;6;7681;L;7;0;;;14785;8042;8477;
496;6;6349;L;7;0;;;14785;7210;8477;
496;6;7585;L;7;0;;;14785;7970;8477;
496;6;7593;L;7;0;;;14785;7303;8477;
496;6;7729;L;7;0;;;14785;14482;8477;
496;6;6285;L;7;0;;;14785;7770;8477;
496;6;6289;L;7;0;;;14785;7774;8477;
496;6;6287;L;7;0;;;14785;7771;8477;
496;6;7567;L;7;0;;;14785;7240;8477;
496;6;6309;L;7;0;;;14785;7793;8477;
496;6;7543;L;7;0;;;14785;7937;8477;
496;6;7491;L;7;0;;;14785;7207;8477;
496;6;6387;L;7;0;;;14785;7856;8477;
496;6;6389;L;7;0;;;14785;7858;8477;
496;6;7795;L;7;0;;;14785;7853;8477;
496;6;6339;L;7;0;;;14785;7598;8477;
496;6;7803;L;7;0;;;14785;8004;8477;
496;6;7659;L;7;0;;;14785;7259;8477;
496;6;7789;L;7;0;;;14785;14412;8477;
496;6;7617;L;7;0;;;14785;7996;8477;
496;6;7675;L;7;0;;;14785;8036;8477;
496;6;7601;L;7;0;;;14785;1035;8477;
496;6;7503;L;7;0;;;14785;7907;8477;
496;6;7695;L;7;0;;;14785;7244;8477;
496;6;7477;L;7;0;;;14785;7879;8477;
496;6;7787;L;7;0;;;14785;7885;8477;
496;6;7613;L;7;0;;;14785;7993;8477;
496;6;6325;L;7;0;;;14785;7802;8477;
496;6;7637;L;7;0;;;14785;7236;8477;
496;6;6315;L;7;0;;;14785;7600;8477;
496;6;6369;L;7;0;;;14785;7246;8477;
496;6;6379;L;7;0;;;14785;7848;8477;
496;6;7645;L;7;0;;;14785;7235;8477;
496;6;7721;L;7;0;;;14928;14574;8477;
496;6;6251;L;7;0;;;14829;14785;8477;
496;6;6239;L;7;0;;;14931;7730;8477;
496;6;6275;L;7;0;;;14799;7730;8477;
496;6;6267;L;7;0;;;14934;7730;8477;
496;6;6269;L;7;0;;;14792;7727;8477;
496;6;6277;L;7;0;;;14801;7730;8477;
496;6;6237;L;7;0;;;14803;7730;8477;
496;6;8519;L;1;4;;14938;14753;14465;8477;
496;6;8896;L;7;0;;;14725;14753;8477;
496;6;7713;L;7;0;;;14725;14567;8477;
496;6;7709;L;7;0;;;14725;14565;8477;
496;6;8882;L;7;0;;;14725;7310;8477;
496;6;9034;L;7;0;;;14725;15146;8477;
496;6;8884;L;7;0;;;14725;15128;8477;
496;6;7706;L;1;1;;14725;14752;14753;8477;
496;6;8888;L;7;0;;;15139;7310;8477;
496;6;8900;L;7;0;;;15139;15146;8477;
496;6;6983;L;1;4;;7434;7433;7444;8477;
496;6;6980;L;1;4;;7482;7434;7480;8477;
496;6;2493;L;1;4;;535;33;7520;3;
496;6;7462;L;1;4;;7327;7680;14276;8477;
496;6;1373;L;1;4;;1234;15;1233;3;
496;6;2297;L;7;0;;;1151;1903;3;
496;6;912;L;1;3;;1151;1189;172;3;
496;6;921;L;1;4;;156;939;966;3;
496;6;917;L;1;4;;155;172;939;3;
496;6;7447;L;1;4;;7605;7333;7331;8477;
496;6;8928;L;1;4;X501;14518;14516;7409;8477;
496;6;7685;L;7;0;;;14367;14785;8477;
496;6;7176;L;1;4;X514;14367;14366;15176;8477;
496;6;2909;L;1;4;;15104;15357;15340;3;
496;6;2133;L;1;4;;981;2156;982;3;
496;6;2610;L;1;4;;2157;2158;2156;3;
496;6;1297;L;1;4;;1218;36;1206;3;
496;6;6307;L;7;0;;;7789;14787;8477;
496;6;7625;L;7;0;;;7237;14785;8477;
496;6;7194;L;1;4;;7604;7313;14739;8477;
496;6;3026;L;1;1;S2;15270;14767;1411;3;
496;6;7390;L;1;4;;15287;7915;7672;8477;
496;6;2299;L;7;0;;;117;1765;3;
496;6;721;L;1;4;;117;753;118;3;
496;6;3052;L;1;1;G107;15413;14739;320;3;
496;6;2979;L;1;1;S3;15417;14716;14674;3;
496;6;1745;L;1;4;;1466;1465;740;3;
496;6;220;L;1;3;;264;31;1137;3;
496;6;64;L;1;1;;488;1420;1336;3;
496;6;229;L;1;3;;32;400;14739;3;
496;6;2473;L;1;4;;2090;32;1533;3;
496;6;223;L;1;3;;31;14739;43;3;
496;6;195;L;1;3;;27;966;1476;3;
496;6;205;L;1;3;;295;376;386;3;
496;6;3125;L;1;3;;2139;1510;15473;3;
496;6;772;L;1;4;;619;819;824;3;
496;6;8599;L;1;4;;15250;14277;389;8477;
496;6;1826;L;1;4;;1486;75;1487;3;
496;6;6347;L;7;0;;;7210;14787;8477;
496;6;6357;L;7;0;;;7210;14785;8477;
496;6;6355;L;7;0;;;7829;14785;8477;
496;6;6353;L;7;0;;;7827;14785;8477;
496;6;8751;L;1;4;;14533;7391;15364;8477;
496;6;8963;L;1;3;S267;15281;7418;15280;8477;
496;6;7094;L;1;4;;7570;7303;7990;8477;
496;6;8857;L;1;4;;7269;15365;7288;8477;
496;6;6502;L;1;4;;14303;7959;7303;8477;
496;6;8756;L;1;4;;14546;15364;473;8477;
496;6;6606;L;1;4;;7356;14433;7357;8477;
496;6;6602;L;1;4;;15252;7330;7356;8477;
496;6;7587;L;7;0;;;7970;14787;8477;
496;6;6598;L;1;4;;7970;14303;7330;8477;
496;6;8689;L;1;4;;15169;14503;473;8477;
496;6;7609;L;7;0;;;7990;14785;8477;
496;6;8966;L;1;3;S113;7990;7320;14753;8477;
496;6;6533;L;1;4;;7319;7317;14303;8477;
496;6;6817;L;1;4;;7303;7270;14303;8477;
496;6;963;L;1;3;;972;765;794;3;
496;6;1224;L;1;4;;415;36;1463;3;
496;6;1216;L;1;4;;631;732;80;3;
496;6;769;L;1;4;;819;817;818;3;
496;6;1220;L;1;4;;617;80;36;3;
496;6;2257;L;7;0;;;14766;1722;3;
496;6;2927;L;7;0;;;14766;1730;3;
496;6;2854;L;1;4;;15369;14773;14278;3;
496;6;2929;L;7;0;;;15150;1730;3;
496;6;1927;L;1;4;;1515;267;1516;3;
496;6;1969;L;1;4;;15184;15370;504;3;
496;6;1815;L;1;4;;1187;784;1482;3;
496;6;8860;L;1;4;;14414;14426;7639;8477;
496;6;2108;L;1;4;;14254;14716;1022;3;
496;6;514;L;1;4;;82;623;83;3;
496;6;1199;L;1;4;;1170;1171;620;3;
496;6;510;L;1;4;;81;620;623;3;
496;6;7266;L;1;4;;7644;7643;7648;8477;
496;6;1687;L;1;4;;1455;1454;1456;3;
496;6;994;L;1;4;;171;995;15372;3;
496;6;2232;L;7;0;;;214;1919;3;
496;6;2226;L;7;0;;;441;1903;3;
496;6;2548;L;1;3;;441;43;1135;3;
496;6;2050;L;1;4;;1544;1542;1553;3;
496;6;2047;L;1;4;;1545;1542;1546;3;
496;6;2056;L;1;4;;1550;1548;1553;3;
496;6;2044;L;1;4;;1543;1542;1546;3;
496;6;2053;L;1;4;;1549;1548;1553;3;
496;6;8737;L;1;4;;7426;14548;14374;8477;
496;6;6281;L;7;0;;;7770;14787;8477;
496;6;6295;L;7;0;;;7770;14785;8477;
496;6;6283;L;7;0;;;7774;14787;8477;
496;6;6279;L;7;0;;;7771;14787;8477;
496;6;7396;L;1;4;;7440;7300;7284;8477;
496;6;855;L;1;4;;380;295;892;3;
496;6;1045;L;1;4;;180;1037;181;3;
496;6;989;L;1;4;;995;14276;171;3;
496;6;1039;L;1;4;;179;995;1037;3;
496;6;9024;L;7;0;;;7240;14787;8477;
496;6;7571;L;7;0;;;7240;14785;8477;
496;6;1654;L;1;4;;1038;1213;205;3;
496;6;7747;L;7;0;;;14483;14311;8477;
496;6;7733;L;7;0;;;14483;14574;8477;
496;6;7745;L;7;0;;;14483;14572;8477;
496;6;7731;L;7;0;;;14589;14311;8477;
496;6;7735;L;7;0;;;14589;14574;8477;
496;6;7743;L;7;0;;;14596;14311;8477;
496;6;7253;L;1;4;;7559;7586;7476;8477;
496;6;7250;L;1;4;;7586;7274;7559;8477;
496;6;8830;L;1;4;;7329;7484;7973;8477;
496;6;2833;L;1;4;;1183;67;673;3;
496;6;1930;L;1;4;;1517;1516;1518;3;
496;6;1936;L;1;4;;1516;23;1517;3;
496;6;2650;L;1;4;;2174;15308;2170;3;
496;6;2654;L;1;4;;2180;2174;2164;3;
496;6;863;L;1;4;;887;893;896;3;
496;6;1327;L;1;4;;297;893;896;3;
496;6;1695;L;1;4;;1457;1292;1456;3;
496;6;1681;L;1;4;;1453;995;1454;3;
496;6;7456;L;1;4;;14285;7608;14276;8477;
496;6;2105;L;1;4;;555;553;64;3;
496;6;2248;L;7;0;;;400;1919;3;
496;6;6809;L;1;2;G324;400;473;14362;8477;
496;6;3098;L;1;3;;400;1741;61;3;
496;6;2238;L;7;0;;;439;1919;3;
496;6;2520;L;1;4;;1521;1519;14739;3;
496;6;1523;L;1;4;;1037;1213;205;3;
496;6;2487;L;1;4;;2093;14286;2094;3;
496;6;1365;L;1;4;;1238;24;488;3;
496;6;1950;L;1;3;;357;24;55;3;
496;6;1489;L;1;4;;1277;12;844;3;
496;6;7545;L;7;0;;;7937;14787;8477;
496;6;7547;L;7;0;;;7937;14785;8477;
496;6;106;L;1;3;;896;296;14;3;
496;6;2388;L;7;0;;;14;304;3;
496;6;2394;L;7;0;;;14;1800;3;
496;6;2396;L;7;0;;;14;1802;3;
496;6;113;L;1;3;;14;14767;270;3;
496;6;2285;L;7;0;;;645;1903;3;
496;6;2289;L;7;0;;;645;1919;3;
496;6;1318;L;1;4;;539;7520;1223;3;
496;6;1323;L;1;4;;1225;15061;1025;3;
496;6;1734;L;1;4;;637;639;818;3;
496;6;1362;L;1;4;;308;15;24;3;
496;6;6435;L;1;3;S269;7610;7594;15051;8477;
496;6;2976;L;1;4;;15217;15216;15218;3;
496;6;1631;L;1;4;;15396;1163;1244;3;
496;6;1628;L;1;4;;961;1163;1244;3;
496;6;453;L;1;4;;644;619;584;3;
496;6;446;L;1;4;;822;615;619;3;
496;6;8568;L;1;4;;7647;7564;7644;8477;
496;6;7243;L;1;4;;7564;7316;7648;8477;
496;6;7470;L;1;4;;15062;7564;15034;8477;
496;6;2093;L;1;3;;1557;1548;1558;3;
496;6;7497;L;7;0;;;7207;14787;8477;
496;6;7493;L;7;0;;;7207;14785;8477;
496;6;2991;L;1;4;;286;824;838;3;
496;6;7575;L;7;0;;;7959;14787;8477;
496;6;6479;L;1;4;;7959;7269;14753;8477;
496;6;6457;L;1;4;;7274;7473;15188;8477;
496;6;6471;L;1;4;;7284;7282;7287;8477;
496;6;6385;L;7;0;;;7856;14787;8477;
496;6;6393;L;7;0;;;7856;14785;8477;
496;6;6391;L;7;0;;;7860;14785;8477;
496;6;6476;L;1;4;;7288;7287;7269;8477;
496;6;6460;L;1;4;;7277;15188;7278;8477;
496;6;6463;L;1;4;;7279;7278;7578;8477;
496;6;6467;L;1;4;;7282;7578;7354;8477;
496;6;7791;L;7;0;;;7853;14871;8477;
496;6;7797;L;7;0;;;7853;14785;8477;
496;6;8932;L;1;4;;7853;14753;7272;8477;
496;6;6383;L;7;0;;;7855;14787;8477;
496;6;7799;L;7;0;;;7855;14785;8477;
496;6;7793;L;7;0;;;7866;14787;8477;
496;6;6454;L;1;4;;7272;7853;7473;8477;
496;6;1449;L;1;4;;857;177;1223;3;
496;6;1764;L;1;4;;290;12;21;3;
496;6;1771;L;1;4;;1470;290;1469;3;
496;6;1767;L;1;4;;1469;12;21;3;
496;6;8650;L;1;4;;14525;7619;7386;8477;
496;6;2099;L;1;4;;1559;321;15181;3;
496;6;981;L;1;4;;168;982;987;3;
496;6;766;L;1;4;;125;815;817;3;
496;6;756;L;1;4;;123;807;1002;3;
496;6;761;L;1;4;;1002;926;719;3;
496;6;1705;L;1;4;;812;1002;1460;3;
496;6;1179;L;1;4;;925;152;1002;3;
496;6;2096;L;1;4;;321;18;1559;3;
496;6;6888;L;1;4;;7447;7277;7454;8477;
496;6;2172;L;7;0;;;813;1903;3;
496;6;2166;L;7;0;;;813;1919;3;
496;6;2577;L;1;3;;813;1002;759;3;
496;6;6885;L;1;4;;7278;7296;7277;8477;
496;6;6891;L;1;4;;14415;7454;7431;8477;
496;6;907;L;1;4;;978;155;931;3;
496;6;1895;L;1;4;;1509;15196;893;3;
496;6;838;L;1;4;;596;786;874;3;
496;6;383;L;1;4;;61;824;33;3;
496;6;3089;L;1;4;;15477;15488;15190;3;
496;6;7359;L;1;4;;7566;7297;7441;8477;
496;6;7350;L;1;4;;7579;14444;7297;8477;
496;6;2790;L;7;0;;;16;316;3;
496;6;2761;L;7;0;;;15291;982;3;
496;6;2138;L;7;0;;;15291;1720;3;
496;6;2142;L;7;0;;;15291;1585;3;
496;6;1541;L;1;4;;15291;15276;14716;3;
496;6;2767;L;7;0;;;15456;1730;3;
496;6;1914;L;1;4;;895;295;891;3;
496;6;7757;L;7;0;;;14496;14311;8477;
496;6;7759;L;7;0;;;14496;14572;8477;
496;6;7767;L;7;0;;;14607;14311;8477;
496;6;7276;L;1;4;;7650;7643;7324;8477;
496;6;1721;L;1;4;;1206;282;415;3;
496;6;2784;L;1;4;;632;732;83;3;
496;6;8761;L;1;4;;15264;7392;14514;8477;
496;6;9004;L;1;4;;15392;7391;7392;8477;
496;6;1618;L;1;4;;985;1436;168;3;
496;6;1615;L;1;4;;1435;14692;1436;3;
496;6;8588;L;1;4;;14494;7331;14461;8477;
496;6;2870;L;1;3;;370;14674;15095;3;
496;6;2874;L;1;4;;15096;15095;15098;3;
496;6;2657;L;1;4;;15397;15308;2183;3;
496;6;627;L;1;4;;101;703;10;3;
496;6;622;L;1;4;;621;698;1194;3;
496;6;2829;L;1;4;;1194;566;703;3;
496;6;2891;L;1;4;;15097;369;2081;3;
496;6;6333;L;7;0;;;7598;14787;8477;
496;6;6345;L;7;0;;;7598;14785;8477;
496;6;2879;L;1;4;;15098;15099;558;3;
496;6;2463;L;1;3;;1158;504;558;3;
496;6;2753;L;7;0;;;304;14345;3;
496;6;2386;L;7;0;;;304;14;3;
496;6;2441;L;7;0;;;304;1800;3;
496;6;2382;L;7;0;;;304;893;3;
496;6;3021;L;7;0;;;304;15382;3;
496;6;3019;L;7;0;;;304;15103;3;
496;6;2364;L;7;0;;;304;1833;3;
496;6;2350;L;7;0;;;304;1809;3;
496;6;2374;L;7;0;;;304;1244;3;
496;6;2392;L;7;0;;;304;23;3;
496;6;2400;L;7;0;;;304;1856;3;
496;6;1188;L;1;1;;304;1161;23;3;
496;6;2969;L;1;3;;304;23;15377;3;
496;6;2390;L;7;0;;;1800;14;3;
496;6;2352;L;7;0;;;1800;1802;3;
496;6;2360;L;7;0;;;1800;1163;3;
496;6;2362;L;7;0;;;1800;2106;3;
496;6;2348;L;7;0;;;1800;1809;3;
496;6;2749;L;7;0;;;1800;2035;3;
496;6;2356;L;7;0;;;1800;1815;3;
496;6;3058;L;7;0;;;15446;15382;3;
496;6;2398;L;7;0;;;1802;14;3;
496;6;2358;L;7;0;;;1802;1800;3;
496;6;2342;L;7;0;;;1802;1418;3;
496;6;2344;L;7;0;;;1802;2132;3;
496;6;2372;L;7;0;;;1802;1163;3;
496;6;2376;L;7;0;;;1802;1833;3;
496;6;2751;L;7;0;;;1802;14342;3;
496;6;2384;L;7;0;;;1844;304;3;
496;6;2459;L;1;4;;2087;2086;15098;3;
496;6;2025;L;1;4;;1542;1543;1544;3;
496;6;2033;L;1;4;;1548;1549;336;3;
496;6;2029;L;1;4;;1546;1543;1547;3;
496;6;3126;L;1;4;;1553;1549;15378;3;
496;6;7279;L;1;4;;7651;7574;7643;8477;
496;6;7069;L;1;4;;15365;7300;7269;8477;
496;6;6489;L;1;4;X518;7294;7208;7578;8477;
496;6;7337;L;1;4;;7590;7578;7579;8477;
496;6;7246;L;1;4;;7461;7476;7645;8477;
496;6;6938;L;1;4;;7464;14445;14446;8477;
496;6;2692;L;1;4;;931;978;926;3;
496;6;7669;L;7;0;;;7602;14785;8477;
496;6;7631;L;7;0;;;8004;14787;8477;
496;6;7633;L;7;0;;;8004;14785;8477;
496;6;7657;L;7;0;;;7259;14787;8477;
496;6;7661;L;7;0;;;7259;14785;8477;
496;6;8992;L;1;4;X516;15324;15053;15323;8477;
496;6;6828;L;1;4;;7357;7326;7356;8477;
496;6;424;L;1;4;;66;673;10;3;
496;6;549;L;1;4;;646;567;652;3;
496;6;2992;L;1;4;;285;824;838;3;
496;6;6977;L;1;4;;7480;7432;7482;8477;
496;6;7619;L;7;0;;;7996;14787;8477;
496;6;7621;L;7;0;;;7996;14785;8477;
496;6;8530;L;1;4;;15367;7990;7237;8477;
496;6;1853;L;1;4;;453;386;264;3;
496;6;7775;L;7;0;;;14612;14311;8477;
496;6;884;L;1;4;;890;987;896;3;
496;6;1869;L;1;4;;1499;384;1502;3;
496;6;1332;L;1;4;;385;295;1227;3;
496;6;1856;L;1;4;;1227;384;15379;3;
496;6;1866;L;1;4;;1501;1227;1216;3;
496;6;1863;L;1;4;;1216;1498;1499;3;
496;6;1860;L;1;4;;1216;384;1496;3;
496;6;2380;L;7;0;;;893;1800;3;
496;6;748;L;1;4;;893;295;15380;3;
496;6;7519;L;7;0;;;7919;14785;8477;
496;6;6656;L;1;4;;7354;7458;7378;8477;
496;6;6653;L;1;4;;7375;7376;7458;8477;
496;6;1761;L;1;4;;426;874;12;3;
496;6;377;L;1;4;;527;10;61;3;
496;6;2287;L;7;0;;;667;1919;3;
496;6;2534;L;1;3;;667;645;230;3;
496;6;7673;L;7;0;;;8036;14787;8477;
496;6;7679;L;7;0;;;8036;14785;8477;
496;6;437;L;1;4;;68;673;1194;3;
496;6;2699;L;1;4;;14319;383;384;3;
496;6;7160;L;1;3;;7622;7621;7623;8477;
496;6;7603;L;7;0;;;1035;14787;8477;
496;6;7605;L;7;0;;;1035;14785;8477;
496;6;7607;L;7;0;;;7988;14787;8477;
496;6;2676;L;1;4;;14270;1035;1444;3;
496;6;1668;L;1;4;;1450;1449;1451;3;
496;6;1662;L;1;4;;1446;1444;1449;3;
496;6;1665;L;1;4;;1449;7316;15353;3;
496;6;7163;L;1;3;S362;7525;7623;7406;8477;
496;6;7711;L;7;0;;;14567;14455;8477;
496;6;7715;L;7;0;;;14565;14455;8477;
496;6;280;L;1;3;;43;1279;31;3;
496;6;2510;L;1;4;;2099;849;214;3;
496;6;1975;L;1;4;;442;439;31;3;
496;6;2507;L;1;4;;849;397;442;3;
496;6;6862;L;1;4;;7377;7439;7373;8477;
496;6;6866;L;1;4;;7373;7285;7440;8477;
496;6;6859;L;1;4;;7438;7578;7439;8477;
496;6;2188;L;7;0;;;1473;1919;3;
496;6;1793;L;1;4;;1473;1420;790;3;
496;6;2340;L;7;0;;;1418;1800;3;
496;6;2336;L;7;0;;;1418;1802;3;
496;6;1644;L;1;4;;1418;15382;1162;3;
496;6;2338;L;7;0;;;2132;1800;3;
496;6;2906;L;1;4;;15103;1161;15104;3;
496;6;7215;L;1;4;;14426;7210;14414;8477;
496;6;7206;L;1;4;;14429;7245;7633;8477;
496;6;7209;L;1;4;;14420;7245;7210;8477;
496;6;7505;L;7;0;;;7909;14787;8477;
496;6;7507;L;7;0;;;7907;14787;8477;
496;6;1305;L;1;4;;891;893;15383;3;
496;6;1358;L;1;4;;363;25;488;3;
496;6;7307;L;1;4;;15343;7279;7447;8477;
496;6;2214;L;7;0;;;294;1903;3;
496;6;1820;L;1;4;;875;1484;140;3;
496;6;1832;L;1;4;;1489;1488;1486;3;
496;6;1835;L;1;4;;1487;1486;1490;3;
496;6;6825;L;1;4;;7335;7356;7334;8477;
496;6;1907;L;1;4;;1510;1509;295;3;
496;6;2960;L;1;4;;15197;1510;15196;3;
496;6;4;L;2;1;;1420;;;3;
496;6;2265;L;7;0;;;1420;10;3;
496;6;3023;L;7;0;;;1420;683;3;
496;6;2281;L;7;0;;;1420;1751;3;
496;6;2430;L;7;0;;;1420;971;3;
496;6;2305;L;7;0;;;1903;118;3;
496;6;2158;L;7;0;;;1903;152;3;
496;6;2269;L;7;0;;;1903;10;3;
496;6;2200;L;7;0;;;1903;165;3;
496;6;2196;L;7;0;;;1903;977;3;
496;6;2180;L;7;0;;;1903;784;3;
496;6;2176;L;7;0;;;1903;223;3;
496;6;2250;L;7;0;;;1903;1699;3;
496;6;2216;L;7;0;;;1903;21;3;
496;6;2236;L;7;0;;;1903;439;3;
496;6;2162;L;7;0;;;1903;1002;3;
496;6;2168;L;7;0;;;1903;813;3;
496;6;2234;L;7;0;;;1903;43;3;
496;6;2293;L;7;0;;;1903;683;3;
496;6;3123;L;7;0;;;1903;1714;3;
496;6;3121;L;7;0;;;1903;1135;3;
496;6;2208;L;7;0;;;1903;879;3;
496;6;3117;L;7;0;;;1903;879;3;
496;6;2275;L;7;0;;;1919;233;3;
496;6;2204;L;7;0;;;1919;140;3;
496;6;2190;L;7;0;;;1919;1472;3;
496;6;2295;L;7;0;;;1919;1151;3;
496;6;2228;L;7;0;;;1919;441;3;
496;6;2240;L;7;0;;;1919;61;3;
496;6;2186;L;7;0;;;1919;1473;3;
496;6;2160;L;7;0;;;1919;923;3;
496;6;2252;L;7;0;;;1919;1697;3;
496;6;2164;L;7;0;;;1919;970;3;
496;6;2220;L;7;0;;;1919;1643;3;
496;6;2244;L;7;0;;;1919;520;3;
496;6;3119;L;7;0;;;1919;879;3;
496;6;2283;L;7;0;;;1919;181;3;
496;6;2271;L;7;0;;;1741;1919;3;
496;6;3095;L;1;3;;1741;233;400;3;
496;6;1737;L;1;4;;640;639;85;3;
496;6;6567;L;1;4;;7339;7336;7970;8477;
496;6;6563;L;1;4;;7336;7337;7339;8477;
496;6;9006;L;1;4;;15316;15365;7288;8477;
496;6;6778;L;1;4;;14417;7288;7417;8477;
496;6;6650;L;1;4;;7215;7604;7237;8477;
496;6;8946;L;1;4;;15200;15199;7639;8477;
496;6;2254;L;1;4;;817;104;762;3;
496;6;1231;L;1;4;;921;152;104;3;
496;6;6537;L;1;4;;7321;14303;15192;8477;
496;6;8571;L;1;4;;14489;7321;14461;8477;
496;6;8788;L;1;4;;14508;21;7487;8477;
496;6;1476;L;1;4;;927;155;978;3;
496;6;2156;L;7;0;;;923;1903;3;
496;6;2154;L;7;0;;;923;1919;3;
496;6;2526;L;1;3;;923;1151;813;3;
496;6;6919;L;1;4;;7457;7374;14303;8477;
496;6;7409;L;1;4;;7674;7417;14303;8477;
496;6;925;L;1;4;;966;123;14767;3;
496;6;7693;L;7;0;;;7244;14787;8477;
496;6;7481;L;7;0;;;7244;14785;8477;
496;6;7691;L;7;0;;;7879;14787;8477;
496;6;7781;L;7;0;;;7879;14992;8477;
496;6;7785;L;7;0;;;7885;14787;8477;
496;6;7479;L;7;0;;;7885;14785;8477;
496;6;1882;L;1;4;;1506;1505;1507;3;
496;6;1986;L;1;4;;1531;783;784;3;
496;6;2202;L;7;0;;;1705;1903;3;
496;6;1335;L;1;4;;293;879;21;3;
496;6;1399;L;1;3;S114;325;15395;520;3;
496;6;2378;L;7;0;;;1164;304;3;
496;6;3127;L;1;4;;1164;1163;304;3;
496;6;3056;L;7;0;;;15448;304;3;
496;6;1266;L;1;4;;526;415;61;3;
496;6;364;L;1;4;;512;673;561;3;
496;6;8748;L;1;4;;516;14529;14555;8477;
496;6;596;L;1;4;;516;645;609;3;
496;6;1452;L;1;4;;892;893;380;3;
496;6;2635;L;1;4;;2168;2161;14278;3;
496;6;7577;L;7;0;;;7591;14785;8477;
496;6;7416;L;1;4;;7591;1565;14433;8477;
496;6;6847;L;1;4;;7436;7435;7374;8477;
496;6;6844;L;1;4;;7378;7354;7435;8477;
496;6;6869;L;1;4;;7441;7282;7351;8477;
496;6;6872;L;1;4;;7352;7351;7433;8477;
496;6;1998;L;1;4;;15087;1533;1186;3;
496;6;1708;L;1;4;;1460;812;970;3;
496;6;2523;L;1;4;;2100;639;818;3;
496;6;6973;L;1;4;X506;7383;7313;7432;8477;
496;6;7291;L;1;4;;7653;7652;7478;8477;
496;6;7294;L;1;4;;7654;7478;7313;8477;
496;6;7595;L;7;0;;;14461;14787;8477;
496;6;7597;L;7;0;;;14461;14785;8477;
496;6;7081;L;1;4;;14461;14303;7429;8477;
496;6;7288;L;1;4;;7652;7453;7653;8477;
496;6;2614;L;1;4;;2158;2157;643;3;
496;6;2617;L;1;4;;2160;643;2161;3;
496;6;8741;L;1;4;;14528;14374;7393;8477;
496;6;7304;L;1;4;;7582;7656;7578;8477;
496;6;1799;L;1;4;;1475;1474;295;3;
496;6;2242;L;7;0;;;282;1903;3;
496;6;635;L;1;4;;683;1195;282;3;
496;6;3103;L;1;3;;230;1189;667;3;
496;6;1244;L;1;4;;2023;1188;159;3;
496;6;1390;L;1;4;;14235;15075;14727;3;
496;6;1384;L;1;4;;1246;18;15075;3;
496;6;7615;L;7;0;;;7993;14787;8477;
496;6;9030;L;7;0;;;7310;14753;8477;
496;6;8880;L;7;0;;;7310;14787;8477;
496;6;7551;L;7;0;;;7310;14785;8477;
496;6;9026;L;7;0;;;7310;14725;8477;
496;6;8894;L;7;0;;;7310;15139;8477;
496;6;8890;L;7;0;;;7310;15133;8477;
496;6;9028;L;7;0;;;15437;14725;8477;
496;6;8902;L;7;0;;;15146;15139;8477;
496;6;234;L;1;4;;33;61;7520;3;
496;6;309;L;1;3;S115;464;1136;14739;3;
496;6;312;L;1;3;S115;15221;14739;1402;3;
496;6;2120;L;1;4;;15408;15277;14767;3;
496;6;1612;L;1;4;;769;1434;114;3;
496;6;494;L;1;4;;79;612;80;3;
496;6;9056;L;1;4;;7330;7458;7331;8477;
496;6;8526;L;1;4;;15398;7285;15316;8477;
496;6;2066;L;1;3;S267;15279;15179;64;3;
496;6;413;L;1;1;G15;15015;14739;14274;3;
496;6;8874;L;1;1;;15110;7204;14716;8477;
496;6;1018;L;1;1;;15111;14739;7210;3;
496;6;6060;L;1;1;;15111;14716;7210;8477;
496;6;7282;L;1;4;;7643;7650;7609;8477;
496;6;1291;L;1;4;;578;80;822;3;
496;6;6321;L;7;0;;;7802;14787;8477;
496;6;6327;L;7;0;;;7802;14785;8477;
496;6;6359;L;7;0;;;7832;14785;8477;
496;6;589;L;1;4;;93;671;612;3;
496;6;584;L;1;4;;620;667;93;3;
496;6;1312;L;1;4;;1140;1221;1222;3;
496;6;3040;L;1;4;;15325;14286;1222;3;
496;6;2825;L;1;4;;15061;1140;1225;3;
496;6;1640;L;1;4;;366;14674;369;3;
496;6;1625;L;1;4;;986;168;1162;3;
496;6;7443;L;1;4;;7589;7332;14461;8477;
496;6;7440;L;1;4;;7332;7356;7331;8477;
496;6;2949;L;1;4;;15179;15180;18;3;
496;6;1309;L;1;4;;351;15383;23;3;
496;6;2696;L;1;4;;349;896;383;3;
496;6;8943;L;1;4;;7324;7323;15399;8477;
496;6;6850;L;1;4;;7337;7374;7323;8477;
496;6;3072;L;1;4;;457;1137;15494;3;
496;6;1844;L;1;4;;15195;1489;879;3;
496;6;2279;L;7;0;;;2102;1919;3;
496;6;2899;L;1;4;;15100;956;890;3;
496;6;7375;L;1;4;;7592;7563;7269;8477;
496;6;1910;L;1;4;;882;15196;1512;3;
496;6;847;L;1;4;;141;140;295;3;
496;6;1900;L;1;4;;881;1509;882;3;
496;6;7285;L;1;4;;7574;7480;7651;8477;
496;6;6797;L;1;4;X493;15313;14741;7600;8477;
496;6;8969;L;1;4;X493;15284;14369;14741;8477;
496;6;1647;L;1;4;;15345;7261;1439;3;
496;6;6574;L;1;4;;15301;7320;7261;8477;
496;6;8807;L;1;4;;14514;21;15264;8477;
496;6;7639;L;7;0;;;7236;14787;8477;
496;6;9022;L;7;0;;;7236;14785;8477;
496;6;8985;L;1;4;X516;7236;794;15322;8477;
496;6;529;L;1;4;;818;819;642;3;
496;6;2835;L;1;4;;15073;892;896;3;
496;6;1796;L;1;4;;1474;796;1475;3;
496;6;7777;L;7;0;;;14615;14311;8477;
496;6;6313;L;7;0;;;7600;14787;8477;
496;6;6319;L;7;0;;;7600;14785;8477;
496;6;879;L;1;4;;148;896;384;3;
496;6;8700;L;1;4;;14471;14540;473;8477;
496;6;8523;L;1;4;;14471;7351;7433;8477;
496;6;2993;L;1;4;;346;896;384;3;
496;6;1472;L;1;4;;303;14;23;3;
496;6;1423;L;1;3;;1249;1265;1246;3;
496;6;1279;L;1;4;;384;295;267;3;
496;6;889;L;1;4;;299;896;266;3;
496;6;163;L;1;3;;383;344;351;3;
496;6;3085;L;1;4;;15474;15475;15476;3;
496;6;2517;L;1;4;;906;346;148;3;
496;6;323;L;1;3;;497;15350;483;3;
496;6;894;L;1;4;;266;384;488;3;
496;6;7425;L;1;4;;7340;7674;7328;8477;
496;6;7401;L;1;4;;7607;7673;7323;8477;
496;6;1409;L;1;3;;1260;1249;1028;3;
496;6;1464;L;1;4;;719;104;125;3;
496;6;1456;L;1;4;;1271;755;922;3;
496;6;1460;L;1;4;;922;1271;104;3;
496;6;6594;L;1;4;;7353;7352;14417;8477;
496;6;6591;L;1;4;;7351;7283;7352;8477;
496;6;6588;L;1;4;;7350;7578;7283;8477;
496;6;648;L;1;4;;104;719;758;3;
496;6;8865;L;1;4;;14723;14417;7269;8477;
496;6;807;L;1;4;;339;439;847;3;
496;6;7231;L;1;4;;7642;639;15199;8477;
496;6;6840;L;1;4;;7433;7283;7354;8477;
496;6;6837;L;1;4;;7430;7431;7283;8477;
496;6;566;L;1;4;;572;660;68;3;
496;6;562;L;1;4;;660;612;572;3;
496;6;676;L;1;4;;750;639;642;3;
496;6;8685;L;1;4;;7400;14537;14506;8477;
496;6;6669;L;1;4;;7268;7285;7266;8477;
496;6;8677;L;1;4;;14534;14535;7400;8477;
496;6;6856;L;1;4;;7437;15399;7316;8477;
496;6;8745;L;1;4;;14554;7393;14529;8477;
496;6;6897;L;1;4;;7450;15317;7652;8477;
496;6;6900;L;1;4;;7453;7652;7454;8477;
496;6;6903;L;1;4;;7455;7454;7313;8477;
496;6;1922;L;1;4;;267;23;14320;3;
496;6;7318;L;1;4;;7584;7294;7279;8477;
496;6;1166;L;1;4;;200;1138;316;3;
496;6;1979;L;1;4;;1461;1195;99;3;
496;6;2513;L;1;4;;847;15081;339;3;
496;6;1204;L;1;4;;1138;10;200;3;
496;6;6367;L;7;0;;;7246;14787;8477;
496;6;6371;L;7;0;;;7246;14785;8477;
496;6;1609;L;1;4;;1434;159;769;3;
496;6;810;L;1;4;;397;847;1186;3;
496;6;8585;L;1;4;;14465;7331;14493;8477;
496;6;7450;L;1;4;;7679;7331;7589;8477;
496;6;2218;L;7;0;;;386;1919;3;
496;6;294;L;1;4;;386;1420;295;3;
496;6;286;L;1;4;;292;12;21;3;
496;6;289;L;1;4;;45;21;1420;3;
496;6;874;L;1;4;;889;893;896;3;
496;6;802;L;1;4;;287;841;439;3;
496;6;6375;L;7;0;;;7848;14787;8477;
496;6;6381;L;7;0;;;7848;14785;8477;
496;6;1480;L;1;4;;15266;14767;15267;3;
496;6;3014;L;1;4;;15265;15266;15268;3;
496;6;7263;L;1;4;;15034;7313;7646;8477;
496;6;2823;L;1;4;;15185;723;732;3;
496;6;9011;L;1;4;;15335;7296;7294;8477;
496;6;2370;L;7;0;;;1163;1800;3;
496;6;946;L;1;4;;1163;987;15406;3;
496;6;2366;L;7;0;;;1833;1800;3;
496;6;2368;L;7;0;;;1824;304;3;
496;6;940;L;1;4;;987;27;1163;3;
496;6;2259;L;7;0;;;982;1572;3;
496;6;2923;L;7;0;;;982;15021;3;
496;6;2933;L;7;0;;;982;14766;3;
496;6;2935;L;7;0;;;982;14766;3;
496;6;2763;L;7;0;;;982;15291;3;
496;6;2136;L;7;0;;;982;15454;3;
496;6;2769;L;7;0;;;982;15456;3;
496;6;2140;L;7;0;;;982;15452;3;
496;6;2404;L;7;0;;;982;1862;3;
496;6;2146;L;7;0;;;982;1593;3;
496;6;2148;L;7;0;;;982;1859;3;
496;6;973;L;1;1;;982;167;15210;3;
496;6;2937;L;7;0;;;1720;1585;3;
496;6;3062;L;7;0;;;1720;15462;3;
496;6;2919;L;7;0;;;1722;14766;3;
496;6;2931;L;7;0;;;1722;15150;3;
496;6;2771;L;7;0;;;1722;1730;3;
496;6;2144;L;7;0;;;1722;252;3;
496;6;3068;L;7;0;;;1585;15462;3;
496;6;2775;L;7;0;;;1730;1572;3;
496;6;2921;L;7;0;;;1730;14766;3;
496;6;2261;L;7;0;;;1730;1722;3;
496;6;2765;L;7;0;;;1730;14359;3;
496;6;2402;L;7;0;;;1730;252;3;
496;6;2406;L;7;0;;;1730;1864;3;
496;6;8728;L;1;4;;14545;15364;14546;8477;
496;6;7378;L;1;4;;7309;7307;7310;8477;
496;6;8719;L;1;4;;7487;14544;7391;8477;
496;6;8723;L;1;4;;14532;7391;15364;8477;
496;6;1989;L;1;4;;1484;784;875;3;
496;6;8815;L;1;4;;14555;516;14362;8477;
496;6;8812;L;1;4;;14559;15172;516;8477;
496;6;2755;L;7;0;;;1162;304;3;
496;6;2757;L;7;0;;;1162;1800;3;
496;6;2964;L;1;4;;1162;986;304;3;
496;6;2354;L;7;0;;;2035;304;3;
496;6;1240;L;1;4;;1188;156;27;3;
496;6;931;L;1;4;;14692;27;986;3;
496;6;6822;L;1;4;;7429;14461;7334;8477;
496;6;1972;L;1;4;;1528;15015;504;3;
496;6;8979;L;1;4;;15321;794;7259;8477;
496;6;3111;L;1;4;;15487;893;889;3;
496;6;3064;L;7;0;;;15462;1720;3;
496;6;3066;L;7;0;;;15462;1585;3;
496;6;8995;L;1;4;X516;15053;16;15324;8477;
496;6;2004;L;1;4;;320;15201;1222;3;
496;6;7651;L;7;0;;;7235;14753;8477;
496;6;8892;L;7;0;;;7235;14873;8477;
496;6;7655;L;7;0;;;7235;14785;8477;
496;6;2001;L;1;4;;7235;14753;320;3;
496;6;3038;L;1;4;X302;15308;1300;2164;3;
496;6;9008;L;1;4;;15309;15397;2164;3;
496;6;1838;L;1;4;;1491;1490;877;3;
496;6;1485;L;1;4;;796;121;799;3;
496;6;8732;L;1;4;;14548;14549;7426;8477;
496;6;8982;L;1;4;;794;15321;7236;8477;
496;6;733;L;1;4;;794;639;121;3;
496;6;8593;L;1;4;;7261;14495;7237;8477;
496;6;1714;L;1;4;;1462;15346;79;3;
496;6;518;L;1;4;;83;99;819;3;
496;6;7413;L;1;4;;7484;15407;7591;8477;
496;6;1806;L;1;4;;1476;295;1477;3;
496;6;1809;L;1;4;;1479;1476;771;3;
496;6;2843;L;1;4;;955;987;1241;3;
496;6;712;L;1;4;;771;114;956;3;
496;6;1754;L;1;4;;740;639;1467;3;
496;6;8647;L;1;4;;7619;7620;14525;8477;
496;6;8716;L;1;4;;14544;14501;7487;8477;
496;6;784;L;1;4;;838;61;287;3;
496;6;2745;L;7;0;;;252;982;3;
496;6;2150;L;7;0;;;252;1722;3;
496;6;2412;L;7;0;;;252;1730;3;
496;6;3134;L;1;4;;252;18;177;3;
496;6;2152;L;7;0;;;1862;982;3;
496;6;2224;L;7;0;;;1862;1722;3;
496;6;2408;L;7;0;;;1864;982;3;
496;6;2414;L;7;0;;;1864;1722;3;
496;6;2410;L;7;0;;;1864;1730;3;
496;6;7363;L;1;4;;7573;7578;7354;8477;
496;6;8971;L;1;4;X493;15282;7600;14753;8477;
496;6;6609;L;1;4;;7326;7358;14276;8477;
496;6;6716;L;1;3;S112;7358;7360;7326;8477;
496;6;2222;L;7;0;;;1135;1903;3;
496;6;1158;L;1;4;;1135;45;264;3;
496;6;300;L;1;4;;1137;295;389;3;
496;6;2846;L;1;4;;2156;2154;1573;3;
496;6;6875;L;1;4;;7442;7209;15286;8477;
496;6;1691;L;1;4;;1292;1457;1455;3;
496;6;1803;L;1;4;;799;1475;121;3;
496;6;7393;L;1;4;;7572;7672;15409;8477;
496;6;1637;L;1;4;;1270;893;14;3;
496;6;1509;L;1;4;;534;33;7520;3;
496;6;2973;L;1;4;;15215;14320;15216;3;
496;6;1376;L;1;4;;1241;15410;1244;3;
496;6;3060;L;7;0;;;1244;304;3;
496;6;1379;L;1;4;;1244;1241;304;3;
496;6;1876;L;1;4;;1503;1504;1505;3;
496;6;1728;L;1;4;;840;286;133;3;
496;6;2313;L;7;0;;;289;1279;3;
496;6;3128;L;1;4;;289;874;287;3;
496;6;2309;L;7;0;;;1773;1279;3;
496;6;2317;L;7;0;;;1773;1767;3;
496;6;2311;L;7;0;;;1775;1765;3;
496;6;714;L;1;4;;753;73;1279;3;
496;6;1498;L;1;4;;593;786;874;3;
496;6;2480;L;1;4;;2091;15088;539;3;
496;6;2913;L;1;4;;15088;1533;15109;3;
496;6;2476;L;1;4;;1533;15088;539;3;
496;6;2484;L;1;4;;15269;2091;1186;3;
496;6;1850;L;1;4;;448;1493;45;3;
496;6;1847;L;1;4;;1493;21;448;3;
496;6;8672;L;1;4;;15364;14529;14533;8477;
496;6;1404;L;1;3;S114;1258;520;1249;3;
496;6;2888;L;1;3;;14772;304;504;3;
496;6;1995;L;1;4;;1532;1025;1533;3;
496;6;2788;L;7;0;;;316;16;3;
496;6;2530;L;1;3;;316;1741;15413;3;
496;6;1873;L;1;4;;1502;1499;266;3;
496;6;2246;L;7;0;;;685;1903;3;
496;6;1982;L;1;4;;685;400;282;3;
496;6;600;L;1;4;;520;527;1420;3;
496;6;6915;L;1;4;;7374;7434;7457;8477;
496;6;2291;L;7;0;;;1195;1903;3;
496;6;2831;L;1;4;;1195;1420;698;3;
496;6;1731;L;1;4;;1464;840;841;3;
496;6;7154;L;1;3;;7620;7619;7386;8477;
496;6;1774;L;1;4;;1471;787;292;3;
496;6;1294;L;1;4;;1217;822;36;3;
496;6;2273;L;7;0;;;561;1903;3;
496;6;239;L;1;3;;561;1420;66;3;
496;6;170;L;1;3;;23;351;270;3;
496;6;177;L;1;3;;24;270;2085;3;
496;6;247;L;1;3;;36;615;61;3;
496;6;243;L;1;3;;703;66;615;3;
496;6;7763;L;7;0;;;14497;14311;8477;
496;6;7769;L;7;0;;;14609;14311;8477;
496;6;490;L;1;4;;971;765;1420;3;
496;6;2432;L;7;0;;;2068;1420;3;
496;6;8989;L;1;4;X516;15323;15324;15322;8477;
496;6;578;L;1;4;;1174;667;565;3;
496;6;2456;L;1;4;;2085;24;2086;3;
496;6;1050;L;1;4;;181;180;645;3;
496;6;6122;L;1;1;;14777;14770;14779;8477;
496;6;1591;L;1;1;;14776;14679;1331;3;
496;6;8871;L;1;4;;15107;7604;14369;8477;
496;6;6878;L;1;4;;7432;7433;7383;8477;
