CID;TABCD;LCD;INT_CID;INT_TABCD;INT_LCD
510;20;932;510;20;935
510;20;935;510;20;1571
510;20;1571;510;20;932
510;20;1816;510;20;1819
510;20;1819;510;20;1816
510;20;386;510;20;388
510;20;388;510;20;386
510;20;394;510;20;396
510;20;396;510;20;398
510;20;398;510;20;394
510;20;714;510;20;725
510;20;725;510;20;1040
510;20;1040;510;20;714
510;20;716;510;20;833
510;20;833;510;20;716
510;20;715;510;20;762
510;20;762;510;20;1578
510;20;1578;510;20;715
510;20;717;510;20;770
510;20;770;510;20;1595
510;20;1595;510;20;717
510;20;226;510;20;685
510;20;685;510;20;718
510;20;718;510;20;1569
510;20;1569;510;20;226
510;20;1042;510;20;1784
510;20;1784;510;20;1042
510;20;524;510;20;1043
510;20;1043;510;20;524
510;20;815;510;20;1044
510;20;1044;510;20;1814
510;20;1814;510;20;815
510;20;548;510;20;562
510;20;562;510;20;800
510;20;800;510;20;1046
510;20;1046;510;20;1051
510;20;1051;510;20;548
510;20;437;510;20;444
510;20;444;510;20;556
510;20;556;510;20;659
510;20;659;510;20;437
510;20;402;510;20;438
510;20;438;510;20;1486
510;20;1486;510;20;1543
510;20;1543;510;20;1583
510;20;1583;510;20;402
510;20;423;510;20;446
510;20;446;510;20;535
510;20;535;510;20;423
510;20;1231;510;20;1384
510;20;1384;510;20;1231
510;20;542;510;20;1541
510;20;1541;510;20;542
510;20;440;510;20;448
510;20;448;510;20;567
510;20;567;510;20;579
510;20;579;510;20;440
510;20;414;510;20;754
510;20;754;510;20;414
510;20;415;510;20;1249
510;20;1249;510;20;415
510;20;1002;510;20;1664
510;20;1664;510;20;1002
510;20;375;510;20;377
510;20;377;510;20;409
510;20;409;510;20;416
510;20;416;510;20;1826
510;20;1826;510;20;375
510;20;441;510;20;493
510;20;493;510;20;441
510;20;442;510;20;572
510;20;572;510;20;588
510;20;588;510;20;442
510;20;443;510;20;590
510;20;590;510;20;443
510;20;422;510;20;431
510;20;431;510;20;551
510;20;551;510;20;422
510;20;640;510;20;994
510;20;994;510;20;640
510;20;1045;510;20;1437
510;20;1437;510;20;1045
510;20;424;510;20;539
510;20;539;510;20;424
510;20;425;510;20;732
510;20;732;510;20;425
510;20;459;510;20;467
510;20;467;510;20;459
510;20;65;510;20;468
510;20;468;510;20;65
510;20;471;510;20;680
510;20;680;510;20;471
510;20;472;510;20;474
510;20;474;510;20;472
510;20;854;510;20;893
510;20;893;510;20;1298
510;20;1298;510;20;854
510;20;558;510;20;565
510;20;565;510;20;894
510;20;894;510;20;558
510;20;864;510;20;895
510;20;895;510;20;864
510;20;1358;510;20;1480
510;20;1480;510;20;1358
510;20;1230;510;20;1366
510;20;1366;510;20;1481
510;20;1481;510;20;1230
510;20;896;510;20;1497
510;20;1497;510;20;896
510;20;1242;510;20;1482
510;20;1482;510;20;1242
510;20;897;510;20;938
510;20;938;510;20;897
510;20;898;510;20;928
510;20;928;510;20;898
510;20;1572;510;20;1782
510;20;1782;510;20;1572
510;20;1511;510;20;1818
510;20;1818;510;20;1511
510;20;755;510;20;816
510;20;816;510;20;755
510;20;505;510;20;756
510;20;756;510;20;505
510;20;1347;510;20;1350
510;20;1350;510;20;1452
510;20;1452;510;20;1347
510;20;757;510;20;858
510;20;858;510;20;860
510;20;860;510;20;757
510;20;309;510;20;311
510;20;311;510;20;313
510;20;313;510;20;309
510;20;299;510;20;301
510;20;301;510;20;299
510;20;404;510;20;872
510;20;872;510;20;404
510;20;403;510;20;723
510;20;723;510;20;403
510;20;1008;510;20;1316
510;20;1316;510;20;1008
510;20;1520;510;20;1521
510;20;1521;510;20;1520
510;20;96;510;20;1009
510;20;1009;510;20;1778
510;20;1778;510;20;96
510;20;405;510;20;658
510;20;658;510;20;405
510;20;877;510;20;1217
510;20;1217;510;20;877
510;20;497;510;20;559
510;20;559;510;20;497
510;20;560;510;20;664
510;20;664;510;20;972
510;20;972;510;20;560
510;20;517;510;20;660
510;20;660;510;20;517
510;20;661;510;20;743
510;20;743;510;20;661
510;20;662;510;20;957
510;20;957;510;20;662
510;20;576;510;20;663
510;20;663;510;20;576
510;20;98;510;20;477
510;20;477;510;20;98
510;20;104;510;20;112
510;20;112;510;20;104
510;20;1561;510;20;1568
510;20;1568;510;20;1561
510;20;158;510;20;1567
510;20;1567;510;20;158
510;20;83;510;20;208
510;20;208;510;20;83
510;20;85;510;20;704
510;20;704;510;20;1254
510;20;1254;510;20;85
510;20;86;510;20;1309
510;20;1309;510;20;86
510;20;81;510;20;87
510;20;87;510;20;81
510;20;1113;510;20;1119
510;20;1119;510;20;1113
510;20;1120;510;20;1125
510;20;1125;510;20;1120
510;20;1121;510;20;1475
510;20;1475;510;20;1121
510;20;601;510;20;607
510;20;607;510;20;601
510;20;488;510;20;602
510;20;602;510;20;488
510;20;599;510;20;603
510;20;603;510;20;599
510;20;1138;510;20;1476
510;20;1476;510;20;1138
510;20;342;510;20;464
510;20;464;510;20;604
510;20;604;510;20;1592
510;20;1592;510;20;342
510;20;1285;510;20;1287
510;20;1287;510;20;1478
510;20;1478;510;20;1285
510;20;1339;510;20;1479
510;20;1479;510;20;1339
510;20;555;510;20;591
510;20;591;510;20;605
510;20;605;510;20;555
510;20;544;510;20;550
510;20;550;510;20;635
510;20;635;510;20;544
510;20;534;510;20;545
510;20;545;510;20;534
510;20;1221;510;20;1436
510;20;1436;510;20;1221
510;20;538;510;20;546
510;20;546;510;20;538
510;20;694;510;20;1222
510;20;1222;510;20;694
510;20;547;510;20;731
510;20;731;510;20;547
510;20;778;510;20;993
510;20;993;510;20;778
510;20;552;510;20;578
510;20;578;510;20;582
510;20;582;510;20;552
510;20;492;510;20;553
510;20;553;510;20;492
510;20;554;510;20;587
510;20;587;510;20;554
510;20;1220;510;20;1337
510;20;1337;510;20;1220
510;20;1754;510;20;1756
510;20;1756;510;20;1758
510;20;1758;510;20;1754
510;20;1759;510;20;1760
510;20;1760;510;20;1759
510;20;108;510;20;934
510;20;934;510;20;108
510;20;1011;510;20;1027
510;20;1027;510;20;1011
510;20;261;510;20;347
510;20;347;510;20;261
510;20;350;510;20;365
510;20;365;510;20;367
510;20;367;510;20;350
510;20;575;510;20;956
510;20;956;510;20;575
510;20;751;510;20;958
510;20;958;510;20;1371
510;20;1371;510;20;751
510;20;869;510;20;1014
510;20;1014;510;20;869
510;20;220;510;20;1489
510;20;1489;510;20;1522
510;20;1522;510;20;1722
510;20;1722;510;20;220
510;20;707;510;20;954
510;20;954;510;20;960
510;20;960;510;20;707
510;20;961;510;20;963
510;20;963;510;20;961
510;20;1016;510;20;1216
510;20;1216;510;20;1016
510;20;516;510;20;573
510;20;573;510;20;516
510;20;574;510;20;742
510;20;742;510;20;574
510;20;861;510;20;863
510;20;863;510;20;861
510;20;865;510;20;878
510;20;878;510;20;865
510;20;498;510;20;866
510;20;866;510;20;498
510;20;1017;510;20;1381
510;20;1381;510;20;1017
510;20;867;510;20;890
510;20;890;510;20;867
510;20;868;510;20;974
510;20;974;510;20;868
510;20;1018;510;20;1375
510;20;1375;510;20;1018
510;20;291;510;20;293
510;20;293;510;20;291
510;20;1112;510;20;1465
510;20;1465;510;20;1112
510;20;1104;510;20;1114
510;20;1114;510;20;1104
510;20;1115;510;20;1136
510;20;1136;510;20;1115
510;20;1076;510;20;1210
510;20;1210;510;20;1076
510;20;1203;510;20;1211
510;20;1211;510;20;1203
510;20;1212;510;20;1291
510;20;1291;510;20;1212
510;20;500;510;20;949
510;20;949;510;20;1821
510;20;1821;510;20;500
510;20;902;510;20;904
510;20;904;510;20;950
510;20;950;510;20;902
510;20;951;510;20;953
510;20;953;510;20;976
510;20;976;510;20;951
510;20;905;510;20;919
510;20;919;510;20;905
510;20;491;510;20;1276
510;20;1276;510;20;1535
510;20;1535;510;20;491
510;20;643;510;20;1020
510;20;1020;510;20;643
510;20;1021;510;20;1321
510;20;1321;510;20;1021
510;20;1023;510;20;1215
510;20;1215;510;20;1023
510;20;494;510;20;515
510;20;515;510;20;494
510;20;495;510;20;741
510;20;741;510;20;495
510;20;496;510;20;786
510;20;786;510;20;971
510;20;971;510;20;496
510;20;499;510;20;1495
510;20;1495;510;20;1726
510;20;1726;510;20;499
510;20;501;510;20;916
510;20;916;510;20;918
510;20;918;510;20;501
510;20;502;510;20;943
510;20;943;510;20;1460
510;20;1460;510;20;502
510;20;798;510;20;1343
510;20;1343;510;20;1451
510;20;1451;510;20;798
510;20;1024;510;20;1028
510;20;1028;510;20;1289
510;20;1289;510;20;1024
510;20;380;510;20;382
510;20;382;510;20;384
510;20;384;510;20;380
510;20;964;510;20;977
510;20;977;510;20;1459
510;20;1459;510;20;964
510;20;315;510;20;317
510;20;317;510;20;352
510;20;352;510;20;315
510;20;1265;510;20;1268
510;20;1268;510;20;1265
510;20;1260;510;20;1269
510;20;1269;510;20;1260
510;20;1575;510;20;1577
510;20;1577;510;20;1575
510;20;478;510;20;721
510;20;721;510;20;1529
510;20;1529;510;20;1553
510;20;1553;510;20;478
510;20;624;510;20;722
510;20;722;510;20;624
510;20;1253;510;20;1669
510;20;1669;510;20;1253
510;20;1304;510;20;1530
510;20;1530;510;20;1304
510;20;1314;510;20;1531
510;20;1531;510;20;1314
510;20;1295;510;20;1467
510;20;1467;510;20;1295
510;20;1013;510;20;1526
510;20;1526;510;20;1013
510;20;1622;510;20;1676
510;20;1676;510;20;1622
510;20;1097;510;20;1536
510;20;1536;510;20;1551
510;20;1551;510;20;1097
510;20;621;510;20;1313
510;20;1313;510;20;1403
510;20;1403;510;20;621
510;20;1613;510;20;1670
510;20;1670;510;20;1783
510;20;1783;510;20;1613
510;20;1315;510;20;1517
510;20;1517;510;20;1315
510;20;765;510;20;837
510;20;837;510;20;765
510;20;834;510;20;1029
510;20;1029;510;20;834
510;20;766;510;20;1149
510;20;1149;510;20;766
510;20;677;510;20;1032
510;20;1032;510;20;677
510;20;1030;510;20;1033
510;20;1033;510;20;1788
510;20;1788;510;20;1030
510;20;726;510;20;760
510;20;760;510;20;726
510;20;818;510;20;1005
510;20;1005;510;20;818
510;20;761;510;20;822
510;20;822;510;20;761
510;20;826;510;20;1006
510;20;1006;510;20;826
510;20;887;510;20;973
510;20;973;510;20;887
510;20;975;510;20;1490
510;20;1490;510;20;1492
510;20;1492;510;20;1724
510;20;1724;510;20;975
510;20;967;510;20;978
510;20;978;510;20;967
510;20;487;510;20;585
510;20;585;510;20;1714
510;20;1714;510;20;487
510;20;1035;510;20;1715
510;20;1715;510;20;1035
510;20;369;510;20;463
510;20;463;510;20;586
510;20;586;510;20;1591
510;20;1591;510;20;369
510;20;644;510;20;645
510;20;645;510;20;644
510;20;1038;510;20;1336
510;20;1336;510;20;1038
510;20;295;510;20;297
510;20;297;510;20;295
510;20;673;510;20;713
510;20;713;510;20;673
510;20;1769;510;20;1776
510;20;1776;510;20;1769
510;20;807;510;20;809
510;20;809;510;20;807
510;20;804;510;20;1052
510;20;1052;510;20;804
510;20;810;510;20;812
510;20;812;510;20;1559
510;20;1559;510;20;810
510;20;782;510;20;784
510;20;784;510;20;1558
510;20;1558;510;20;782
510;20;781;510;20;806
510;20;806;510;20;781
510;20;1053;510;20;1524
510;20;1524;510;20;1053
510;20;1057;510;20;1431
510;20;1431;510;20;1057
510;20;1429;510;20;1432
510;20;1432;510;20;1429
510;20;1055;510;20;1244
510;20;1244;510;20;1444
510;20;1444;510;20;1055
510;20;537;510;20;1390
510;20;1390;510;20;537
510;20;688;510;20;692
510;20;692;510;20;688
510;20;693;510;20;695
510;20;695;510;20;693
510;20;626;510;20;629
510;20;629;510;20;626
510;20;481;510;20;631
510;20;631;510;20;481
510;20;483;510;20;632
510;20;632;510;20;1599
510;20;1599;510;20;483
510;20;1059;510;20;1412
510;20;1412;510;20;1059
510;20;460;510;20;633
510;20;633;510;20;460
510;20;528;510;20;530
510;20;530;510;20;634
510;20;634;510;20;528
510;20;339;510;20;341
510;20;341;510;20;339
510;20;335;510;20;337
510;20;337;510;20;335
510;20;263;510;20;354
510;20;354;510;20;358
510;20;358;510;20;263
510;20;1064;510;20;1341
510;20;1341;510;20;1064
510;20;345;510;20;518
510;20;518;510;20;1487
510;20;1487;510;20;1584
510;20;1584;510;20;345
510;20;519;510;20;698
510;20;698;510;20;519
510;20;1061;510;20;1062
510;20;1062;510;20;1061
510;20;568;510;20;1063
510;20;1063;510;20;568
510;20;504;510;20;507
510;20;507;510;20;563
510;20;563;510;20;504
510;20;801;510;20;803
510;20;803;510;20;1003
510;20;1003;510;20;801
510;20;508;510;20;733
510;20;733;510;20;1466
510;20;1466;510;20;508
510;20;1068;510;20;1175
510;20;1175;510;20;1068
510;20;1342;510;20;1471
510;20;1471;510;20;1342
510;20;271;510;20;277
510;20;277;510;20;279
510;20;279;510;20;271
510;20;267;510;20;269
510;20;269;510;20;267
510;20;356;510;20;362
510;20;362;510;20;356
510;20;1070;510;20;1241
510;20;1241;510;20;1070
510;20;705;510;20;1256
510;20;1256;510;20;1718
510;20;1718;510;20;705
510;20;706;510;20;748
510;20;748;510;20;706
510;20;1192;510;20;1197
510;20;1197;510;20;1199
510;20;1199;510;20;1192
510;20;1617;510;20;1621
510;20;1621;510;20;1617
510;20;228;510;20;230
510;20;230;510;20;228
510;20;249;510;20;251
510;20;251;510;20;249
510;20;257;510;20;259
510;20;259;510;20;257
510;20;253;510;20;255
510;20;255;510;20;253
510;20;214;510;20;224
510;20;224;510;20;214
510;20;215;510;20;1352
510;20;1352;510;20;215
510;20;106;510;20;216
510;20;216;510;20;219
510;20;219;510;20;106
510;20;241;510;20;243
510;20;243;510;20;245
510;20;245;510;20;247
510;20;247;510;20;241
510;20;232;510;20;234
510;20;234;510;20;239
510;20;239;510;20;232
510;20;891;510;20;1493
510;20;1493;510;20;891
510;20;901;510;20;1382
510;20;1382;510;20;1494
510;20;1494;510;20;1725
510;20;1725;510;20;901
510;20;1092;510;20;1723
510;20;1723;510;20;1092
510;20;283;510;20;285
510;20;285;510;20;287
510;20;287;510;20;289
510;20;289;510;20;283
510;20;273;510;20;275
510;20;275;510;20;273
510;20;344;510;20;745
510;20;745;510;20;1255
510;20;1255;510;20;1488
510;20;1488;510;20;1780
510;20;1780;510;20;344
510;20;1344;510;20;1484
510;20;1484;510;20;1344
510;20;1288;510;20;1485
510;20;1485;510;20;1582
510;20;1582;510;20;1288
510;20;265;510;20;281
510;20;281;510;20;265
510;20;360;510;20;364
510;20;364;510;20;360
510;20;325;510;20;327
510;20;327;510;20;329
510;20;329;510;20;325
510;20;151;510;20;223
510;20;223;510;20;235
510;20;235;510;20;151
510;20;368;510;20;637
510;20;637;510;20;1078
510;20;1078;510;20;1588
510;20;1588;510;20;368
510;20;205;510;20;462
510;20;462;510;20;581
510;20;581;510;20;596
510;20;596;510;20;1590
510;20;1590;510;20;205
510;20;319;510;20;321
510;20;321;510;20;323
510;20;323;510;20;343
510;20;343;510;20;319
510;20;303;510;20;305
510;20;305;510;20;307
510;20;307;510;20;303
510;20;429;510;20;461
510;20;461;510;20;1589
510;20;1589;510;20;429
510;20;1093;510;20;1109
510;20;1109;510;20;1093
510;20;331;510;20;333
510;20;333;510;20;331
510;20;678;510;20;681
510;20;681;510;20;1426
510;20;1426;510;20;678
510;20;1079;510;20;1421
510;20;1421;510;20;1079
510;20;682;510;20;728
510;20;728;510;20;682
510;20;683;510;20;776
510;20;776;510;20;683
510;20;684;510;20;824
510;20;824;510;20;1641
510;20;1641;510;20;684
510;20;828;510;20;1080
510;20;1080;510;20;828
510;20;1081;510;20;1156
510;20;1156;510;20;1081
510;20;686;510;20;839
510;20;839;510;20;1247
510;20;1247;510;20;686
510;20;1141;510;20;1514
510;20;1514;510;20;1825
510;20;1825;510;20;1141
510;20;848;510;20;1248
510;20;1248;510;20;848
510;20;1085;510;20;1090
510;20;1090;510;20;1085
510;20;1089;510;20;1464
510;20;1464;510;20;1089
510;20;1802;510;20;1804
510;20;1804;510;20;1802
510;20;55;510;20;64
510;20;64;510;20;55
510;20;1629;510;20;1635
510;20;1635;510;20;1629
510;20;851;510;20;853
510;20;853;510;20;851
510;20;608;510;20;1301
510;20;1301;510;20;608
510;20;649;510;20;1546
510;20;1546;510;20;649
510;20;1128;510;20;1137
510;20;1137;510;20;1128
510;20;1508;510;20;1623
510;20;1623;510;20;1508
510;20;479;510;20;594
510;20;594;510;20;1550
510;20;1550;510;20;479
510;20;486;510;20;595
510;20;595;510;20;1604
510;20;1604;510;20;486
510;20;1176;510;20;1185
510;20;1185;510;20;1176
510;20;1186;510;20;1188
510;20;1188;510;20;1186
510;20;623;510;20;1095
510;20;1095;510;20;1552
510;20;1552;510;20;623
510;20;433;510;20;480
510;20;480;510;20;1549
510;20;1549;510;20;433
510;20;1099;510;20;1405
510;20;1405;510;20;1548
510;20;1548;510;20;1099
510;20;1100;510;20;1408
510;20;1408;510;20;1100
510;20;1518;510;20;1593
510;20;1593;510;20;1765
510;20;1765;510;20;1518
510;20;1394;510;20;1448
510;20;1448;510;20;1394
510;20;1392;510;20;1435
510;20;1435;510;20;1392
510;20;1455;510;20;1502
510;20;1502;510;20;1455
510;20;618;510;20;1544
510;20;1544;510;20;618
510;20;1457;510;20;1545
510;20;1545;510;20;1457
510;20;1174;510;20;1385
510;20;1385;510;20;1174
510;20;428;510;20;435
510;20;435;510;20;428
510;20;430;510;20;531
510;20;531;510;20;1262
510;20;1262;510;20;430
510;20;373;510;20;1594
510;20;1594;510;20;373
510;20;1140;510;20;1152
510;20;1152;510;20;1658
510;20;1658;510;20;1140
510;20;847;510;20;1159
510;20;1159;510;20;1655
510;20;1655;510;20;847
510;20;1740;510;20;1742
510;20;1742;510;20;1740
510;20;1744;510;20;1746
510;20;1746;510;20;1744
510;20;1147;510;20;1154
510;20;1154;510;20;1147
510;20;773;510;20;838
510;20;838;510;20;773
510;20;1142;510;20;1158
510;20;1158;510;20;1142
510;20;1144;510;20;1150
510;20;1150;510;20;1144
510;20;774;510;20;1651
510;20;1651;510;20;774
510;20;727;510;20;768
510;20;768;510;20;1639
510;20;1639;510;20;727
510;20;819;510;20;1145
510;20;1145;510;20;819
510;20;769;510;20;823
510;20;823;510;20;769
510;20;827;510;20;1146
510;20;1146;510;20;827
510;20;120;510;20;129
510;20;129;510;20;120
510;20;1772;510;20;1773
510;20;1773;510;20;1772
510;20;1682;510;20;1685
510;20;1685;510;20;1682
510;20;1680;510;20;1683
510;20;1683;510;20;1680
510;20;921;510;20;945
510;20;945;510;20;921
510;20;912;510;20;922
510;20;922;510;20;912
510;20;923;510;20;939
510;20;939;510;20;923
510;20;929;510;20;1243
510;20;1243;510;20;929
510;20;1698;510;20;1708
510;20;1708;510;20;1698
510;20;1163;510;20;1387
510;20;1387;510;20;1163
510;20;1699;510;20;1774
510;20;1774;510;20;1699
510;20;1609;510;20;1786
510;20;1786;510;20;1609
510;20;1580;510;20;1665
510;20;1665;510;20;1781
510;20;1781;510;20;1580
510;20;1579;510;20;1719
510;20;1719;510;20;1579
510;20;1642;510;20;1644
510;20;1644;510;20;1642
510;20;820;510;20;830
510;20;830;510;20;820
510;20;1164;510;20;1251
510;20;1251;510;20;1164
510;20;831;510;20;1250
510;20;1250;510;20;831
510;20;1193;510;20;1208
510;20;1208;510;20;1193
510;20;792;510;20;794
510;20;794;510;20;1168
510;20;1168;510;20;792
510;20;797;510;20;1165
510;20;1165;510;20;797
510;20;795;510;20;1290
510;20;1290;510;20;795
510;20;1167;510;20;1171
510;20;1171;510;20;1172
510;20;1172;510;20;1167
510;20;737;510;20;788
510;20;788;510;20;737
510;20;789;510;20;813
510;20;813;510;20;789
510;20;1768;510;20;1785
510;20;1785;510;20;1768
510;20;736;510;20;1178
510;20;1178;510;20;1597
510;20;1597;510;20;736
510;20;1170;510;20;1179
510;20;1179;510;20;1170
510;20;1263;510;20;1266
510;20;1266;510;20;1263
510;20;390;510;20;392
510;20;392;510;20;390
510;20;913;510;20;915
510;20;915;510;20;913
510;20;1223;510;20;1226
510;20;1226;510;20;1223
510;20;690;510;20;989
510;20;989;510;20;690
510;20;523;510;20;777
510;20;777;510;20;523
510;20;1351;510;20;1354
510;20;1354;510;20;1351
510;20;1355;510;20;1360
510;20;1360;510;20;1355
510;20;1356;510;20;1363
510;20;1363;510;20;1356
510;20;1659;510;20;1662
510;20;1662;510;20;1659
510;20;1409;510;20;1462
510;20;1462;510;20;1409
510;20;1257;510;20;1258
510;20;1258;510;20;1257
510;20;1413;510;20;1415
510;20;1415;510;20;1413
510;20;699;510;20;702
510;20;702;510;20;699
510;20;946;510;20;1690
510;20;1690;510;20;946
510;20;1134;510;20;1300
510;20;1300;510;20;1134
510;20;1245;510;20;1427
510;20;1427;510;20;1245
510;20;689;510;20;729
510;20;729;510;20;689
510;20;1310;510;20;1516
510;20;1516;510;20;1310
510;20;1761;510;20;1763
510;20;1763;510;20;1761
510;20;843;510;20;1004
510;20;1004;510;20;843
510;20;841;510;20;1151
510;20;1151;510;20;841
510;20;835;510;20;842
510;20;842;510;20;835
510;20;1155;510;20;1157
510;20;1157;510;20;1155
510;20;1225;510;20;1472
510;20;1472;510;20;1225
510;20;1656;510;20;1663
510;20;1663;510;20;1656
510;20;1748;510;20;1750
510;20;1750;510;20;1752
510;20;1752;510;20;1748
510;20;1306;510;20;1308
510;20;1308;510;20;1306
510;20;78;510;20;656
510;20;656;510;20;78
510;20;1369;510;20;1420
510;20;1420;510;20;1369
510;20;884;510;20;1235
510;20;1235;510;20;1679
510;20;1679;510;20;884
510;20;886;510;20;889
510;20;889;510;20;886
510;20;931;510;20;942
510;20;942;510;20;931
510;20;1410;510;20;1416
510;20;1416;510;20;1410
510;20;564;510;20;855
510;20;855;510;20;857
510;20;857;510;20;564
510;20;1317;510;20;1324
510;20;1324;510;20;1317
510;20;1320;510;20;1325
510;20;1325;510;20;1320
510;20;638;510;20;995
510;20;995;510;20;638
510;20;1329;510;20;1332
510;20;1332;510;20;1329
510;20;1406;510;20;1463
510;20;1463;510;20;1406
510;20;1630;510;20;1632
510;20;1632;510;20;1630
510;20;1555;510;20;1556
510;20;1556;510;20;1555
510;20;1194;510;20;1292
510;20;1292;510;20;1194
510;20;569;510;20;738
510;20;738;510;20;1470
510;20;1470;510;20;569
510;20;570;510;20;785
510;20;785;510;20;570
510;20;400;510;20;1732
510;20;1732;510;20;400
510;20;1734;510;20;1736
510;20;1736;510;20;1738
510;20;1738;510;20;1734
510;20;1652;510;20;1661
510;20;1661;510;20;1652
510;20;744;510;20;750
510;20;750;510;20;744
510;20;522;510;20;730
510;20;730;510;20;522
510;20;1600;510;20;1603
510;20;1603;510;20;1600
510;20;489;510;20;617
510;20;617;510;20;489
510;20;1398;510;20;1461
510;20;1461;510;20;1398
510;20;1177;510;20;1441
510;20;1441;510;20;1177
510;20;1612;510;20;1672
510;20;1672;510;20;1612
510;20;1606;510;20;1607
510;20;1607;510;20;1606
510;20;527;510;20;533
510;20;533;510;20;1400
510;20;1400;510;20;527
510;20;1395;510;20;1449
510;20;1449;510;20;1395
510;20;521;510;20;1447
510;20;1447;510;20;1539
510;20;1539;510;20;521
510;20;374;510;20;1653
510;20;1653;510;20;374
510;20;1648;510;20;1650
510;20;1650;510;20;1648
510;20;1389;510;20;1428
510;20;1428;510;20;1389
510;20;1372;510;20;1374
510;20;1374;510;20;1372
510;20;674;510;20;676
510;20;676;510;20;674
510;20;613;510;20;620
510;20;620;510;20;613
510;20;1015;510;20;1379
510;20;1379;510;20;1015
510;20;1419;510;20;1423
510;20;1423;510;20;1419
510;20;1056;510;20;1424
510;20;1424;510;20;1056
