CID;LID;NID;NAME;NCOMMENT
510;1;988;亚洲;
510;1;989;中国;
510;1;990;云南省;
510;1;588;楚雄市;
510;1;991;昆明市;
510;1;2007;７０２４公路;
510;1;1233;小康大道;
510;1;2005;茨坝北路;
510;1;1062;Ｇ１０８;
510;1;1732;西三环;
510;1;1896;西三环Ｇ１０８入口匝道;
510;1;1903;西三环北侧;
510;1;1904;西三环北侧Ｇ１０８入口匝道;
510;1;1261;滇缅大道;
510;1;1073;人民西路;
510;1;1134;环城西路;
510;1;1185;科海路;
510;1;1184;昌源中路;
510;1;1186;海源中路;
510;1;1108;二环西路;
510;1;1587;普吉路;
510;1;1399;西园路;
510;1;1192;虹山东路;
510;1;1079;东郊路;
510;1;1064;环城南路;
510;1;1043;二环东路;
510;1;1071;金碧路;
510;1;1069;西昌路;
510;1;1081;巡津街;
510;1;1442;国防路;
510;1;1085;东寺街;
510;1;2001;Ｘ００２;
510;1;1067;学府路;
510;1;1068;二环北路;
510;1;1626;筇王公路;
510;1;1080;拓东路;
510;1;1082;北京路;
510;1;1083;春城路;
510;1;1084;岔街;
510;1;1166;气象路;
510;1;1393;新闻路;
510;1;1072;大观路;
510;1;1135;Ｇ１０８昆明段;
510;1;2002;武定县政府;
510;1;997;碧鸡路;
510;1;1076;Ｇ３２０;
510;1;1109;二环南路;
510;1;2003;春雨路;
510;1;996;高海高速公路;
510;1;1588;杭瑞高速公路;
510;1;1548;苏南路;
510;1;1147;龙泉路;
510;1;1148;圆通北路;
510;1;1118;环城北路;
510;1;1119;白云路;
510;1;1258;教场北路;
510;1;1259;教兴路;
510;1;2004;北三环;
510;1;1223;霖雨路;
510;1;1224;红云路;
510;1;1714;沣源路;
510;1;1123;建设路;
510;1;1257;教场中路;
510;1;1193;民院路;
510;1;1321;Ｇ３２０北侧;
510;1;1349;二环南路Ｇ３２０北侧入口匝道;
510;1;1327;二环南路北侧;
510;1;1335;二环南路北侧Ｇ３２０北侧入口匝道;
510;1;1136;Ｇ３２０昆明段;
510;1;1961;云水路;
510;1;1089;Ｓ２１３;
510;1;1600;草铺收费站;
510;1;1649;连然街;
510;1;1598;和平村收费站;
510;1;1960;玉龙路;
510;1;1995;广昆高速公路;
510;1;1308;贵昆路;
510;1;1987;东绕城高速公路;
510;1;1376;一九八物业小区;
510;1;1028;Ｇ３２４;
510;1;1373;彩云北路;
510;1;1160;东三环路;
510;1;1374;昌宏路;
510;1;1964;西石公路;
510;1;1965;大地村;
510;1;1139;Ｇ３２４昆明段;
510;1;1456;石龙路;
510;1;1375;钰鑫;
510;1;1251;Ｇ３２６;
510;1;1742;石林大道;
510;1;1117;穿金路;
510;1;1382;万华路;
510;1;1017;环城东路;
510;1;1115;东风东路;
510;1;1116;人民东路;
510;1;1151;白龙路;
510;1;1129;白塔路;
510;1;1038;广福路;
510;1;1619;昆磨高速公路;
510;1;1996;两面寺立交;
510;1;1041;金浑公路;
510;1;1997;乌龙收费站;
510;1;1019;昆明绕城高速公路;
510;1;1722;阳和路;
510;1;1723;昆孟线;
510;1;1939;中新收费站;
510;1;1940;小海口收费站;
510;1;1993;海谷收费站;
510;1;1992;安亭停车区;
510;1;1513;九石阿公路;
510;1;1515;石虎关加油站;
510;1;1998;盛达物流;
510;1;1023;云大西路;
510;1;1516;小团山服务区;
510;1;1517;小团山停车区;
510;1;1015;三铝公路;
510;1;1024;阳宗服务区;
510;1;1031;阳宗收费站;
510;1;1027;草甸收费站;
510;1;1029;半截河收费站;
510;1;1431;双桥路;
510;1;1427;宝海路;
510;1;1106;民航路;
510;1;1430;金汁路;
510;1;1155;关景路;
510;1;1078;日新路;
510;1;1154;国贸路;
510;1;1432;关兴路;
510;1;1474;佴家湾路;
510;1;1388;吴井路;
510;1;1105;滇池路;
510;1;1131;西坝路;
510;1;1180;丹霞路;
510;1;1132;茭菱路;
510;1;1058;南坝路;
510;1;1453;明通路;
510;1;1920;Ｘ００１;
510;1;1931;西三环Ｘ００１入口匝道;
510;1;1976;安康路;
510;1;1311;二环东路东侧;
510;1;1678;二环东路东侧白龙路入口匝道;
510;1;1299;二环东路西侧;
510;1;1679;二环东路西侧白龙路入口匝道;
510;1;1236;世博路;
510;1;1191;新迎路;
510;1;1380;龙庆路;
510;1;1381;尚义街;
510;1;1688;二环东路东侧白云路入口匝道;
510;1;1216;教场东路;
510;1;1383;颐园路;
510;1;1218;万宏路;
510;1;1384;新兴路;
510;1;1326;二环南路南侧;
510;1;1683;二环南路南侧宝海路入口匝道;
510;1;1411;宝善街;
510;1;1410;祥云街;
510;1;1405;护国路;
510;1;1128;青年路;
510;1;1120;北辰大道;
510;1;1226;北辰中路;
510;1;1121;江东花园北路;
510;1;1386;站前路;
510;1;1167;永平路;
510;1;1387;永安路;
510;1;1222;联盟路;
510;1;1390;铂金大道;
510;1;1203;北门街;
510;1;1124;一二一大街;
510;1;1150;圆通街;
510;1;1737;北三环高速公路;
510;1;1894;北三环高速公路龙泉路出口匝道;
510;1;1231;金色大道;
510;1;1470;采莲路;
510;1;1687;二环南路北侧采莲路入口匝道;
510;1;1469;黄瓜营路;
510;1;1591;采莲路至站前路;
510;1;1749;彩云中路;
510;1;1428;金源大道;
510;1;1750;经桥路;
510;1;1698;彩云北路辅路;
510;1;2009;规划号路;
510;1;2010;昆洛路;
510;1;1607;彩云南路;
510;1;2011;龙潭街;
510;1;1606;春融街;
510;1;1609;聚贤街;
510;1;1766;环湖东路;
510;1;2012;东聚路;
510;1;1113;雨龙路;
510;1;1466;昆岭路;
510;1;1482;经开路;
510;1;1194;昌源北路;
510;1;1391;科技路;
510;1;1178;科发路;
510;1;1176;昌源南路;
510;1;1175;兴苑路;
510;1;1417;昆州路;
510;1;2013;昆州路（昌源南路）;
510;1;1210;科光路;
510;1;1177;科医路;
510;1;1212;科锦路;
510;1;2018;民航机场;
510;1;1752;巫家巷;
510;1;1333;春城路东侧;
510;1;1334;二环南路北侧春城路东侧入口匝道;
510;1;2017;春城路辅路;
510;1;1173;益宁路;
510;1;1936;华苑路;
510;1;1207;翠湖北路;
510;1;2019;仓园巷;
510;1;1208;翠湖东路;
510;1;1206;文林街;
510;1;1197;翠湖南路;
510;1;1125;东风西路;
510;1;1198;翠湖西路;
510;1;1696;黄公东街;
510;1;1401;翠羽路;
510;1;1461;云山路;
510;1;1398;香山路;
510;1;1179;近华浦路;
510;1;1981;大树营立交桥;
510;1;1172;金瓦路;
510;1;1400;白马庙路;
510;1;1686;二环南路滇池路入口匝道;
510;1;1074;海埂路;
510;1;1165;迎海路;
510;1;1753;日新西路;
510;1;1403;金兰路;
510;1;1369;二环西路东侧;
510;1;1370;二环西路东侧滇缅大道入口匝道;
510;1;1371;二环西路西侧;
510;1;1534;二环西路西侧滇缅大道入口匝道;
510;1;1690;二环东路东侧东风东路入口匝道;
510;1;1691;二环东路西侧东风东路入口匝道;
510;1;1181;金马路;
510;1;1406;东华东路;
510;1;1974;建工大厦;
510;1;2043;近日隧道东;
510;1;1407;如安街;
510;1;1397;五一路;
510;1;2042;近日隧道西;
510;1;1305;二环东路东郊路入口匝道;
510;1;1306;东郊路南侧;
510;1;1307;二环东路东郊路南侧入口匝道;
510;1;1316;二环东路东侧东郊路南侧入口匝道;
510;1;1705;二环东路西侧东三环路入口匝道;
510;1;1971;虹桥路;
510;1;1448;端仕街;
510;1;1449;庆云街;
510;1;1446;威远街;
510;1;1798;珥季路;
510;1;1264;二环北路科发路出口匝道;
510;1;1281;二环北路龙泉路出口匝道;
510;1;1294;龙泉路东侧;
510;1;1295;二环北路龙泉路东侧出口匝道;
510;1;1887;二环北路万华路出口匝道;
510;1;1290;盘江西路;
510;1;1266;二环北路北侧;
510;1;1671;二环北路北侧教场北路上下匝道;
510;1;1267;二环北路北侧教场中路出口匝道;
510;1;1509;二环北路辅路;
510;1;1457;金实路;
510;1;1221;颐华路;
510;1;1270;二环北路南侧;
510;1;1269;二环北路南侧教场中路出口匝道;
510;1;1672;二环北路南侧教兴路上下匝道;
510;1;1970;二环北路外侧辅路;
510;1;1875;江东花园西路;
510;1;1322;二环东路Ｇ３２０北侧出口匝道;
510;1;1296;二环东路白龙路出口匝道;
510;1;1535;二环南路北侧二环东路入口匝道;
510;1;1309;二环东路贵昆路出口匝道;
510;1;1680;二环东路东侧白龙路出口匝道;
510;1;1689;二环东路东侧东风东路出口匝道;
510;1;1695;二环东路东侧金瓦路出口匝道;
510;1;1510;二环东路辅路;
510;1;1478;菊苑路;
510;1;1969;二环东路外侧辅路;
510;1;2020;晨苑;
510;1;1301;二环东路西侧东郊路出口匝道;
510;1;1302;东郊路北侧;
510;1;1303;二环东路西侧东郊路北侧出口匝道;
510;1;1681;二环东路西侧二环南路出口匝道;
510;1;1314;二环东路西侧贵昆路出口匝道;
510;1;1694;二环东路西侧金瓦路出口匝道;
510;1;1538;二环西路东侧二环南路入口匝道;
510;1;1111;官南大道;
510;1;1685;二环南路北侧春城路出口匝道;
510;1;1331;春城路西侧;
510;1;1332;二环南路北侧春城路西侧出口匝道;
510;1;1536;二环南路北侧滇池路出口匝道;
510;1;1539;二环南路北侧环城西路出口匝道;
510;1;1338;南坝路东侧;
510;1;1340;二环南路北侧南坝路东侧出口匝道;
510;1;1347;南坝路西侧;
510;1;1348;二环南路北侧南坝路西侧出口匝道;
510;1;1511;二环南路辅路;
510;1;1978;西福路;
510;1;2006;华昌小学;
510;1;1060;海明路;
510;1;1336;Ｇ３２０南侧;
510;1;1337;二环南路南侧Ｇ３２０南侧出口匝道;
510;1;1537;二环南路南侧滇池路出口匝道;
510;1;1884;滇池路北侧;
510;1;1883;二环南路南侧滇池路北侧出口匝道;
510;1;1682;二环东路东侧二环南路南侧入口匝道;
510;1;1341;官南大道东侧;
510;1;1344;二环南路南侧官南大道东侧出口匝道;
510;1;2046;二环南路外侧辅路;
510;1;2021;秋韵里;
510;1;2049;二环南路至南坝路;
510;1;1882;二环西路滇缅大道出口匝道;
510;1;1358;二环南路二环西路出口匝道;
510;1;1361;二环西路茭菱路出口匝道;
510;1;1512;二环西路辅路;
510;1;1196;海屯路;
510;1;1764;春溪巷;
510;1;1418;科泰路;
510;1;1372;二环西路西侧滇缅大道出口匝道;
510;1;2050;云铝小区;
510;1;1426;福达路;
510;1;1059;福德路;
510;1;1977;福景路;
510;1;1143;高海高速公路昆明段;
510;1;1613;Ｘ０１４;
510;1;1933;白鱼口收费站;
510;1;1004;西册线;
510;1;1659;富善村;
510;1;1934;晖湾收费站;
510;1;1935;海埂出口;
510;1;2028;高锦路;
510;1;1767;金广路;
510;1;1402;前卫西路;
510;1;1389;鼓楼路;
510;1;1168;关通路;
510;1;1437;关岭路;
510;1;1425;福保文化城;
510;1;1342;二环南路北侧官南大道东侧入口匝道;
510;1;1345;官南大道西侧;
510;1;1346;二环南路南侧官南大道西侧入口匝道;
510;1;1443;光华街;
510;1;1445;文庙直街;
510;1;1075;前兴路;
510;1;1711;广福路辅路;
510;1;1768;商盛街;
510;1;1957;广宁路;
510;1;1494;西华北路;
510;1;1769;归十路;
510;1;1130;太平路;
510;1;1312;二环东路东侧贵昆路入口匝道;
510;1;1317;贵昆路北侧;
510;1;1318;二环东路东侧贵昆路北侧入口匝道;
510;1;1710;贵昆路辅路;
510;1;1958;瓦仓北路;
510;1;2024;昆明国际会展中心;
510;1;1077;云兴路;
510;1;1195;海源北路;
510;1;1907;西三环东侧;
510;1;1916;西三环东侧海源北路入口匝道;
510;1;1902;西三环西侧;
510;1;1918;西三环西侧海源北路入口匝道;
510;1;1438;科开路;
510;1;1822;海源南路;
510;1;1596;杭瑞高速公路昆明段;
510;1;1634;易隆收费站;
510;1;1661;大石桥;
510;1;1984;安楚高速公路支线;
510;1;993;读书铺服务区;
510;1;1601;太平收费站;
510;1;1986;长坡泛亚国际物流园出口;
510;1;1547;大渔路;
510;1;1519;昆曲加油站;
510;1;1045;严家山收费站;
510;1;1046;九龙湾;
510;1;1047;双龙服务区;
510;1;1988;ＸＡ０１５３;
510;1;1049;小哨服务区;
510;1;1050;军马场服务区;
510;1;1051;官军路;
510;1;1989;嵩明停车区;
510;1;1715;丰泽路;
510;1;1990;小街服务区;
510;1;1623;渝昆高速公路;
510;1;1633;小新街收费站;
510;1;1991;马田;
510;1;1890;核桃箐路;
510;1;1889;二环北路核桃箐路上下匝道;
510;1;1846;恒信巷;
510;1;1843;张官营路;
510;1;1460;红锦路;
510;1;1227;龙江路;
510;1;1163;红塔东路;
510;1;1857;红园路;
510;1;1211;洪源路;
510;1;1785;机场高速公路;
510;1;1972;虹桥路辅路;
510;1;1828;虹山北路;
510;1;2025;护国起义纪念广场;
510;1;1202;华山东路;
510;1;1201;华山南路;
510;1;1950;螺峰街;
510;1;1199;华山西路;
510;1;1190;云瑞东路;
510;1;1955;草海隧道;
510;1;1956;张峰隧道;
510;1;1951;翠湖公园;
510;1;1441;铁局路;
510;1;1468;永明路;
510;1;2000;机场北路;
510;1;1999;机场西路;
510;1;1901;吉隆路;
510;1;1900;西三环吉隆路入口匝道;
510;1;1908;西三环东侧吉隆路入口匝道;
510;1;1228;江东花园路;
510;1;1455;二环西路东侧茭菱路入口匝道;
510;1;1454;科华路;
510;1;2027;云南民族大学分部;
510;1;1485;福泽苑;
510;1;1487;教场北路至二环北路;
510;1;1272;二环北路南侧教场中路入口匝道;
510;1;1673;二环北路北侧教兴路上下匝道;
510;1;2036;金川路;
510;1;1497;陆家路;
510;1;1611;日新中路;
510;1;1617;Ｘ１０１;
510;1;1498;望丰路;
510;1;2054;王昌寿诊所;
510;1;1692;二环东路东侧金瓦路入口匝道;
510;1;1246;三农场自然生态园;
510;1;1772;华谊花园;
510;1;2031;石林大厦;
510;1;2052;京昆高速公路;
510;1;590;京昆高速公路楚雄段;
510;1;591;武定狮山收费站;
510;1;592;武定服务区;
510;1;593;迤纳厂收费站;
510;1;594;猫街收费站;
510;1;2051;猫街停车区;
510;1;1581;羊街收费站;
510;1;597;元谋服务区;
510;1;596;元谋收费站;
510;1;598;土林收费站;
510;1;599;永仁服务区;
510;1;600;永仁收费站;
510;1;1840;景泰街;
510;1;1953;康苑巷;
510;1;1263;二环北路科发路入口匝道;
510;1;1213;科高路;
510;1;1464;科普路;
510;1;1827;科业路;
510;1;1922;昆富路;
510;1;1924;西三环昆富路入口匝道;
510;1;1628;昆磨高速公路昆明段;
510;1;1007;刺桐关服务区;
510;1;1941;清水河收费站;
510;1;1008;Ｓ１０２;
510;1;1010;余家海服务区;
510;1;1994;牛恋乡收费站;
510;1;1943;河西场收费站;
510;1;1944;富有收费站;
510;1;1014;Ｓ２０２;
510;1;1016;呈贡服务区;
510;1;1945;彩龙街;
510;1;1775;西苑浦路;
510;1;1504;莲花池正街;
510;1;2035;昆明铁路五中;
510;1;1850;临江路;
510;1;2053;龙华路;
510;1;1893;北三环高速公路龙泉路入口匝道;
510;1;1556;二环北路北侧龙泉路入口匝道;
510;1;1205;龙翔街;
510;1;1066;昆瑞路;
510;1;1409;南通街;
510;1;1557;二环北路南侧盘江西路入口匝道;
510;1;1849;临江雅苑;
510;1;1895;北三环高速公路普吉路入口匝道;
510;1;1558;二环南路北侧气象路入口匝道;
510;1;1559;船房村;
510;1;1776;昆明市气象局;
510;1;1483;前卫路;
510;1;1484;塘双路;
510;1;1812;前卫营;
510;1;1811;桔尚公寓;
510;1;1630;日新东路;
510;1;1149;人民中路;
510;1;1209;青云街;
510;1;1909;西三环东侧筇王公路入口匝道;
510;1;1912;西三环西侧筇王公路入口匝道;
510;1;1200;如意巷;
510;1;1169;书林街;
510;1;1789;顺通大道;
510;1;1793;大学路;
510;1;1506;昆明东站;
510;1;1458;金江路;
510;1;1782;万源路;
510;1;2037;云南师大附属小学金牛校区;
510;1;1447;正义路;
510;1;1704;德智学校;
510;1;1899;西三环Ｇ１０８出口匝道;
510;1;1925;西三环Ｘ００１出口匝道;
510;1;1915;西三环海屯路出口匝道;
510;1;1926;西三环昆富路出口匝道;
510;1;1897;西三环普吉路出口匝道;
510;1;1831;昭宗路;
510;1;1928;西三环昭宗路出口匝道;
510;1;1919;西三环东侧海源北路出口匝道;
510;1;1913;西三环东侧筇王公路出口匝道;
510;1;1959;西三环辅路;
510;1;1905;西三环南侧;
510;1;1906;西三环南侧普吉路出口匝道;
510;1;1917;西三环西侧海源北路出口匝道;
510;1;1911;西三环西侧筇王公路出口匝道;
510;1;1983;西站立交桥;
510;1;1803;希望路;
510;1;1450;象眼街;
510;1;1980;小官路;
510;1;1491;新迎北路;
510;1;1573;二环西路西侧兴苑路入口匝道;
510;1;1979;杨家路;
510;1;1888;二环北路颐华路入口匝道;
510;1;1615;永中路;
510;1;2041;彩云北路（昆岭路）;
510;1;1614;众天路;
510;1;1636;渝昆高速公路昆明段;
510;1;1731;会阿线;
510;1;1946;小街收费站;
510;1;1095;潘所服务区;
510;1;1947;金所收费站;
510;1;1053;Ｇ２１３;
510;1;1669;功山服务区;
510;1;1235;园博路;
510;1;2039;云南民族大学东侧路;
510;1;1932;西三环昭宗路入口匝道;
