CID;TABCD;LCD;NEG_OFF_LCD;POS_OFF_LCD
510;20;935;;1816
510;20;1816;935;
510;20;386;;
510;20;394;;
510;20;1040;;716
510;20;716;1040;715
510;20;715;716;717
510;20;717;715;718
510;20;718;717;1042
510;20;1042;718;1043
510;20;1043;1042;1044
510;20;1044;1043;1051
510;20;1051;1044;
510;20;437;;438
510;20;438;437;
510;20;446;;1231
510;20;1231;446;1541
510;20;1541;1231;448
510;20;448;1541;
510;20;1784;;414
510;20;414;1784;415
510;20;415;414;1002
510;20;1002;415;416
510;20;416;1002;
510;20;440;;441
510;20;441;440;442
510;20;442;441;443
510;20;443;442;444
510;20;444;443;
510;20;422;;994
510;20;994;422;423
510;20;423;994;1045
510;20;1045;423;424
510;20;424;1045;425
510;20;425;424;1046
510;20;1046;425;
510;20;409;;410
510;20;410;409;449
510;20;449;410;
510;20;467;;1161
510;20;1161;467;468
510;20;468;1161;1533
510;20;1533;468;1534
510;20;1534;1533;471
510;20;471;1534;472
510;20;472;471;
510;20;893;;894
510;20;894;893;895
510;20;895;894;1480
510;20;1480;895;1481
510;20;1481;1480;896
510;20;896;1481;1482
510;20;1482;896;897
510;20;897;1482;898
510;20;898;897;1782
510;20;1782;898;1511
510;20;1511;1782;
510;20;1569;;754
510;20;754;1569;755
510;20;755;754;756
510;20;756;755;1347
510;20;1347;756;757
510;20;757;1347;1348
510;20;1348;757;
510;20;313;;
510;20;299;;
510;20;454;;455
510;20;455;454;456
510;20;456;455;457
510;20;457;456;458
510;20;458;457;1775
510;20;1775;458;459
510;20;459;1775;
510;20;1010;;872
510;20;872;1010;873
510;20;873;872;874
510;20;874;873;1474
510;20;1474;874;
510;20;402;;403
510;20;403;402;1007
510;20;1007;403;1008
510;20;1008;1007;404
510;20;404;1008;1520
510;20;1520;404;
510;20;1778;;450
510;20;450;1778;
510;20;1521;;405
510;20;405;1521;1001
510;20;1001;405;406
510;20;406;1001;1000
510;20;1000;406;407
510;20;407;1000;1009
510;20;1009;407;
510;20;558;;1217
510;20;1217;558;559
510;20;559;1217;560
510;20;560;559;
510;20;659;;660
510;20;660;659;661
510;20;661;660;662
510;20;662;661;663
510;20;663;662;664
510;20;664;663;
510;20;98;;152
510;20;152;98;100
510;20;100;152;101
510;20;101;100;102
510;20;102;101;103
510;20;103;102;157
510;20;157;103;104
510;20;104;157;
510;20;1561;;1562
510;20;1562;1561;1563
510;20;1563;1562;1564
510;20;1564;1563;1565
510;20;1565;1564;1566
510;20;1566;1565;163
510;20;163;1566;162
510;20;162;163;1567
510;20;1567;162;
510;20;83;;84
510;20;84;83;143
510;20;143;84;85
510;20;85;143;86
510;20;86;85;87
510;20;87;86;88
510;20;88;87;89
510;20;89;88;144
510;20;144;89;145
510;20;145;144;90
510;20;90;145;91
510;20;91;90;92
510;20;92;91;93
510;20;93;92;94
510;20;94;93;95
510;20;95;94;96
510;20;96;95;
510;20;1119;;1120
510;20;1120;1119;1121
510;20;1121;1120;
510;20;601;;602
510;20;602;601;1475
510;20;1475;602;603
510;20;603;1475;1476
510;20;1476;603;1477
510;20;1477;1476;604
510;20;604;1477;1478
510;20;1478;604;1479
510;20;1479;1478;605
510;20;605;1479;
510;20;544;;999
510;20;999;544;545
510;20;545;999;1221
510;20;1221;545;546
510;20;546;1221;1222
510;20;1222;546;547
510;20;547;1222;993
510;20;993;547;548
510;20;548;993;
510;20;550;;551
510;20;551;550;552
510;20;552;551;1219
510;20;1219;552;553
510;20;553;1219;554
510;20;554;553;1220
510;20;1220;554;555
510;20;555;1220;556
510;20;556;555;
510;20;1756;;
510;20;1759;;934
510;20;934;1759;1011
510;20;1011;934;1571
510;20;1571;1011;1572
510;20;1572;1571;
510;20;1797;;1798
510;20;1798;1797;1799
510;20;1799;1798;
510;20;347;;
510;20;365;;
510;20;956;;957
510;20;957;956;958
510;20;958;957;1014
510;20;1014;958;1522
510;20;1522;1014;1015
510;20;1015;1522;960
510;20;960;1015;961
510;20;961;960;
510;20;572;;1016
510;20;1016;572;573
510;20;573;1016;574
510;20;574;573;575
510;20;575;574;576
510;20;576;575;
510;20;367;;
510;20;863;;864
510;20;864;863;865
510;20;865;864;866
510;20;866;865;1017
510;20;1017;866;867
510;20;867;1017;868
510;20;868;867;1018
510;20;1018;868;869
510;20;869;1018;1019
510;20;1019;869;
510;20;293;;
510;20;1111;;1112
510;20;1112;1111;1113
510;20;1113;1112;1114
510;20;1114;1113;1115
510;20;1115;1114;1116
510;20;1116;1115;
510;20;1210;;1211
510;20;1211;1210;1212
510;20;1212;1211;1573
510;20;1573;1212;
510;20;949;;950
510;20;950;949;951
510;20;951;950;
510;20;904;;905
510;20;905;904;
510;20;491;;1020
510;20;1020;491;1021
510;20;1021;1020;492
510;20;492;1021;1022
510;20;1022;492;493
510;20;493;1022;1023
510;20;1023;493;494
510;20;494;1023;495
510;20;495;494;496
510;20;496;495;497
510;20;497;496;1025
510;20;1025;497;498
510;20;498;1025;499
510;20;499;498;500
510;20;500;499;501
510;20;501;500;502
510;20;502;501;1027
510;20;1027;502;
510;20;798;;1028
510;20;1028;798;
510;20;382;;
510;20;377;;378
510;20;378;377;
510;20;1459;;1460
510;20;1460;1459;
510;20;352;;
510;20;1268;;1269
510;20;1269;1268;
510;20;1260;;1535
510;20;1535;1260;
510;20;1575;;721
510;20;721;1575;722
510;20;722;721;1253
510;20;1253;722;1254
510;20;1254;1253;723
510;20;723;1254;
510;20;1528;;1529
510;20;1529;1528;1530
510;20;1530;1529;1531
510;20;1531;1530;1532
510;20;1532;1531;
510;20;1293;;1473
510;20;1473;1293;1467
510;20;1467;1473;
510;20;1295;;1013
510;20;1013;1295;1577
510;20;1577;1013;
510;20;590;;591
510;20;591;590;
510;20;1676;;1536
510;20;1536;1676;1312
510;20;1312;1536;1313
510;20;1313;1312;1314
510;20;1314;1313;1783
510;20;1783;1314;1315
510;20;1315;1783;1316
510;20;1316;1315;
510;20;1578;;765
510;20;765;1578;1029
510;20;1029;765;766
510;20;766;1029;
510;20;1032;;1033
510;20;1033;1032;
510;20;1030;;760
510;20;760;1030;1005
510;20;1005;760;761
510;20;761;1005;1006
510;20;1006;761;762
510;20;762;1006;
510;20;971;;972
510;20;972;971;973
510;20;973;972;974
510;20;974;973;975
510;20;975;974;976
510;20;976;975;977
510;20;977;976;1760
510;20;1760;977;978
510;20;978;1760;
510;20;1034;;584
510;20;584;1034;585
510;20;585;584;1035
510;20;1035;585;586
510;20;586;1035;1036
510;20;1036;586;645
510;20;645;1036;1037
510;20;1037;645;587
510;20;587;1037;1038
510;20;1038;587;588
510;20;588;1038;
510;20;297;;
510;20;1713;;1714
510;20;1714;1713;1715
510;20;1715;1714;
510;20;709;;713
510;20;713;709;1776
510;20;1776;713;714
510;20;714;1776;
510;20;1818;;1819
510;20;1819;1818;
510;20;809;;1052
510;20;1052;809;810
510;20;810;1052;
510;20;1558;;1559
510;20;1559;1558;
510;20;780;;781
510;20;781;780;1053
510;20;1053;781;782
510;20;782;1053;
510;20;806;;807
510;20;807;806;
510;20;1431;;1432
510;20;1432;1431;1433
510;20;1433;1432;
510;20;1054;;1055
510;20;1055;1054;537
510;20;537;1055;538
510;20;538;537;539
510;20;539;538;
510;20;1811;;1812
510;20;1812;1811;
510;20;1056;;692
510;20;692;1056;693
510;20;693;692;1057
510;20;1057;693;694
510;20;694;1057;
510;20;317;;
510;20;629;;630
510;20;630;629;631
510;20;631;630;632
510;20;632;631;1059
510;20;1059;632;633
510;20;633;1059;634
510;20;634;633;635
510;20;635;634;
510;20;339;;
510;20;337;;
510;20;358;;
510;20;263;;
510;20;515;;516
510;20;516;515;517
510;20;517;516;1064
510;20;1064;517;518
510;20;518;1064;519
510;20;519;518;
510;20;1062;;1063
510;20;1063;1062;1711
510;20;1711;1063;1795
510;20;1795;1711;
510;20;507;;1003
510;20;1003;507;508
510;20;508;1003;1066
510;20;1066;508;1068
510;20;1068;1066;1069
510;20;1069;1068;1061
510;20;1061;1069;
510;20;1341;;1342
510;20;1342;1341;
510;20;271;;
510;20;269;;
510;20;279;;
510;20;362;;
510;20;1499;;704
510;20;704;1499;1070
510;20;1070;704;705
510;20;705;1070;706
510;20;706;705;707
510;20;707;706;
510;20;541;;542
510;20;542;541;
510;20;1196;;1197
510;20;1197;1196;
510;20;1617;;1618
510;20;1618;1617;1619
510;20;1619;1618;
510;20;230;;
510;20;249;;
510;20;259;;
510;20;253;;
510;20;214;;215
510;20;215;214;217
510;20;217;215;218
510;20;218;217;219
510;20;219;218;
510;20;241;;
510;20;234;;
510;20;1492;;1493
510;20;1493;1492;1494
510;20;1494;1493;1495
510;20;1495;1494;1496
510;20;1496;1495;1497
510;20;1497;1496;
510;20;232;;
510;20;243;;
510;20;1721;;1722
510;20;1722;1721;1723
510;20;1723;1722;1724
510;20;1724;1723;1725
510;20;1725;1724;1726
510;20;1726;1725;1727
510;20;1727;1726;
510;20;285;;
510;20;261;;
510;20;287;;
510;20;273;;
510;20;221;;222
510;20;222;221;345
510;20;345;222;344
510;20;344;345;220
510;20;220;344;216
510;20;216;220;
510;20;350;;
510;20;354;;
510;20;356;;
510;20;1484;;1485
510;20;1485;1484;1486
510;20;1486;1485;1487
510;20;1487;1486;1488
510;20;1488;1487;1489
510;20;1489;1488;1092
510;20;1092;1489;1490
510;20;1490;1092;
510;20;1582;;1583
510;20;1583;1582;1584
510;20;1584;1583;1585
510;20;1585;1584;
510;20;265;;
510;20;267;;
510;20;283;;
510;20;277;;
510;20;364;;
510;20;325;;
510;20;235;;368
510;20;368;235;204
510;20;204;368;205
510;20;205;204;206
510;20;206;205;369
510;20;369;206;207
510;20;207;369;342
510;20;342;207;208
510;20;208;342;
510;20;291;;
510;20;295;;
510;20;319;;
510;20;315;;
510;20;303;;
510;20;311;;
510;20;474;;1077
510;20;1077;474;1078
510;20;1078;1077;460
510;20;460;1078;1498
510;20;1498;460;461
510;20;461;1498;462
510;20;462;461;463
510;20;463;462;1093
510;20;1093;463;464
510;20;464;1093;1344
510;20;1344;464;
510;20;301;;
510;20;321;;
510;20;343;;
510;20;289;;
510;20;307;;
510;20;1587;;1588
510;20;1588;1587;1589
510;20;1589;1588;1590
510;20;1590;1589;1591
510;20;1591;1590;1592
510;20;1592;1591;
510;20;1271;;1272
510;20;1272;1271;1273
510;20;1273;1272;
510;20;335;;
510;20;327;;
510;20;331;;
510;20;223;;225
510;20;225;223;226
510;20;226;225;224
510;20;224;226;
510;20;680;;681
510;20;681;680;1079
510;20;1079;681;682
510;20;682;1079;683
510;20;683;682;684
510;20;684;683;1080
510;20;1080;684;685
510;20;685;1080;1081
510;20;1081;685;686
510;20;686;1081;1514
510;20;1514;686;
510;20;1247;;1248
510;20;1248;1247;1249
510;20;1249;1248;
510;20;341;;
510;20;1284;;1454
510;20;1454;1284;1285
510;20;1285;1454;
510;20;1084;;1085
510;20;1085;1084;1086
510;20;1086;1085;
510;20;1089;;1090
510;20;1090;1089;
510;20;1801;;1802
510;20;1802;1801;
510;20;60;;61
510;20;61;60;62
510;20;62;61;63
510;20;63;62;140
510;20;140;63;141
510;20;141;140;142
510;20;142;141;64
510;20;64;142;65
510;20;65;64;
510;20;1634;;1635
510;20;1635;1634;
510;20;854;;853
510;20;853;854;1297
510;20;1297;853;
510;20;607;;608
510;20;608;607;
510;20;648;;649
510;20;649;648;
510;20;1136;;1137
510;20;1137;1136;1138
510;20;1138;1137;1139
510;20;1139;1138;
510;20;593;;1508
510;20;1508;593;594
510;20;594;1508;595
510;20;595;594;1082
510;20;1082;595;596
510;20;596;1082;
510;20;305;;
510;20;309;;
510;20;1182;;1185
510;20;1185;1182;1186
510;20;1186;1185;
510;20;477;;478
510;20;478;477;1095
510;20;1095;478;1097
510;20;1097;1095;479
510;20;479;1097;480
510;20;480;479;1099
510;20;1099;480;1100
510;20;1100;1099;481
510;20;481;1100;1593
510;20;1593;481;
510;20;1548;;1549
510;20;1549;1548;1550
510;20;1550;1549;1551
510;20;1551;1550;1552
510;20;1552;1551;1553
510;20;1553;1552;1554
510;20;1554;1553;
510;20;1394;;1392
510;20;1392;1394;
510;20;1502;;1503
510;20;1503;1502;
510;20;281;;
510;20;275;;
510;20;1543;;1544
510;20;1544;1543;1545
510;20;1545;1544;1546
510;20;1546;1545;
510;20;1384;;1385
510;20;1385;1384;1386
510;20;1386;1385;
510;20;1822;;1103
510;20;1103;1822;1104
510;20;1104;1103;1105
510;20;1105;1104;599
510;20;599;1105;
510;20;428;;429
510;20;429;428;430
510;20;430;429;431
510;20;431;430;
510;20;1107;;1108
510;20;1108;1107;1109
510;20;1109;1108;
510;20;1594;;1140
510;20;1140;1594;847
510;20;847;1140;1141
510;20;1141;847;848
510;20;848;1141;
510;20;1740;;
510;20;1744;;
510;20;1595;;1147
510;20;1147;1595;773
510;20;773;1147;1142
510;20;1142;773;1143
510;20;1143;1142;1144
510;20;1144;1143;774
510;20;774;1144;
510;20;1637;;1638
510;20;1638;1637;1639
510;20;1639;1638;
510;20;768;;1145
510;20;1145;768;769
510;20;769;1145;1146
510;20;1146;769;770
510;20;770;1146;
510;20;122;;123
510;20;123;122;124
510;20;124;123;125
510;20;125;124;126
510;20;126;125;158
510;20;158;126;127
510;20;127;158;52
510;20;52;127;53
510;20;53;52;54
510;20;54;53;55
510;20;55;54;154
510;20;154;55;155
510;20;155;154;156
510;20;156;155;151
510;20;151;156;
510;20;106;;107
510;20;107;106;108
510;20;108;107;109
510;20;109;108;110
510;20;110;109;111
510;20;111;110;112
510;20;112;111;113
510;20;113;112;114
510;20;114;113;115
510;20;115;114;116
510;20;116;115;117
510;20;117;116;118
510;20;118;117;119
510;20;119;118;120
510;20;120;119;146
510;20;146;120;121
510;20;121;146;149
510;20;149;121;
510;20;247;;
510;20;1771;;1772
510;20;1772;1771;
510;20;1682;;1683
510;20;1683;1682;
510;20;921;;922
510;20;922;921;923
510;20;923;922;1243
510;20;1243;923;
510;20;626;;1162
510;20;1162;626;
510;20;1705;;1706
510;20;1706;1705;1707
510;20;1707;1706;1708
510;20;1708;1707;
510;20;928;;929
510;20;929;928;1163
510;20;1163;929;1774
510;20;1774;1163;
510;20;830;;1164
510;20;1164;830;831
510;20;831;1164;
510;20;1255;;1256
510;20;1256;1255;981
510;20;981;1256;1786
510;20;1786;981;
510;20;1780;;1781
510;20;1781;1780;
510;20;1718;;1719
510;20;1719;1718;
510;20;1644;;1645
510;20;1645;1644;
510;20;815;;816
510;20;816;815;
510;20;1202;;1203
510;20;1203;1202;1207
510;20;1207;1203;
510;20;1206;;1208
510;20;1208;1206;
510;20;794;;1165
510;20;1165;794;795
510;20;795;1165;
510;20;1167;;1168
510;20;1168;1167;
510;20;788;;1172
510;20;1172;788;789
510;20;789;1172;
510;20;1765;;1766
510;20;1766;1765;1767
510;20;1767;1766;1768
510;20;1768;1767;1769
510;20;1769;1768;
510;20;1621;;1622
510;20;1622;1621;1623
510;20;1623;1622;1624
510;20;1624;1623;1625
510;20;1625;1624;
510;20;1524;;1525
510;20;1525;1524;
510;20;1597;;1179
510;20;1179;1597;1180
510;20;1180;1179;
510;20;1265;;1266
510;20;1266;1265;
510;20;1609;;166
510;20;166;1609;164
510;20;164;166;165
510;20;165;164;
510;20;392;;
510;20;398;;
510;20;504;;505
510;20;505;504;
510;20;918;;919
510;20;919;918;
510;20;915;;916
510;20;916;915;
510;20;333;;
510;20;1223;;776
510;20;776;1223;989
510;20;989;776;777
510;20;777;989;778
510;20;778;777;
510;20;1354;;1355
510;20;1355;1354;1356
510;20;1356;1355;1358
510;20;1358;1356;
510;20;1363;;1364
510;20;1364;1363;
510;20;860;;861
510;20;861;860;1229
510;20;1229;861;1230
510;20;1230;1229;
510;20;239;;
510;20;1350;;1351
510;20;1351;1350;1352
510;20;1352;1351;
510;20;245;;
510;20;1366;;1367
510;20;1367;1366;1773
510;20;1773;1367;
510;20;1658;;1659
510;20;1659;1658;
510;20;1408;;1409
510;20;1409;1408;1257
510;20;1257;1409;
510;20;967;;968
510;20;968;967;969
510;20;969;968;
510;20;1412;;1413
510;20;1413;1412;
510;20;1665;;698
510;20;698;1665;1240
510;20;1240;698;699
510;20;699;1240;1241
510;20;1241;699;
510;20;1242;;945
510;20;945;1242;946
510;20;946;945;1821
510;20;1821;946;
510;20;901;;902
510;20;902;901;
510;20;360;;
510;20;1580;;748
510;20;748;1580;988
510;20;988;748;1579
510;20;1579;988;
510;20;623;;624
510;20;624;623;
510;20;1125;;1126
510;20;1126;1125;
510;20;1127;;1128
510;20;1128;1127;1130
510;20;1130;1128;
510;20;1132;;1133
510;20;1133;1132;1134
510;20;1134;1133;
510;20;1244;;688
510;20;688;1244;1245
510;20;1245;688;689
510;20;689;1245;690
510;20;690;689;
510;20;1825;;1826
510;20;1826;1825;
510;20;6052;;6053
510;20;6053;6052;6054
510;20;6054;6053;6055
510;20;6055;6054;6063
510;20;6063;6055;6056
510;20;6056;6063;6057
510;20;6057;6056;6058
510;20;6058;6057;6059
510;20;6059;6058;6060
510;20;6060;6059;6061
510;20;6061;6060;6062
510;20;6062;6061;
510;20;1516;;1517
510;20;1517;1516;
510;20;1669;;1670
510;20;1670;1669;
510;20;1667;;1668
510;20;1668;1667;
510;20;1287;;1288
510;20;1288;1287;
510;20;1763;;1421
510;20;1421;1763;
510;20;228;;
510;20;837;;838
510;20;838;837;1004
510;20;1004;838;839
510;20;839;1004;
510;20;841;;842
510;20;842;841;843
510;20;843;842;1157
510;20;1157;843;
510;20;818;;819
510;20;819;818;820
510;20;820;819;
510;20;833;;834
510;20;834;833;1158
510;20;1158;834;835
510;20;835;1158;1159
510;20;1159;835;
510;20;1225;;1226
510;20;1226;1225;
510;20;1149;;1150
510;20;1150;1149;1151
510;20;1151;1150;1152
510;20;1152;1151;
510;20;826;;827
510;20;827;826;1250
510;20;1250;827;828
510;20;828;1250;
510;20;1655;;1656
510;20;1656;1655;
510;20;1154;;1155
510;20;1155;1154;1156
510;20;1156;1155;
510;20;1641;;1642
510;20;1642;1641;
510;20;822;;823
510;20;823;822;1251
510;20;1251;823;824
510;20;824;1251;
510;20;1750;;
510;20;1304;;1305
510;20;1305;1304;1306
510;20;1306;1305;1613
510;20;1613;1306;
510;20;68;;69
510;20;69;68;1568
510;20;1568;69;70
510;20;70;1568;71
510;20;71;70;72
510;20;72;71;73
510;20;73;72;74
510;20;74;73;75
510;20;75;74;76
510;20;76;75;77
510;20;77;76;78
510;20;78;77;79
510;20;79;78;80
510;20;80;79;81
510;20;81;80;
510;20;1419;;1420
510;20;1420;1419;1761
510;20;1761;1420;1787
510;20;1787;1761;1788
510;20;1788;1787;1789
510;20;1789;1788;1790
510;20;1790;1789;
510;20;1451;;1452
510;20;1452;1451;
510;20;884;;1730
510;20;1730;884;
510;20;885;;886
510;20;886;885;887
510;20;887;886;
510;20;1693;;1694
510;20;1694;1693;1695
510;20;1695;1694;
510;20;938;;939
510;20;939;938;942
510;20;942;939;943
510;20;943;942;
510;20;1702;;912
510;20;912;1702;913
510;20;913;912;
510;20;1378;;1379
510;20;1379;1378;
510;20;380;;
510;20;251;;
510;20;800;;801
510;20;801;800;
510;20;1258;;1410
510;20;1410;1258;
510;20;1024;;797
510;20;797;1024;
510;20;857;;858
510;20;858;857;
510;20;1324;;1325
510;20;1325;1324;1326
510;20;1326;1325;
510;20;581;;582
510;20;582;581;
510;20;1072;;1073
510;20;1073;1072;
510;20;257;;
510;20;1685;;1686
510;20;1686;1685;1687
510;20;1687;1686;
510;20;1689;;1690
510;20;1690;1689;
510;20;1697;;1698
510;20;1698;1697;1699
510;20;1699;1698;1700
510;20;1700;1699;
510;20;384;;
510;20;323;;
510;20;1281;;637
510;20;637;1281;638
510;20;638;637;998
510;20;998;638;
510;20;639;;640
510;20;640;639;
510;20;1328;;1329
510;20;1329;1328;
510;20;1402;;1405
510;20;1405;1402;1406
510;20;1406;1405;1632
510;20;1632;1406;
510;20;1629;;1630
510;20;1630;1629;1631
510;20;1631;1630;
510;20;433;;1556
510;20;1556;433;435
510;20;435;1556;
510;20;567;;1291
510;20;1291;567;568
510;20;568;1291;1292
510;20;1292;568;569
510;20;569;1292;570
510;20;570;569;851
510;20;851;570;
510;20;812;;813
510;20;813;812;
510;20;400;;
510;20;1734;;
510;20;1661;;1662
510;20;1662;1661;1663
510;20;1663;1662;1664
510;20;1664;1663;
510;20;1470;;741
510;20;741;1470;742
510;20;742;741;743
510;20;743;742;1471
510;20;1471;743;744
510;20;744;1471;745
510;20;745;744;
510;20;725;;726
510;20;726;725;727
510;20;727;726;1472
510;20;1472;727;728
510;20;728;1472;729
510;20;729;728;730
510;20;730;729;731
510;20;731;730;732
510;20;732;731;1466
510;20;1466;732;
510;20;733;;736
510;20;736;733;737
510;20;737;736;738
510;20;738;737;
510;20;1603;;1555
510;20;1555;1603;1604
510;20;1604;1555;
510;20;486;;1464
510;20;1464;486;487
510;20;487;1464;1465
510;20;1465;487;488
510;20;488;1465;489
510;20;489;488;
510;20;1461;;1599
510;20;1599;1461;
510;20;483;;1462
510;20;1462;483;1463
510;20;1463;1462;1600
510;20;1600;1463;
510;20;1440;;1441
510;20;1441;1440;
510;20;791;;792
510;20;792;791;
510;20;1215;;1216
510;20;1216;1215;
510;20;656;;1526
510;20;1526;656;657
510;20;657;1526;658
510;20;658;657;
510;20;963;;964
510;20;964;963;
510;20;651;;652
510;20;652;651;
510;20;1671;;1672
510;20;1672;1671;
510;20;1457;;701
510;20;701;1457;702
510;20;702;701;1455
510;20;1455;702;
510;20;1331;;1332
510;20;1332;1331;1333
510;20;1333;1332;
510;20;1170;;1171
510;20;1171;1170;
510;20;889;;890
510;20;890;889;891
510;20;891;890;
510;20;877;;1235
510;20;1235;877;878
510;20;878;1235;1236
510;20;1236;878;881
510;20;881;1236;
510;20;1606;;882
510;20;882;1606;
510;20;1415;;1416
510;20;1416;1415;1627
510;20;1627;1416;
510;20;1191;;1192
510;20;1192;1191;1193
510;20;1193;1192;1194
510;20;1194;1193;
510;20;803;;804
510;20;804;803;
510;20;1188;;1189
510;20;1189;1188;
510;20;1335;;1336
510;20;1336;1335;1337
510;20;1337;1336;1338
510;20;1338;1337;1339
510;20;1339;1338;
510;20;1174;;1175
510;20;1175;1174;1176
510;20;1176;1175;1177
510;20;1177;1176;1178
510;20;1178;1177;
510;20;533;;1395
510;20;1395;533;534
510;20;534;1395;535
510;20;535;534;
510;20;1518;;1398
510;20;1398;1518;1820
510;20;1820;1398;1399
510;20;1399;1820;1400
510;20;1400;1399;
510;20;1444;;1447
510;20;1447;1444;1448
510;20;1448;1447;1449
510;20;1449;1448;
510;20;390;;
510;20;1748;;
510;20;1738;;
510;20;1752;;
510;20;388;;
510;20;1754;;
510;20;372;;373
510;20;373;372;374
510;20;374;373;375
510;20;375;374;
510;20;1746;;
510;20;1736;;
510;20;1650;;1651
510;20;1651;1650;1652
510;20;1652;1651;1653
510;20;1653;1652;
510;20;396;;
510;20;1742;;
510;20;1732;;
510;20;521;;527
510;20;527;521;995
510;20;995;527;528
510;20;528;995;
510;20;1539;;1390
510;20;1390;1539;695
510;20;695;1390;1389
510;20;1389;695;522
510;20;522;1389;523
510;20;523;522;524
510;20;524;523;
510;20;1423;;1424
510;20;1424;1423;
510;20;1814;;1815
510;20;1815;1814;
510;20;1673;;1674
510;20;1674;1673;1675
510;20;1675;1674;
510;20;1075;;1076
510;20;1076;1075;
510;20;1199;;1200
510;20;1200;1199;
510;20;1808;;1809
510;20;1809;1808;
510;20;931;;1387
510;20;1387;931;932
510;20;932;1387;
510;20;1435;;1436
510;20;1436;1435;1437
510;20;1437;1436;1438
510;20;1438;1437;
510;20;1374;;1375
510;20;1375;1374;1376
510;20;1376;1375;
510;20;1371;;1372
510;20;1372;1371;
510;20;750;;751
510;20;751;750;
510;20;329;;
510;20;676;;1785
510;20;1785;676;677
510;20;677;1785;1369
510;20;1369;677;678
510;20;678;1369;
510;20;578;;579
510;20;579;578;
510;20;1804;;1805
510;20;1805;1804;1806
510;20;1806;1805;
510;20;562;;563
510;20;563;562;1343
510;20;1343;563;564
510;20;564;1343;565
510;20;565;564;
510;20;255;;
510;20;992;;1607
510;20;1607;992;
510;20;1381;;1382
510;20;1382;1381;
510;20;673;;674
510;20;674;673;
510;20;1319;;1320
510;20;1320;1319;1321
510;20;1321;1320;1322
510;20;1322;1321;
510;20;1262;;1263
510;20;1263;1262;
510;20;642;;1317
510;20;1317;642;643
510;20;643;1317;644
510;20;644;643;
510;20;612;;613
510;20;613;612;614
510;20;614;613;
510;20;129;;150
510;20;150;129;130
510;20;130;150;131
510;20;131;130;132
510;20;132;131;133
510;20;133;132;134
510;20;134;133;135
510;20;135;134;
510;20;1403;;1301
510;20;1301;1403;617
510;20;617;1301;1300
510;20;1300;617;618
510;20;618;1300;
510;20;953;;954
510;20;954;953;
510;20;855;;1298
510;20;1298;855;
510;20;784;;1289
510;20;1289;784;1290
510;20;1290;1289;785
510;20;785;1290;786
510;20;786;785;
510;20;1612;;1308
510;20;1308;1612;1309
510;20;1309;1308;1310
510;20;1310;1309;
510;20;1360;;1361
510;20;1361;1360;
510;20;1426;;1427
510;20;1427;1426;1428
510;20;1428;1427;1429
510;20;1429;1428;
510;20;530;;531
510;20;531;530;
510;20;1276;;1277
510;20;1277;1276;
510;20;1679;;1680
510;20;1680;1679;
510;20;1758;;
510;20;1647;;1648
510;20;1648;1647;
510;20;620;;621
510;20;621;620;
