CID;TABCD;LCD;CLASS;TCD;STCD;JUNCTIONNUMBER;RNID;N1ID;N2ID;POL_LCD;OTH_LCD;SEG_LCD;ROA_LCD;INPOS;INNEG;OUTPOS;OUTNEG;PRESENTPOS;PRESENTNEG;DIVERSIONPOS;DIVERSIONNEG;XCOORD;YCOORD;INTERRUPTSROAD;URBAN
510;20;935;P;1;10;;2007;1233;;4;;;933;1;1;1;1;1;1;;;+10274465;+2512300;0;0
510;20;1816;P;1;11;;2007;2005;;4;;;933;1;1;1;1;1;1;;;+10274253;+2514553;0;0
510;20;386;P;4;0;;;1896;;4;;;385;;;;;;;;;+10265805;+2511145;0;0
510;20;394;P;4;0;;;1904;;4;;;393;;;;;;;;;+10264896;+2510570;0;0
510;20;1040;P;1;10;;1261;1073;;4;;;1039;1;1;1;1;1;1;;;+10264672;+2504735;0;0
510;20;716;P;1;12;;1261;1185;;4;;;1039;1;1;1;1;1;1;;;+10265281;+2506283;0;1
510;20;715;P;1;10;;1261;1184;;4;;;1039;1;1;1;1;1;1;;;+10265745;+2506337;0;1
510;20;717;P;1;10;;1261;1186;;4;;;1039;1;1;1;1;1;1;;;+10266266;+2506402;0;1
510;20;718;P;1;3;;1261;1108;;4;;;1039;1;1;1;1;1;1;;;+10266813;+2506470;0;1
510;20;1042;P;1;10;;1261;1587;;4;;;1039;1;1;1;1;1;1;;;+10267529;+2506054;0;1
510;20;1043;P;1;10;;1261;1399;;4;;;1039;1;1;1;1;1;1;;;+10268084;+2505547;0;1
510;20;1044;P;1;12;;1261;1192;;4;;;1039;1;1;1;1;1;1;;;+10269020;+2505210;0;1
510;20;1051;P;1;6;;1261;1134;;4;;;1039;1;1;1;1;1;1;;;+10269226;+2505094;0;1
510;20;437;P;1;10;;1079;1064;;4;;;436;1;1;1;1;1;1;;;+10273448;+2503099;0;1
510;20;438;P;1;8;;1079;1043;;4;;;436;1;1;1;1;1;1;;;+10274460;+2502606;0;1
510;20;446;P;1;10;;1071;1069;;4;;;445;1;1;1;1;1;1;;;+10270008;+2503292;0;1
510;20;1231;P;1;10;;1071;1442;;4;;;445;1;1;1;1;1;1;;;+10270264;+2503298;0;1
510;20;1541;P;1;12;;1071;1085;;4;;;445;1;1;1;1;1;1;;;+10270887;+2503340;0;1
510;20;448;P;1;10;;1071;1081;;4;;;445;1;1;1;1;1;1;;;+10271681;+2503344;0;1
510;20;1784;P;1;10;;1587;1261;;4;;;412;1;1;1;1;1;1;;;+10267529;+2506054;0;1
510;20;414;P;1;10;;1587;1067;;4;;;412;1;1;1;1;1;1;;;+10267393;+2506524;0;1
510;20;415;P;1;10;;1587;1068;;4;;;412;1;1;1;1;1;1;;;+10267441;+2507111;0;1
510;20;1002;P;1;10;;1587;1626;;4;;;412;1;1;1;1;1;1;;;+10267115;+2508532;0;0
510;20;416;P;1;10;;1587;2001;;4;;;412;1;1;1;1;1;1;;;+10266650;+2510963;0;0
510;20;440;P;1;10;;1080;1081;;4;;;439;1;1;1;1;1;1;;;+10271681;+2503344;0;1
510;20;441;P;1;10;;1080;1082;;4;;;439;1;1;1;1;1;1;;;+10271991;+2503348;0;1
510;20;442;P;1;10;;1080;1083;;4;;;439;1;1;1;1;1;1;;;+10272555;+2503354;0;1
510;20;443;P;1;10;;1080;1084;;4;;;439;1;1;1;1;1;1;;;+10273007;+2503268;0;1
510;20;444;P;1;10;;1080;1064;;4;;;439;1;1;1;1;1;1;;;+10273448;+2503099;0;1
510;20;422;P;1;10;;1069;1064;;4;;;421;1;1;1;1;1;1;;;+10270818;+2502308;0;1
510;20;994;P;1;11;;1069;1166;;4;;;421;1;1;1;1;1;1;;;+10270587;+2502652;0;1
510;20;423;P;1;10;;1069;1071;;4;;;421;1;1;1;1;1;1;;;+10270008;+2503292;0;1
510;20;1045;P;1;10;;1069;1393;;4;;;421;1;1;1;1;1;1;;;+10269705;+2503743;0;1
510;20;424;P;1;10;;1069;1072;;4;;;421;1;1;1;1;1;1;;;+10269448;+2504055;0;1
510;20;425;P;1;10;;1069;1073;;4;;;421;1;1;1;1;1;1;;;+10269444;+2504396;0;1
510;20;1046;P;1;6;;1069;1134;;4;;;421;1;1;1;1;1;1;;;+10269226;+2505094;0;1
510;20;409;P;1;10;;1135;1587;;4;;;408;1;1;1;1;1;1;;;+10266650;+2510963;0;0
510;20;410;P;1;8;;1135;1064;;4;;;408;1;1;1;1;1;1;;;+10251900;+2522170;0;1
510;20;449;P;1;12;;1135;2002;;4;;;408;1;1;1;1;1;1;;;+10241956;+2554061;0;0
510;20;467;P;1;12;;997;1076;;4;;;466;1;1;1;1;1;1;;;+10260693;+2498708;0;0
510;20;1161;P;1;12;;997;2003;;4;;;466;1;1;1;1;1;1;;;+10261792;+2499249;0;0
510;20;468;P;1;3;;997;996;;4;;;466;1;1;1;1;1;1;;;+10262243;+2499278;0;0
510;20;1533;P;1;10;;997;1588;;4;;;466;1;1;1;1;1;1;;;+10264478;+2502156;0;0
510;20;1534;P;1;10;;997;1548;;4;;;466;1;1;1;1;1;1;;;+10264978;+2502410;0;0
510;20;471;P;1;6;;997;1108;;4;;;466;1;1;1;1;1;1;;;+10266979;+2503028;0;0
510;20;472;P;1;13;;997;1109;;4;;;466;1;1;1;1;1;1;;;+10267828;+2502932;0;0
510;20;893;P;1;10;;1147;1148;;4;;;892;1;1;1;1;1;1;;;+10271062;+2505552;0;1
510;20;894;P;1;7;;1147;1118;;4;;;892;1;1;1;1;1;1;;;+10270969;+2506001;0;1
510;20;895;P;1;10;;1147;1119;;4;;;892;1;1;1;1;1;1;;;+10270901;+2506789;0;1
510;20;1480;P;1;10;;1147;1258;;4;;;892;1;1;1;1;1;1;;;+10270977;+2507143;0;1
510;20;1481;P;1;11;;1147;1259;;4;;;892;1;1;1;1;1;1;;;+10271066;+2507396;0;1
510;20;896;P;1;10;;1147;1068;;4;;;892;1;1;1;1;1;1;;;+10271309;+2507747;0;1
510;20;1482;P;1;10;;1147;2004;;4;;;892;1;1;1;1;1;1;;;+10271802;+2509255;0;0
510;20;897;P;1;10;;1147;1223;;4;;;892;1;1;1;1;1;1;;;+10272004;+2509973;0;0
510;20;898;P;1;10;;1147;1224;;4;;;892;1;1;1;1;1;1;;;+10272450;+2511233;0;0
510;20;1782;P;1;10;;1147;1714;;4;;;892;1;1;1;1;1;1;;;+10273115;+2513182;0;0
510;20;1511;P;1;11;;1147;2005;;4;;;892;1;1;1;1;1;1;;;+10273702;+2514781;0;0
510;20;1569;P;1;3;;1067;1108;;4;;;752;1;1;1;1;1;1;;;+10266813;+2506470;0;1
510;20;754;P;1;10;;1067;1587;;4;;;752;1;1;1;1;1;1;;;+10267393;+2506524;0;1
510;20;755;P;1;10;;1067;1192;;4;;;752;1;1;1;1;1;1;;;+10268707;+2506414;0;1
510;20;756;P;1;10;;1067;1123;;4;;;752;1;1;1;1;1;1;;;+10269262;+2506391;0;1
510;20;1347;P;1;10;;1067;1257;;4;;;752;1;1;1;1;1;1;;;+10269892;+2506276;0;1
510;20;757;P;1;10;;1067;1193;;4;;;752;1;1;1;1;1;1;;;+10270213;+2506279;0;1
510;20;1348;P;1;8;;1067;1147;;4;;;752;1;1;1;1;1;1;;;+10270948;+2506101;0;1
510;20;313;P;4;0;;;1349;;4;;;312;;;;;;;;;+10271276;+2501412;0;1
510;20;299;P;4;0;;;1335;;4;;;298;;;;;;;;;+10272437;+2501399;0;1
510;20;454;P;1;3;;1136;1588;;4;;452;;1;1;1;1;1;1;;;+10219002;+2495551;0;0
510;20;455;P;1;3;;1136;1089;;4;;452;;1;1;1;1;1;1;;;+10228992;+2496752;0;0
510;20;456;P;1;3;;1136;1600;;4;;452;;1;1;1;1;1;1;;;+10238892;+2492922;0;0
510;20;457;P;1;7;;1136;1649;;4;;452;;1;1;1;1;1;1;;;+10248789;+2492692;0;1
510;20;458;P;1;6;;1136;1598;;4;;452;;1;1;1;1;1;1;;;+10252050;+2493416;0;0
510;20;1775;P;1;6;;1136;1960;;4;;452;;1;1;1;1;1;1;;;+10258615;+2495098;0;0
510;20;459;P;1;12;;1136;997;;4;;452;;1;1;1;1;1;1;;;+10260693;+2498708;1010;0
510;20;1010;P;1;3;;1136;1995;;4;;870;;1;1;1;1;1;1;;;+10278730;+2498646;459;0
510;20;872;P;1;7;;1136;1308;;4;;870;;1;1;1;1;1;1;;;+10281083;+2498892;0;0
510;20;873;P;1;3;;1136;1987;;4;;870;;1;1;1;1;1;1;;;+10281669;+2499372;0;0
510;20;874;P;1;12;;1136;1376;;4;;870;;1;1;1;1;1;1;;;+10283465;+2500967;0;0
510;20;1474;P;1;12;;1136;1961;;4;;870;;1;1;1;1;1;1;;;+10297737;+2512278;0;0
510;20;402;P;1;8;;1308;1043;;4;;;1519;1;1;1;1;1;1;;;+10274460;+2502606;0;1
510;20;403;P;1;10;;1308;1373;;4;;;1519;1;1;1;1;1;1;;;+10276805;+2500871;0;0
510;20;1007;P;1;12;;1308;1160;;4;;;1519;1;1;1;1;1;1;;;+10277423;+2500711;0;0
510;20;1008;P;1;12;;1308;1374;;4;;;1519;1;1;1;1;1;1;;;+10278383;+2500415;0;0
510;20;404;P;1;6;;1308;1076;;4;;;1519;1;1;1;1;1;1;;;+10281083;+2498892;0;0
510;20;1520;P;1;12;;1308;1028;;4;;;1519;1;1;1;1;1;1;;;+10284135;+2497694;0;0
510;20;1778;P;1;3;;1964;1995;;4;;;1777;1;1;1;1;1;1;;;+10332543;+2484211;0;0
510;20;450;P;1;12;;1964;1965;;4;;;1777;1;1;1;1;1;1;;;+10347269;+2488217;0;0
510;20;1521;P;1;12;;1139;1308;;4;;;401;1;1;1;1;1;1;;;+10284135;+2497694;0;0
510;20;405;P;1;7;;1139;1456;;4;;;401;1;1;1;1;1;1;;;+10287681;+2496575;0;0
510;20;1001;P;1;6;;1139;1375;;4;;;401;1;1;1;1;1;1;;;+10304437;+2496152;0;0
510;20;406;P;1;3;;1139;1995;;4;;;401;1;1;1;1;1;1;;;+10315086;+2493041;0;0
510;20;1000;P;1;12;;1139;1251;;4;;;401;1;1;1;1;1;1;;;+10327287;+2486231;0;0
510;20;407;P;1;10;;1139;1742;;4;;;401;1;1;1;1;1;1;;;+10332149;+2483652;0;0
510;20;1009;P;1;3;;1139;1964;;4;;;401;1;1;1;1;1;1;;;+10332543;+2484211;0;0
510;20;558;P;1;6;;1118;1147;;4;;;557;1;1;1;1;1;1;;;+10270969;+2506001;0;1
510;20;1217;P;1;10;;1118;1382;;4;;;557;1;1;1;1;1;1;;;+10271454;+2505705;0;1
510;20;559;P;1;10;;1118;1082;;4;;;557;1;1;1;1;1;1;;;+10271952;+2505413;0;1
510;20;560;P;1;10;;1118;1117;;4;;;557;1;1;1;1;1;1;;;+10272526;+2505196;0;1
510;20;659;P;1;10;;1017;1079;;4;;;1228;1;1;1;1;1;1;;;+10273448;+2503099;0;1
510;20;660;P;1;10;;1017;1115;;4;;;1228;1;1;1;1;1;1;;;+10273447;+2503836;0;1
510;20;661;P;1;10;;1017;1116;;4;;;1228;1;1;1;1;1;1;;;+10273258;+2504388;0;1
510;20;662;P;1;10;;1017;1151;;4;;;1228;1;1;1;1;1;1;;;+10273014;+2504763;0;1
510;20;663;P;1;10;;1017;1129;;4;;;1228;1;1;1;1;1;1;;;+10272748;+2504995;0;1
510;20;664;P;1;10;;1017;1117;;4;;;1228;1;1;1;1;1;1;;;+10272526;+2505196;0;1
510;20;98;P;1;3;;1987;1038;;4;;;97;1;1;1;1;1;1;;;+10278349;+2494991;0;0
510;20;152;P;1;3;;1987;1619;;4;;;97;1;1;1;1;1;1;;;+10279761;+2495424;0;0
510;20;100;P;1;1;;1987;1995;;4;;;97;1;1;1;1;1;1;;;+10282763;+2497019;0;0
510;20;101;P;1;3;;1987;1076;;4;;;97;1;1;1;1;1;1;;;+10281942;+2499584;0;0
510;20;102;P;1;3;;1987;1996;;4;;;97;1;1;1;1;1;1;;;+10280761;+2503479;0;0
510;20;103;P;1;3;;1987;1041;;4;;;97;1;1;1;1;1;1;;;+10283548;+2509765;0;0
510;20;157;P;3;3;;1987;1997;;4;;;97;1;1;1;1;1;1;;;+10284547;+2511772;0;0
510;20;104;P;1;1;;1987;1588;;4;;;97;1;1;1;1;1;1;;;+10284487;+2512308;0;0
510;20;1561;P;1;1;;1019;1619;;4;;;1560;1;1;1;1;1;1;;;+10262676;+2462978;0;0
510;20;1562;P;1;3;;1019;1722;;4;;;1560;1;1;1;1;1;1;;;+10258362;+2464937;0;0
510;20;1563;P;1;3;;1019;1723;;4;;;1560;1;1;1;1;1;1;;;+10259496;+2472733;0;0
510;20;1564;P;1;1;;1019;996;;4;;;1560;1;1;1;1;1;1;;;+10260243;+2476615;0;0
510;20;1565;P;1;3;;1019;1939;;4;;;1560;1;1;1;1;1;1;;;+10255873;+2478807;0;0
510;20;1566;P;1;3;;1019;1940;;4;;;1560;1;1;1;1;1;1;;;+10254108;+2484640;0;0
510;20;163;P;1;3;;1019;1993;;4;;;1560;1;1;1;1;1;1;;;+10253639;+2487976;0;0
510;20;162;P;3;8;;1019;1992;;4;;;1560;1;1;1;1;1;1;;;+10252996;+2489261;0;0
510;20;1567;P;1;1;;1019;1588;;4;;;1560;1;1;1;1;1;1;;;+10251376;+2493677;0;0
510;20;83;P;1;1;;1995;1109;;4;;;82;1;1;1;1;1;1;;;+10274641;+2501728;0;1
510;20;84;P;3;3;;1995;1515;;4;;;82;1;1;1;1;1;1;;;+10275687;+2501498;0;0
510;20;143;P;1;3;;1995;1998;;4;;;82;1;1;1;1;1;1;;;+10276321;+2500984;0;0
510;20;85;P;1;3;;1995;1373;;4;;;82;1;1;1;1;1;1;;;+10276757;+2500200;0;0
510;20;86;P;1;3;;1995;1023;;4;;;82;1;1;1;1;1;1;;;+10277734;+2499411;0;0
510;20;87;P;1;1;;1995;1619;;4;;;82;1;1;1;1;1;1;;;+10278263;+2498771;0;0
510;20;88;P;1;1;;1995;1987;;4;;;82;1;1;1;1;1;1;;;+10283451;+2497007;0;0
510;20;89;P;1;3;;1995;1456;;4;;;82;1;1;1;1;1;1;;;+10286637;+2495477;0;0
510;20;144;P;3;3;;1995;1516;;4;;;82;1;1;1;1;1;1;;;+10288016;+2494649;0;0
510;20;145;P;3;8;;1995;1517;;4;;;82;1;1;1;1;1;1;;;+10288950;+2492943;0;0
510;20;90;P;1;3;;1995;1015;;4;;;82;1;1;1;1;1;1;;;+10291600;+2490986;0;0
510;20;91;P;3;3;;1995;1024;;4;;;82;1;1;1;1;1;1;;;+10298199;+2485270;0;0
510;20;92;P;1;3;;1995;1031;;4;;;82;1;1;1;1;1;1;;;+10298894;+2484996;0;0
510;20;93;P;1;3;;1995;1027;;4;;;82;1;1;1;1;1;1;;;+10305254;+2487295;0;0
510;20;94;P;1;3;;1995;1028;;4;;;82;1;1;1;1;1;1;;;+10315277;+2493004;0;0
510;20;95;P;1;3;;1995;1029;;4;;;82;1;1;1;1;1;1;;;+10329308;+2486109;0;0
510;20;96;P;1;3;;1995;1513;;4;;;82;1;1;1;1;1;1;;;+10332543;+2484211;0;0
510;20;1119;P;1;11;;1431;1427;;4;;;1117;1;1;1;1;1;1;;;+10273695;+2500670;0;1
510;20;1120;P;1;12;;1431;1430;;4;;;1117;1;1;1;1;1;1;;;+10274118;+2500805;0;1
510;20;1121;P;1;10;;1431;1106;;4;;;1117;1;1;1;1;1;1;;;+10274566;+2501008;0;1
510;20;601;P;1;12;;1106;1155;;4;;;600;1;1;1;1;1;1;;;+10274922;+2500611;0;0
510;20;602;P;1;10;;1106;1078;;4;;;600;1;1;1;1;1;1;;;+10274729;+2500783;0;1
510;20;1475;P;1;10;;1106;1431;;4;;;600;1;1;1;1;1;1;;;+10274566;+2501008;0;1
510;20;603;P;1;12;;1106;1154;;4;;;600;1;1;1;1;1;1;;;+10274442;+2501196;0;1
510;20;1476;P;1;10;;1106;1432;;4;;;600;1;1;1;1;1;1;;;+10274277;+2501434;0;1
510;20;1477;P;1;12;;1106;1430;;4;;;600;1;1;1;1;1;1;;;+10274151;+2501621;0;1
510;20;604;P;1;10;;1106;1109;;4;;;600;1;1;1;1;1;1;;;+10274092;+2501706;0;1
510;20;1478;P;1;10;;1106;1474;;4;;;600;1;1;1;1;1;1;;;+10273814;+2502070;0;1
510;20;1479;P;1;10;;1106;1388;;4;;;600;1;1;1;1;1;1;;;+10273677;+2502299;0;1
510;20;605;P;1;10;;1106;1064;;4;;;600;1;1;1;1;1;1;;;+10273208;+2502924;0;1
510;20;544;P;1;10;;1134;1105;;4;;;543;1;1;1;1;1;1;;;+10270041;+2502185;0;1
510;20;999;P;1;10;;1134;1166;;4;;;543;1;1;1;1;1;1;;;+10269806;+2502500;0;1
510;20;545;P;1;10;;1134;1131;;4;;;543;1;1;1;1;1;1;;;+10269303;+2503141;0;1
510;20;1221;P;1;10;;1134;1393;;4;;;543;1;1;1;1;1;1;;;+10269064;+2503548;0;1
510;20;546;P;1;10;;1134;1072;;4;;;543;1;1;1;1;1;1;;;+10268984;+2503684;0;1
510;20;1222;P;1;10;;1134;1180;;4;;;543;1;1;1;1;1;1;;;+10268937;+2503956;0;1
510;20;547;P;1;10;;1134;1073;;4;;;543;1;1;1;1;1;1;;;+10268919;+2504429;0;1
510;20;993;P;1;10;;1134;1132;;4;;;543;1;1;1;1;1;1;;;+10268995;+2504894;0;1
510;20;548;P;1;8;;1134;1069;;4;;;543;1;1;1;1;1;1;;;+10269226;+2505094;0;1
510;20;550;P;1;10;;1064;1105;;4;;;549;1;1;1;1;1;1;;;+10270041;+2502185;0;1
510;20;551;P;1;10;;1064;1069;;4;;;549;1;1;1;1;1;1;;;+10270818;+2502308;0;1
510;20;552;P;1;10;;1064;1058;;4;;;549;1;1;1;1;1;1;;;+10271443;+2502369;0;1
510;20;1219;P;1;10;;1064;1453;;4;;;549;1;1;1;1;1;1;;;+10271826;+2502401;0;1
510;20;553;P;1;10;;1064;1082;;4;;;549;1;1;1;1;1;1;;;+10272085;+2502419;0;1
510;20;554;P;1;10;;1064;1083;;4;;;549;1;1;1;1;1;1;;;+10272551;+2502468;0;1
510;20;1220;P;1;10;;1064;1388;;4;;;549;1;1;1;1;1;1;;;+10272751;+2502608;0;1
510;20;555;P;1;10;;1064;1106;;4;;;549;1;1;1;1;1;1;;;+10273208;+2502924;0;1
510;20;556;P;1;10;;1064;1079;;4;;;549;1;1;1;1;1;1;;;+10273448;+2503099;0;1
510;20;1756;P;4;0;;;1931;;4;;;1755;;;;;;;;;+10264179;+2506218;0;0
510;20;1759;P;1;10;;1714;1117;;4;;;1570;1;1;1;1;1;1;;;+10276336;+2508733;0;0
510;20;934;P;1;3;;1714;1588;;4;;;1570;1;1;1;1;1;1;;;+10276638;+2510157;0;0
510;20;1011;P;1;10;;1714;1082;;4;;;1570;1;1;1;1;1;1;;;+10275056;+2511549;0;0
510;20;1571;P;1;10;;1714;1233;;4;;;1570;1;1;1;1;1;1;;;+10274465;+2512300;0;0
510;20;1572;P;1;10;;1714;1147;;4;;;1570;1;1;1;1;1;1;;;+10273115;+2513182;0;0
510;20;1797;P;1;10;;1976;1399;;4;;;1796;1;1;1;1;1;1;;;+10268907;+2502636;0;1
510;20;1798;P;1;10;;1976;1134;;4;;;1796;1;1;1;1;1;1;;;+10269563;+2502806;0;1
510;20;1799;P;1;10;;1976;1069;;4;;;1796;1;1;1;1;1;1;;;+10270393;+2502838;0;1
510;20;347;P;4;0;;;1678;;4;;;346;;;;;;;;;+10274249;+2505737;0;1
510;20;365;P;4;0;;;1679;;4;;;348;;;;;;;;;+10274403;+2505552;0;1
510;20;956;P;1;10;;1151;1129;;4;;;955;1;1;1;1;1;1;;;+10272554;+2504688;0;1
510;20;957;P;1;10;;1151;1017;;4;;;955;1;1;1;1;1;1;;;+10273014;+2504763;0;1
510;20;958;P;1;10;;1151;1191;;4;;;955;1;1;1;1;1;1;;;+10273741;+2505270;0;1
510;20;1014;P;1;10;;1151;1119;;4;;;955;1;1;1;1;1;1;;;+10274109;+2505353;0;1
510;20;1522;P;1;10;;1151;1043;;4;;;955;1;1;1;1;1;1;;;+10274399;+2505473;0;1
510;20;1015;P;1;10;;1151;1380;;4;;;955;1;1;1;1;1;1;;;+10274807;+2506088;0;1
510;20;960;P;1;10;;1151;1160;;4;;;955;1;1;1;1;1;1;;;+10275300;+2506721;0;1
510;20;961;P;1;12;;1151;1236;;4;;;955;1;1;1;1;1;1;;;+10275490;+2507079;0;0
510;20;572;P;1;10;;1129;1080;;4;;;571;1;1;1;1;1;1;;;+10272555;+2503354;0;1
510;20;1016;P;1;12;;1129;1381;;4;;;571;1;1;1;1;1;1;;;+10272555;+2503551;0;1
510;20;573;P;1;10;;1129;1115;;4;;;571;1;1;1;1;1;1;;;+10272553;+2503824;0;1
510;20;574;P;1;10;;1129;1116;;4;;;571;1;1;1;1;1;1;;;+10272553;+2504306;0;1
510;20;575;P;1;10;;1129;1151;;4;;;571;1;1;1;1;1;1;;;+10272554;+2504688;0;1
510;20;576;P;1;10;;1129;1017;;4;;;571;1;1;1;1;1;1;;;+10272748;+2504995;0;1
510;20;367;P;4;0;;;1688;;4;;;366;;;;;;;;;+10274440;+2504830;0;1
510;20;863;P;1;10;;1119;1216;;4;;;862;1;1;1;1;1;1;;;+10270421;+2506800;0;1
510;20;864;P;1;10;;1119;1147;;4;;;862;1;1;1;1;1;1;;;+10270901;+2506789;0;1
510;20;865;P;1;10;;1119;1382;;4;;;862;1;1;1;1;1;1;;;+10271827;+2506735;0;1
510;20;866;P;1;10;;1119;1082;;4;;;862;1;1;1;1;1;1;;;+10272379;+2506585;0;1
510;20;1017;P;1;12;;1119;1383;;4;;;862;1;1;1;1;1;1;;;+10272673;+2506509;0;1
510;20;867;P;1;10;;1119;1218;;4;;;862;1;1;1;1;1;1;;;+10272905;+2506400;0;1
510;20;868;P;1;11;;1119;1117;;4;;;862;1;1;1;1;1;1;;;+10273357;+2506023;0;1
510;20;1018;P;1;10;;1119;1384;;4;;;862;1;1;1;1;1;1;;;+10273624;+2505804;0;1
510;20;869;P;1;10;;1119;1151;;4;;;862;1;1;1;1;1;1;;;+10274109;+2505353;0;1
510;20;1019;P;1;12;;1119;1043;;4;;;862;1;1;1;1;1;1;;;+10274440;+2505074;0;1
510;20;293;P;4;0;;;1683;;4;;;292;;;;;;;;;+10273533;+2501627;0;1
510;20;1111;P;1;12;;1427;1083;;4;;;1110;1;1;1;1;1;1;;;+10273906;+2499980;0;0
510;20;1112;P;1;10;;1427;1078;;4;;;1110;1;1;1;1;1;1;;;+10273748;+2500392;0;1
510;20;1113;P;1;11;;1427;1431;;4;;;1110;1;1;1;1;1;1;;;+10273695;+2500670;0;1
510;20;1114;P;1;8;;1427;1154;;4;;;1110;1;1;1;1;1;1;;;+10273560;+2500981;0;1
510;20;1115;P;1;12;;1427;1432;;4;;;1110;1;1;1;1;1;1;;;+10273479;+2501245;0;1
510;20;1116;P;1;12;;1427;1109;;4;;;1110;1;1;1;1;1;1;;;+10273380;+2501576;0;1
510;20;1210;P;1;11;;1411;1410;;4;;;1209;1;1;1;1;1;1;;;+10271272;+2503588;0;1
510;20;1211;P;1;10;;1411;1405;;4;;;1209;1;1;1;1;1;1;;;+10271512;+2503592;0;1
510;20;1212;P;1;10;;1411;1128;;4;;;1209;1;1;1;1;1;1;;;+10271644;+2503592;0;1
510;20;1573;P;1;12;;1411;1381;;4;;;1209;1;1;1;1;1;1;;;+10271769;+2503549;0;1
510;20;949;P;1;10;;1120;1082;;4;;;947;1;1;1;1;1;1;;;+10273254;+2508109;0;1
510;20;950;P;1;10;;1120;1226;;4;;;947;1;1;1;1;1;1;;;+10273557;+2507898;0;1
510;20;951;P;1;10;;1120;1117;;4;;;947;1;1;1;1;1;1;;;+10274553;+2507211;0;1
510;20;904;P;1;10;;1226;1120;;4;;;903;1;1;1;1;1;1;;;+10273557;+2507898;0;1
510;20;905;P;1;12;;1226;1121;;4;;;903;1;1;1;1;1;1;;;+10274058;+2508690;0;0
510;20;491;P;1;12;;1082;1386;;4;;;490;1;1;1;1;1;1;;;+10272161;+2501720;0;1
510;20;1020;P;1;10;;1082;1167;;4;;;490;1;1;1;1;1;1;;;+10272143;+2501858;0;1
510;20;1021;P;1;10;;1082;1387;;4;;;490;1;1;1;1;1;1;;;+10272115;+2502135;0;1
510;20;492;P;1;10;;1082;1064;;4;;;490;1;1;1;1;1;1;;;+10272085;+2502419;0;1
510;20;1022;P;1;12;;1082;1388;;4;;;490;1;1;1;1;1;1;;;+10272004;+2503193;0;1
510;20;493;P;1;10;;1082;1080;;4;;;490;1;1;1;1;1;1;;;+10271991;+2503348;0;1
510;20;1023;P;1;10;;1082;1381;;4;;;490;1;1;1;1;1;1;;;+10271982;+2503548;0;1
510;20;494;P;1;12;;1082;1115;;4;;;490;1;1;1;1;1;1;;;+10271973;+2503817;0;1
510;20;495;P;1;10;;1082;1116;;4;;;490;1;1;1;1;1;1;;;+10271950;+2504249;0;1
510;20;496;P;1;10;;1082;1117;;4;;;490;1;1;1;1;1;1;;;+10271942;+2504948;0;1
510;20;497;P;1;10;;1082;1118;;4;;;490;1;1;1;1;1;1;;;+10271952;+2505413;0;1
510;20;1025;P;1;12;;1082;1222;;4;;;490;1;1;1;1;1;1;;;+10272144;+2505912;0;1
510;20;498;P;1;10;;1082;1119;;4;;;490;1;1;1;1;1;1;;;+10272379;+2506585;0;1
510;20;499;P;1;6;;1082;1068;;4;;;490;1;1;1;1;1;1;;;+10272585;+2507174;0;1
510;20;500;P;1;10;;1082;1120;;4;;;490;1;1;1;1;1;1;;;+10273254;+2508109;0;1
510;20;501;P;1;10;;1082;1121;;4;;;490;1;1;1;1;1;1;;;+10273725;+2508820;0;0
510;20;502;P;1;11;;1082;1390;;4;;;490;1;1;1;1;1;1;;;+10273913;+2509331;0;0
510;20;1027;P;1;10;;1082;1714;;4;;;490;1;1;1;1;1;1;;;+10275056;+2511549;0;0
510;20;798;P;1;10;;1203;1124;;4;;;796;1;1;1;1;1;1;;;+10270295;+2505637;0;1
510;20;1028;P;1;11;;1203;1150;;4;;;796;1;1;1;1;1;1;;;+10270858;+2505030;0;1
510;20;382;P;4;0;;;1894;;4;;;381;;;;;;;;;+10271437;+2509495;0;0
510;20;377;P;1;1;;1737;1732;;4;;;376;1;1;1;1;1;1;;;+10266650;+2510963;0;0
510;20;378;P;1;3;;1737;1231;;4;;;376;1;1;1;1;1;1;;;+10272158;+2508963;0;0
510;20;1459;P;1;10;;1390;1117;;4;;;1458;1;1;1;1;1;1;;;+10275521;+2508160;0;0
510;20;1460;P;1;11;;1390;1082;;4;;;1458;1;1;1;1;1;1;;;+10273913;+2509331;0;0
510;20;352;P;4;0;;;1687;;4;;;351;;;;;;;;;+10270097;+2501494;0;0
510;20;1268;P;1;12;;1470;1469;;4;;;1267;1;1;1;1;1;1;;;+10271192;+2501590;0;1
510;20;1269;P;1;12;;1470;1058;;4;;;1267;1;1;1;1;1;1;;;+10271584;+2501563;0;1
510;20;1260;P;1;12;;1591;1470;;4;;;1259;1;1;1;1;1;1;;;+10271584;+2501563;0;1
510;20;1535;P;1;12;;1591;1386;;4;;;1259;1;1;1;1;1;1;;;+10272161;+2501720;0;1
510;20;1575;P;1;10;;1373;1749;;4;;;719;1;1;1;1;1;1;;;+10278985;+2490888;0;0
510;20;721;P;1;6;;1373;1038;;4;;;719;1;1;1;1;1;1;;;+10277083;+2494290;0;0
510;20;722;P;1;10;;1373;1428;;4;;;719;1;1;1;1;1;1;;;+10276679;+2497804;0;0
510;20;1253;P;1;12;;1373;1750;;4;;;719;1;1;1;1;1;1;;;+10276675;+2499497;0;0
510;20;1254;P;1;3;;1373;1995;;4;;;719;1;1;1;1;1;1;;;+10276757;+2500200;0;0
510;20;723;P;1;10;;1373;1308;;4;;;719;1;1;1;1;1;1;;;+10276805;+2500871;0;0
510;20;1528;P;1;12;;1698;2009;;4;;;1527;1;1;1;1;1;1;;;+10277544;+2492617;0;0
510;20;1529;P;1;8;;1698;1038;;4;;;1527;1;1;1;1;1;1;;;+10277083;+2494290;0;0
510;20;1530;P;1;10;;1698;2010;;4;;;1527;1;1;1;1;1;1;;;+10276668;+2498738;0;0
510;20;1531;P;1;10;;1698;1374;;4;;;1527;1;1;1;1;1;1;;;+10276664;+2499191;0;0
510;20;1532;P;1;12;;1698;1160;;4;;;1527;1;1;1;1;1;1;;;+10276683;+2499596;0;0
510;20;1293;P;1;10;;1607;2011;;4;;;849;1;1;1;1;1;1;;;+10284349;+2483315;0;0
510;20;1473;P;1;10;;1607;1609;;4;;;849;1;1;1;1;1;1;;;+10283648;+2485277;0;0
510;20;1467;P;1;10;;1607;1606;;4;;;849;1;1;1;1;1;1;;;+10282534;+2488400;0;0
510;20;1295;P;1;10;;1749;1606;;4;;;1576;1;1;1;1;1;1;;;+10282534;+2488400;0;0
510;20;1013;P;1;6;;1749;1456;;4;;;1576;1;1;1;1;1;1;;;+10282148;+2489451;0;0
510;20;1577;P;1;12;;1749;1373;;4;;;1576;1;1;1;1;1;1;;;+10278985;+2490888;0;0
510;20;590;P;1;10;;1084;1080;;4;;;589;1;1;1;1;1;1;;;+10273007;+2503268;0;1
510;20;591;P;1;10;;1084;1106;;4;;;589;1;1;1;1;1;1;;;+10273208;+2502924;0;1
510;20;1676;P;1;12;;1374;1766;;4;;;1311;1;1;1;1;1;1;;;+10271251;+2493694;0;0
510;20;1536;P;1;10;;1374;1038;;4;;;1311;1;1;1;1;1;1;;;+10273743;+2496989;0;0
510;20;1312;P;1;10;;1374;2012;;4;;;1311;1;1;1;1;1;1;;;+10275054;+2498613;0;0
510;20;1313;P;1;10;;1374;1113;;4;;;1311;1;1;1;1;1;1;;;+10276245;+2499211;0;0
510;20;1314;P;1;10;;1374;1373;;4;;;1311;1;1;1;1;1;1;;;+10276664;+2499191;0;0
510;20;1783;P;1;10;;1374;1466;;4;;;1311;1;1;1;1;1;1;;;+10277210;+2499320;0;0
510;20;1315;P;1;10;;1374;1482;;4;;;1311;1;1;1;1;1;1;;;+10277829;+2499703;0;0
510;20;1316;P;1;12;;1374;1308;;4;;;1311;1;1;1;1;1;1;;;+10278383;+2500415;0;0
510;20;1578;P;1;10;;1194;1261;;4;;;764;1;1;1;1;1;1;;;+10265745;+2506337;0;1
510;20;765;P;1;10;;1194;1178;;4;;;764;1;1;1;1;1;1;;;+10265624;+2506733;0;0
510;20;1029;P;1;11;;1194;1185;;4;;;764;1;1;1;1;1;1;;;+10265424;+2506888;0;0
510;20;766;P;1;12;;1194;1391;;4;;;764;1;1;1;1;1;1;;;+10264711;+2507377;0;0
510;20;1032;P;1;10;;1176;1175;;4;;;1031;1;1;1;1;1;1;;;+10265543;+2503950;0;1
510;20;1033;P;1;10;;1176;1417;;4;;;1031;1;1;1;1;1;1;;;+10265489;+2504297;0;1
510;20;1030;P;1;10;;1184;2013;;4;;;759;1;1;1;1;1;1;;;+10265489;+2504297;0;1
510;20;760;P;1;10;;1184;1073;;4;;;759;1;1;1;1;1;1;;;+10265477;+2504680;0;1
510;20;1005;P;1;10;;1184;1210;;4;;;759;1;1;1;1;1;1;;;+10265630;+2505330;0;1
510;20;761;P;1;10;;1184;1177;;4;;;759;1;1;1;1;1;1;;;+10265656;+2505634;0;1
510;20;1006;P;1;12;;1184;1212;;4;;;759;1;1;1;1;1;1;;;+10265778;+2505992;0;1
510;20;762;P;1;10;;1184;1261;;4;;;759;1;1;1;1;1;1;;;+10265745;+2506337;0;1
510;20;971;P;1;10;;1117;1082;;4;;;970;1;1;1;1;1;1;;;+10271942;+2504948;0;1
510;20;972;P;1;10;;1117;1118;;4;;;970;1;1;1;1;1;1;;;+10272526;+2505196;0;1
510;20;973;P;1;10;;1117;1222;;4;;;970;1;1;1;1;1;1;;;+10272914;+2505582;0;1
510;20;974;P;1;11;;1117;1119;;4;;;970;1;1;1;1;1;1;;;+10273357;+2506023;0;1
510;20;975;P;1;10;;1117;1043;;4;;;970;1;1;1;1;1;1;;;+10273815;+2506470;0;1
510;20;976;P;1;10;;1117;1120;;4;;;970;1;1;1;1;1;1;;;+10274553;+2507211;0;1
510;20;977;P;1;10;;1117;1236;;4;;;970;1;1;1;1;1;1;;;+10275521;+2508160;0;0
510;20;1760;P;1;10;;1117;1714;;4;;;970;1;1;1;1;1;1;;;+10276336;+2508733;0;0
510;20;978;P;1;11;;1117;1041;;4;;;970;1;1;1;1;1;1;;;+10277141;+2509145;0;0
510;20;1034;P;3;27;;1083;2018;;4;;;583;1;1;1;1;1;1;;;+10274221;+2499577;0;0
510;20;584;P;1;8;;1083;1752;;4;;;583;1;1;1;1;1;1;;;+10274166;+2499811;0;0
510;20;585;P;1;6;;1083;1078;;4;;;583;1;1;1;1;1;1;;;+10273259;+2500280;0;1
510;20;1035;P;1;6;;1083;1154;;4;;;583;1;1;1;1;1;1;;;+10272988;+2500835;0;1
510;20;586;P;1;7;;1083;1109;;4;;;583;1;1;1;1;1;1;;;+10272809;+2501426;0;1
510;20;1036;P;1;12;;1083;1386;;4;;;583;1;1;1;1;1;1;;;+10272708;+2501772;0;1
510;20;645;P;1;10;;1083;1167;;4;;;583;1;1;1;1;1;1;;;+10272670;+2501901;0;1
510;20;1037;P;1;12;;1083;1387;;4;;;583;1;1;1;1;1;1;;;+10272600;+2502134;0;1
510;20;587;P;1;10;;1083;1064;;4;;;583;1;1;1;1;1;1;;;+10272551;+2502468;0;1
510;20;1038;P;1;10;;1083;1388;;4;;;583;1;1;1;1;1;1;;;+10272552;+2502780;0;1
510;20;588;P;1;10;;1083;1080;;4;;;583;1;1;1;1;1;1;;;+10272555;+2503354;0;1
510;20;297;P;4;0;;;1334;;4;;;296;;;;;;;;;+10272863;+2501495;0;1
510;20;1713;P;1;12;;2017;1427;;4;;;1712;1;1;1;1;1;1;;;+10273922;+2499940;0;0
510;20;1714;P;1;8;;2017;1078;;4;;;1712;1;1;1;1;1;1;;;+10273259;+2500280;0;1
510;20;1715;P;1;12;;2017;1154;;4;;;1712;1;1;1;1;1;1;;;+10272988;+2500835;0;1
510;20;709;P;1;8;;2003;997;;4;;;711;1;1;1;1;1;1;;;+10261511;+2499263;0;0
510;20;713;P;1;10;;2003;1173;;4;;;711;1;1;1;1;1;1;;;+10263872;+2503527;0;0
510;20;1776;P;1;10;;2003;1936;;4;;;711;1;1;1;1;1;1;;;+10264303;+2504337;0;0
510;20;714;P;1;10;;2003;1073;;4;;;711;1;1;1;1;1;1;;;+10264672;+2504735;0;0
510;20;1818;P;1;11;;2005;1147;;4;;;1817;1;1;1;1;1;1;;;+10273702;+2514781;0;0
510;20;1819;P;1;11;;2005;2007;;4;;;1817;1;1;1;1;1;1;;;+10274253;+2514553;0;0
510;20;809;P;1;12;;1207;2019;;4;;;808;1;1;1;1;1;1;;;+10270126;+2504872;0;1
510;20;1052;P;1;12;;1207;1206;;4;;;808;1;1;1;1;1;1;;;+10270331;+2505178;0;1
510;20;810;P;1;11;;1207;1208;;4;;;808;1;1;1;1;1;1;;;+10270430;+2505204;0;1
510;20;1558;P;1;12;;1208;1150;;4;;;1557;1;1;1;1;1;1;;;+10270677;+2504937;0;1
510;20;1559;P;1;11;;1208;1207;;4;;;1557;1;1;1;1;1;1;;;+10270430;+2505204;0;1
510;20;780;P;1;12;;1197;1125;;4;;;779;1;1;1;1;1;1;;;+10269845;+2504464;0;1
510;20;781;P;1;12;;1197;1198;;4;;;779;1;1;1;1;1;1;;;+10270208;+2504539;0;1
510;20;1053;P;1;12;;1197;1696;;4;;;779;1;1;1;1;1;1;;;+10270431;+2504627;0;1
510;20;782;P;1;12;;1197;1150;;4;;;779;1;1;1;1;1;1;;;+10270677;+2504937;0;1
510;20;806;P;1;12;;1198;1197;;4;;;805;1;1;1;1;1;1;;;+10270208;+2504539;0;1
510;20;807;P;1;12;;1198;2019;;4;;;805;1;1;1;1;1;1;;;+10270126;+2504872;0;1
510;20;1431;P;1;11;;1401;1180;;4;;;1430;1;1;1;1;1;1;;;+10268494;+2503905;0;1
510;20;1432;P;1;12;;1401;1461;;4;;;1430;1;1;1;1;1;1;;;+10268360;+2504094;0;1
510;20;1433;P;1;12;;1401;1073;;4;;;1430;1;1;1;1;1;1;;;+10268297;+2504468;0;1
510;20;1054;P;1;8;;1072;1398;;4;;;536;1;1;1;1;1;1;;;+10267543;+2502680;0;0
510;20;1055;P;1;10;;1072;1179;;4;;;536;1;1;1;1;1;1;;;+10267960;+2503099;0;1
510;20;537;P;1;10;;1072;1399;;4;;;536;1;1;1;1;1;1;;;+10268211;+2503254;0;1
510;20;538;P;1;10;;1072;1134;;4;;;536;1;1;1;1;1;1;;;+10268984;+2503684;0;1
510;20;539;P;1;10;;1072;1069;;4;;;536;1;1;1;1;1;1;;;+10269448;+2504055;0;1
510;20;1811;P;1;12;;1981;1116;;4;;;1810;1;1;1;1;1;1;;;+10274255;+2504317;0;1
510;20;1812;P;1;12;;1981;1172;;4;;;1810;1;1;1;1;1;1;;;+10275262;+2504046;0;0
510;20;1056;P;1;12;;1180;1400;;4;;;691;1;1;1;1;1;1;;;+10267320;+2503267;0;1
510;20;692;P;1;10;;1180;1179;;4;;;691;1;1;1;1;1;1;;;+10267601;+2503538;0;1
510;20;693;P;1;10;;1180;1399;;4;;;691;1;1;1;1;1;1;;;+10267892;+2503758;0;1
510;20;1057;P;1;11;;1180;1401;;4;;;691;1;1;1;1;1;1;;;+10268494;+2503905;0;1
510;20;694;P;1;10;;1180;1134;;4;;;691;1;1;1;1;1;1;;;+10268937;+2503956;0;1
510;20;317;P;4;0;;;1686;;4;;;316;;;;;;;;;+10269819;+2501639;0;0
510;20;629;P;1;8;;1105;1074;;4;;;628;1;1;1;1;1;1;;;+10267173;+2497450;0;0
510;20;630;P;1;10;;1105;1165;;4;;;628;1;1;1;1;1;1;;;+10266135;+2498580;0;0
510;20;631;P;1;10;;1105;1038;;4;;;628;1;1;1;1;1;1;;;+10267432;+2500431;0;0
510;20;632;P;1;6;;1105;1753;;4;;;628;1;1;1;1;1;1;;;+10267822;+2500745;0;0
510;20;1059;P;1;10;;1105;1403;;4;;;628;1;1;1;1;1;1;;;+10268966;+2501334;0;0
510;20;633;P;1;7;;1105;1109;;4;;;628;1;1;1;1;1;1;;;+10269568;+2501812;0;0
510;20;634;P;1;10;;1105;1399;;4;;;628;1;1;1;1;1;1;;;+10269821;+2502062;0;1
510;20;635;P;1;10;;1105;1134;;4;;;628;1;1;1;1;1;1;;;+10270041;+2502185;0;1
510;20;339;P;4;0;;;1370;;4;;;338;;;;;;;;;+10266871;+2506376;0;1
510;20;337;P;4;0;;;1534;;4;;;336;;;;;;;;;+10266852;+2506203;0;1
510;20;358;P;4;0;;;1690;;4;;;357;;;;;;;;;+10274533;+2503683;0;1
510;20;263;P;4;0;;;1691;;4;;;262;;;;;;;;;+10274503;+2503268;0;1
510;20;515;P;1;12;;1115;1082;;4;;;514;1;1;1;1;1;1;;;+10271973;+2503817;0;1
510;20;516;P;1;10;;1115;1129;;4;;;514;1;1;1;1;1;1;;;+10272553;+2503824;0;1
510;20;517;P;1;10;;1115;1017;;4;;;514;1;1;1;1;1;1;;;+10273447;+2503836;0;1
510;20;1064;P;1;10;;1115;1406;;4;;;514;1;1;1;1;1;1;;;+10273915;+2503843;0;1
510;20;518;P;1;10;;1115;1043;;4;;;514;1;1;1;1;1;1;;;+10274516;+2503483;0;1
510;20;519;P;1;10;;1115;1181;;4;;;514;1;1;1;1;1;1;;;+10274918;+2503254;0;0
510;20;1062;P;1;12;;1115;1405;;4;;;1710;1;1;1;1;1;1;;;+10271498;+2503806;0;1
510;20;1063;P;1;10;;1115;1128;;4;;;1710;1;1;1;1;1;1;;;+10271616;+2503809;0;1
510;20;1711;P;1;10;;1115;1082;;4;;;1710;1;1;1;1;1;1;;;+10271975;+2503700;0;1
510;20;1795;P;1;10;;1115;1974;;4;;;1710;1;1;1;1;1;1;;;+10272252;+2503820;0;1
510;20;507;P;1;10;;1125;1124;;4;;;506;1;1;1;1;1;1;;;+10269543;+2505324;0;1
510;20;1003;P;1;10;;1125;1206;;4;;;506;1;1;1;1;1;1;;;+10269716;+2505049;0;1
510;20;508;P;1;10;;1125;1073;;4;;;506;1;1;1;1;1;1;;;+10269877;+2504369;0;1
510;20;1066;P;1;12;;1125;1407;;4;;;506;1;1;1;1;1;1;;;+10270139;+2504083;0;1
510;20;1068;P;1;10;;1125;1397;;4;;;506;1;1;1;1;1;1;;;+10270523;+2503751;0;1
510;20;1069;P;3;1;;1125;2042;;4;;;506;1;1;1;1;1;1;;;+10270841;+2503651;0;1
510;20;1061;P;1;12;;1125;2043;;4;;;506;1;1;1;1;1;1;;;+10271498;+2503806;0;1
510;20;1341;P;1;10;;1406;1115;;4;;;1340;1;1;1;1;1;1;;;+10273915;+2503843;0;1
510;20;1342;P;1;12;;1406;1116;;4;;;1340;1;1;1;1;1;1;;;+10273683;+2504389;0;1
510;20;271;P;4;0;;;1305;;4;;;270;;;;;;;;;+10274384;+2502532;0;1
510;20;269;P;4;0;;;1307;;4;;;268;;;;;;;;;+10274076;+2502777;0;1
510;20;279;P;4;0;;;1316;;4;;;278;;;;;;;;;+10274532;+2502536;0;1
510;20;362;P;4;0;;;1705;;4;;;361;;;;;;;;;+10274467;+2504173;0;1
510;20;1499;P;1;12;;1160;1374;;4;;;703;1;1;1;1;1;1;;;+10275927;+2499148;0;0
510;20;704;P;1;3;;1160;1995;;4;;;703;1;1;1;1;1;1;;;+10276757;+2500200;0;0
510;20;1070;P;1;6;;1160;1181;;4;;;703;1;1;1;1;1;1;;;+10277646;+2501882;0;0
510;20;705;P;1;6;;1160;1971;;4;;;703;1;1;1;1;1;1;;;+10277688;+2503564;0;0
510;20;706;P;1;6;;1160;1172;;4;;;703;1;1;1;1;1;1;;;+10277156;+2504887;0;0
510;20;707;P;1;10;;1160;1151;;4;;;703;1;1;1;1;1;1;;;+10275300;+2506721;0;1
510;20;541;P;1;12;;1085;1064;;4;;;540;1;1;1;1;1;1;;;+10270943;+2502315;0;1
510;20;542;P;1;12;;1085;1071;;4;;;540;1;1;1;1;1;1;;;+10270887;+2503340;0;1
510;20;1196;P;1;11;;1448;1449;;4;;;1195;1;1;1;1;1;1;;;+10271159;+2503834;0;1
510;20;1197;P;1;10;;1448;1446;;4;;;1195;1;1;1;1;1;1;;;+10271149;+2503979;0;1
510;20;1617;P;1;10;;1798;1766;;4;;;1616;1;1;1;1;1;1;;;+10271864;+2493321;0;0
510;20;1618;P;1;10;;1798;1038;;4;;;1616;1;1;1;1;1;1;;;+10274919;+2495726;0;0
510;20;1619;P;1;10;;1798;1373;;4;;;1616;1;1;1;1;1;1;;;+10276705;+2497049;0;0
510;20;230;P;4;0;;;1264;;4;;;229;;;;;;;;;+10266906;+2507328;0;1
510;20;249;P;4;0;;;1281;;4;;;248;;;;;;;;;+10271188;+2507793;0;1
510;20;259;P;4;0;;;1295;;4;;;258;;;;;;;;;+10271757;+2507516;0;1
510;20;253;P;4;0;;;1887;;4;;;252;;;;;;;;;+10271669;+2507546;0;1
510;20;214;P;1;13;;1068;1108;;4;;;210;1;1;1;1;1;1;;;+10266877;+2507299;0;1
510;20;215;P;1;3;;1068;1257;;4;;;210;1;1;1;1;1;1;;;+10269599;+2507557;0;1
510;20;217;P;1;3;;1068;1259;;4;;;210;1;1;1;1;1;1;;;+10270497;+2507887;0;1
510;20;218;P;1;3;;1068;1290;;4;;;210;1;1;1;1;1;1;;;+10271441;+2507674;0;1
510;20;219;P;1;1;;1068;1588;;4;;;210;1;1;1;1;1;1;;;+10273347;+2506944;0;1
510;20;241;P;4;0;;;1671;;4;;;240;;;;;;;;;+10270167;+2507718;0;1
510;20;234;P;4;0;;;1267;;4;;;233;;;;;;;;;+10269763;+2507607;0;1
510;20;1492;P;1;10;;1509;1117;;4;;;1491;1;1;1;1;1;1;;;+10273815;+2506470;0;1
510;20;1493;P;1;12;;1509;1218;;4;;;1491;1;1;1;1;1;1;;;+10273422;+2506921;0;1
510;20;1494;P;1;10;;1509;1457;;4;;;1491;1;1;1;1;1;1;;;+10272871;+2507090;0;1
510;20;1495;P;1;8;;1509;1082;;4;;;1491;1;1;1;1;1;1;;;+10272585;+2507174;0;1
510;20;1496;P;1;10;;1509;1221;;4;;;1491;1;1;1;1;1;1;;;+10272058;+2507341;0;1
510;20;1497;P;1;10;;1509;1147;;4;;;1491;1;1;1;1;1;1;;;+10271309;+2507747;0;1
510;20;232;P;4;0;;;1269;;4;;;231;;;;;;;;;+10269560;+2507519;0;1
510;20;243;P;4;0;;;1672;;4;;;242;;;;;;;;;+10270528;+2507843;0;1
510;20;1721;P;1;12;;1970;1119;;4;;;1720;1;1;1;1;1;1;;;+10274459;+2505032;0;1
510;20;1722;P;1;7;;1970;1151;;4;;;1720;1;1;1;1;1;1;;;+10274399;+2505473;0;1
510;20;1723;P;1;12;;1970;1380;;4;;;1720;1;1;1;1;1;1;;;+10273983;+2506128;0;1
510;20;1724;P;1;7;;1970;1117;;4;;;1720;1;1;1;1;1;1;;;+10273815;+2506470;0;1
510;20;1725;P;1;10;;1970;1457;;4;;;1720;1;1;1;1;1;1;;;+10272871;+2507090;0;1
510;20;1726;P;1;7;;1970;1082;;4;;;1720;1;1;1;1;1;1;;;+10272585;+2507174;0;1
510;20;1727;P;1;12;;1970;1875;;4;;;1720;1;1;1;1;1;1;;;+10272256;+2507272;0;1
510;20;285;P;4;0;;;1322;;4;;;284;;;;;;;;;+10273965;+2501740;0;1
510;20;261;P;4;0;;;1296;;4;;;260;;;;;;;;;+10274091;+2505860;0;1
510;20;287;P;4;0;;;1535;;4;;;286;;;;;;;;;+10274105;+2501728;0;1
510;20;273;P;4;0;;;1309;;4;;;272;;;;;;;;;+10274606;+2502511;0;1
510;20;221;P;1;1;;1043;1995;;4;;;211;1;1;1;1;1;1;;;+10274409;+2501966;0;1
510;20;222;P;1;3;;1043;1079;;4;;;211;1;1;1;1;1;1;;;+10274532;+2502737;0;1
510;20;345;P;1;3;;1043;1115;;4;;;211;1;1;1;1;1;1;;;+10274516;+2503483;0;1
510;20;344;P;1;3;;1043;1116;;4;;;211;1;1;1;1;1;1;;;+10274473;+2504210;0;1
510;20;220;P;1;3;;1043;1151;;4;;;211;1;1;1;1;1;1;;;+10274399;+2505473;0;1
510;20;216;P;1;1;;1043;1588;;4;;;211;1;1;1;1;1;1;;;+10273347;+2506944;0;1
510;20;350;P;4;0;;;1680;;4;;;349;;;;;;;;;+10274476;+2505174;0;1
510;20;354;P;4;0;;;1689;;4;;;353;;;;;;;;;+10274563;+2503201;0;1
510;20;356;P;4;0;;;1695;;4;;;355;;;;;;;;;+10274528;+2504140;0;1
510;20;1484;P;1;6;;1510;1109;;4;;;1483;1;1;1;1;1;1;;;+10274436;+2501747;0;1
510;20;1485;P;1;12;;1510;1478;;4;;;1483;1;1;1;1;1;1;;;+10274330;+2502233;0;1
510;20;1486;P;1;8;;1510;1308;;4;;;1483;1;1;1;1;1;1;;;+10274460;+2502606;0;1
510;20;1487;P;1;10;;1510;1115;;4;;;1483;1;1;1;1;1;1;;;+10274516;+2503483;0;1
510;20;1488;P;1;10;;1510;1116;;4;;;1483;1;1;1;1;1;1;;;+10274473;+2504210;0;1
510;20;1489;P;1;10;;1510;1151;;4;;;1483;1;1;1;1;1;1;;;+10274399;+2505473;0;1
510;20;1092;P;1;12;;1510;1380;;4;;;1483;1;1;1;1;1;1;;;+10273983;+2506128;0;1
510;20;1490;P;1;10;;1510;1117;;4;;;1483;1;1;1;1;1;1;;;+10273815;+2506470;0;1
510;20;1582;P;1;12;;1969;1478;;4;;;1581;1;1;1;1;1;1;;;+10274330;+2502233;0;1
510;20;1583;P;1;6;;1969;1079;;4;;;1581;1;1;1;1;1;1;;;+10274460;+2502606;0;1
510;20;1584;P;1;6;;1969;1115;;4;;;1581;1;1;1;1;1;1;;;+10274516;+2503483;0;1
510;20;1585;P;1;12;;1969;2020;;4;;;1581;1;1;1;1;1;1;;;+10274483;+2503821;0;1
510;20;265;P;4;0;;;1301;;4;;;264;;;;;;;;;+10274488;+2502728;0;1
510;20;267;P;4;0;;;1303;;4;;;266;;;;;;;;;+10274091;+2502801;0;1
510;20;283;P;4;0;;;1681;;4;;;282;;;;;;;;;+10274328;+2501775;0;1
510;20;277;P;4;0;;;1314;;4;;;276;;;;;;;;;+10274380;+2502656;0;1
510;20;364;P;4;0;;;1694;;4;;;363;;;;;;;;;+10274464;+2504261;0;1
510;20;325;P;4;0;;;1538;;4;;;324;;;;;;;;;+10267112;+2503118;0;0
510;20;235;P;1;1;;1109;1588;;4;;;212;1;1;1;1;1;1;;;+10267233;+2503099;0;0
510;20;368;P;1;3;;1109;1166;;4;;;212;1;1;1;1;1;1;;;+10269115;+2502108;0;0
510;20;204;P;1;3;;1109;1105;;4;;;212;1;1;1;1;1;1;;;+10269950;+2501565;0;0
510;20;205;P;1;3;;1109;1058;;4;;;212;1;1;1;1;1;1;;;+10271748;+2501397;0;1
510;20;206;P;1;3;;1109;1111;;4;;;212;1;1;1;1;1;1;;;+10272276;+2501369;0;1
510;20;369;P;1;3;;1109;1083;;4;;;212;1;1;1;1;1;1;;;+10272809;+2501426;0;1
510;20;207;P;1;3;;1109;1427;;4;;;212;1;1;1;1;1;1;;;+10273284;+2501557;0;1
510;20;342;P;1;1;;1109;1043;;4;;;212;1;1;1;1;1;1;;;+10274092;+2501706;0;1
510;20;208;P;1;1;;1109;1995;;4;;;212;1;1;1;1;1;1;;;+10274641;+2501728;0;1
510;20;291;P;4;0;;;1685;;4;;;290;;;;;;;;;+10273230;+2501558;0;1
510;20;295;P;4;0;;;1332;;4;;;294;;;;;;;;;+10272768;+2501519;0;1
510;20;319;P;4;0;;;1536;;4;;;318;;;;;;;;;+10269175;+2502110;0;0
510;20;315;P;4;0;;;1539;;4;;;314;;;;;;;;;+10269629;+2501828;0;0
510;20;303;P;4;0;;;1340;;4;;;302;;;;;;;;;+10272039;+2501392;0;1
510;20;311;P;4;0;;;1348;;4;;;310;;;;;;;;;+10271619;+2501476;0;1
510;20;474;P;1;13;;1511;997;;4;;;453;1;1;1;1;1;1;;;+10267828;+2502932;0;0
510;20;1077;P;1;10;;1511;1978;;4;;;453;1;1;1;1;1;1;;;+10268503;+2502516;0;0
510;20;1078;P;1;10;;1511;1166;;4;;;453;1;1;1;1;1;1;;;+10269115;+2502108;0;0
510;20;460;P;1;6;;1511;1105;;4;;;453;1;1;1;1;1;1;;;+10269568;+2501812;0;0
510;20;1498;P;1;12;;1511;2006;;4;;;453;1;1;1;1;1;1;;;+10270498;+2501370;0;1
510;20;461;P;1;10;;1511;1074;;4;;;453;1;1;1;1;1;1;;;+10270868;+2501357;0;1
510;20;462;P;1;6;;1511;1058;;4;;;453;1;1;1;1;1;1;;;+10271748;+2501397;0;1
510;20;463;P;1;6;;1511;1083;;4;;;453;1;1;1;1;1;1;;;+10272809;+2501426;0;1
510;20;1093;P;1;12;;1511;1060;;4;;;453;1;1;1;1;1;1;;;+10273092;+2501490;0;1
510;20;464;P;1;10;;1511;1106;;4;;;453;1;1;1;1;1;1;;;+10274092;+2501706;0;1
510;20;1344;P;1;7;;1511;1043;;4;;;453;1;1;1;1;1;1;;;+10274436;+2501747;0;1
510;20;301;P;4;0;;;1337;;4;;;300;;;;;;;;;+10272413;+2501365;0;1
510;20;321;P;4;0;;;1537;;4;;;320;;;;;;;;;+10269242;+2502004;0;0
510;20;343;P;4;0;;;1883;;4;;;209;;;;;;;;;+10269422;+2501891;0;0
510;20;289;P;4;0;;;1682;;4;;;288;;;;;;;;;+10274135;+2501691;0;1
510;20;307;P;4;0;;;1344;;4;;;306;;;;;;;;;+10271916;+2501331;0;1
510;20;1587;P;1;12;;2046;2021;;4;;;1586;1;1;1;1;1;1;;;+10267982;+2502832;0;0
510;20;1588;P;1;10;;2046;1166;;4;;;1586;1;1;1;1;1;1;;;+10269115;+2502108;0;0
510;20;1589;P;1;10;;2046;1074;;4;;;1586;1;1;1;1;1;1;;;+10270868;+2501357;0;1
510;20;1590;P;1;6;;2046;1058;;4;;;1586;1;1;1;1;1;1;;;+10271748;+2501397;0;1
510;20;1591;P;1;6;;2046;1083;;4;;;1586;1;1;1;1;1;1;;;+10272809;+2501426;0;1
510;20;1592;P;1;10;;2046;1106;;4;;;1586;1;1;1;1;1;1;;;+10274092;+2501706;0;1
510;20;1271;P;1;12;;2049;1109;;4;;;1270;1;1;1;1;1;1;;;+10271463;+2501410;0;1
510;20;1272;P;1;12;;2049;1470;;4;;;1270;1;1;1;1;1;1;;;+10271576;+2501631;0;1
510;20;1273;P;1;12;;2049;1058;;4;;;1270;1;1;1;1;1;1;;;+10271565;+2501759;0;1
510;20;335;P;4;0;;;1882;;4;;;334;;;;;;;;;+10266909;+2506142;0;1
510;20;327;P;4;0;;;1358;;4;;;326;;;;;;;;;+10267080;+2502972;0;0
510;20;331;P;4;0;;;1361;;4;;;330;;;;;;;;;+10267075;+2505208;0;1
510;20;223;P;1;1;;1108;1588;;4;;;213;1;1;1;1;1;1;;;+10267233;+2503099;0;0
510;20;225;P;1;3;;1108;1132;;4;;;213;1;1;1;1;1;1;;;+10267111;+2505486;0;1
510;20;226;P;1;3;;1108;1261;;4;;;213;1;1;1;1;1;1;;;+10266813;+2506470;0;1
510;20;224;P;1;13;;1108;1068;;4;;;213;1;1;1;1;1;1;;;+10266877;+2507299;0;1
510;20;680;P;1;7;;1512;997;;4;;;679;1;1;1;1;1;1;;;+10266979;+2503028;0;0
510;20;681;P;1;10;;1512;1175;;4;;;679;1;1;1;1;1;1;;;+10266985;+2503902;0;1
510;20;1079;P;1;12;;1512;1764;;4;;;679;1;1;1;1;1;1;;;+10267003;+2504137;0;1
510;20;682;P;1;6;;1512;1073;;4;;;679;1;1;1;1;1;1;;;+10267041;+2504567;0;1
510;20;683;P;1;10;;1512;1132;;4;;;679;1;1;1;1;1;1;;;+10267066;+2504937;0;1
510;20;684;P;1;10;;1512;1177;;4;;;679;1;1;1;1;1;1;;;+10267114;+2505531;0;1
510;20;1080;P;1;12;;1512;1212;;4;;;679;1;1;1;1;1;1;;;+10266983;+2505938;0;1
510;20;685;P;1;8;;1512;1261;;4;;;679;1;1;1;1;1;1;;;+10266813;+2506470;0;1
510;20;1081;P;1;12;;1512;1418;;4;;;679;1;1;1;1;1;1;;;+10266774;+2506709;0;1
510;20;686;P;1;10;;1512;1178;;4;;;679;1;1;1;1;1;1;;;+10266672;+2507270;0;1
510;20;1514;P;1;10;;1512;1196;;4;;;679;1;1;1;1;1;1;;;+10266631;+2507486;0;1
510;20;1247;P;1;10;;1512;1178;;4;;;1246;1;1;1;1;1;1;;;+10266672;+2507270;0;1
510;20;1248;P;1;10;;1512;1196;;4;;;1246;1;1;1;1;1;1;;;+10267033;+2507299;0;1
510;20;1249;P;1;10;;1512;1587;;4;;;1246;1;1;1;1;1;1;;;+10267441;+2507111;0;1
510;20;341;P;4;0;;;1372;;4;;;340;;;;;;;;;+10266804;+2506408;0;1
510;20;1284;P;1;12;;1474;1083;;4;;;1280;1;1;1;1;1;1;;;+10272713;+2501772;0;1
510;20;1454;P;1;10;;1474;2050;;4;;;1280;1;1;1;1;1;1;;;+10272930;+2501728;0;1
510;20;1285;P;1;10;;1474;1106;;4;;;1280;1;1;1;1;1;1;;;+10273814;+2502070;0;1
510;20;1084;P;1;12;;1426;1111;;4;;;1083;1;1;1;1;1;1;;;+10272072;+2500884;0;0
510;20;1085;P;1;11;;1426;1059;;4;;;1083;1;1;1;1;1;1;;;+10272511;+2501052;0;1
510;20;1086;P;1;12;;1426;1083;;4;;;1083;1;1;1;1;1;1;;;+10272887;+2501193;0;1
510;20;1089;P;1;10;;1059;1078;;4;;;1088;1;1;1;1;1;1;;;+10272861;+2500148;0;0
510;20;1090;P;1;11;;1059;1426;;4;;;1088;1;1;1;1;1;1;;;+10272511;+2501052;0;1
510;20;1801;P;1;10;;1977;1978;;4;;;1800;1;1;1;1;1;1;;;+10267835;+2501673;0;0
510;20;1802;P;1;11;;1977;1105;;4;;;1800;1;1;1;1;1;1;;;+10268403;+2501069;0;0
510;20;60;P;1;3;;1143;1723;;4;;;59;1;1;1;1;1;1;;;+10260114;+2476382;0;0
510;20;61;P;1;3;;1143;1613;;4;;;59;1;1;1;1;1;1;;;+10261801;+2477979;0;0
510;20;62;P;1;3;;1143;1933;;4;;;59;1;1;1;1;1;1;;;+10265423;+2479390;0;0
510;20;63;P;1;3;;1143;1004;;4;;;59;1;1;1;1;1;1;;;+10265800;+2487836;0;0
510;20;140;P;3;3;;1143;1659;;4;;;59;1;1;1;1;1;1;;;+10265568;+2490103;0;0
510;20;141;P;1;3;;1143;1934;;4;;;59;1;1;1;1;1;1;;;+10264256;+2491762;0;0
510;20;142;P;1;3;;1143;1935;;4;;;59;1;1;1;1;1;1;;;+10262739;+2498225;0;0
510;20;64;P;1;1;;1143;1588;;4;;;59;1;1;1;1;1;1;;;+10262451;+2498853;0;0
510;20;65;P;1;3;;1143;997;;4;;;59;1;1;1;1;1;1;;;+10262243;+2499278;0;0
510;20;1634;P;1;11;;2028;1767;;4;;;1633;1;1;1;1;1;1;;;+10269316;+2500592;0;0
510;20;1635;P;1;11;;2028;1402;;4;;;1633;1;1;1;1;1;1;;;+10269953;+2500497;0;0
510;20;854;P;1;10;;1389;1147;;4;;;1296;1;1;1;1;1;1;;;+10271062;+2505552;0;1
510;20;853;P;1;10;;1389;1128;;4;;;1296;1;1;1;1;1;1;;;+10271376;+2505417;0;1
510;20;1297;P;1;12;;1389;1082;;4;;;1296;1;1;1;1;1;1;;;+10271945;+2505257;0;1
510;20;607;P;1;12;;1155;1106;;4;;;606;1;1;1;1;1;1;;;+10274922;+2500611;0;0
510;20;608;P;1;10;;1155;1113;;4;;;606;1;1;1;1;1;1;;;+10275511;+2500628;0;0
510;20;648;P;1;12;;1168;1113;;4;;;647;1;1;1;1;1;1;;;+10275196;+2501325;0;1
510;20;649;P;1;10;;1168;1308;;4;;;647;1;1;1;1;1;1;;;+10275502;+2501777;0;0
510;20;1136;P;1;12;;1432;1427;;4;;;1135;1;1;1;1;1;1;;;+10273479;+2501245;0;1
510;20;1137;P;1;11;;1432;1430;;4;;;1135;1;1;1;1;1;1;;;+10273867;+2501185;0;1
510;20;1138;P;1;10;;1432;1106;;4;;;1135;1;1;1;1;1;1;;;+10274277;+2501434;0;1
510;20;1139;P;1;12;;1432;1437;;4;;;1135;1;1;1;1;1;1;;;+10274456;+2501529;0;1
510;20;593;P;1;12;;1111;1425;;4;;;592;1;1;1;1;1;1;;;+10268827;+2493764;0;0
510;20;1508;P;1;10;;1111;1766;;4;;;592;1;1;1;1;1;1;;;+10269595;+2494696;0;0
510;20;594;P;1;10;;1111;1038;;4;;;592;1;1;1;1;1;1;;;+10271911;+2497964;0;0
510;20;595;P;1;10;;1111;1078;;4;;;592;1;1;1;1;1;1;;;+10272235;+2500066;0;0
510;20;1082;P;1;11;;1111;1426;;4;;;592;1;1;1;1;1;1;;;+10272066;+2500883;0;0
510;20;596;P;1;3;;1111;1109;;4;;;592;1;1;1;1;1;1;;;+10271748;+2501397;0;1
510;20;305;P;4;0;;;1342;;4;;;304;;;;;;;;;+10271812;+2501455;0;1
510;20;309;P;4;0;;;1346;;4;;;308;;;;;;;;;+10271686;+2501307;0;1
510;20;1182;P;1;12;;1443;1125;;4;;;1184;1;1;1;1;1;1;;;+10270307;+2503925;0;1
510;20;1185;P;1;10;;1443;1397;;4;;;1184;1;1;1;1;1;1;;;+10270537;+2503939;0;1
510;20;1186;P;1;11;;1443;1445;;4;;;1184;1;1;1;1;1;1;;;+10270874;+2503965;0;1
510;20;477;P;1;3;;1038;1987;;4;;;476;1;1;1;1;1;1;;;+10278349;+2494991;0;0
510;20;478;P;1;7;;1038;1373;;4;;;476;1;1;1;1;1;1;;;+10277083;+2494290;0;0
510;20;1095;P;1;10;;1038;1428;;4;;;476;1;1;1;1;1;1;;;+10274364;+2496360;0;0
510;20;1097;P;1;10;;1038;1374;;4;;;476;1;1;1;1;1;1;;;+10273743;+2496989;0;0
510;20;479;P;1;6;;1038;1111;;4;;;476;1;1;1;1;1;1;;;+10271911;+2497964;0;0
510;20;480;P;1;10;;1038;1075;;4;;;476;1;1;1;1;1;1;;;+10270499;+2497937;0;0
510;20;1099;P;1;10;;1038;1402;;4;;;476;1;1;1;1;1;1;;;+10268646;+2498794;0;0
510;20;1100;P;1;12;;1038;1767;;4;;;476;1;1;1;1;1;1;;;+10268075;+2499644;0;0
510;20;481;P;1;10;;1038;1105;;4;;;476;1;1;1;1;1;1;;;+10267432;+2500431;0;0
510;20;1593;P;1;10;;1038;1978;;4;;;476;1;1;1;1;1;1;;;+10267062;+2500854;0;0
510;20;1548;P;1;10;;1711;1402;;4;;;1547;1;1;1;1;1;1;;;+10268646;+2498794;0;0
510;20;1549;P;1;10;;1711;1075;;4;;;1547;1;1;1;1;1;1;;;+10270499;+2497937;0;0
510;20;1550;P;1;10;;1711;1111;;4;;;1547;1;1;1;1;1;1;;;+10271911;+2497964;0;0
510;20;1551;P;1;10;;1711;1374;;4;;;1547;1;1;1;1;1;1;;;+10273743;+2496989;0;0
510;20;1552;P;1;10;;1711;1428;;4;;;1547;1;1;1;1;1;1;;;+10274364;+2496360;0;0
510;20;1553;P;1;8;;1711;1373;;4;;;1547;1;1;1;1;1;1;;;+10277083;+2494290;0;0
510;20;1554;P;1;10;;1711;1768;;4;;;1547;1;1;1;1;1;1;;;+10277835;+2494702;0;0
510;20;1394;P;1;10;;1957;1494;;4;;;520;1;1;1;1;1;1;;;+10268577;+2503058;0;1
510;20;1392;P;1;12;;1957;1393;;4;;;520;1;1;1;1;1;1;;;+10268568;+2503308;0;1
510;20;1502;P;1;12;;1769;1130;;4;;;1501;1;1;1;1;1;1;;;+10276150;+2502774;0;0
510;20;1503;P;1;12;;1769;1160;;4;;;1501;1;1;1;1;1;1;;;+10277522;+2503115;0;0
510;20;281;P;4;0;;;1312;;4;;;280;;;;;;;;;+10274546;+2502661;0;1
510;20;275;P;4;0;;;1318;;4;;;274;;;;;;;;;+10274641;+2502548;0;1
510;20;1543;P;1;8;;1710;1079;;4;;;1542;1;1;1;1;1;1;;;+10274460;+2502606;0;1
510;20;1544;P;1;10;;1710;1113;;4;;;1542;1;1;1;1;1;1;;;+10274673;+2502516;0;1
510;20;1545;P;1;10;;1710;1130;;4;;;1542;1;1;1;1;1;1;;;+10275297;+2502193;0;0
510;20;1546;P;1;10;;1710;1168;;4;;;1542;1;1;1;1;1;1;;;+10275502;+2501777;0;0
510;20;1384;P;1;10;;1442;1071;;4;;;1383;1;1;1;1;1;1;;;+10270264;+2503298;0;1
510;20;1385;P;1;10;;1442;1397;;4;;;1383;1;1;1;1;1;1;;;+10270219;+2503523;0;1
510;20;1386;P;1;9;;1442;1958;;4;;;1383;1;1;1;1;1;1;;;+10270020;+2503763;0;1
510;20;1822;P;1;12;;1154;1083;;4;;;597;1;1;1;1;1;1;;;+10272953;+2500958;0;1
510;20;1103;P;1;12;;1154;2024;;4;;;597;1;1;1;1;1;1;;;+10273132;+2500875;0;1
510;20;1104;P;1;8;;1154;1427;;4;;;597;1;1;1;1;1;1;;;+10273560;+2500981;0;1
510;20;1105;P;1;12;;1154;1430;;4;;;597;1;1;1;1;1;1;;;+10273991;+2500985;0;1
510;20;599;P;1;10;;1154;1106;;4;;;597;1;1;1;1;1;1;;;+10274442;+2501196;0;1
510;20;428;P;1;12;;1074;1075;;4;;;427;1;1;1;1;1;1;;;+10270876;+2500882;0;0
510;20;429;P;1;6;;1074;1109;;4;;;427;1;1;1;1;1;1;;;+10270868;+2501357;0;1
510;20;430;P;1;10;;1074;1077;;4;;;427;1;1;1;1;1;1;;;+10270849;+2501754;0;1
510;20;431;P;1;10;;1074;1064;;4;;;427;1;1;1;1;1;1;;;+10270818;+2502308;0;1
510;20;1107;P;1;10;;1060;1078;;4;;;1106;1;1;1;1;1;1;;;+10273449;+2500343;0;1
510;20;1108;P;1;8;;1060;1154;;4;;;1106;1;1;1;1;1;1;;;+10273270;+2500909;0;1
510;20;1109;P;1;12;;1060;1109;;4;;;1106;1;1;1;1;1;1;;;+10273092;+2501490;0;1
510;20;1594;P;1;12;;1196;1732;;4;;;844;1;1;1;1;1;1;;;+10264198;+2508677;0;0
510;20;1140;P;1;10;;1196;1391;;4;;;844;1;1;1;1;1;1;;;+10265178;+2508218;0;0
510;20;847;P;1;11;;1196;1185;;4;;;844;1;1;1;1;1;1;;;+10265929;+2507854;0;0
510;20;1141;P;1;10;;1196;1108;;4;;;844;1;1;1;1;1;1;;;+10266631;+2507486;0;1
510;20;848;P;1;10;;1196;1068;;4;;;844;1;1;1;1;1;1;;;+10267033;+2507299;0;1
510;20;1740;P;4;0;;;1916;;4;;;1739;;;;;;;;;+10264130;+2508508;0;0
510;20;1744;P;4;0;;;1918;;4;;;1743;;;;;;;;;+10264023;+2507515;0;0
510;20;1595;P;1;10;;1195;1186;;4;;;772;1;1;1;1;1;1;;;+10266266;+2506402;0;1
510;20;1147;P;1;12;;1195;1418;;4;;;772;1;1;1;1;1;1;;;+10266235;+2506648;0;1
510;20;773;P;1;10;;1195;1178;;4;;;772;1;1;1;1;1;1;;;+10266092;+2507031;0;1
510;20;1142;P;1;10;;1195;1185;;4;;;772;1;1;1;1;1;1;;;+10265642;+2507306;0;0
510;20;1143;P;1;10;;1195;1438;;4;;;772;1;1;1;1;1;1;;;+10265257;+2507479;0;0
510;20;1144;P;1;10;;1195;1391;;4;;;772;1;1;1;1;1;1;;;+10264866;+2507653;0;0
510;20;774;P;1;10;;1195;1732;;4;;;772;1;1;1;1;1;1;;;+10263871;+2508094;0;0
510;20;1637;P;1;10;;1822;997;;4;;;1636;1;1;1;1;1;1;;;+10266189;+2502787;0;0
510;20;1638;P;1;10;;1822;1175;;4;;;1636;1;1;1;1;1;1;;;+10266114;+2503958;0;1
510;20;1639;P;1;10;;1822;1073;;4;;;1636;1;1;1;1;1;1;;;+10266175;+2504629;0;1
510;20;768;P;1;10;;1186;1073;;4;;;767;1;1;1;1;1;1;;;+10266175;+2504629;0;1
510;20;1145;P;1;10;;1186;1210;;4;;;767;1;1;1;1;1;1;;;+10266237;+2505287;0;1
510;20;769;P;1;10;;1186;1177;;4;;;767;1;1;1;1;1;1;;;+10266264;+2505590;0;1
510;20;1146;P;1;10;;1186;1212;;4;;;767;1;1;1;1;1;1;;;+10266297;+2505947;0;1
510;20;770;P;1;10;;1186;1261;;4;;;767;1;1;1;1;1;1;;;+10266266;+2506402;0;1
510;20;122;P;1;3;;1596;1076;;4;;137;;1;1;1;1;1;1;;;+10218711;+2495738;0;0
510;20;123;P;3;3;;1596;1661;;4;;137;;1;1;1;1;1;1;;;+10226038;+2497273;0;0
510;20;124;P;1;3;;1596;1089;;4;;137;;1;1;1;1;1;1;;;+10228998;+2496900;0;0
510;20;125;P;1;3;;1596;1600;;4;;137;;1;1;1;1;1;1;;;+10238938;+2493105;0;0
510;20;126;P;1;1;;1596;1984;;4;;137;;1;1;1;1;1;1;;;+10244302;+2492676;0;0
510;20;158;P;1;1;;1596;1019;;4;;137;;1;1;1;1;1;1;;;+10251376;+2493677;0;0
510;20;127;P;1;3;;1596;1598;;4;;137;;1;1;1;1;1;1;;;+10251865;+2493617;0;0
510;20;52;P;3;3;;1596;993;;4;;137;;1;1;1;1;1;1;;;+10255623;+2495042;0;0
510;20;53;P;1;3;;1596;1601;;4;;137;;1;1;1;1;1;1;;;+10258424;+2496217;0;0
510;20;54;P;1;3;;1596;1986;;4;;137;;1;1;1;1;1;1;;;+10259447;+2496955;0;0
510;20;55;P;1;1;;1596;996;;4;;137;;1;1;1;1;1;1;;;+10262451;+2498853;0;0
510;20;154;P;1;3;;1596;1547;;4;;137;;1;1;1;1;1;1;;;+10263864;+2501799;0;0
510;20;155;P;1;3;;1596;1936;;4;;137;;1;1;1;1;1;1;;;+10265668;+2502619;0;0
510;20;156;P;1;1;;1596;1108;;4;;137;;1;1;1;1;1;1;;;+10266722;+2502946;0;0
510;20;151;P;1;3;;1596;1109;;4;;137;;1;1;1;1;1;1;;;+10267233;+2503099;106;0
510;20;106;P;1;1;;1596;1043;;4;;105;;1;1;1;1;1;1;;;+10273347;+2506944;151;1
510;20;107;P;3;3;;1596;1519;;4;;105;;1;1;1;1;1;1;;;+10275661;+2509570;0;0
510;20;108;P;1;3;;1596;1714;;4;;105;;1;1;1;1;1;1;;;+10276638;+2510157;0;0
510;20;109;P;3;3;;1596;1045;;4;;105;;1;1;1;1;1;1;;;+10277093;+2510453;0;0
510;20;110;P;1;3;;1596;1046;;4;;105;;1;1;1;1;1;1;;;+10278511;+2511485;0;0
510;20;111;P;3;3;;1596;1047;;4;;105;;1;1;1;1;1;1;;;+10283480;+2511837;0;0
510;20;112;P;1;1;;1596;1987;;4;;105;;1;1;1;1;1;1;;;+10284487;+2512308;0;0
510;20;113;P;1;3;;1596;1988;;4;;105;;1;1;1;1;1;1;;;+10292450;+2518785;0;0
510;20;114;P;3;3;;1596;1049;;4;;105;;1;1;1;1;1;1;;;+10293626;+2519530;0;0
510;20;115;P;3;3;;1596;1050;;4;;105;;1;1;1;1;1;1;;;+10298691;+2525041;0;0
510;20;116;P;1;3;;1596;1051;;4;;105;;1;1;1;1;1;1;;;+10298828;+2525214;0;0
510;20;117;P;3;3;;1596;1989;;4;;105;;1;1;1;1;1;1;;;+10301835;+2530182;0;0
510;20;118;P;1;3;;1596;1715;;4;;105;;1;1;1;1;1;1;;;+10304181;+2532332;0;1
510;20;119;P;3;3;;1596;1990;;4;;105;;1;1;1;1;1;1;;;+10309743;+2533700;0;0
510;20;120;P;1;1;;1596;1623;;4;;105;;1;1;1;1;1;1;;;+10310478;+2533663;0;0
510;20;146;P;1;3;;1596;1633;;4;;105;;1;1;1;1;1;1;;;+10322244;+2535379;0;0
510;20;121;P;3;3;;1596;1991;;4;;105;;1;1;1;1;1;1;;;+10325201;+2535129;0;0
510;20;149;P;1;3;;1596;1634;;4;;105;;1;1;1;1;1;1;;;+10326909;+2536718;0;0
510;20;247;P;4;0;;;1889;;4;;;246;;;;;;;;;+10270668;+2507946;0;1
510;20;1771;P;1;3;;1890;1068;;4;;;1770;1;1;1;1;1;1;;;+10270671;+2507956;0;1
510;20;1772;P;1;12;;1890;1259;;4;;;1770;1;1;1;1;1;1;;;+10270416;+2508310;0;0
510;20;1682;P;1;12;;1846;1290;;4;;;1681;1;1;1;1;1;1;;;+10271260;+2506175;0;1
510;20;1683;P;1;11;;1846;1843;;4;;;1681;1;1;1;1;1;1;;;+10271527;+2506136;0;1
510;20;921;P;1;10;;1460;1231;;4;;;920;1;1;1;1;1;1;;;+10272192;+2508944;0;0
510;20;922;P;1;10;;1460;1227;;4;;;920;1;1;1;1;1;1;;;+10272417;+2509502;0;0
510;20;923;P;1;10;;1460;1223;;4;;;920;1;1;1;1;1;1;;;+10272526;+2509802;0;0
510;20;1243;P;1;10;;1460;1224;;4;;;920;1;1;1;1;1;1;;;+10273032;+2510998;0;0
510;20;626;P;1;8;;1163;1105;;4;;;625;1;1;1;1;1;1;;;+10267173;+2497450;0;0
510;20;1162;P;1;12;;1163;1038;;4;;;625;1;1;1;1;1;1;;;+10269629;+2497905;0;0
510;20;1705;P;1;10;;1857;1147;;4;;;1704;1;1;1;1;1;1;;;+10272310;+2510748;0;0
510;20;1706;P;1;10;;1857;1460;;4;;;1704;1;1;1;1;1;1;;;+10272830;+2510552;0;0
510;20;1707;P;1;10;;1857;1233;;4;;;1704;1;1;1;1;1;1;;;+10273366;+2510358;0;0
510;20;1708;P;1;12;;1857;1290;;4;;;1704;1;1;1;1;1;1;;;+10273879;+2510216;0;0
510;20;928;P;1;10;;1224;1147;;4;;;927;1;1;1;1;1;1;;;+10272450;+2511233;0;0
510;20;929;P;1;10;;1224;1460;;4;;;927;1;1;1;1;1;1;;;+10273032;+2510998;0;0
510;20;1163;P;1;10;;1224;1233;;4;;;927;1;1;1;1;1;1;;;+10273506;+2510778;0;0
510;20;1774;P;1;12;;1224;1290;;4;;;927;1;1;1;1;1;1;;;+10273947;+2510570;0;0
510;20;830;P;1;11;;1211;1210;;4;;;829;1;1;1;1;1;1;;;+10266745;+2505285;0;1
510;20;1164;P;1;10;;1211;1177;;4;;;829;1;1;1;1;1;1;;;+10266764;+2505554;0;1
510;20;831;P;1;12;;1211;1212;;4;;;829;1;1;1;1;1;1;;;+10266795;+2505906;0;1
510;20;1255;P;1;3;;1971;1116;;4;;;1234;1;1;1;1;1;1;;;+10274473;+2504210;0;1
510;20;1256;P;1;7;;1971;1160;;4;;;1234;1;1;1;1;1;1;;;+10277688;+2503564;0;0
510;20;981;P;1;3;;1971;1987;;4;;;1234;1;1;1;1;1;1;;;+10280107;+2503664;0;0
510;20;1786;P;1;3;;1971;1785;;4;;;1234;1;1;1;1;1;1;;;+10280863;+2503565;0;0
510;20;1780;P;1;10;;1972;1116;;4;;1779;;1;1;1;1;1;1;;;+10274473;+2504210;0;1
510;20;1781;P;1;10;;1972;1181;;4;;1779;;1;1;1;1;1;1;;;+10275499;+2503977;1718;0
510;20;1718;P;1;8;;1972;1160;;4;;1717;;1;1;1;1;1;1;;;+10277688;+2503564;1781;0
510;20;1719;P;1;12;;1972;1172;;4;;1717;;1;1;1;1;1;1;;;+10279885;+2503695;0;0
510;20;1644;P;1;10;;1828;1261;;4;;;1643;1;1;1;1;1;1;;;+10267674;+2505893;0;1
510;20;1645;P;1;11;;1828;1067;;4;;;1643;1;1;1;1;1;1;;;+10268056;+2506254;0;1
510;20;815;P;1;12;;1192;1261;;4;;;814;1;1;1;1;1;1;;;+10269020;+2505210;0;1
510;20;816;P;1;10;;1192;1067;;4;;;814;1;1;1;1;1;1;;;+10268707;+2506414;0;1
510;20;1202;P;1;12;;1405;1071;;4;;1201;;1;1;1;1;1;1;;;+10271560;+2503342;0;1
510;20;1203;P;1;10;;1405;1411;;4;;1201;;1;1;1;1;1;1;;;+10271512;+2503592;0;1
510;20;1207;P;1;12;;1405;1115;;4;;1201;;1;1;1;1;1;1;;;+10271498;+2503803;1206;1
510;20;1206;P;1;12;;1405;2025;;4;;1205;;1;1;1;1;1;1;;;+10271497;+2503813;1207;1
510;20;1208;P;1;11;;1405;1446;;4;;1205;;1;1;1;1;1;1;;;+10271484;+2504002;0;1
510;20;794;P;1;12;;1202;1201;;4;;;793;1;1;1;1;1;1;;;+10271178;+2504424;0;1
510;20;1165;P;1;12;;1202;1950;;4;;;793;1;1;1;1;1;1;;;+10271195;+2504791;0;1
510;20;795;P;1;11;;1202;1150;;4;;;793;1;1;1;1;1;1;;;+10271247;+2505003;0;1
510;20;1167;P;1;10;;1201;1199;;4;;;1166;1;1;1;1;1;1;;;+10270759;+2504426;0;1
510;20;1168;P;1;12;;1201;1202;;4;;;1166;1;1;1;1;1;1;;;+10271178;+2504424;0;1
510;20;788;P;1;12;;1199;1190;;4;;;787;1;1;1;1;1;1;;;+10270776;+2504234;0;1
510;20;1172;P;1;10;;1199;1201;;4;;;787;1;1;1;1;1;1;;;+10270759;+2504426;0;1
510;20;789;P;1;10;;1199;1150;;4;;;787;1;1;1;1;1;1;;;+10270753;+2504972;0;1
510;20;1765;P;1;10;;1936;1978;;4;;;1764;1;1;1;1;1;1;;;+10267062;+2500854;0;0
510;20;1766;P;3;1;;1936;1955;;4;;;1764;1;1;1;1;1;1;;;+10266482;+2501245;0;0
510;20;1767;P;3;1;;1936;1956;;4;;;1764;1;1;1;1;1;1;;;+10265265;+2503122;0;0
510;20;1768;P;1;10;;1936;1175;;4;;;1764;1;1;1;1;1;1;;;+10264854;+2503749;0;0
510;20;1769;P;1;10;;1936;2003;;4;;;1764;1;1;1;1;1;1;;;+10264303;+2504337;0;0
510;20;1621;P;1;10;;1766;1798;;4;;;1620;1;1;1;1;1;1;;;+10271864;+2493321;0;0
510;20;1622;P;1;12;;1766;1374;;4;;;1620;1;1;1;1;1;1;;;+10271251;+2493694;0;0
510;20;1623;P;1;10;;1766;1111;;4;;;1620;1;1;1;1;1;1;;;+10269595;+2494696;0;0
510;20;1624;P;1;6;;1766;1163;;4;;;1620;1;1;1;1;1;1;;;+10269213;+2497849;0;0
510;20;1625;P;1;12;;1766;1038;;4;;;1620;1;1;1;1;1;1;;;+10269046;+2498104;0;0
510;20;1524;P;1;12;;1696;1197;;4;;;1523;1;1;1;1;1;1;;;+10270431;+2504627;0;1
510;20;1525;P;1;12;;1696;1951;;4;;;1523;1;1;1;1;1;1;;;+10270588;+2504759;0;1
510;20;1597;P;1;10;;1696;1397;;4;;;1596;1;1;1;1;1;1;;;+10270528;+2504352;0;1
510;20;1179;P;1;11;;1696;1441;;4;;;1596;1;1;1;1;1;1;;;+10270530;+2504445;0;1
510;20;1180;P;1;12;;1696;1197;;4;;;1596;1;1;1;1;1;1;;;+10270514;+2504655;0;1
510;20;1265;P;1;12;;1469;1470;;4;;;1264;1;1;1;1;1;1;;;+10271192;+2501590;0;1
510;20;1266;P;1;11;;1469;1468;;4;;;1264;1;1;1;1;1;1;;;+10271172;+2501761;0;1
510;20;1609;P;1;3;;1785;1019;;4;;;1608;1;1;1;1;1;1;;;+10280863;+2503565;0;0
510;20;166;P;1;3;;1785;1076;;4;;;1608;1;1;1;1;1;1;;;+10288288;+2505537;0;0
510;20;164;P;1;3;;1785;1999;;4;;;1608;1;1;1;1;1;1;;;+10290744;+2507439;0;0
510;20;165;P;1;3;;1785;2000;;4;;;1608;1;1;1;1;1;1;;;+10292260;+2508989;0;0
510;20;392;P;4;0;;;1900;;4;;;391;;;;;;;;;+10265355;+2511035;0;0
510;20;398;P;4;0;;;1908;;4;;;397;;;;;;;;;+10264674;+2510121;0;0
510;20;504;P;1;10;;1123;1124;;4;;;503;1;1;1;1;1;1;;;+10269543;+2505324;0;1
510;20;505;P;1;10;;1123;1067;;4;;;503;1;1;1;1;1;1;;;+10269262;+2506391;0;1
510;20;918;P;1;10;;1121;1082;;4;;;917;1;1;1;1;1;1;;;+10273725;+2508820;0;0
510;20;919;P;1;12;;1121;1226;;4;;;917;1;1;1;1;1;1;;;+10274058;+2508690;0;0
510;20;915;P;1;12;;1228;1227;;4;;;914;1;1;1;1;1;1;;;+10273101;+2509173;0;0
510;20;916;P;1;10;;1228;1082;;4;;;914;1;1;1;1;1;1;;;+10273725;+2508820;0;0
510;20;333;P;4;0;;;1455;;4;;;332;;;;;;;;;+10267128;+2505512;0;1
510;20;1223;P;1;12;;1132;1454;;4;;;775;1;1;1;1;1;1;;;+10266778;+2504962;0;1
510;20;776;P;1;10;;1132;1108;;4;;;775;1;1;1;1;1;1;;;+10267066;+2504937;0;1
510;20;989;P;1;10;;1132;1179;;4;;;775;1;1;1;1;1;1;;;+10267517;+2504903;0;1
510;20;777;P;1;10;;1132;1399;;4;;;775;1;1;1;1;1;1;;;+10267956;+2504872;0;1
510;20;778;P;1;10;;1132;1134;;4;;;775;1;1;1;1;1;1;;;+10268995;+2504894;0;1
510;20;1354;P;1;11;;1258;1257;;4;;;1353;1;1;1;1;1;1;;;+10269655;+2507249;0;1
510;20;1355;P;1;12;;1258;2027;;4;;;1353;1;1;1;1;1;1;;;+10269882;+2507291;0;1
510;20;1356;P;1;12;;1258;1485;;4;;;1353;1;1;1;1;1;1;;;+10270376;+2507488;0;1
510;20;1358;P;1;10;;1258;1147;;4;;;1353;1;1;1;1;1;1;;;+10270977;+2507143;0;1
510;20;1363;P;1;12;;1487;1258;;4;;;1362;1;1;1;1;1;1;;;+10270376;+2507488;0;1
510;20;1364;P;1;3;;1487;1068;;4;;;1362;1;1;1;1;1;1;;;+10270154;+2507733;0;1
510;20;860;P;1;10;;1216;1193;;4;;;859;1;1;1;1;1;1;;;+10270213;+2506279;0;1
510;20;861;P;1;10;;1216;1119;;4;;;859;1;1;1;1;1;1;;;+10270421;+2506800;0;1
510;20;1229;P;1;10;;1216;1258;;4;;;859;1;1;1;1;1;1;;;+10270900;+2507191;0;1
510;20;1230;P;1;11;;1216;1259;;4;;;859;1;1;1;1;1;1;;;+10271066;+2507396;0;1
510;20;239;P;4;0;;;1272;;4;;;236;;;;;;;;;+10269667;+2507543;0;1
510;20;1350;P;1;10;;1257;1067;;4;;;1349;1;1;1;1;1;1;;;+10269892;+2506276;0;1
510;20;1351;P;1;11;;1257;1258;;4;;;1349;1;1;1;1;1;1;;;+10269655;+2507249;0;1
510;20;1352;P;1;3;;1257;1068;;4;;;1349;1;1;1;1;1;1;;;+10269599;+2507557;0;1
510;20;245;P;4;0;;;1673;;4;;;244;;;;;;;;;+10270463;+2507931;0;1
510;20;1366;P;1;11;;1259;1216;;4;;;1365;1;1;1;1;1;1;;;+10271066;+2507396;0;1
510;20;1367;P;1;3;;1259;1068;;4;;;1365;1;1;1;1;1;1;;;+10270608;+2507795;0;1
510;20;1773;P;1;12;;1259;1890;;4;;;1365;1;1;1;1;1;1;;;+10270416;+2508310;0;0
510;20;1658;P;1;10;;2036;1391;;4;;;1657;1;1;1;1;1;1;;;+10265178;+2508218;0;0
510;20;1659;P;1;11;;2036;1626;;4;;;1657;1;1;1;1;1;1;;;+10265536;+2509022;0;0
510;20;1408;P;1;12;;1767;1038;;4;;;1346;1;1;1;1;1;1;;;+10268075;+2499644;0;0
510;20;1409;P;1;10;;1767;1611;;4;;;1346;1;1;1;1;1;1;;;+10268497;+2499962;0;0
510;20;1257;P;1;11;;1767;1497;;4;;;1346;1;1;1;1;1;1;;;+10269428;+2500658;0;0
510;20;967;P;1;11;;1041;1117;;4;;;965;1;1;1;1;1;1;;;+10277141;+2509145;0;0
510;20;968;P;1;3;;1041;1987;;4;;;965;1;1;1;1;1;1;;;+10283234;+2509804;0;0
510;20;969;P;1;12;;1041;1617;;4;;;965;1;1;1;1;1;1;;;+10285511;+2511836;0;0
510;20;1412;P;1;10;;1403;1105;;4;;;1411;1;1;1;1;1;1;;;+10268966;+2501334;0;0
510;20;1413;P;1;12;;1403;1498;;4;;;1411;1;1;1;1;1;1;;;+10269341;+2500995;0;0
510;20;1665;P;1;10;;1181;1172;;4;;;1239;1;1;1;1;1;1;;;+10275499;+2503977;0;0
510;20;698;P;1;10;;1181;1115;;4;;;1239;1;1;1;1;1;1;;;+10274918;+2503254;0;0
510;20;1240;P;1;10;;1181;2054;;4;;;1239;1;1;1;1;1;1;;;+10275188;+2502658;0;0
510;20;699;P;1;10;;1181;1130;;4;;;1239;1;1;1;1;1;1;;;+10275908;+2502333;0;0
510;20;1241;P;1;7;;1181;1160;;4;;;1239;1;1;1;1;1;1;;;+10277646;+2501882;0;0
510;20;1242;P;1;10;;1231;1147;;4;;;944;1;1;1;1;1;1;;;+10271802;+2509255;0;0
510;20;945;P;1;10;;1231;1460;;4;;;944;1;1;1;1;1;1;;;+10272192;+2508944;0;0
510;20;946;P;1;11;;1231;1290;;4;;;944;1;1;1;1;1;1;;;+10272530;+2508663;0;0
510;20;1821;P;1;10;;1231;1082;;4;;;944;1;1;1;1;1;1;;;+10273254;+2508109;0;1
510;20;901;P;1;10;;1457;1068;;4;;;900;1;1;1;1;1;1;;;+10272871;+2507090;0;1
510;20;902;P;1;10;;1457;1120;;4;;;900;1;1;1;1;1;1;;;+10273557;+2507898;0;1
510;20;360;P;4;0;;;1692;;4;;;359;;;;;;;;;+10274513;+2504278;0;1
510;20;1580;P;1;10;;1172;1181;;4;;;746;1;1;1;1;1;1;;;+10275499;+2503977;0;0
510;20;748;P;1;10;;1172;1160;;4;;;746;1;1;1;1;1;1;;;+10277156;+2504887;0;0
510;20;988;P;1;10;;1172;1246;;4;;;746;1;1;1;1;1;1;;;+10279089;+2505284;0;0
510;20;1579;P;1;3;;1172;1971;;4;;;746;1;1;1;1;1;1;;;+10279885;+2503695;0;0
510;20;623;P;1;10;;1428;1038;;4;;;622;1;1;1;1;1;1;;;+10274364;+2496360;0;0
510;20;624;P;1;10;;1428;1373;;4;;;622;1;1;1;1;1;1;;;+10276679;+2497804;0;0
510;20;1125;P;1;12;;1430;1431;;4;;1124;;1;1;1;1;1;1;;;+10274118;+2500805;0;1
510;20;1126;P;1;12;;1430;1154;;4;;1124;;1;1;1;1;1;1;;;+10274004;+2500970;1127;1
510;20;1127;P;1;12;;1430;1772;;4;;1123;;1;1;1;1;1;1;;;+10273986;+2500999;1126;1
510;20;1128;P;1;11;;1430;1432;;4;;1123;;1;1;1;1;1;1;;;+10273867;+2501185;0;1
510;20;1130;P;1;11;;1430;1106;;4;;1123;;1;1;1;1;1;1;;;+10274147;+2501619;1132;1
510;20;1132;P;1;12;;1430;2031;;4;;1131;;1;1;1;1;1;1;;;+10274155;+2501626;1130;1
510;20;1133;P;1;12;;1430;1432;;4;;1131;;1;1;1;1;1;1;;;+10274462;+2501627;0;1
510;20;1134;P;1;12;;1430;1113;;4;;1131;;1;1;1;1;1;1;;;+10274876;+2501653;0;1
510;20;1244;P;1;10;;1179;1072;;4;;;687;1;1;1;1;1;1;;;+10267960;+2503099;0;1
510;20;688;P;1;10;;1179;1180;;4;;;687;1;1;1;1;1;1;;;+10267601;+2503538;0;1
510;20;1245;P;1;10;;1179;1461;;4;;;687;1;1;1;1;1;1;;;+10267447;+2504056;0;1
510;20;689;P;1;10;;1179;1073;;4;;;687;1;1;1;1;1;1;;;+10267479;+2504535;0;1
510;20;690;P;1;10;;1179;1132;;4;;;687;1;1;1;1;1;1;;;+10267517;+2504903;0;1
510;20;1825;P;1;10;;2052;1196;;4;;;1824;1;1;1;1;1;1;;;+10266631;+2507486;0;1
510;20;1826;P;1;10;;2052;2001;;4;;;1824;1;1;1;1;1;1;;;+10266650;+2510963;0;0
510;20;6052;P;1;3;;590;591;;5;;;6051;1;1;1;1;1;1;;;+10240525;+2551332;0;0
510;20;6053;P;3;3;;590;592;;5;;;6051;1;1;1;1;1;1;;;+10239736;+2550936;0;0
510;20;6054;P;1;3;;590;593;;5;;;6051;1;1;1;1;1;1;;;+10224734;+2552538;0;0
510;20;6055;P;1;3;;590;594;;5;;;6051;1;1;1;1;1;1;;;+10215386;+2552438;0;0
510;20;6063;P;3;8;;590;2051;;5;;;6051;1;1;1;1;1;1;;;+10214457;+2551568;0;0
510;20;6056;P;1;3;;590;1581;;5;;;6051;1;1;1;1;1;1;;;+10191946;+2554362;0;0
510;20;6057;P;3;3;;590;597;;5;;;6051;1;1;1;1;1;1;;;+10185436;+2570452;0;0
510;20;6058;P;1;3;;590;596;;5;;;6051;1;1;1;1;1;1;;;+10185152;+2571870;0;0
510;20;6059;P;1;3;;590;598;;5;;;6051;1;1;1;1;1;1;;;+10182563;+2583474;0;0
510;20;6060;P;3;3;;590;599;;5;;;6051;1;1;1;1;1;1;;;+10170672;+2603227;0;0
510;20;6061;P;1;3;;590;600;;5;;;6051;1;1;1;1;1;1;;;+10169923;+2604642;0;0
510;20;6062;P;1;3;;590;1062;;5;;;6051;1;1;1;1;1;1;;;+10181511;+2618537;0;0
510;20;1516;P;1;12;;1482;1023;;4;;;1515;1;1;1;1;1;1;;;+10277937;+2499554;0;0
510;20;1517;P;1;10;;1482;1374;;4;;;1515;1;1;1;1;1;1;;;+10277829;+2499703;0;0
510;20;1669;P;1;12;;1750;1373;;4;;;1614;1;1;1;1;1;1;;;+10276675;+2499497;0;0
510;20;1670;P;1;10;;1750;1374;;4;;;1614;1;1;1;1;1;1;;;+10277210;+2499320;0;0
510;20;1667;P;1;12;;1840;1043;;4;;;1666;1;1;1;1;1;1;;;+10274466;+2504816;0;1
510;20;1668;P;1;12;;1840;1160;;4;;;1666;1;1;1;1;1;1;;;+10276558;+2505700;0;0
510;20;1287;P;1;10;;1478;1106;;4;;;1286;1;1;1;1;1;1;;;+10273814;+2502070;0;1
510;20;1288;P;1;11;;1478;1043;;4;;;1286;1;1;1;1;1;1;;;+10274330;+2502233;0;1
510;20;1763;P;1;11;;1953;1417;;4;;;1762;1;1;1;1;1;1;;;+10266767;+2504126;0;1
510;20;1421;P;1;12;;1953;1108;;4;;;1762;1;1;1;1;1;1;;;+10267003;+2504137;0;1
510;20;228;P;4;0;;;1263;;4;;;227;;;;;;;;;+10266967;+2507285;0;1
510;20;837;P;1;10;;1178;1194;;4;;;836;1;1;1;1;1;1;;;+10265624;+2506733;0;0
510;20;838;P;1;10;;1178;1195;;4;;;836;1;1;1;1;1;1;;;+10266092;+2507031;0;1
510;20;1004;P;1;10;;1178;1213;;4;;;836;1;1;1;1;1;1;;;+10266314;+2507172;0;1
510;20;839;P;1;10;;1178;1108;;4;;;836;1;1;1;1;1;1;;;+10266672;+2507270;0;1
510;20;841;P;1;10;;1213;1391;;4;;;840;1;1;1;1;1;1;;;+10264988;+2507880;0;0
510;20;842;P;1;10;;1213;1185;;4;;;840;1;1;1;1;1;1;;;+10265766;+2507539;0;0
510;20;843;P;1;10;;1213;1178;;4;;;840;1;1;1;1;1;1;;;+10266314;+2507172;0;1
510;20;1157;P;1;11;;1213;1418;;4;;;840;1;1;1;1;1;1;;;+10266497;+2506680;0;1
510;20;818;P;1;10;;1210;1184;;4;;;817;1;1;1;1;1;1;;;+10265630;+2505330;0;1
510;20;819;P;1;10;;1210;1186;;4;;;817;1;1;1;1;1;1;;;+10266237;+2505287;0;1
510;20;820;P;1;11;;1210;1211;;4;;;817;1;1;1;1;1;1;;;+10266745;+2505285;0;1
510;20;833;P;1;12;;1185;1261;;4;;;832;1;1;1;1;1;1;;;+10265281;+2506283;0;1
510;20;834;P;1;11;;1185;1194;;4;;;832;1;1;1;1;1;1;;;+10265424;+2506888;0;0
510;20;1158;P;1;10;;1185;1195;;4;;;832;1;1;1;1;1;1;;;+10265642;+2507306;0;0
510;20;835;P;1;10;;1185;1213;;4;;;832;1;1;1;1;1;1;;;+10265766;+2507539;0;0
510;20;1159;P;1;11;;1185;1196;;4;;;832;1;1;1;1;1;1;;;+10265929;+2507854;0;0
510;20;1225;P;1;11;;1454;1073;;4;;;1224;1;1;1;1;1;1;;;+10266752;+2504592;0;1
510;20;1226;P;1;12;;1454;1132;;4;;;1224;1;1;1;1;1;1;;;+10266778;+2504962;0;1
510;20;1149;P;1;12;;1391;1194;;4;;;1148;1;1;1;1;1;1;;;+10264711;+2507377;0;0
510;20;1150;P;1;10;;1391;1195;;4;;;1148;1;1;1;1;1;1;;;+10264866;+2507653;0;0
510;20;1151;P;1;10;;1391;1213;;4;;;1148;1;1;1;1;1;1;;;+10264988;+2507880;0;0
510;20;1152;P;1;10;;1391;1196;;4;;;1148;1;1;1;1;1;1;;;+10265178;+2508218;0;0
510;20;826;P;1;12;;1212;1184;;4;;;825;1;1;1;1;1;1;;;+10265778;+2505992;0;1
510;20;827;P;1;10;;1212;1186;;4;;;825;1;1;1;1;1;1;;;+10266297;+2505947;0;1
510;20;1250;P;1;12;;1212;1211;;4;;;825;1;1;1;1;1;1;;;+10266795;+2505906;0;1
510;20;828;P;1;12;;1212;1108;;4;;;825;1;1;1;1;1;1;;;+10266983;+2505938;0;1
510;20;1655;P;1;11;;1464;1185;;4;;;1654;1;1;1;1;1;1;;;+10265929;+2507854;0;0
510;20;1656;P;1;12;;1464;1626;;4;;;1654;1;1;1;1;1;1;;;+10266191;+2508812;0;0
510;20;1154;P;1;12;;1418;1195;;4;;;1153;1;1;1;1;1;1;;;+10266235;+2506648;0;1
510;20;1155;P;1;11;;1418;1213;;4;;;1153;1;1;1;1;1;1;;;+10266497;+2506680;0;1
510;20;1156;P;1;12;;1418;1108;;4;;;1153;1;1;1;1;1;1;;;+10266774;+2506709;0;1
510;20;1641;P;1;10;;1827;1177;;4;;;1640;1;1;1;1;1;1;;;+10267114;+2505531;0;1
510;20;1642;P;1;10;;1827;1261;;4;;;1640;1;1;1;1;1;1;;;+10267674;+2505893;0;1
510;20;822;P;1;10;;1177;1184;;4;;;821;1;1;1;1;1;1;;;+10265656;+2505634;0;1
510;20;823;P;1;10;;1177;1186;;4;;;821;1;1;1;1;1;1;;;+10266264;+2505590;0;1
510;20;1251;P;1;10;;1177;1211;;4;;;821;1;1;1;1;1;1;;;+10266764;+2505554;0;1
510;20;824;P;1;10;;1177;1108;;4;;;821;1;1;1;1;1;1;;;+10267114;+2505531;0;1
510;20;1750;P;4;0;;;1924;;4;;;1749;;;;;;;;;+10264120;+2507369;0;0
510;20;1304;P;1;12;;1466;1373;;4;;;1303;1;1;1;1;1;1;;;+10276668;+2498738;0;0
510;20;1305;P;1;10;;1466;2010;;4;;;1303;1;1;1;1;1;1;;;+10276743;+2498629;0;0
510;20;1306;P;1;8;;1466;1023;;4;;;1303;1;1;1;1;1;1;;;+10277415;+2499050;0;0
510;20;1613;P;1;10;;1466;1374;;4;;;1303;1;1;1;1;1;1;;;+10277210;+2499320;0;0
510;20;68;P;3;3;;1628;1007;;4;;;66;1;1;1;1;1;1;;;+10255534;+2451176;0;0
510;20;69;P;1;3;;1628;1941;;4;;;66;1;1;1;1;1;1;;;+10257690;+2455232;0;0
510;20;1568;P;1;1;;1628;1019;;4;;;66;1;1;1;1;1;1;;;+10262676;+2462978;0;0
510;20;70;P;1;3;;1628;1008;;4;;;66;1;1;1;1;1;1;;;+10264217;+2464978;0;0
510;20;71;P;3;3;;1628;1010;;4;;;66;1;1;1;1;1;1;;;+10265316;+2466113;0;0
510;20;72;P;1;3;;1628;1994;;4;;;66;1;1;1;1;1;1;;;+10268764;+2467797;0;0
510;20;73;P;1;3;;1628;1943;;4;;;66;1;1;1;1;1;1;;;+10273133;+2470939;0;0
510;20;74;P;1;3;;1628;1944;;4;;;66;1;1;1;1;1;1;;;+10275500;+2472909;0;0
510;20;75;P;1;3;;1628;1014;;4;;;66;1;1;1;1;1;1;;;+10278537;+2479008;0;0
510;20;76;P;1;3;;1628;1015;;4;;;66;1;1;1;1;1;1;;;+10281886;+2486896;0;0
510;20;77;P;3;3;;1628;1016;;4;;;66;1;1;1;1;1;1;;;+10281423;+2488205;0;0
510;20;78;P;1;3;;1628;1456;;4;;;66;1;1;1;1;1;1;;;+10280673;+2489029;0;1
510;20;79;P;1;3;;1628;1945;;4;;;66;1;1;1;1;1;1;;;+10279584;+2491099;0;0
510;20;80;P;1;3;;1628;1987;;4;;;66;1;1;1;1;1;1;;;+10279043;+2495248;0;0
510;20;81;P;1;1;;1628;1995;;4;;;66;1;1;1;1;1;1;;;+10278263;+2498771;0;0
510;20;1419;P;1;10;;1417;1775;;4;;;1418;1;1;1;1;1;1;;;+10266709;+2503313;0;1
510;20;1420;P;1;10;;1417;1175;;4;;;1418;1;1;1;1;1;1;;;+10266754;+2503918;0;1
510;20;1761;P;1;11;;1417;1953;;4;;;1418;1;1;1;1;1;1;;;+10266767;+2504126;0;1
510;20;1787;P;1;10;;1417;1822;;4;;;1418;1;1;1;1;1;1;;;+10266146;+2504251;0;1
510;20;1788;P;1;10;;1417;1176;;4;;;1418;1;1;1;1;1;1;;;+10265489;+2504297;0;1
510;20;1789;P;1;10;;1417;1936;;4;;;1418;1;1;1;1;1;1;;;+10264634;+2504090;0;0
510;20;1790;P;1;11;;1417;1173;;4;;;1418;1;1;1;1;1;1;;;+10264022;+2503466;0;0
510;20;1451;P;1;10;;1504;1124;;4;;;1450;1;1;1;1;1;1;;;+10270295;+2505637;0;1
510;20;1452;P;1;10;;1504;1067;;4;;;1450;1;1;1;1;1;1;;;+10269892;+2506276;0;1
510;20;884;P;1;10;;1222;1382;;4;;1729;;1;1;1;1;1;1;;;+10271534;+2505999;0;1
510;20;1730;P;1;12;;1222;2035;;4;;1729;;1;1;1;1;1;1;;;+10272139;+2505914;885;1
510;20;885;P;1;11;;1222;1082;;4;;883;;1;1;1;1;1;1;;;+10272149;+2505911;1730;1
510;20;886;P;1;10;;1222;1218;;4;;883;;1;1;1;1;1;1;;;+10272514;+2505810;0;1
510;20;887;P;1;10;;1222;1117;;4;;883;;1;1;1;1;1;1;;;+10272914;+2505582;0;1
510;20;1693;P;1;12;;1850;1231;;4;;;1692;1;1;1;1;1;1;;;+10272492;+2508700;0;0
510;20;1694;P;1;11;;1850;1227;;4;;;1692;1;1;1;1;1;1;;;+10272986;+2509240;0;0
510;20;1695;P;1;12;;1850;1223;;4;;;1692;1;1;1;1;1;1;;;+10273622;+2509425;0;0
510;20;938;P;1;10;;1223;1147;;4;;;937;1;1;1;1;1;1;;;+10272004;+2509973;0;0
510;20;939;P;1;10;;1223;1460;;4;;;937;1;1;1;1;1;1;;;+10272526;+2509802;0;0
510;20;942;P;1;10;;1223;1233;;4;;;937;1;1;1;1;1;1;;;+10273113;+2509603;0;0
510;20;943;P;1;11;;1223;1082;;4;;;937;1;1;1;1;1;1;;;+10273913;+2509331;0;0
510;20;1702;P;1;12;;1227;1147;;4;;;911;1;1;1;1;1;1;;;+10271864;+2509645;0;0
510;20;912;P;1;10;;1227;1460;;4;;;911;1;1;1;1;1;1;;;+10272417;+2509502;0;0
510;20;913;P;1;12;;1227;1228;;4;;;911;1;1;1;1;1;1;;;+10273101;+2509173;0;0
510;20;1378;P;1;11;;1380;2053;;4;;;1377;1;1;1;1;1;1;;;+10274106;+2506231;0;1
510;20;1379;P;1;10;;1380;1151;;4;;;1377;1;1;1;1;1;1;;;+10274807;+2506088;0;1
510;20;380;P;4;0;;;1893;;4;;;379;;;;;;;;;+10271463;+2509527;0;0
510;20;251;P;4;0;;;1556;;4;;;250;;;;;;;;;+10271116;+2507854;0;1
510;20;800;P;1;8;;1205;1066;;4;;;799;1;1;1;1;1;1;;;+10269226;+2505094;0;1
510;20;801;P;1;10;;1205;1125;;4;;;799;1;1;1;1;1;1;;;+10269716;+2505049;0;1
510;20;1258;P;1;11;;1497;1767;;4;;;1407;1;1;1;1;1;1;;;+10269428;+2500658;0;0
510;20;1410;P;1;11;;1497;1498;;4;;;1407;1;1;1;1;1;1;;;+10269478;+2500915;0;0
510;20;1024;P;1;11;;1950;1150;;4;;;1538;1;1;1;1;1;1;;;+10270858;+2505030;0;1
510;20;797;P;1;12;;1950;1202;;4;;;1538;1;1;1;1;1;1;;;+10271195;+2504791;0;1
510;20;857;P;1;10;;1193;1124;;4;;;856;1;1;1;1;1;1;;;+10270498;+2505839;0;1
510;20;858;P;1;10;;1193;1067;;4;;;856;1;1;1;1;1;1;;;+10270213;+2506279;0;1
510;20;1324;P;1;10;;1453;1167;;4;;;1323;1;1;1;1;1;1;;;+10271881;+2501839;0;1
510;20;1325;P;1;10;;1453;1387;;4;;;1323;1;1;1;1;1;1;;;+10271858;+2502079;0;1
510;20;1326;P;1;10;;1453;1064;;4;;;1323;1;1;1;1;1;1;;;+10271826;+2502395;0;1
510;20;581;P;1;3;;1058;1109;;4;;;580;1;1;1;1;1;1;;;+10271748;+2501397;0;1
510;20;582;P;1;10;;1058;1064;;4;;;580;1;1;1;1;1;1;;;+10271443;+2502369;0;1
510;20;1072;P;1;12;;1409;1071;;4;;;1071;1;1;1;1;1;1;;;+10270905;+2503351;0;1
510;20;1073;P;1;12;;1409;1125;;4;;;1071;1;1;1;1;1;1;;;+10270728;+2503681;0;1
510;20;257;P;4;0;;;1557;;4;;;256;;;;;;;;;+10271745;+2507492;0;1
510;20;1685;P;1;12;;1290;1846;;4;;1684;;1;1;1;1;1;1;;;+10271260;+2506175;0;1
510;20;1686;P;1;11;;1290;1119;;4;;1684;;1;1;1;1;1;1;;;+10271371;+2506805;0;1
510;20;1687;P;1;12;;1290;1849;;4;;1684;;1;1;1;1;1;1;;;+10271588;+2507570;1689;1
510;20;1689;P;1;12;;1290;1068;;4;;1688;;1;1;1;1;1;1;;;+10271615;+2507608;1687;1
510;20;1690;P;1;12;;1290;1231;;4;;1688;;1;1;1;1;1;1;;;+10272530;+2508663;1697;0
510;20;1697;P;1;12;;1290;1223;;4;;1696;;1;1;1;1;1;1;;;+10273635;+2509435;1690;0
510;20;1698;P;1;12;;1290;1857;;4;;1696;;1;1;1;1;1;1;;;+10273879;+2510216;0;0
510;20;1699;P;1;12;;1290;1224;;4;;1696;;1;1;1;1;1;1;;;+10273947;+2510570;0;0
510;20;1700;P;1;10;;1290;1714;;4;;1696;;1;1;1;1;1;1;;;+10274844;+2511819;0;0
510;20;384;P;4;0;;;1895;;4;;;383;;;;;;;;;+10266686;+2510931;0;0
510;20;323;P;4;0;;;1558;;4;;;322;;;;;;;;;+10269120;+2502132;0;0
510;20;1281;P;1;12;;1166;1559;;4;;996;;1;1;1;1;1;1;;;+10268763;+2501946;0;0
510;20;637;P;1;10;;1166;1109;;4;;996;;1;1;1;1;1;1;;;+10269115;+2502108;0;0
510;20;638;P;1;10;;1166;1399;;4;;996;;1;1;1;1;1;1;;;+10269487;+2502273;0;1
510;20;998;P;1;10;;1166;1134;;4;;996;;1;1;1;1;1;1;;;+10269797;+2502495;639;1
510;20;639;P;1;10;;1166;1776;;4;;997;;1;1;1;1;1;1;;;+10269813;+2502508;998;1
510;20;640;P;1;11;;1166;1069;;4;;997;;1;1;1;1;1;1;;;+10270587;+2502652;0;1
510;20;1328;P;1;10;;1483;1064;;4;;;1327;1;1;1;1;1;1;;;+10271828;+2502409;0;1
510;20;1329;P;1;10;;1483;1484;;4;;;1327;1;1;1;1;1;1;;;+10271798;+2502855;0;1
510;20;1402;P;1;12;;1402;1105;;4;;;1404;1;1;1;1;1;1;;;+10266949;+2497834;0;0
510;20;1405;P;1;10;;1402;1038;;4;;;1404;1;1;1;1;1;1;;;+10268646;+2498794;0;0
510;20;1406;P;1;10;;1402;1611;;4;;;1404;1;1;1;1;1;1;;;+10269669;+2499654;0;0
510;20;1632;P;1;12;;1402;1812;;4;;;1404;1;1;1;1;1;1;;;+10270207;+2500640;0;0
510;20;1629;P;1;11;;1402;1811;;4;;;1628;1;1;1;1;1;1;;;+10269953;+2500497;0;0
510;20;1630;P;1;12;;1402;1812;;4;;;1628;1;1;1;1;1;1;;;+10270207;+2500640;0;0
510;20;1631;P;1;10;;1402;1074;;4;;;1628;1;1;1;1;1;1;;;+10270869;+2500994;0;0
510;20;433;P;1;10;;1075;1038;;4;;;432;1;1;1;1;1;1;;;+10270499;+2497937;0;0
510;20;1556;P;1;6;;1075;1630;;4;;;432;1;1;1;1;1;1;;;+10270865;+2499818;0;0
510;20;435;P;1;12;;1075;1074;;4;;;432;1;1;1;1;1;1;;;+10270876;+2500882;0;0
510;20;567;P;1;10;;1128;1080;;4;;;566;1;1;1;1;1;1;;;+10271681;+2503344;0;1
510;20;1291;P;1;10;;1128;1411;;4;;;566;1;1;1;1;1;1;;;+10271644;+2503592;0;1
510;20;568;P;1;10;;1128;1115;;4;;;566;1;1;1;1;1;1;;;+10271616;+2503809;0;1
510;20;1292;P;1;10;;1128;1446;;4;;;566;1;1;1;1;1;1;;;+10271591;+2504013;0;1
510;20;569;P;1;10;;1128;1149;;4;;;566;1;1;1;1;1;1;;;+10271562;+2504234;0;1
510;20;570;P;1;10;;1128;1150;;4;;;566;1;1;1;1;1;1;;;+10271466;+2504983;0;1
510;20;851;P;1;10;;1128;1389;;4;;;566;1;1;1;1;1;1;;;+10271376;+2505417;0;1
510;20;812;P;1;11;;1209;1208;;4;;;811;1;1;1;1;1;1;;;+10270430;+2505204;0;1
510;20;813;P;1;10;;1209;1150;;4;;;811;1;1;1;1;1;1;;;+10270753;+2504972;0;1
510;20;400;P;4;0;;;1909;;4;;;399;;;;;;;;;+10264586;+2509744;0;0
510;20;1734;P;4;0;;;1912;;4;;;1733;;;;;;;;;+10264252;+2508900;0;0
510;20;1661;P;1;10;;1626;1732;;4;;;1660;1;1;1;1;1;1;;;+10264392;+2509386;0;0
510;20;1662;P;1;11;;1626;2036;;4;;;1660;1;1;1;1;1;1;;;+10265536;+2509022;0;0
510;20;1663;P;1;12;;1626;1464;;4;;;1660;1;1;1;1;1;1;;;+10266191;+2508812;0;0
510;20;1664;P;1;10;;1626;1587;;4;;;1660;1;1;1;1;1;1;;;+10267115;+2508532;0;0
510;20;1470;P;1;10;;1116;1128;;4;;;740;1;1;1;1;1;1;;;+10271562;+2504234;0;1
510;20;741;P;1;10;;1116;1082;;4;;;740;1;1;1;1;1;1;;;+10271950;+2504249;0;1
510;20;742;P;1;10;;1116;1129;;4;;;740;1;1;1;1;1;1;;;+10272553;+2504306;0;1
510;20;743;P;1;10;;1116;1017;;4;;;740;1;1;1;1;1;1;;;+10273258;+2504388;0;1
510;20;1471;P;1;12;;1116;1406;;4;;;740;1;1;1;1;1;1;;;+10273683;+2504389;0;1
510;20;744;P;1;10;;1116;1191;;4;;;740;1;1;1;1;1;1;;;+10274048;+2504388;0;1
510;20;745;P;1;6;;1116;1043;;4;;;740;1;1;1;1;1;1;;;+10274473;+2504210;0;1
510;20;725;P;1;10;;1073;2003;;4;;;724;1;1;1;1;1;1;;;+10264672;+2504735;0;0
510;20;726;P;1;10;;1073;1184;;4;;;724;1;1;1;1;1;1;;;+10265477;+2504680;0;1
510;20;727;P;1;10;;1073;1186;;4;;;724;1;1;1;1;1;1;;;+10266175;+2504629;0;1
510;20;1472;P;1;11;;1073;1454;;4;;;724;1;1;1;1;1;1;;;+10266752;+2504592;0;1
510;20;728;P;1;8;;1073;1108;;4;;;724;1;1;1;1;1;1;;;+10267041;+2504567;0;1
510;20;729;P;1;10;;1073;1179;;4;;;724;1;1;1;1;1;1;;;+10267479;+2504535;0;1
510;20;730;P;1;10;;1073;1399;;4;;;724;1;1;1;1;1;1;;;+10267921;+2504502;0;1
510;20;731;P;1;10;;1073;1134;;4;;;724;1;1;1;1;1;1;;;+10268919;+2504429;0;1
510;20;732;P;1;10;;1073;1069;;4;;;724;1;1;1;1;1;1;;;+10269444;+2504396;0;1
510;20;1466;P;1;10;;1073;1125;;4;;;724;1;1;1;1;1;1;;;+10269877;+2504369;0;1
510;20;733;P;1;10;;1149;1125;;4;;;735;1;1;1;1;1;1;;;+10269877;+2504369;0;1
510;20;736;P;1;10;;1149;1397;;4;;;735;1;1;1;1;1;1;;;+10270528;+2504352;0;1
510;20;737;P;1;12;;1149;1190;;4;;;735;1;1;1;1;1;1;;;+10270776;+2504234;0;1
510;20;738;P;1;10;;1149;1128;;4;;;735;1;1;1;1;1;1;;;+10271562;+2504234;0;1
510;20;1603;P;1;10;;1630;1074;;4;;;1602;1;1;1;1;1;1;;;+10270193;+2499706;0;0
510;20;1555;P;1;7;;1630;1075;;4;;;1602;1;1;1;1;1;1;;;+10270865;+2499818;0;0
510;20;1604;P;1;7;;1630;1111;;4;;;1602;1;1;1;1;1;1;;;+10272235;+2500066;0;0
510;20;486;P;1;7;;1078;1111;;4;;;482;1;1;1;1;1;1;;;+10272235;+2500066;0;0
510;20;1464;P;1;10;;1078;1059;;4;;;482;1;1;1;1;1;1;;;+10272861;+2500148;0;0
510;20;487;P;1;8;;1078;1083;;4;;;482;1;1;1;1;1;1;;;+10273259;+2500280;0;1
510;20;1465;P;1;10;;1078;1427;;4;;;482;1;1;1;1;1;1;;;+10273748;+2500392;0;1
510;20;488;P;1;10;;1078;1106;;4;;;482;1;1;1;1;1;1;;;+10274729;+2500783;0;1
510;20;489;P;1;10;;1078;1113;;4;;;482;1;1;1;1;1;1;;;+10275232;+2501242;0;1
510;20;1461;P;1;10;;1753;1978;;4;;;1598;1;1;1;1;1;1;;;+10267375;+2501257;0;0
510;20;1599;P;1;10;;1753;1105;;4;;;1598;1;1;1;1;1;1;;;+10267822;+2500745;0;0
510;20;483;P;1;10;;1611;1105;;4;;;1601;1;1;1;1;1;1;;;+10267822;+2500745;0;0
510;20;1462;P;1;10;;1611;1767;;4;;;1601;1;1;1;1;1;1;;;+10268497;+2499962;0;0
510;20;1463;P;1;10;;1611;1402;;4;;;1601;1;1;1;1;1;1;;;+10269669;+2499654;0;0
510;20;1600;P;1;10;;1611;1074;;4;;;1601;1;1;1;1;1;1;;;+10270193;+2499706;0;0
510;20;1440;P;1;12;;1407;1125;;4;;;1439;1;1;1;1;1;1;;;+10270143;+2504087;0;1
510;20;1441;P;1;12;;1407;1397;;4;;;1439;1;1;1;1;1;1;;;+10270539;+2504141;0;1
510;20;791;P;1;12;;1200;1149;;4;;;790;1;1;1;1;1;1;;;+10271200;+2504208;0;1
510;20;792;P;1;12;;1200;1201;;4;;;790;1;1;1;1;1;1;;;+10271178;+2504424;0;1
510;20;1215;P;1;10;;1381;1082;;4;;;1214;1;1;1;1;1;1;;;+10271982;+2503548;0;1
510;20;1216;P;1;12;;1381;1129;;4;;;1214;1;1;1;1;1;1;;;+10272555;+2503551;0;1
510;20;656;P;1;3;;1456;1619;;4;;;1227;1;1;1;1;1;1;;;+10280673;+2489029;0;1
510;20;1526;P;1;7;;1456;1749;;4;;;1227;1;1;1;1;1;1;;;+10282148;+2489451;0;0
510;20;657;P;1;3;;1456;1995;;4;;;1227;1;1;1;1;1;1;;;+10286503;+2495114;0;0
510;20;658;P;1;7;;1456;1028;;4;;;1227;1;1;1;1;1;1;;;+10287681;+2496575;0;0
510;20;963;P;1;12;;1236;1151;;4;;;962;1;1;1;1;1;1;;;+10275490;+2507079;0;0
510;20;964;P;1;10;;1236;1117;;4;;;962;1;1;1;1;1;1;;;+10275521;+2508160;0;0
510;20;651;P;1;12;;1169;1064;;4;;;650;1;1;1;1;1;1;;;+10271173;+2502341;0;1
510;20;652;P;1;12;;1169;1071;;4;;;650;1;1;1;1;1;1;;;+10271149;+2503341;0;1
510;20;1671;P;1;3;;1789;1987;;4;;;1611;1;1;1;1;1;1;;;+10279939;+2495711;0;0
510;20;1672;P;1;8;;1789;1793;;4;;;1611;1;1;1;1;1;1;;;+10279383;+2497483;0;0
510;20;1457;P;1;10;;1130;1308;;4;;;700;1;1;1;1;1;1;;;+10275297;+2502193;0;0
510;20;701;P;1;12;;1130;1506;;4;;;700;1;1;1;1;1;1;;;+10275655;+2502032;0;0
510;20;702;P;1;10;;1130;1181;;4;;;700;1;1;1;1;1;1;;;+10275908;+2502333;0;0
510;20;1455;P;1;12;;1130;1769;;4;;;700;1;1;1;1;1;1;;;+10276150;+2502774;0;0
510;20;1331;P;1;12;;1484;1081;;4;;;1330;1;1;1;1;1;1;;;+10271397;+2502421;0;1
510;20;1332;P;1;10;;1484;1483;;4;;;1330;1;1;1;1;1;1;;;+10271798;+2502855;0;1
510;20;1333;P;1;12;;1484;1082;;4;;;1330;1;1;1;1;1;1;;;+10272001;+2503176;0;1
510;20;1170;P;1;11;;1441;1696;;4;;;1169;1;1;1;1;1;1;;;+10270530;+2504445;0;1
510;20;1171;P;1;10;;1441;1199;;4;;;1169;1;1;1;1;1;1;;;+10270759;+2504426;0;1
510;20;889;P;1;10;;1218;1222;;4;;;888;1;1;1;1;1;1;;;+10272514;+2505810;0;1
510;20;890;P;1;10;;1218;1119;;4;;;888;1;1;1;1;1;1;;;+10272905;+2506400;0;1
510;20;891;P;1;12;;1218;1068;;4;;;888;1;1;1;1;1;1;;;+10273422;+2506921;0;1
510;20;877;P;1;10;;1382;1118;;4;;;876;1;1;1;1;1;1;;;+10271454;+2505705;0;1
510;20;1235;P;1;10;;1382;1222;;4;;;876;1;1;1;1;1;1;;;+10271534;+2505999;0;1
510;20;878;P;1;10;;1382;1119;;4;;;876;1;1;1;1;1;1;;;+10271827;+2506735;0;1
510;20;1236;P;1;10;;1382;1458;;4;;;876;1;1;1;1;1;1;;;+10271956;+2507072;0;1
510;20;881;P;1;10;;1382;1068;;4;;;876;1;1;1;1;1;1;;;+10272051;+2507326;0;1
510;20;1606;P;1;11;;1782;1221;;4;;;1605;1;1;1;1;1;1;;;+10272355;+2507712;0;1
510;20;882;P;1;12;;1782;1082;;4;;;1605;1;1;1;1;1;1;;;+10272735;+2507541;0;1
510;20;1415;P;1;12;;1498;1403;;4;;;1414;1;1;1;1;1;1;;;+10269341;+2500995;0;0
510;20;1416;P;1;11;;1498;1497;;4;;;1414;1;1;1;1;1;1;;;+10269478;+2500915;0;0
510;20;1627;P;1;12;;1498;2037;;4;;;1414;1;1;1;1;1;1;;;+10269946;+2501048;0;0
510;20;1191;P;1;11;;1446;1447;;4;;;1190;1;1;1;1;1;1;;;+10270984;+2503972;0;1
510;20;1192;P;1;10;;1446;1448;;4;;;1190;1;1;1;1;1;1;;;+10271149;+2503979;0;1
510;20;1193;P;1;11;;1446;1405;;4;;;1190;1;1;1;1;1;1;;;+10271484;+2504002;0;1
510;20;1194;P;1;10;;1446;1128;;4;;;1190;1;1;1;1;1;1;;;+10271591;+2504013;0;1
510;20;803;P;1;10;;1206;1125;;4;;;802;1;1;1;1;1;1;;;+10269716;+2505049;0;1
510;20;804;P;1;12;;1206;1207;;4;;;802;1;1;1;1;1;1;;;+10270331;+2505178;0;1
510;20;1188;P;1;11;;1445;1443;;4;;;1187;1;1;1;1;1;1;;;+10270874;+2503965;0;1
510;20;1189;P;1;12;;1445;1149;;4;;;1187;1;1;1;1;1;1;;;+10270872;+2504190;0;1
510;20;1335;P;1;12;;1388;1082;;4;;;1334;1;1;1;1;1;1;;;+10272007;+2503205;0;1
510;20;1336;P;1;10;;1388;1083;;4;;;1334;1;1;1;1;1;1;;;+10272552;+2502780;0;1
510;20;1337;P;1;10;;1388;1064;;4;;;1334;1;1;1;1;1;1;;;+10272751;+2502608;0;1
510;20;1338;P;1;12;;1388;1704;;4;;;1334;1;1;1;1;1;1;;;+10273213;+2502060;0;1
510;20;1339;P;1;10;;1388;1106;;4;;;1334;1;1;1;1;1;1;;;+10273677;+2502299;0;1
510;20;1174;P;1;10;;1397;1442;;4;;;1173;1;1;1;1;1;1;;;+10270219;+2503523;0;1
510;20;1175;P;1;10;;1397;1125;;4;;;1173;1;1;1;1;1;1;;;+10270523;+2503751;0;1
510;20;1176;P;1;10;;1397;1443;;4;;;1173;1;1;1;1;1;1;;;+10270537;+2503939;0;1
510;20;1177;P;1;12;;1397;1407;;4;;;1173;1;1;1;1;1;1;;;+10270539;+2504141;0;1
510;20;1178;P;1;10;;1397;1149;;4;;;1173;1;1;1;1;1;1;;;+10270528;+2504352;0;1
510;20;533;P;1;10;;1131;1399;;4;;;532;1;1;1;1;1;1;;;+10268701;+2502764;0;1
510;20;1395;P;1;10;;1131;1494;;4;;;532;1;1;1;1;1;1;;;+10268937;+2503068;0;1
510;20;534;P;1;10;;1131;1134;;4;;;532;1;1;1;1;1;1;;;+10269303;+2503141;0;1
510;20;535;P;1;10;;1131;1069;;4;;;532;1;1;1;1;1;1;;;+10270008;+2503292;0;1
510;20;1518;P;1;10;;1978;1038;;4;;;1396;1;1;1;1;1;1;;;+10267062;+2500854;0;0
510;20;1398;P;1;10;;1978;1753;;4;;;1396;1;1;1;1;1;1;;;+10267375;+2501257;0;0
510;20;1820;P;1;10;;1978;1977;;4;;;1396;1;1;1;1;1;1;;;+10267835;+2501673;0;0
510;20;1399;P;1;6;;1978;1109;;4;;;1396;1;1;1;1;1;1;;;+10268356;+2502323;0;0
510;20;1400;P;1;10;;1978;1399;;4;;;1396;1;1;1;1;1;1;;;+10268701;+2502764;0;1
510;20;1444;P;1;10;;1494;1072;;4;;;1446;1;1;1;1;1;1;;;+10267960;+2503099;0;1
510;20;1447;P;1;10;;1494;1399;;4;;;1446;1;1;1;1;1;1;;;+10268327;+2503074;0;1
510;20;1448;P;1;10;;1494;1957;;4;;;1446;1;1;1;1;1;1;;;+10268577;+2503058;0;1
510;20;1449;P;1;10;;1494;1131;;4;;;1446;1;1;1;1;1;1;;;+10268937;+2503068;0;1
510;20;390;P;4;0;;;1899;;4;;;389;;;;;;;;;+10265493;+2511143;0;0
510;20;1748;P;4;0;;;1925;;4;;;1747;;;;;;;;;+10264082;+2507386;0;0
510;20;1738;P;4;0;;;1915;;4;;;1737;;;;;;;;;+10264195;+2508642;0;0
510;20;1752;P;4;0;;;1926;;4;;;1751;;;;;;;;;+10264276;+2506698;0;0
510;20;388;P;4;0;;;1897;;4;;;387;;;;;;;;;+10265780;+2511126;0;0
510;20;1754;P;4;0;;;1928;;4;;;1753;;;;;;;;;+10264202;+2506397;0;0
510;20;372;P;1;3;;1732;1261;;4;;;371;1;1;1;1;1;1;;;+10264665;+2505027;0;0
510;20;373;P;1;3;;1732;1196;;4;;;371;1;1;1;1;1;1;;;+10264198;+2508677;0;0
510;20;374;P;1;3;;1732;1062;;4;;;371;1;1;1;1;1;1;;;+10265317;+2511017;0;0
510;20;375;P;1;1;;1732;1587;;4;;;371;1;1;1;1;1;1;;;+10266650;+2510963;0;0
510;20;1746;P;4;0;;;1919;;4;;;1745;;;;;;;;;+10264053;+2507519;0;0
510;20;1736;P;4;0;;;1913;;4;;;1735;;;;;;;;;+10264275;+2508882;0;0
510;20;1650;P;1;10;;1959;1831;;4;;;1649;1;1;1;1;1;1;;;+10264370;+2505581;0;0
510;20;1651;P;1;12;;1959;1195;;4;;;1649;1;1;1;1;1;1;;;+10263871;+2508094;0;0
510;20;1652;P;1;10;;1959;1626;;4;;;1649;1;1;1;1;1;1;;;+10264392;+2509386;0;0
510;20;1653;P;1;12;;1959;1062;;4;;;1649;1;1;1;1;1;1;;;+10265317;+2511017;0;0
510;20;396;P;4;0;;;1906;;4;;;395;;;;;;;;;+10264884;+2510537;0;0
510;20;1742;P;4;0;;;1917;;4;;;1741;;;;;;;;;+10264106;+2508519;0;0
510;20;1732;P;4;0;;;1911;;4;;;1731;;;;;;;;;+10264567;+2509762;0;0
510;20;521;P;1;10;;1399;1494;;4;;;525;1;1;1;1;1;1;;;+10268327;+2503074;0;1
510;20;527;P;1;10;;1399;1131;;4;;;525;1;1;1;1;1;1;;;+10268701;+2502764;0;1
510;20;995;P;1;10;;1399;1166;;4;;;525;1;1;1;1;1;1;;;+10269487;+2502273;0;1
510;20;528;P;1;10;;1399;1105;;4;;;525;1;1;1;1;1;1;;;+10269821;+2502062;0;1
510;20;1539;P;1;10;;1399;1494;;4;;;1388;1;1;1;1;1;1;;;+10268327;+2503074;0;1
510;20;1390;P;1;10;;1399;1072;;4;;;1388;1;1;1;1;1;1;;;+10268211;+2503254;0;1
510;20;695;P;1;10;;1399;1180;;4;;;1388;1;1;1;1;1;1;;;+10267892;+2503758;0;1
510;20;1389;P;1;11;;1399;1461;;4;;;1388;1;1;1;1;1;1;;;+10267877;+2504017;0;1
510;20;522;P;1;10;;1399;1073;;4;;;1388;1;1;1;1;1;1;;;+10267921;+2504502;0;1
510;20;523;P;1;10;;1399;1132;;4;;;1388;1;1;1;1;1;1;;;+10267956;+2504872;0;1
510;20;524;P;1;10;;1399;1261;;4;;;1388;1;1;1;1;1;1;;;+10268084;+2505547;0;1
510;20;1423;P;1;10;;1775;1417;;4;;;1422;1;1;1;1;1;1;;;+10266709;+2503313;0;1
510;20;1424;P;1;12;;1775;1400;;4;;;1422;1;1;1;1;1;1;;;+10267320;+2503267;0;1
510;20;1814;P;1;12;;1983;1066;;4;;;1813;1;1;1;1;1;1;;;+10269020;+2505210;0;1
510;20;1815;P;1;12;;1983;1069;;4;;;1813;1;1;1;1;1;1;;;+10269414;+2504845;0;1
510;20;1673;P;1;10;;1803;1038;;4;;;1626;1;1;1;1;1;1;;;+10271116;+2497962;0;0
510;20;1674;P;1;10;;1803;1630;;4;;;1626;1;1;1;1;1;1;;;+10271214;+2499896;0;0
510;20;1675;P;1;12;;1803;1075;;4;;;1626;1;1;1;1;1;1;;;+10270953;+2500183;0;0
510;20;1075;P;1;10;;1410;1071;;4;;;1074;1;1;1;1;1;1;;;+10271273;+2503340;0;1
510;20;1076;P;1;11;;1410;1411;;4;;;1074;1;1;1;1;1;1;;;+10271272;+2503588;0;1
510;20;1199;P;1;10;;1450;1446;;4;;;1198;1;1;1;1;1;1;;;+10271149;+2503979;0;1
510;20;1200;P;1;12;;1450;1149;;4;;;1198;1;1;1;1;1;1;;;+10271134;+2504201;0;1
510;20;1808;P;1;10;;1980;1075;;4;;;1807;1;1;1;1;1;1;;;+10270936;+2500532;0;0
510;20;1809;P;1;12;;1980;1111;;4;;;1807;1;1;1;1;1;1;;;+10272062;+2500881;0;0
510;20;931;P;1;10;;1233;1223;;4;;;930;1;1;1;1;1;1;;;+10273113;+2509603;0;0
510;20;1387;P;1;10;;1233;1224;;4;;;930;1;1;1;1;1;1;;;+10273506;+2510778;0;0
510;20;932;P;1;10;;1233;1714;;4;;;930;1;1;1;1;1;1;;;+10274465;+2512300;0;0
510;20;1435;P;1;12;;1393;1957;;4;;;1434;1;1;1;1;1;1;;;+10268568;+2503308;0;1
510;20;1436;P;1;10;;1393;1134;;4;;;1434;1;1;1;1;1;1;;;+10269064;+2503548;0;1
510;20;1437;P;1;10;;1393;1069;;4;;;1434;1;1;1;1;1;1;;;+10269705;+2503743;0;1
510;20;1438;P;1;12;;1393;1125;;4;;;1434;1;1;1;1;1;1;;;+10270134;+2504081;0;1
510;20;1374;P;1;12;;1384;1491;;4;;;1373;1;1;1;1;1;1;;;+10273384;+2505580;0;1
510;20;1375;P;1;10;;1384;1119;;4;;;1373;1;1;1;1;1;1;;;+10273624;+2505804;0;1
510;20;1376;P;1;12;;1384;1043;;4;;;1373;1;1;1;1;1;1;;;+10273967;+2506119;0;1
510;20;1371;P;1;10;;1491;1151;;4;;;1370;1;1;1;1;1;1;;;+10273741;+2505270;0;1
510;20;1372;P;1;12;;1491;1384;;4;;;1370;1;1;1;1;1;1;;;+10273384;+2505580;0;1
510;20;750;P;1;10;;1191;1116;;4;;;749;1;1;1;1;1;1;;;+10274048;+2504388;0;1
510;20;751;P;1;10;;1191;1151;;4;;;749;1;1;1;1;1;1;;;+10273741;+2505270;0;1
510;20;329;P;4;0;;;1573;;4;;;328;;;;;;;;;+10266957;+2503708;0;1
510;20;676;P;1;10;;1175;1173;;4;;;675;1;1;1;1;1;1;;;+10264273;+2503331;0;0
510;20;1785;P;1;10;;1175;1936;;4;;;675;1;1;1;1;1;1;;;+10264854;+2503749;0;0
510;20;677;P;1;10;;1175;1176;;4;;;675;1;1;1;1;1;1;;;+10265543;+2503950;0;1
510;20;1369;P;1;10;;1175;1417;;4;;;675;1;1;1;1;1;1;;;+10266754;+2503918;0;1
510;20;678;P;1;10;;1175;1108;;4;;;675;1;1;1;1;1;1;;;+10266985;+2503902;0;1
510;20;578;P;1;10;;1081;1058;;4;;;577;1;1;1;1;1;1;;;+10271443;+2502369;0;1
510;20;579;P;1;10;;1081;1080;;4;;;577;1;1;1;1;1;1;;;+10271681;+2503344;0;1
510;20;1804;P;1;11;;1979;1105;;4;;;1803;1;1;1;1;1;1;;;+10268403;+2501069;0;0
510;20;1805;P;1;11;;1979;1767;;4;;;1803;1;1;1;1;1;1;;;+10269022;+2500361;0;0
510;20;1806;P;1;12;;1979;1497;;4;;;1803;1;1;1;1;1;1;;;+10269271;+2500082;0;0
510;20;562;P;1;8;;1124;1066;;4;;;561;1;1;1;1;1;1;;;+10269226;+2505094;0;1
510;20;563;P;1;10;;1124;1123;;4;;;561;1;1;1;1;1;1;;;+10269543;+2505324;0;1
510;20;1343;P;1;10;;1124;1203;;4;;;561;1;1;1;1;1;1;;;+10270295;+2505637;0;1
510;20;564;P;1;10;;1124;1148;;4;;;561;1;1;1;1;1;1;;;+10270498;+2505839;0;1
510;20;565;P;1;6;;1124;1118;;4;;;561;1;1;1;1;1;1;;;+10270969;+2506001;0;1
510;20;255;P;4;0;;;1888;;4;;;254;;;;;;;;;+10271677;+2507550;0;1
510;20;992;P;1;12;;1221;1068;;4;;;991;1;1;1;1;1;1;;;+10272061;+2507347;0;1
510;20;1607;P;1;11;;1221;1782;;4;;;991;1;1;1;1;1;1;;;+10272355;+2507712;0;1
510;20;1381;P;1;12;;1383;1119;;4;;;1380;1;1;1;1;1;1;;;+10272673;+2506509;0;1
510;20;1382;P;1;10;;1383;1068;;4;;;1380;1;1;1;1;1;1;;;+10272871;+2507090;0;1
510;20;673;P;1;10;;1173;2003;;4;;;672;1;1;1;1;1;1;;;+10263872;+2503527;0;0
510;20;674;P;1;10;;1173;1175;;4;;;672;1;1;1;1;1;1;;;+10264273;+2503331;0;0
510;20;1319;P;1;10;;1387;1058;;4;;;1318;1;1;1;1;1;1;;;+10271537;+2502040;0;1
510;20;1320;P;1;10;;1387;1453;;4;;;1318;1;1;1;1;1;1;;;+10271858;+2502079;0;1
510;20;1321;P;1;10;;1387;1082;;4;;;1318;1;1;1;1;1;1;;;+10272115;+2502135;0;1
510;20;1322;P;1;12;;1387;1083;;4;;;1318;1;1;1;1;1;1;;;+10272595;+2502131;0;1
510;20;1262;P;1;10;;1468;1074;;4;;;1261;1;1;1;1;1;1;;;+10270849;+2501754;0;1
510;20;1263;P;1;11;;1468;1469;;4;;;1261;1;1;1;1;1;1;;;+10271172;+2501761;0;1
510;20;642;P;1;10;;1167;1058;;4;;;641;1;1;1;1;1;1;;;+10271559;+2501806;0;1
510;20;1317;P;1;10;;1167;1453;;4;;;641;1;1;1;1;1;1;;;+10271881;+2501839;0;1
510;20;643;P;1;10;;1167;1082;;4;;;641;1;1;1;1;1;1;;;+10272143;+2501858;0;1
510;20;644;P;1;10;;1167;1083;;4;;;641;1;1;1;1;1;1;;;+10272670;+2501901;0;1
510;20;612;P;1;12;;1615;1038;;4;;;1302;1;1;1;1;1;1;;;+10273967;+2496790;0;0
510;20;613;P;1;10;;1615;1614;;4;;;1302;1;1;1;1;1;1;;;+10276196;+2498197;0;0
510;20;614;P;1;12;;1615;2041;;4;;;1302;1;1;1;1;1;1;;;+10276647;+2498543;0;0
510;20;129;P;1;1;;1636;1588;;4;;;128;1;1;1;1;1;1;;;+10310478;+2533663;0;0
510;20;150;P;1;3;;1636;1946;;4;;;128;1;1;1;1;1;1;;;+10310566;+2534199;0;0
510;20;130;P;1;3;;1636;1581;;4;;;128;1;1;1;1;1;1;;;+10312777;+2543295;0;0
510;20;131;P;3;3;;1636;1095;;4;;;128;1;1;1;1;1;1;;;+10320654;+2553605;0;0
510;20;132;P;1;3;;1636;1947;;4;;;128;1;1;1;1;1;1;;;+10320890;+2554693;0;0
510;20;133;P;1;3;;1636;1053;;4;;;128;1;1;1;1;1;1;;;+10327111;+2573261;0;0
510;20;134;P;3;3;;1636;1669;;4;;;128;1;1;1;1;1;1;;;+10327085;+2573662;0;0
510;20;135;P;1;3;;1636;1731;;4;;;128;1;1;1;1;1;1;;;+10327656;+2583540;0;0
510;20;1403;P;1;10;;1113;1160;;4;;;1299;1;1;1;1;1;1;;;+10276245;+2499211;0;0
510;20;1301;P;1;10;;1113;1155;;4;;;1299;1;1;1;1;1;1;;;+10275511;+2500628;0;0
510;20;617;P;1;10;;1113;1078;;4;;;1299;1;1;1;1;1;1;;;+10275232;+2501242;0;1
510;20;1300;P;1;12;;1113;1430;;4;;;1299;1;1;1;1;1;1;;;+10274876;+2501653;0;1
510;20;618;P;1;10;;1113;1308;;4;;;1299;1;1;1;1;1;1;;;+10274673;+2502516;0;1
510;20;953;P;1;10;;1235;1117;;4;;;952;1;1;1;1;1;1;;;+10274553;+2507211;0;1
510;20;954;P;1;10;;1235;1151;;4;;;952;1;1;1;1;1;1;;;+10275300;+2506721;0;1
510;20;855;P;1;10;;1148;1124;;4;;;852;1;1;1;1;1;1;;;+10270498;+2505839;0;1
510;20;1298;P;1;10;;1148;1147;;4;;;852;1;1;1;1;1;1;;;+10271062;+2505552;0;1
510;20;784;P;1;12;;1150;1197;;4;;;783;1;1;1;1;1;1;;;+10270677;+2504937;0;1
510;20;1289;P;1;11;;1150;1203;;4;;;783;1;1;1;1;1;1;;;+10270858;+2505030;0;1
510;20;1290;P;1;11;;1150;1202;;4;;;783;1;1;1;1;1;1;;;+10271247;+2505003;0;1
510;20;785;P;1;10;;1150;1128;;4;;;783;1;1;1;1;1;1;;;+10271466;+2504983;0;1
510;20;786;P;1;10;;1150;1082;;4;;;783;1;1;1;1;1;1;;;+10271942;+2504948;0;1
510;20;1612;P;1;8;;1023;1793;;4;;;1307;1;1;1;1;1;1;;;+10279383;+2497483;0;0
510;20;1308;P;1;8;;1023;1466;;4;;;1307;1;1;1;1;1;1;;;+10277415;+2499050;0;0
510;20;1309;P;1;3;;1023;1995;;4;;;1307;1;1;1;1;1;1;;;+10277734;+2499411;0;0
510;20;1310;P;1;12;;1023;1482;;4;;;1307;1;1;1;1;1;1;;;+10277937;+2499554;0;0
510;20;1360;P;1;12;;2039;1258;;4;;;1359;1;1;1;1;1;1;;;+10269882;+2507291;0;1
510;20;1361;P;1;12;;2039;1068;;4;;;1359;1;1;1;1;1;1;;;+10269776;+2507584;0;1
510;20;1426;P;1;10;;1461;1175;;4;;;1425;1;1;1;1;1;1;;;+10266985;+2503902;0;1
510;20;1427;P;1;10;;1461;1179;;4;;;1425;1;1;1;1;1;1;;;+10267447;+2504056;0;1
510;20;1428;P;1;11;;1461;1399;;4;;;1425;1;1;1;1;1;1;;;+10267877;+2504017;0;1
510;20;1429;P;1;12;;1461;1401;;4;;;1425;1;1;1;1;1;1;;;+10268360;+2504094;0;1
510;20;530;P;1;10;;1077;1105;;4;;;529;1;1;1;1;1;1;;;+10269821;+2502062;0;1
510;20;531;P;1;10;;1077;1074;;4;;;529;1;1;1;1;1;1;;;+10270849;+2501754;0;1
510;20;1276;P;1;12;;1386;1082;;4;;;1274;1;1;1;1;1;1;;;+10272161;+2501720;0;1
510;20;1277;P;1;12;;1386;1083;;4;;;1274;1;1;1;1;1;1;;;+10272704;+2501771;0;1
510;20;1679;P;1;10;;1843;1382;;4;;;1678;1;1;1;1;1;1;;;+10271534;+2505999;0;1
510;20;1680;P;1;11;;1843;1846;;4;;;1678;1;1;1;1;1;1;;;+10271527;+2506136;0;1
510;20;1758;P;4;0;;;1932;;4;;;1757;;;;;;;;;+10264208;+2506213;0;0
510;20;1647;P;1;10;;1831;1261;;4;;;1646;1;1;1;1;1;1;;;+10264710;+2505275;0;0
510;20;1648;P;1;10;;1831;1732;;4;;;1646;1;1;1;1;1;1;;;+10264370;+2505581;0;0
510;20;620;P;1;10;;1614;1466;;4;;;619;1;1;1;1;1;1;;;+10276196;+2498197;0;0
510;20;621;P;1;10;;1614;1160;;4;;;619;1;1;1;1;1;1;;;+10276245;+2499211;0;0
