CID;TABCD;LCD;CLASS;TCD;STCD;ROADNUMBER;RNID;N1ID;N2ID;POL_LCD;PES_LEV
510;20;933;L;1;4;;2007;1233;2005;4;
510;20;385;L;7;0;;;1062;1732;4;
510;20;393;L;7;0;;;1062;1903;4;
510;20;1039;L;1;4;;1261;1073;1134;4;
510;20;436;L;1;2;G108;1079;1064;1043;4;
510;20;445;L;1;2;G108;1071;1069;1081;4;
510;20;412;L;1;2;G108;1587;1261;2001;4;
510;20;439;L;1;2;G108;1080;1081;1064;4;
510;20;421;L;1;2;G108;1069;1064;1134;4;
510;20;408;L;1;2;;1135;1587;2002;4;
510;20;466;L;1;2;G320;997;1076;1109;4;
510;20;892;L;1;4;;1147;1148;2005;4;
510;20;752;L;1;4;;1067;1108;1147;4;
510;20;312;L;7;0;;;1321;1109;4;
510;20;298;L;7;0;;;1321;1327;4;
510;20;451;L;1;2;;1136;1588;1961;4;
510;20;1519;L;1;2;G324;1308;1043;1028;4;
510;20;1777;L;1;2;G324;1964;1995;1965;4;
510;20;401;L;1;2;;1139;1308;1964;4;
510;20;557;L;1;3;;1118;1147;1117;4;
510;20;1228;L;1;3;;1017;1079;1117;4;
510;20;97;L;1;1;G5601;1987;1038;1588;4;
510;20;1560;L;1;1;G5601;1019;1619;1588;4;
510;20;82;L;1;1;G80;1995;1109;1513;4;
510;20;1117;L;1;4;;1431;1427;1106;4;
510;20;600;L;1;4;;1106;1155;1064;4;
510;20;543;L;1;3;S220;1134;1105;1069;4;
510;20;549;L;1;3;S312;1064;1105;1079;4;
510;20;1755;L;7;0;;;1920;1732;4;
510;20;1570;L;1;4;X003;1714;1117;1147;4;
510;20;1796;L;1;4;;1976;1399;1069;4;
510;20;346;L;7;0;;;1151;1311;4;
510;20;348;L;7;0;;;1151;1299;4;
510;20;955;L;1;4;;1151;1129;1236;4;
510;20;571;L;1;4;;1129;1080;1017;4;
510;20;366;L;7;0;;;1119;1299;4;
510;20;862;L;1;4;;1119;1216;1043;4;
510;20;292;L;7;0;;;1427;1326;4;
510;20;1110;L;1;4;;1427;1083;1109;4;
510;20;1209;L;1;4;;1411;1410;1381;4;
510;20;947;L;1;4;;1120;1082;1117;4;
510;20;903;L;1;4;;1226;1120;1121;4;
510;20;490;L;1;3;;1082;1386;1714;4;
510;20;796;L;1;4;;1203;1124;1150;4;
510;20;381;L;7;0;;;1737;1147;4;
510;20;376;L;1;1;;1737;1732;1231;4;
510;20;1458;L;1;4;;1390;1117;1082;4;
510;20;351;L;7;0;;;1470;1327;4;
510;20;1267;L;1;4;;1470;1469;1058;4;
510;20;1259;L;1;4;;1591;1470;1386;4;
510;20;719;L;1;3;;1373;1749;1308;4;
510;20;1527;L;1;4;;1698;2009;1160;4;
510;20;849;L;1;3;;1607;2011;1606;4;
510;20;1576;L;1;3;;1749;1606;1373;4;
510;20;589;L;1;4;;1084;1080;1106;4;
510;20;1311;L;1;4;;1374;1766;1308;4;
510;20;764;L;1;4;;1194;1261;1391;4;
510;20;1031;L;1;4;;1176;1175;1417;4;
510;20;759;L;1;4;;1184;2013;1261;4;
510;20;970;L;1;4;;1117;1082;1041;4;
510;20;583;L;1;3;;1083;2018;1080;4;
510;20;296;L;7;0;;;1333;1327;4;
510;20;1712;L;1;4;;2017;1427;1154;4;
510;20;711;L;1;4;;2003;997;1073;4;
510;20;1817;L;1;4;;2005;1147;2007;4;
510;20;808;L;1;4;;1207;2019;1208;4;
510;20;1557;L;1;4;;1208;1150;1207;4;
510;20;779;L;1;4;;1197;1125;1150;4;
510;20;805;L;1;4;;1198;1197;2019;4;
510;20;1430;L;1;4;;1401;1180;1073;4;
510;20;536;L;1;4;;1072;1398;1069;4;
510;20;1810;L;1;4;;1981;1116;1172;4;
510;20;691;L;1;4;;1180;1400;1134;4;
510;20;316;L;7;0;;;1105;1109;4;
510;20;628;L;1;4;;1105;1074;1134;4;
510;20;338;L;7;0;;;1261;1369;4;
510;20;336;L;7;0;;;1261;1371;4;
510;20;357;L;7;0;;;1115;1311;4;
510;20;262;L;7;0;;;1115;1299;4;
510;20;514;L;1;4;;1115;1082;1181;4;
510;20;1710;L;1;4;;1115;1405;1974;4;
510;20;506;L;1;4;;1125;1124;2043;4;
510;20;1340;L;1;4;;1406;1115;1116;4;
510;20;270;L;7;0;;;1079;1043;4;
510;20;268;L;7;0;;;1306;1043;4;
510;20;278;L;7;0;;;1306;1311;4;
510;20;361;L;7;0;;;1160;1299;4;
510;20;703;L;1;3;;1160;1374;1151;4;
510;20;540;L;1;4;;1085;1064;1071;4;
510;20;1195;L;1;4;;1448;1449;1446;4;
510;20;1616;L;1;4;;1798;1766;1373;4;
510;20;229;L;7;0;;;1068;1178;4;
510;20;248;L;7;0;;;1068;1147;4;
510;20;258;L;7;0;;;1068;1294;4;
510;20;252;L;7;0;;;1068;1382;4;
510;20;210;L;1;1;;1068;1108;1588;4;
510;20;240;L;7;0;;;1266;1258;4;
510;20;233;L;7;0;;;1266;1257;4;
510;20;1491;L;1;4;;1509;1117;1147;4;
510;20;231;L;7;0;;;1270;1257;4;
510;20;242;L;7;0;;;1270;1259;4;
510;20;1720;L;1;4;;1970;1119;1875;4;
510;20;284;L;7;0;;;1043;1321;4;
510;20;260;L;7;0;;;1043;1151;4;
510;20;286;L;7;0;;;1043;1327;4;
510;20;272;L;7;0;;;1043;1308;4;
510;20;211;L;1;1;G56;1043;1995;1588;4;
510;20;349;L;7;0;;;1311;1151;4;
510;20;353;L;7;0;;;1311;1115;4;
510;20;355;L;7;0;;;1311;1172;4;
510;20;1483;L;1;4;;1510;1109;1117;4;
510;20;1581;L;1;4;;1969;1478;2020;4;
510;20;264;L;7;0;;;1299;1079;4;
510;20;266;L;7;0;;;1299;1302;4;
510;20;282;L;7;0;;;1299;1109;4;
510;20;276;L;7;0;;;1299;1308;4;
510;20;363;L;7;0;;;1299;1172;4;
510;20;324;L;7;0;;;1109;1369;4;
510;20;212;L;1;1;G56;1109;1588;1995;4;
510;20;290;L;7;0;;;1327;1083;4;
510;20;294;L;7;0;;;1327;1331;4;
510;20;318;L;7;0;;;1327;1105;4;
510;20;314;L;7;0;;;1327;1134;4;
510;20;302;L;7;0;;;1327;1338;4;
510;20;310;L;7;0;;;1327;1347;4;
510;20;453;L;1;2;;1511;997;1043;4;
510;20;300;L;7;0;;;1326;1336;4;
510;20;320;L;7;0;;;1326;1105;4;
510;20;209;L;7;0;;;1326;1884;4;
510;20;288;L;7;0;;;1326;1311;4;
510;20;306;L;7;0;;;1326;1341;4;
510;20;1586;L;1;4;;2046;2021;1106;4;
510;20;1270;L;1;4;;2049;1109;1058;4;
510;20;334;L;7;0;;;1108;1261;4;
510;20;326;L;7;0;;;1108;1109;4;
510;20;330;L;7;0;;;1108;1132;4;
510;20;213;L;1;1;;1108;1588;1068;4;
510;20;679;L;1;3;;1512;997;1196;4;
510;20;1246;L;1;4;;1512;1178;1587;4;
510;20;340;L;7;0;;;1371;1261;4;
510;20;1280;L;1;4;;1474;1083;1106;4;
510;20;1083;L;1;4;;1426;1111;1083;4;
510;20;1088;L;1;4;;1059;1078;1426;4;
510;20;1800;L;1;4;;1977;1978;1105;4;
510;20;59;L;1;1;;1143;1723;997;4;
510;20;1633;L;1;4;;2028;1767;1402;4;
510;20;1296;L;1;4;;1389;1147;1082;4;
510;20;606;L;1;4;;1155;1106;1113;4;
510;20;647;L;1;4;;1168;1113;1308;4;
510;20;1135;L;1;4;;1432;1427;1437;4;
510;20;592;L;1;4;;1111;1425;1109;4;
510;20;304;L;7;0;;;1341;1327;4;
510;20;308;L;7;0;;;1345;1326;4;
510;20;1184;L;1;4;;1443;1125;1445;4;
510;20;476;L;1;4;;1038;1987;1978;4;
510;20;1547;L;1;4;;1711;1402;1768;4;
510;20;520;L;1;4;;1957;1494;1393;4;
510;20;1501;L;1;4;;1769;1130;1160;4;
510;20;280;L;7;0;;;1308;1311;4;
510;20;274;L;7;0;;;1317;1311;4;
510;20;1542;L;1;4;;1710;1079;1168;4;
510;20;1383;L;1;4;;1442;1071;1958;4;
510;20;597;L;1;4;;1154;1083;1106;4;
510;20;427;L;1;4;;1074;1075;1064;4;
510;20;1106;L;1;4;;1060;1078;1109;4;
510;20;844;L;1;4;;1196;1732;1068;4;
510;20;1739;L;7;0;;;1195;1907;4;
510;20;1743;L;7;0;;;1195;1902;4;
510;20;772;L;1;4;;1195;1186;1732;4;
510;20;1636;L;1;4;;1822;997;1073;4;
510;20;767;L;1;4;;1186;1073;1261;4;
510;20;153;L;1;1;;1596;1076;1634;4;
510;20;246;L;7;0;;;1890;1068;4;
510;20;1770;L;1;4;;1890;1068;1259;4;
510;20;1681;L;1;4;;1846;1290;1843;4;
510;20;920;L;1;4;;1460;1231;1224;4;
510;20;625;L;1;4;;1163;1105;1038;4;
510;20;1704;L;1;4;;1857;1147;1290;4;
510;20;927;L;1;4;;1224;1147;1290;4;
510;20;829;L;1;4;;1211;1210;1212;4;
510;20;1234;L;1;1;;1971;1116;1785;4;
510;20;1823;L;1;4;;1972;1116;1172;4;
510;20;1643;L;1;4;;1828;1261;1067;4;
510;20;814;L;1;4;;1192;1261;1067;4;
510;20;1204;L;1;4;;1405;1071;1446;4;
510;20;793;L;1;4;;1202;1201;1150;4;
510;20;1166;L;1;4;;1201;1199;1202;4;
510;20;787;L;1;4;;1199;1190;1150;4;
510;20;1764;L;1;4;;1936;1978;2003;4;
510;20;1620;L;1;4;;1766;1798;1038;4;
510;20;1523;L;1;4;;1696;1197;1951;4;
510;20;1596;L;1;4;;1696;1397;1197;4;
510;20;1264;L;1;4;;1469;1470;1468;4;
510;20;1608;L;1;1;;1785;1019;2000;4;
510;20;391;L;7;0;;;1901;1732;4;
510;20;397;L;7;0;;;1901;1907;4;
510;20;503;L;1;4;;1123;1124;1067;4;
510;20;917;L;1;4;;1121;1082;1226;4;
510;20;914;L;1;4;;1228;1227;1082;4;
510;20;332;L;7;0;;;1132;1369;4;
510;20;775;L;1;4;;1132;1454;1134;4;
510;20;1353;L;1;4;;1258;1257;1147;4;
510;20;1362;L;1;4;;1487;1258;1068;4;
510;20;859;L;1;4;;1216;1193;1259;4;
510;20;236;L;7;0;;;1257;1270;4;
510;20;1349;L;1;4;;1257;1067;1068;4;
510;20;244;L;7;0;;;1259;1266;4;
510;20;1365;L;1;4;;1259;1216;1890;4;
510;20;1657;L;1;4;;2036;1391;1626;4;
510;20;1346;L;1;4;;1767;1038;1497;4;
510;20;965;L;1;4;;1041;1117;1617;4;
510;20;1411;L;1;4;;1403;1105;1498;4;
510;20;1239;L;1;4;;1181;1172;1160;4;
510;20;944;L;1;4;;1231;1147;1082;4;
510;20;900;L;1;4;;1457;1068;1120;4;
510;20;359;L;7;0;;;1172;1311;4;
510;20;746;L;1;4;;1172;1181;1971;4;
510;20;622;L;1;4;;1428;1038;1373;4;
510;20;1122;L;1;4;;1430;1431;1113;4;
510;20;687;L;1;4;;1179;1072;1132;4;
510;20;1824;L;1;1;G5;2052;1196;2001;4;
510;20;6051;L;1;1;;590;591;1062;5;
510;20;1515;L;1;4;;1482;1023;1374;4;
510;20;1614;L;1;4;;1750;1373;1374;4;
510;20;1666;L;1;4;;1840;1043;1160;4;
510;20;1286;L;1;4;;1478;1106;1043;4;
510;20;1762;L;1;4;;1953;1417;1108;4;
510;20;227;L;7;0;;;1178;1068;4;
510;20;836;L;1;4;;1178;1194;1108;4;
510;20;840;L;1;4;;1213;1391;1418;4;
510;20;817;L;1;4;;1210;1184;1211;4;
510;20;832;L;1;4;;1185;1261;1196;4;
510;20;1224;L;1;4;;1454;1073;1132;4;
510;20;1148;L;1;4;;1391;1194;1196;4;
510;20;825;L;1;4;;1212;1184;1108;4;
510;20;1654;L;1;4;;1464;1185;1626;4;
510;20;1153;L;1;4;;1418;1195;1108;4;
510;20;1640;L;1;4;;1827;1177;1261;4;
510;20;821;L;1;4;;1177;1184;1108;4;
510;20;1749;L;7;0;;;1922;1732;4;
510;20;1303;L;1;4;;1466;1373;1374;4;
510;20;66;L;1;1;;1628;1007;1995;4;
510;20;1418;L;1;4;;1417;1775;1173;4;
510;20;1450;L;1;4;;1504;1124;1067;4;
510;20;1728;L;1;4;;1222;1382;1117;4;
510;20;1692;L;1;4;;1850;1231;1223;4;
510;20;937;L;1;4;;1223;1147;1082;4;
510;20;911;L;1;4;;1227;1147;1228;4;
510;20;1377;L;1;4;;1380;2053;1151;4;
510;20;379;L;7;0;;;1147;1737;4;
510;20;250;L;7;0;;;1147;1266;4;
510;20;799;L;1;4;;1205;1066;1125;4;
510;20;1407;L;1;4;;1497;1767;1498;4;
510;20;1538;L;1;4;;1950;1150;1202;4;
510;20;856;L;1;4;;1193;1124;1067;4;
510;20;1323;L;1;4;;1453;1167;1064;4;
510;20;580;L;1;4;;1058;1109;1064;4;
510;20;1071;L;1;4;;1409;1071;1125;4;
510;20;256;L;7;0;;;1290;1270;4;
510;20;1691;L;1;4;;1290;1846;1714;4;
510;20;383;L;7;0;;;1587;1737;4;
510;20;322;L;7;0;;;1166;1327;4;
510;20;636;L;1;4;;1166;1559;1069;4;
510;20;1327;L;1;4;;1483;1064;1484;4;
510;20;1404;L;1;4;;1402;1105;1812;4;
510;20;1628;L;1;4;;1402;1811;1074;4;
510;20;432;L;1;4;;1075;1038;1074;4;
510;20;566;L;1;4;;1128;1080;1389;4;
510;20;811;L;1;4;;1209;1208;1150;4;
510;20;399;L;7;0;;;1626;1907;4;
510;20;1733;L;7;0;;;1626;1902;4;
510;20;1660;L;1;4;;1626;1732;1587;4;
510;20;740;L;1;4;;1116;1128;1043;4;
510;20;724;L;1;4;;1073;2003;1125;4;
510;20;735;L;1;4;;1149;1125;1128;4;
510;20;1602;L;1;4;;1630;1074;1111;4;
510;20;482;L;1;4;;1078;1111;1113;4;
510;20;1598;L;1;4;;1753;1978;1105;4;
510;20;1601;L;1;4;;1611;1105;1074;4;
510;20;1439;L;1;4;;1407;1125;1397;4;
510;20;790;L;1;4;;1200;1149;1201;4;
510;20;1214;L;1;4;;1381;1082;1129;4;
510;20;1227;L;1;3;;1456;1619;1028;4;
510;20;962;L;1;4;;1236;1151;1117;4;
510;20;650;L;1;4;;1169;1064;1071;4;
510;20;1611;L;1;4;;1789;1987;1793;4;
510;20;700;L;1;4;;1130;1308;1769;4;
510;20;1330;L;1;4;;1484;1081;1082;4;
510;20;1169;L;1;4;;1441;1696;1199;4;
510;20;888;L;1;4;;1218;1222;1068;4;
510;20;876;L;1;4;;1382;1118;1068;4;
510;20;1605;L;1;4;;1782;1221;1082;4;
510;20;1414;L;1;4;;1498;1403;2037;4;
510;20;1190;L;1;4;;1446;1447;1128;4;
510;20;802;L;1;4;;1206;1125;1207;4;
510;20;1187;L;1;4;;1445;1443;1149;4;
510;20;1334;L;1;4;;1388;1082;1106;4;
510;20;1173;L;1;4;;1397;1442;1149;4;
510;20;532;L;1;4;;1131;1399;1069;4;
510;20;1396;L;1;4;;1978;1038;1399;4;
510;20;1446;L;1;4;;1494;1072;1131;4;
510;20;389;L;7;0;;;1732;1062;4;
510;20;1747;L;7;0;;;1732;1920;4;
510;20;1737;L;7;0;;;1732;1196;4;
510;20;1751;L;7;0;;;1732;1922;4;
510;20;387;L;7;0;;;1732;1587;4;
510;20;1753;L;7;0;;;1732;1831;4;
510;20;371;L;1;1;;1732;1261;1587;4;
510;20;1745;L;7;0;;;1907;1195;4;
510;20;1735;L;7;0;;;1907;1626;4;
510;20;1649;L;1;4;;1959;1831;1062;4;
510;20;395;L;7;0;;;1905;1587;4;
510;20;1741;L;7;0;;;1902;1195;4;
510;20;1731;L;7;0;;;1902;1626;4;
510;20;525;L;1;4;;1399;1494;1105;4;
510;20;1388;L;1;4;;1399;1494;1261;4;
510;20;1422;L;1;4;;1775;1417;1400;4;
510;20;1813;L;1;2;G108;1983;1066;1069;4;
510;20;1626;L;1;4;;1803;1038;1075;4;
510;20;1074;L;1;4;;1410;1071;1411;4;
510;20;1198;L;1;4;;1450;1446;1149;4;
510;20;1807;L;1;4;;1980;1075;1111;4;
510;20;930;L;1;4;;1233;1223;1714;4;
510;20;1434;L;1;4;;1393;1957;1125;4;
510;20;1373;L;1;4;;1384;1491;1043;4;
510;20;1370;L;1;4;;1491;1151;1384;4;
510;20;749;L;1;4;;1191;1116;1151;4;
510;20;328;L;7;0;;;1175;1371;4;
510;20;675;L;1;4;;1175;1173;1108;4;
510;20;577;L;1;4;;1081;1058;1080;4;
510;20;1803;L;1;4;;1979;1105;1497;4;
510;20;561;L;1;3;;1124;1066;1118;4;
510;20;254;L;7;0;;;1221;1068;4;
510;20;991;L;1;4;;1221;1068;1782;4;
510;20;1380;L;1;4;;1383;1119;1068;4;
510;20;672;L;1;4;;1173;2003;1175;4;
510;20;1318;L;1;4;;1387;1058;1083;4;
510;20;1261;L;1;4;;1468;1074;1469;4;
510;20;641;L;1;4;;1167;1058;1083;4;
510;20;1302;L;1;4;;1615;1038;2041;4;
510;20;128;L;1;1;;1636;1588;1731;4;
510;20;1299;L;1;4;;1113;1160;1308;4;
510;20;952;L;1;4;;1235;1117;1151;4;
510;20;852;L;1;4;;1148;1124;1147;4;
510;20;783;L;1;4;;1150;1197;1082;4;
510;20;1307;L;1;4;;1023;1793;1482;4;
510;20;1359;L;1;4;;2039;1258;1068;4;
510;20;1425;L;1;4;;1461;1175;1401;4;
510;20;529;L;1;4;;1077;1105;1074;4;
510;20;1274;L;1;4;;1386;1082;1083;4;
510;20;1678;L;1;4;;1843;1382;1846;4;
510;20;1757;L;7;0;;;1831;1732;4;
510;20;1646;L;1;4;;1831;1261;1732;4;
510;20;619;L;1;4;;1614;1466;1160;4;
