CID;TABCD;LCD;INT_CID;INT_TABCD;INT_LCD
495;5;466;495;5;561
495;5;561;495;5;466
495;5;553;495;5;562
495;5;562;495;5;553
495;5;566;495;5;621
495;5;621;495;5;623
495;5;623;495;5;566
495;5;567;495;5;573
495;5;573;495;5;567
495;5;1208;495;5;1209
495;5;1209;495;5;1208
495;5;485;495;5;488
495;5;488;495;5;490
495;5;490;495;5;607
495;5;607;495;5;485
495;5;447;495;5;449
495;5;449;495;5;825
495;5;825;495;5;447
495;5;450;495;5;527
495;5;527;495;5;450
495;5;451;495;5;830
495;5;830;495;5;451
495;5;452;495;5;837
495;5;837;495;5;452
495;5;453;495;5;898
495;5;898;495;5;453
495;5;454;495;5;927
495;5;927;495;5;929
495;5;929;495;5;454
495;5;455;495;5;961
495;5;961;495;5;455
495;5;456;495;5;458
495;5;458;495;5;974
495;5;974;495;5;456
495;5;416;495;5;440
495;5;440;495;5;784
495;5;784;495;5;786
495;5;786;495;5;416
495;5;441;495;5;744
495;5;744;495;5;441
495;5;442;495;5;754
495;5;754;495;5;442
495;5;443;495;5;767
495;5;767;495;5;443
495;5;444;495;5;805
495;5;805;495;5;444
495;5;445;495;5;816
495;5;816;495;5;445
495;5;446;495;5;832
495;5;832;495;5;446
495;5;459;495;5;1119
495;5;1119;495;5;1121
495;5;1121;495;5;459
495;5;460;495;5;481
495;5;481;495;5;460
495;5;479;495;5;699
495;5;699;495;5;971
495;5;971;495;5;479
495;5;480;495;5;1118
495;5;1118;495;5;480
495;5;90;495;5;412
495;5;412;495;5;90
495;5;413;495;5;709
495;5;709;495;5;413
495;5;414;495;5;721
495;5;721;495;5;414
495;5;415;495;5;729
495;5;729;495;5;415
495;5;100;495;5;109
495;5;109;495;5;100
495;5;72;495;5;80
495;5;80;495;5;72
495;5;68;495;5;89
495;5;89;495;5;68
495;5;66;495;5;91
495;5;91;495;5;66
495;5;114;495;5;1183
495;5;1183;495;5;114
495;5;57;495;5;93
495;5;93;495;5;57
495;5;106;495;5;1132
495;5;1132;495;5;106
495;5;476;495;5;675
495;5;675;495;5;476
495;5;676;495;5;678
495;5;678;495;5;676
495;5;463;495;5;465
495;5;465;495;5;463
495;5;497;495;5;969
495;5;969;495;5;1042
495;5;1042;495;5;497
495;5;426;495;5;498
495;5;498;495;5;426
495;5;499;495;5;981
495;5;981;495;5;499
495;5;487;495;5;500
495;5;500;495;5;487
495;5;501;495;5;608
495;5;608;495;5;501
495;5;468;495;5;470
495;5;470;495;5;468
495;5;471;495;5;629
495;5;629;495;5;471
495;5;472;495;5;474
495;5;474;495;5;558
495;5;558;495;5;472
495;5;467;495;5;615
495;5;615;495;5;617
495;5;617;495;5;467
495;5;433;495;5;477
495;5;477;495;5;715
495;5;715;495;5;717
495;5;717;495;5;433
495;5;434;495;5;724
495;5;724;495;5;434
495;5;435;495;5;779
495;5;779;495;5;435
495;5;436;495;5;739
495;5;739;495;5;436
495;5;437;495;5;746
495;5;746;495;5;437
495;5;428;495;5;438
495;5;438;495;5;763
495;5;763;495;5;428
495;5;475;495;5;707
495;5;707;495;5;475
495;5;418;495;5;431
495;5;431;495;5;520
495;5;520;495;5;418
495;5;419;495;5;848
495;5;848;495;5;850
495;5;850;495;5;419
495;5;420;495;5;861
495;5;861;495;5;420
495;5;563;495;5;859
495;5;859;495;5;563
495;5;421;495;5;892
495;5;892;495;5;421
495;5;422;495;5;902
495;5;902;495;5;904
495;5;904;495;5;422
495;5;423;495;5;918
495;5;918;495;5;423
495;5;424;495;5;957
495;5;957;495;5;424
495;5;425;495;5;970
495;5;970;495;5;425
495;5;429;495;5;799
495;5;799;495;5;429
495;5;430;495;5;809
495;5;809;495;5;430
495;5;403;495;5;530
495;5;530;495;5;1181
495;5;1181;495;5;403
495;5;404;495;5;406
495;5;406;495;5;614
495;5;614;495;5;404
495;5;933;495;5;936
495;5;936;495;5;933
495;5;930;495;5;934
495;5;934;495;5;930
495;5;529;495;5;533
495;5;533;495;5;529
495;5;536;495;5;613
495;5;613;495;5;536
495;5;58;495;5;537
495;5;537;495;5;58
495;5;538;495;5;712
495;5;712;495;5;538
495;5;539;495;5;649
495;5;649;495;5;539
495;5;540;495;5;773
495;5;773;495;5;540
495;5;409;495;5;541
495;5;541;495;5;409
495;5;543;495;5;759
495;5;759;495;5;543
495;5;531;495;5;545
495;5;545;495;5;531
495;5;546;495;5;795
495;5;795;495;5;546
495;5;547;495;5;1206
495;5;1206;495;5;547
495;5;494;495;5;515
495;5;515;495;5;548
495;5;548;495;5;494
495;5;937;495;5;940
495;5;940;495;5;937
495;5;931;495;5;941
495;5;941;495;5;931
495;5;1140;495;5;1144
495;5;1144;495;5;1140
495;5;1141;495;5;1147
495;5;1147;495;5;1141
495;5;408;495;5;774
495;5;774;495;5;408
495;5;516;495;5;518
495;5;518;495;5;516
495;5;519;495;5;1031
495;5;1031;495;5;1033
495;5;1033;495;5;519
495;5;521;495;5;1044
495;5;1044;495;5;521
495;5;522;495;5;690
495;5;690;495;5;692
495;5;692;495;5;522
495;5;523;495;5;1052
495;5;1052;495;5;1054
495;5;1054;495;5;523
495;5;524;495;5;593
495;5;593;495;5;524
495;5;504;495;5;509
495;5;509;495;5;504
495;5;510;495;5;560
495;5;560;495;5;510
495;5;511;495;5;983
495;5;983;495;5;511
495;5;512;495;5;655
495;5;655;495;5;657
495;5;657;495;5;512
495;5;513;495;5;992
495;5;992;495;5;1129
495;5;1129;495;5;513
495;5;514;495;5;1017
495;5;1017;495;5;514
495;5;574;495;5;708
495;5;708;495;5;574
495;5;575;495;5;577
495;5;577;495;5;1137
495;5;1137;495;5;575
495;5;505;495;5;984
495;5;984;495;5;505
495;5;506;495;5;658
495;5;658;495;5;506
495;5;1142;495;5;1145
495;5;1145;495;5;1142
495;5;1143;495;5;1148
495;5;1148;495;5;1143
495;5;493;495;5;703
495;5;703;495;5;493
495;5;644;495;5;887
495;5;887;495;5;644
495;5;645;495;5;952
495;5;952;495;5;645
495;5;704;495;5;966
495;5;966;495;5;704
495;5;646;495;5;977
495;5;977;495;5;646
495;5;693;495;5;852
495;5;852;495;5;854
495;5;854;495;5;693
495;5;694;495;5;863
495;5;863;495;5;865
495;5;865;495;5;694
495;5;695;495;5;893
495;5;893;495;5;895
495;5;895;495;5;695
495;5;696;495;5;908
495;5;908;495;5;910
495;5;910;495;5;696
495;5;697;495;5;920
495;5;920;495;5;697
495;5;698;495;5;958
495;5;958;495;5;698
495;5;953;495;5;955
495;5;955;495;5;953
495;5;956;495;5;1041
495;5;1041;495;5;956
495;5;959;495;5;1066
495;5;1066;495;5;1068
495;5;1068;495;5;959
495;5;601;495;5;960
495;5;960;495;5;601
495;5;833;495;5;1107
495;5;1107;495;5;833
495;5;834;495;5;1110
495;5;1110;495;5;834
495;5;835;495;5;1115
495;5;1115;495;5;835
495;5;664;495;5;666
495;5;666;495;5;976
495;5;976;495;5;664
495;5;667;495;5;669
495;5;669;495;5;667
495;5;921;495;5;923
495;5;923;495;5;1065
495;5;1065;495;5;921
495;5;600;495;5;924
495;5;924;495;5;926
495;5;926;495;5;600
495;5;911;495;5;913
495;5;913;495;5;1062
495;5;1062;495;5;1064
495;5;1064;495;5;911
495;5;65;495;5;630
495;5;630;495;5;65
495;5;631;495;5;706
495;5;706;495;5;631
495;5;632;495;5;714
495;5;714;495;5;632
495;5;637;495;5;900
495;5;900;495;5;637
495;5;701;495;5;916
495;5;916;495;5;701
495;5;639;495;5;978
495;5;978;495;5;980
495;5;980;495;5;639
495;5;1149;495;5;1157
495;5;1157;495;5;1149
495;5;585;495;5;587
495;5;587;495;5;766
495;5;766;495;5;585
495;5;588;495;5;802
495;5;802;495;5;804
495;5;804;495;5;588
495;5;589;495;5;813
495;5;813;495;5;815
495;5;815;495;5;589
495;5;590;495;5;592
495;5;592;495;5;590
495;5;580;495;5;582
495;5;582;495;5;783
495;5;783;495;5;580
495;5;583;495;5;743
495;5;743;495;5;583
495;5;584;495;5;751
495;5;751;495;5;753
495;5;753;495;5;584
495;5;812;495;5;1051
495;5;1051;495;5;812
495;5;776;495;5;778
495;5;778;495;5;776
495;5;682;495;5;780
495;5;780;495;5;682
495;5;781;495;5;1073
495;5;1073;495;5;781
495;5;782;495;5;1082
495;5;1082;495;5;782
495;5;652;495;5;769
495;5;769;495;5;652
495;5;770;495;5;987
495;5;987;495;5;770
495;5;1168;495;5;1176
495;5;1176;495;5;1168
495;5;1172;495;5;1175
495;5;1175;495;5;1172
495;5;679;495;5;718
495;5;718;495;5;679
495;5;680;495;5;725
495;5;725;495;5;680
495;5;683;495;5;740
495;5;740;495;5;683
495;5;684;495;5;747
495;5;747;495;5;684
495;5;685;495;5;687
495;5;687;495;5;764
495;5;764;495;5;685
495;5;758;495;5;1014
495;5;1014;495;5;758
495;5;551;495;5;1015
495;5;1015;495;5;551
495;5;794;495;5;1016
495;5;1016;495;5;794
495;5;654;495;5;790
495;5;790;495;5;654
495;5;791;495;5;793
495;5;793;495;5;991
495;5;991;495;5;791
495;5;1122;495;5;1124
495;5;1124;495;5;1122
495;5;851;495;5;1045
495;5;1045;495;5;1047
495;5;1047;495;5;851
495;5;862;495;5;1048
495;5;1048;495;5;862
495;5;115;495;5;117
495;5;117;495;5;115
495;5;748;495;5;750
495;5;750;495;5;1084
495;5;1084;495;5;748
495;5;896;495;5;1059
495;5;1059;495;5;1061
495;5;1061;495;5;896
495;5;598;495;5;897
495;5;897;495;5;598
495;5;888;495;5;890
495;5;890;495;5;888
495;5;891;495;5;1036
495;5;1036;495;5;891
495;5;901;495;5;1037
495;5;1037;495;5;1039
495;5;1039;495;5;901
495;5;905;495;5;907
495;5;907;495;5;905
495;5;659;495;5;842
495;5;842;495;5;659
495;5;660;495;5;876
495;5;876;495;5;660
495;5;661;495;5;885
495;5;885;495;5;661
495;5;662;495;5;949
495;5;949;495;5;1152
495;5;1152;495;5;662
495;5;663;495;5;963
495;5;963;495;5;663
495;5;648;495;5;651
495;5;651;495;5;648
495;5;653;495;5;756
495;5;756;495;5;653
495;5;688;495;5;800
495;5;800;495;5;688
495;5;689;495;5;810
495;5;810;495;5;689
495;5;917;495;5;1040
495;5;1040;495;5;917
495;5;1025;495;5;1201
495;5;1201;495;5;1025
495;5;846;495;5;1026
495;5;1026;495;5;846
495;5;1018;495;5;1020
495;5;1020;495;5;1018
495;5;1021;495;5;1198
495;5;1198;495;5;1021
495;5;12063;495;5;18053
495;5;18053;495;5;12063
495;5;18061;495;5;24052
495;5;24052;495;5;18061
495;5;18066;495;5;30052
495;5;30052;495;5;18066
495;5;6058;495;5;12052
495;5;12052;495;5;6058
495;5;30054;495;5;30056
495;5;30056;495;5;30054
495;5;839;495;5;1111
495;5;1111;495;5;839
495;5;855;495;5;1055
495;5;1055;495;5;855
495;5;808;495;5;1030
495;5;1030;495;5;808
495;5;866;495;5;870
495;5;870;495;5;1056
495;5;1056;495;5;1058
495;5;1058;495;5;866
495;5;819;495;5;1087
495;5;1087;495;5;819
495;5;823;495;5;1088
495;5;1088;495;5;823
495;5;760;495;5;762
495;5;762;495;5;760
495;5;765;495;5;1085
495;5;1085;495;5;765
495;5;757;495;5;988
495;5;988;495;5;757
495;5;719;495;5;1077
495;5;1077;495;5;719
495;5;578;495;5;720
495;5;720;495;5;578
495;5;1131;495;5;1154
495;5;1154;495;5;1131
495;5;843;495;5;993
495;5;993;495;5;843
495;5;882;495;5;994
495;5;994;495;5;882
495;5;867;495;5;995
495;5;995;495;5;867
495;5;886;495;5;998
495;5;998;495;5;886
495;5;950;495;5;999
495;5;999;495;5;950
495;5;964;495;5;1000
495;5;1000;495;5;964
495;5;824;495;5;1094
495;5;1094;495;5;824
495;5;597;495;5;871
495;5;871;495;5;873
495;5;873;495;5;597
495;5;741;495;5;1074
495;5;1074;495;5;741
495;5;742;495;5;1083
495;5;1083;495;5;742
495;5;801;495;5;1050
495;5;1050;495;5;801
495;5;555;495;5;557
495;5;557;495;5;555
495;5;554;495;5;618
495;5;618;495;5;620
495;5;620;495;5;554
495;5;874;495;5;1104
495;5;1104;495;5;874
495;5;972;495;5;1069
495;5;1069;495;5;972
495;5;602;495;5;973
495;5;973;495;5;602
495;5;838;495;5;1108
495;5;1108;495;5;838
495;5;798;495;5;1029
495;5;1029;495;5;798
495;5;847;495;5;1034
495;5;1034;495;5;847
495;5;840;495;5;1116
495;5;1116;495;5;840
495;5;858;495;5;1035
495;5;1035;495;5;858
495;5;727;495;5;1080
495;5;1080;495;5;727
495;5;736;495;5;1081
495;5;1081;495;5;736
495;5;726;495;5;1071
495;5;1071;495;5;726
495;5;735;495;5;1072
495;5;1072;495;5;735
495;5;944;495;5;985
495;5;985;495;5;944
495;5;1125;495;5;1127
495;5;1127;495;5;1125
495;5;828;495;5;1092
495;5;1092;495;5;828
495;5;829;495;5;1098
495;5;1098;495;5;1100
495;5;1100;495;5;829
495;5;594;495;5;596
495;5;596;495;5;594
495;5;599;495;5;914
495;5;914;495;5;599
495;5;579;495;5;728
495;5;728;495;5;579
495;5;624;495;5;626
495;5;626;495;5;624
495;5;495;495;5;1203
495;5;1203;495;5;495
495;5;878;495;5;1003
495;5;1003;495;5;878
495;5;868;495;5;1004
495;5;1004;495;5;868
495;5;1005;495;5;1006
495;5;1006;495;5;1008
495;5;1008;495;5;1005
495;5;1101;495;5;1103
495;5;1103;495;5;1101
495;5;965;495;5;1012
495;5;1012;495;5;965
495;5;97;495;5;124
495;5;124;495;5;97
495;5;120;495;5;125
495;5;125;495;5;120
