CID;LID;NID;NAME;NCOMMENT
495;1;722;亚洲;
495;1;723;中国;
495;1;724;山西省;
495;1;1291;晋中市;
495;1;1280;临汾市;
495;1;1308;吕梁市;
495;1;4;太原市;
495;1;1311;阳泉市;
495;1;1269;运城市;
495;1;84;大运公路;
495;1;83;汾东南路;
495;1;130;庆云街;
495;1;123;人民南路;
495;1;131;圪塔营村;
495;1;129;武洛街;
495;1;91;恒山路;
495;1;79;解放北路;
495;1;93;钢园路;
495;1;73;建设北路;
495;1;69;迎泽南街;
495;1;58;胜利街;
495;1;50;迎泽大街;
495;1;74;五一东街;
495;1;75;五龙口街;
495;1;76;府东街;
495;1;77;迎春街;
495;1;57;北大街;
495;1;68;建设南路;
495;1;32;长风东街;
495;1;65;亲贤北街;
495;1;70;狄村街;
495;1;60;南内环街;
495;1;71;双塔寺街;
495;1;72;并州东街;
495;1;31;朝阳街;
495;1;78;涧河路;
495;1;80;东山马路;
495;1;92;涧河西街;
495;1;35;太榆路;
495;1;45;汇通北路;
495;1;596;太原绕城高速公路;
495;1;620;龙城大街;
495;1;64;南中环街;
495;1;48;学府街;
495;1;597;太原绕城高速公路北段;
495;1;26;太原服务区;
495;1;631;太原北服务区（二广高速公路）;
495;1;664;平临高速公路;
495;1;672;太阳高速公路;
495;1;611;二广高速公路;
495;1;599;太原绕城高速公路东段;
495;1;1258;京昆高速公路;
495;1;665;太原北服务区;
495;1;666;丈子头互通式立交桥;
495;1;667;杨家峪互通式立交桥;
495;1;668;朝阳街互通式立交桥;
495;1;669;太原东服务区;
495;1;601;太原绕城高速公路南段;
495;1;38;冶峪街;
495;1;117;滨河西路;
495;1;36;新晋祠路;
495;1;12;晋祠路;
495;1;604;太原绕城高速公路西段;
495;1;44;长风西街;
495;1;605;西苑南路;
495;1;670;兴华西街;
495;1;41;柴化线;
495;1;42;新兰路;
495;1;90;南外环路;
495;1;89;平阳南路;
495;1;168;长治路;
495;1;81;Ｇ２０８;
495;1;82;大王线;
495;1;51;大同路;
495;1;49;新建路;
495;1;251;古城西街;
495;1;96;金桥东街;
495;1;94;新城南大街;
495;1;17;汾东北路;
495;1;85;昌盛西街;
495;1;87;人民北路;
495;1;148;滨河东路;
495;1;86;通达西街;
495;1;63;平阳路;
495;1;67;长风街;
495;1;66;王村南街;
495;1;52;水西门街;
495;1;53;羊市街;
495;1;196;桃园三巷;
495;1;54;府西街;
495;1;55;旱西门街;
495;1;56;柳溪街;
495;1;59;新建南路;
495;1;61;双塔西街;
495;1;62;康乐街;
495;1;734;Ｇ３０７;
495;1;43;小牛线;
495;1;732;迎宾路;
495;1;208;敦化南路;
495;1;30;马道坡街;
495;1;104;西渠路;
495;1;680;花塔村;
495;1;681;岗乱线;
495;1;116;西峪东街;
495;1;1373;南内环西南环桥;
495;1;118;南内环西街;
495;1;1372;南内环西北环桥;
495;1;641;山西中医学院宿舍;
495;1;120;后王南街;
495;1;121;移村北街;
495;1;709;长华湾小区;
495;1;687;彩星街;
495;1;708;山西省轻工职业技术学院;
495;1;682;龙城西大街;
495;1;683;南中环西街;
495;1;710;马道坡街（彩星街）;
495;1;150;劲松路;
495;1;105;桃园北路;
495;1;106;南海街;
495;1;107;解放路;
495;1;108;柳巷南路;
495;1;684;五一广场;
495;1;188;南官坊路;
495;1;189;桥东街北二巷;
495;1;99;迎泽西大街;
495;1;97;西矿街;
495;1;653;迎泽大桥（劲松路）;
495;1;100;窊流路;
495;1;101;和平北路;
495;1;218;千峰南路;
495;1;103;大王路;
495;1;652;迎泽大桥（西渠路）;
495;1;132;坞城南路;
495;1;133;晋阳街;
495;1;98;白家庄路;
495;1;200;千峰北路;
495;1;155;金桥路;
495;1;685;长风桥;
495;1;153;南内环桥;
495;1;154;漪汾桥;
495;1;163;兴华街;
495;1;164;兴华北街;
495;1;171;开化寺街;
495;1;172;钟楼街;
495;1;173;东缉虎营;
495;1;174;城坊东街;
495;1;686;胜利桥东北环路;
495;1;205;金刚堰路;
495;1;217;营西街;
495;1;138;五一路;
495;1;671;平临高速公路太原段;
495;1;617;静乐服务区;
495;1;615;泥屯收费站;
495;1;616;康西公路;
495;1;230;松庄路;
495;1;191;双塔北路;
495;1;192;经园路;
495;1;165;柴西公路;
495;1;207;坝陵南街;
495;1;206;北肖墙;
495;1;644;北河湾路;
495;1;717;北沙河北沿岸;
495;1;140;新民中街;
495;1;688;迎泽大桥;
495;1;151;旱西关街;
495;1;152;胜利桥;
495;1;711;太钢翠鑫苑;
495;1;137;并州北路;
495;1;136;并州南路;
495;1;186;并州西街;
495;1;185;青年路;
495;1;167;迎宾北路;
495;1;263;半山国际花园;
495;1;701;太行东街;
495;1;702;长风大桥北匝道桥;
495;1;176;体育西路;
495;1;177;体育路;
495;1;134;坞城路;
495;1;659;长风桥（长风街）;
495;1;157;和平南路;
495;1;658;长风桥（滨河西路）;
495;1;646;长兴北街;
495;1;647;长兴路;
495;1;648;长兴南街;
495;1;169;坞城北街;
495;1;240;大王路至滨河西路;
495;1;159;大众街;
495;1;231;卧虎山路;
495;1;195;都司街;
495;1;607;二广高速公路太原段;
495;1;614;东岂线;
495;1;737;Ｇ１０８;
495;1;642;阳曲收费站;
495;1;22;新阳西大街;
495;1;23;大盂停车区;
495;1;241;大盂收费站;
495;1;179;二营盘街;
495;1;689;西肖墙;
495;1;202;坡子街;
495;1;160;瓦窑街;
495;1;199;玉门河北沿岸;
495;1;162;漪汾街;
495;1;257;机场专用线;
495;1;258;太原武宿国际机场;
495;1;170;解放南路;
495;1;690;柴村桥;
495;1;194;劲松北路;
495;1;691;迎泽大桥北匝道桥;
495;1;193;水西关街;
495;1;692;迎泽大桥南匝道桥;
495;1;1293;京昆高速公路晋中段;
495;1;1290;仁义收费站;
495;1;1302;祈介线;
495;1;1294;灵石服务区;
495;1;1295;Ｓ２２１;
495;1;1296;介休收费站;
495;1;1297;张兰收费站;
495;1;1299;汾平高速公路;
495;1;1300;南外环;
495;1;1301;平遥服务区;
495;1;1268;秋郭线;
495;1;1306;晋中服务区;
495;1;1307;宾阳路;
495;1;1281;京昆高速公路临汾段;
495;1;1278;晋侯高速公路;
495;1;1282;襄汾服务区;
495;1;1283;北柴收费站;
495;1;1284;迎滨大道;
495;1;1285;临汾服务区;
495;1;1286;土门收费站;
495;1;1287;飞虹西街;
495;1;1288;霍州服务区;
495;1;1289;霍上线;
495;1;1309;京昆高速公路吕梁段;
495;1;729;青银高速公路;
495;1;1310;文水东收费站;
495;1;608;京昆高速公路太原段;
495;1;674;环城北路;
495;1;9;清徐服务区;
495;1;10;文源路;
495;1;673;民航南路;
495;1;1312;京昆高速公路阳泉段;
495;1;1313;Ｇ２０７;
495;1;1364;阳五高速公路;
495;1;1270;京昆高速公路运城段;
495;1;1271;龙门收费站;
495;1;1272;河津西收费站;
495;1;1339;Ｇ２０９;
495;1;1274;河津服务区;
495;1;1275;营运线;
495;1;1340;新苏线;
495;1;229;红沟北街;
495;1;184;桃园南路;
495;1;224;柳巷;
495;1;197;桥头街;
495;1;693;新晋祠路（龙城西大街）;
495;1;663;祥云桥（滨河西路）;
495;1;662;祥云桥（滨河东路）;
495;1;187;桥东街;
495;1;694;南内环桥南匝道桥;
495;1;645;南屯安居街;
495;1;696;平阳南路（南中环街）;
495;1;660;南中环桥（滨河西路）;
495;1;661;南中环桥（滨河东路）;
495;1;627;彭村路;
495;1;219;玉河东街;
495;1;220;和平北路北巷;
495;1;161;玉门河南沿岸;
495;1;1315;青银高速公路阳泉段;
495;1;1316;阳泉服务区;
495;1;124;昌盛街;
495;1;125;通达街;
495;1;139;上马街;
495;1;198;新城北街;
495;1;624;上肖墙;
495;1;715;胜利街西南环路;
495;1;716;胜利桥西北环路;
495;1;216;滨西北环路;
495;1;712;双塔北小区;
495;1;1365;太古高速公路;
495;1;1367;滨河北路;
495;1;1369;西山隧道西;
495;1;677;Ｓ３１４;
495;1;675;阳曲东互通;
495;1;225;永康街;
495;1;178;文化街;
495;1;713;卧虎山公路;
495;1;697;卧虎山路至太原绕城高速公路;
495;1;698;五一东街南二巷;
495;1;190;新城南街;
495;1;699;五一街南一巷;
495;1;141;小东门街;
495;1;700;晋阳街（坞城南路）;
495;1;146;武庞线;
495;1;147;西温庄昌盛路;
495;1;203;西缉虎营;
495;1;204;三桥街;
495;1;1370;迎泽西北环桥;
495;1;156;西峪街;
495;1;227;新城街;
495;1;268;中北大学;
495;1;215;兴华北巷;
495;1;657;胜利桥（北大街）;
495;1;656;胜利桥（滨西北环路）;
495;1;649;许坦西街;
495;1;651;漪汾桥（府西街）;
495;1;650;漪汾桥（滨河西路）;
495;1;221;漪兴路;
495;1;720;迎泽大桥东北匝道桥;
495;1;721;迎泽大桥东南匝道桥;
495;1;718;迎泽大桥西北匝道桥;
495;1;719;迎泽大桥西南匝道桥;
