CID;TABCD;LCD;CLASS;TCD;STCD;JUNCTIONNUMBER;RNID;N1ID;N2ID;POL_LCD;OTH_LCD;SEG_LCD;ROA_LCD;INPOS;INNEG;OUTPOS;OUTNEG;PRESENTPOS;PRESENTNEG;DIVERSIONPOS;DIVERSIONNEG;XCOORD;YCOORD;INTERRUPTSROAD;URBAN
495;5;561;P;1;12;;84;83;;4;;;564;1;1;1;1;1;1;;;+11255650;+3771772;0;0
495;5;562;P;1;12;;84;123;;4;;;564;1;1;1;1;1;1;;;+11256812;+3771796;0;0
495;5;570;P;1;12;;84;131;;4;;;564;1;1;1;1;1;1;;;+11258340;+3771840;0;0
495;5;566;P;1;10;;84;129;;4;;;564;1;1;1;1;1;1;;;+11258349;+3772985;0;0
495;5;567;P;1;10;;84;130;;4;;;564;1;1;1;1;1;1;;;+11258435;+3774223;0;0
495;5;1208;P;1;10;;91;79;;4;;;483;1;1;1;1;1;1;;;+11256296;+3791883;0;1
495;5;485;P;1;10;;91;93;;4;;;483;1;1;1;1;1;1;;;+11255381;+3795083;0;1
495;5;449;P;1;10;;73;69;;4;;;448;1;1;1;1;1;1;;;+11258559;+3785856;0;1
495;5;450;P;1;10;;73;50;;4;;;448;1;1;1;1;1;1;;;+11258542;+3786046;0;1
495;5;451;P;1;10;;73;74;;4;;;448;1;1;1;1;1;1;;;+11258543;+3786182;0;1
495;5;452;P;1;10;;73;75;;4;;;448;1;1;1;1;1;1;;;+11258528;+3786446;0;1
495;5;453;P;1;10;;73;76;;4;;;448;1;1;1;1;1;1;;;+11258493;+3787218;0;1
495;5;454;P;1;10;;73;77;;4;;;448;1;1;1;1;1;1;;;+11258416;+3788185;0;1
495;5;455;P;1;10;;73;57;;4;;;448;1;1;1;1;1;1;;;+11258391;+3788860;0;1
495;5;456;P;1;10;;73;58;;4;;;448;1;1;1;1;1;1;;;+11258366;+3789454;0;1
495;5;440;P;1;10;;68;32;;4;;;439;1;1;1;1;1;1;;;+11258751;+3781781;0;1
495;5;441;P;1;10;;68;65;;4;;;439;1;1;1;1;1;1;;;+11258733;+3782348;0;1
495;5;442;P;1;10;;68;70;;4;;;439;1;1;1;1;1;1;;;+11258686;+3783127;0;1
495;5;443;P;1;10;;68;60;;4;;;439;1;1;1;1;1;1;;;+11258641;+3783932;0;1
495;5;444;P;1;10;;68;71;;4;;;439;1;1;1;1;1;1;;;+11258608;+3784595;0;1
495;5;445;P;1;10;;68;72;;4;;;439;1;1;1;1;1;1;;;+11258587;+3785167;0;1
495;5;446;P;1;10;;68;31;;4;;;439;1;1;1;1;1;1;;;+11258586;+3785487;0;1
495;5;447;P;1;10;;68;69;;4;;;439;1;1;1;1;1;1;;;+11258559;+3785856;0;1
495;5;458;P;1;10;;78;58;;4;;;457;1;1;1;1;1;1;;;+11258366;+3789454;0;1
495;5;459;P;1;6;;78;80;;4;;;457;1;1;1;1;1;1;;;+11257076;+3790839;0;1
495;5;460;P;1;12;;78;79;;4;;;457;1;1;1;1;1;1;;;+11256291;+3791390;0;1
495;5;479;P;1;10;;79;58;;4;;;478;1;1;1;1;1;1;;;+11256211;+3789332;0;1
495;5;480;P;1;12;;79;92;;4;;;478;1;1;1;1;1;1;;;+11256330;+3790377;0;1
495;5;481;P;1;12;;79;78;;4;;;478;1;1;1;1;1;1;;;+11256291;+3791390;0;1
495;5;1209;P;1;10;;79;91;;4;;;478;1;1;1;1;1;1;;;+11256296;+3791883;0;1
495;5;1158;P;1;10;;35;45;;4;;;410;1;1;1;1;1;1;;;+11268166;+3773282;0;1
495;5;412;P;1;3;;35;596;;4;;;410;1;1;1;1;1;1;;;+11263783;+3776770;0;0
495;5;413;P;1;6;;35;620;;4;;;410;1;1;1;1;1;1;;;+11262514;+3777502;0;1
495;5;414;P;1;10;;35;64;;4;;;410;1;1;1;1;1;1;;;+11259961;+3779387;0;1
495;5;415;P;1;6;;35;48;;4;;;410;1;1;1;1;1;1;;;+11259190;+3780768;0;1
495;5;416;P;1;10;;35;32;;4;;;410;1;1;1;1;1;1;;;+11258751;+3781781;0;1
495;5;79;P;3;3;;597;26;;4;;78;;1;1;1;1;1;1;;;+11252724;+3802886;0;0
495;5;100;P;1;1;;597;664;;4;;78;;1;1;1;1;1;1;;;+11255229;+3803035;0;0
495;5;120;P;1;1;;597;672;;4;;78;;1;1;1;1;1;1;;;+11259928;+3802109;0;0
495;5;80;P;1;1;;597;611;;4;;78;;1;1;1;1;1;1;;;+11260806;+3800810;0;0
495;5;82;P;3;3;;599;665;;4;;81;;1;1;1;1;1;1;;;+11258931;+3797421;0;0
495;5;83;P;1;3;;599;666;;4;;81;;1;1;1;1;1;1;;;+11259854;+3792726;0;0
495;5;84;P;1;3;;599;667;;4;;81;;1;1;1;1;1;1;;;+11261433;+3788420;0;0
495;5;85;P;1;3;;599;668;;4;;81;;1;1;1;1;1;1;;;+11261558;+3785187;0;0
495;5;86;P;1;3;;599;32;;4;;81;;1;1;1;1;1;1;;;+11261819;+3781826;0;0
495;5;87;P;3;3;;599;669;;4;;81;;1;1;1;1;1;1;;;+11264482;+3779068;0;0
495;5;89;P;1;1;;601;1258;;4;;88;;1;1;1;1;1;1;;;+11264959;+3777141;0;0
495;5;90;P;1;3;;601;35;;4;;88;;1;1;1;1;1;1;;;+11263783;+3776770;0;0
495;5;91;P;1;1;;601;611;;4;;88;;1;1;1;1;1;1;;;+11255270;+3775390;0;1
495;5;114;P;1;3;;601;117;;4;;88;;1;1;1;1;1;1;;;+11254278;+3774961;0;0
495;5;92;P;1;3;;601;36;;4;;88;;1;1;1;1;1;1;;;+11250990;+3774444;0;0
495;5;93;P;1;1;;601;12;;4;;88;;1;1;1;1;1;1;;;+11247925;+3774965;0;0
495;5;95;P;1;3;;604;38;;4;;94;;1;1;1;1;1;1;;;+11247768;+3779608;0;1
495;5;106;P;1;3;;604;44;;4;;94;;1;1;1;1;1;1;;;+11248177;+3782427;0;1
495;5;96;P;1;3;;604;605;;4;;94;;1;1;1;1;1;1;;;+11247173;+3784740;0;1
495;5;97;P;1;3;;604;670;;4;;94;;1;1;1;1;1;1;;;+11246778;+3788841;0;1
495;5;98;P;1;3;;604;41;;4;;94;;1;1;1;1;1;1;;;+11247653;+3794519;0;1
495;5;99;P;1;3;;604;42;;4;;94;;1;1;1;1;1;1;;;+11249002;+3799875;0;0
495;5;675;P;1;12;;90;89;;4;;;674;1;1;1;1;1;1;;;+11255128;+3778163;0;1
495;5;676;P;1;13;;90;168;;4;;;674;1;1;1;1;1;1;;;+11256145;+3778166;0;1
495;5;462;P;1;12;;81;82;;4;;;461;1;1;1;1;1;1;;;+11249078;+3766771;0;0
495;5;463;P;1;13;;81;83;;4;;;461;1;1;1;1;1;1;;;+11255069;+3770868;0;0
495;5;497;P;1;10;;51;58;;4;;;496;1;1;1;1;1;1;;;+11254761;+3789321;0;1
495;5;498;P;1;10;;51;49;;4;;;496;1;1;1;1;1;1;;;+11254746;+3789627;0;1
495;5;569;P;1;10;;51;251;;4;;;496;1;1;1;1;1;1;;;+11253977;+3791429;0;1
495;5;499;P;1;10;;51;96;;4;;;496;1;1;1;1;1;1;;;+11252493;+3794318;0;1
495;5;500;P;1;10;;51;94;;4;;;496;1;1;1;1;1;1;;;+11252474;+3794883;0;1
495;5;501;P;1;10;;51;42;;4;;;496;1;1;1;1;1;1;;;+11252824;+3798425;0;1
495;5;470;P;1;10;;17;85;;4;;;469;1;1;1;1;1;1;;;+11256078;+3773602;0;1
495;5;471;P;1;12;;17;148;;4;;;469;1;1;1;1;1;1;;;+11256259;+3774427;0;1
495;5;472;P;1;11;;17;87;;4;;;469;1;1;1;1;1;1;;;+11256369;+3775213;0;1
495;5;465;P;1;13;;83;81;;4;;;464;1;1;1;1;1;1;;;+11255069;+3770868;0;0
495;5;466;P;1;12;;83;84;;4;;;464;1;1;1;1;1;1;;;+11255650;+3771772;0;0
495;5;467;P;1;10;;83;86;;4;;;464;1;1;1;1;1;1;;;+11255954;+3773055;0;1
495;5;468;P;1;10;;83;85;;4;;;464;1;1;1;1;1;1;;;+11256078;+3773602;0;1
495;5;490;P;1;10;;93;91;;4;;;489;1;1;1;1;1;1;;;+11255381;+3795083;0;1
495;5;491;P;1;3;;93;611;;4;;;489;1;1;1;1;1;1;;;+11260286;+3800060;0;0
495;5;492;P;1;12;;93;81;;4;;;489;1;1;1;1;1;1;;;+11260919;+3800675;0;0
495;5;433;P;1;10;;63;64;;4;;;432;1;1;1;1;1;1;;;+11255159;+3779383;0;1
495;5;434;P;1;10;;63;48;;4;;;432;1;1;1;1;1;1;;;+11255256;+3780760;0;1
495;5;435;P;1;10;;63;67;;4;;;432;1;1;1;1;1;1;;;+11255245;+3781757;0;1
495;5;436;P;1;10;;63;65;;4;;;432;1;1;1;1;1;1;;;+11255282;+3782329;0;1
495;5;437;P;1;10;;63;66;;4;;;432;1;1;1;1;1;1;;;+11255273;+3783050;0;1
495;5;438;P;1;10;;63;60;;4;;;432;1;1;1;1;1;1;;;+11255243;+3783860;0;1
495;5;474;P;1;11;;89;87;;4;;;473;1;1;1;1;1;1;;;+11256369;+3775213;0;1
495;5;475;P;1;6;;89;620;;4;;;473;1;1;1;1;1;1;;;+11255300;+3777426;0;1
495;5;476;P;1;12;;89;90;;4;;;473;1;1;1;1;1;1;;;+11255128;+3778163;0;1
495;5;477;P;1;10;;89;64;;4;;;473;1;1;1;1;1;1;;;+11255159;+3779383;0;1
495;5;487;P;1;10;;94;51;;4;;;486;1;1;1;1;1;1;;;+11252474;+3794883;0;1
495;5;488;P;1;10;;94;91;;4;;;486;1;1;1;1;1;1;;;+11255381;+3795083;0;1
495;5;418;P;1;10;;49;50;;4;;;417;1;1;1;1;1;1;;;+11255162;+3785918;0;1
495;5;419;P;1;10;;49;52;;4;;;417;1;1;1;1;1;1;;;+11255142;+3786489;0;1
495;5;420;P;1;10;;49;53;;4;;;417;1;1;1;1;1;1;;;+11255128;+3786877;0;1
495;5;563;P;1;10;;49;196;;4;;;417;1;1;1;1;1;1;;;+11255122;+3786963;0;1
495;5;421;P;1;10;;49;54;;4;;;417;1;1;1;1;1;1;;;+11255107;+3787383;0;1
495;5;422;P;1;10;;49;55;;4;;;417;1;1;1;1;1;1;;;+11255091;+3787801;0;1
495;5;423;P;1;10;;49;56;;4;;;417;1;1;1;1;1;1;;;+11255072;+3788300;0;1
495;5;424;P;1;10;;49;57;;4;;;417;1;1;1;1;1;1;;;+11255056;+3788815;0;1
495;5;425;P;1;10;;49;58;;4;;;417;1;1;1;1;1;1;;;+11255033;+3789329;0;1
495;5;426;P;1;10;;49;51;;4;;;417;1;1;1;1;1;1;;;+11254746;+3789627;0;1
495;5;428;P;1;10;;59;60;;4;;;427;1;1;1;1;1;1;;;+11255243;+3783860;0;1
495;5;429;P;1;10;;59;61;;4;;;427;1;1;1;1;1;1;;;+11255214;+3784558;0;1
495;5;430;P;1;10;;59;62;;4;;;427;1;1;1;1;1;1;;;+11255195;+3785185;0;1
495;5;431;P;1;10;;59;50;;4;;;427;1;1;1;1;1;1;;;+11255162;+3785918;0;1
495;5;402;P;1;11;;734;43;;4;;;401;1;1;1;1;1;1;;;+11243046;+3766627;0;0
495;5;403;P;1;10;;734;732;;4;;;401;1;1;1;1;1;1;;;+11247268;+3770500;0;0
495;5;404;P;1;10;;734;36;;4;;;401;1;1;1;1;1;1;;;+11251096;+3773616;0;0
495;5;933;P;1;12;;208;30;;4;;;932;1;1;1;1;1;1;;;+11259152;+3788021;0;1
495;5;934;P;1;10;;208;77;;4;;;932;1;1;1;1;1;1;;;+11259139;+3788206;0;1
495;5;533;P;1;3;;12;732;;4;;;535;1;1;1;1;1;1;;;+11245622;+3770993;0;0
495;5;534;P;1;12;;12;680;;4;;;535;1;1;1;1;1;1;;;+11245538;+3772708;0;0
495;5;536;P;1;12;;12;681;;4;;;535;1;1;1;1;1;1;;;+11247377;+3774503;0;0
495;5;537;P;1;10;;12;1258;;4;;;535;1;1;1;1;1;1;;;+11248164;+3775602;0;1
495;5;538;P;1;10;;12;38;;4;;;535;1;1;1;1;1;1;;;+11249741;+3778929;0;1
495;5;539;P;1;10;;12;116;;4;;;535;1;1;1;1;1;1;;;+11251333;+3780846;0;1
495;5;540;P;1;10;;12;44;;4;;;535;1;1;1;1;1;1;;;+11252047;+3781971;0;1
495;5;541;P;1;10;;12;36;;4;;;535;1;1;1;1;1;1;;;+11253134;+3783508;0;1
495;5;542;P;1;10;;12;1373;;4;;;535;1;1;1;1;1;1;;;+11253180;+3783726;0;1
495;5;543;P;1;10;;12;118;;4;;;535;1;1;1;1;1;1;;;+11253172;+3783853;0;1
495;5;544;P;1;10;;12;1372;;4;;;535;1;1;1;1;1;1;;;+11253161;+3783997;0;1
495;5;545;P;1;10;;12;641;;4;;;535;1;1;1;1;1;1;;;+11253105;+3784522;0;1
495;5;546;P;1;12;;12;120;;4;;;535;1;1;1;1;1;1;;;+11253060;+3784929;0;1
495;5;547;P;1;10;;12;121;;4;;;535;1;1;1;1;1;1;;;+11252996;+3785564;0;1
495;5;548;P;1;10;;12;104;;4;;;535;1;1;1;1;1;1;;;+11252968;+3785816;0;1
495;5;940;P;1;12;;30;709;;4;;;939;1;1;1;1;1;1;;;+11261085;+3788049;0;1
495;5;941;P;1;3;;30;687;;4;;;939;1;1;1;1;1;1;;;+11261142;+3788219;0;1
495;5;936;P;1;12;;30;208;;4;;;935;1;1;1;1;1;1;;;+11259152;+3788021;0;1
495;5;937;P;1;12;;30;667;;4;;;935;1;1;1;1;1;1;;;+11261085;+3788049;0;1
495;5;938;P;1;12;;30;708;;4;;;935;1;1;1;1;1;1;;;+11261475;+3787966;0;0
495;5;406;P;1;10;;36;734;;4;;;405;1;1;1;1;1;1;;;+11251096;+3773616;0;0
495;5;407;P;1;3;;36;596;;4;;;405;1;1;1;1;1;1;;;+11251365;+3774060;0;0
495;5;1140;P;1;10;;36;682;;4;;;405;1;1;1;1;1;1;;;+11252386;+3777434;0;1
495;5;1141;P;1;10;;36;683;;4;;;405;1;1;1;1;1;1;;;+11252735;+3779381;0;1
495;5;408;P;1;10;;36;44;;4;;;405;1;1;1;1;1;1;;;+11252831;+3781881;0;1
495;5;409;P;1;10;;36;12;;4;;;405;1;1;1;1;1;1;;;+11253134;+3783508;0;1
495;5;929;P;1;10;;77;73;;4;;;928;1;1;1;1;1;1;;;+11258416;+3788185;0;1
495;5;930;P;1;10;;77;208;;4;;;928;1;1;1;1;1;1;;;+11259139;+3788206;0;1
495;5;931;P;1;3;;77;710;;4;;;928;1;1;1;1;1;1;;;+11261142;+3788219;0;1
495;5;518;P;1;12;;50;150;;4;;;517;1;1;1;1;1;1;;;+11254059;+3785856;0;1
495;5;519;P;1;10;;50;105;;4;;;517;1;1;1;1;1;1;;;+11254531;+3785882;0;1
495;5;520;P;1;10;;50;49;;4;;;517;1;1;1;1;1;1;;;+11255162;+3785918;0;1
495;5;521;P;1;10;;50;106;;4;;;517;1;1;1;1;1;1;;;+11255592;+3785941;0;1
495;5;522;P;1;10;;50;107;;4;;;517;1;1;1;1;1;1;;;+11255956;+3785963;0;1
495;5;523;P;1;10;;50;108;;4;;;517;1;1;1;1;1;1;;;+11256672;+3786003;0;1
495;5;524;P;1;10;;50;684;;4;;;517;1;1;1;1;1;1;;;+11257388;+3786021;0;1
495;5;525;P;1;12;;50;188;;4;;;517;1;1;1;1;1;1;;;+11257706;+3786024;0;1
495;5;526;P;1;12;;50;189;;4;;;517;1;1;1;1;1;1;;;+11258208;+3786037;0;1
495;5;527;P;1;10;;50;73;;4;;;517;1;1;1;1;1;1;;;+11258542;+3786046;0;1
495;5;509;P;1;10;;99;97;;4;;;508;1;1;1;1;1;1;;;+11247120;+3785917;0;1
495;5;510;P;1;10;;99;605;;4;;;508;1;1;1;1;1;1;;;+11247673;+3785704;0;1
495;5;511;P;1;10;;99;100;;4;;;508;1;1;1;1;1;1;;;+11249047;+3785731;0;1
495;5;512;P;1;10;;99;101;;4;;;508;1;1;1;1;1;1;;;+11251092;+3785775;0;1
495;5;513;P;1;10;;99;218;;4;;;508;1;1;1;1;1;1;;;+11251888;+3785794;0;1
495;5;514;P;1;10;;99;103;;4;;;508;1;1;1;1;1;1;;;+11252673;+3785809;0;1
495;5;515;P;1;10;;99;652;;4;;;508;1;1;1;1;1;1;;;+11252968;+3785816;0;1
495;5;516;P;1;12;;99;653;;4;;;508;1;1;1;1;1;1;;;+11254059;+3785856;0;1
495;5;573;P;1;10;;132;130;;4;;;572;1;1;1;1;1;1;;;+11258435;+3774223;0;0
495;5;574;P;1;6;;132;620;;4;;;572;1;1;1;1;1;1;;;+11258451;+3777425;0;1
495;5;575;P;1;10;;132;133;;4;;;572;1;1;1;1;1;1;;;+11258475;+3778854;0;1
495;5;503;P;1;11;;97;98;;4;;;502;1;1;1;1;1;1;;;+11243936;+3784571;0;1
495;5;504;P;1;10;;97;99;;4;;;502;1;1;1;1;1;1;;;+11247120;+3785917;0;1
495;5;505;P;1;10;;97;100;;4;;;502;1;1;1;1;1;1;;;+11249050;+3786191;0;1
495;5;506;P;1;10;;97;101;;4;;;502;1;1;1;1;1;1;;;+11251089;+3785965;0;1
495;5;507;P;1;10;;97;200;;4;;;502;1;1;1;1;1;1;;;+11251879;+3785857;0;1
495;5;1181;P;1;10;;117;734;;4;;;640;1;1;1;1;1;1;;;+11247268;+3770500;0;0
495;5;1182;P;1;6;;117;681;;4;;;640;1;1;1;1;1;1;;;+11254570;+3773107;0;0
495;5;1183;P;1;3;;117;596;;4;;;640;1;1;1;1;1;1;;;+11254278;+3774961;0;0
495;5;1142;P;1;6;;117;682;;4;;;640;1;1;1;1;1;1;;;+11253185;+3777435;0;1
495;5;1143;P;1;6;;117;683;;4;;;640;1;1;1;1;1;1;;;+11253695;+3779393;0;1
495;5;641;P;1;6;;117;685;;4;;;640;1;1;1;1;1;1;;;+11253895;+3781771;0;1
495;5;642;P;1;6;;117;153;;4;;;640;1;1;1;1;1;1;;;+11253565;+3783876;0;1
495;5;703;P;1;12;;117;12;;4;;;640;1;1;1;1;1;1;;;+11253303;+3784531;0;1
495;5;643;P;1;6;;117;99;;4;;;640;1;1;1;1;1;1;;;+11253252;+3785818;0;1
495;5;644;P;1;6;;117;154;;4;;;640;1;1;1;1;1;1;;;+11253393;+3787374;0;1
495;5;645;P;1;6;;117;163;;4;;;640;1;1;1;1;1;1;;;+11253465;+3788780;0;1
495;5;704;P;1;11;;117;164;;4;;;640;1;1;1;1;1;1;;;+11253271;+3789315;0;1
495;5;646;P;1;6;;117;155;;4;;;640;1;1;1;1;1;1;;;+11250994;+3793989;0;1
495;5;692;P;1;10;;107;50;;4;;;691;1;1;1;1;1;1;;;+11255956;+3785963;0;1
495;5;693;P;1;10;;107;171;;4;;;691;1;1;1;1;1;1;;;+11256015;+3786483;0;1
495;5;694;P;1;10;;107;172;;4;;;691;1;1;1;1;1;1;;;+11256053;+3786809;0;1
495;5;695;P;1;10;;107;76;;4;;;691;1;1;1;1;1;1;;;+11256108;+3787326;0;1
495;5;696;P;1;10;;107;173;;4;;;691;1;1;1;1;1;1;;;+11256183;+3787811;0;1
495;5;697;P;1;10;;107;174;;4;;;691;1;1;1;1;1;1;;;+11256188;+3788210;0;1
495;5;698;P;1;10;;107;57;;4;;;691;1;1;1;1;1;1;;;+11256202;+3788853;0;1
495;5;699;P;1;10;;107;58;;4;;;691;1;1;1;1;1;1;;;+11256211;+3789332;0;1
495;5;529;P;1;3;;732;1258;;4;;;528;1;1;1;1;1;1;;;+11245622;+3770993;0;0
495;5;530;P;1;10;;732;734;;4;;;528;1;1;1;1;1;1;;;+11247268;+3770500;0;0
495;5;955;P;1;12;;57;686;;4;;;954;1;1;1;1;1;1;;;+11254323;+3788803;0;1
495;5;956;P;1;10;;57;205;;4;;;954;1;1;1;1;1;1;;;+11254743;+3788811;0;1
495;5;957;P;1;10;;57;49;;4;;;954;1;1;1;1;1;1;;;+11255056;+3788815;0;1
495;5;958;P;1;10;;57;107;;4;;;954;1;1;1;1;1;1;;;+11256202;+3788853;0;1
495;5;959;P;1;10;;57;217;;4;;;954;1;1;1;1;1;1;;;+11256878;+3788864;0;1
495;5;960;P;1;10;;57;138;;4;;;954;1;1;1;1;1;1;;;+11257347;+3788871;0;1
495;5;961;P;1;10;;57;73;;4;;;954;1;1;1;1;1;1;;;+11258391;+3788860;0;1
495;5;109;P;1;1;;671;596;;4;;;108;1;1;1;1;1;1;;;+11255229;+3803035;0;0
495;5;110;P;1;3;;671;615;;4;;;108;1;1;1;1;1;1;;;+11248925;+3808041;0;0
495;5;112;P;1;3;;671;616;;4;;;108;1;1;1;1;1;1;;;+11241500;+3814190;0;0
495;5;113;P;3;3;;671;617;;4;;;108;1;1;1;1;1;1;;;+11212331;+3819299;0;0
495;5;832;P;1;10;;31;68;;4;;;831;1;1;1;1;1;1;;;+11258586;+3785487;0;1
495;5;833;P;1;10;;31;191;;4;;;831;1;1;1;1;1;1;;;+11259138;+3785495;0;1
495;5;834;P;1;12;;31;192;;4;;;831;1;1;1;1;1;1;;;+11261213;+3785508;0;1
495;5;835;P;1;10;;31;230;;4;;;831;1;1;1;1;1;1;;;+11261863;+3785469;0;0
495;5;666;P;1;10;;165;155;;4;;;665;1;1;1;1;1;1;;;+11250347;+3793854;0;1
495;5;667;P;1;12;;165;41;;4;;;665;1;1;1;1;1;1;;;+11250241;+3794219;0;1
495;5;923;P;1;10;;207;206;;4;;;922;1;1;1;1;1;1;;;+11256848;+3788198;0;1
495;5;924;P;1;10;;207;138;;4;;;922;1;1;1;1;1;1;;;+11257423;+3788177;0;1
495;5;1160;P;1;11;;644;73;;4;;;1159;1;1;1;1;1;1;;;+11258378;+3789179;0;1
495;5;1161;P;1;11;;644;208;;4;;;1159;1;1;1;1;1;1;;;+11259134;+3789025;0;1
495;5;1162;P;1;10;;644;687;;4;;;1159;1;1;1;1;1;1;;;+11259812;+3788221;0;1
495;5;1191;P;1;12;;717;148;;4;;;1190;1;1;1;1;1;1;;;+11254110;+3788610;0;1
495;5;1192;P;1;12;;717;57;;4;;;1190;1;1;1;1;1;1;;;+11254348;+3788797;0;1
495;5;1064;P;1;10;;206;140;;4;;;1063;1;1;1;1;1;1;;;+11256839;+3787815;0;1
495;5;1065;P;1;10;;206;174;;4;;;1063;1;1;1;1;1;1;;;+11256848;+3788198;0;1
495;5;1066;P;1;10;;206;57;;4;;;1063;1;1;1;1;1;1;;;+11256878;+3788864;0;1
495;5;629;P;1;12;;148;17;;4;;;628;1;1;1;1;1;1;;;+11256259;+3774427;0;1
495;5;630;P;1;3;;148;611;;4;;;628;1;1;1;1;1;1;;;+11255540;+3774505;0;1
495;5;631;P;1;6;;148;620;;4;;;628;1;1;1;1;1;1;;;+11253797;+3777423;0;1
495;5;632;P;1;6;;148;64;;4;;;628;1;1;1;1;1;1;;;+11254303;+3779385;0;1
495;5;633;P;1;6;;148;685;;4;;;628;1;1;1;1;1;1;;;+11254479;+3781762;0;1
495;5;634;P;1;6;;148;153;;4;;;628;1;1;1;1;1;1;;;+11254186;+3783863;0;1
495;5;635;P;1;6;;148;688;;4;;;628;1;1;1;1;1;1;;;+11253902;+3785850;0;1
495;5;636;P;1;6;;148;154;;4;;;628;1;1;1;1;1;1;;;+11254004;+3787373;0;1
495;5;637;P;1;6;;148;151;;4;;;628;1;1;1;1;1;1;;;+11254033;+3787819;0;1
495;5;701;P;1;12;;148;56;;4;;;628;1;1;1;1;1;1;;;+11254079;+3788285;0;1
495;5;638;P;1;6;;148;152;;4;;;628;1;1;1;1;1;1;;;+11254103;+3788799;0;1
495;5;942;P;1;12;;148;711;;4;;;628;1;1;1;1;1;1;;;+11252328;+3791954;0;1
495;5;639;P;1;6;;148;96;;4;;;628;1;1;1;1;1;1;;;+11251584;+3794117;0;1
495;5;1149;P;1;8;;148;42;;4;;;628;1;1;1;1;1;1;;;+11244463;+3800449;0;0
495;5;587;P;1;10;;137;60;;4;;;586;1;1;1;1;1;1;;;+11257222;+3783899;0;1
495;5;588;P;1;10;;137;71;;4;;;586;1;1;1;1;1;1;;;+11257184;+3784597;0;1
495;5;589;P;1;10;;137;72;;4;;;586;1;1;1;1;1;1;;;+11257168;+3785155;0;1
495;5;590;P;1;12;;137;684;;4;;;586;1;1;1;1;1;1;;;+11257328;+3785840;0;1
495;5;815;P;1;10;;72;137;;4;;;814;1;1;1;1;1;1;;;+11257168;+3785155;0;1
495;5;816;P;1;10;;72;68;;4;;;814;1;1;1;1;1;1;;;+11258587;+3785167;0;1
495;5;582;P;1;10;;136;67;;4;;;581;1;1;1;1;1;1;;;+11258367;+3781778;0;1
495;5;583;P;1;10;;136;65;;4;;;581;1;1;1;1;1;1;;;+11257998;+3782406;0;1
495;5;584;P;1;10;;136;70;;4;;;581;1;1;1;1;1;1;;;+11257627;+3783101;0;1
495;5;585;P;1;10;;136;60;;4;;;581;1;1;1;1;1;1;;;+11257222;+3783899;0;1
495;5;812;P;1;10;;186;185;;4;;;811;1;1;1;1;1;1;;;+11256616;+3785149;0;1
495;5;813;P;1;10;;186;137;;4;;;811;1;1;1;1;1;1;;;+11257168;+3785155;0;1
495;5;672;P;1;3;;41;596;;4;;;671;1;1;1;1;1;1;;;+11247930;+3794250;0;1
495;5;673;P;1;10;;41;167;;4;;;671;1;1;1;1;1;1;;;+11248614;+3794329;0;1
495;5;669;P;1;12;;41;165;;4;;;671;1;1;1;1;1;1;;;+11250241;+3794219;0;1
495;5;786;P;1;10;;32;35;;4;;;785;1;1;1;1;1;1;;;+11258751;+3781781;0;1
495;5;787;P;1;3;;32;701;;4;;;785;1;1;1;1;1;1;;;+11261113;+3781819;0;0
495;5;788;P;1;11;;32;263;;4;;;785;1;1;1;1;1;1;;;+11262527;+3781821;0;0
495;5;778;P;1;12;;67;702;;4;;;777;1;1;1;1;1;1;;;+11254631;+3781757;0;1
495;5;779;P;1;10;;67;63;;4;;;777;1;1;1;1;1;1;;;+11255245;+3781757;0;1
495;5;780;P;1;10;;67;168;;4;;;777;1;1;1;1;1;1;;;+11256189;+3781750;0;1
495;5;781;P;1;10;;67;176;;4;;;777;1;1;1;1;1;1;;;+11256484;+3781744;0;1
495;5;782;P;1;10;;67;177;;4;;;777;1;1;1;1;1;1;;;+11256959;+3781741;0;1
495;5;783;P;1;10;;67;134;;4;;;777;1;1;1;1;1;1;;;+11258367;+3781778;0;1
495;5;784;P;1;10;;67;35;;4;;;777;1;1;1;1;1;1;;;+11258751;+3781781;0;1
495;5;1132;P;1;3;;44;596;;4;;;772;1;1;1;1;1;1;;;+11248177;+3782427;0;1
495;5;769;P;1;10;;44;157;;4;;;772;1;1;1;1;1;1;;;+11250745;+3782124;0;1
495;5;770;P;1;10;;44;218;;4;;;772;1;1;1;1;1;1;;;+11251549;+3782033;0;1
495;5;773;P;1;10;;44;12;;4;;;772;1;1;1;1;1;1;;;+11252047;+3781971;0;1
495;5;774;P;1;10;;44;36;;4;;;772;1;1;1;1;1;1;;;+11252831;+3781881;0;1
495;5;775;P;1;12;;44;658;;4;;;772;1;1;1;1;1;1;;;+11253716;+3781773;0;1
495;5;776;P;1;12;;44;659;;4;;;772;1;1;1;1;1;1;;;+11254631;+3781757;0;1
495;5;1167;P;1;10;;646;36;;4;;;1166;1;1;1;1;1;1;;;+11252684;+3781093;0;1
495;5;1168;P;1;10;;646;647;;4;;;1166;1;1;1;1;1;1;;;+11253060;+3781093;0;1
495;5;1169;P;1;12;;646;117;;4;;;1166;1;1;1;1;1;1;;;+11253811;+3781444;0;1
495;5;1175;P;1;10;;647;648;;4;;;1174;1;1;1;1;1;1;;;+11253062;+3780416;0;1
495;5;1176;P;1;10;;647;646;;4;;;1174;1;1;1;1;1;1;;;+11253060;+3781093;0;1
495;5;1171;P;1;10;;648;36;;4;;;1170;1;1;1;1;1;1;;;+11252631;+3780407;0;1
495;5;1172;P;1;10;;648;647;;4;;;1170;1;1;1;1;1;1;;;+11253062;+3780416;0;1
495;5;1173;P;1;12;;648;117;;4;;;1170;1;1;1;1;1;1;;;+11253706;+3780038;0;1
495;5;678;P;1;13;;168;90;;4;;;677;1;1;1;1;1;1;;;+11256145;+3778166;0;1
495;5;679;P;1;10;;168;64;;4;;;677;1;1;1;1;1;1;;;+11256181;+3779373;0;1
495;5;680;P;1;10;;168;48;;4;;;677;1;1;1;1;1;1;;;+11256178;+3780765;0;1
495;5;681;P;1;12;;168;169;;4;;;677;1;1;1;1;1;1;;;+11256189;+3781568;0;1
495;5;682;P;1;10;;168;67;;4;;;677;1;1;1;1;1;1;;;+11256189;+3781750;0;1
495;5;683;P;1;11;;168;65;;4;;;677;1;1;1;1;1;1;;;+11256182;+3782335;0;1
495;5;684;P;1;10;;168;66;;4;;;677;1;1;1;1;1;1;;;+11256153;+3783069;0;1
495;5;685;P;1;10;;168;60;;4;;;677;1;1;1;1;1;1;;;+11256126;+3783877;0;1
495;5;920;P;1;10;;174;107;;4;;;919;1;1;1;1;1;1;;;+11256188;+3788210;0;1
495;5;921;P;1;10;;174;206;;4;;;919;1;1;1;1;1;1;;;+11256848;+3788198;0;1
495;5;1014;P;1;10;;103;118;;4;;;1013;1;1;1;1;1;1;;;+11252743;+3783853;0;1
495;5;1015;P;1;12;;103;641;;4;;;1013;1;1;1;1;1;1;;;+11252721;+3784513;0;1
495;5;1016;P;1;11;;103;120;;4;;;1013;1;1;1;1;1;1;;;+11252708;+3784929;0;1
495;5;1017;P;1;10;;103;99;;4;;;1013;1;1;1;1;1;1;;;+11252673;+3785809;0;1
495;5;551;P;1;12;;240;103;;4;;;550;1;1;1;1;1;1;;;+11252721;+3784513;0;1
495;5;531;P;1;10;;240;12;;4;;;550;1;1;1;1;1;1;;;+11253105;+3784522;0;1
495;5;493;P;1;12;;240;117;;4;;;550;1;1;1;1;1;1;;;+11253303;+3784531;0;1
495;5;790;P;1;11;;159;157;;4;;;789;1;1;1;1;1;1;;;+11251127;+3784890;0;1
495;5;791;P;1;11;;159;218;;4;;;789;1;1;1;1;1;1;;;+11251914;+3784910;0;1
495;5;753;P;1;10;;70;136;;4;;;752;1;1;1;1;1;1;;;+11257627;+3783101;0;1
495;5;754;P;1;10;;70;68;;4;;;752;1;1;1;1;1;1;;;+11258686;+3783127;0;1
495;5;910;P;1;10;;173;107;;4;;;909;1;1;1;1;1;1;;;+11256183;+3787811;0;1
495;5;911;P;1;10;;173;206;;4;;;909;1;1;1;1;1;1;;;+11256839;+3787815;0;1
495;5;1121;P;1;11;;80;78;;4;;;1120;1;1;1;1;1;1;;;+11257076;+3790839;0;1
495;5;1122;P;1;10;;80;231;;4;;;1120;1;1;1;1;1;1;;;+11257932;+3791384;0;1
495;5;1047;P;1;10;;195;52;;4;;;1046;1;1;1;1;1;1;;;+11255614;+3786489;0;1
495;5;1048;P;1;12;;195;53;;4;;;1046;1;1;1;1;1;1;;;+11255644;+3786847;0;1
495;5;64;P;1;3;;607;614;;4;;63;;1;1;1;1;1;1;;;+11268414;+3756111;0;0
495;5;65;P;1;3;;607;148;;4;;63;;1;1;1;1;1;1;;;+11255540;+3774505;0;1
495;5;66;P;1;1;;607;596;;4;;63;;1;1;1;1;1;1;;;+11255270;+3775390;72;1
495;5;72;P;1;1;;607;642;;4;;71;;1;1;1;1;1;1;;;+11260806;+3800810;66;0
495;5;115;P;1;1;;607;672;;4;;71;;1;1;1;1;1;1;;;+11262058;+3801877;0;0
495;5;73;P;1;3;;607;22;;4;;71;;1;1;1;1;1;1;;;+11265853;+3806414;0;0
495;5;74;P;3;3;;607;23;;4;;71;;1;1;1;1;1;1;;;+11272496;+3814252;0;0
495;5;75;P;1;3;;607;241;;4;;71;;1;1;1;1;1;1;;;+11273165;+3816564;0;0
495;5;76;P;1;3;;607;737;;4;;71;;1;1;1;1;1;1;;;+11272754;+3829679;0;0
495;5;750;P;1;10;;179;177;;4;;;749;1;1;1;1;1;1;;;+11256909;+3783085;0;1
495;5;751;P;1;10;;179;136;;4;;;749;1;1;1;1;1;1;;;+11257627;+3783101;0;1
495;5;895;P;1;10;;76;107;;4;;;894;1;1;1;1;1;1;;;+11256108;+3787326;0;1
495;5;896;P;1;10;;76;689;;4;;;894;1;1;1;1;1;1;;;+11256813;+3787278;0;1
495;5;897;P;1;10;;76;138;;4;;;894;1;1;1;1;1;1;;;+11257410;+3787241;0;1
495;5;898;P;1;10;;76;73;;4;;;894;1;1;1;1;1;1;;;+11258493;+3787218;0;1
495;5;890;P;1;12;;54;154;;4;;;889;1;1;1;1;1;1;;;+11254250;+3787371;0;1
495;5;891;P;1;10;;54;105;;4;;;889;1;1;1;1;1;1;;;+11254429;+3787371;0;1
495;5;892;P;1;10;;54;49;;4;;;889;1;1;1;1;1;1;;;+11255107;+3787383;0;1
495;5;893;P;1;10;;54;107;;4;;;889;1;1;1;1;1;1;;;+11256108;+3787326;0;1
495;5;613;P;1;12;;681;12;;4;;;612;1;1;1;1;1;1;;;+11247377;+3774503;0;0
495;5;614;P;1;10;;681;36;;4;;;612;1;1;1;1;1;1;;;+11251096;+3773616;0;0
495;5;615;P;1;10;;681;83;;4;;;612;1;1;1;1;1;1;;;+11255954;+3773055;0;1
495;5;900;P;1;10;;151;148;;4;;;899;1;1;1;1;1;1;;;+11254033;+3787819;0;1
495;5;901;P;1;10;;151;105;;4;;;899;1;1;1;1;1;1;;;+11254407;+3787813;0;1
495;5;902;P;1;10;;151;49;;4;;;899;1;1;1;1;1;1;;;+11255091;+3787801;0;1
495;5;904;P;1;10;;55;49;;4;;;903;1;1;1;1;1;1;;;+11255091;+3787801;0;1
495;5;905;P;1;12;;55;202;;4;;;903;1;1;1;1;1;1;;;+11255853;+3787810;0;1
495;5;657;P;1;10;;101;99;;4;;;656;1;1;1;1;1;1;;;+11251092;+3785775;0;1
495;5;658;P;1;10;;101;97;;4;;;656;1;1;1;1;1;1;;;+11251089;+3785965;0;1
495;5;659;P;1;10;;101;160;;4;;;656;1;1;1;1;1;1;;;+11251071;+3786493;0;1
495;5;660;P;1;12;;101;199;;4;;;656;1;1;1;1;1;1;;;+11251060;+3786955;0;1
495;5;661;P;1;10;;101;162;;4;;;656;1;1;1;1;1;1;;;+11251037;+3787338;0;1
495;5;662;P;1;10;;101;163;;4;;;656;1;1;1;1;1;1;;;+11250991;+3788713;0;1
495;5;663;P;1;12;;101;164;;4;;;656;1;1;1;1;1;1;;;+11250969;+3789271;0;1
495;5;664;P;1;10;;101;155;;4;;;656;1;1;1;1;1;1;;;+11250347;+3793854;0;1
495;5;651;P;1;11;;157;116;;4;;;650;1;1;1;1;1;1;;;+11250530;+3780951;0;1
495;5;652;P;1;10;;157;44;;4;;;650;1;1;1;1;1;1;;;+11250745;+3782124;0;1
495;5;653;P;1;10;;157;118;;4;;;650;1;1;1;1;1;1;;;+11251150;+3784254;0;1
495;5;654;P;1;11;;157;159;;4;;;650;1;1;1;1;1;1;;;+11251127;+3784890;0;1
495;5;655;P;1;10;;157;99;;4;;;650;1;1;1;1;1;1;;;+11251092;+3785775;0;1
495;5;793;P;1;11;;120;218;;4;;;792;1;1;1;1;1;1;;;+11251914;+3784910;0;1
495;5;794;P;1;11;;120;103;;4;;;792;1;1;1;1;1;1;;;+11252708;+3784929;0;1
495;5;795;P;1;12;;120;12;;4;;;792;1;1;1;1;1;1;;;+11253060;+3784929;0;1
495;5;946;P;1;12;;257;258;;4;;;945;1;1;1;1;1;1;;;+11263436;+3775735;0;0
495;5;947;P;1;3;;257;35;;4;;;945;1;1;1;1;1;1;;;+11263443;+3776964;0;0
495;5;1118;P;1;12;;92;79;;4;;;1117;1;1;1;1;1;1;;;+11256330;+3790377;0;1
495;5;1119;P;1;11;;92;78;;4;;;1117;1;1;1;1;1;1;;;+11257076;+3790839;0;1
495;5;687;P;1;10;;170;60;;4;;;686;1;1;1;1;1;1;;;+11256126;+3783877;0;1
495;5;688;P;1;10;;170;61;;4;;;686;1;1;1;1;1;1;;;+11256096;+3784584;0;1
495;5;689;P;1;10;;170;62;;4;;;686;1;1;1;1;1;1;;;+11255664;+3785196;0;1
495;5;690;P;1;10;;170;50;;4;;;686;1;1;1;1;1;1;;;+11255956;+3785963;0;1
495;5;1039;P;1;10;;205;151;;4;;;1038;1;1;1;1;1;1;;;+11254407;+3787813;0;1
495;5;1040;P;1;10;;205;56;;4;;;1038;1;1;1;1;1;1;;;+11254615;+3788289;0;1
495;5;1041;P;1;10;;205;57;;4;;;1038;1;1;1;1;1;1;;;+11254743;+3788811;0;1
495;5;1042;P;1;10;;205;58;;4;;;1038;1;1;1;1;1;1;;;+11254761;+3789321;0;1
495;5;980;P;1;7;;96;148;;4;;;979;1;1;1;1;1;1;;;+11251584;+3794117;0;1
495;5;981;P;1;10;;96;51;;4;;;979;1;1;1;1;1;1;;;+11252493;+3794318;0;1
495;5;976;P;1;10;;155;101;;4;;;975;1;1;1;1;1;1;;;+11250347;+3793854;0;1
495;5;977;P;1;7;;155;117;;4;;;975;1;1;1;1;1;1;;;+11250994;+3793989;0;1
495;5;978;P;1;7;;155;690;;4;;;975;1;1;1;1;1;1;;;+11251584;+3794117;0;1
495;5;1024;P;1;12;;194;50;;4;;;1023;1;1;1;1;1;1;;;+11254056;+3785863;0;1
495;5;1025;P;1;11;;194;691;;4;;;1023;1;1;1;1;1;1;;;+11254050;+3786036;0;1
495;5;1026;P;1;10;;194;193;;4;;;1023;1;1;1;1;1;1;;;+11254043;+3786468;0;1
495;5;1027;P;1;11;;194;196;;4;;;1023;1;1;1;1;1;1;;;+11254058;+3786936;0;1
495;5;1020;P;1;11;;150;62;;4;;;1019;1;1;1;1;1;1;;;+11254085;+3785164;0;1
495;5;1021;P;1;11;;150;692;;4;;;1019;1;1;1;1;1;1;;;+11254065;+3785652;0;1
495;5;1022;P;1;12;;150;50;;4;;;1019;1;1;1;1;1;1;;;+11254058;+3785849;0;1
495;5;1134;P;1;12;;133;148;;4;;;1133;1;1;1;1;1;1;;;+11254123;+3778867;0;1
495;5;1135;P;1;10;;133;89;;4;;;1133;1;1;1;1;1;1;;;+11255072;+3778862;0;1
495;5;1136;P;1;10;;133;168;;4;;;1133;1;1;1;1;1;1;;;+11256180;+3778859;0;1
495;5;1137;P;1;10;;133;132;;4;;;1133;1;1;1;1;1;1;;;+11258475;+3778854;0;1
495;5;1138;P;1;10;;133;35;;4;;;1133;1;1;1;1;1;1;;;+11260344;+3778849;0;1
495;5;18053;P;1;3;;1293;1290;;7;;18052;;1;1;1;1;1;1;;;+11180567;+3674750;0;0
495;5;18054;P;3;3;;1293;1294;;7;;18052;;1;1;1;1;1;1;;;+11187679;+3684877;0;0
495;5;18055;P;1;3;;1293;1295;;7;;18052;;1;1;1;1;1;1;;;+11190688;+3688601;0;0
495;5;18056;P;1;3;;1293;1296;;7;;18052;;1;1;1;1;1;1;;;+11195569;+3701835;0;0
495;5;18057;P;1;3;;1293;1297;;7;;18052;;1;1;1;1;1;1;;;+11207751;+3710500;0;0
495;5;18058;P;1;1;;1293;1299;;7;;18052;;1;1;1;1;1;1;;;+11212824;+3714078;0;0
495;5;18059;P;1;3;;1293;1300;;7;;18052;;1;1;1;1;1;1;;;+11218788;+3716974;0;0
495;5;18060;P;3;3;;1293;1301;;7;;18052;;1;1;1;1;1;1;;;+11223969;+3720808;0;0
495;5;18061;P;1;3;;1293;1302;;7;;18052;;1;1;1;1;1;1;;;+11228145;+3736436;18063;0
495;5;18063;P;1;3;;1293;1268;;7;;18062;;1;1;1;1;1;1;;;+11276542;+3776742;18061;0
495;5;18064;P;3;3;;1293;1306;;7;;18062;;1;1;1;1;1;1;;;+11288418;+3783594;0;0
495;5;18065;P;1;4;;1293;1307;;7;;18062;;1;1;1;1;1;1;;;+11317089;+3787447;0;0
495;5;18066;P;1;3;;1293;734;;7;;18062;;1;1;1;1;1;1;;;+11344146;+3785360;0;0
495;5;12052;P;1;1;;1281;1278;;6;;;12051;1;1;1;1;1;1;;;+11128024;+3569046;0;0
495;5;12053;P;3;3;;1281;1282;;6;;;12051;1;1;1;1;1;1;;;+11128478;+3571056;0;0
495;5;12054;P;1;3;;1281;1283;;6;;;12051;1;1;1;1;1;1;;;+11129249;+3572661;0;0
495;5;12055;P;1;3;;1281;732;;6;;;12051;1;1;1;1;1;1;;;+11137930;+3592125;0;0
495;5;12056;P;1;3;;1281;1284;;6;;;12051;1;1;1;1;1;1;;;+11145446;+3609046;0;0
495;5;12057;P;3;3;;1281;1285;;6;;;12051;1;1;1;1;1;1;;;+11146257;+3611207;0;0
495;5;12058;P;1;3;;1281;1286;;6;;;12051;1;1;1;1;1;1;;;+11150442;+3619864;0;0
495;5;12059;P;1;3;;1281;1287;;6;;;12051;1;1;1;1;1;1;;;+11159046;+3627364;0;0
495;5;12060;P;1;3;;1281;737;;6;;;12051;1;1;1;1;1;1;;;+11172497;+3633580;0;0
495;5;12061;P;3;3;;1281;1288;;6;;;12051;1;1;1;1;1;1;;;+11179905;+3646529;0;0
495;5;12062;P;1;3;;1281;1289;;6;;;12051;1;1;1;1;1;1;;;+11180791;+3658429;0;0
495;5;12063;P;1;3;;1281;1290;;6;;;12051;1;1;1;1;1;1;;;+11180567;+3674750;0;0
495;5;24052;P;1;3;;1309;1302;;8;;;24051;1;1;1;1;1;1;;;+11228145;+3736436;0;0
495;5;24053;P;1;3;;1309;1310;;8;;;24051;1;1;1;1;1;1;;;+11225220;+3746772;0;0
495;5;24054;P;1;1;;1309;729;;8;;;24051;1;1;1;1;1;1;;;+11221665;+3756164;0;1
495;5;53;P;1;1;;608;729;;4;;51;;1;1;1;1;1;1;;;+11221665;+3756164;0;1
495;5;54;P;3;3;;608;9;;4;;51;;1;1;1;1;1;1;;;+11226642;+3761621;0;0
495;5;55;P;1;3;;608;10;;4;;51;;1;1;1;1;1;1;;;+11232276;+3762696;0;0
495;5;56;P;1;3;;608;732;;4;;51;;1;1;1;1;1;1;;;+11246258;+3771451;0;0
495;5;57;P;1;1;;608;596;;4;;51;;1;1;1;1;1;1;;;+11247925;+3774965;0;0
495;5;58;P;1;10;;608;12;;4;;51;;1;1;1;1;1;1;;;+11248164;+3775602;68;1
495;5;68;P;1;1;;608;673;;4;;67;;1;1;1;1;1;1;;;+11264959;+3777141;58;0
495;5;69;P;1;3;;608;674;;4;;67;;1;1;1;1;1;1;;;+11276542;+3776742;0;0
495;5;30052;P;1;3;;1312;734;;9;;;30051;1;1;1;1;1;1;;;+11344146;+3785360;0;0
495;5;30053;P;1;3;;1312;1313;;9;;;30051;1;1;1;1;1;1;;;+11367410;+3778185;0;0
495;5;30059;P;1;1;;1312;1364;;9;;;30051;1;1;1;1;1;1;;;+11369513;+3778337;0;0
495;5;30054;P;1;13;;1312;729;;9;;;30051;1;1;1;1;1;1;;;+11371924;+3777992;0;0
495;5;6052;P;1;3;;1270;1271;;5;;;6051;1;1;1;1;1;1;;;+11052405;+3556742;0;0
495;5;6053;P;1;3;;1270;1272;;5;;;6051;1;1;1;1;1;1;;;+11066176;+3559835;0;0
495;5;6054;P;1;3;;1270;1339;;5;;;6051;1;1;1;1;1;1;;;+11073744;+3562924;0;0
495;5;6055;P;3;3;;1270;1274;;5;;;6051;1;1;1;1;1;1;;;+11075494;+3563645;0;0
495;5;6056;P;1;3;;1270;1275;;5;;;6051;1;1;1;1;1;1;;;+11098570;+3564059;0;0
495;5;6057;P;1;3;;1270;1340;;5;;;6051;1;1;1;1;1;1;;;+11120547;+3565389;0;0
495;5;6058;P;1;1;;1270;1278;;5;;;6051;1;1;1;1;1;1;;;+11128024;+3569046;0;0
495;5;1110;P;1;12;;192;31;;4;;;1109;1;1;1;1;1;1;;;+11261213;+3785508;0;1
495;5;1111;P;1;10;;192;75;;4;;;1109;1;1;1;1;1;1;;;+11261214;+3786521;0;1
495;5;1112;P;1;12;;192;229;;4;;;1109;1;1;1;1;1;1;;;+11261219;+3787278;0;1
495;5;854;P;1;10;;171;107;;4;;;853;1;1;1;1;1;1;;;+11256015;+3786483;0;1
495;5;855;P;1;10;;171;108;;4;;;853;1;1;1;1;1;1;;;+11256713;+3786459;0;1
495;5;807;P;1;12;;62;148;;4;;;806;1;1;1;1;1;1;;;+11253950;+3785159;0;1
495;5;1018;P;1;11;;62;150;;4;;;806;1;1;1;1;1;1;;;+11254085;+3785164;0;1
495;5;808;P;1;10;;62;184;;4;;;806;1;1;1;1;1;1;;;+11254570;+3785174;0;1
495;5;809;P;1;10;;62;59;;4;;;806;1;1;1;1;1;1;;;+11255195;+3785185;0;1
495;5;810;P;1;10;;62;170;;4;;;806;1;1;1;1;1;1;;;+11255664;+3785196;0;1
495;5;916;P;1;12;;56;148;;4;;;915;1;1;1;1;1;1;;;+11254079;+3788285;0;1
495;5;917;P;1;10;;56;205;;4;;;915;1;1;1;1;1;1;;;+11254615;+3788289;0;1
495;5;918;P;1;10;;56;49;;4;;;915;1;1;1;1;1;1;;;+11255072;+3788300;0;1
495;5;1058;P;1;10;;224;197;;4;;;1057;1;1;1;1;1;1;;;+11256764;+3786799;0;1
495;5;1059;P;1;10;;224;76;;4;;;1057;1;1;1;1;1;1;;;+11256813;+3787278;0;1
495;5;1054;P;1;10;;108;50;;4;;;1053;1;1;1;1;1;1;;;+11256672;+3786003;0;1
495;5;1055;P;1;10;;108;171;;4;;;1053;1;1;1;1;1;1;;;+11256713;+3786459;0;1
495;5;1056;P;1;10;;108;197;;4;;;1053;1;1;1;1;1;1;;;+11256764;+3786799;0;1
495;5;1144;P;1;12;;620;693;;4;;;705;1;1;1;1;1;1;;;+11252386;+3777434;0;1
495;5;1145;P;1;7;;620;663;;4;;;705;1;1;1;1;1;1;;;+11253185;+3777435;0;1
495;5;706;P;1;7;;620;662;;4;;;705;1;1;1;1;1;1;;;+11253797;+3777423;0;1
495;5;707;P;1;7;;620;89;;4;;;705;1;1;1;1;1;1;;;+11255300;+3777426;0;1
495;5;708;P;1;7;;620;132;;4;;;705;1;1;1;1;1;1;;;+11258451;+3777425;0;1
495;5;709;P;1;7;;620;35;;4;;;705;1;1;1;1;1;1;;;+11262514;+3777502;0;1
495;5;1087;P;1;12;;188;187;;4;;;1086;1;1;1;1;1;1;;;+11257727;+3785692;0;1
495;5;1088;P;1;11;;188;69;;4;;;1086;1;1;1;1;1;1;;;+11257714;+3785866;0;1
495;5;1089;P;1;12;;188;50;;4;;;1086;1;1;1;1;1;1;;;+11257707;+3786019;0;1
495;5;1044;P;1;10;;106;50;;4;;;1043;1;1;1;1;1;1;;;+11255592;+3785941;0;1
495;5;1045;P;1;10;;106;52;;4;;;1043;1;1;1;1;1;1;;;+11255614;+3786489;0;1
495;5;762;P;1;12;;60;694;;4;;;761;1;1;1;1;1;1;;;+11254270;+3783858;0;1
495;5;763;P;1;10;;60;59;;4;;;761;1;1;1;1;1;1;;;+11255243;+3783860;0;1
495;5;764;P;1;10;;60;168;;4;;;761;1;1;1;1;1;1;;;+11256126;+3783877;0;1
495;5;765;P;1;10;;60;177;;4;;;761;1;1;1;1;1;1;;;+11256880;+3783892;0;1
495;5;766;P;1;10;;60;136;;4;;;761;1;1;1;1;1;1;;;+11257222;+3783899;0;1
495;5;767;P;1;10;;60;68;;4;;;761;1;1;1;1;1;1;;;+11258641;+3783932;0;1
495;5;756;P;1;10;;118;157;;4;;;755;1;1;1;1;1;1;;;+11251150;+3784254;0;1
495;5;757;P;1;10;;118;218;;4;;;755;1;1;1;1;1;1;;;+11251942;+3784060;0;1
495;5;758;P;1;10;;118;103;;4;;;755;1;1;1;1;1;1;;;+11252743;+3783853;0;1
495;5;759;P;1;10;;118;12;;4;;;755;1;1;1;1;1;1;;;+11253172;+3783853;0;1
495;5;760;P;1;12;;118;153;;4;;;755;1;1;1;1;1;1;;;+11254270;+3783858;0;1
495;5;1164;P;1;12;;645;12;;4;;;1163;1;1;1;1;1;1;;;+11251572;+3781196;0;1
495;5;1165;P;1;10;;645;36;;4;;;1163;1;1;1;1;1;1;;;+11252675;+3781042;0;1
495;5;717;P;1;10;;64;89;;4;;;716;1;1;1;1;1;1;;;+11255159;+3779383;0;1
495;5;718;P;1;10;;64;168;;4;;;716;1;1;1;1;1;1;;;+11256181;+3779373;0;1
495;5;719;P;1;10;;64;177;;4;;;716;1;1;1;1;1;1;;;+11256922;+3779375;0;1
495;5;720;P;1;10;;64;134;;4;;;716;1;1;1;1;1;1;;;+11258489;+3779369;0;1
495;5;721;P;1;10;;64;35;;4;;;716;1;1;1;1;1;1;;;+11259961;+3779387;0;1
495;5;1147;P;1;10;;683;36;;4;;;713;1;1;1;1;1;1;;;+11252735;+3779381;0;1
495;5;1148;P;1;7;;683;660;;4;;;713;1;1;1;1;1;1;;;+11253695;+3779393;0;1
495;5;714;P;1;7;;683;661;;4;;;713;1;1;1;1;1;1;;;+11254303;+3779385;0;1
495;5;715;P;1;10;;683;696;;4;;;713;1;1;1;1;1;1;;;+11255159;+3779383;0;1
495;5;1154;P;1;12;;627;219;;4;;;1153;1;1;1;1;1;1;;;+11251504;+3786916;0;1
495;5;1155;P;1;12;;627;162;;4;;;1153;1;1;1;1;1;1;;;+11251488;+3787343;0;1
495;5;1129;P;1;10;;200;218;;4;;;997;1;1;1;1;1;1;;;+11251888;+3785794;0;1
495;5;993;P;1;11;;200;160;;4;;;997;1;1;1;1;1;1;;;+11251842;+3786510;0;1
495;5;994;P;1;11;;200;161;;4;;;997;1;1;1;1;1;1;;;+11251845;+3786705;0;1
495;5;995;P;1;10;;200;219;;4;;;997;1;1;1;1;1;1;;;+11251839;+3786871;0;1
495;5;998;P;1;10;;200;162;;4;;;997;1;1;1;1;1;1;;;+11251816;+3787355;0;1
495;5;999;P;1;10;;200;163;;4;;;997;1;1;1;1;1;1;;;+11251773;+3788732;0;1
495;5;1000;P;1;11;;200;164;;4;;;997;1;1;1;1;1;1;;;+11251755;+3789283;0;1
495;5;1001;P;1;11;;200;220;;4;;;997;1;1;1;1;1;1;;;+11251740;+3789473;0;1
495;5;987;P;1;10;;218;44;;4;;;986;1;1;1;1;1;1;;;+11251549;+3782033;0;1
495;5;988;P;1;10;;218;118;;4;;;986;1;1;1;1;1;1;;;+11251942;+3784060;0;1
495;5;991;P;1;11;;218;159;;4;;;986;1;1;1;1;1;1;;;+11251914;+3784910;0;1
495;5;992;P;1;10;;218;99;;4;;;986;1;1;1;1;1;1;;;+11251888;+3785794;0;1
495;5;818;P;1;12;;187;137;;4;;;817;1;1;1;1;1;1;;;+11257263;+3785681;0;1
495;5;819;P;1;12;;187;188;;4;;;817;1;1;1;1;1;1;;;+11257727;+3785692;0;1
495;5;820;P;1;12;;187;68;;4;;;817;1;1;1;1;1;1;;;+11258571;+3785719;0;1
495;5;1094;P;1;11;;189;69;;4;;;1093;1;1;1;1;1;1;;;+11258198;+3785859;0;1
495;5;1095;P;1;12;;189;50;;4;;;1093;1;1;1;1;1;1;;;+11258207;+3786031;0;1
495;5;870;P;1;10;;197;108;;4;;;869;1;1;1;1;1;1;;;+11256764;+3786799;0;1
495;5;871;P;1;10;;197;138;;4;;;869;1;1;1;1;1;1;;;+11257396;+3786791;0;1
495;5;739;P;1;10;;65;63;;4;;;738;1;1;1;1;1;1;;;+11255282;+3782329;0;1
495;5;740;P;1;11;;65;168;;4;;;738;1;1;1;1;1;1;;;+11256182;+3782335;0;1
495;5;741;P;1;10;;65;176;;4;;;738;1;1;1;1;1;1;;;+11256481;+3782346;0;1
495;5;742;P;1;10;;65;177;;4;;;738;1;1;1;1;1;1;;;+11256944;+3782355;0;1
495;5;743;P;1;10;;65;136;;4;;;738;1;1;1;1;1;1;;;+11257998;+3782406;0;1
495;5;744;P;1;10;;65;68;;4;;;738;1;1;1;1;1;1;;;+11258733;+3782348;0;1
495;5;1050;P;1;10;;185;61;;4;;;1049;1;1;1;1;1;1;;;+11256631;+3784589;0;1
495;5;1051;P;1;10;;185;186;;4;;;1049;1;1;1;1;1;1;;;+11256616;+3785149;0;1
495;5;1052;P;1;10;;185;50;;4;;;1049;1;1;1;1;1;1;;;+11256672;+3786003;0;1
495;5;30056;P;1;13;;1315;1258;;9;;;30055;1;1;1;1;1;1;;;+11371924;+3777992;0;0
495;5;30057;P;3;3;;1315;1316;;9;;;30055;1;1;1;1;1;1;;;+11372916;+3778155;0;0
495;5;30058;P;1;3;;1315;734;;9;;;30055;1;1;1;1;1;1;;;+11391878;+3791543;0;0
495;5;557;P;1;10;;87;124;;4;;;556;1;1;1;1;1;1;;;+11256874;+3773572;0;1
495;5;558;P;1;11;;87;89;;4;;;556;1;1;1;1;1;1;;;+11256369;+3775213;0;1
495;5;553;P;1;12;;123;84;;4;;;552;1;1;1;1;1;1;;;+11256812;+3771796;0;0
495;5;554;P;1;10;;123;125;;4;;;552;1;1;1;1;1;1;;;+11256859;+3773028;0;1
495;5;555;P;1;10;;123;124;;4;;;552;1;1;1;1;1;1;;;+11256874;+3773572;0;1
495;5;873;P;1;10;;139;138;;4;;;872;1;1;1;1;1;1;;;+11257396;+3786791;0;1
495;5;874;P;1;12;;139;198;;4;;;872;1;1;1;1;1;1;;;+11258191;+3786763;0;1
495;5;1061;P;1;10;;624;76;;4;;;1060;1;1;1;1;1;1;;;+11256813;+3787278;0;1
495;5;1062;P;1;10;;624;140;;4;;;1060;1;1;1;1;1;1;;;+11256839;+3787815;0;1
495;5;968;P;1;12;;58;148;;4;;;967;1;1;1;1;1;1;;;+11253944;+3789302;0;1
495;5;969;P;1;10;;58;51;;4;;;967;1;1;1;1;1;1;;;+11254761;+3789321;0;1
495;5;970;P;1;10;;58;49;;4;;;967;1;1;1;1;1;1;;;+11255033;+3789329;0;1
495;5;971;P;1;10;;58;79;;4;;;967;1;1;1;1;1;1;;;+11256211;+3789332;0;1
495;5;972;P;1;10;;58;217;;4;;;967;1;1;1;1;1;1;;;+11256871;+3789368;0;1
495;5;973;P;1;10;;58;138;;4;;;967;1;1;1;1;1;1;;;+11257315;+3789390;0;1
495;5;974;P;1;10;;58;73;;4;;;967;1;1;1;1;1;1;;;+11258366;+3789454;0;1
495;5;1185;P;1;12;;715;163;;4;;;1184;1;1;1;1;1;1;;;+11253130;+3788764;0;1
495;5;1186;P;1;12;;715;117;;4;;;1184;1;1;1;1;1;1;;;+11253477;+3788626;0;1
495;5;1194;P;1;12;;686;148;;4;;;1193;1;1;1;1;1;1;;;+11254103;+3788935;0;1
495;5;1195;P;1;11;;686;57;;4;;;1193;1;1;1;1;1;1;;;+11254324;+3788811;0;1
495;5;1188;P;1;12;;716;163;;4;;;1187;1;1;1;1;1;1;;;+11253129;+3788779;0;1
495;5;1189;P;1;12;;716;216;;4;;;1187;1;1;1;1;1;1;;;+11253426;+3788928;0;1
495;5;1106;P;1;12;;191;712;;4;;;1105;1;1;1;1;1;1;;;+11259141;+3784464;0;1
495;5;1107;P;1;10;;191;31;;4;;;1105;1;1;1;1;1;1;;;+11259138;+3785495;0;1
495;5;1108;P;1;10;;191;75;;4;;;1105;1;1;1;1;1;1;;;+11259052;+3786479;0;1
495;5;804;P;1;10;;71;137;;4;;;803;1;1;1;1;1;1;;;+11257184;+3784597;0;1
495;5;805;P;1;10;;71;68;;4;;;803;1;1;1;1;1;1;;;+11258608;+3784595;0;1
495;5;797;P;1;12;;61;148;;4;;;796;1;1;1;1;1;1;;;+11254041;+3784539;0;1
495;5;798;P;1;10;;61;184;;4;;;796;1;1;1;1;1;1;;;+11254593;+3784550;0;1
495;5;799;P;1;10;;61;59;;4;;;796;1;1;1;1;1;1;;;+11255214;+3784558;0;1
495;5;800;P;1;10;;61;170;;4;;;796;1;1;1;1;1;1;;;+11256096;+3784584;0;1
495;5;801;P;1;10;;61;185;;4;;;796;1;1;1;1;1;1;;;+11256631;+3784589;0;1
495;5;802;P;1;10;;61;137;;4;;;796;1;1;1;1;1;1;;;+11257184;+3784597;0;1
495;5;845;P;1;12;;193;148;;4;;;844;1;1;1;1;1;1;;;+11253926;+3786467;0;1
495;5;846;P;1;10;;193;194;;4;;;844;1;1;1;1;1;1;;;+11254043;+3786468;0;1
495;5;847;P;1;10;;193;105;;4;;;844;1;1;1;1;1;1;;;+11254479;+3786475;0;1
495;5;848;P;1;10;;193;52;;4;;;844;1;1;1;1;1;1;;;+11255142;+3786489;0;1
495;5;850;P;1;10;;52;49;;4;;;849;1;1;1;1;1;1;;;+11255142;+3786489;0;1
495;5;851;P;1;10;;52;195;;4;;;849;1;1;1;1;1;1;;;+11255614;+3786489;0;1
495;5;852;P;1;10;;52;171;;4;;;849;1;1;1;1;1;1;;;+11256015;+3786483;0;1
495;5;1114;P;1;3;;230;668;;4;;;1113;1;1;1;1;1;1;;;+11261788;+3785217;0;0
495;5;1115;P;1;10;;230;31;;4;;;1113;1;1;1;1;1;1;;;+11261863;+3785469;0;0
495;5;1116;P;1;10;;230;75;;4;;;1113;1;1;1;1;1;1;;;+11262057;+3786522;0;0
495;5;122;P;1;3;;1365;1367;;4;;;121;1;1;1;1;1;1;;;+11222972;+3792192;0;0
495;5;123;P;1;3;;1365;1369;;4;;;121;1;1;1;1;1;1;;;+11230032;+3792257;0;0
495;5;124;P;1;1;;1365;596;;4;;;121;1;1;1;1;1;1;;;+11246778;+3788841;0;1
495;5;125;P;1;1;;672;597;;4;;;116;1;1;1;1;1;1;;;+11259928;+3802109;0;0
495;5;117;P;1;1;;672;611;;4;;;116;1;1;1;1;1;1;;;+11262058;+3801877;0;0
495;5;118;P;1;3;;672;675;;4;;;116;1;1;1;1;1;1;;;+11277570;+3804302;0;0
495;5;119;P;1;3;;672;677;;4;;;116;1;1;1;1;1;1;;;+11304600;+3809712;0;0
495;5;1033;P;1;10;;105;50;;4;;;1032;1;1;1;1;1;1;;;+11254531;+3785882;0;1
495;5;1034;P;1;10;;105;193;;4;;;1032;1;1;1;1;1;1;;;+11254479;+3786475;0;1
495;5;1035;P;1;10;;105;196;;4;;;1032;1;1;1;1;1;1;;;+11254446;+3786944;0;1
495;5;1036;P;1;10;;105;54;;4;;;1032;1;1;1;1;1;1;;;+11254429;+3787371;0;1
495;5;1037;P;1;10;;105;151;;4;;;1032;1;1;1;1;1;1;;;+11254407;+3787813;0;1
495;5;1029;P;1;10;;184;61;;4;;;1028;1;1;1;1;1;1;;;+11254593;+3784550;0;1
495;5;1030;P;1;10;;184;62;;4;;;1028;1;1;1;1;1;1;;;+11254570;+3785174;0;1
495;5;1031;P;1;10;;184;50;;4;;;1028;1;1;1;1;1;1;;;+11254531;+3785882;0;1
495;5;857;P;1;12;;196;148;;4;;;856;1;1;1;1;1;1;;;+11253968;+3786932;0;1
495;5;858;P;1;10;;196;105;;4;;;856;1;1;1;1;1;1;;;+11254446;+3786944;0;1
495;5;859;P;1;10;;196;49;;4;;;856;1;1;1;1;1;1;;;+11255122;+3786963;0;1
495;5;1077;P;1;10;;177;64;;4;;;1079;1;1;1;1;1;1;;;+11256922;+3779375;0;1
495;5;1080;P;1;10;;177;48;;4;;;1079;1;1;1;1;1;1;;;+11256928;+3780760;0;1
495;5;1081;P;1;11;;177;169;;4;;;1079;1;1;1;1;1;1;;;+11256951;+3781579;0;1
495;5;1082;P;1;10;;177;67;;4;;;1079;1;1;1;1;1;1;;;+11256959;+3781741;0;1
495;5;1083;P;1;10;;177;65;;4;;;1079;1;1;1;1;1;1;;;+11256944;+3782355;0;1
495;5;1084;P;1;10;;177;66;;4;;;1079;1;1;1;1;1;1;;;+11256909;+3783085;0;1
495;5;1085;P;1;10;;177;60;;4;;;1079;1;1;1;1;1;1;;;+11256880;+3783892;0;1
495;5;1071;P;1;10;;176;48;;4;;;1070;1;1;1;1;1;1;;;+11256481;+3780763;0;1
495;5;1072;P;1;11;;176;169;;4;;;1070;1;1;1;1;1;1;;;+11256488;+3781570;0;1
495;5;1073;P;1;10;;176;67;;4;;;1070;1;1;1;1;1;1;;;+11256484;+3781744;0;1
495;5;1074;P;1;10;;176;65;;4;;;1070;1;1;1;1;1;1;;;+11256481;+3782346;0;1
495;5;1075;P;1;11;;176;225;;4;;;1070;1;1;1;1;1;1;;;+11256484;+3782628;0;1
495;5;620;P;1;10;;125;123;;4;;;619;1;1;1;1;1;1;;;+11256859;+3773028;0;1
495;5;621;P;1;10;;125;84;;4;;;619;1;1;1;1;1;1;;;+11258349;+3772985;0;0
495;5;617;P;1;10;;86;83;;4;;;616;1;1;1;1;1;1;;;+11255954;+3773055;0;1
495;5;618;P;1;10;;86;123;;4;;;616;1;1;1;1;1;1;;;+11256859;+3773028;0;1
495;5;983;P;1;10;;100;99;;4;;;982;1;1;1;1;1;1;;;+11249047;+3785731;0;1
495;5;984;P;1;10;;100;97;;4;;;982;1;1;1;1;1;1;;;+11249050;+3786191;0;1
495;5;985;P;1;10;;100;670;;4;;;982;1;1;1;1;1;1;;;+11248985;+3788653;0;1
495;5;842;P;1;10;;160;101;;4;;;841;1;1;1;1;1;1;;;+11251071;+3786493;0;1
495;5;843;P;1;11;;160;200;;4;;;841;1;1;1;1;1;1;;;+11251842;+3786510;0;1
495;5;746;P;1;10;;66;63;;4;;;745;1;1;1;1;1;1;;;+11255273;+3783050;0;1
495;5;747;P;1;10;;66;168;;4;;;745;1;1;1;1;1;1;;;+11256153;+3783069;0;1
495;5;748;P;1;10;;66;177;;4;;;745;1;1;1;1;1;1;;;+11256909;+3783085;0;1
495;5;731;P;1;12;;178;63;;4;;;730;1;1;1;1;1;1;;;+11255245;+3781579;0;1
495;5;732;P;1;12;;178;169;;4;;;730;1;1;1;1;1;1;;;+11256180;+3781568;0;1
495;5;1124;P;1;10;;231;80;;4;;;1123;1;1;1;1;1;1;;;+11257932;+3791384;0;1
495;5;1125;P;1;10;;231;713;;4;;;1123;1;1;1;1;1;1;;;+11258036;+3792459;0;1
495;5;1127;P;1;10;;697;231;;4;;;1126;1;1;1;1;1;1;;;+11258036;+3792459;0;1
495;5;549;P;1;3;;697;596;;4;;;1126;1;1;1;1;1;1;;;+11259949;+3792410;0;0
495;5;837;P;1;10;;75;73;;4;;;836;1;1;1;1;1;1;;;+11258528;+3786446;0;1
495;5;838;P;1;10;;75;191;;4;;;836;1;1;1;1;1;1;;;+11259052;+3786479;0;1
495;5;839;P;1;10;;75;192;;4;;;836;1;1;1;1;1;1;;;+11261214;+3786521;0;1
495;5;840;P;1;10;;75;230;;4;;;836;1;1;1;1;1;1;;;+11262057;+3786522;0;0
495;5;827;P;1;12;;74;684;;4;;;826;1;1;1;1;1;1;;;+11257460;+3786156;0;1
495;5;828;P;1;12;;74;698;;4;;;826;1;1;1;1;1;1;;;+11257699;+3786162;0;1
495;5;829;P;1;11;;74;190;;4;;;826;1;1;1;1;1;1;;;+11258209;+3786166;0;1
495;5;830;P;1;10;;74;73;;4;;;826;1;1;1;1;1;1;;;+11258543;+3786182;0;1
495;5;1091;P;1;12;;698;50;;4;;;1090;1;1;1;1;1;1;;;+11257707;+3786030;0;1
495;5;1092;P;1;12;;698;74;;4;;;1090;1;1;1;1;1;1;;;+11257699;+3786162;0;1
495;5;592;P;1;12;;684;137;;4;;;591;1;1;1;1;1;1;;;+11257328;+3785840;0;1
495;5;593;P;1;10;;684;50;;4;;;591;1;1;1;1;1;1;;;+11257388;+3786021;0;1
495;5;594;P;1;12;;684;138;;4;;;591;1;1;1;1;1;1;;;+11257391;+3786270;0;1
495;5;1097;P;1;12;;699;50;;4;;;1096;1;1;1;1;1;1;;;+11258208;+3786043;0;1
495;5;1098;P;1;11;;699;74;;4;;;1096;1;1;1;1;1;1;;;+11258209;+3786166;0;1
495;5;596;P;1;12;;138;684;;4;;;595;1;1;1;1;1;1;;;+11257391;+3786270;0;1
495;5;597;P;1;10;;138;139;;4;;;595;1;1;1;1;1;1;;;+11257396;+3786791;0;1
495;5;598;P;1;10;;138;76;;4;;;595;1;1;1;1;1;1;;;+11257410;+3787241;0;1
495;5;599;P;1;10;;138;140;;4;;;595;1;1;1;1;1;1;;;+11257437;+3787793;0;1
495;5;600;P;1;10;;138;141;;4;;;595;1;1;1;1;1;1;;;+11257423;+3788177;0;1
495;5;601;P;1;10;;138;57;;4;;;595;1;1;1;1;1;1;;;+11257347;+3788871;0;1
495;5;602;P;1;10;;138;58;;4;;;595;1;1;1;1;1;1;;;+11257315;+3789390;0;1
495;5;734;P;1;12;;169;168;;4;;;733;1;1;1;1;1;1;;;+11256197;+3781568;0;1
495;5;735;P;1;11;;169;176;;4;;;733;1;1;1;1;1;1;;;+11256488;+3781570;0;1
495;5;736;P;1;11;;169;177;;4;;;733;1;1;1;1;1;1;;;+11256951;+3781579;0;1
495;5;737;P;1;12;;169;134;;4;;;733;1;1;1;1;1;1;;;+11258379;+3781614;0;1
495;5;577;P;1;10;;134;700;;4;;;576;1;1;1;1;1;1;;;+11258475;+3778854;0;1
495;5;578;P;1;10;;134;64;;4;;;576;1;1;1;1;1;1;;;+11258489;+3779369;0;1
495;5;579;P;1;10;;134;48;;4;;;576;1;1;1;1;1;1;;;+11258432;+3780761;0;1
495;5;580;P;1;10;;134;67;;4;;;576;1;1;1;1;1;1;;;+11258367;+3781778;0;1
495;5;623;P;1;10;;129;84;;4;;;622;1;1;1;1;1;1;;;+11258349;+3772985;0;0
495;5;624;P;1;12;;129;146;;4;;;622;1;1;1;1;1;1;;;+11260308;+3772856;0;0
495;5;626;P;1;12;;146;129;;4;;;625;1;1;1;1;1;1;;;+11260308;+3772856;0;0
495;5;627;P;1;12;;146;147;;4;;;625;1;1;1;1;1;1;;;+11262588;+3772776;0;0
495;5;1150;P;1;12;;146;35;;4;;;625;1;1;1;1;1;1;;;+11265238;+3775945;0;0
495;5;907;P;1;12;;203;204;;4;;;906;1;1;1;1;1;1;;;+11255853;+3787810;0;1
495;5;908;P;1;10;;203;107;;4;;;906;1;1;1;1;1;1;;;+11256183;+3787811;0;1
495;5;494;P;1;10;;104;99;;4;;702;;1;1;1;1;1;1;;;+11252968;+3785816;0;1
495;5;495;P;1;11;;104;1370;;4;;702;;1;1;1;1;1;1;;;+11252952;+3786043;1003;1
495;5;1003;P;1;12;;104;199;;4;;1002;;1;1;1;1;1;1;;;+11252824;+3786484;495;1
495;5;1004;P;1;11;;104;219;;4;;1002;;1;1;1;1;1;1;;;+11252751;+3786872;0;1
495;5;1005;P;1;11;;104;162;;4;;1002;;1;1;1;1;1;1;;;+11252641;+3787373;0;1
495;5;648;P;1;11;;116;156;;4;;;647;1;1;1;1;1;1;;;+11250530;+3780951;0;1
495;5;649;P;1;10;;116;12;;4;;;647;1;1;1;1;1;1;;;+11251333;+3780846;0;1
495;5;559;P;1;12;;605;596;;4;;;532;1;1;1;1;1;1;;;+11247670;+3785027;0;1
495;5;560;P;1;10;;605;99;;4;;;532;1;1;1;1;1;1;;;+11247673;+3785704;0;1
495;5;926;P;1;10;;141;138;;4;;;925;1;1;1;1;1;1;;;+11257423;+3788177;0;1
495;5;927;P;1;10;;141;73;;4;;;925;1;1;1;1;1;1;;;+11258416;+3788185;0;1
495;5;1103;P;1;11;;198;227;;4;;;1102;1;1;1;1;1;1;;;+11258221;+3786519;0;1
495;5;1104;P;1;12;;198;139;;4;;;1102;1;1;1;1;1;1;;;+11258191;+3786763;0;1
495;5;1100;P;1;11;;190;74;;4;;;1099;1;1;1;1;1;1;;;+11258209;+3786166;0;1
495;5;1101;P;1;11;;190;227;;4;;;1099;1;1;1;1;1;1;;;+11258221;+3786519;0;1
495;5;607;P;1;10;;42;93;;4;;;606;1;1;1;1;1;1;;;+11255381;+3795083;0;1
495;5;608;P;1;10;;42;51;;4;;;606;1;1;1;1;1;1;;;+11252824;+3798425;0;1
495;5;609;P;1;3;;42;596;;4;;;606;1;1;1;1;1;1;;;+11249374;+3800139;0;0
495;5;610;P;1;10;;42;165;;4;;;606;1;1;1;1;1;1;;;+11247138;+3800300;0;0
495;5;1157;P;1;8;;42;148;;4;;;606;1;1;1;1;1;1;;;+11244463;+3800449;0;0
495;5;611;P;1;11;;42;268;;4;;;606;1;1;1;1;1;1;;;+11244268;+3800941;0;0
495;5;913;P;1;10;;140;624;;4;;;912;1;1;1;1;1;1;;;+11256839;+3787815;0;1
495;5;914;P;1;10;;140;138;;4;;;912;1;1;1;1;1;1;;;+11257437;+3787793;0;1
495;5;963;P;1;12;;164;101;;4;;;962;1;1;1;1;1;1;;;+11250969;+3789271;0;1
495;5;964;P;1;11;;164;200;;4;;;962;1;1;1;1;1;1;;;+11251755;+3789283;0;1
495;5;965;P;1;11;;164;215;;4;;;962;1;1;1;1;1;1;;;+11252236;+3789297;0;1
495;5;966;P;1;11;;164;117;;4;;;962;1;1;1;1;1;1;;;+11253271;+3789315;0;1
495;5;1011;P;1;12;;215;163;;4;;;1010;1;1;1;1;1;1;;;+11252361;+3788755;0;1
495;5;1012;P;1;11;;215;164;;4;;;1010;1;1;1;1;1;1;;;+11252236;+3789297;0;1
495;5;1152;P;1;10;;163;101;;4;;;948;1;1;1;1;1;1;;;+11250991;+3788713;0;1
495;5;950;P;1;10;;163;200;;4;;;948;1;1;1;1;1;1;;;+11251773;+3788732;0;1
495;5;951;P;1;12;;163;215;;4;;;948;1;1;1;1;1;1;;;+11252361;+3788748;0;1
495;5;952;P;1;7;;163;656;;4;;;948;1;1;1;1;1;1;;;+11253465;+3788780;0;1
495;5;953;P;1;12;;163;657;;4;;;948;1;1;1;1;1;1;;;+11254323;+3788803;0;1
495;5;943;P;1;3;;670;596;;4;;;1151;1;1;1;1;1;1;;;+11247297;+3788841;0;1
495;5;944;P;1;10;;670;100;;4;;;1151;1;1;1;1;1;1;;;+11248985;+3788653;0;1
495;5;949;P;1;10;;670;101;;4;;;1151;1;1;1;1;1;1;;;+11250991;+3788713;0;1
495;5;1178;P;1;10;;649;177;;4;;;1177;1;1;1;1;1;1;;;+11256926;+3780109;0;1
495;5;1179;P;1;10;;649;134;;4;;;1177;1;1;1;1;1;1;;;+11258478;+3780090;0;1
495;5;723;P;1;12;;48;148;;4;;;722;1;1;1;1;1;1;;;+11254349;+3780768;0;1
495;5;724;P;1;10;;48;63;;4;;;722;1;1;1;1;1;1;;;+11255256;+3780760;0;1
495;5;725;P;1;10;;48;168;;4;;;722;1;1;1;1;1;1;;;+11256178;+3780765;0;1
495;5;726;P;1;10;;48;176;;4;;;722;1;1;1;1;1;1;;;+11256481;+3780763;0;1
495;5;727;P;1;10;;48;177;;4;;;722;1;1;1;1;1;1;;;+11256928;+3780760;0;1
495;5;728;P;1;10;;48;134;;4;;;722;1;1;1;1;1;1;;;+11258432;+3780761;0;1
495;5;729;P;1;11;;48;35;;4;;;722;1;1;1;1;1;1;;;+11259190;+3780768;0;1
495;5;861;P;1;10;;53;49;;4;;;860;1;1;1;1;1;1;;;+11255128;+3786877;0;1
495;5;862;P;1;12;;53;195;;4;;;860;1;1;1;1;1;1;;;+11255644;+3786847;0;1
495;5;863;P;1;10;;53;107;;4;;;860;1;1;1;1;1;1;;;+11256053;+3786809;0;1
495;5;711;P;1;3;;38;596;;4;;;710;1;1;1;1;1;1;;;+11247906;+3779159;0;1
495;5;712;P;1;10;;38;12;;4;;;710;1;1;1;1;1;1;;;+11249741;+3778929;0;1
495;5;885;P;1;10;;162;101;;4;;;884;1;1;1;1;1;1;;;+11251037;+3787338;0;1
495;5;886;P;1;10;;162;200;;4;;;884;1;1;1;1;1;1;;;+11251816;+3787355;0;1
495;5;1006;P;1;11;;162;104;;4;;;884;1;1;1;1;1;1;;;+11252641;+3787373;0;1
495;5;887;P;1;7;;162;650;;4;;;884;1;1;1;1;1;1;;;+11253393;+3787374;0;1
495;5;888;P;1;12;;162;651;;4;;;884;1;1;1;1;1;1;;;+11254250;+3787371;0;1
495;5;1008;P;1;11;;221;162;;4;;;1007;1;1;1;1;1;1;;;+11252641;+3787373;0;1
495;5;1009;P;1;12;;221;163;;4;;;1007;1;1;1;1;1;1;;;+11252362;+3788742;0;1
495;5;1200;P;1;6;;720;148;;4;;;1199;1;1;1;1;1;1;;;+11253904;+3786030;0;1
495;5;1201;P;1;11;;720;194;;4;;;1199;1;1;1;1;1;1;;;+11254050;+3786036;0;1
495;5;1197;P;1;6;;721;148;;4;;;1196;1;1;1;1;1;1;;;+11253904;+3785648;0;1
495;5;1198;P;1;11;;721;150;;4;;;1196;1;1;1;1;1;1;;;+11254065;+3785652;0;1
495;5;1203;P;1;11;;718;104;;4;;;1202;1;1;1;1;1;1;;;+11252952;+3786043;0;1
495;5;1204;P;1;6;;718;117;;4;;;1202;1;1;1;1;1;1;;;+11253276;+3786047;0;1
495;5;1206;P;1;10;;719;12;;4;;;1205;1;1;1;1;1;1;;;+11252996;+3785564;0;1
495;5;1207;P;1;6;;719;117;;4;;;1205;1;1;1;1;1;1;;;+11253260;+3785577;0;1
495;5;822;P;1;11;;69;684;;4;;;821;1;1;1;1;1;1;;;+11257453;+3785878;0;1
495;5;823;P;1;11;;69;188;;4;;;821;1;1;1;1;1;1;;;+11257714;+3785866;0;1
495;5;824;P;1;11;;69;189;;4;;;821;1;1;1;1;1;1;;;+11258198;+3785859;0;1
495;5;825;P;1;10;;69;68;;4;;;821;1;1;1;1;1;1;;;+11258559;+3785856;0;1
495;5;1068;P;1;10;;217;57;;4;;;1067;1;1;1;1;1;1;;;+11256878;+3788864;0;1
495;5;1069;P;1;10;;217;58;;4;;;1067;1;1;1;1;1;1;;;+11256871;+3789368;0;1
495;5;1131;P;1;12;;219;627;;4;;;996;1;1;1;1;1;1;;;+11251504;+3786916;0;1
495;5;867;P;1;10;;219;200;;4;;;996;1;1;1;1;1;1;;;+11251839;+3786871;0;1
495;5;868;P;1;11;;219;104;;4;;;996;1;1;1;1;1;1;;;+11252751;+3786872;0;1
495;5;876;P;1;12;;199;101;;4;;;875;1;1;1;1;1;1;;;+11251060;+3786955;0;1
495;5;877;P;1;11;;199;200;;4;;;875;1;1;1;1;1;1;;;+11251839;+3786732;0;1
495;5;878;P;1;12;;199;104;;4;;;875;1;1;1;1;1;1;;;+11252824;+3786484;0;1
495;5;879;P;1;12;;199;117;;4;;;875;1;1;1;1;1;1;;;+11253277;+3786365;0;1
495;5;881;P;1;12;;161;101;;4;;;880;1;1;1;1;1;1;;;+11251063;+3786903;0;1
495;5;882;P;1;11;;161;200;;4;;;880;1;1;1;1;1;1;;;+11251845;+3786705;0;1
495;5;883;P;1;12;;161;117;;4;;;880;1;1;1;1;1;1;;;+11253274;+3786323;0;1
495;5;865;P;1;10;;172;107;;4;;;864;1;1;1;1;1;1;;;+11256053;+3786809;0;1
495;5;866;P;1;10;;172;108;;4;;;864;1;1;1;1;1;1;;;+11256764;+3786799;0;1
