CID;TABCD;LCD;CLASS;TCD;STCD;JUNCTIONNUMBER;RNID;N1ID;N2ID;POL_LCD;OTH_LCD;SEG_LCD;ROA_LCD;INPOS;INNEG;OUTPOS;OUTNEG;PRESENTPOS;PRESENTNEG;DIVERSIONPOS;DIVERSIONNEG;XCOORD;YCOORD;INTERRUPTSROAD;URBAN
509;19;52;P;1;1;;5;7;;4;;;51;1;1;1;1;1;1;;;+10668763;+2669267;0;0
509;19;53;P;1;3;;5;14;;4;;;51;1;1;1;1;1;1;;;+10669387;+2672600;0;0
509;19;54;P;1;3;;5;38;;4;;;51;1;1;1;1;1;1;;;+10671105;+2681316;0;0
509;19;55;P;1;1;;5;15;;4;;;51;1;1;1;1;1;1;;;+10670917;+2686066;0;0
509;19;56;P;3;8;;5;16;;4;;;51;1;1;1;1;1;1;;;+10669967;+2689460;0;0
509;19;57;P;1;3;;5;17;;4;;;51;1;1;1;1;1;1;;;+10669453;+2692433;0;0
509;19;58;P;1;3;;5;18;;4;;;51;1;1;1;1;1;1;;;+10670828;+2708800;0;0
509;19;59;P;1;3;;5;19;;4;;;51;1;1;1;1;1;1;;;+10673182;+2718359;0;0
509;19;60;P;3;3;;5;20;;4;;;51;1;1;1;1;1;1;;;+10676659;+2726885;0;0
509;19;12052;P;1;3;;41;10;;6;;;12051;1;1;1;1;1;1;;;+10742703;+2531192;0;0
509;19;12053;P;3;3;;41;43;;6;;;12051;1;1;1;1;1;1;;;+10742979;+2531390;0;0
509;19;12054;P;1;3;;41;44;;6;;;12051;1;1;1;1;1;1;;;+10744133;+2534731;0;0
509;19;12072;P;1;1;;41;56;;6;;;12051;1;1;1;1;1;1;;;+10743198;+2536970;0;0
509;19;12055;P;1;3;;41;57;;6;;;12051;1;1;1;1;1;1;;;+10743578;+2546530;0;0
509;19;12077;P;3;8;;41;68;;6;;;12051;1;1;1;1;1;1;;;+10745821;+2551950;0;0
509;19;12056;P;1;3;;41;45;;6;;;12051;1;1;1;1;1;1;;;+10749019;+2560702;0;0
509;19;12057;P;3;8;;41;46;;6;;;12051;1;1;1;1;1;1;;;+10754090;+2584922;0;0
509;19;12058;P;1;3;;41;47;;6;;;12051;1;1;1;1;1;1;;;+10754532;+2585588;0;0
509;19;12073;P;3;8;;41;58;;6;;;12051;1;1;1;1;1;1;;;+10756064;+2590959;0;0
509;19;12059;P;1;3;;41;48;;6;;;12051;1;1;1;1;1;1;;;+10746144;+2604722;0;0
509;19;12074;P;3;3;;41;59;;6;;;12051;1;1;1;1;1;1;;;+10746829;+2612714;0;0
509;19;12060;P;1;3;;41;49;;6;;;12051;1;1;1;1;1;1;;;+10749422;+2620023;0;0
509;19;12075;P;1;1;;41;60;;6;;;12051;1;1;1;1;1;1;;;+10749278;+2621576;0;0
509;19;12061;P;3;3;;41;50;;6;;;12051;1;1;1;1;1;1;;;+10750512;+2630750;0;0
509;19;12062;P;1;3;;41;51;;6;;;12051;1;1;1;1;1;1;;;+10750509;+2631121;0;0
509;19;12063;P;1;1;;41;52;;6;;;12051;1;1;1;1;1;1;;;+10756400;+2650353;0;0
509;19;12064;P;1;3;;41;53;;6;;;12051;1;1;1;1;1;1;;;+10752159;+2662192;0;0
509;19;12065;P;1;3;;41;54;;6;;;12051;1;1;1;1;1;1;;;+10740812;+2657934;0;0
509;19;12066;P;1;3;;41;12;;6;;;12051;1;1;1;1;1;1;;;+10723822;+2656282;0;0
509;19;12067;P;3;3;;41;11;;6;;;12051;1;1;1;1;1;1;;;+10719507;+2652120;0;0
509;19;12068;P;1;3;;41;55;;6;;;12051;1;1;1;1;1;1;;;+10716251;+2650357;0;0
509;19;12069;P;1;3;;41;9;;6;;;12051;1;1;1;1;1;1;;;+10698865;+2645869;0;0
509;19;12070;P;3;3;;41;8;;6;;;12051;1;1;1;1;1;1;;;+10698790;+2646287;0;0
509;19;12076;P;3;3;;41;61;;6;;;12051;1;1;1;1;1;1;;;+10681410;+2650190;0;0
509;19;12071;P;1;1;;41;7;;6;;;12051;1;1;1;1;1;1;;;+10681044;+2650987;0;0
509;19;6052;P;3;3;;22;20;;5;;;6051;1;1;1;1;1;1;;;+10676659;+2726885;0;0
509;19;6053;P;1;3;;22;62;;5;;;6051;1;1;1;1;1;1;;;+10677557;+2728436;0;0
509;19;6054;P;1;3;;22;23;;5;;;6051;1;1;1;1;1;1;;;+10677540;+2741879;0;0
509;19;6055;P;1;3;;22;63;;5;;;6051;1;1;1;1;1;1;;;+10684303;+2753830;0;0
509;19;6056;P;3;3;;22;64;;5;;;6051;1;1;1;1;1;1;;;+10684755;+2754837;0;0
509;19;6057;P;1;3;;22;65;;5;;;6051;1;1;1;1;1;1;;;+10686311;+2757658;0;0
509;19;6071;P;1;1;;22;69;;5;;;6051;1;1;1;1;1;1;;;+10687374;+2759788;0;0
509;19;6058;P;1;3;;22;27;;5;;;6051;1;1;1;1;1;1;;;+10688540;+2763165;0;0
509;19;6059;P;3;3;;22;28;;5;;;6051;1;1;1;1;1;1;;;+10688171;+2765248;0;0
509;19;6060;P;1;3;;22;66;;5;;;6051;1;1;1;1;1;1;;;+10689742;+2771248;0;0
509;19;6061;P;1;3;;22;30;;5;;;6051;1;1;1;1;1;1;;;+10691712;+2775147;0;0
509;19;6062;P;3;8;;22;31;;5;;;6051;1;1;1;1;1;1;;;+10691971;+2780566;0;0
509;19;6063;P;1;3;;22;32;;5;;;6051;1;1;1;1;1;1;;;+10690672;+2792455;0;0
509;19;6064;P;3;3;;22;33;;5;;;6051;1;1;1;1;1;1;;;+10683171;+2810254;0;0
509;19;6065;P;1;3;;22;34;;5;;;6051;1;1;1;1;1;1;;;+10682890;+2811037;0;0
509;19;6066;P;1;3;;22;35;;5;;;6051;1;1;1;1;1;1;;;+10683576;+2819243;0;0
509;19;6067;P;3;8;;22;36;;5;;;6051;1;1;1;1;1;1;;;+10683948;+2823600;0;0
509;19;6068;P;1;3;;22;37;;5;;;6051;1;1;1;1;1;1;;;+10685649;+2838217;0;0
509;19;6069;P;1;3;;22;38;;5;;;6051;1;1;1;1;1;1;;;+10683252;+2848793;0;0
509;19;6070;P;3;3;;22;67;;5;;;6051;1;1;1;1;1;1;;;+10684081;+2850023;0;0
